12.43824
24.87647
37.55125
48.19995
52.05732
60.58654
73.30675
74.11449
75.55117
83.77597
12.43824
25.60683
38.42960
42.54638
50.34473
63.19246
67.69294
70.39475
71.77127
75.27105
12.43824
24.96277
37.42599
48.93258
51.05242
56.75738
65.55443
75.46594
78.57001
79.73775
12.43824
24.87647
36.95264
39.35204
43.96528
55.68706
58.07215
59.17375
64.95209
71.44648
12.43824
14.83460
27.27450
39.99277
52.69716
63.91694
66.25268
68.42205
71.10834
75.01433
12.43824
24.87647
36.33410
38.25040
42.39476
44.19488
55.16692
61.21084
62.86985
63.37502
12.43824
25.58392
38.40762
51.32015
52.90505
53.81626
58.12498
60.70048
60.74140
62.77584
12.43824
25.45996
31.07226
43.51049
57.02469
61.54337
63.34497
75.94093
77.16569
80.24464
12.43824
24.87647
27.22877
40.87510
43.84886
54.58044
55.57278
58.73118
69.04271
69.07292
12.43824
13.15991
19.36131
19.67941
32.11764
41.02500
48.94212
57.20577
70.96045
72.05898
12.43824
24.87647
36.48010
47.95822
47.99741
55.30388
57.89027
68.13086
68.84912
70.64848
12.43824
25.27864
29.26840
42.11020
49.62183
53.71230
64.13346
64.14815
71.74643
77.48440
12.43824
25.62355
38.34441
52.15919
57.91472
65.04195
67.86555
73.19847
73.60239
80.40583
12.43824
24.87647
25.72208
27.90728
39.90194
52.99476
59.78402
67.13578
70.64734
79.56328
12.43824
16.20265
28.64088
42.53976
51.49851
55.90674
57.08417
62.81691
63.35220
70.22570
12.43824
24.87647
27.26828
35.45963
38.69491
48.32085
49.07313
49.08873
59.13072
59.55427
12.43824
24.59915
37.03738
44.93826
58.86209
66.75521
76.01362
82.85034
83.96107
85.39604
12.43824
25.55008
30.93808
32.91565
37.43190
48.53984
55.92958
61.18997
67.47415
68.63114
12.43824
24.87647
38.05946
51.24092
62.34817
65.15615
72.71491
78.67065
81.90369
84.81031
12.43824
18.92881
26.88407
39.32231
53.09001
56.91008
70.77707
73.45652
77.01465
81.88763
12.43824
24.87647
31.34606
44.85253
52.30301
64.06223
64.10205
72.28667
72.62407
73.71998
12.43824
23.47094
24.52743
25.32205
37.76029
40.14642
53.68730
60.67211
66.87963
68.16210
12.43824
25.34009
34.72744
37.61645
44.47160
57.55243
69.76583
71.73874
75.54892
76.05718
12.43824
25.01760
36.71335
49.55983
50.83281
52.16345
57.50285
62.41378
70.59109
82.98670
12.43824
21.21420
34.27449
47.38913
55.24725
60.24729
66.74690
68.45446
68.48038
78.76382
12.43824
24.87647
37.38527
37.64100
50.32918
60.40202
61.81284
66.17443
74.45093
76.67981
12.43824
21.84744
34.39735
42.60428
55.11854
67.72700
69.67493
69.95450
73.83164
81.83960
12.43824
25.09086
38.10839
51.16642
51.64908
57.11025
57.87452
58.37974
65.58158
66.19192
12.43824
25.25924
38.04946
41.31303
52.17462
52.35391
54.73133
68.30335
69.01363
70.64514
12.43824
23.00192
36.18787
37.60656
40.15506
53.11405
63.03103
64.80482
66.09890
68.80284
12.43824
24.87647
38.51794
41.67322
55.42140
64.80811
72.68692
73.55920
76.39442
76.64893
12.43824
19.71928
32.54478
45.55960
55.15950
58.20361
59.80796
73.30242
78.24398
79.72094
12.43824
24.89935
35.20914
48.17826
58.17279
65.51876
74.94489
76.38133
77.67257
79.99933
12.43824
25.49235
27.91119
30.58651
43.62428
54.95351
58.85943
60.95899
60.97122
62.16910
12.43824
24.28659
30.43155
32.73754
35.61630
48.05454
48.83375
56.89606
57.73467
-1.00000
12.43824
24.87647
36.61150
44.55776
53.76914
55.59477
60.28838
60.91310
65.86940
66.01500
12.43824
17.12585
29.82472
42.99619
45.01014
47.35617
56.42519
59.46768
59.72818
65.22740
12.43824
24.87647
37.60790
41.44509
51.13856
54.38252
65.90789
66.31409
71.12193
74.91917
12.43824
25.62091
37.50635
44.56184
57.21904
68.49198
69.90941
70.91535
72.04702
78.56656
12.43824
25.10403
37.54227
50.49508
55.08780
65.17313
65.79092
74.73075
78.85848
83.07246
12.43824
24.87647
35.40868
46.98100
-1.00000
-1.00000
-1.00000
-1.00000
-1.00000
-1.00000
12.43824
14.16650
26.60473
29.65827
39.35254
52.43797
53.61005
53.82244
57.85773
62.56775
12.43824
24.87647
33.78754
44.46616
57.36199
61.61775
72.76224
82.16238
82.54146
83.54833
12.43824
25.54483
38.72870
49.53275
51.53671
57.65576
58.46836
67.62200
68.26329
68.93619
12.43824
25.52082
30.38860
43.09552
54.61456
57.11699
57.33807
59.78875
61.75622
63.32409
12.43824
24.87647
31.35515
36.99354
49.41086
61.76172
62.11376
69.66896
78.14707
78.16178
12.43824
13.84034
15.85978
28.29947
29.60839
42.07817
48.11611
60.61926
60.62580
73.09763
12.43824
24.87647
34.22244
35.07848
48.27997
53.40709
55.47324
57.10636
63.20441
63.29723
12.43824
25.16536
25.34243
36.71403
42.17129
54.39337
54.96500
56.23304
56.40327
56.65463
12.43824
25.62428
38.69225
45.25615
47.98193
53.43234
57.38567
64.30732
64.91271
71.99295
12.43824
24.87647
27.91972
40.79567
50.54695
53.45293
63.60175
67.74424
68.96066
71.05497
12.43824
16.82915
29.26739
32.16741
39.77198
48.52196
59.66264
70.89424
72.51137
83.19292
12.43824
24.87647
30.82929
44.59020
45.17177
57.94801
66.81190
77.05383
77.11072
80.28272
12.43824
24.39365
36.83189
39.97564
48.58622
50.49392
50.92802
51.03596
59.51759
71.89839
12.43824
25.50914
33.92791
41.79222
54.33460
62.47121
62.57096
75.04941
75.21292
83.23510
12.43824
24.88609
37.92392
40.47343
40.49342
49.62245
52.46227
53.10215
53.50791
53.87231
12.43824
19.46702
29.82189
42.99299
55.60647
59.80963
69.18456
69.55224
78.07484
79.15545
12.43824
24.87647
34.50576
42.74887
49.65054
50.92829
63.16247
72.60208
83.29620
89.88052
12.43824
23.16047
25.64576
38.11219
38.68405
51.64149
52.95225
57.67708
57.73935
71.19464
12.43824
25.28583
31.37457
38.52513
51.61385
60.05516
70.37281
70.65675
70.67187
79.15039
12.43824
25.06619
36.60072
40.00346
50.68721
63.24601
76.57115
80.24689
81.31689
82.35521
12.43824
21.64700
34.82350
43.81200
49.27214
55.10797
66.69219
68.78930
69.69532
69.74850
12.43824
24.87647
38.25244
50.41360
54.44907
65.40156
67.39990
69.62118
80.18313
80.25097
12.43824
21.42627
34.27489
44.81703
46.62167
47.14695
47.78921
61.18853
63.80045
65.61750
12.43824
25.03656
38.22216
48.95458
55.25760
66.96041
68.79216
69.52070
72.25353
84.16724
12.43824
25.30948
38.39156
47.99780
53.66058
66.90897
70.96618
74.13815
75.07029
75.31045
12.43824
23.32387
36.38726
38.71110
51.81861
58.51602
62.64841
75.37366
77.61106
86.85806
12.43824
24.87647
38.30937
49.62154
53.60006
61.18322
74.75055
76.24457
76.76878
81.52230
12.43824
19.23655
32.42123
39.84993
51.49277
55.42984
55.54084
67.93155
78.15988
79.52093
12.43824
24.87892
37.21947
47.50402
48.89660
57.42717
62.26736
64.83800
78.18084
78.89823
12.43824
25.53270
32.06632
43.46689
48.31933
48.93352
62.00178
66.96890
72.05059
78.51852
12.43824
24.51969
26.47200
39.63081
52.81112
60.23965
67.37418
71.30344
75.25477
86.92405
12.43824
24.87647
34.18105
35.04995
45.54481
58.95114
67.03405
73.19182
73.70740
79.52023
12.43824
16.50734
28.14349
36.60154
47.57665
60.04246
60.85987
64.73438
64.77968
66.71292
12.43824
24.87647
37.94861
49.58330
51.21700
57.27801
57.28596
64.49841
72.78464
73.70139
12.43824
25.62528
35.81768
48.86514
55.73809
56.23809
61.80909
73.98766
81.89476
84.38163
12.43824
25.22621
37.66445
40.21063
51.59348
52.06428
60.03267
64.76532
72.33726
73.27421
12.43824
24.87647
33.08014
44.83396
46.95404
58.21378
68.61122
70.86920
83.86634
86.85236
12.43824
13.48932
25.92756
36.31676
49.53183
60.31136
68.72135
78.75523
79.54438
-1.00000
12.43824
24.87647
30.56606
34.51062
46.13724
52.75538
56.22431
67.13424
68.36747
69.78854
12.43824
25.49130
38.52470
45.72092
50.22753
62.08941
73.51849
80.45344
82.36175
83.06804
12.43824
25.56996
28.02689
39.76811
40.42925
53.61343
60.48722
62.44206
69.96715
70.29315
12.43824
24.87647
34.54539
44.33142
52.43643
52.51011
53.77493
54.80559
64.38372
64.38657
12.43824
14.51293
15.00448
27.46933
39.93347
45.80851
50.25763
60.07955
68.22234
71.14435
12.43824
24.87647
30.90862
41.51113
49.70813
62.27706
67.69240
76.56298
78.10084
79.23175
12.43824
25.04519
27.62810
28.75223
41.26387
54.19707
64.25081
65.80952
67.64698
68.72626
12.43824
25.61478
38.78818
46.37896
47.28347
60.72316
64.91088
76.16043
76.87120
81.53685
12.43824
24.87647
31.67396
44.39688
55.10855
55.23533
58.76535
66.60189
73.53143
74.20117
12.43824
17.43855
29.87678
42.37391
47.96862
60.67058
71.76836
72.30985
72.36389
80.71360
12.43824
24.87647
33.73640
41.07201
42.79182
43.48339
51.74874
61.58537
73.63494
74.37351
12.43824
24.16618
36.60442
45.17160
55.33368
67.93291
69.16718
73.65954
85.06042
85.32822
12.43824
25.46572
36.14969
43.26224
52.65653
54.53964
66.38621
79.56999
79.90224
80.32413
12.43824
24.91173
37.59497
46.77885
53.31287
66.44494
67.22427
71.24197
71.53968
78.17707
12.43824
19.98350
31.95122
34.61328
40.87563
53.43279
54.91666
54.93396
64.16093
71.73336
12.43824
24.87647
36.64247
44.81354
55.10192
65.35782
65.50064
67.73882
78.85682
82.26309
12.43824
22.82606
29.45998
41.99140
51.17183
52.84779
59.17278
61.13939
68.01348
68.11977
12.43824
25.23071
27.11592
40.15537
45.67928
50.03528
59.05043
61.57024
62.91536
66.10878
12.43824
25.11791
34.82538
37.21280
44.22639
57.37656
61.19436
71.00645
74.28038
84.23038
12.43824
22.05567
34.79000
35.98699
45.94652
58.88711
61.86694
64.36886
68.95260
82.51134
12.43824
24.87647
38.68658
51.87833
56.93927
61.58147
68.00464
68.54627
69.64263
71.62128
