12.43824
24.87647
37.31471
49.75295
62.92295
75.60056
88.03879
100.47703
107.97132
120.99993
12.43824
24.87647
37.31471
49.78483
62.22306
75.28958
88.16931
101.34555
113.78379
120.86688
12.43824
24.87647
37.31471
49.75295
62.19118
74.62942
87.71389
100.15213
113.21166
126.70332
12.43824
24.87647
37.31471
50.31948
62.75772
75.94424
86.44808
93.91459
106.03728
116.45206
12.43824
23.15599
35.59423
48.03247
60.47070
73.61322
86.63141
98.82252
111.26075
123.70393
12.43824
24.87647
37.31471
50.42876
62.86699
75.30523
87.74347
100.18170
112.72052
126.59520
12.43824
24.87647
37.31471
49.75295
59.62136
72.05960
84.49784
96.43283
109.56172
122.60670
12.43824
24.87647
37.31471
49.75295
62.19118
74.62942
87.22102
99.65926
113.41064
125.84888
12.43824
24.87647
37.31471
49.75295
60.46152
72.89975
83.28937
93.25569
105.69393
118.04646
12.43824
25.54794
37.21923
49.33323
61.77147
74.20970
86.80809
99.28611
111.72435
121.00889
12.43824
24.87647
37.31471
48.45280
52.25683
64.69507
77.99627
90.43450
96.51248
108.18546
12.43824
24.87647
37.31471
49.75295
62.19118
75.32248
87.76072
98.43577
110.87400
123.95577
12.43824
24.87647
37.31471
49.75295
62.70014
75.84374
88.68985
101.22964
114.63846
127.87320
12.43824
24.87647
27.06337
39.64127
52.07951
64.51774
77.19162
89.62986
102.06810
114.50633
12.43824
21.26405
33.70228
46.14052
58.57876
68.19304
71.35385
84.31331
96.75155
107.36098
12.43824
24.87647
37.52907
49.96730
63.02093
75.45916
88.10006
91.51176
103.94999
115.03422
12.43824
24.87647
37.31471
49.75295
62.19118
74.62942
87.06765
99.50589
106.46545
118.90369
12.43824
24.87647
37.41520
44.48596
57.54803
69.98627
81.60896
94.05704
106.49528
119.00102
12.43824
24.87647
37.31471
50.16133
62.59956
75.61812
88.05636
101.24194
114.43363
123.46568
12.43824
25.39621
38.31462
50.75286
63.19109
75.20713
87.64537
96.92271
109.36094
122.13595
12.43824
24.87647
37.84870
50.28694
-1.00000
-1.00000
-1.00000
-1.00000
-1.00000
-1.00000
12.43824
24.87647
37.31471
46.66948
59.10771
67.27934
79.71758
91.43262
103.87085
116.30909
12.43824
24.87647
37.51085
51.26435
64.10824
77.43144
90.18960
102.64232
111.90870
114.37104
12.43824
24.87647
37.31471
49.75295
62.93248
72.05259
84.86789
97.30612
109.74436
122.18259
12.43824
25.30428
37.74252
50.18076
63.28436
75.73442
88.17265
101.57889
102.30374
114.74197
12.43824
24.87647
37.31471
44.13507
56.57331
69.01155
82.11628
95.29587
108.39019
121.46025
12.43824
25.35151
37.78974
50.22798
62.66622
75.10445
84.27499
97.58857
110.02681
122.46504
12.43824
23.68625
36.12449
48.56273
61.00096
74.16267
81.34384
85.05268
97.49101
98.33742
12.43824
24.87647
37.31471
49.75295
62.19118
71.94355
85.12213
97.56037
111.27914
117.31421
12.43824
25.01132
37.44955
50.16096
59.65053
72.08877
84.52700
98.07643
111.20159
123.77338
12.43824
24.87647
37.31471
50.16121
62.59945
76.32357
89.20278
101.64102
114.07926
125.97018
12.43824
25.12759
37.56583
50.00406
62.44230
71.12612
78.43622
90.87446
104.01111
116.11124
12.43824
24.87647
37.63723
50.07546
62.51370
74.95193
87.39183
98.92096
111.35919
123.79743
12.43824
24.87647
37.31471
48.56799
61.00623
73.49248
86.03104
99.16356
106.04528
119.00925
12.43824
24.87647
38.06222
46.12573
58.56396
71.00220
84.38117
97.56005
111.09774
114.32979
12.43824
24.87647
37.31471
49.91989
62.35813
75.23985
87.67809
100.97775
112.80918
125.62059
12.43824
25.46424
37.90248
50.34072
62.92850
74.57622
87.01446
99.45269
107.19078
120.19021
12.43824
24.87647
37.31471
49.75295
62.19118
74.03424
86.47247
98.75170
111.18994
123.62817
12.43824
24.87647
37.40591
50.63242
63.07066
75.75684
88.19508
101.56803
111.56596
124.04720
12.43824
24.87647
37.31471
49.75295
62.48368
74.92192
87.97403
97.41162
111.16324
123.60147
12.43824
24.87647
37.31471
49.93995
61.57008
74.00832
86.44655
97.90721
110.14910
122.58734
12.43824
25.62320
38.06143
48.20397
60.51242
72.95066
86.09272
90.50098
102.93921
115.37745
12.43824
24.87647
37.31471
49.75295
62.19118
74.71430
87.15254
99.59078
112.77267
124.76982
12.43824
24.87647
37.31471
49.75295
62.55173
74.98997
87.42821
99.86644
106.88202
116.04620
12.43824
24.87647
37.59962
50.26718
62.70541
73.64240
79.85485
92.29308
100.27799
106.02773
12.43824
24.87647
37.31471
50.00113
63.01706
75.45530
87.89354
94.74648
107.64293
120.08117
12.43824
25.31949
33.10987
45.54810
50.57615
63.01439
76.15686
88.59509
101.74292
114.18116
12.43824
24.87647
37.31471
47.34865
59.78689
72.97009
85.83263
95.77196
108.74423
121.18247
12.43824
24.87647
26.47313
38.91136
51.34960
63.78784
72.06166
85.34170
92.91451
104.55739
12.43824
24.87647
37.31471
50.46158
62.51246
75.60042
88.03866
100.64329
112.95452
125.39276
12.43824
24.87647
35.95969
48.39792
60.83616
73.27440
85.71263
98.86085
112.00408
125.18624
12.43824
25.62233
38.06057
50.54585
62.98408
75.42232
87.86056
100.94437
113.38260
125.82084
12.43824
24.87647
37.31471
49.75295
63.02799
75.46623
87.90446
100.34270
113.10443
126.25533
12.43824
24.87647
37.31471
49.75295
62.24157
74.67981
88.09536
97.23370
109.67194
122.11017
12.43824
24.87647
34.89422
47.33245
59.77069
72.20893
85.30177
97.74001
110.34743
120.14422
12.43824
24.87647
37.31471
49.75295
63.57957
76.01780
84.84078
93.65846
106.81154
117.10211
12.43824
24.87647
37.31471
49.75295
62.19118
74.62942
87.81551
100.92054
113.35878
126.49534
12.43824
24.87647
37.99987
50.43811
62.87634
75.31458
87.75282
100.19105
111.69610
124.13434
12.43824
24.87647
29.68920
42.12743
44.39852
57.28884
66.46123
78.89947
85.31940
98.53479
12.43824
24.87647
36.58487
49.75868
62.19692
71.25677
84.22622
87.46308
94.25173
106.56392
12.43824
24.87647
37.31471
50.39505
62.83328
75.32863
87.76686
100.20510
105.91666
118.35490
12.43824
25.61651
38.05475
50.49299
62.93122
75.84069
88.27892
94.48962
106.92785
111.77092
12.43824
24.87647
37.31471
49.75295
62.51468
74.95292
88.04498
100.52523
113.03029
125.99017
12.43824
24.87647
37.31471
49.77004
62.20827
73.68163
87.51719
99.95543
112.92079
125.35903
12.43824
24.87647
37.31471
51.14037
63.57861
76.01685
89.28624
102.40396
113.41792
125.85616
12.43824
24.87647
37.31471
49.75295
62.44701
74.88524
87.97454
98.87524
111.27676
112.79296
12.43824
24.87647
37.31471
44.26662
56.70485
69.14309
79.58481
92.02305
104.82973
117.26796
12.43824
24.87647
37.31471
49.75295
63.03739
75.47563
87.91386
101.09764
108.69077
122.28392
12.43824
24.87647
37.31471
50.05526
62.02954
75.21250
83.57389
96.01212
108.45036
119.68226
12.43824
24.87647
37.31471
49.75295
62.64581
75.08405
88.11748
100.68339
113.12162
126.61967
12.43824
24.87647
37.15511
49.59335
62.03158
69.05236
81.49059
92.36878
105.15502
118.07665
12.43824
24.87647
37.31471
49.75295
62.19118
74.62942
87.48548
99.92372
113.09377
125.53200
12.43824
24.87647
37.31471
49.67768
62.67547
75.11371
87.73510
100.22206
105.55490
118.71014
12.43824
25.53943
37.97767
50.41590
62.85414
75.40325
89.19570
101.63393
106.74140
119.69500
12.43824
24.87647
37.31471
49.75295
60.59281
73.58107
78.38943
91.68992
104.12816
115.55561
12.43824
24.87647
37.31471
49.75295
62.59451
75.63993
88.07817
100.51641
112.95464
125.72059
12.43824
24.87647
37.31471
43.70146
56.13969
68.63947
81.82652
94.26476
107.28797
117.91581
12.43824
24.87647
37.88427
50.32251
53.46142
65.89966
78.53255
90.16148
103.28953
113.57371
12.43824
24.42103
36.85926
49.29750
61.73573
74.17397
86.61221
99.05044
107.10650
120.10773
12.43824
24.87647
37.31471
50.49821
62.93645
75.78757
88.22581
100.66404
104.12106
110.49082
12.43824
24.87647
37.31471
49.75295
62.19118
74.62942
87.06765
100.22757
112.66580
121.45644
12.43824
24.87647
37.31471
49.97528
62.75434
75.19257
87.80114
100.82128
113.25951
124.17455
12.43824
24.87647
37.75168
50.39691
63.82421
76.26245
90.16383
103.74042
112.25359
119.52734
12.43824
24.87830
32.42822
44.86645
57.34871
70.05907
83.61939
96.05763
108.49586
120.93410
12.43824
24.87647
37.31471
50.47700
62.91524
75.35348
87.79171
100.25935
112.69758
125.62632
12.43824
24.87647
38.02296
44.94749
57.38572
69.82396
82.26220
93.86243
107.41213
120.03186
12.43824
24.87647
37.31471
49.75295
62.19118
74.62942
87.77414
100.74103
105.69599
118.45272
12.43824
24.87647
37.31471
49.75295
62.19118
64.96928
78.11528
91.24418
103.68242
116.70603
12.43824
24.92812
37.36635
49.80459
62.24283
74.68106
87.11930
100.39762
104.62988
117.06811
12.43824
24.87647
37.31471
49.75295
62.19118
70.30288
82.74112
94.38243
105.73259
118.60438
12.43824
24.87647
37.31471
49.75295
62.19118
74.62942
87.81299
100.25123
112.68947
123.39233
12.43824
24.87647
37.31471
49.75295
62.79728
76.45636
88.89460
101.33284
114.31662
127.15342
12.43824
24.87647
37.31471
50.09788
62.56143
74.99967
87.43791
99.87614
108.39125
121.32903
12.43824
25.49718
37.93542
50.37366
62.81189
75.25013
86.68768
94.94166
107.37989
118.89483
12.43824
24.87647
37.31471
49.75295
62.19118
74.62942
75.84886
89.03482
102.28383
114.83903
12.43824
24.87647
37.31471
49.75295
62.19118
74.64840
87.82636
100.59559
113.37736
121.46587
12.43824
24.87647
36.76501
49.20325
61.31152
73.74975
86.88008
100.16123
113.67249
126.34520
12.43824
24.87647
38.03812
44.80886
49.30805
61.74629
74.86988
87.63504
97.57864
110.84393
12.43824
24.87647
37.31471
49.75295
62.42607
74.86430
83.51221
95.95045
108.71623
121.15446
12.43824
24.87647
37.31471
49.75295
60.29290
71.84554
84.52349
96.96173
109.39996
120.64681
