12.43824
24.87647
38.50085
50.89203
63.19116
76.29827
88.73651
100.37258
104.87050
117.39252
12.43824
24.87647
37.31471
50.13356
62.57180
75.70965
82.64569
94.15375
105.91354
119.05755
12.43824
24.87647
37.31471
49.91069
54.43462
66.17099
78.60923
81.12590
94.28326
97.26812
12.43824
24.87647
37.31471
50.48910
59.39529
73.31151
86.46820
87.74889
100.18712
113.75412
12.43824
23.90777
36.34601
48.78425
61.22248
73.66072
83.23932
96.49544
110.47772
117.88546
12.43824
24.87647
34.81531
36.89190
43.19567
45.72008
58.15831
58.30543
71.21301
82.44344
12.43824
24.87647
37.85576
50.95205
63.27177
72.19739
85.20891
97.38064
99.68509
102.36360
12.43824
24.87647
35.34940
47.78763
60.04063
73.33540
85.39337
97.03237
109.53198
116.48608
12.43824
24.87647
38.11011
51.25748
-1.00000
-1.00000
-1.00000
-1.00000
-1.00000
-1.00000
12.43824
25.60846
32.29600
33.09929
45.63165
57.55778
60.39139
72.82963
85.26786
87.03804
12.43824
24.87647
36.49484
48.77605
61.21429
73.15592
85.85008
96.23093
97.98502
103.17225
12.43824
25.27950
36.61829
48.86959
61.61862
74.24182
86.68006
98.01971
103.93655
108.18972
12.43824
24.87647
37.31471
49.75295
61.42854
74.56717
75.19913
88.21165
99.26644
111.61274
12.43824
24.87647
32.79587
38.38438
51.11240
64.53653
77.00656
87.89735
91.82288
104.93465
12.43824
20.61556
33.05380
45.49203
58.38850
66.88873
74.80073
88.55619
95.27176
108.36517
12.43824
18.80541
31.43462
44.48633
54.66035
67.61084
74.56408
78.75418
91.75884
101.24695
12.43824
24.87647
37.86882
50.35900
64.12617
71.53794
84.07285
95.00859
108.45232
110.55760
12.43824
24.92654
33.20204
40.47394
49.64225
62.30968
72.87788
85.21318
93.88908
104.23229
12.43824
25.20797
38.13775
51.22609
57.89483
70.33307
82.77130
94.01761
106.18119
115.31513
12.43824
25.15608
37.59432
41.76359
51.26230
64.48044
76.91867
85.27656
89.80817
97.49268
12.43824
24.87647
38.04278
50.48102
63.00386
73.70613
80.37380
90.66253
97.21038
110.51030
12.43824
22.33240
33.55211
36.70404
49.14228
54.68063
65.55404
74.32642
86.76465
99.65657
12.43824
25.03300
36.16136
42.08983
47.76717
55.46213
68.75799
81.19623
93.71946
94.54470
12.43824
24.87647
38.02794
50.46618
63.62169
72.51600
84.71691
98.64092
111.07916
124.22236
12.43824
22.87419
35.31243
47.75067
60.18890
66.50366
79.66451
92.15943
99.12594
112.20052
12.43824
24.87647
37.80414
47.02035
59.74137
72.17961
82.29885
94.57861
104.11941
116.54758
12.43824
25.45121
38.61295
51.46226
64.16637
76.41747
81.62428
94.20909
98.65393
111.72085
12.43824
24.87647
38.02698
50.91922
63.48014
75.97329
86.77326
92.29638
105.47161
107.91281
12.43824
24.87647
35.50969
47.94792
60.41978
67.42209
80.98037
93.41860
103.13441
112.13126
12.43824
25.27115
37.70938
44.33248
54.99993
67.43817
80.62576
87.42108
101.63327
113.05528
12.43824
24.87647
37.31471
49.79338
62.95177
75.39001
89.69255
100.20014
113.23817
121.99802
12.43824
24.87647
38.02834
50.46657
62.45507
73.12088
83.03541
94.39881
101.94073
115.04651
12.43824
24.90517
35.75997
48.25196
51.69061
65.04931
77.48754
89.82954
102.26778
107.69576
12.43824
24.87647
32.12842
45.27406
58.37166
70.12127
80.99900
91.55810
104.64180
107.61983
12.43824
25.53770
35.33186
41.70072
48.77493
61.21317
67.06558
79.79475
80.13143
92.61597
12.43824
24.87647
38.06068
47.16602
53.01513
65.66975
73.71912
76.37304
89.36875
90.39827
12.43824
25.19300
37.63124
50.06947
55.12946
67.33036
80.59729
90.26193
99.94547
112.38388
12.43824
24.87647
37.31471
50.38717
63.55502
75.99326
89.67653
99.26763
111.22584
116.27545
12.43824
24.87647
37.31471
50.50176
62.93999
75.37823
87.73027
93.51019
97.13044
108.63622
12.43824
24.87647
37.31471
49.60087
60.51792
73.44069
74.72569
87.51783
95.75220
106.54763
12.43824
24.87647
37.31471
50.43294
63.51351
76.48962
88.92786
98.03554
112.16946
123.69140
12.43824
25.52539
37.96363
45.48072
58.99606
71.43430
77.96252
90.96501
104.49359
115.37823
12.43824
25.57127
37.98727
45.87752
58.31575
66.54872
79.81177
93.80815
103.03167
110.41464
12.43824
24.87647
31.65695
44.77227
48.60154
62.26810
67.27500
81.24330
92.88552
105.32376
12.43824
24.87647
38.02491
50.46314
63.42360
76.03961
79.69639
92.13463
96.49102
106.46604
12.43824
24.87647
37.62544
49.70831
62.23901
74.67725
87.64109
96.50418
109.22036
118.46764
12.43824
22.51701
25.44510
38.07388
50.94422
64.12055
77.23566
88.14214
88.29340
100.73163
12.43824
24.87647
36.78924
46.39830
58.83653
72.67632
84.47312
88.58327
97.52192
109.96016
12.43824
24.87647
37.27601
48.56501
58.09135
69.55810
82.30153
89.01831
90.21486
102.65310
12.43824
24.95074
37.62530
50.06354
60.03282
70.55743
83.74314
92.45191
103.26312
115.89273
12.43824
24.87647
37.85232
50.29055
62.79010
70.04881
82.48704
96.92064
105.38723
118.24946
12.43824
24.87647
37.31471
47.25342
59.69166
72.77714
85.21537
98.19612
105.13903
118.26366
12.43824
24.87647
32.09933
45.39083
57.82907
70.26730
83.73490
97.31171
105.72655
118.61308
12.43824
23.76986
36.20810
49.31966
61.75790
73.35952
75.50951
83.74723
97.13381
110.63817
12.43824
24.87647
37.31471
50.50133
62.94109
71.27127
85.44286
97.88110
103.29269
115.73093
12.43824
24.87647
37.31471
47.13720
56.15519
68.79707
78.71952
88.52258
99.61121
111.95154
12.43824
24.87647
37.31471
49.75295
62.19118
76.14608
88.59586
92.96325
106.37886
112.00526
12.43824
24.87647
36.98899
50.08437
63.66326
66.09906
78.53729
86.82661
98.94447
111.80859
12.43824
25.62087
29.71210
42.15034
51.86441
59.84029
71.98719
84.78866
90.50623
103.67370
12.43824
25.55376
38.69973
51.11721
63.56229
72.66416
84.96345
93.80755
100.68915
111.05896
12.43824
24.87647
38.77019
49.46436
61.92014
74.35837
86.79661
91.93151
101.47336
102.60891
12.43824
24.87647
37.31471
50.41639
61.07137
73.81682
86.25505
99.42662
108.48780
117.55950
12.43824
24.87647
37.93868
50.37692
58.42356
71.65373
84.23394
97.15537
100.77112
114.82512
12.43824
24.87647
37.31471
39.53590
47.28835
59.74318
72.19220
84.63043
97.81696
110.25519
12.43824
25.47984
37.98607
50.42431
60.60026
73.03850
80.48259
90.61471
103.86490
117.38103
12.43824
24.87647
37.31471
49.92411
58.90145
72.71203
82.01077
94.44901
101.77263
106.60710
12.43824
25.36758
37.80582
49.99881
62.00573
68.41332
81.40837
93.84661
99.15875
112.55715
12.43824
24.87647
37.31471
50.28165
63.01005
73.41397
86.83221
95.07721
97.05002
103.94182
12.43824
24.78299
37.22123
50.04802
62.48626
74.92449
81.06885
85.41780
99.27532
106.34236
12.43824
24.87647
37.31471
50.74530
60.31417
73.41508
86.41196
97.87834
110.58406
116.87849
12.43824
24.87647
36.88819
37.17271
51.07561
57.60058
70.03881
79.01172
80.42129
87.33898
12.43824
25.61968
34.41742
45.27088
58.44402
65.91615
69.90626
78.21659
91.17942
104.19059
12.43824
24.87647
37.86516
48.54672
60.98496
70.31460
81.01788
85.81523
94.39931
107.19154
12.43824
24.05548
37.21911
50.65866
62.42083
75.59834
85.36226
97.84213
106.43741
118.87565
12.43824
24.87647
37.31471
50.39625
62.44347
75.00384
79.41125
93.23826
106.89275
112.84901
12.43824
24.87647
37.31471
49.75295
62.22375
69.04389
78.69149
91.65684
104.67446
116.10466
12.43824
24.87647
37.31536
42.29388
55.09036
67.49854
78.79144
92.64860
103.12345
106.34887
12.43824
24.87647
37.98169
51.13552
53.90333
66.93210
80.47407
93.71614
106.90096
120.08798
12.43824
25.19658
37.63481
46.19333
58.92787
71.70766
80.46190
93.58330
107.10211
107.37238
12.43824
24.87647
35.82487
48.36441
60.80265
73.56140
83.49445
95.93269
109.94711
118.66930
12.43824
24.87647
37.31471
49.32288
55.30013
68.41685
81.57770
96.13362
108.29233
110.97638
12.43824
25.03712
29.40094
41.83918
54.45797
66.89621
78.89626
82.16952
94.60776
108.52994
12.43824
24.87647
37.85795
50.29619
51.33523
64.64499
71.89136
84.09986
96.29707
104.58837
12.43824
24.87647
33.75522
46.19345
59.22841
64.66681
67.24002
78.12529
90.56404
101.14409
12.43824
24.87647
38.64309
44.64227
55.97916
67.91705
76.09185
89.31851
97.35831
102.40038
12.43824
25.13737
31.77076
43.21450
53.87440
66.31264
77.52426
79.51181
85.49760
92.16218
12.43824
24.87647
37.31471
49.76351
53.10111
65.53934
75.46025
88.58824
100.20133
112.06283
12.43824
24.87647
33.36776
46.17391
59.30401
68.67301
80.28792
86.73461
94.82978
95.87830
12.43824
25.33744
38.49986
52.22064
63.96649
76.40473
88.95238
101.52245
105.36096
118.38603
12.43824
24.87647
38.04061
51.09720
62.93739
70.66074
83.64005
92.87450
99.70615
104.74931
12.43824
24.98493
37.42317
47.27419
60.03312
72.68875
78.79972
88.43504
100.87328
102.86093
12.43824
24.87647
37.66942
47.33996
60.74090
69.96093
82.80699
95.24523
105.86188
108.45348
12.43824
24.87647
38.01169
46.29433
57.93370
70.37193
81.04729
93.88557
106.27251
108.26016
12.43824
24.87647
32.07624
36.58392
47.94272
61.10214
72.92303
72.97793
85.08435
97.54022
12.43824
24.87647
38.04639
51.19416
64.02002
77.12200
83.73999
92.53976
104.97800
117.23637
12.43824
22.68848
35.12672
47.56495
60.00319
64.86514
77.20640
85.44463
96.10165
96.99653
12.43824
25.40645
37.84469
49.94827
62.77749
68.08666
75.44143
80.41866
91.53432
96.10443
12.43824
24.87647
34.71060
47.86147
59.70387
72.00981
85.33771
99.42335
105.77533
110.92480
12.43824
23.90940
36.83634
49.64424
60.87625
74.63813
86.79731
100.19248
113.02408
126.10341
12.43824
24.87647
37.31471
49.75295
59.32954
71.15352
85.11773
98.08936
108.66175
113.05626
