12.43824
24.87647
37.31471
49.77323
58.38660
71.47471
83.91295
88.03914
101.14033
113.57856
12.43824
24.87647
37.31471
50.48744
62.92567
75.36391
87.87569
101.22282
113.57618
121.93020
12.43824
24.87647
37.31471
49.75295
55.79244
67.55595
80.12199
92.56023
103.36850
116.49433
12.43824
24.87647
37.31471
44.77261
57.57478
70.01302
79.77928
88.86794
101.20349
114.24069
12.43824
20.39248
32.83072
45.26896
57.70719
70.14543
80.35676
89.97600
102.72076
115.31939
12.43824
24.87647
37.31471
49.58870
62.51825
68.48568
80.92391
94.09821
104.64730
114.79862
12.43824
24.87647
37.31471
49.75295
55.05706
59.11900
71.55724
84.29064
88.12685
93.62004
12.43824
24.87647
37.31471
49.75295
62.19118
75.02203
85.22949
97.66773
111.09137
124.09041
12.43824
24.87647
34.43970
46.87794
57.04122
69.47945
75.54910
86.36224
98.80047
99.36286
12.43824
19.80106
32.34230
37.15231
49.59054
62.19703
75.37898
88.24128
100.67952
104.39626
12.43824
24.87647
37.31471
49.75295
56.62960
69.71735
81.96065
94.39889
97.64915
107.18579
12.43824
24.87647
35.54004
47.97828
60.48721
73.38385
85.82209
86.69831
99.70158
112.71034
12.43824
24.87647
37.31471
49.75295
62.93408
75.37232
87.62572
98.60977
110.46790
123.51772
12.43824
24.87647
29.00764
35.60412
48.04236
60.48060
73.51646
86.41994
95.39719
107.83542
12.43824
21.96909
34.40733
46.84556
59.50736
70.97194
83.01344
96.09535
105.18627
118.37341
12.43824
24.87647
37.05099
50.19334
58.88555
71.32379
79.05023
80.88984
93.32807
99.39872
12.43824
24.87647
37.31471
50.27240
62.71064
75.14887
87.58711
100.02535
107.55083
121.29173
12.43824
24.87647
37.97177
43.92133
57.10598
69.54421
82.14518
95.08052
108.21954
120.15304
12.43824
24.87647
37.31471
49.75295
62.19118
72.45777
85.23555
98.25711
111.42843
123.42510
12.43824
25.46064
38.63767
51.07591
63.51414
74.85735
87.29559
94.89740
105.31425
118.50115
12.43824
24.87647
37.00075
49.43898
62.19538
74.63362
87.53628
99.98508
103.72456
114.01847
12.43824
24.87647
36.31280
46.99825
59.43649
69.42267
81.86090
94.81740
107.44251
118.51234
12.43824
24.87647
37.31857
44.70653
57.74120
70.17944
82.61767
89.61734
102.76338
107.91788
12.43824
24.87647
37.31471
49.75295
54.95201
62.28545
74.54232
86.98055
99.41879
111.85703
12.43824
24.99214
37.43038
49.86862
62.30685
73.92017
86.35840
97.16675
101.95582
114.39406
12.43824
24.87647
37.31471
40.73595
53.17419
65.61243
77.76055
90.28591
103.39506
111.90203
12.43824
25.29048
37.72872
50.87145
63.30969
75.74792
82.10602
85.81822
98.67044
111.65836
12.43824
24.87647
37.31471
49.75295
54.01695
66.57262
77.82066
83.75261
96.93566
102.23870
12.43824
24.87647
37.31471
49.70256
62.14080
64.45671
76.80047
89.23870
97.77794
104.83411
12.43824
24.87647
37.31471
47.66569
56.12355
68.56178
81.00002
94.67573
99.96426
112.81052
12.43824
24.87647
37.31471
45.88345
58.32168
70.75992
83.64487
93.04997
105.05971
109.63847
12.43824
24.87647
37.31471
49.75295
62.19118
71.87437
81.84575
94.28398
107.15275
120.15971
12.43824
24.87647
37.31471
49.75295
62.19118
74.62942
87.06765
99.76327
111.78196
121.08071
12.43824
24.87647
35.25443
42.59648
55.03472
67.47296
77.44838
90.73140
97.11587
106.14359
12.43824
24.87647
38.06041
50.98444
64.10365
76.54188
83.89801
96.50993
107.31514
107.89806
12.43824
24.87647
37.31471
50.26688
62.70512
69.85996
82.38011
90.78922
101.53978
110.09253
12.43824
24.83316
37.27139
49.70963
55.02762
65.33215
78.08788
91.74014
94.19695
106.82826
12.43824
24.87647
37.31471
47.64550
60.08374
69.86442
82.30265
94.63620
106.38912
119.48030
12.43824
24.87647
37.31471
50.45986
62.89809
75.33633
82.13531
89.95780
95.10038
108.15711
12.43824
24.87647
37.31471
49.75295
60.33399
72.77222
80.10289
92.54112
105.64167
118.80715
12.43824
24.87647
37.31471
49.75295
62.12244
73.42137
85.85961
97.13754
99.86689
112.30513
12.43824
24.19823
36.63647
45.68856
58.12679
70.56503
75.05326
82.06404
92.58752
104.94190
12.43824
24.87647
37.31471
49.75295
62.19118
72.51577
84.95401
97.39224
103.68961
111.03465
12.43824
24.87647
37.31471
49.75295
63.16828
75.73218
87.26638
100.39914
108.95064
117.96795
12.43824
24.87647
37.95222
50.39046
62.82870
74.99094
79.02803
91.95108
97.41929
102.57401
12.43824
24.87647
37.98944
50.37121
62.80944
75.24768
81.62601
94.06425
106.54127
107.56768
12.43824
16.77663
22.68027
35.11851
39.27775
51.71598
64.68425
77.12249
78.13595
90.57419
12.43824
24.87647
37.31471
46.61856
59.05679
71.71918
78.18548
83.20643
96.11120
109.84365
12.43824
24.87647
37.59168
50.02991
63.16387
75.60210
79.99503
84.62635
93.64037
97.21788
12.43824
24.87647
37.31471
50.43633
59.04933
72.26199
85.14456
98.33082
109.79173
122.96560
12.43824
24.87647
37.35267
49.79091
62.22914
70.08385
82.52208
95.25282
107.46034
120.62877
12.43824
25.05605
37.49429
45.88581
58.74126
71.27295
83.71119
96.14943
108.34907
120.78730
12.43824
24.87647
37.91005
50.34828
55.11616
67.55440
79.99263
92.43087
96.39341
108.85771
12.43824
24.87647
37.31471
50.96611
63.54298
75.11014
87.35323
92.94603
105.42037
117.85861
12.43824
24.87647
37.47119
50.26410
62.70234
75.81438
85.47064
97.90888
100.52664
113.21343
12.43824
24.87647
37.31471
45.66610
46.43781
58.87605
68.56444
70.57909
77.52214
89.50027
12.43824
25.40112
37.83936
50.27759
62.71583
75.93585
88.37409
92.24228
105.34523
119.20005
12.43824
24.87647
37.31471
49.75295
62.79069
75.04181
87.48004
99.92772
112.36596
124.80419
12.43824
24.87647
31.77429
44.21253
49.89999
62.33822
73.32482
86.37695
90.33671
102.77494
12.43824
24.87647
38.05260
51.16845
63.60669
76.19713
88.63536
99.55436
102.87971
115.93834
12.43824
24.87647
37.31471
46.15382
58.59205
71.03029
83.46853
96.32611
105.36993
116.63791
12.43824
24.91622
37.35446
49.79269
61.85963
74.47355
86.91179
98.28261
108.25330
109.86661
12.43824
24.87647
37.31471
49.75295
59.76479
72.20303
83.59081
96.03851
108.47674
110.28660
12.43824
25.00234
37.44058
49.87882
57.52987
68.11152
78.24065
90.67889
103.82399
117.34982
12.43824
24.87647
37.31471
49.75295
62.79881
75.23704
86.76591
90.42788
103.31482
115.75305
12.43824
24.87647
37.31471
49.79660
62.21253
74.65076
87.84480
100.14105
111.14949
114.83763
12.43824
24.87647
37.31471
45.67035
58.10858
71.28912
84.13727
96.57551
110.16163
122.59986
12.43824
24.87647
37.31471
49.75295
63.30740
76.20053
88.63877
96.43890
104.32897
117.02309
12.43824
25.54957
37.98781
51.15656
63.59480
75.65279
86.22152
98.65976
111.09800
124.96187
12.43824
24.87647
37.31471
49.75295
61.21455
74.17443
87.30773
100.80302
113.24126
120.82551
12.43824
24.87647
37.59141
50.02965
63.21659
68.72958
81.16782
92.69324
105.71295
118.60271
12.43824
24.87647
35.77559
48.21383
60.65206
73.63910
86.70811
99.28399
112.34094
124.77917
12.43824
24.87647
37.68119
45.56930
58.00754
70.44577
83.37987
96.41455
107.37013
120.55719
12.43824
25.57384
38.01208
51.18955
63.62779
76.06603
86.43006
99.61609
107.91469
118.38117
12.43824
24.87647
37.31471
49.75295
59.74980
71.61660
75.69385
88.88026
101.31850
110.18094
12.43824
24.87647
37.31471
49.75295
62.19118
74.84897
87.39552
99.83376
112.60756
126.35809
12.43824
24.87647
37.31471
44.97500
57.41324
67.04431
79.61148
92.37138
104.84575
114.75372
12.43824
24.87647
37.80461
50.24285
56.57043
69.00867
81.44690
94.98558
107.42381
120.23937
12.43824
24.55017
36.98840
49.42664
61.86488
74.30311
87.41368
99.85192
110.08385
113.52140
12.43824
24.87647
37.56308
49.16728
61.60552
74.78080
87.71151
100.14974
108.02609
120.67419
12.43824
24.87647
37.31471
49.96114
61.10844
73.54668
85.98492
98.87715
112.58606
124.88160
12.43824
24.87647
33.89452
46.33275
51.86079
64.29902
76.96101
89.12935
102.25205
115.95276
12.43824
24.87647
37.31471
49.75295
62.19118
68.91514
74.40071
83.39675
95.83499
97.00913
12.43824
25.37311
31.86053
44.29877
56.73700
69.84435
81.01967
93.95516
106.39339
115.84070
12.43824
24.87647
37.75433
50.19257
63.36787
75.80611
88.70228
101.22538
114.22331
125.72091
12.43824
24.87647
35.39643
41.54437
53.98261
66.42084
78.85908
89.68562
102.00067
112.24129
12.43824
24.87647
37.31471
49.75295
52.77170
65.20993
75.99720
88.43543
96.41690
108.63448
12.43824
24.87647
37.70700
50.14524
62.58347
69.70407
82.61379
95.76533
108.33416
117.17452
12.43824
25.56881
38.00705
50.44529
63.39298
75.83122
88.26946
99.01466
103.35228
115.79052
12.43824
24.87647
37.34495
49.78318
57.46664
66.27999
79.06586
91.61490
104.05314
114.73727
12.43824
24.87647
37.31471
49.88938
62.32762
74.76585
84.33125
97.26052
109.69876
114.87117
12.43824
24.87647
37.31471
50.50149
62.93973
76.66277
89.10100
101.53924
106.40866
112.60597
12.43824
24.87647
37.31471
50.22348
63.28073
75.71896
80.74354
93.86355
98.39777
111.00916
12.43824
25.31904
37.75727
45.50456
58.51868
70.95692
77.77847
86.82570
99.91882
112.35705
12.43824
24.87647
37.31471
50.44227
62.88050
75.31874
79.27362
90.56238
103.00062
115.19384
12.43824
24.87647
37.39883
49.83706
62.27530
75.74845
88.88785
95.19531
108.22891
113.37602
12.43824
24.87647
31.90114
44.33938
57.50553
69.26311
81.70134
89.53473
101.06162
110.95751
12.43824
24.87647
37.31471
48.81313
61.93515
74.37339
85.03209
97.47033
108.87268
121.31091
12.43824
24.98858
37.42682
48.47348
60.91172
73.34995
84.50770
95.11103
108.57803
121.01627
12.43824
24.87647
37.31471
49.75295
62.09641
74.50218
86.60828
94.97856
100.24637
107.09101
