12.43824
24.87647
37.31471
49.75295
62.19118
74.62942
87.06765
90.85791
102.46694
114.90518
12.43824
24.87647
37.31471
50.48593
62.92416
75.36240
88.53439
101.70919
113.67961
126.84610
12.43824
24.87647
37.31471
49.75295
61.98251
74.42075
86.85899
99.29722
111.88723
125.21385
12.43824
24.87647
37.31471
46.60300
59.30989
71.74813
84.87507
98.46497
111.60056
124.03880
12.43824
25.62362
38.06186
50.50009
62.93833
75.37657
83.73120
95.33895
104.83433
117.65370
12.43824
24.87647
37.31471
50.31910
62.18819
75.34838
87.78662
100.22485
112.31699
125.14016
12.43824
24.87647
37.31471
49.75295
62.89011
70.74364
83.18187
96.26612
105.19645
112.41261
12.43824
24.87647
37.31471
49.75295
62.19118
74.74014
87.31821
99.75644
112.77249
125.94968
12.43824
24.87647
37.69227
50.13051
63.31157
75.74981
82.79160
95.30393
107.74216
119.66051
12.43824
23.90795
36.49160
47.17110
59.60934
72.04757
84.48581
97.12259
109.56082
122.71837
12.43824
24.87647
37.31471
49.75295
55.50657
67.94481
80.09699
92.53522
96.67417
102.91726
12.43824
24.87647
34.83464
47.27288
60.23971
73.41317
85.85141
97.44928
109.88752
122.90564
12.43824
24.87647
37.31471
49.75295
62.19118
74.62942
87.71434
100.15257
113.32643
125.76466
12.43824
24.87647
37.96874
47.92084
60.35908
72.79731
86.01332
98.45156
111.60967
124.04791
12.43824
24.25048
36.68871
49.12695
61.56519
74.74977
80.92143
93.35967
106.36207
118.80030
12.43824
24.87647
36.58861
49.02684
61.46508
73.90331
87.00752
91.17179
103.61003
116.55759
12.43824
24.87647
37.31471
50.07815
62.51639
74.95462
87.39286
99.83109
112.70045
125.74215
12.43824
24.87647
37.31471
50.39981
63.66854
76.10678
88.81501
101.25324
113.69148
126.19391
12.43824
24.87647
37.31471
49.75295
62.19118
74.09344
86.53168
99.22149
112.32924
124.76748
12.43824
25.62419
38.06243
50.50066
62.93890
75.37714
87.81537
97.66381
108.41593
120.98047
12.43824
24.87647
37.31471
49.75295
62.19118
74.62942
75.60120
88.03944
100.91902
113.71328
12.43824
24.87647
37.77175
41.54291
53.98115
66.41938
78.85762
91.86294
104.81118
118.19824
12.43824
24.87647
37.31471
50.45482
62.89305
75.33129
87.76952
100.72614
113.16438
119.71638
12.43824
24.87647
37.31471
49.75295
55.77634
68.21457
81.07167
93.50991
105.94814
118.38638
12.43824
25.00383
37.44206
49.88030
62.31854
75.21045
87.64868
101.02724
110.67780
123.11604
12.43824
24.87647
37.31471
48.30868
60.74691
73.18515
86.13173
98.56996
111.00820
120.81614
12.43824
24.87647
37.31471
49.75295
62.19118
74.62942
80.08048
93.26265
105.77180
118.21004
12.43824
24.87647
37.31471
49.75295
55.66864
68.10688
82.00231
94.56344
107.00168
115.78779
12.43824
24.87647
37.31471
47.11193
59.55017
71.98841
85.15494
97.59318
110.53429
121.67268
12.43824
24.87647
37.31471
49.99039
60.05957
72.49781
84.93604
98.58591
111.02649
123.50397
12.43824
24.87647
37.31471
47.12610
59.56433
72.00257
84.44080
97.52606
110.27977
114.25785
12.43824
25.37501
37.81324
50.25148
62.68972
75.87190
88.31014
100.74837
113.74609
127.43823
12.43824
24.87647
37.31471
49.75295
62.19118
74.62942
87.06765
100.66716
112.87891
123.02077
12.43824
24.87647
37.31471
46.03356
58.47180
70.91003
81.85627
94.99342
103.27037
110.34113
12.43824
24.87647
37.31471
48.77879
61.56546
74.00370
81.67539
94.23599
107.41055
108.44361
12.43824
24.87647
37.31471
49.75295
62.19118
74.62942
86.63046
99.74287
112.75615
125.63493
12.43824
25.01694
37.45517
49.89341
58.99311
70.87671
83.31495
95.75318
108.82873
121.26696
12.43824
24.87647
37.31471
49.75342
62.19165
74.65586
87.09410
97.90389
111.82619
124.26443
12.43824
24.87647
37.31471
49.75295
62.19118
74.62942
84.12339
96.56163
102.36694
114.80518
12.43824
24.87647
37.31471
49.75295
62.93314
75.37138
85.55118
97.98942
111.08364
123.76451
12.43824
24.87647
37.31471
49.75295
60.56965
73.00789
85.44612
98.06445
110.50268
122.94092
12.43824
24.10216
36.54040
46.40543
58.84367
71.28190
81.01542
91.26770
103.71017
116.14840
12.43824
24.87647
37.31471
49.75295
62.19118
74.66899
87.10723
99.54546
110.63677
122.26433
12.43824
24.87647
37.31471
49.75295
63.02371
75.46194
88.02851
100.46675
110.91158
116.64962
12.43824
24.87647
38.05231
50.49055
62.92879
76.07665
89.28363
96.98212
103.36795
108.47617
12.43824
24.87647
37.88008
50.97865
63.41689
75.85513
88.90302
101.34126
113.89929
126.96978
12.43824
24.33404
34.38379
46.82202
51.57041
64.00864
76.62569
89.06393
92.95532
105.39356
12.43824
24.87647
37.33437
44.76194
57.20017
69.63841
82.59846
95.03670
107.76279
120.43410
12.43824
24.87647
38.01068
50.44892
62.88716
75.32539
80.07728
93.08035
104.67552
117.34543
12.43824
24.87647
37.31471
49.88557
58.91536
72.08787
84.57637
97.01461
109.55050
121.98874
12.43824
24.87647
36.92866
49.36689
61.80513
74.60218
87.04042
99.55089
111.98912
125.17803
12.43824
25.45059
37.88882
48.94238
61.58972
74.02795
86.46619
98.90443
111.75146
124.18969
12.43824
24.87647
37.31471
49.75295
55.25757
67.69581
80.13405
92.57228
106.04197
118.28341
12.43824
24.87647
37.31471
49.75295
62.19118
75.18271
86.94638
97.08100
109.51923
121.95747
12.43824
24.87647
37.31471
50.33996
62.77819
75.21643
87.65467
100.09290
103.90207
117.08024
12.43824
24.87647
37.31471
46.25925
47.25786
59.73021
69.53933
75.09871
88.18425
101.28115
12.43824
24.87647
37.31471
49.75295
62.19118
74.62942
87.06765
94.94304
107.38127
119.96899
12.43824
24.87647
37.31471
49.75295
62.48911
76.03824
88.47647
100.91471
113.35294
125.79118
12.43824
24.87647
32.34775
44.78599
57.22423
69.66246
82.10070
95.06931
108.47708
120.91532
12.43824
24.87647
37.31471
49.75295
62.19118
74.62942
87.06765
98.03077
103.09863
115.62295
12.43824
24.87647
37.31471
47.11238
59.55062
71.98886
84.42709
97.52865
106.77218
117.29653
12.43824
24.87647
37.31471
49.75295
62.91814
75.67124
88.10947
101.54609
114.66518
122.01155
12.43824
24.87647
37.31471
49.75295
61.15658
73.59482
85.41601
98.35828
110.79651
115.72115
12.43824
24.87647
37.31471
49.75295
60.69699
65.99650
79.64012
92.07835
99.85122
112.33452
12.43824
24.87647
37.31471
49.75295
62.61146
75.04969
83.91976
90.39713
102.91986
115.35810
12.43824
24.87647
37.31471
49.75295
62.84511
75.28335
87.72158
100.52434
113.20138
121.08955
12.43824
24.87647
37.31471
45.80264
58.24088
70.98401
83.54459
95.98283
109.08788
121.52612
12.43824
24.87647
37.31471
49.75295
62.19118
74.62942
87.06765
94.86172
107.64268
120.08091
12.43824
24.87647
37.31471
49.75295
62.19118
75.32498
88.91790
101.35614
113.79437
127.46043
12.43824
24.87647
37.31471
49.75295
63.24484
76.09569
88.53392
101.59604
114.03428
125.84273
12.43824
24.87647
37.31471
49.75295
62.19118
74.34845
86.78669
99.20314
112.15787
125.08391
12.43824
24.87647
31.90639
44.34462
56.78286
69.22110
81.65933
94.66387
107.80164
120.23988
12.43824
24.87647
37.31471
49.89970
62.33793
74.77617
87.21441
99.99409
114.10938
126.54762
12.43824
24.91378
37.35201
49.79025
62.22849
74.66672
85.77669
98.66024
109.47048
120.74176
12.43824
24.87647
37.31471
49.75295
62.59856
75.10856
86.06001
99.18378
111.62201
124.57037
12.43824
24.87647
37.31471
49.75295
62.19118
75.86535
88.54612
100.98435
113.42259
126.43184
12.43824
24.87647
37.31471
49.31750
61.75574
71.33353
83.77177
96.21000
108.64824
121.83440
12.43824
24.87647
37.31471
49.75295
58.79926
71.23749
83.67573
96.85357
109.29181
122.11657
12.43824
25.26462
37.70285
50.14109
62.57932
75.01756
88.16345
100.60169
113.66453
118.14477
12.43824
24.87647
37.74634
50.18458
62.62281
75.06105
88.14470
100.58293
113.33857
126.91731
12.43824
24.87647
37.31471
49.94854
63.05919
75.49743
87.93566
100.37390
113.89631
126.97069
12.43824
24.87647
34.51064
46.94887
51.87500
64.31323
76.85304
89.94062
102.37940
113.47750
12.43824
24.87647
37.31471
49.75295
62.19660
75.14330
80.92387
91.10817
103.54640
113.62042
12.43824
24.87647
35.61017
48.04841
60.48664
73.08781
86.24941
98.69261
111.13084
124.06576
12.43824
24.87647
38.05227
50.49051
62.96352
75.40175
87.83999
100.27822
111.15191
124.67353
12.43824
24.87647
36.09050
44.94653
57.38476
69.82300
82.26124
95.22811
108.37379
121.39529
12.43824
24.87647
37.31471
49.75295
62.85266
75.29090
87.72913
100.16737
104.56504
117.70115
12.43824
24.87647
37.31471
49.75295
62.19118
64.93016
78.10650
90.54473
102.98297
111.80817
12.43824
25.42892
37.86716
50.30539
63.40799
75.84623
88.28446
100.62034
109.77277
122.21100
12.43824
24.87647
37.31471
49.75295
58.19362
70.78994
83.22818
95.66641
108.10465
120.81548
12.43824
24.87647
37.31471
49.75295
62.19118
74.62942
86.10374
98.54198
110.98022
123.89822
12.43824
24.87647
37.31471
49.75295
62.19118
75.89018
88.32841
100.76665
113.29687
123.76675
12.43824
24.87647
37.31471
49.75295
62.19118
74.62942
81.60840
94.04664
97.72247
110.16071
12.43824
24.87647
37.31471
50.48652
62.92475
75.36299
82.89823
84.24922
96.68746
109.12569
12.43824
24.87647
37.31471
49.75295
62.19118
74.62942
81.14545
93.63893
106.07717
118.92303
12.43824
24.87647
38.06035
50.49859
62.93683
76.11985
89.29945
95.61421
108.05244
111.33885
12.43824
24.87647
37.63255
50.07079
63.61290
76.60305
89.04129
101.91055
114.04277
126.32185
12.43824
24.87647
37.31471
49.52086
61.95910
74.39733
86.58544
99.02368
112.38046
124.81869
12.43824
24.87647
37.31471
50.20607
62.64431
75.08254
86.48200
96.00424
108.44248
120.88072
12.43824
24.87647
37.31471
49.75295
62.19118
75.37362
88.38843
95.21978
106.48581
119.30947
