12.43824
24.87647
37.31471
49.75295
62.43007
74.86831
87.30654
92.33750
102.20063
114.63887
12.43824
24.87647
37.31471
49.75295
62.19118
74.62942
87.80468
100.24292
112.22185
125.08492
12.43824
24.87647
37.31471
49.75295
59.51659
72.31649
84.75473
97.19297
109.79106
122.97701
12.43824
24.87647
37.31471
47.94153
61.08542
73.52366
86.60448
98.23201
111.01932
123.45756
12.43824
25.49975
37.93798
50.37622
62.81446
75.25269
86.55301
99.45203
111.74087
124.30737
12.43824
24.87647
37.31471
50.29216
63.46033
71.95635
84.39459
96.83283
109.79597
120.91483
12.43824
24.87647
37.31471
49.75295
58.00843
68.94953
81.38776
94.09597
102.55370
111.40750
12.43824
24.87647
37.31471
49.75295
62.19118
74.62942
87.24599
99.68422
112.87009
125.30833
12.43824
24.87647
35.33448
47.77272
60.09124
72.52947
81.54977
94.01549
106.45373
118.15191
12.43824
21.64546
34.08370
45.90467
58.34291
70.78115
83.21938
95.65762
108.09586
115.36856
12.43824
24.87647
37.31471
49.75295
56.90787
69.34611
81.78435
94.22258
99.96721
109.06076
12.43824
24.87647
38.00772
50.44595
62.88419
75.32242
87.76066
98.01857
110.45681
123.22335
12.43824
24.87647
37.31471
49.75295
62.19118
74.62942
87.81347
100.76581
105.16383
117.60207
12.43824
24.87647
29.50072
40.72744
53.16568
65.60391
78.04215
90.48039
102.73637
115.17460
12.43824
25.29196
37.73020
50.16844
62.60667
75.74156
86.43117
98.86941
111.64444
124.08267
12.43824
24.87647
35.29803
47.73627
59.88983
72.32806
86.11947
91.06431
103.50254
108.81917
12.43824
24.87647
37.31471
49.75295
62.19118
74.62942
87.06765
99.50589
111.15622
124.28428
12.43824
24.87647
37.50264
46.43630
59.56893
72.00717
84.44540
96.88364
109.36431
121.92558
12.43824
24.87647
37.31471
49.75295
62.19118
73.60482
86.04306
98.48130
111.32433
124.44265
12.43824
24.87647
37.31471
49.75295
62.19118
75.37194
87.81018
99.62256
112.65908
125.09732
12.43824
24.87647
37.31471
49.75295
62.19118
74.62942
82.83972
95.27796
106.87454
116.54736
12.43824
24.87647
36.45748
44.94361
57.38185
67.76176
80.19999
92.63823
105.07646
118.18897
12.43824
24.87647
37.31471
48.49508
60.93332
73.37156
85.80979
95.74122
108.17946
115.59335
12.43824
24.87647
37.31471
49.75295
57.20239
68.47880
81.39990
93.83814
106.27637
118.71461
12.43824
24.87647
37.31471
49.75295
62.19118
75.33127
87.76951
100.93941
102.62113
115.05937
12.43824
24.87647
37.31471
39.90624
52.34447
64.78271
77.94790
90.38614
102.82437
115.00496
12.43824
24.87647
37.31471
49.75295
62.19118
74.62942
85.48845
88.80266
101.24089
113.67913
12.43824
24.87647
37.31471
49.75295
53.33898
65.77721
79.60360
86.10258
98.54082
106.33810
12.43824
24.87647
37.31471
49.58364
62.02187
63.23065
76.14501
88.58325
99.81596
110.73911
12.43824
24.87647
37.31471
49.19231
62.53438
74.97262
87.41085
100.24378
108.65153
121.28148
12.43824
24.87647
37.31471
48.92096
61.35920
73.79744
86.23567
95.44614
107.91135
112.88296
12.43824
24.87647
37.31471
49.75295
62.19118
75.25284
86.96306
99.40130
111.83953
124.61026
12.43824
24.87647
37.31471
49.75295
62.19118
74.62942
87.06765
100.02146
113.06025
125.20248
12.43824
24.87647
35.26661
45.33031
57.76854
70.20678
83.31672
96.49512
97.94951
107.01389
12.43824
24.87647
37.31471
47.35255
59.79078
72.22902
77.20094
89.63918
102.76881
104.72573
12.43824
24.87647
37.31471
49.75295
62.19118
71.83106
85.01431
96.64185
109.79325
122.14981
12.43824
25.58962
38.02786
50.46609
59.66866
71.31348
83.75172
96.18995
102.50907
115.11795
12.43824
24.87647
37.31471
50.21258
62.65081
75.54980
87.98803
94.33172
107.44546
119.88370
12.43824
24.87647
37.31471
49.75295
62.19118
74.62942
84.43167
94.40139
102.75900
115.19724
12.43824
24.87647
37.31471
49.75295
62.93977
75.37801
79.58383
92.02207
104.46031
116.89854
12.43824
24.87647
37.31471
49.75295
62.93749
75.68477
88.12301
101.24211
104.69794
117.13618
12.43824
22.60401
35.04225
47.73264
60.17088
72.60911
77.74396
89.56804
102.59357
115.03216
12.43824
24.87647
37.31471
49.75295
62.19118
75.37635
87.81458
100.25282
106.62622
116.02181
12.43824
24.87647
37.31471
49.75295
62.19118
74.62942
83.30899
95.74722
105.70913
113.26840
12.43824
24.87647
37.31471
49.75295
62.19118
74.78660
79.70450
90.73848
99.65792
108.43483
12.43824
24.87647
37.31471
49.90001
62.33824
74.77648
80.47766
92.91590
105.35414
115.73470
12.43824
20.35019
29.05923
41.49747
48.29904
60.73727
73.17551
85.61375
90.50337
102.94161
12.43824
24.87647
37.31471
48.25490
60.69314
73.13137
83.10464
90.56479
103.00302
108.77795
12.43824
24.87647
25.93690
38.37513
50.89064
63.32888
70.66145
78.12062
87.29731
94.28591
12.43824
24.87647
37.31471
49.75295
61.08039
73.51863
86.67833
99.11657
103.28999
115.72823
12.43824
24.87647
37.50651
49.94475
62.38299
74.56230
87.00053
99.51645
112.58598
125.14427
12.43824
25.62343
38.06166
49.57872
62.01696
74.45519
86.89343
99.33167
112.41511
124.85334
12.43824
24.87647
37.31471
49.75295
52.49997
64.93821
77.37645
89.81468
100.96991
114.02882
12.43824
24.87647
37.31471
49.75295
62.19118
71.92063
84.17063
91.66343
104.10167
116.53990
12.43824
24.87647
37.31471
49.75295
62.19118
74.62942
77.26657
89.70480
93.53906
105.97730
12.43824
24.87647
37.31471
47.86756
52.80495
65.24319
76.69277
83.93279
89.88203
97.53760
12.43824
24.87647
37.31471
49.75295
62.19118
74.62942
87.06765
91.87537
104.31361
116.83239
12.43824
24.87647
37.31471
49.75295
62.19118
75.35842
87.79665
100.23489
112.67313
125.11136
12.43824
24.87647
35.53734
47.97558
53.00788
65.44612
78.33592
90.77416
100.77502
113.21326
12.43824
24.87647
37.31471
49.75295
62.19118
74.62942
87.06765
98.83891
103.04091
115.47915
12.43824
24.87647
37.31471
50.01178
62.45001
74.88825
87.32648
99.80655
110.45713
118.82361
12.43824
24.87647
37.31471
49.75295
62.54615
75.02276
87.46100
100.63433
112.91253
116.41727
12.43824
24.87647
37.31471
49.75295
62.70934
75.14758
88.33288
101.12622
113.56445
117.96274
12.43824
24.87647
37.31471
49.75295
57.21930
64.78251
78.20419
90.64243
101.68947
114.12770
12.43824
24.87647
37.31471
49.75295
62.19118
74.62942
85.32564
91.20060
104.35965
116.79789
12.43824
24.87647
37.31471
49.75295
62.67602
75.11425
87.55249
100.62359
113.73775
123.17045
12.43824
24.87647
37.31471
47.21327
59.65151
72.08975
84.52798
96.96622
109.50522
121.94345
12.43824
24.87647
37.31471
49.75295
62.19118
74.62942
87.06765
95.18447
106.71074
119.84034
12.43824
24.87647
37.31471
49.75295
62.19118
74.88930
81.40426
93.84250
106.28073
119.33225
12.43824
24.87647
37.31471
49.75295
62.77007
75.20830
87.64654
100.08477
112.52301
124.05833
12.43824
24.87647
37.31471
49.75295
62.93986
67.09999
79.53822
92.67047
105.10870
117.54694
12.43824
24.87647
34.18442
46.62266
59.06089
71.49913
83.93736
97.10802
109.54626
121.98449
12.43824
24.87647
37.31471
48.29085
60.72908
73.16732
85.60556
98.04379
111.12911
123.56735
12.43824
25.50099
37.93922
50.37746
62.81570
75.25393
88.62333
101.06157
109.73363
122.52935
12.43824
24.87647
37.31471
49.75295
62.67933
75.37294
78.57618
91.01442
103.45265
115.24557
12.43824
24.87647
37.31471
49.75295
62.19118
71.15588
83.59412
96.03236
108.47059
121.02852
12.43824
24.87647
37.31471
50.43999
62.87823
67.39111
79.82934
92.26758
104.70582
114.05638
12.43824
24.87647
37.31471
49.75295
58.80495
71.24319
83.68143
96.11966
108.55790
121.12670
12.43824
23.21682
35.65505
48.09329
60.53153
72.96976
85.40800
97.84624
105.71910
107.67948
12.43824
24.87647
37.34898
50.16914
62.60738
75.04561
87.55001
99.98824
112.40349
125.27192
12.43824
24.87647
37.31471
49.75295
62.93965
75.37788
87.81612
100.25435
112.69259
126.40672
12.43824
24.87647
35.93210
48.37034
58.21751
70.65574
83.09398
96.21133
108.64956
120.15603
12.43824
24.87647
37.31471
49.75295
62.19118
64.96272
73.03732
85.03533
97.47357
103.42803
12.43824
24.18671
27.81293
40.25117
52.68940
65.28434
78.42568
90.86392
103.30215
115.15545
12.43824
24.87647
37.31471
49.75295
62.19118
74.62942
87.06765
99.50589
112.30972
125.29547
12.43824
24.87647
37.43914
46.12726
58.56550
71.00373
83.44197
94.99990
108.00415
121.15234
12.43824
24.87647
37.31471
49.75295
54.21301
66.65124
79.80577
92.24400
99.35678
112.18693
12.43824
24.87647
37.31471
49.75295
62.19118
65.81147
78.70011
91.13835
103.57658
114.55076
12.43824
25.38230
37.82054
50.25877
62.79371
75.23194
87.67018
93.65989
94.08334
106.52158
12.43824
24.87647
37.31471
49.75295
57.80761
62.97766
75.41590
87.85413
100.29237
111.74147
12.43824
24.87647
37.31471
49.75295
62.19118
74.62942
82.11634
94.63779
107.07602
118.48797
12.43824
24.87647
37.31471
49.75295
62.19118
74.83605
87.27429
99.71252
106.88673
118.27697
12.43824
24.87647
37.31471
49.75295
62.22064
74.65888
79.06713
91.50536
101.20151
113.63975
12.43824
24.87647
37.31471
48.85760
61.29583
73.73407
84.49795
88.07202
100.51025
112.94849
12.43824
24.87647
37.31471
49.75295
62.19118
74.62942
77.83405
90.94623
103.38447
116.41459
12.43824
24.87647
37.31471
49.75295
62.19118
75.27397
87.76424
95.62050
108.05873
115.59248
12.43824
24.87647
33.62007
46.05830
59.22809
72.16109
84.59933
95.06295
108.24487
121.16820
12.43824
24.87647
37.31471
48.42811
60.86634
73.30458
86.26316
98.70139
111.88572
124.32396
12.43824
24.87647
37.31471
50.49879
62.93702
75.37526
88.36513
101.54462
113.98286
126.42109
12.43824
24.87647
37.31471
49.75295
62.53605
75.50750
88.16482
92.88610
98.47746
109.02291
