12.43824
24.87647
37.31471
49.75295
62.75897
75.19721
87.63545
91.25764
97.53954
109.97778
12.43824
24.87647
37.31471
49.75295
63.07449
75.51272
86.78128
96.71909
104.13849
117.22491
12.43824
24.87647
37.31471
49.75295
60.84845
73.58745
86.11048
99.25837
111.72148
119.12338
12.43824
24.87647
37.31471
47.12424
58.91143
71.34966
83.89990
95.82604
108.59158
121.68224
12.43824
25.31389
37.75213
50.19036
62.62860
75.06684
84.59022
95.87189
109.59899
122.19275
12.43824
24.87647
37.31471
50.23043
58.96554
67.41999
79.85823
93.20731
106.38861
120.12514
12.43824
24.87647
37.31471
49.75295
61.74864
64.35279
78.24320
91.22420
104.24338
110.21443
12.43824
24.87647
37.31471
49.75295
62.19118
74.62942
87.10792
99.54616
111.91281
124.67020
12.43824
24.87647
36.75361
49.19185
57.11934
69.55757
81.63818
94.51663
107.00133
117.63909
12.43824
24.87647
38.06025
50.67579
63.11403
75.55227
87.99050
100.38067
113.27241
125.71064
12.43824
24.87647
37.31471
49.75295
61.48669
74.67329
86.21163
98.64986
111.08810
119.26638
12.43824
24.87647
34.32974
46.76798
59.20621
72.13381
84.57204
93.29324
105.73148
118.16972
12.43824
24.87647
37.31471
49.75295
62.76478
75.56763
88.35306
101.52545
112.57205
125.11195
12.43824
24.87647
37.66741
42.46113
54.89937
67.33760
79.77584
92.81631
105.99916
118.43740
12.43824
24.99065
37.42889
49.86712
62.99319
72.67114
82.89460
95.69456
104.79123
117.63988
12.43824
24.87647
37.50827
49.94651
63.55786
75.99610
88.41411
100.46154
112.89978
126.80339
12.43824
24.87647
37.31471
49.75295
62.19118
74.62942
87.06765
99.50589
110.58663
123.86221
12.43824
24.87647
37.67671
50.70498
64.02665
76.46488
89.29019
101.65943
114.58092
118.40980
12.43824
24.87647
37.31471
49.75295
62.19118
72.09166
85.24603
97.41877
107.84703
118.96454
12.43824
21.45563
34.01426
46.45249
58.89073
70.54585
82.98409
92.44936
104.88760
117.48209
12.43824
24.87647
37.46760
49.90583
62.34407
74.78231
85.74110
98.27238
111.09815
120.57314
12.43824
24.87647
38.09113
43.05280
55.49103
61.77245
74.21068
86.67264
99.11088
112.37111
12.43824
24.87647
37.31471
47.60619
60.47426
72.91250
85.35074
97.78897
110.55241
116.88402
12.43824
24.87647
37.31471
49.75295
56.27248
68.71071
81.35055
94.48064
106.91888
119.35712
12.43824
24.87647
37.31471
49.75295
62.19118
75.30075
88.75672
101.66125
115.14093
128.39156
12.43824
24.87647
37.31471
50.15610
62.59434
75.03258
88.62185
101.06009
113.49960
126.49899
12.43824
25.60527
38.04351
50.48174
62.91998
75.35821
81.00227
85.87495
98.31319
110.75143
12.43824
24.87647
37.31471
49.75295
62.19118
75.41054
87.11552
98.51798
111.04731
114.58521
12.43824
24.87647
37.31471
42.27462
54.71286
60.26107
73.82772
86.26595
99.86476
108.21431
12.43824
24.87647
37.31471
44.52520
56.38303
68.82127
81.25951
93.69716
100.77360
113.16761
12.43824
24.87647
37.31471
45.78089
58.21913
70.65737
83.58187
96.05864
109.11134
112.27191
12.43824
25.31643
37.75466
50.19290
62.63114
71.70694
80.57537
93.01361
105.71263
119.17691
12.43824
24.87647
37.31471
49.75295
62.92293
75.36199
87.80023
101.09153
110.90040
123.37643
12.43824
24.87647
38.02615
50.53574
62.97397
75.41221
87.98287
101.38989
106.75344
120.31416
12.43824
24.87647
37.84481
48.41157
61.95920
74.39743
85.99332
99.05019
111.15069
116.98015
12.43824
24.87647
37.31471
49.75295
62.70462
71.38686
81.55022
88.21831
99.19350
103.06657
12.43824
25.45975
37.89798
50.33622
62.77446
75.22790
87.66614
100.71729
104.18009
117.33393
12.43824
24.87647
37.31471
49.91145
62.34968
71.39812
83.83636
88.07224
100.91172
113.98588
12.43824
24.87647
37.31471
50.46409
62.90233
75.34056
88.19006
100.99235
105.71769
118.77698
12.43824
24.87647
37.31471
49.75295
62.64742
75.08566
88.26794
100.70618
113.32747
126.51028
12.43824
24.87647
37.31471
50.19055
63.37556
76.50470
88.94294
100.91185
110.79621
123.43966
12.43824
17.71627
30.15450
38.19587
50.63410
63.07234
76.22699
88.66523
101.58413
114.83272
12.43824
24.87647
37.49312
49.93135
62.36959
72.23370
84.67193
97.11017
105.88959
114.48817
12.43824
24.87647
37.31471
49.75295
63.12506
76.80885
88.60057
101.76438
107.14674
116.27885
12.43824
24.87647
37.71522
50.15346
62.59170
75.83976
88.88216
98.88061
104.79411
116.45108
12.43824
24.87647
38.03732
50.66741
63.10565
75.54388
78.85486
91.33399
104.09038
105.48387
12.43824
25.04847
34.38363
46.82186
56.83516
69.27340
81.01546
93.45370
96.62843
109.06667
12.43824
24.87647
37.31471
50.58922
63.02745
76.16650
87.86967
101.04565
114.12866
115.14506
12.43824
24.87647
25.57381
38.01205
51.19775
63.63599
64.92099
72.18892
84.12805
92.88960
12.43824
24.87647
37.31471
50.08534
59.81123
72.24947
84.43373
96.78208
106.51988
119.70206
12.43824
24.87647
36.33994
48.80962
61.68673
74.12497
87.09235
99.53059
110.42006
123.53419
12.43824
24.11707
36.55530
48.41096
61.52220
74.02249
86.46073
98.89897
111.96433
124.40257
12.43824
24.87647
37.95320
50.39143
63.06571
75.50394
87.94218
100.38042
105.50243
117.94066
12.43824
24.87647
37.31471
49.75295
62.84175
74.65931
87.61935
100.05542
112.49365
124.93189
12.43824
24.87647
37.75982
50.83872
63.27695
76.16800
86.59060
99.02884
100.79263
113.23086
12.43824
24.87647
37.31471
50.45204
54.34699
66.78522
75.69241
88.13065
93.57140
105.83038
12.43824
24.88980
37.32804
49.76628
62.20451
74.64275
87.08098
95.82718
108.26541
119.68621
12.43824
24.87647
37.55106
50.11567
63.29848
76.46706
88.90530
101.34353
113.78177
126.22001
12.43824
24.87647
31.61695
44.05519
48.71815
61.15639
72.16892
84.60715
91.78128
104.21952
12.43824
24.87647
38.05269
50.49093
62.92916
76.01330
88.45154
99.24068
105.60886
118.04710
12.43824
24.87647
37.31471
50.44747
62.88570
75.32394
87.76218
100.87888
109.73182
119.30712
12.43824
25.47115
37.90939
50.91720
64.07328
76.51152
88.94975
100.54610
113.35391
123.86132
12.43824
24.87647
37.31471
49.75295
62.19118
74.62942
87.26171
97.08326
109.52150
121.22451
12.43824
24.87647
37.31471
49.75295
60.52606
73.05459
86.00864
98.44688
106.61687
117.50540
12.43824
24.87647
37.31471
49.75295
62.78744
75.22568
82.83533
89.09248
101.13406
113.57230
12.43824
24.87647
37.31471
49.75295
62.76385
75.20208
87.64032
98.37584
111.30968
116.40290
12.43824
24.87647
37.31471
44.52089
56.95913
69.58686
82.90780
95.34604
104.28734
116.72557
12.43824
24.87647
37.31471
49.75295
62.19118
74.75512
87.19336
99.82981
110.77054
124.10564
12.43824
24.87647
37.31471
49.76897
62.20721
75.27169
80.93582
93.37405
105.83752
116.49986
12.43824
24.87647
37.91210
50.11745
56.55100
69.35857
81.79680
94.68353
107.12177
115.29779
12.43824
24.87647
37.73423
50.17247
62.09021
67.23399
79.67222
92.03421
104.63784
117.14628
12.43824
24.87647
33.31487
45.75311
58.19134
67.65200
80.69861
91.22965
103.73797
116.22097
12.43824
24.87647
37.97529
51.28192
63.72015
76.15839
89.11300
101.55124
110.94248
123.95086
12.43824
24.33510
36.77334
49.37805
61.81629
74.25453
85.26048
98.41083
101.62447
112.41448
12.43824
24.87647
37.31471
49.75295
62.75895
75.83027
88.65285
101.72275
114.16098
126.65363
12.43824
24.87647
37.65619
50.09443
62.58965
75.63599
88.19948
100.63771
113.39277
123.04388
12.43824
24.87647
37.31471
47.74180
60.18004
72.61827
85.54939
97.98762
110.51796
124.02339
12.43824
24.87647
36.95843
49.86584
61.01870
73.45693
85.89517
98.33341
110.77164
124.05219
12.43824
15.25732
27.69556
40.13379
52.57203
65.01026
77.62632
90.06456
103.17275
108.10320
12.43824
24.87647
32.32416
45.46984
57.90808
70.34631
83.88985
96.45989
105.75907
115.32022
12.43824
24.87647
37.31471
50.49892
63.61434
76.05258
88.49081
100.92905
113.40960
125.36688
12.43824
24.87647
32.88531
45.32355
57.52355
69.96178
82.73444
93.67942
106.11766
120.12070
12.43824
24.87647
38.05465
50.98573
64.15943
65.28660
74.26928
86.91669
99.35493
100.23418
12.43824
25.04729
35.21292
47.65116
60.08940
71.76691
84.51312
96.57931
109.11282
121.49886
12.43824
24.87647
37.99295
50.43119
63.02467
75.46290
88.49415
100.93239
113.91188
125.42383
12.43824
24.87647
34.11309
39.80795
52.24619
64.68443
77.12266
87.20452
100.45587
112.96993
12.43824
24.87647
37.31471
49.75295
62.91176
75.34999
86.42321
98.86145
101.78559
114.26801
12.43824
24.87647
37.61106
50.04930
62.48753
71.98385
85.14288
97.69587
110.22976
117.40770
12.43824
22.32213
34.76036
47.19860
58.40694
70.84517
83.28341
89.71828
102.69416
115.13240
12.43824
24.87647
37.31471
49.75295
59.25376
61.02843
73.46667
85.90490
98.34314
105.67955
12.43824
24.87647
37.31471
50.42081
63.05040
75.48864
87.31356
99.28231
111.72055
115.00136
12.43824
24.87647
37.31471
50.34661
62.78485
75.44329
87.88152
100.31976
106.86572
114.78094
12.43824
24.87647
37.31471
49.75295
62.19118
74.62942
86.14194
99.66108
111.91541
124.35365
12.43824
25.20590
37.64414
48.39283
60.83269
73.27093
79.73209
81.23961
94.40429
107.10224
12.43824
24.87647
37.31471
49.75295
62.19118
74.62942
85.25523
97.11793
109.55616
120.88202
12.43824
25.49309
38.47596
50.91419
64.09389
73.85478
86.29301
91.47301
104.83687
112.20116
12.43824
24.87647
37.31471
49.75295
63.48600
75.16696
88.52241
99.86669
106.80129
120.21740
12.43824
24.87647
37.65842
48.06342
61.21062
73.64886
86.44492
99.04119
111.47943
123.91766
12.43824
25.17425
37.61248
49.84916
62.64416
75.08240
87.42707
99.86579
112.30403
124.74227
12.43824
24.87647
37.31471
49.75295
61.64977
74.08800
87.27085
99.76776
108.75561
118.81526
