12.43824
24.87647
37.31471
49.75295
62.42265
74.86089
87.29912
93.36394
102.59140
115.02964
12.43824
24.87647
37.31471
49.75295
62.19118
74.62942
87.73301
100.17124
112.94301
125.37928
12.43824
24.87647
37.31471
49.75295
60.58377
73.02200
85.46024
97.89848
110.30787
123.38590
12.43824
24.87647
37.31471
48.87834
62.05459
74.49282
87.60291
98.43181
110.89438
123.33261
12.43824
22.54895
34.98719
47.42543
59.86366
72.30190
83.08255
94.94183
106.77500
119.69595
12.43824
24.87647
37.31471
50.39280
63.04137
73.18797
85.62621
98.06445
111.24953
121.45461
12.43824
24.87647
37.31471
49.75295
57.32379
70.47480
82.91304
95.32163
107.71100
115.57083
12.43824
24.87647
37.31471
49.75295
62.19118
74.62942
87.06765
99.50589
112.85395
125.29219
12.43824
24.87647
38.03589
50.47413
63.51100
75.94924
85.31495
98.19563
110.63387
114.51148
12.43824
24.16439
36.60263
48.61544
61.05368
73.49192
85.93015
98.36839
110.80662
120.20973
12.43824
24.87647
37.31471
49.75295
62.82355
75.26179
87.84120
100.27944
112.45003
122.50046
12.43824
24.87647
37.31831
49.75654
62.19478
75.24288
87.68111
96.73324
109.17147
121.60971
12.43824
24.87647
37.31471
49.75295
62.19118
74.62942
87.80915
100.87271
106.03986
118.47809
12.43824
24.87647
38.05912
48.26915
60.70739
73.14562
85.58386
98.02210
110.49848
122.93672
12.43824
25.35976
37.79800
50.23624
62.67447
75.50569
80.94205
93.38029
106.91254
119.35078
12.43824
24.87647
35.97269
48.41093
59.94890
72.38714
86.06366
87.43863
99.87686
112.77754
12.43824
24.87647
37.31471
49.75295
62.19118
74.62942
87.06765
99.50589
108.53092
121.71585
12.43824
24.87647
38.05710
46.13480
59.17348
71.61172
84.04995
96.48819
109.11739
121.70126
12.43824
24.87647
37.31471
49.75295
62.19118
73.83839
86.27663
98.71486
111.62325
123.98024
12.43824
24.87647
37.31471
49.75295
62.19118
75.19982
87.63805
97.79486
110.87806
123.40213
12.43824
24.87647
37.31471
49.75295
62.19118
74.62942
76.91793
89.35616
102.10282
107.55888
12.43824
24.87647
33.27608
41.77575
54.21398
64.64713
77.08537
89.52360
101.96184
114.35846
12.43824
24.87647
37.31471
49.17170
61.60994
74.04817
86.48641
96.74728
109.18552
119.40996
12.43824
24.87647
37.31471
49.75295
60.56269
70.38884
83.28011
95.71835
108.15658
120.59482
12.43824
24.87647
37.31471
49.75295
62.19118
75.35495
87.79318
100.77366
103.53505
115.97329
12.43824
24.87647
37.31471
49.77338
62.21162
74.64986
87.78532
100.22355
112.66179
125.17007
12.43824
24.87647
37.31471
49.75295
62.19118
74.62942
82.63354
89.75140
102.18964
114.62787
12.43824
24.87647
37.31471
49.75295
52.97019
65.40843
79.09955
89.73734
102.17558
115.21567
12.43824
24.87647
37.31471
49.12752
61.56575
67.49854
80.12987
92.56811
104.45787
113.94605
12.43824
24.87647
37.31471
43.98638
55.02978
67.46802
79.90625
92.61681
102.47932
115.20144
12.43824
24.87647
37.31471
49.37829
61.81652
74.25476
86.69300
94.87612
107.50627
112.47400
12.43824
24.87647
37.31471
49.75295
62.19118
75.37821
87.36098
99.79921
112.26143
125.25154
12.43824
24.87647
37.31471
49.75295
62.19118
74.62942
87.06765
100.25450
113.29946
125.11465
12.43824
24.87647
34.63128
45.40344
57.84167
70.27991
83.17812
96.25140
100.15233
106.20018
12.43824
24.87647
37.31471
46.59844
59.03668
71.47491
83.27481
95.71304
108.74239
114.38439
12.43824
24.87647
37.31471
49.75295
62.19118
70.99784
84.09648
96.46619
109.40533
120.96398
12.43824
24.87647
37.31471
49.75295
60.77023
73.93026
86.36850
98.80673
108.97477
121.72971
12.43824
24.87647
37.31471
49.41299
61.85123
74.70728
87.14551
93.08677
106.12536
118.56360
12.43824
24.87647
37.31471
50.01252
62.45076
74.88899
86.21790
98.12974
104.66172
117.09995
12.43824
24.87647
37.31471
49.75295
62.93425
75.37249
85.19823
97.63647
110.07471
122.51294
12.43824
24.87647
37.31471
49.75295
62.76652
75.52770
87.96593
101.06626
104.23982
116.67805
12.43824
25.62425
38.06248
51.34864
63.78688
76.22511
82.11413
90.65951
103.78003
116.34133
12.43824
24.87647
37.31471
49.75295
62.19118
75.35096
87.78920
100.22743
103.85068
113.96498
12.43824
24.87647
37.31471
49.75295
62.19118
74.62942
81.86245
94.30069
102.57840
112.17953
12.43824
24.87647
37.31471
49.75295
62.19118
75.26160
83.46443
96.37308
105.25201
113.93260
12.43824
24.87647
37.31471
50.14717
62.58540
75.02364
83.95850
96.39674
108.83498
113.59452
12.43824
24.30563
32.26178
44.70001
55.68478
68.12302
80.56126
92.99949
97.24750
109.68573
12.43824
24.87647
37.31471
50.30659
62.74483
75.18306
86.19588
96.75746
109.19569
117.12445
12.43824
24.87647
27.58550
40.02374
52.96164
65.39988
70.12167
78.67387
86.43877
94.77355
12.43824
24.87647
37.31471
49.75295
62.85297
75.29120
88.03789
100.47613
109.54012
121.97835
12.43824
24.87647
35.11882
47.55706
59.99530
71.10791
83.54615
95.98439
109.83655
122.99411
12.43824
25.49085
37.92909
49.85599
62.29423
74.73246
87.17070
99.60893
112.62601
125.06425
12.43824
24.87647
37.63973
50.07797
52.83329
65.27152
77.70976
90.14800
92.39099
104.82923
12.43824
24.87647
37.31471
49.75295
62.19118
73.96473
85.81409
94.87292
107.31115
119.74939
12.43824
24.87647
37.31471
49.75295
62.19118
74.62942
85.57151
98.00975
105.32936
117.76760
12.43824
24.87647
37.31471
49.22372
51.80022
64.23846
75.09918
78.01315
89.26337
100.41597
12.43824
24.87647
37.31471
49.75295
62.19118
74.62942
87.06765
99.71097
112.14921
124.90437
12.43824
24.87647
37.31471
49.75295
62.19118
75.22988
87.66812
100.10636
112.54459
124.98283
12.43824
24.87647
36.13660
48.57484
54.14334
66.58158
79.76033
92.19857
99.86182
112.30005
12.43824
24.87647
37.31471
49.75295
62.19118
74.62942
87.06765
96.33449
101.06999
113.50822
12.43824
24.87647
37.31471
49.48260
61.92084
74.35907
86.79731
99.23554
108.72020
120.61746
12.43824
24.87647
37.31471
49.75295
62.36390
74.80214
87.24038
100.40880
112.75571
119.11963
12.43824
24.87647
37.31471
49.75295
62.79355
75.23179
88.35844
100.57306
113.01130
121.61871
12.43824
24.87647
37.31471
49.75295
57.33781
64.17389
77.63739
90.07562
101.18227
113.71698
12.43824
24.87647
37.31471
49.75295
62.19118
74.62942
87.58169
100.61687
113.80024
126.23848
12.43824
24.87647
37.31471
49.75295
62.53001
74.96825
87.40649
100.46935
113.63943
123.42388
12.43824
24.87647
37.31471
49.81359
62.25182
74.69006
87.48241
99.92064
112.65135
125.08959
12.43824
24.87647
37.31471
49.75295
62.19118
74.62942
87.06765
98.79960
110.33228
123.12193
12.43824
24.87647
37.31471
49.75295
62.19118
75.35243
79.29303
91.73126
104.16950
117.88905
12.43824
24.87647
37.31471
49.75295
62.87487
75.31311
87.75134
100.18958
112.62781
124.32507
12.43824
24.87647
37.31471
49.75295
62.93789
75.05794
87.49618
100.72496
113.16319
125.60143
12.43824
24.87647
35.04590
47.48413
59.92237
72.36061
84.79884
97.98510
110.42334
122.86157
12.43824
24.87647
37.31471
50.39376
62.83200
75.27024
87.70847
100.16309
112.66658
125.10481
12.43824
25.46421
37.90245
50.34069
62.77892
75.21716
89.12090
101.55913
104.34305
116.44070
12.43824
24.87647
37.31471
49.75295
62.19156
75.03274
79.67010
92.10834
104.54657
115.25050
12.43824
24.87647
37.31471
49.75295
62.19118
75.22603
87.78808
100.22632
112.66455
125.33663
12.43824
24.87647
37.31471
46.81635
59.25459
66.58352
79.02175
91.45999
103.89823
113.45311
12.43824
24.87647
37.31471
49.75295
62.01443
74.45267
86.89091
99.43463
111.87286
125.00057
12.43824
17.19393
29.63217
42.07040
54.50864
66.94687
79.38511
91.82335
99.47609
112.72681
12.43824
24.87647
37.34369
50.07814
62.51638
74.95461
87.47764
99.91588
111.87770
124.46704
12.43824
24.87647
37.31471
49.75295
62.93103
75.36926
87.80750
100.24573
112.69497
125.89866
12.43824
24.87647
36.14532
48.58355
57.97497
70.41321
82.85144
95.77917
108.21741
116.70326
12.43824
24.87647
37.31471
49.75295
62.19118
71.71905
76.34597
88.53654
100.97478
102.00379
12.43824
24.46522
30.50437
42.94260
55.38084
67.91995
81.10672
93.54496
105.98319
117.74166
12.43824
24.87647
37.31471
49.75295
62.19118
74.62942
87.06765
99.50589
112.54156
125.66689
12.43824
24.87647
37.37324
47.72973
60.16796
72.60620
85.04444
97.63016
110.75789
123.84087
12.43824
24.87647
37.31471
49.75295
61.57774
74.01598
86.82199
99.26023
105.85459
119.02068
12.43824
24.87647
37.36810
49.80633
62.24457
73.60636
86.65852
99.09675
111.53499
123.84997
12.43824
25.40660
37.84484
50.28308
63.30515
75.74339
88.18162
99.26552
104.21732
116.65555
12.43824
24.87647
37.31471
49.75295
56.92862
61.52383
73.96207
86.40031
98.83854
109.57224
12.43824
24.87647
37.31471
49.75295
62.19118
74.62942
83.70087
96.13911
108.57735
122.38460
12.43824
24.87647
37.31471
49.75295
62.19118
74.69930
87.13754
99.57578
102.12507
113.03598
12.43824
24.87647
37.31471
49.75295
62.19118
74.62942
78.91709
91.35532
104.50371
116.94195
12.43824
24.87647
37.31471
47.10705
59.54529
71.98352
82.54738
85.70564
98.14387
110.58211
12.43824
24.87647
37.31471
49.75295
62.19118
74.62942
79.73661
92.90019
105.33842
118.12068
12.43824
24.87647
37.31471
49.75295
62.19118
75.27995
87.88488
95.84166
108.27990
113.34317
12.43824
24.87647
37.01516
49.45340
62.62785
75.79911
88.23735
97.56731
110.52748
123.19627
12.43824
24.87647
37.31471
47.93300
60.37124
72.80947
85.74916
98.18740
111.37228
123.81052
12.43824
24.87647
37.31471
50.04356
62.48180
74.92004
87.65038
100.83742
113.27565
125.71389
12.43824
24.87647
37.31471
49.75295
62.93726
76.00402
88.44226
99.39043
107.12119
117.07278
