12.43824
24.87647
37.31471
50.33979
61.69068
65.64170
79.21557
92.54257
99.69123
103.29115
12.43824
25.58747
38.02570
46.79237
56.03194
68.12317
77.84888
82.43181
84.17541
97.08477
12.43824
23.83763
36.37639
48.81462
57.26257
69.70081
80.13622
88.05719
100.49542
102.57786
12.43824
24.87647
32.09663
45.25506
58.22605
66.78384
79.86945
88.33385
100.21911
107.46616
12.43824
25.43632
35.54196
48.85415
57.48426
67.95175
80.89080
93.58768
106.63008
115.67083
12.43824
24.87647
37.31471
44.61041
52.71783
65.41209
78.29326
90.73150
103.16973
116.69847
12.43824
25.54077
38.09547
48.68855
62.17568
64.37421
72.72326
75.59231
83.85686
95.15490
12.43824
24.87647
32.36129
44.79952
57.23776
66.87587
80.59068
93.51717
105.95541
109.49225
12.43824
24.99960
32.64056
39.01182
46.94443
50.78822
56.93094
68.13408
81.39316
84.00969
12.43824
22.02743
33.67003
36.49336
49.32108
61.75932
74.66967
87.85499
100.29322
109.25005
12.43824
24.87647
37.31471
49.39636
62.48702
76.08013
88.74269
101.70870
112.94114
121.39404
12.43824
24.87647
33.10910
45.54734
58.36075
72.33538
86.14316
97.14678
108.59593
112.97698
12.43824
25.61336
38.05160
50.49291
63.43361
70.88809
79.29404
85.28788
96.59009
109.26197
12.43824
24.87647
37.56739
43.77088
56.67234
66.72860
79.16684
83.36244
93.65581
106.30472
12.43824
25.60792
38.66375
51.39429
63.83253
72.36197
78.00219
89.75411
102.76401
107.78735
12.43824
24.87647
37.96283
46.39422
57.27747
69.71570
78.74608
85.18552
95.14925
97.53026
12.43824
25.60403
38.46337
46.32185
58.88537
73.26990
82.38075
88.01899
89.49754
92.88552
12.43824
24.87647
35.88648
47.22614
54.32560
67.13360
77.79675
85.69036
97.32175
106.95143
12.43824
24.99303
30.76873
43.78041
47.46137
60.57723
72.29035
75.70581
76.17020
89.89767
12.43824
24.87647
38.06135
50.49958
62.93782
70.29850
82.94234
92.97857
103.16403
117.18420
12.43824
24.87647
37.78230
47.40159
54.32254
66.76078
78.52021
91.90670
99.08948
104.17354
12.43824
24.78014
32.36721
44.82158
57.25982
67.45350
79.78417
92.60313
98.05873
108.43974
12.43824
25.54566
33.91540
40.46783
52.10373
56.37932
69.56374
78.64380
80.63944
82.85872
12.43824
24.17549
36.61372
40.74387
42.61836
49.35202
56.04795
69.27554
79.43900
91.58119
12.43824
24.03486
36.58944
49.97304
54.38911
59.41713
71.84812
72.74646
76.82772
89.26596
12.43824
25.24225
35.29554
35.51916
47.95739
53.73764
66.87184
73.15404
86.06757
96.84842
12.43824
25.60845
38.04668
51.19609
59.32906
71.16184
73.18057
85.80891
99.44932
112.87986
12.43824
24.87647
37.31471
50.29196
55.11545
64.99932
65.67032
66.47608
71.77551
85.46294
12.43824
24.87647
37.31471
50.24933
62.68757
75.65142
84.30813
97.51804
102.43940
111.09406
12.43824
24.87647
37.71184
48.83080
61.53766
73.97590
85.28106
92.58604
101.16798
108.23142
12.43824
24.87647
35.69352
48.13176
59.40738
72.13669
85.04698
91.25281
105.16620
119.36713
12.43824
21.83966
34.29077
47.13853
55.81145
61.97146
74.40970
86.90870
93.46622
104.51962
12.43824
24.87647
36.27858
48.71681
56.77551
57.61372
63.03971
63.74423
66.29499
78.73323
12.43824
24.30967
30.02594
40.22672
52.82910
62.57960
74.53991
75.73032
88.91200
91.84990
12.43824
24.87647
35.04654
37.73743
50.92381
62.53815
69.81573
77.39413
78.38199
80.71071
12.43824
24.87647
36.75332
49.56204
62.63335
66.63280
76.67895
84.37249
97.20188
100.95507
12.43824
25.47434
38.69163
51.12986
63.56810
72.52544
86.19309
94.42370
104.24480
109.93262
12.43824
24.87780
37.56519
50.58734
54.54033
59.46473
72.59689
78.70647
80.91529
86.48268
12.43824
20.55311
24.82233
31.93653
35.18460
40.13121
53.05081
61.94156
75.44450
82.25776
12.43824
25.40802
37.84626
50.92699
62.89358
75.98195
78.14564
91.24971
104.52716
107.35886
12.43824
25.00455
32.89774
46.61159
59.69372
60.66362
71.64327
84.46072
89.43792
102.84562
12.43824
24.87647
37.78779
42.86320
52.68208
64.14140
71.59696
83.35409
86.37961
98.81785
12.43824
24.87647
38.03678
50.65398
63.09222
73.60778
84.77287
95.12654
108.27605
111.02247
12.43824
24.87647
37.31471
50.34726
64.21993
76.38482
85.19105
98.67398
102.78337
112.68594
12.43824
25.60628
32.65667
45.09490
54.71183
63.45862
76.17605
85.28991
97.77136
108.28934
12.43824
24.87647
31.50412
44.26366
57.44876
69.88700
80.83710
93.85935
106.43794
112.39682
12.43824
24.97425
35.25144
42.40263
53.49706
65.93530
78.34690
82.19714
83.66196
96.79654
12.43824
24.87647
37.31471
49.01210
62.62376
68.68119
79.33760
87.15841
92.44636
96.36889
12.43824
24.87647
36.61112
49.17058
62.28782
75.47664
78.26681
86.98872
94.60230
99.95271
12.43824
24.87647
37.39750
49.93721
56.63638
69.10253
70.85395
83.29218
-1.00000
-1.00000
12.43824
24.87647
31.59458
44.76138
57.79534
65.00502
78.89465
85.57745
94.88615
107.32439
12.43824
25.61583
38.13532
42.80455
55.24278
66.63520
79.07344
88.02012
100.68746
103.39462
12.43824
25.36774
30.74073
43.40588
56.31713
60.41125
73.58086
77.32833
89.92732
92.96078
12.43824
25.60653
38.46860
44.01480
52.72989
55.52597
64.28582
76.13417
88.57240
101.01064
12.43824
24.87647
37.65810
50.58196
63.02020
74.53163
84.18614
89.18456
100.30501
111.36266
12.43824
24.87647
37.57963
45.20862
54.36958
61.96813
71.24517
80.39110
83.38047
89.20527
12.43824
21.91784
34.35607
47.45883
59.76203
63.02431
67.81450
75.13929
86.17150
87.03723
12.43824
24.87647
35.49758
39.72868
43.71747
48.57006
52.64402
54.24763
57.33013
69.76836
12.43824
25.48865
31.22746
44.14740
51.32197
64.47294
74.61428
87.80064
96.89802
109.52377
12.43824
25.27334
33.65713
41.59034
54.02858
66.46682
78.96102
91.40444
93.55843
106.62260
12.43824
17.27455
19.87456
29.35771
42.48381
54.92205
67.42590
80.08366
90.36490
95.56901
12.43824
24.13804
37.17460
47.76837
56.62055
59.32332
71.04607
74.08658
78.46716
80.87300
12.43824
25.35768
38.73999
51.47619
64.11989
73.15349
77.24990
80.14420
92.58244
101.97778
12.43824
22.90546
36.06890
48.23213
53.71671
66.15495
79.49303
91.93768
105.09873
115.95729
12.43824
24.87647
37.31471
50.45527
62.89350
75.69739
78.71882
81.10754
94.15511
108.38448
12.43824
25.24324
37.68148
50.71611
59.72884
72.16708
81.60586
89.16736
97.77957
102.06931
12.43824
24.95874
37.39698
43.16908
56.34062
64.97733
74.85284
87.29108
99.72931
113.29577
12.43824
24.87647
38.06350
50.50174
58.87298
72.82047
85.44656
92.39304
95.12485
101.06933
12.43824
25.51353
29.61153
42.74131
56.09836
63.30532
75.21706
85.65688
92.19424
101.19946
12.43824
23.99616
37.23091
48.82983
61.28924
62.35790
72.20753
85.90324
98.34148
101.24189
12.43824
24.87647
37.74439
47.33802
60.25797
67.10234
79.91333
92.92704
98.45747
107.21876
12.43824
25.04450
30.24837
40.63138
53.04965
61.79694
71.57747
72.70201
77.17742
89.65257
12.43824
24.87647
34.62199
42.56588
51.53971
64.89370
71.60678
76.61163
77.33416
88.71205
12.43824
25.62463
38.55566
50.99390
64.55896
71.59244
83.11289
95.55113
108.27745
121.13849
12.43824
24.87647
37.31471
50.41590
59.78061
72.46419
73.50565
83.72510
97.39811
109.36283
12.43824
24.87647
37.31471
49.75295
62.11201
69.62347
82.06171
94.49995
106.24049
114.51377
12.43824
25.34684
30.16299
34.61408
36.24120
42.14284
54.58107
63.99683
68.35073
80.78897
12.43824
25.24091
38.38716
51.96067
64.40781
76.84605
84.13106
94.56291
105.64792
118.08616
12.43824
25.60565
38.04388
51.48813
63.96202
68.23934
79.27740
85.46261
96.28648
102.16218
12.43824
24.87647
36.24742
48.68565
61.12389
74.26850
87.05032
98.26289
102.41139
107.81920
12.43824
25.53177
36.61432
49.55374
57.65985
70.31547
82.90728
85.49866
95.35123
99.98297
12.43824
24.87647
36.75190
46.36766
52.46447
64.90270
70.18315
70.71770
79.07175
80.98810
12.43824
24.87647
34.14387
48.11202
53.39650
54.87944
58.78558
59.71709
69.11785
79.92732
12.43824
15.79193
28.81467
41.73446
49.87339
58.28556
69.30600
81.47150
92.32078
103.08030
12.43824
24.87647
37.19455
49.63279
59.85283
72.32085
86.21075
99.14393
110.64560
123.79941
12.43824
24.40249
31.99213
38.29617
49.62565
62.06389
75.39259
84.00782
97.24334
106.16317
12.43824
25.54846
38.39179
50.83002
54.12382
66.87691
67.00910
68.45601
81.57593
93.19048
12.43824
24.87647
33.25878
45.69702
58.40970
68.32172
78.62392
85.47253
98.26339
108.61837
12.43824
18.62706
31.06530
43.54357
57.17426
70.27125
83.43368
86.35290
96.11649
106.25102
12.43824
24.87647
37.31471
46.85085
50.30372
58.62412
71.28892
84.46308
89.64959
99.35132
12.43824
24.87647
37.31471
50.09903
63.02242
75.46066
82.48175
90.00144
103.47873
105.62957
12.43824
25.24143
32.78590
45.90744
58.34862
71.20474
83.78850
93.11824
105.62044
112.66630
12.43824
24.87647
37.50189
48.07694
57.50453
59.79101
72.97773
85.41597
98.67988
111.52106
12.43824
23.03413
35.47237
48.76178
51.91632
64.28913
74.26037
74.95673
87.93191
95.47432
12.43824
24.87647
37.31471
45.87627
57.52132
62.51430
67.79654
71.86407
85.07494
95.32408
12.43824
25.43321
37.79421
50.23244
63.41079
72.95748
82.65551
91.71847
98.10982
99.45634
12.43824
25.40819
37.84642
50.00010
51.26147
62.19379
64.52862
74.33868
87.37019
99.80842
12.43824
25.53838
38.69150
46.23253
52.90156
65.99027
79.44531
87.02626
93.75885
104.87949
12.43824
24.87647
30.39014
39.30745
40.54826
53.57479
64.87038
67.34256
80.86096
93.29920
12.43824
24.97775
36.71436
50.03443
51.71983
63.06917
76.24847
80.01138
87.84779
88.17368
