12.43824
24.87647
37.31471
49.75295
61.42765
73.86588
86.30412
98.47574
106.62555
119.06379
12.43824
24.87647
37.31471
50.31215
62.75038
75.18862
88.33987
101.28318
114.46948
123.85196
12.43824
24.87647
37.31471
49.75295
59.49916
72.68458
85.27947
97.71770
110.69863
123.81236
12.43824
24.87647
37.31471
46.21770
59.32465
71.76288
84.32227
97.27995
110.31752
123.04294
12.43824
21.88113
34.31937
46.75760
59.19584
71.63408
81.93563
92.18653
104.94713
118.12842
12.43824
24.87647
37.31471
50.50145
62.89099
70.01457
82.45280
94.89104
106.74331
116.52316
12.43824
24.87647
37.31471
49.75295
61.06806
68.91959
81.35782
93.52880
104.87646
114.23955
12.43824
24.87647
37.31471
49.75295
62.19118
75.36495
88.43662
100.87486
114.04958
126.92224
12.43824
24.87647
33.46519
45.90342
59.15126
71.58950
78.27178
88.19464
100.63287
104.38777
12.43824
25.03667
38.20650
47.35131
59.78955
72.22778
84.66602
97.10425
109.54249
119.49286
12.43824
24.87647
37.31471
49.75295
60.97236
73.41059
86.54790
98.98614
111.92035
118.66403
12.43824
24.87647
36.58566
49.02390
61.46213
74.32345
86.76169
89.12540
101.88786
114.90474
12.43824
24.87647
37.31471
49.75295
62.62033
75.05857
87.77149
100.19830
111.90734
124.87753
12.43824
24.87647
34.95129
48.11080
60.54904
72.98727
85.42551
98.11050
108.77914
121.21738
12.43824
25.30889
37.74712
50.18536
62.62360
74.72368
87.09194
99.54889
109.86973
123.04294
12.43824
24.87647
33.76755
46.20579
57.36547
69.80371
82.25532
83.54938
95.98762
100.20380
12.43824
24.87647
37.31471
49.75295
62.19118
74.62942
87.06765
99.50589
106.76704
119.87140
12.43824
24.87647
38.06129
45.16287
57.72515
70.16339
82.60162
95.03986
107.57050
118.36891
12.43824
24.87647
37.31471
49.75295
62.19118
71.74089
84.17912
97.25238
109.58121
120.88598
12.43824
25.01849
37.45673
49.89497
62.33320
75.17961
87.61784
100.41546
112.98146
125.41970
12.43824
24.87647
37.31471
49.75295
62.19118
74.62942
87.85054
100.28878
109.26695
120.12628
12.43824
24.87647
32.20208
36.27000
48.70823
59.88904
72.32728
84.96232
97.40056
108.30979
12.43824
24.87647
37.31471
50.11319
62.55143
74.98967
87.42790
100.34392
113.47919
118.88735
12.43824
24.87647
37.31471
49.75295
62.85470
73.15660
86.58730
99.02553
111.46377
123.90201
12.43824
24.87647
37.31471
49.75295
62.19118
75.22204
87.66027
99.96641
112.95225
125.39049
12.43824
24.87647
37.31471
39.12160
51.55984
63.99808
77.04364
89.48187
101.92011
114.47342
12.43824
24.87647
37.31471
49.75295
62.19118
74.62942
81.12597
87.88184
100.32007
112.75831
12.43824
24.87647
37.31471
49.75295
58.83647
71.27471
84.48709
88.75645
101.63865
114.82501
12.43824
24.87647
37.31471
48.74723
61.18546
67.82150
81.35359
93.79183
107.31995
114.07813
12.43824
24.87647
37.31471
47.19228
60.18753
72.62577
85.06400
98.22434
103.96011
116.86136
12.43824
24.87647
37.31471
50.19567
62.63390
75.07214
87.51037
95.99489
109.09789
119.74795
12.43824
24.97182
37.41006
49.84829
62.28653
75.44317
86.60671
99.04495
111.85213
125.18358
12.43824
24.87647
37.31471
49.75295
62.19118
74.62942
87.06765
100.35526
112.84352
124.06700
12.43824
24.87647
34.69686
47.57678
60.01502
72.45325
82.96260
95.15629
97.56552
103.86081
12.43824
24.87647
37.83933
46.50097
59.48892
71.92716
84.05347
96.49171
109.18796
118.17893
12.43824
24.87647
37.31471
49.75295
62.19118
74.70660
87.40240
98.32979
111.12054
119.16076
12.43824
25.33745
37.77569
50.21392
57.22312
70.28525
82.72348
95.89489
99.06581
112.23641
12.43824
24.87647
37.31471
49.22419
61.66243
74.84023
87.27847
95.47818
107.92138
120.35961
12.43824
24.87647
37.31471
49.75295
62.19118
74.62942
82.73414
95.12549
102.84755
115.28579
12.43824
24.87647
37.31471
49.75295
62.84858
75.28681
84.09966
96.53790
108.97614
121.41437
12.43824
24.87647
37.31471
49.75295
62.81707
75.87380
88.31204
99.25111
100.94835
113.38659
12.43824
22.54028
34.97852
44.87093
57.30916
69.74740
82.27018
88.57681
99.21119
112.32537
12.43824
24.87647
37.31471
49.75295
62.19118
75.36278
87.80102
100.23926
109.86357
116.06500
12.43824
24.87647
37.31471
49.75295
62.64909
75.08733
80.33216
92.77040
99.34079
110.26468
12.43824
24.87647
37.83312
50.27136
62.70959
75.14783
84.34470
95.12307
102.97412
112.03491
12.43824
24.87647
37.97732
50.79598
63.23422
75.67246
80.95960
93.39784
105.83607
117.23668
12.43824
16.58101
28.66684
41.10508
48.62821
61.06645
74.02835
86.46658
94.52543
106.96367
12.43824
24.87647
37.31471
50.49616
62.93439
75.37263
85.11659
90.87979
104.06042
111.80487
12.43824
24.87647
29.31104
41.74928
54.91732
67.35555
73.84053
79.16711
92.27136
95.74441
12.43824
24.87647
37.31471
49.75295
62.73745
75.66558
88.70994
101.14817
108.67967
121.46118
12.43824
24.87647
37.72132
50.15956
62.59779
71.75053
84.18877
97.09753
110.48271
123.57556
12.43824
25.55196
37.99020
51.09315
63.53139
75.96962
88.40786
100.84609
113.17908
125.61731
12.43824
24.87647
38.01677
50.45501
57.95671
70.39495
82.83318
95.27142
96.65396
109.66469
12.43824
24.87647
37.31471
50.34689
62.78513
75.65884
85.97243
87.38072
100.25126
112.68950
12.43824
24.87647
37.31471
50.15009
62.58833
75.22894
78.90514
91.34338
103.42720
115.86544
12.43824
24.87647
37.31471
50.49571
55.80102
68.23925
81.46624
92.82278
101.26938
113.72156
12.43824
25.22096
37.65920
50.09744
62.53567
74.97391
87.41215
93.72295
106.22785
118.54685
12.43824
24.87647
37.31471
49.89620
63.06293
76.30532
88.74355
101.18179
113.62003
126.05826
12.43824
24.87647
33.87001
46.30824
53.48130
65.91953
79.73037
92.20431
99.23385
111.67208
12.43824
24.87647
38.06311
50.61791
63.05614
75.49438
87.93262
94.74027
95.66527
108.10350
12.43824
24.87647
37.31471
50.41214
62.85037
75.28861
87.72685
100.36176
113.83522
127.72795
12.43824
24.87647
37.31471
49.83103
62.81828
75.96889
88.40712
101.15164
113.84530
125.84659
12.43824
24.87647
37.31471
49.75295
62.34758
74.78581
87.50135
99.97325
112.41149
119.82706
12.43824
24.87647
37.31471
49.75295
57.78113
64.08797
75.66600
88.10423
98.61513
112.32487
12.43824
24.87647
37.31471
49.75295
62.61769
75.05593
87.49659
100.87722
113.76176
126.20000
12.43824
24.87647
37.31471
49.75295
62.19118
74.62942
87.60456
100.44132
112.50198
125.51203
12.43824
24.87647
37.31471
49.26884
61.70707
74.79843
87.69770
100.13594
113.54692
125.98516
12.43824
24.87647
37.31471
49.75295
62.19118
75.15288
87.59112
98.34610
110.32821
122.76645
12.43824
24.87647
37.31471
49.75295
62.19118
73.64705
77.48070
89.91893
102.35717
114.89520
12.43824
24.87647
37.31471
49.75295
60.70992
73.14816
85.91271
98.40643
110.84467
124.04890
12.43824
24.87647
37.32214
49.76038
62.94417
75.38240
87.82064
101.13039
114.05885
127.06537
12.43824
24.87647
36.56735
49.00558
61.44382
74.02869
86.46692
99.62085
112.52886
124.96709
12.43824
24.87647
37.31471
48.16077
60.59901
73.03724
85.47548
98.41231
111.61963
124.77564
12.43824
24.93833
37.37656
49.81480
62.25304
74.69127
88.04382
100.67533
109.76602
120.22843
12.43824
24.87647
37.31471
49.75295
61.02655
73.58042
79.90169
92.88316
105.32139
115.18131
12.43824
24.87647
37.31471
49.75295
62.28500
70.43310
83.54657
95.98481
108.42305
121.29973
12.43824
24.87647
37.31471
49.75295
62.19118
68.61676
81.45019
93.88842
106.32666
119.54724
12.43824
24.87647
37.31471
49.75295
62.64197
75.08021
87.51844
100.66241
113.10065
126.04358
12.43824
16.51446
28.95270
41.39094
53.82917
66.26741
78.70564
91.14388
98.76053
99.62525
12.43824
24.87647
37.96864
50.06414
62.50237
75.28108
87.71931
100.15755
109.02073
121.85775
12.43824
24.87647
37.31471
50.01948
62.71268
75.15091
87.58915
100.02739
113.03815
126.64867
12.43824
24.87647
38.01400
50.45224
58.24113
70.67936
83.11760
95.64157
108.07981
117.12576
12.43824
24.87647
37.31471
49.75295
62.20228
71.77582
75.70419
88.58727
101.02551
101.47277
12.43824
19.51683
22.22815
34.66639
47.10463
60.29656
73.25966
85.69790
98.13613
108.24094
12.43824
24.87647
37.31471
49.75295
62.19118
74.62942
87.06765
99.50589
110.74788
124.24044
12.43824
24.87647
37.38951
50.28067
62.71891
75.15715
87.59538
100.34836
113.75001
126.63005
12.43824
24.87647
37.31471
49.75295
62.63007
75.06831
86.04579
98.48402
102.97073
115.40897
12.43824
24.87647
38.04515
50.48339
62.92163
66.57219
79.27386
91.88202
104.32026
116.42784
12.43824
25.24961
37.68785
50.12608
63.28698
75.72522
88.16346
99.87494
112.29911
124.73734
12.43824
24.87647
37.31471
50.20794
59.15212
64.77450
77.21274
89.65098
102.08921
113.72359
12.43824
24.87647
37.31471
49.75295
62.19118
74.62942
81.74672
94.88210
107.32033
113.20645
12.43824
24.87647
37.31471
49.75295
62.19118
75.72986
88.16810
100.60633
102.83046
116.20157
12.43824
24.87647
37.31471
49.75295
62.75277
75.19101
85.03446
97.48666
103.09240
115.53064
12.43824
24.87647
37.31471
50.49733
63.61292
76.05116
85.93715
95.23715
107.67539
120.11362
12.43824
24.87647
37.31471
49.75295
62.19118
74.62942
76.32707
87.57977
100.01801
112.39090
12.43824
24.87647
37.31471
49.75295
62.19118
75.51259
88.69792
100.95856
113.50597
119.83873
12.43824
24.87647
33.09557
45.53380
58.66761
70.99698
83.43521
95.09445
108.40768
120.30626
12.43824
24.87647
37.31471
48.58100
61.65222
74.09046
86.59582
99.03406
110.61548
123.05371
12.43824
24.87647
37.31471
50.41703
62.85526
75.29350
87.92904
101.09216
113.53040
125.96863
12.43824
24.87647
37.31471
49.75295
62.19118
75.05846
88.04050
90.38024
96.60950
104.75570
