12.43824
24.87647
37.31471
50.41500
59.32531
71.93765
84.37588
86.33042
91.22231
104.62586
12.43824
24.87647
37.31471
48.24275
61.45071
73.88895
82.52877
93.08079
99.10146
107.46269
12.43824
24.87647
37.31471
49.80355
54.33545
65.13464
77.90905
91.02500
98.38089
104.59044
12.43824
24.87647
37.31471
42.00464
50.71795
63.33729
71.59357
77.21082
86.80892
98.22416
12.43824
17.37133
29.80957
42.24780
54.68604
67.79276
73.73632
80.24607
87.19471
97.15936
12.43824
24.87647
37.81190
46.44196
54.83186
60.94368
74.03675
87.33239
95.76019
98.52032
12.43824
24.87647
37.31471
49.75295
53.01949
55.08270
68.11246
74.38575
76.40798
80.62711
12.43824
24.87647
38.59086
51.02909
63.46733
74.49795
82.05402
94.62681
104.18338
115.28587
12.43824
24.87647
32.54166
44.97990
53.40972
66.47112
70.82959
77.80166
90.64601
91.49519
12.43824
15.00883
25.78022
28.07797
40.51620
53.50482
65.79807
78.69672
91.13496
93.48518
12.43824
24.87647
37.42282
50.36856
55.23995
67.80817
79.56305
92.71535
96.69009
100.08968
12.43824
24.87647
33.14562
45.58386
57.78420
68.65657
81.75342
88.45754
100.10973
109.69862
12.43824
24.87647
37.31471
49.75295
60.64377
74.51074
83.74660
94.18545
95.84839
107.15848
12.43824
24.87647
29.14791
33.65961
46.13246
58.57070
69.80695
82.83541
90.39324
103.36196
12.43824
19.49861
31.93685
44.37508
57.52203
67.58189
72.31272
84.77411
88.75370
100.43850
12.43824
24.87647
30.00465
42.72886
49.11973
62.19490
66.28858
69.35136
82.49018
88.29081
12.43824
24.87647
37.31471
49.35892
61.79715
75.12177
87.83211
101.64332
106.79954
114.74439
12.43824
24.87647
34.21479
37.75102
46.65510
59.49451
71.59180
84.93771
95.36911
100.80495
12.43824
24.87647
37.31471
49.75295
62.86430
69.24716
82.13967
93.02119
102.54061
113.43151
12.43824
23.53369
35.87891
48.31715
60.75539
68.60668
81.04492
86.68387
94.46723
105.19025
12.43824
24.87647
36.20260
48.64084
60.28165
73.06128
79.43768
92.89083
94.71065
97.31492
12.43824
25.10616
31.21795
33.91675
46.35498
53.15210
65.59034
77.31210
91.14062
99.50603
12.43824
24.87647
38.03974
44.40943
56.48748
68.92571
81.53475
88.21443
100.50822
104.99008
12.43824
24.87647
37.37212
49.81036
58.09300
66.92995
78.95672
92.51232
105.58445
118.02269
12.43824
25.04601
37.48424
49.92248
62.91443
71.33653
85.00004
92.02465
94.04732
107.12265
12.43824
24.87647
37.31471
38.85950
51.29774
64.29444
72.25048
85.81924
98.52074
109.46680
12.43824
25.59395
38.03218
49.57974
62.01797
74.50999
78.29961
81.47682
93.63930
106.67440
12.43824
24.87647
37.31471
49.75295
52.89367
66.39026
71.90028
74.52746
85.91950
92.44126
12.43824
24.87647
37.31471
43.48891
56.18869
57.41419
66.15815
78.59639
84.59233
89.87871
12.43824
25.36861
37.80685
41.25591
47.36013
59.79837
72.71353
81.49866
84.22237
94.59445
12.43824
24.87647
37.31471
43.39547
55.83370
68.95786
81.46198
87.86402
99.15019
100.55236
12.43824
24.83346
37.27170
49.70993
62.25214
70.75735
79.46579
91.90402
103.14222
110.73776
12.43824
24.87647
38.02797
50.46621
63.63721
76.46975
89.65359
96.34195
102.16438
109.37681
12.43824
24.87647
32.33862
36.97316
49.41140
62.35885
68.94349
76.46413
77.47511
82.62604
12.43824
24.96761
36.73968
43.29734
54.32931
66.76754
69.68549
81.55136
85.76524
89.38071
12.43824
24.87647
37.63927
49.59681
62.24688
66.85773
75.83096
78.48241
87.94137
90.62214
12.43824
21.77545
34.21368
46.65192
50.45282
57.87643
70.95701
83.06248
85.54754
95.66431
12.43824
24.87647
37.31471
44.23491
57.07088
66.05404
78.58627
82.55161
91.18350
103.51140
12.43824
24.87647
37.31471
49.02674
61.46497
74.45883
82.29444
86.37964
91.38795
104.12221
12.43824
24.87647
37.31471
49.75295
58.24758
71.43192
76.05828
89.22448
101.95882
114.92100
12.43824
24.87647
38.04405
50.66593
57.24512
66.22768
78.66591
86.45703
89.70958
103.05420
12.43824
17.48098
29.91921
36.79587
49.71465
62.15288
65.05291
70.98422
78.05649
89.91219
12.43824
24.87647
37.58387
50.69194
63.13018
71.11474
83.79015
96.74601
101.73009
107.26264
12.43824
24.87647
37.31471
50.41828
58.24017
72.04274
73.70485
86.76809
89.89988
95.77112
12.43824
24.87647
36.01778
48.45602
60.89425
71.19135
71.95794
76.39050
81.58401
89.52823
12.43824
24.87647
35.65361
45.75377
58.19201
70.66286
75.94945
88.64873
101.49452
108.15232
12.43824
16.61056
20.94311
33.38135
38.97125
51.40948
61.55439
73.99263
75.53147
87.96971
12.43824
24.87647
38.00820
43.24237
55.68061
69.08132
72.86974
77.03461
87.65893
95.89301
12.43824
24.87647
26.16121
38.92431
48.95925
61.39748
67.31021
71.79270
72.96317
74.78238
12.43824
24.87647
37.31471
50.12721
55.45694
65.62626
75.85932
87.81727
94.93495
107.26957
12.43824
24.87647
30.35341
42.79165
55.88981
61.29370
74.38646
86.32658
91.72319
102.82030
12.43824
21.69044
34.12867
40.48059
52.34532
65.45850
78.09833
90.85738
100.68187
113.86845
12.43824
24.87647
35.30354
47.74178
48.85580
61.29404
74.36505
87.39061
88.44005
98.70616
12.43824
24.87647
37.31471
49.80338
62.74186
66.35238
69.04813
72.93511
85.60934
98.18746
12.43824
24.87647
37.95990
50.51987
62.95811
74.66840
75.38131
87.81955
88.94749
101.71804
12.43824
24.87647
37.31471
42.53434
44.75701
57.66564
63.54954
64.89494
67.70381
71.19276
12.43824
23.96949
37.15653
49.59476
62.03300
75.41632
88.53191
90.44130
103.34563
108.67883
12.43824
24.87647
37.79632
50.67124
62.41251
71.49535
83.98118
97.11166
110.13828
123.25423
12.43824
25.61232
30.63891
43.08306
45.89877
58.33701
65.54888
77.90533
79.40259
91.84083
12.43824
24.87647
36.06416
48.30008
60.73832
73.42233
86.22904
91.34339
91.94844
104.28009
12.43824
24.87647
37.46867
45.79979
58.88949
71.32773
83.76596
94.49925
99.05750
106.92892
12.43824
25.32683
37.76506
50.80214
62.85527
74.31174
86.86108
95.50447
100.52092
101.85663
12.43824
24.87647
37.31471
49.75295
57.34921
70.06831
79.52773
86.76475
99.78958
103.20676
12.43824
25.36670
37.80494
50.90926
54.09741
57.95635
61.91122
74.34946
80.60519
88.77798
12.43824
24.87647
37.31471
50.33398
62.52329
74.96153
81.09708
85.83898
94.79793
107.62018
12.43824
24.87647
37.31471
50.49948
60.60418
73.04242
85.88954
95.20507
99.81715
102.81831
12.43824
25.36914
37.80738
42.54777
54.98601
66.77497
77.80898
90.24722
100.58965
114.08160
12.43824
24.87647
37.31471
50.00394
62.36337
74.97785
87.41608
94.56680
97.73075
107.80841
12.43824
23.41974
35.85797
48.38461
60.82285
69.28659
74.31412
86.75235
99.93921
107.88710
12.43824
24.87647
37.39013
50.23070
57.97359
70.63425
81.45726
92.57980
105.01803
109.12093
12.43824
24.87647
36.72787
49.17401
58.74059
64.58711
77.02535
85.55464
96.64436
106.95284
12.43824
24.91084
32.94739
45.38562
57.82386
69.76073
82.65503
91.08566
102.93502
115.37326
12.43824
24.87647
37.94462
42.75866
55.82018
68.25841
79.85559
89.59769
92.31129
103.96361
12.43824
20.71751
33.23309
46.24181
59.23932
71.67756
76.59171
89.16722
-1.00000
-1.00000
12.43824
24.87647
37.31471
50.07039
57.99730
68.74603
69.36483
80.53001
93.64758
98.84083
12.43824
24.87647
37.85139
50.28962
63.37205
67.47001
77.35454
89.84918
102.41708
113.95711
12.43824
24.87647
37.31471
42.88529
55.78783
60.29617
73.00760
86.43659
98.79187
103.13545
12.43824
24.87647
37.71494
50.19032
55.71057
68.68096
81.19914
92.63289
105.07112
116.83728
12.43824
17.99494
30.43317
43.62083
56.05907
69.22377
81.25672
94.21786
100.12165
100.20459
12.43824
24.87647
35.86717
43.44368
55.88191
67.94807
80.49600
93.25294
99.64585
107.82791
12.43824
24.87647
37.31471
49.33369
59.59090
72.03899
85.03987
97.74328
106.42949
110.37445
12.43824
24.87647
33.62070
46.31920
49.30683
61.74507
72.88821
82.05560
93.75048
99.71476
12.43824
24.87647
37.95109
50.96178
63.12204
64.45611
67.81726
76.57556
89.73314
89.78702
12.43824
16.48020
17.62264
30.06088
42.49912
53.01560
61.72946
74.65797
88.54471
94.64689
12.43824
24.87647
35.47914
48.28847
61.16953
73.60776
87.44839
100.57249
108.97576
115.06853
12.43824
24.87647
32.71875
40.21309
52.65133
65.08956
78.15107
84.16159
92.38464
98.27865
12.43824
24.87647
37.31471
50.57161
53.45574
65.89397
74.64780
87.50016
91.77780
102.18415
12.43824
24.87647
36.36169
48.79992
61.74518
64.07359
74.21481
86.55458
99.71018
103.70575
12.43824
21.41086
33.84910
46.28733
56.49634
68.93458
82.04802
86.33354
86.44581
99.97162
12.43824
24.87647
37.99539
50.09671
53.55118
55.89683
68.74134
81.89916
94.77403
99.86079
12.43824
24.87647
37.31471
50.23270
63.35406
75.79229
81.66551
93.19659
105.63483
108.09699
12.43824
24.87647
37.39813
48.14333
60.66025
71.36829
84.19901
96.63725
97.66195
100.10290
12.43824
24.87647
37.31471
50.42119
61.39292
73.83115
75.41369
87.98314
92.39918
106.01498
12.43824
24.45033
36.88857
43.04257
53.94635
66.38459
71.81741
73.75459
86.51696
99.95541
12.43824
24.87647
37.31471
49.68079
62.72368
75.90915
78.68673
88.06210
100.72002
111.10370
12.43824
25.53681
37.05533
49.49357
62.42629
71.65797
82.40756
86.94451
99.22026
102.16963
12.43824
24.87647
28.14487
40.58310
50.18439
58.30306
71.48760
76.61692
82.71225
90.12631
12.43824
24.87647
38.05009
45.04818
57.23155
69.66979
77.93587
91.10261
99.42827
112.56403
12.43824
25.62528
38.06351
43.97184
57.12462
69.56285
76.71967
86.37359
99.31713
111.75536
12.43824
24.87647
37.31471
49.75295
58.82712
68.29638
79.85780
84.50000
88.46590
92.83111
