12.43824
25.62527
38.67045
51.10869
57.11474
62.75394
71.79819
84.31331
98.29559
110.73383
12.43824
23.62676
33.08206
45.52029
58.96298
63.61468
67.04741
69.46581
69.98392
82.42216
12.43824
24.87647
37.31471
49.86042
56.48567
69.34262
83.15712
95.59536
108.27178
120.82279
12.43824
24.87647
35.79337
48.23161
60.66984
73.43015
74.78345
81.80669
82.27869
93.22389
12.43824
17.69771
30.13595
42.57418
55.01242
67.91874
80.42210
92.61195
98.73138
109.57762
12.43824
24.87647
31.27880
43.71703
56.15527
61.51981
62.02570
73.20524
83.35127
97.48567
12.43824
24.25394
36.69218
49.13042
50.59362
61.77215
74.92937
87.36761
102.30802
114.74626
12.43824
24.87647
36.72794
49.16618
59.17653
72.22431
80.64875
85.90292
94.95343
95.15359
12.43824
24.87647
31.45859
44.58399
50.37364
62.81188
66.44019
79.83211
92.27034
104.08981
12.43824
22.58218
34.25665
37.06871
50.25579
56.22201
68.66024
80.51134
92.40628
102.20037
12.43824
24.87647
37.56629
50.67285
64.09765
72.83338
80.12918
89.29162
96.66295
108.86247
12.43824
24.87647
30.84452
43.99155
51.03654
62.50343
74.94166
75.88893
88.55463
101.67005
12.43824
24.87647
37.31471
50.11037
61.57638
74.50794
86.04089
99.16628
111.88077
125.19539
12.43824
24.87647
37.31471
48.95647
59.23680
71.67504
81.77095
93.69733
106.23322
118.67146
12.43824
20.76678
33.20501
45.64325
58.78861
71.86516
84.30340
99.05225
110.27703
123.80716
12.43824
25.31965
29.11134
38.28752
50.72575
63.29368
75.24837
81.03826
93.65788
106.09611
12.43824
24.87647
33.01882
46.18578
47.71553
60.15376
73.41659
86.03882
96.94100
109.37924
12.43824
24.87647
32.91679
45.61849
58.05672
62.79114
63.84698
63.95004
68.74259
81.59138
12.43824
25.18784
37.62607
49.44250
54.45556
66.89380
74.03280
86.47104
91.82324
97.41039
12.43824
21.82544
34.92203
47.36027
59.79850
67.98697
80.42521
86.18498
97.43057
108.63235
12.43824
25.35081
38.15638
51.39531
64.70353
72.31320
85.54595
97.24812
100.75650
104.38986
12.43824
24.87647
35.99890
36.91789
49.81813
56.30648
69.47126
82.21801
94.65625
102.29255
12.43824
24.87647
37.99239
47.66952
58.95134
72.01186
84.67505
87.58021
94.11281
96.44500
12.43824
24.87647
37.88640
47.91791
60.92355
73.36178
82.35236
94.79059
107.22883
119.66706
12.43824
22.00189
34.44012
47.69690
59.00015
65.61163
78.78897
82.66855
93.82072
107.08677
12.43824
24.87647
37.31471
39.04149
51.70687
64.48612
78.37412
87.67801
100.79140
107.45103
12.43824
24.87647
37.31471
50.55730
63.55265
77.22352
89.66175
91.30205
96.14986
108.97631
12.43824
25.62165
35.27259
47.71083
60.14907
72.64474
75.93094
77.60330
90.04153
102.47977
12.43824
24.87647
37.69227
50.13050
61.34526
64.00515
68.12275
76.88665
77.32721
77.68981
12.43824
24.88069
37.31893
48.79638
57.03522
70.07116
83.28143
87.23342
100.47070
109.48464
12.43824
24.87647
38.37567
49.08858
61.52682
70.80756
73.79274
86.49904
97.55606
103.40620
12.43824
21.75391
34.19214
46.63038
59.49082
67.23936
80.39032
92.82855
104.14074
115.73672
12.43824
24.87647
38.49631
51.13689
63.14795
67.39053
77.52623
81.75104
91.76614
94.67256
12.43824
24.87647
29.35270
42.51188
55.59719
65.89319
76.46335
89.26601
99.01912
102.62702
12.43824
24.84531
31.92969
37.51428
39.74713
52.38912
64.82736
77.38911
82.22509
84.55025
12.43824
18.37662
21.17287
33.36639
46.01953
58.45777
70.89600
74.51392
81.77117
94.64339
12.43824
25.55713
37.99536
49.29956
51.18356
61.69750
64.18760
78.41120
89.84935
90.13991
12.43824
24.87647
37.31471
50.27094
64.01732
72.87694
85.31518
91.92761
104.36585
118.42801
12.43824
24.87647
37.31471
50.35563
62.79386
72.43872
82.17720
93.31722
106.96921
118.56642
12.43824
24.87647
37.31471
49.40963
62.32493
76.47246
82.12394
89.48440
101.92263
115.53186
12.43824
24.87647
37.42594
50.02823
62.97411
69.44840
81.88664
91.36424
94.57374
100.39172
12.43824
23.41247
35.85070
48.95454
57.90101
69.40937
82.36795
84.28039
91.25503
103.60262
12.43824
24.87647
37.57475
50.01298
63.13682
75.85202
88.29025
100.72849
111.43342
120.43660
12.43824
24.87647
37.99742
47.42426
60.54589
74.41786
84.59651
91.29219
103.72196
106.68959
12.43824
25.33397
36.94916
49.38740
62.54390
69.36556
70.15733
74.81311
87.66286
92.88631
12.43824
24.87647
32.65540
41.26133
53.69957
64.57093
71.63330
83.88982
95.71675
103.21216
12.43824
23.56091
26.74939
40.08136
42.30334
54.74158
66.39491
78.83315
88.53530
91.98936
12.43824
24.35002
36.78826
50.07729
62.60054
75.89009
79.74137
92.69566
104.98119
116.49385
12.43824
25.28604
29.71058
41.96158
55.06795
64.59706
75.77706
88.96323
90.61190
93.95920
12.43824
24.87647
37.31471
50.01434
60.67889
65.77056
78.20879
89.21662
101.11622
113.55445
12.43824
25.26667
30.55850
41.25933
53.96413
58.68226
70.96016
84.10494
86.59066
99.24549
12.43824
25.17028
37.61299
50.05122
62.54972
72.38501
83.82129
94.37181
101.29708
114.10164
12.43824
24.87647
35.22254
47.66077
61.68047
72.37051
82.70948
85.87251
92.70074
105.49782
12.43824
25.07547
37.51371
43.13188
55.99803
64.50232
77.21520
78.26957
80.82007
81.28605
12.43824
24.93494
33.09972
45.54823
58.30754
65.52154
72.65122
85.32303
94.70290
100.31777
12.43824
24.87647
37.31471
50.44762
60.98698
73.70593
82.65358
95.90803
101.28437
107.38311
12.43824
24.51685
36.95508
49.39332
61.83156
73.00619
85.43929
98.29132
111.96877
117.08457
12.43824
24.90667
37.05650
50.09315
62.53139
65.64334
77.83724
89.68781
102.12605
109.63889
12.43824
24.87647
37.31471
49.79074
62.54684
74.98508
83.68723
94.44926
102.17755
115.23361
12.43824
24.87647
37.31471
46.80987
59.24810
71.68634
79.79114
93.39031
97.25500
105.37587
12.43824
24.87647
37.31471
43.05139
56.14919
69.67721
74.16716
86.51011
94.66307
106.65003
12.43824
24.87768
37.31592
48.36723
61.47546
74.94940
88.19507
94.72968
107.69385
110.69324
12.43824
24.87647
37.31471
49.75295
59.92691
72.36515
83.92919
93.77172
106.20995
112.11829
12.43824
18.78812
31.22635
43.66169
56.83693
57.08942
61.37082
74.48054
78.87505
81.45218
12.43824
24.87647
38.05935
50.74258
63.18082
75.81033
80.06656
86.58847
99.72695
112.27373
12.43824
24.87647
37.31471
50.82162
60.29397
72.73220
84.72551
92.24590
97.69120
102.33466
12.43824
25.54037
37.97861
50.84558
63.35159
75.17938
84.19480
96.63304
99.06371
112.00102
12.43824
24.87647
37.31471
50.35591
62.41592
71.89575
85.58917
98.36059
108.85291
122.11386
12.43824
20.40172
33.57789
46.01613
57.42161
65.44092
77.10204
90.08876
103.21774
109.52158
12.43824
24.87647
37.71099
50.63619
61.44982
74.49359
86.05049
97.18895
109.62718
121.60089
12.43824
24.87647
37.31471
49.75295
62.45526
75.57400
88.01224
95.36919
104.32598
107.49861
12.43824
24.93890
36.62959
49.06783
62.08879
69.34879
77.55841
85.68589
97.13766
109.57590
12.43824
24.87647
37.31471
51.18957
63.62781
76.06605
89.12424
99.00182
102.99983
115.93162
12.43824
21.66806
34.83929
47.70985
57.30760
65.52178
75.69530
77.11522
78.00365
90.44188
12.43824
24.87647
37.31471
50.47604
63.05363
75.68234
83.98661
86.98535
95.55758
108.80691
12.43824
24.87647
37.09896
50.25767
63.53269
76.83054
85.38201
97.82025
103.21486
114.65538
12.43824
23.36922
36.48667
41.32189
48.34046
48.73685
61.58075
74.21085
80.50049
81.09451
12.43824
24.87647
37.31471
49.75295
58.24898
69.01367
81.74964
86.94667
100.09356
101.66832
12.43824
15.67117
28.10940
40.54764
52.98588
63.44636
76.84556
89.28379
96.65710
106.13427
12.43824
24.87647
34.96117
47.75605
60.19429
70.50457
79.39411
91.83234
100.78326
111.18186
12.43824
24.89243
37.33067
48.36841
61.02300
74.46974
87.58441
99.98043
112.14717
115.81169
12.43824
24.87647
33.44252
46.22471
58.49656
70.93479
80.63775
89.75934
97.42016
106.85019
12.43824
24.87647
37.69944
50.13768
63.18509
69.11198
77.67960
83.03719
96.02635
105.27121
12.43824
20.24933
20.96382
33.66943
36.05416
45.65065
47.84565
60.28388
72.72212
82.35303
12.43824
24.87647
37.61248
50.79769
62.54155
75.87721
83.41113
95.94913
101.43131
114.04784
12.43824
24.87647
37.75974
50.80931
63.24754
76.17585
88.61409
101.20323
112.65043
126.37889
12.43824
24.87647
37.31471
49.98038
63.36827
75.80651
83.34969
96.73940
107.29300
120.44637
12.43824
24.87647
37.31471
50.35494
63.57486
74.12784
84.61199
94.26443
107.75693
113.48572
12.43824
25.41902
38.55308
41.11228
54.07194
66.51018
80.42321
92.51125
104.94949
117.70565
12.43824
24.87647
36.57954
42.19562
50.02680
63.92797
76.36621
89.87162
102.30986
111.99601
12.43824
25.31443
37.75267
48.29163
58.52671
71.67830
80.20939
82.64708
93.51555
105.95379
12.43824
25.03584
31.37170
43.80994
48.31669
60.01370
68.01514
71.52059
84.59863
97.77290
12.43824
25.62282
38.06106
50.68932
63.12756
75.56580
84.41499
98.36925
101.55386
115.68896
12.43824
25.52648
37.96472
47.88440
48.90081
60.69346
63.68876
65.05503
78.09117
79.83367
12.43824
24.87647
37.90215
51.08664
62.27737
75.46407
85.18540
98.92496
111.87908
120.55678
12.43824
25.38901
35.34414
47.78238
61.74732
74.97824
83.73479
86.64448
96.23975
105.90331
12.43824
24.87647
38.46483
50.90307
60.21437
70.57736
83.44943
97.01682
108.67993
120.58554
12.43824
24.87647
38.26632
47.16026
59.43501
71.87325
85.06029
98.00281
110.48576
123.84528
12.43824
25.60259
32.57733
45.04265
58.02746
71.67449
76.36399
79.26426
90.01820
99.47595
12.43824
25.00601
37.09082
49.52906
55.41597
67.78946
80.95496
94.73096
103.57832
110.50290
