12.43824
25.10857
38.90866
47.68927
51.64993
59.52157
68.14428
79.41724
80.88233
88.71864
12.43824
25.49844
36.16810
37.01415
43.21491
51.12452
58.16179
63.31682
66.96461
68.83812
12.43824
20.45781
33.66677
46.79111
53.48945
57.18001
60.43153
72.12800
75.81646
77.52803
12.43824
24.79108
30.57864
38.29568
42.07939
50.59799
57.78937
66.14458
68.81538
70.38178
12.43824
15.56941
20.89665
29.45707
39.35349
43.10687
50.43877
58.78173
60.13849
67.34575
12.43824
24.45358
31.08171
37.65004
40.03001
43.35569
54.31668
55.62154
57.95036
65.40407
12.43824
25.09858
35.66936
48.54205
50.81411
52.33832
53.74270
55.93704
57.29680
58.38034
12.43824
25.57900
30.21762
41.92684
49.94840
51.19612
55.53097
67.60893
69.51613
73.21308
12.43824
25.42769
27.24726
37.73102
39.24391
49.07112
53.65895
57.18705
63.74447
68.41877
12.43824
20.10207
25.13435
28.28652
41.47198
48.06775
54.92694
61.29314
68.22110
76.60390
12.43824
25.49905
36.51942
46.17764
48.80273
56.36871
59.36399
61.33983
68.35937
74.89365
12.43824
22.75928
27.96970
40.49281
47.13317
50.56870
60.81786
61.52736
67.34441
74.76117
12.43824
25.60687
38.14211
51.93704
61.29328
65.55475
75.18165
80.34694
82.46256
85.67493
12.43824
25.11030
27.31924
30.11982
35.57116
45.88198
48.35557
55.07822
63.12379
72.50018
12.43824
20.44159
33.25985
44.61353
52.28674
56.58905
64.36405
67.33777
68.17055
72.37732
12.43824
24.95859
33.04328
44.29983
48.05487
52.88701
54.73315
55.81208
57.21131
65.09799
12.43824
25.16905
35.64524
42.99159
53.25770
57.80968
61.27361
64.24044
67.20126
72.69407
12.43824
25.59746
34.44892
35.61828
36.99330
45.95244
52.83102
58.36125
61.48210
62.43467
12.43824
25.46168
37.26679
45.86341
53.55783
57.92013
60.25858
63.15660
63.96889
68.03385
12.43824
21.28710
31.60976
44.04800
57.65386
67.31826
81.34721
87.47927
91.70874
95.73380
12.43824
24.87647
38.04086
50.77743
57.37920
63.66869
65.06024
72.63418
73.63648
75.44841
12.43824
23.20470
29.12363
31.04723
43.73507
52.43530
57.26106
58.82880
67.73374
68.13635
12.43824
25.59793
33.05262
38.00141
43.01079
55.91642
66.18080
68.21619
70.62493
80.31168
12.43824
25.33844
37.15182
50.24461
52.51290
55.01777
58.58111
63.41648
72.80719
79.41949
12.43824
23.09856
34.93614
48.25547
52.93713
56.45991
59.46170
61.46914
62.95387
67.16703
12.43824
22.98650
25.01957
34.11141
45.12907
55.55571
56.24563
64.72581
65.71587
66.96453
12.43824
20.55747
33.10365
44.87973
54.55136
64.94257
70.95672
77.96336
80.46806
83.26190
12.43824
25.43385
38.11628
46.21668
52.37985
55.55487
56.98788
57.24732
62.33556
66.73782
12.43824
25.60495
38.96806
41.35385
46.18607
49.67475
52.08717
64.88317
68.11800
74.67076
12.43824
20.50517
28.57860
35.72558
37.32707
39.67897
40.66545
41.04211
52.06873
60.23822
12.43824
25.39798
37.88103
39.49290
50.76498
64.22966
71.38680
74.77088
76.10197
76.75109
12.43824
22.37802
34.78133
48.20492
58.17665
62.09144
64.63005
76.64812
81.65728
82.10776
12.43824
24.94409
28.68925
36.54935
42.27484
45.47775
49.25655
52.21998
53.83112
54.67316
12.43824
25.59395
30.97123
34.25715
46.65176
56.94071
62.01135
65.13961
65.25171
68.97718
12.43824
19.28708
24.78118
26.08119
34.55506
47.60489
48.61582
57.33182
58.64195
58.65859
12.43824
25.57270
31.32305
37.48815
41.67425
42.31981
46.05145
46.32061
56.76334
60.07559
12.43824
17.67647
27.08924
39.96671
42.01203
44.33944
47.21836
49.66973
53.45285
59.62926
12.43824
24.77779
37.21626
45.82725
49.16240
50.30698
58.75473
59.34343
62.47559
63.66322
12.43824
25.34025
37.51383
44.59403
52.13803
54.25307
58.28557
60.24085
71.72051
74.78885
12.43824
25.36152
37.79976
50.65680
57.41099
68.24003
69.14010
75.81028
78.36280
80.57898
12.43824
24.89995
34.03739
46.10956
52.78074
55.30133
66.65140
75.84353
76.97981
84.90819
12.43824
17.86673
30.86722
33.49479
39.07513
51.56832
52.23638
52.80713
56.45832
59.11634
12.43824
24.87647
33.35825
43.44480
57.22160
62.01337
66.37986
74.51603
81.05957
85.55528
12.43824
22.17897
28.99219
41.54033
45.14233
56.02872
59.80031
66.49407
66.64503
67.62242
12.43824
19.26430
23.57502
35.45248
44.27717
45.74429
51.30936
56.56245
58.99556
64.61905
12.43824
25.26213
32.25743
41.04943
52.76677
65.58738
71.33938
76.14250
82.25493
85.34656
12.43824
24.26172
26.67911
36.85384
39.03560
52.19698
58.85010
67.81450
68.78758
71.90678
12.43824
25.57335
31.56560
39.15327
52.59228
57.93105
61.25793
62.40563
63.70705
64.09720
12.43824
23.07162
25.11515
34.13242
39.49960
49.15940
54.62241
55.30213
55.55690
56.90021
12.43824
24.78692
33.03872
38.29517
48.68620
53.72652
55.15381
61.86371
71.86548
76.07250
12.43824
25.51761
28.34137
40.59639
50.16637
52.73833
61.01867
65.27641
68.01700
68.99019
12.43824
24.16775
37.27727
40.27455
42.83366
52.48506
60.87806
67.21325
67.92384
78.12155
12.43824
25.10054
32.77091
46.44630
47.98985
58.85669
66.36087
74.87798
75.03085
77.91745
12.43824
23.78738
37.01356
40.86907
47.73949
59.53681
61.98759
62.31536
67.97209
79.90472
12.43824
25.12063
31.90660
34.87642
47.31466
59.37540
61.39825
65.97035
66.63432
70.70174
12.43824
25.30603
32.13764
42.05198
42.74059
50.66800
51.63200
55.26623
58.45095
59.60539
12.43824
24.03076
30.88367
40.22240
52.10887
54.25342
57.45289
68.98529
74.40399
76.79446
12.43824
25.60563
30.82914
39.62947
46.44772
49.75758
59.21351
62.28659
72.28114
72.93257
12.43824
22.53752
25.97703
37.47081
37.82495
48.02597
52.07473
55.07479
58.05295
70.96400
12.43824
25.33577
29.57071
38.23225
41.55059
51.30069
53.34650
65.08038
66.07573
75.65496
12.43824
25.33691
36.31853
44.85783
54.62737
65.71274
76.95193
78.95524
80.55937
83.18948
12.43824
17.48628
26.51158
31.85663
34.75699
40.08240
51.22065
53.04013
57.80553
58.26799
12.43824
25.61897
32.53241
43.60280
47.26549
57.01992
58.49595
65.35430
77.52954
78.75586
12.43824
22.46210
35.02104
45.13385
47.30203
49.08076
52.68743
58.51477
71.30341
74.44380
12.43824
25.12766
38.99336
46.38853
51.34565
63.71192
67.31942
68.61010
74.73248
76.24048
12.43824
25.61051
39.19296
46.66306
51.15173
60.75752
63.34334
66.23157
66.90386
67.29078
12.43824
23.39564
35.63543
40.14295
49.56665
62.42570
63.74965
68.40264
70.24309
74.36193
12.43824
25.59259
37.75463
42.23338
44.11145
49.79321
60.25799
61.99225
69.39877
77.15376
12.43824
24.33076
35.41991
44.19750
51.78134
58.25611
60.51358
72.78696
75.97088
78.48325
12.43824
25.52641
33.39210
42.82657
44.95262
52.83389
58.81149
59.66959
72.78638
75.62185
12.43824
25.58521
31.74832
43.75855
49.06870
51.45492
60.70341
63.57978
68.83525
75.50448
12.43824
18.44874
25.13297
31.55457
39.97727
46.65772
50.73173
59.68792
62.20918
74.91670
12.43824
25.49025
32.41161
36.22674
45.67528
58.47100
61.76617
63.93804
70.40190
73.08916
12.43824
22.68889
34.83371
41.80497
51.55396
59.91421
60.95834
61.78065
62.23614
65.13243
12.43824
25.44724
38.76796
47.98336
51.84775
56.29720
56.57848
60.31401
66.57628
67.32311
12.43824
25.00012
33.85711
42.89514
44.60935
47.46144
54.47203
66.43510
72.56441
73.70965
12.43824
21.90733
29.64866
36.52762
38.40614
38.48327
40.93640
51.61303
51.78781
52.12102
12.43824
25.26535
31.19501
37.58999
42.21620
44.83559
47.98009
52.61324
64.23045
65.74800
12.43824
23.91364
33.38946
42.44359
43.93609
50.73807
57.78699
65.52026
74.21513
74.39992
12.43824
22.37628
31.01456
32.53944
39.59104
41.94955
43.00451
51.52965
57.01438
59.38099
12.43824
23.74160
33.46412
39.49884
48.35752
57.97128
61.22511
61.93933
65.90033
72.51355
12.43824
23.44624
24.92909
37.99751
43.60218
55.51554
66.76993
69.01692
76.19989
77.18745
12.43824
24.47136
35.49563
40.58470
43.13680
48.44468
50.11541
51.86001
61.31538
62.93707
12.43824
14.79235
15.13458
28.23529
40.72866
44.89621
48.93187
54.53661
64.64091
71.34549
12.43824
22.62582
27.01053
38.17028
40.09701
40.80528
49.84931
59.33334
61.18451
63.41496
12.43824
25.62380
32.46670
37.43539
49.04027
62.12500
68.73808
70.80425
71.10911
71.87252
12.43824
15.04444
28.17609
28.20587
37.87046
42.53410
47.88328
56.86392
62.40737
64.47260
12.43824
24.87647
31.05120
44.91797
53.13866
60.48625
64.94075
68.77503
74.41221
76.35696
12.43824
19.34753
32.47676
42.63936
46.72032
51.14737
54.30072
54.48211
66.20394
69.81430
12.43824
25.59931
33.19926
38.96149
43.07621
45.95060
51.93845
59.42663
62.56116
63.90726
12.43824
23.22310
35.66133
44.83966
57.17157
68.49696
76.63038
83.05365
91.69379
92.09424
12.43824
19.27546
30.82679
37.79389
42.82539
46.65523
58.06010
66.69942
66.93079
67.21879
12.43824
25.59012
38.18261
43.97432
48.68652
56.84182
58.06292
60.91927
61.22906
63.91738
12.43824
17.56550
26.72141
30.61604
35.95982
42.74457
47.36942
47.52469
54.55687
63.59505
12.43824
23.44232
32.61231
42.48992
52.55620
55.36308
56.89446
61.48258
73.55932
75.66152
12.43824
22.91161
29.43672
40.82051
48.55150
50.57245
54.63766
57.45109
60.12773
61.12165
12.43824
25.61694
26.61149
39.43237
43.52948
46.29299
50.33182
53.80397
54.63676
56.69276
12.43824
24.25853
28.03157
29.27626
33.62955
46.82314
58.61687
65.22359
70.89726
80.07830
12.43824
19.61344
30.90062
31.51525
38.89645
47.72036
50.48999
56.59342
57.91362
63.83116
12.43824
21.66640
33.62756
38.27751
41.85962
43.48825
44.86561
49.52048
55.91132
56.80630
