12.43824
24.87647
37.31471
49.75295
62.10963
74.54863
86.98687
98.91241
109.76657
122.20480
12.43824
24.87647
37.31471
50.17725
63.27381
75.71204
88.63259
100.58315
113.75780
121.61615
12.43824
24.87647
37.31471
49.75295
60.96054
73.02163
86.14979
98.98775
106.27233
116.99557
12.43824
24.87647
37.31471
46.50920
57.36558
69.80381
79.72812
87.46386
98.07876
110.77392
12.43824
18.69933
31.13757
43.57581
56.01404
68.47393
78.05833
90.85649
99.46627
111.81319
12.43824
24.87647
37.51199
47.68825
58.77268
63.31104
75.74928
88.88753
99.40189
107.36405
12.43824
24.87647
37.31471
49.75295
60.16934
65.37715
78.47600
85.98987
97.44668
108.58484
12.43824
24.87647
38.50900
50.94724
63.38547
76.53730
86.19710
98.63533
107.32155
120.73327
12.43824
24.87647
37.55660
49.99484
61.58451
74.02275
84.04490
92.78815
105.94462
114.96639
12.43824
21.98188
34.79817
43.45895
55.89718
68.40927
81.58286
94.71864
107.15688
112.52902
12.43824
24.87647
37.31471
50.16597
61.87645
74.99234
87.59153
100.02976
113.88323
122.27509
12.43824
24.87647
36.45232
48.89056
62.07747
73.98582
86.45837
99.14198
112.07239
125.88451
12.43824
24.87647
37.31471
49.75295
62.33260
75.51904
86.25197
97.26675
99.57814
112.41083
12.43824
24.87647
32.42291
38.13171
50.56995
63.00818
76.10436
88.55686
101.20221
113.64044
12.43824
19.15308
31.59132
44.02955
57.20364
66.99328
78.25273
91.11467
95.77728
108.47930
12.43824
24.87647
32.26309
45.39943
53.67409
66.81807
75.73325
77.56611
90.36929
103.47961
12.43824
24.87647
37.31471
50.01338
62.45161
74.88985
87.32001
100.80264
106.58636
119.56653
12.43824
24.87647
36.62316
41.42765
49.71616
62.15440
75.32655
88.24701
101.43370
109.72093
12.43824
24.87647
37.31471
49.75295
62.19118
72.40499
85.58892
98.21703
111.30683
123.96936
12.43824
25.32681
38.47401
50.91225
63.35048
76.38897
88.82721
99.90935
112.31092
125.43085
12.43824
24.87647
37.31471
49.75295
63.44904
75.88728
84.82955
97.26778
109.16574
119.00769
12.43824
25.22895
37.67761
39.42570
51.86394
58.19734
70.63557
82.15635
95.60875
105.86419
12.43824
24.87647
38.00335
48.87837
61.98744
74.42568
86.86391
98.88066
110.91770
114.75557
12.43824
24.87647
37.31471
49.75295
57.40905
67.01496
79.27131
92.56444
105.52005
117.95829
12.43824
25.59369
38.03193
50.47016
62.53084
73.98610
86.90871
97.53050
110.71622
123.67889
12.43824
24.87647
37.41114
42.93400
55.37224
68.34531
77.42600
90.97243
103.98356
111.61897
12.43824
25.61513
38.05336
51.02535
63.46358
75.90182
87.60044
92.07282
105.86673
118.97815
12.43824
24.87647
37.31471
49.75295
57.04907
70.27702
77.23754
86.62559
99.77068
104.06261
12.43824
24.87647
37.31471
44.75883
57.19706
60.18923
73.57615
86.01439
98.37381
105.28077
12.43824
24.87647
37.31471
50.49431
61.21391
73.65214
86.09038
97.37312
106.96803
120.45830
12.43824
24.87647
37.31471
47.76317
60.20141
72.63964
85.82225
91.52497
103.96321
116.10918
12.43824
25.62493
38.06317
50.50141
62.93964
73.30047
81.53997
93.97821
107.12631
120.51373
12.43824
24.87647
37.99713
50.43537
63.51685
77.28295
89.86162
99.53158
109.20788
122.01298
12.43824
24.87647
33.62088
40.00117
52.43940
64.87764
75.12010
86.44287
90.79634
101.93558
12.43824
24.87647
37.42638
45.75215
59.52312
71.96135
74.64773
87.36861
95.23852
99.16855
12.43824
24.87647
37.31471
49.76444
62.77757
75.81398
88.33451
99.88361
112.27363
117.83805
12.43824
25.62282
38.06106
50.49930
63.56996
70.32886
82.76709
96.69678
102.60907
115.70625
12.43824
24.87647
37.31471
50.03225
62.78700
71.94160
84.37983
87.75462
100.37392
113.73768
12.43824
24.87647
37.31471
49.54156
61.97980
74.41803
83.21080
96.11176
103.56601
116.85590
12.43824
24.87647
37.31471
49.75295
59.48186
72.23046
80.96455
93.75873
107.24177
121.08858
12.43824
24.87647
37.31471
49.75295
63.51436
76.63843
89.07666
99.25951
108.84330
121.28153
12.43824
16.83163
29.26986
36.57959
49.74006
62.17830
74.61653
86.83141
98.00548
111.35488
12.43824
24.87647
37.31471
49.75295
62.19118
74.57923
87.01746
99.45570
104.87808
112.52936
12.43824
24.87647
37.31471
49.75295
63.37912
75.81797
88.70839
100.45755
110.35366
123.37374
12.43824
24.87647
37.11559
49.55383
61.99207
75.32240
87.85447
93.82836
98.23764
107.92881
12.43824
24.87647
38.03330
51.11688
64.15823
76.59646
87.13032
99.56855
112.70108
123.02695
12.43824
16.81381
27.48510
39.92334
43.44681
55.88504
67.13527
79.57350
82.04021
94.47845
12.43824
24.87647
37.31471
46.04111
58.47934
71.27038
79.70610
86.96512
97.29991
108.70266
12.43824
24.87647
34.09266
46.53090
59.03735
71.47558
72.79427
75.04964
77.39292
85.47406
12.43824
24.87647
37.31471
49.00610
56.27818
67.83025
80.99318
93.43142
103.28024
116.46711
12.43824
24.87647
35.05336
47.49160
60.59519
73.46635
86.22285
97.46229
107.06253
118.15868
12.43824
25.42722
37.86546
50.99056
62.48869
75.12097
87.55921
99.99744
113.33094
125.95991
12.43824
24.87647
37.80698
50.24522
58.83627
71.27450
83.71274
96.15097
105.97867
116.49290
12.43824
24.87647
37.31471
51.22144
64.40849
69.00235
74.04366
82.58622
95.59632
108.03456
12.43824
24.87647
37.80657
50.99297
63.43120
76.61610
83.51112
96.69365
103.59514
116.49733
12.43824
24.87647
37.31471
47.13204
48.95634
62.03760
70.02885
79.14292
83.55719
86.65509
12.43824
25.61745
38.35123
50.78947
63.22771
76.63291
89.24193
100.33114
113.51615
123.08073
12.43824
24.87647
37.94778
51.12920
61.95880
70.76462
83.20285
96.34633
108.78457
121.95117
12.43824
24.87647
31.48872
43.92696
50.92282
63.36105
75.41678
88.21013
95.88438
108.32262
12.43824
24.87647
33.89007
46.96928
59.40751
72.44254
85.15815
90.88776
102.16057
115.24944
12.43824
24.87647
37.31471
46.81561
59.25384
71.69208
84.13031
96.05507
106.59447
110.78029
12.43824
25.15152
37.58976
50.25756
61.81349
73.81907
86.25730
98.78833
108.17679
114.30373
12.43824
24.87647
37.31471
49.75295
58.67190
71.11014
83.07279
95.51103
108.48925
121.90686
12.43824
25.59959
38.03783
51.11305
56.80352
60.03359
73.41906
85.85730
98.57548
109.52723
12.43824
24.87647
37.31471
49.75295
62.19143
74.62966
87.81663
100.83486
112.43810
124.87633
12.43824
24.87647
37.31471
50.13900
60.61252
73.05075
86.18818
98.82271
109.69704
114.07346
12.43824
24.87647
37.31471
48.38419
60.82243
74.00633
84.94247
97.38070
110.61719
123.05542
12.43824
24.87647
37.31471
49.75295
63.53452
76.44083
88.87907
102.04299
107.13110
117.89278
12.43824
25.54493
37.98317
51.16636
63.60460
75.62287
80.60929
93.04753
105.64707
119.43096
12.43824
24.87647
37.31471
49.94141
61.79229
74.97720
87.93037
101.53907
113.97731
123.81737
12.43824
24.87647
35.28031
48.33825
56.46558
69.38973
81.82797
91.29731
104.43455
115.13428
12.43824
24.87647
32.76301
45.20124
57.63948
70.07771
83.26437
94.60119
107.36746
120.81193
12.43824
24.87647
37.74019
44.79987
57.23811
69.67635
82.81144
95.02274
100.26627
112.70451
12.43824
23.48614
35.92437
48.49702
60.93525
73.37349
85.96220
99.45548
106.06678
115.90933
12.43824
24.87647
37.31471
49.75295
62.19118
74.71174
81.25021
93.73151
106.68230
114.24221
12.43824
24.87647
38.01352
50.45176
63.63362
73.51618
86.00962
98.77015
111.90538
124.46897
12.43824
24.87647
37.31471
45.07593
57.51417
64.65854
77.84554
90.28378
103.41191
116.44646
12.43824
24.87647
38.05346
50.49170
63.18941
75.62764
88.06588
100.12945
112.56769
126.42142
12.43824
16.72817
29.16641
41.60465
54.04288
66.82014
80.00255
92.44078
97.18918
103.26990
12.43824
24.87647
37.97580
46.85444
59.29268
72.45472
85.28600
97.72424
106.42050
118.32669
12.43824
24.87647
37.31471
50.46977
61.59248
74.03071
86.46895
98.92593
110.77965
123.83708
12.43824
24.87647
38.01923
50.45747
63.22810
75.66633
88.10457
100.98401
114.08699
126.88394
12.43824
24.87647
37.31471
49.93418
62.95002
75.02822
81.16216
90.33608
103.45957
106.13491
12.43824
25.34418
30.77195
43.21019
55.64843
67.49892
78.22571
91.33396
104.41228
113.18649
12.43824
24.87647
35.29928
47.91760
60.87489
73.31313
86.91561
100.10011
109.19624
119.63536
12.43824
24.87647
34.14220
44.92875
57.36699
69.80522
82.86326
90.21167
101.46655
108.67330
12.43824
24.87647
37.31471
49.75295
55.72194
68.16018
79.92342
92.36166
98.60507
110.72734
12.43824
24.87647
35.52835
47.96658
61.00320
64.26030
74.65043
86.78018
99.84112
110.44920
12.43824
25.32422
37.76246
50.20070
61.26207
73.70031
86.13855
95.84209
105.83378
118.69859
12.43824
24.87647
37.91803
50.80720
60.39672
63.29263
76.44979
89.55653
101.99476
109.83024
12.43824
24.87647
37.31471
50.27688
63.40148
75.83971
82.70910
95.41769
107.85593
120.20455
12.43824
24.87647
37.31471
49.29498
62.37374
75.77178
88.21002
100.64826
105.49087
108.72536
12.43824
24.87647
37.31471
50.27395
59.81711
72.25534
74.04852
87.16320
90.31933
103.42093
12.43824
25.39338
37.83161
43.49253
56.16101
68.59924
76.16044
87.82521
99.39063
111.82887
12.43824
24.87647
37.31471
49.86307
62.71702
75.32283
76.64582
89.71394
102.17491
115.19127
12.43824
24.87647
37.92075
50.35899
62.92299
73.09679
85.64087
89.78771
102.89637
114.44012
12.43824
24.87647
36.13184
48.57008
59.00661
72.15179
84.65746
93.00722
103.89912
116.46279
12.43824
24.87647
37.59195
48.19441
61.08315
73.52139
82.98953
95.69751
105.91773
118.91751
12.43824
25.04181
37.48005
48.64819
61.09243
73.53066
81.80748
92.77872
105.96549
118.40372
12.43824
24.87647
37.31471
49.75295
62.19041
74.99458
88.17128
99.67163
106.68446
118.14845
