12.43824
24.87647
37.31471
49.75295
61.43800
73.87623
86.31447
90.61209
102.47396
114.91220
12.43824
24.87647
37.31471
50.44358
62.88181
75.32005
88.17721
101.25960
111.66923
123.03920
12.43824
24.87647
37.31471
49.75295
57.17464
70.35444
82.79268
95.23092
106.43554
119.93998
12.43824
24.87647
37.31471
45.98571
58.72187
71.16011
83.45777
92.86803
106.04984
118.50016
12.43824
21.73752
34.17576
46.61399
59.05223
71.49047
80.17154
91.12240
101.81562
114.93943
12.43824
24.87647
37.31471
50.29708
62.46850
69.49737
81.93560
94.37384
105.79359
115.36873
12.43824
24.87647
37.31471
49.75295
59.88380
64.86298
77.30121
87.88153
90.51195
97.47282
12.43824
24.87647
37.31471
49.75295
62.19118
74.98560
87.15317
99.59141
112.76504
125.59025
12.43824
24.87647
33.69236
46.13059
57.99439
70.43263
78.46841
90.08727
102.52551
103.71295
12.43824
18.33972
31.45990
39.44509
51.88333
64.32156
76.75980
89.19804
101.63627
106.26736
12.43824
24.87647
37.31471
49.75295
51.03928
63.47752
76.50503
88.94327
92.93568
99.93888
12.43824
24.87647
37.25766
49.69590
62.13414
75.30263
87.74087
90.36549
102.80372
115.96229
12.43824
24.87647
37.31471
49.75295
62.59652
75.03475
88.00069
100.99450
104.42171
117.03924
12.43824
24.87647
28.24256
37.31762
49.75585
62.19409
74.95104
87.38928
98.52129
110.95953
12.43824
24.60781
37.04605
49.48428
61.92252
74.33517
79.62802
92.06626
103.35620
115.96036
12.43824
24.87647
34.03633
46.47457
57.26889
69.70712
82.70392
85.10645
97.54469
102.57650
12.43824
24.87647
37.31471
49.75295
62.19118
74.62942
87.06765
99.50589
107.54715
120.64563
12.43824
24.87647
38.06257
46.08393
59.05172
71.48996
83.92820
96.36643
109.33253
120.77749
12.43824
24.87647
37.31471
49.75295
62.19118
72.22531
84.66354
97.29739
110.47189
122.86459
12.43824
25.21106
37.64930
50.08753
62.52577
75.00921
87.44745
97.03997
109.30680
122.15347
12.43824
24.87647
37.54095
49.97919
62.41742
74.85566
80.53785
92.97609
102.39385
108.55212
12.43824
24.87647
32.86125
36.67410
49.11234
59.27934
71.71758
84.15581
96.59405
108.11085
12.43824
24.87647
37.31471
47.24045
59.75288
72.19111
84.62935
93.09072
105.77449
111.04656
12.43824
24.87647
37.31471
49.75295
54.72192
62.98086
76.16310
88.60134
101.03957
113.47781
12.43824
24.87647
37.31471
49.75295
62.19118
75.35363
87.79187
99.91329
101.45056
113.88880
12.43824
24.87647
37.31471
41.71972
54.15796
66.59620
79.26379
91.70203
104.14026
114.86524
12.43824
24.87647
37.31471
49.75295
62.19118
74.62942
82.96021
86.41039
98.84863
111.28687
12.43824
24.87647
37.31471
49.75295
52.05729
64.49553
77.50280
83.60203
96.26435
105.46104
12.43824
24.87647
37.31471
48.17882
60.61705
65.60600
78.79303
91.23127
100.71851
111.00072
12.43824
24.87647
37.31471
42.71297
52.11847
64.55671
76.99494
90.17687
95.94019
109.11895
12.43824
24.87647
37.31471
47.73135
60.16958
72.60782
85.04606
92.21428
105.34034
110.91607
12.43824
24.87647
37.31471
49.75295
62.19118
74.59307
85.13323
97.57146
110.45682
124.30110
12.43824
24.87647
37.31471
49.75295
62.19118
74.62942
87.06765
100.38411
113.91383
124.97028
12.43824
24.87647
33.60202
42.57528
55.01352
67.45175
79.11132
92.04804
93.09445
98.13387
12.43824
24.87647
37.84248
46.63440
59.75301
72.19124
75.76524
88.20348
100.65775
103.30798
12.43824
24.87647
37.31471
49.75295
62.19118
70.75275
83.63977
94.80861
107.85891
112.30063
12.43824
25.47989
37.91813
50.35636
61.19231
71.81161
84.24984
96.73404
100.11777
113.25852
12.43824
24.87647
37.31471
49.05551
61.49375
73.69412
86.13236
90.63647
103.63320
116.07143
12.43824
24.87647
37.31471
49.90644
62.34467
74.78291
83.28942
90.34602
96.37513
108.81337
12.43824
24.87647
37.31471
49.75295
62.15607
74.59431
77.45403
89.89226
102.33050
114.79894
12.43824
24.87647
37.31471
49.75295
61.99216
73.52568
85.96391
98.46235
102.56597
115.00421
12.43824
20.78798
33.22621
43.90183
56.34007
68.77831
73.28249
80.29465
92.89948
106.04981
12.43824
24.87647
37.31471
49.75295
62.19118
74.30964
86.74787
99.18611
104.96070
112.68771
12.43824
24.87647
37.31471
49.75295
63.20477
75.64300
79.03080
91.46903
98.91084
105.62964
12.43824
24.87647
37.93246
50.37070
62.80894
75.94451
78.61576
87.60228
94.44232
100.28277
12.43824
24.87647
37.81236
50.93703
63.37527
75.81351
77.22773
89.66596
102.10420
104.30686
12.43824
18.26312
26.37525
38.81348
43.99170
56.42993
69.42783
81.86606
83.36905
95.80728
12.43824
24.87647
37.31471
47.83094
60.26918
72.70742
79.43427
86.02045
99.14399
102.90936
12.43824
24.87647
25.99806
38.43629
51.58421
64.02245
69.14172
76.78432
83.63733
86.99952
12.43824
24.87647
37.31471
50.16067
59.27092
72.44644
85.07584
97.87447
102.20933
114.68624
12.43824
24.87647
35.32769
47.76592
60.20416
69.91080
82.34903
95.49371
109.29917
122.40318
12.43824
25.07629
37.51453
47.55630
59.99454
72.43277
84.87101
97.30925
109.70073
122.13897
12.43824
24.87647
38.03795
50.47619
53.49113
65.92937
78.36760
90.80584
98.07580
111.24634
12.43824
24.87647
37.31471
49.75295
62.19118
69.11747
78.01785
83.35573
95.79397
108.23221
12.43824
24.87647
37.31471
49.75295
62.19118
74.62942
76.51108
88.94931
92.93075
105.36899
12.43824
24.87647
37.31471
45.79646
48.41331
60.85154
70.41440
74.51243
79.66576
89.58179
12.43824
24.97454
37.41278
49.85102
62.28925
74.72749
87.16573
91.16672
103.60496
116.50312
12.43824
24.87647
37.31471
49.75295
62.48783
76.02013
88.45837
100.89661
113.33484
125.77308
12.43824
24.87647
33.12364
45.56187
50.54460
62.98284
74.56443
87.33187
91.65642
104.09465
12.43824
24.87647
38.00205
50.56871
63.00695
75.44519
87.88342
95.96068
96.47860
108.91684
12.43824
24.87647
37.31471
48.15877
60.59701
73.03524
85.47348
98.62226
107.01079
114.78358
12.43824
24.87647
37.31471
49.75295
62.93951
76.11107
88.54930
100.82298
112.26635
115.92969
12.43824
24.87647
37.31471
49.75295
61.88620
74.32444
87.24050
98.64365
111.08189
117.67986
12.43824
24.87647
37.31471
49.75295
56.81490
64.51965
76.49810
88.93634
97.38826
110.73369
12.43824
24.87647
37.31471
49.75295
62.19690
74.63514
83.42472
88.22195
100.69937
113.13761
12.43824
24.87647
37.31471
49.75295
62.93224
75.37048
87.80871
100.50262
113.17595
121.06420
12.43824
24.87647
37.31471
45.84340
58.28163
70.95458
84.10871
96.54694
109.70419
122.14243
12.43824
24.87647
37.31471
49.75295
62.19118
74.62942
87.06765
93.66058
104.84317
117.95808
12.43824
25.23795
37.67618
50.11442
62.55266
74.08243
78.64892
91.08716
103.52540
117.29810
12.43824
24.87647
37.31471
49.75295
61.88886
74.32710
87.32262
100.19256
112.63079
123.45402
12.43824
24.87647
37.83271
50.27095
63.29591
67.10547
79.54371
92.55962
105.57865
118.54312
12.43824
24.87647
32.17894
44.61718
57.05541
69.52647
81.96471
94.60656
107.20746
119.64569
12.43824
24.87647
37.31471
46.91627
59.35451
71.79274
84.23098
97.30533
107.80754
120.30841
12.43824
24.94595
37.38419
49.82243
62.26066
74.69890
87.78648
100.22471
102.48831
113.83721
12.43824
24.87647
37.31471
49.75295
61.40425
74.58570
74.87190
87.67218
100.11041
109.22682
12.43824
24.87647
37.31471
49.75295
62.19118
69.45605
82.62973
95.06797
107.50621
120.69147
12.43824
24.87647
37.31471
46.29516
58.73340
64.18784
76.62607
89.06431
101.50255
108.78869
12.43824
24.87647
37.31471
49.75295
57.48698
69.92521
82.36345
95.50915
107.94738
121.11351
12.43824
17.23244
29.67068
42.10892
54.54715
66.98539
79.42363
91.86186
98.19416
100.21302
12.43824
24.87647
38.03581
49.61013
62.04837
74.79621
87.87377
100.31201
109.54129
123.37061
12.43824
24.87647
37.31471
49.76807
62.62476
75.06300
87.50123
99.93947
113.44572
125.98665
12.43824
24.87647
34.60693
47.04516
51.26771
63.70595
76.37686
88.58991
101.04507
108.13854
12.43824
24.87647
37.31471
49.75295
62.19118
63.36183
68.23950
79.04336
91.48159
94.64716
12.43824
20.52422
27.32426
39.76250
52.20073
65.07104
78.05690
90.49514
102.93338
113.04030
12.43824
24.87647
37.88539
50.32362
62.76186
75.20010
87.63833
100.07657
111.96764
125.79364
12.43824
24.87647
36.29075
46.51289
58.95113
71.38936
83.82760
94.62380
107.75954
120.46665
12.43824
24.87647
37.31471
49.75295
57.74875
70.18698
82.51346
94.95169
99.73211
112.88307
12.43824
24.87647
37.78475
50.22299
62.66122
68.88677
82.01247
94.48889
106.92713
116.80737
12.43824
25.55315
37.99138
50.42962
63.60445
76.04268
88.48092
93.20313
93.50640
105.94464
12.43824
24.87647
37.31471
49.75295
56.65557
59.86132
72.29955
84.73779
97.17603
106.50474
12.43824
24.87647
37.31471
49.75295
62.19118
74.62942
80.03201
93.10023
105.53847
113.55221
12.43824
24.87647
37.31471
49.76377
62.20201
75.46923
87.90746
100.34570
102.22337
112.01041
12.43824
24.87647
37.31471
49.75295
62.81540
75.25363
78.95509
91.39333
95.08060
107.51883
12.43824
24.87647
37.31471
46.63787
59.57004
72.00827
81.00755
82.60177
95.04001
107.47824
12.43824
24.87647
37.31471
49.75295
62.19118
74.62942
77.57821
89.92534
102.36358
115.54261
12.43824
24.87647
37.69547
50.13370
62.57194
75.93152
89.06127
96.04069
108.47893
113.64572
12.43824
24.87647
32.83752
45.27576
58.44421
71.46379
83.90203
93.98561
107.22255
119.19710
12.43824
24.87647
37.31471
47.03195
59.47142
71.90966
83.96231
96.40055
108.93612
121.37436
12.43824
24.87647
37.31471
50.02464
62.46288
74.90111
86.65595
98.94920
111.38744
123.82567
12.43824
24.87647
37.31471
49.75295
62.78773
75.82209
88.88201
92.35501
99.45063
107.64502
