12.43824
24.87647
37.31471
49.75295
62.78656
75.22480
87.66304
92.24672
105.31299
117.75123
12.43824
24.87647
37.31471
50.34204
62.78027
75.21851
87.04480
99.48304
109.72876
117.25168
12.43824
24.87647
37.31471
49.75295
60.63886
73.20244
85.64067
98.07891
110.92832
123.25153
12.43824
24.87647
37.31471
48.76467
61.94435
74.38259
86.82082
94.54735
107.21668
120.40265
12.43824
24.71008
37.14831
49.58655
62.02479
74.46302
86.90126
99.43322
109.48088
122.66778
12.43824
24.87647
37.31471
50.01142
63.17236
73.45413
85.89237
98.33061
111.14839
120.49557
12.43824
24.87647
37.31471
49.75295
57.09923
69.68223
83.04281
94.74981
97.04245
110.01497
12.43824
24.87647
37.31471
49.75295
62.19118
75.37289
86.14545
98.58369
111.73409
124.52317
12.43824
24.87647
32.89600
45.33423
56.63687
69.07511
76.21793
87.25922
99.69746
110.10709
12.43824
20.54763
33.52103
40.16421
52.60245
65.04069
78.00290
90.64061
103.07884
115.51708
12.43824
24.87647
37.31471
49.75295
51.13769
63.57593
76.66416
89.10239
91.86388
103.83298
12.43824
24.87647
37.74583
50.18406
63.27604
76.31557
88.75381
96.79000
109.22824
121.66648
12.43824
24.87647
37.31471
49.75295
62.86675
75.30499
88.45095
101.19276
106.31509
119.20072
12.43824
24.87647
27.93107
35.47508
47.91332
60.35155
72.81021
85.24845
98.03613
110.47437
12.43824
23.14734
35.58558
48.02381
60.56257
71.52882
84.06116
97.06779
106.11021
119.14776
12.43824
24.87647
38.05212
50.49036
62.92859
75.36683
88.04711
92.32221
104.76045
117.03565
12.43824
24.87647
37.31471
50.43558
62.87381
75.31205
87.75029
100.18852
108.77207
122.53528
12.43824
24.87647
38.05969
44.63356
57.79063
70.22887
82.66710
95.19802
108.25919
118.56420
12.43824
24.87647
37.31471
49.75295
62.19118
73.26262
86.24758
99.37133
111.80957
124.24781
12.43824
25.21703
37.72292
50.16115
62.59939
75.38305
87.82129
98.45203
111.63330
124.07154
12.43824
24.87647
38.05634
50.49457
63.60126
76.03950
88.60268
101.04092
110.23873
117.29311
12.43824
24.87647
32.77716
45.21540
57.65363
70.58407
83.02230
95.53742
107.97566
119.80529
12.43824
24.87647
37.31471
49.59782
62.03606
74.47430
86.91253
99.35077
111.90120
119.38664
12.43824
24.87647
37.31471
49.75295
56.88438
68.72855
81.84840
94.27273
106.71097
119.14920
12.43824
24.87647
37.31471
49.75295
62.19118
75.37733
87.81557
99.51388
103.54024
115.97847
12.43824
24.87647
37.31471
38.56319
51.00143
63.43967
76.56812
89.02789
101.46612
114.24878
12.43824
24.87647
37.31471
49.75295
62.19118
74.62942
87.06765
89.51120
102.15285
114.59108
12.43824
24.87647
37.31471
49.75295
58.89079
71.36336
82.05068
88.40472
101.40643
106.88665
12.43824
24.87647
37.31471
45.72617
58.16440
71.24290
84.48694
96.92517
106.26358
114.55817
12.43824
24.87647
37.31471
50.22472
60.80204
73.24028
85.67851
99.09415
112.09867
124.53690
12.43824
24.87647
37.31471
49.75295
62.19118
74.62942
87.06765
99.45932
111.89756
123.77029
12.43824
25.26431
37.70255
50.14078
62.57902
73.57519
85.69773
98.13596
111.32291
123.89355
12.43824
24.87647
37.31471
49.75295
62.19118
74.62942
87.06765
100.62655
113.80001
126.37201
12.43824
24.87647
37.86677
50.96537
63.40361
75.84185
85.40922
97.84746
101.59464
107.13137
12.43824
24.87647
38.05505
44.69827
57.84483
70.28307
75.37823
87.81647
100.83564
109.39330
12.43824
24.87647
37.31471
50.13112
62.97282
74.64913
86.14364
95.19818
107.80322
118.11295
12.43824
24.54334
36.98158
49.41981
56.37249
69.55857
81.99681
94.97966
101.30401
113.74224
12.43824
24.87647
37.31471
48.79475
61.66387
74.77125
87.20949
91.41095
103.13120
115.63417
12.43824
24.87647
37.31471
49.75394
62.19217
74.63041
85.86044
98.63449
109.94621
122.38445
12.43824
24.87647
37.31471
49.75295
62.19118
74.62942
87.75338
100.19161
112.66749
125.43251
12.43824
24.87647
37.31471
49.75295
60.06110
72.13285
84.57109
96.21814
108.60689
121.04512
12.43824
24.87647
37.31471
50.91061
63.34885
75.78709
85.05342
98.34811
110.78635
123.22458
12.43824
24.87647
37.31471
49.75295
62.19118
74.06809
86.50632
98.94456
108.16420
121.30200
12.43824
24.87647
37.31471
49.75295
62.90374
75.34198
87.86935
100.30759
107.75276
120.19099
12.43824
24.87647
38.04720
50.48544
62.92367
75.35410
85.81446
99.00036
104.91223
118.09248
12.43824
24.87647
37.31471
49.86107
62.29930
74.73754
85.28827
97.72651
110.16474
117.78703
12.43824
25.62460
36.60871
49.04695
54.09182
66.53005
79.64122
92.07946
94.25262
106.69086
12.43824
24.87647
37.31471
50.63577
63.07401
75.51225
88.08035
99.90234
112.66713
115.93106
12.43824
24.87647
34.94255
47.38079
60.52722
72.96546
75.02184
83.65306
88.26993
89.61541
12.43824
24.87647
37.31471
50.42223
62.86047
73.07560
85.35790
97.79614
105.52120
118.55181
12.43824
24.87647
35.53384
47.97208
60.41031
68.33735
80.77558
93.39564
106.19620
119.30002
12.43824
24.72333
37.16156
49.59980
62.64926
75.08750
87.52573
99.96397
111.44890
123.88713
12.43824
24.87647
37.27119
49.70942
53.16952
65.60776
78.04600
90.48423
102.92247
115.39998
12.43824
24.87647
37.31471
51.03632
63.77888
73.66951
80.68528
91.44367
103.88191
116.32015
12.43824
24.87647
37.31471
49.89369
62.33193
74.77017
87.05501
99.49325
102.29976
114.73800
12.43824
24.87647
37.31471
50.13091
57.95711
70.39535
82.67313
88.60724
96.20228
109.80974
12.43824
24.87647
37.31471
49.75295
62.19118
75.05762
87.49585
100.31228
112.75051
125.36218
12.43824
24.87647
37.31471
49.75295
61.83084
74.96691
87.40515
100.59221
113.03044
125.46868
12.43824
24.87647
34.77002
47.20826
60.01965
72.45788
83.88660
96.32484
102.81516
115.25340
12.43824
24.87647
38.05920
51.18839
63.62662
76.06486
88.50310
101.54143
110.32528
123.25539
12.43824
24.87647
37.31471
49.93616
62.37439
74.81263
87.25087
100.10306
106.33927
115.35529
12.43824
24.87647
37.31471
49.78087
62.74231
75.41528
87.85351
98.41696
112.03920
117.25928
12.43824
24.87647
37.31471
49.75295
62.59993
75.03817
87.21417
99.39640
111.83464
119.01604
12.43824
24.87647
37.31471
49.75295
60.64366
70.20835
82.24111
94.67935
105.40759
118.77726
12.43824
24.87647
37.31471
49.75295
62.19118
74.62942
87.60161
97.00277
107.51956
119.95780
12.43824
24.87647
37.31471
49.75295
62.19118
74.62942
87.41570
99.85394
113.02362
125.66272
12.43824
24.87647
37.31471
46.71673
59.15497
71.99761
85.01987
97.45810
111.04316
123.48140
12.43824
24.87647
37.31471
49.75295
62.23966
75.42601
87.86425
96.81208
110.48339
123.45562
12.43824
24.87647
37.31471
49.75295
62.19118
73.71391
77.09315
89.53138
101.96962
115.52880
12.43824
24.87647
37.31471
49.75295
62.86162
76.02084
89.12543
101.56367
114.00191
121.29251
12.43824
24.87647
37.94759
50.38582
63.54065
69.59240
82.03064
95.16542
108.05363
121.03538
12.43824
24.87647
35.21314
47.65138
60.08961
73.14363
85.58187
97.90039
110.35650
122.79474
12.43824
24.87647
37.31471
44.56176
57.00000
69.43823
81.87647
94.31471
103.80125
116.44691
12.43824
24.53497
36.97320
49.41144
61.84968
74.28791
87.10469
100.13756
105.92049
118.35872
12.43824
24.87647
37.31471
49.75295
62.84148
75.56452
87.54124
99.97948
112.41771
123.47044
12.43824
24.87647
37.31471
49.75295
62.19118
76.00842
89.02466
101.46290
113.90113
127.08771
12.43824
24.87647
37.31471
47.10508
59.54332
61.96129
74.68530
87.12353
100.30473
107.36099
12.43824
24.87647
37.31471
49.75295
62.29676
74.73500
87.17323
100.22822
112.66646
125.16813
12.43824
23.89705
36.33529
48.77352
61.21176
73.64999
86.08823
98.52647
111.43092
114.51122
12.43824
24.87647
37.99894
50.28611
62.72435
75.16258
88.28397
100.72220
113.76748
127.37678
12.43824
24.87647
37.31471
50.03622
63.16006
75.59830
88.03654
100.47477
113.03441
124.97533
12.43824
24.87647
33.41685
45.85509
55.00601
67.44425
79.88249
92.97048
105.40872
111.86495
12.43824
24.87647
37.31471
49.75295
62.19118
64.20390
68.14704
81.32871
93.76695
99.10384
12.43824
24.57952
35.44604
47.88428
60.32252
72.50543
85.45569
97.89393
110.33217
119.40917
12.43824
24.87647
38.01934
50.45758
62.89581
75.33405
87.97252
100.57186
112.91712
125.90414
12.43824
24.87647
37.57221
44.57161
57.00984
69.44808
81.94510
94.86743
107.96013
121.00000
12.43824
24.87647
37.31471
49.75295
56.07010
68.50834
81.21058
93.64881
105.72206
118.84045
12.43824
24.87647
37.93641
50.37464
62.81288
74.69545
87.41318
100.41102
112.84925
125.56767
12.43824
24.98668
37.42491
49.86315
62.30139
74.73962
87.17786
93.23489
105.60578
118.04402
12.43824
24.87647
37.31471
49.75295
62.28339
65.09839
77.53662
89.97486
102.41309
115.48888
12.43824
24.87647
37.31471
49.75295
62.19118
74.62942
79.94117
93.10975
105.54799
112.77193
12.43824
24.87647
37.31471
49.75295
62.19118
75.96000
88.39823
100.83647
105.24518
118.34097
12.43824
24.87647
37.31471
49.75295
62.19118
74.62942
86.23719
98.67542
105.33335
118.04255
12.43824
24.87647
37.31471
46.41334
59.47242
71.91065
84.31631
87.82104
100.25928
112.69751
12.43824
24.87647
37.31471
49.75295
62.19118
74.62942
87.23502
99.49027
111.92851
124.84852
12.43824
24.87647
37.92909
50.36733
62.80556
76.70340
89.22343
101.11749
114.30261
117.43866
12.43824
24.87647
37.78009
50.21832
62.65656
75.09480
87.53303
99.97127
113.05870
124.83095
12.43824
24.87647
37.31471
46.60204
59.76848
72.20671
85.10566
97.54390
110.36048
122.79872
12.43824
24.87647
37.31471
50.42462
62.86286
75.30109
88.23101
98.13140
110.93066
123.36890
12.43824
24.87647
37.31471
49.75295
62.81463
75.81591
88.84052
94.56488
101.82179
114.26002
