12.43824
24.87647
37.31471
49.75295
60.88117
73.31941
85.75764
89.58245
95.46407
107.90230
12.43824
24.87647
37.31471
50.50176
62.94000
75.37823
87.63438
100.80884
110.24062
120.71768
12.43824
24.87647
37.31471
49.75295
56.60359
69.69243
82.13067
94.56891
105.09197
118.31188
12.43824
24.87647
37.31471
45.29395
57.68440
70.12263
81.74005
90.31163
103.34662
116.24594
12.43824
20.40916
32.84739
45.28563
57.72386
70.16210
78.36320
88.43031
98.40446
111.55968
12.43824
24.87647
37.31471
50.15702
61.70167
68.08962
80.52786
92.96610
104.03646
112.86361
12.43824
24.87647
37.31471
49.75295
55.69312
59.65585
72.09409
81.78512
82.95368
89.42871
12.43824
24.87647
37.31471
49.75295
62.19118
75.35704
86.59752
99.03576
112.10197
125.22305
12.43824
24.87647
32.72556
45.16380
56.27278
68.71102
75.85152
86.55131
98.98955
99.82029
12.43824
15.05223
28.22751
35.27677
47.71501
60.15324
72.77808
85.21631
97.65455
101.95256
12.43824
24.87647
37.31471
49.75295
50.00766
62.68817
75.85679
88.29503
91.72834
97.94577
12.43824
24.87647
36.39662
48.83486
61.38928
74.57010
87.00834
87.10775
99.61472
112.66663
12.43824
24.87647
37.31471
49.75295
62.76840
75.20664
87.81195
100.54382
103.74713
116.60310
12.43824
24.87647
27.92750
35.30144
47.73968
60.17792
73.31358
85.75182
95.88839
108.32663
12.43824
23.56830
36.00653
48.44477
60.88301
73.02155
77.37860
89.94882
99.89381
112.92679
12.43824
24.87647
32.83582
45.27405
55.33751
67.77575
79.75176
80.20854
92.64677
96.71507
12.43824
24.87647
37.31471
49.78320
62.22144
74.65967
87.09791
99.53615
106.89532
119.94425
12.43824
24.87647
37.90530
44.46226
56.98802
69.42626
82.05447
94.49270
107.65459
118.21179
12.43824
24.87647
37.31471
49.75295
62.19118
71.66372
84.15964
97.19825
110.10412
121.99881
12.43824
25.54658
37.98482
50.42306
62.86129
74.95489
87.39312
96.10092
107.71652
120.85399
12.43824
24.87647
37.99152
50.42975
63.27113
75.70937
76.43605
88.87428
96.09524
100.09766
12.43824
24.87647
31.96178
34.83366
47.27190
55.21448
67.65272
80.69733
93.13557
104.39349
12.43824
24.87647
37.31471
46.09797
58.94189
71.38013
83.81837
91.86659
104.72467
109.85239
12.43824
24.87647
37.31471
49.75295
54.27044
62.22564
75.22907
87.66730
100.10554
112.54377
12.43824
24.87647
37.31471
49.75295
62.19118
74.87427
87.31250
98.92906
99.21692
111.65516
12.43824
24.87647
37.31471
38.53437
50.97261
63.41085
75.79450
88.23273
100.67097
110.69831
12.43824
24.87647
37.31471
49.81442
62.25266
74.69089
81.03733
82.36683
94.83499
107.27323
12.43824
24.87647
37.31471
49.75295
51.81688
64.25512
76.22641
80.24992
93.28619
98.95717
12.43824
24.87647
37.31471
46.91957
59.35781
60.28866
73.19214
85.63038
94.75259
103.20740
12.43824
24.87647
37.31471
42.43830
51.48591
63.92415
76.36239
89.65696
94.24491
107.31656
12.43824
24.87647
37.31471
46.88249
59.32073
71.75897
84.19720
90.73831
103.91527
107.37382
12.43824
25.13491
37.57315
50.01139
62.44962
74.08968
83.74239
96.18063
109.29439
123.14339
12.43824
24.87647
37.31471
49.75295
62.19118
74.62942
87.06765
100.34870
113.74532
124.31743
12.43824
24.87647
32.90969
41.31817
53.75641
66.19464
77.31116
89.86085
90.24281
94.55016
12.43824
24.87647
38.05794
45.77655
58.95790
71.39613
74.21360
86.71314
98.60911
98.89450
12.43824
24.87647
37.31471
49.75295
62.19118
68.69166
81.17118
91.60036
104.33456
107.93516
12.43824
24.91116
37.34940
49.78764
56.63496
66.54317
78.98140
91.72803
94.38128
107.46123
12.43824
24.87647
37.31471
48.18729
60.62553
71.90709
84.34533
88.29048
100.77250
113.40828
12.43824
24.87647
37.31471
50.15190
62.59013
75.02837
82.76395
87.34604
92.88624
105.51903
12.43824
24.87647
37.31471
49.75295
61.72470
74.16293
76.31600
88.75423
101.39475
114.19359
12.43824
24.87647
37.31471
49.75295
61.50790
72.38942
84.82766
96.71466
97.61902
110.05726
12.43824
18.43345
30.87169
40.52200
52.96024
65.39847
69.36284
71.50533
83.09956
96.28501
12.43824
24.87647
37.31471
49.75295
62.19118
73.63762
86.07585
98.51409
101.16713
108.06879
12.43824
24.87647
37.31471
49.75295
63.58320
76.02144
78.95805
91.39628
98.12339
103.90806
12.43824
24.87647
38.04540
50.48363
62.92187
75.77368
77.08968
85.19690
91.67027
96.77831
12.43824
24.87647
37.98862
51.11766
63.55590
75.99414
77.24375
89.68199
102.12023
102.27598
12.43824
17.38448
24.27120
36.70944
41.34682
53.78506
66.97202
79.41025
79.62942
92.06765
12.43824
24.87647
37.31471
46.15825
58.59648
71.03472
77.59829
83.29283
96.47775
96.79369
12.43824
24.87647
25.52605
37.96429
51.02610
63.46434
66.03373
71.87714
75.88415
77.43103
12.43824
24.87647
37.31471
50.39734
58.95927
72.13397
83.93674
96.85143
99.37391
112.27560
12.43824
24.87647
34.48007
46.91831
59.35654
68.27939
80.71762
93.89487
107.42331
120.20306
12.43824
24.55400
36.99224
46.27575
58.84459
71.28283
83.72106
96.15930
107.93117
120.36940
12.43824
24.87647
38.06164
50.49988
52.48671
64.92494
77.36318
89.80142
91.04271
103.80587
12.43824
24.87647
37.31471
49.95219
62.39042
68.94038
76.92236
78.61320
91.05144
103.48967
12.43824
24.87647
37.31471
49.75295
62.19118
74.73127
75.94142
88.37966
91.09277
103.53101
12.43824
24.87647
37.31471
45.36832
45.97171
58.40995
67.54525
69.86841
74.93389
81.45128
12.43824
25.29133
37.72956
50.16780
62.60603
75.14236
87.58060
91.13852
103.57676
116.04338
12.43824
24.87647
37.31471
49.75295
62.78146
76.13559
88.57383
101.01206
113.45030
125.88853
12.43824
24.87647
33.09077
45.52900
49.61821
62.05645
72.99296
86.01471
87.72991
100.16814
12.43824
24.87647
38.06191
50.84082
63.27905
75.71729
88.15552
94.49000
94.89997
107.33820
12.43824
24.87647
37.31471
47.73796
60.17619
72.61443
85.05267
98.20704
105.99594
112.20520
12.43824
24.87647
37.31471
49.75295
62.81611
75.98969
88.42793
100.13874
111.28056
112.76006
12.43824
24.87647
37.31471
49.75295
61.05961
73.49784
85.97007
96.76908
109.20732
111.03016
12.43824
24.87647
37.31471
49.75295
55.58059
61.24991
72.22444
84.66268
92.69038
106.59122
12.43824
24.87647
37.31471
49.75295
62.52379
74.96203
83.08173
87.32614
99.43909
111.87733
12.43824
24.87647
37.31471
49.75295
62.88977
75.32801
87.80606
99.89430
111.74743
117.34480
12.43824
24.87647
37.31471
45.08425
57.52249
70.43401
83.60759
96.04583
109.24850
121.68673
12.43824
24.87647
37.31471
49.75295
62.19420
74.70892
87.14716
93.49167
102.98418
115.87993
12.43824
25.41807
37.85631
50.46042
62.89865
74.33109
76.47251
88.91075
101.34898
115.01102
12.43824
24.87647
37.31471
49.75295
60.94165
73.37989
86.51925
99.68706
112.12529
122.09632
12.43824
24.87647
37.97011
50.40835
63.00374
65.23723
77.67547
90.16429
103.34025
116.52730
12.43824
24.87647
31.56194
44.00018
56.43841
69.14222
81.58045
93.77496
106.90322
119.34145
12.43824
24.87647
37.31471
46.49177
58.93000
71.36824
83.89733
97.08260
106.82301
119.62405
12.43824
24.08636
36.52459
48.96283
61.40107
73.83930
85.90709
98.64271
99.83738
110.68028
12.43824
24.87647
37.31471
49.75295
60.79041
73.97475
74.19874
87.23470
99.67293
107.77573
12.43824
24.87647
37.31471
49.75295
62.19118
69.12614
82.19646
94.63470
107.07293
120.11238
12.43824
24.87647
37.31471
45.69350
58.13173
59.84803
72.28626
84.72450
97.16274
103.85786
12.43824
24.87647
37.31471
49.75295
56.93746
69.37569
81.81393
94.97809
107.41633
120.56115
12.43824
16.20313
28.64137
41.07961
53.51784
65.95608
78.39432
90.83255
96.73094
96.91625
12.43824
24.87647
38.02056
49.11992
61.55815
74.61979
87.80644
100.24468
108.73842
122.47571
12.43824
24.87647
37.31471
50.03421
62.29771
74.73595
87.17418
99.61242
113.40403
125.01587
12.43824
24.87647
33.74433
46.18257
49.96143
62.39967
75.34049
87.00683
99.81530
106.08138
12.43824
24.87647
37.31471
49.75295
62.19118
63.17026
67.35496
77.15952
89.59775
89.69185
12.43824
19.48960
21.28216
33.72040
46.15863
59.33729
71.52890
83.96713
96.40537
105.74234
12.43824
24.87647
38.06350
50.50173
62.93997
75.37820
87.81644
100.25468
111.56825
124.94563
12.43824
24.87647
35.81692
42.53771
54.97595
67.41419
79.85242
90.12927
103.23015
115.68568
12.43824
24.87647
37.31471
49.75295
53.01001
65.44824
77.37654
89.81478
93.95590
106.94421
12.43824
24.87647
37.98218
50.42041
62.85865
65.44363
78.31996
90.95899
103.39722
112.83293
12.43824
25.20946
37.64770
50.08593
63.20175
75.63999
88.07822
92.24875
92.43991
104.87815
12.43824
24.87647
37.31471
49.97682
55.94590
58.45509
70.89333
83.33156
95.76980
104.78614
12.43824
24.87647
37.31471
49.75295
62.19118
74.62942
79.35968
92.53880
104.97703
111.09711
12.43824
24.87647
37.31471
50.11723
62.55546
76.10596
88.54419
100.98243
102.58800
110.85113
12.43824
24.87647
37.31471
49.75295
62.93930
75.37753
78.00690
90.51414
93.66414
106.10238
12.43824
24.97367
37.41190
46.09545
59.26134
71.69958
79.61877
80.13654
92.57478
105.01301
12.43824
24.87647
37.31471
49.82825
62.26649
74.70473
77.02531
88.88921
101.32745
114.41175
12.43824
24.87647
37.93163
50.36986
62.80810
76.25846
89.43476
95.81800
108.57704
111.10352
12.43824
24.87647
31.35785
43.79608
56.69184
68.84108
81.27932
89.58682
102.60780
113.68701
12.43824
24.87647
37.31471
46.00860
58.87066
71.30890
82.56270
95.00094
107.11924
119.55748
12.43824
24.87647
37.31471
49.56906
62.00730
74.44553
85.56186
97.36389
109.80213
122.24037
12.43824
24.87647
37.31471
49.75295
62.51102
75.15056
88.33549
90.54677
94.71374
102.27062
