12.43824
24.87647
37.31471
49.75295
62.19118
74.62942
87.06765
92.24551
104.97233
117.41056
12.43824
24.87647
37.31471
49.75295
62.19118
74.62942
87.06765
99.60210
112.76082
125.20618
12.43824
24.87647
37.31471
49.75295
62.38012
74.81835
87.25659
99.69483
112.78500
125.22324
12.43824
24.87647
37.31471
50.40077
63.44347
75.88171
88.87568
101.86560
114.30384
126.74207
12.43824
21.01304
33.45128
45.88952
58.32775
70.76599
82.40931
95.50077
108.66776
121.82399
12.43824
24.87647
37.31471
50.40323
63.58590
74.98137
87.41960
99.85784
113.03926
125.47750
12.43824
24.87647
37.31471
49.75295
57.63494
70.07317
82.60296
92.84531
105.39185
117.83009
12.43824
24.87647
37.31471
49.75295
62.19118
75.00429
88.19107
100.62931
113.61014
126.04838
12.43824
24.87647
32.94202
45.38026
58.06560
70.50384
83.16705
94.65888
107.09712
113.46622
12.43824
15.84212
28.28036
40.24780
52.68604
65.12427
78.30822
90.74646
103.18469
115.62293
12.43824
24.87647
37.31471
49.75295
62.19118
75.17480
87.61303
100.05127
113.07632
125.62224
12.43824
24.87647
38.04363
50.48187
62.92010
75.35834
87.79657
98.43705
110.87529
123.37041
12.43824
24.87647
37.31471
49.75295
62.19118
74.62942
87.50659
99.94482
104.22610
116.66434
12.43824
24.87647
37.37214
47.54890
59.98714
72.42537
84.86361
97.30184
109.11995
121.55819
12.43824
24.87647
37.31471
49.75295
62.19118
74.62942
79.59358
92.03182
104.74246
117.18069
12.43824
24.87647
32.70979
45.14803
57.94168
70.37991
83.62283
96.36621
108.80444
121.98709
12.43824
24.87647
37.31471
49.75295
62.19118
74.62942
87.06765
99.50589
111.94773
125.12856
12.43824
24.87647
37.31471
49.75295
62.93390
75.37214
87.81037
100.24861
112.70812
125.14635
12.43824
24.87647
37.31471
49.75295
62.19118
74.70475
87.14299
99.58122
112.01946
124.45770
12.43824
24.87647
37.34768
49.78591
62.22415
74.66239
87.10062
97.15958
109.62246
122.06070
12.43824
24.87647
37.31471
49.75295
62.65114
75.08938
87.52761
99.96585
114.59725
127.22029
12.43824
24.87647
37.55506
50.71603
63.15427
75.83758
88.27582
101.21356
113.65179
126.71337
12.43824
24.87647
37.31471
49.75295
62.19118
74.62942
87.06765
99.96755
112.40579
119.32190
12.43824
24.87647
37.31471
49.75295
55.42380
68.05596
81.20092
93.63915
106.07739
118.51562
12.43824
24.87647
37.31471
49.75295
62.19118
75.22153
87.65976
100.79987
113.23810
125.67634
12.43824
24.87647
37.31471
50.30455
62.74278
75.18102
87.61925
100.05749
112.49573
124.13842
12.43824
24.87647
37.31471
49.75295
62.19118
74.62942
83.64651
89.19109
101.62932
114.06756
12.43824
24.87647
37.31471
49.75295
51.73916
64.63846
77.29998
90.21570
103.28863
116.45074
12.43824
24.87647
37.31471
49.75295
62.19118
72.36367
84.80191
97.24015
109.67838
120.09000
12.43824
24.87647
37.31471
47.60380
60.34317
72.78141
85.21964
98.40313
108.33942
120.79217
12.43824
24.87647
37.31471
50.44552
62.88375
75.32199
87.76023
99.52698
112.50521
121.93510
12.43824
24.87647
37.31471
49.75295
62.19118
73.97540
86.41363
98.85187
111.29011
124.79393
12.43824
24.87647
37.31471
49.75295
62.19118
74.62942
87.06765
100.48571
113.88290
126.71448
12.43824
24.87647
36.31011
48.80534
61.24358
73.68181
86.81825
99.96015
111.78828
119.28284
12.43824
24.87647
37.31471
50.50138
62.93962
75.37786
87.51119
100.39453
112.35197
115.06137
12.43824
24.87647
37.31471
49.82231
62.26055
70.33055
83.06129
93.39769
106.40711
119.50655
12.43824
25.59585
38.03409
50.47233
60.34949
72.68241
85.12065
97.55888
102.28162
115.15209
12.43824
24.87647
37.31471
49.75295
62.19118
74.74464
87.18287
99.69481
112.13304
124.83375
12.43824
24.87647
37.31471
49.75295
62.19118
74.62942
87.21583
95.50820
108.69013
121.30066
12.43824
24.87647
37.31471
49.75295
62.93307
75.37131
78.76591
91.20414
103.64238
116.08062
12.43824
24.87647
37.31471
49.75295
62.84899
75.89975
88.33799
100.77622
114.34429
126.78253
12.43824
24.33239
36.77063
48.61498
61.05321
73.49145
85.45946
97.69837
110.75198
123.77601
12.43824
24.87647
37.31471
49.75295
62.19118
74.62942
87.06765
99.50589
112.66817
122.56284
12.43824
24.87647
37.31471
49.75295
62.19118
74.62942
85.27974
97.76051
104.75920
115.80659
12.43824
24.87647
37.34559
49.78383
62.22206
75.38990
87.91291
100.21482
108.70896
116.24944
12.43824
24.87647
37.31471
50.29772
62.73595
75.17419
86.68229
99.12052
111.55876
116.14239
12.43824
20.78820
33.22643
45.66467
53.07572
65.51396
77.95219
90.39043
101.32484
113.76307
12.43824
24.87647
37.31471
47.21525
59.65348
72.09172
85.27804
97.71628
110.20153
123.87306
12.43824
24.87647
37.95921
50.39745
62.93494
75.37317
77.64592
85.60805
98.48130
110.39092
12.43824
24.87647
37.31471
49.83224
59.37928
72.48099
85.51767
97.95591
108.83530
121.27354
12.43824
24.87647
38.02827
50.46650
62.90474
75.35500
87.79324
100.23148
113.97410
126.41233
12.43824
25.24440
37.68264
50.77178
63.21002
75.64826
88.08649
100.52473
112.96296
125.40120
12.43824
24.87647
37.91352
50.35175
59.13728
71.57551
84.01375
96.45198
109.07893
122.05180
12.43824
24.87647
37.31471
49.75295
62.19118
74.62942
87.09788
93.29212
105.73036
118.16860
12.43824
24.87647
37.31471
49.75295
62.19118
74.62942
87.22469
99.66293
111.62564
124.06388
12.43824
24.87647
37.31471
47.90725
53.65133
66.08957
79.23556
83.40845
96.52931
108.96755
12.43824
24.87647
37.31471
49.75295
62.19118
74.62942
87.06765
98.38934
110.82757
122.73140
12.43824
24.87647
37.31471
49.75295
62.19118
76.03826
88.47649
100.91473
113.35296
125.79120
12.43824
24.87647
34.43142
46.86966
52.55687
64.99510
77.79589
90.23413
96.80331
109.24154
12.43824
24.87647
38.02257
50.46081
62.89905
75.33728
87.77552
100.88492
107.57331
120.01155
12.43824
24.87647
37.31471
49.75295
62.19118
74.62942
87.06765
99.68289
112.58984
125.21837
12.43824
24.87647
37.31471
49.75295
62.35326
73.59771
86.03595
99.02255
111.66669
118.48800
12.43824
24.87647
37.31471
49.75295
62.80628
75.24451
88.43124
99.70985
112.14808
123.14392
12.43824
24.87647
37.31471
49.75295
62.87853
75.87396
89.08225
101.52048
109.90813
122.34637
12.43824
24.87647
37.31471
49.75295
62.19118
74.62942
82.88400
95.32224
108.49437
120.93261
12.43824
24.87647
37.31471
49.75295
62.80595
75.24418
87.68242
100.43415
112.59442
123.81577
12.43824
24.87647
37.31471
49.48353
61.92177
74.36001
86.79824
99.23648
111.67471
124.11295
12.43824
24.87647
37.31471
49.75295
62.19118
74.62942
87.06765
98.94019
111.37842
124.07878
12.43824
24.87647
37.31471
49.90700
62.34524
75.41600
80.68889
93.12713
105.56536
118.63522
12.43824
24.87647
37.31471
49.75295
62.19118
74.62942
87.06765
99.50589
111.94413
124.38236
12.43824
24.87647
37.58668
50.02491
62.46315
74.31219
86.75043
99.18866
111.62690
124.06513
12.43824
24.87647
31.32507
43.76330
56.20154
68.63978
81.07801
93.51625
105.95448
118.39272
12.43824
24.87647
37.31471
48.70247
61.14070
73.57894
86.01718
98.45541
112.14147
124.57971
12.43824
25.60928
38.04751
50.48575
62.92399
75.36222
88.02445
100.46269
112.90357
125.80956
12.43824
24.87647
37.31471
49.75295
62.89348
75.53371
88.50251
101.68846
114.12670
124.54755
12.43824
24.87647
37.31471
49.75295
62.19118
74.62942
87.68155
100.11978
112.55802
125.74374
12.43824
24.87647
37.31471
49.75295
62.19118
74.62942
87.06765
99.50589
111.94413
123.96375
12.43824
24.87647
37.43609
49.87433
62.38131
74.81955
87.25778
99.69602
112.13426
125.25902
12.43824
16.16731
28.60554
41.04378
53.48202
65.92025
78.57149
91.00973
99.23047
109.91623
12.43824
24.87647
37.77630
50.21454
62.65278
75.09101
87.52925
99.96749
112.88853
125.63333
12.43824
24.87647
37.31471
49.94403
62.68443
75.12267
87.56091
99.99914
113.09100
125.54565
12.43824
24.87647
37.31471
49.75295
61.84781
74.28605
86.72428
99.72512
112.37714
125.50758
12.43824
24.87647
37.31471
49.75295
62.19118
71.69199
78.08859
90.72731
103.16554
116.29052
12.43824
23.92116
31.99141
44.42965
56.86788
70.00921
82.82705
95.26528
107.70352
120.14175
12.43824
24.87647
37.31471
49.75295
62.19118
74.62942
87.06765
99.50589
111.94413
125.23597
12.43824
24.87647
38.04862
50.48686
62.92510
75.36333
87.80157
100.23981
113.21388
125.76188
12.43824
24.87647
37.31471
49.75295
53.27184
65.71008
78.77230
91.21053
100.20283
112.26325
12.43824
24.87647
37.37761
49.81584
62.25408
67.38131
79.85174
92.28997
104.72821
116.23193
12.43824
25.61300
38.05123
50.48947
62.92771
75.36594
87.80418
99.46040
101.60333
114.04157
12.43824
24.87647
37.31471
50.44243
62.88067
76.06732
88.50556
100.94379
113.38203
125.82027
12.43824
24.87647
37.31471
49.75295
62.19118
74.62942
87.39631
99.83455
112.27278
125.45346
12.43824
24.87647
37.31471
49.80937
62.24761
74.78609
87.22432
99.66256
112.78806
121.99198
12.43824
24.87647
37.31471
49.75295
62.19118
74.62942
87.44694
99.88518
112.17862
124.61685
12.43824
24.87647
37.31471
49.95910
62.39744
74.83568
87.63316
92.73668
105.17491
117.61315
12.43824
24.87647
37.31471
49.75295
62.19118
74.62942
87.17004
100.19280
112.63104
125.06927
12.43824
24.87647
37.31471
49.75295
62.19118
75.23563
88.41990
97.06867
110.06450
114.49941
12.43824
24.87647
34.13704
46.57527
59.01351
72.08900
84.52724
95.51400
108.69938
120.30582
12.43824
24.87647
37.31471
50.42612
62.86435
75.30259
88.44112
100.87936
113.62952
126.06775
12.43824
24.87647
37.31471
49.75295
62.19118
74.62942
87.70419
100.14243
112.58067
125.01890
12.43824
24.87647
37.31471
49.75295
62.19118
74.62942
86.33709
93.54778
105.98602
119.64392
