12.43824
24.87647
37.31471
49.75295
62.19118
74.41410
88.23621
92.72530
98.96413
112.62360
12.43824
24.87647
37.31471
48.31337
56.94029
66.61281
77.95772
90.47809
101.46972
103.48811
12.43824
24.44605
35.64275
48.59648
50.52895
63.68047
69.08069
82.12906
87.76917
91.38266
12.43824
24.87647
37.31471
44.19471
57.41494
70.66508
78.56721
86.90822
98.81369
108.83279
12.43824
24.87647
32.55518
45.19818
57.63642
70.23309
80.99035
94.81859
105.12671
114.38493
12.43824
24.87647
37.98276
45.24452
53.70267
61.34469
73.78293
86.22116
93.65861
94.20905
12.43824
24.75004
37.91585
50.66624
63.57972
69.06292
81.47248
93.79412
98.34304
111.50795
12.43824
24.87647
38.60789
51.04612
63.48436
75.52713
76.30782
86.57680
97.12078
107.93870
12.43824
25.44572
28.30152
39.55124
52.59596
65.50670
69.90356
81.29835
94.39397
104.84612
12.43824
24.87647
27.50788
32.65079
45.11035
48.03275
49.01386
58.56351
60.14013
72.62421
12.43824
24.87647
37.31471
49.75295
60.27859
71.80997
84.59661
95.04238
108.27709
114.37160
12.43824
25.05342
34.78447
48.05947
61.81097
75.54756
88.37110
98.09155
107.08876
114.54865
12.43824
24.87647
37.31471
50.27702
57.32325
71.15078
84.77830
90.34065
96.28281
97.86223
12.43824
24.87647
26.30664
39.27327
51.71311
64.15135
75.11776
88.29946
99.39064
112.91614
12.43824
24.35698
36.79522
50.64295
60.67192
67.61916
72.19898
76.99236
77.69230
79.07889
12.43824
24.87647
37.31471
49.75362
55.39569
67.60367
80.57738
88.51282
97.32149
99.34229
12.43824
24.87647
37.31471
50.24584
62.68408
75.12231
87.70404
98.52574
110.98514
119.46240
12.43824
25.49992
34.08777
36.61271
46.87973
59.46821
72.32757
80.75663
89.82624
91.41347
12.43824
22.60721
35.54512
44.96965
53.37303
62.82429
63.70012
76.66703
84.65943
92.14869
12.43824
23.91966
32.04572
39.91385
52.35209
59.10914
62.39036
74.18607
80.19426
92.64349
12.43824
24.87647
37.37749
49.81573
54.36652
61.57808
72.31491
85.31854
89.18810
93.73781
12.43824
15.16058
23.19806
34.51536
45.87916
49.33180
61.89281
64.14012
76.43194
88.30927
12.43824
24.87647
37.31471
50.09301
60.14354
73.03555
87.18540
93.26233
100.81814
105.86198
12.43824
24.87647
37.92454
51.31271
60.50335
73.01240
77.91912
84.76046
94.82714
103.51268
12.43824
24.87647
36.76941
44.10362
49.74968
62.78322
69.52184
71.16037
80.92543
93.90310
12.43824
24.87647
35.42658
47.99781
60.43605
73.48006
80.54066
92.97890
104.71058
115.33751
12.43824
22.66761
35.10585
47.61923
60.45105
73.63200
84.58816
95.56364
101.30854
107.47600
12.43824
21.28854
30.89213
35.11929
35.38439
47.99080
57.79223
59.23183
71.67006
85.52952
12.43824
24.87647
32.57332
43.45141
47.77847
48.02334
52.86244
58.79748
58.95000
68.88375
12.43824
24.87647
37.31471
49.75295
56.19784
69.38433
83.59640
93.03963
106.14069
119.26100
12.43824
20.82108
33.47605
44.31415
57.58244
71.29034
75.65108
77.62706
90.46020
103.89350
12.43824
25.32373
38.56317
51.19472
63.69834
66.41181
78.28920
91.44170
92.34270
102.79874
12.43824
25.01876
35.34214
48.08294
58.44993
71.25419
81.20761
92.20867
103.92679
105.68801
12.43824
24.87647
28.66186
40.57832
53.01655
65.45479
69.97805
79.70840
85.42974
93.17649
12.43824
24.87647
37.31471
50.64053
64.84250
77.28074
79.43229
93.67604
98.15880
109.51434
12.43824
24.73284
34.08355
36.13514
48.57338
61.89806
62.04070
74.47893
87.89561
92.40258
12.43824
25.05306
38.09681
50.90828
61.64770
67.24945
80.30786
92.11204
98.72229
110.10878
12.43824
24.91334
38.11924
47.66394
60.11069
68.39780
81.13706
84.65721
97.09545
108.24502
12.43824
25.61748
38.72209
51.75055
65.13054
77.35683
88.22714
99.76941
112.98220
118.31870
12.43824
23.43800
36.37827
49.20300
52.50550
64.94374
77.38197
87.98163
93.90885
94.99537
12.43824
24.87647
38.01810
51.89432
58.33034
70.59174
83.12252
90.55503
94.81439
108.31682
12.43824
25.56656
38.00480
40.06163
53.03346
65.29243
79.05174
86.31607
89.59123
100.69516
12.43824
22.50926
25.62145
37.82270
48.14361
52.26832
65.57790
68.12112
81.51378
81.93881
12.43824
24.87647
37.31471
49.75295
62.24650
75.86085
77.56032
89.78860
95.98451
106.43128
12.43824
24.87647
37.93461
50.37285
59.55844
68.12750
75.73281
80.88248
85.08216
97.58924
12.43824
20.50201
32.94025
45.77600
55.69233
68.95862
74.95087
87.38911
90.20629
98.20136
12.43824
24.78032
28.50428
40.94251
50.97523
64.14392
71.58015
85.26788
85.95550
98.91710
12.43824
24.87647
37.54077
43.91965
57.52098
70.05881
72.31209
75.07569
83.86867
86.35371
12.43824
24.87647
38.03302
50.68696
63.32052
77.04535
85.75753
88.07975
100.44319
104.12402
12.43824
23.90284
37.25731
49.69554
53.18835
66.26872
68.81417
71.12551
84.23172
91.98573
12.43824
23.68156
36.85370
49.22261
56.62163
60.07992
72.24995
85.17335
97.61158
110.87967
12.43824
24.72250
37.16073
50.67041
57.54138
64.03247
76.47071
88.91050
102.55954
109.99967
12.43824
24.87647
29.08651
41.52475
46.46271
50.98971
53.01866
65.45689
78.06082
87.04278
12.43824
23.14598
34.21864
35.92453
47.40589
60.14553
60.84054
61.44449
70.91980
83.35804
12.43824
25.39341
34.89848
48.33635
61.51976
69.72466
72.58401
84.20211
84.97099
88.16599
12.43824
24.87647
37.31471
48.80134
61.69979
71.52559
78.72109
87.41727
91.65507
94.70090
12.43824
21.15243
33.59066
46.74823
59.18647
67.41451
78.19698
85.90330
99.07294
111.51118
12.43824
24.87647
37.31471
49.79847
59.42499
72.46742
86.21985
98.65809
111.21944
112.21629
12.43824
16.51599
16.80997
29.86453
42.30277
50.31415
57.82265
70.26089
70.71778
84.00746
12.43824
25.18583
32.73557
38.14848
47.04572
56.07219
58.83059
59.66453
64.38934
73.53250
12.43824
25.61701
36.16473
48.63697
59.74158
72.06385
84.50209
87.28097
92.31864
94.22553
12.43824
21.07537
33.73125
46.25668
56.77076
68.57066
81.61921
90.78473
92.59619
92.62525
12.43824
24.87647
37.42688
50.53864
61.70010
71.92086
84.35909
89.76114
102.19937
105.10800
12.43824
20.14532
26.48486
38.33937
51.35170
64.72996
65.85305
79.49575
85.18728
89.27513
12.43824
24.87647
37.31471
50.09983
64.21694
74.92141
77.54519
81.59050
90.90751
104.32495
12.43824
24.87647
37.31471
48.66775
62.37203
73.80430
77.56259
91.01121
93.77169
100.54457
12.43824
25.55521
37.99344
43.53721
55.50095
68.57496
81.26051
93.69874
105.90292
112.10633
12.43824
24.87647
37.49501
51.17397
62.23610
69.62609
82.74977
83.88218
97.06501
106.80127
12.43824
25.02030
37.45853
48.75250
61.89200
70.79647
76.88307
90.06528
102.50352
107.80716
12.43824
24.87647
37.47956
49.91779
61.18136
69.09794
81.18852
88.26839
100.70663
103.30551
12.43824
24.87647
37.91832
50.55435
63.05487
65.58360
78.38276
83.73036
88.89981
101.33805
12.43824
24.87647
27.55624
38.45646
50.89469
63.37736
76.06953
88.38530
90.76304
101.05794
12.43824
20.53850
33.67220
39.65780
41.83576
54.27399
65.93845
76.17257
84.26440
97.09037
12.43824
24.87647
37.85456
48.08973
60.52797
73.68595
81.48023
88.76034
89.09859
95.86730
12.43824
24.87647
38.04686
47.14645
55.26025
68.00909
80.64725
88.43404
100.88794
111.23092
12.43824
25.50666
36.47085
49.79480
62.32193
65.19944
77.96291
91.14594
101.40442
104.54581
12.43824
23.97631
37.31511
39.81118
52.89468
58.33024
70.76848
78.85803
89.42428
90.93411
12.43824
25.49727
38.68090
51.71412
60.21245
68.64635
81.05668
93.95967
100.46185
110.67435
12.43824
16.21180
29.30893
41.79817
51.64508
64.33975
66.87260
74.74272
81.78757
95.01911
12.43824
24.70679
29.81296
38.21891
47.46571
54.69096
56.80643
65.72235
75.56579
88.61936
12.43824
24.87647
37.31471
46.05785
58.49609
70.93433
84.11986
95.69364
108.07887
110.70714
12.43824
25.46384
32.97835
46.15676
49.11973
61.55797
74.13308
78.47230
91.66286
99.79539
12.43824
24.87647
38.60611
51.04435
64.13440
75.15304
77.37858
81.89675
93.49931
101.39534
12.43824
-1.00000
-1.00000
12.43824
25.55380
25.55380
-1.00000
-1.00000
-1.00000
-1.00000
12.43824
23.12114
28.23024
37.18573
49.62838
60.44874
61.84105
70.05018
75.21082
80.36689
12.43824
24.87647
34.16837
47.68819
60.12643
73.26436
85.70259
94.90756
103.34863
112.76163
12.43824
20.88447
33.32271
36.73361
49.17184
53.96652
62.99373
70.11122
82.54945
94.46453
12.43824
25.57415
38.72329
51.41850
63.25060
65.32839
69.05621
78.80689
92.23836
100.32972
12.43824
19.93080
32.36903
44.80727
57.97843
66.54596
79.67568
80.86244
85.22844
89.66930
12.43824
25.30952
37.53557
47.87492
55.26410
55.94702
61.82951
71.81825
80.71831
85.19547
12.43824
18.18192
30.62016
43.05839
55.96889
69.15436
73.38245
83.63803
96.07627
97.82465
12.43824
20.97439
29.90586
43.07544
54.86977
67.30801
80.88798
93.57800
95.19016
103.83559
12.43824
25.43718
38.53634
51.58125
64.01948
72.99224
81.41903
84.24800
96.68624
107.21407
12.43824
25.60006
38.64367
45.50611
56.52666
69.88050
82.66017
87.81942
100.82914
111.55213
12.43824
24.87647
37.49829
50.41688
63.77172
76.92827
82.92900
89.94976
101.74037
115.51540
12.43824
13.41475
25.86914
34.82070
37.29263
49.73087
53.59900
66.47856
77.83201
92.43452
12.43824
24.87647
27.85478
41.06245
53.08586
60.27919
72.71743
79.59331
85.04669
93.48316
12.43824
24.87647
37.94967
51.90844
58.44647
68.08445
69.23781
81.75210
88.72248
101.74084
12.43824
25.61386
38.05209
49.21146
60.88918
73.85222
79.18907
86.44921
98.88745
110.14448
12.43824
24.87647
38.02490
50.46314
62.90137
72.90635
85.66782
93.20030
103.78244
110.26762
