12.43824
24.87647
37.31471
49.75295
62.58883
75.02707
87.46531
93.85403
100.98171
113.41995
12.43824
24.87647
37.31471
49.87309
62.31132
74.74956
87.89930
100.47318
111.32047
124.03991
12.43824
24.87647
37.31471
49.75295
58.63455
71.55547
83.99370
96.43194
108.66500
121.93042
12.43824
24.87647
37.31471
47.63644
60.81908
73.25731
86.22750
96.51260
109.61304
122.05128
12.43824
22.75735
35.19559
47.63383
60.07206
72.51030
83.48120
95.21581
106.84175
119.68073
12.43824
24.87647
37.31471
50.28968
62.96453
71.07071
83.50895
95.94719
109.08920
118.82466
12.43824
24.87647
37.31471
49.75295
56.96785
62.06000
74.49823
86.01773
88.27558
97.15733
12.43824
24.87647
37.31471
49.75295
62.19118
74.78002
87.17292
99.61116
112.81985
125.25809
12.43824
24.87647
35.18835
47.62659
60.17567
72.61391
81.63473
94.19520
106.63344
112.03739
12.43824
15.66888
28.23550
40.10777
52.54601
64.98425
77.42248
89.86072
102.29895
109.25845
12.43824
24.87647
37.31471
49.75295
50.69313
63.13137
75.77020
88.20843
92.57462
100.63978
12.43824
24.87647
37.47269
49.91093
62.34917
75.06403
87.50227
92.04928
104.48752
117.45534
12.43824
24.87647
37.31471
49.75295
62.19118
74.62942
87.80801
100.93229
106.39068
118.82892
12.43824
24.87647
29.54006
40.59373
53.03197
65.47020
77.90844
90.34667
102.20153
114.63976
12.43824
25.20792
37.64616
50.08439
62.52263
75.64218
81.29428
93.73252
106.13179
118.57003
12.43824
24.87647
34.75669
47.19493
59.03478
71.47302
85.29345
89.01515
101.45339
109.11276
12.43824
24.87647
37.31471
49.75295
62.19118
74.62942
87.06765
99.50589
108.71518
121.90152
12.43824
24.87647
37.78130
46.53965
59.72266
72.16090
84.59913
97.03737
109.49660
121.50404
12.43824
24.87647
37.31471
49.75295
62.19118
73.18306
85.62130
98.05953
111.23257
124.41248
12.43824
24.87647
37.31471
49.75295
62.19118
75.34811
87.78635
98.78397
111.82017
124.26311
12.43824
24.87647
37.31471
49.75295
62.19118
74.62942
78.53682
90.97505
102.11966
107.07215
12.43824
24.87647
34.36419
44.55245
56.99069
66.47516
78.91340
91.35163
103.78987
116.60032
12.43824
24.87647
37.31471
47.46121
59.89945
72.33769
84.77592
95.18484
107.62308
115.04846
12.43824
24.87647
37.31471
49.75295
55.96011
66.05804
79.19434
91.63257
104.07081
116.50905
12.43824
24.87647
37.31471
49.75295
62.19118
75.35915
87.79739
100.72715
105.37352
117.81175
12.43824
24.87647
37.31471
40.78346
53.22170
65.65994
78.81804
91.25627
103.69451
115.48591
12.43824
24.87647
37.31471
49.75295
62.19118
74.62942
82.70796
84.49613
96.93437
109.37261
12.43824
24.87647
37.31471
49.75295
53.09085
65.52908
79.21211
84.49544
96.93367
104.52822
12.43824
24.87647
37.31471
48.48373
60.92197
63.64092
76.80381
89.24205
99.32862
109.48687
12.43824
24.87647
37.31471
44.09445
54.71741
67.15564
79.59388
92.68685
98.42388
111.37292
12.43824
24.87647
37.31471
48.51582
60.95406
73.39230
85.83053
93.83864
106.46752
110.81517
12.43824
24.87647
37.31471
49.75295
62.19118
75.12462
86.36056
98.79880
111.23703
124.30355
12.43824
24.87647
37.31471
49.75295
62.19118
74.62942
87.06765
100.25318
113.39080
125.62210
12.43824
24.87647
34.81565
45.16680
57.60503
70.04327
82.72945
95.91634
100.30047
105.88578
12.43824
24.87647
37.51390
46.97336
59.55502
71.99326
77.29797
89.73620
102.81361
103.62806
12.43824
24.87647
37.31471
49.75295
62.19118
70.68740
83.87441
95.59882
108.76001
115.30386
12.43824
25.61941
38.05765
50.49588
59.00093
70.42259
82.86083
95.29906
98.95556
111.94316
12.43824
24.87647
37.31471
49.97457
62.41281
74.95944
87.39768
95.48289
108.65314
121.09138
12.43824
24.87647
37.31471
49.75295
62.19118
74.62942
85.58088
92.21423
98.95076
111.38900
12.43824
24.87647
37.31471
49.75295
62.66267
75.10091
77.78689
90.22513
102.66337
115.10160
12.43824
24.87647
37.31471
49.75295
62.67493
75.30032
87.73855
100.85773
103.27150
115.70973
12.43824
20.02242
32.46066
43.88549
56.32372
68.76196
74.21995
81.61723
94.50279
107.04774
12.43824
24.87647
37.31471
49.75295
62.19118
75.03054
87.46877
99.90701
105.67554
114.54621
12.43824
24.87647
37.31471
49.75295
62.19118
74.62942
79.30332
91.74156
100.88526
107.99938
12.43824
24.87647
37.31471
49.75295
62.19118
75.33862
77.06924
86.77509
95.91629
104.44514
12.43824
24.87647
37.31471
49.95058
62.38881
74.82705
76.97619
89.41442
101.85266
103.39032
12.43824
20.19420
28.70311
41.14134
49.34624
61.78448
74.33833
86.77656
89.08419
101.52243
12.43824
24.87647
37.31471
48.84179
61.28003
73.71827
82.01682
91.01321
103.49540
109.21689
12.43824
24.87647
29.31970
41.75793
54.79771
67.23594
69.80050
77.51665
83.85885
85.85199
12.43824
24.87647
37.31471
49.78736
59.79447
72.55130
85.56111
97.99934
101.53345
113.97169
12.43824
24.87647
37.36824
49.80648
62.24471
73.27901
85.71725
98.49394
111.95969
125.14649
12.43824
25.55252
37.99075
49.33259
61.77083
74.20907
86.64730
99.08554
112.17448
124.61272
12.43824
24.87647
37.70112
50.13935
54.77465
67.21288
79.65112
92.08936
97.40810
110.58065
12.43824
24.87647
37.31471
49.75295
62.19118
70.13632
80.09178
82.54333
94.98157
107.41980
12.43824
24.87647
37.31471
49.75295
62.19118
74.62942
76.55527
88.99350
93.21933
105.65757
12.43824
24.87647
37.31471
47.04833
49.92179
62.36002
73.10622
77.13517
83.91805
91.43897
12.43824
24.87647
37.31471
49.75295
62.19118
74.62942
87.06765
91.70633
104.14457
117.26303
12.43824
24.87647
37.31471
49.75295
62.19118
75.57118
88.00941
100.44765
112.88589
125.32412
12.43824
24.87647
35.00589
47.44412
54.97791
67.41614
79.61905
92.05728
94.86104
107.29927
12.43824
24.87647
37.49115
49.92939
62.36763
74.80586
87.24410
97.03994
98.64730
111.08553
12.43824
24.87647
37.31471
49.31686
61.75509
74.19333
86.63157
99.43412
108.96281
117.64193
12.43824
24.87647
37.31471
49.75295
62.80108
75.73571
88.17395
100.93049
113.33971
116.53022
12.43824
24.87647
37.31471
49.75295
62.54772
74.98596
88.17297
100.62558
113.06381
117.10223
12.43824
24.87647
37.31471
49.75295
57.46428
66.94317
80.13843
92.57667
102.65912
115.12968
12.43824
24.87647
37.31471
49.75295
62.19118
74.62942
84.98078
90.51755
103.51067
115.94891
12.43824
24.87647
37.31471
49.75295
62.38662
74.82485
87.26309
100.44539
113.08844
123.27040
12.43824
24.87647
37.31471
48.12096
60.55919
72.99743
85.60180
98.04003
110.77822
123.21646
12.43824
24.87647
37.31471
49.75295
62.19118
74.62942
87.06765
96.41574
107.84119
120.98214
12.43824
24.87647
37.31471
49.75295
62.19118
75.03247
78.72002
91.15826
103.59649
116.94099
12.43824
24.87647
37.31471
49.75295
62.36393
74.80216
87.24040
99.68912
112.12735
122.87107
12.43824
24.87647
37.31471
49.75295
62.93179
66.57598
79.01422
92.20054
104.63878
117.22918
12.43824
24.87647
33.32482
45.76305
58.20129
70.63953
83.07776
96.21382
108.65206
121.09029
12.43824
24.87647
37.31471
48.26904
60.70727
73.14551
85.58375
98.08484
110.03668
122.47492
12.43824
25.19975
37.63799
50.07623
62.51446
74.95270
88.17711
100.61534
108.47120
120.69703
12.43824
24.87647
37.31471
49.75295
62.06662
74.66550
78.86046
91.29870
103.73693
114.18689
12.43824
24.87647
37.31471
49.75295
62.19118
70.05373
82.90882
95.34706
107.78530
120.88958
12.43824
24.87647
37.31471
47.09873
59.53696
64.22836
76.66659
89.10483
101.54306
109.60359
12.43824
24.87647
37.31471
49.75295
59.46438
71.90262
84.34086
97.14225
109.58048
122.51629
12.43824
19.18057
31.61880
44.05704
56.49528
68.93351
81.37175
93.80998
104.14888
104.65780
12.43824
24.87647
37.79030
50.41020
62.84844
75.28668
87.75955
100.19778
110.70629
123.75059
12.43824
24.87647
37.31471
49.75295
62.88579
75.32402
87.76226
100.20050
112.99614
126.55442
12.43824
24.87647
36.85823
49.29647
54.29695
66.73519
79.17342
92.10966
104.54790
115.19653
12.43824
24.87647
37.31471
49.75295
62.19118
63.54261
68.96625
80.19268
92.63091
93.56414
12.43824
21.06257
23.46430
35.90253
48.34077
61.04532
74.11664
86.55488
98.99312
109.92973
12.43824
24.87647
37.36024
49.79848
62.23672
74.67495
87.11319
99.55142
112.24383
126.07956
12.43824
24.87647
37.45653
45.93193
58.37016
70.80840
83.24663
95.11882
108.14325
121.09931
12.43824
24.87647
37.31471
49.75295
53.93830
66.37654
79.38158
91.81982
97.12487
110.18950
12.43824
24.87647
37.31471
49.75295
62.19118
65.90750
78.92676
91.36500
103.80324
114.36424
12.43824
25.59425
38.03249
50.47073
63.42915
75.86739
88.30562
94.88104
98.96997
111.40820
12.43824
24.87647
37.31471
49.75295
57.41823
62.33481
74.77305
87.21128
99.64952
110.02318
12.43824
24.87647
37.31471
49.75295
62.19118
74.62942
81.94687
94.73381
107.17205
116.72281
12.43824
24.87647
37.31471
49.75295
62.19118
75.09221
87.53044
99.96868
103.87781
114.80085
12.43824
24.87647
37.31471
49.75295
62.19322
74.63146
78.27365
90.71188
94.96992
107.40816
12.43824
24.87647
37.31471
48.30321
60.74144
73.17968
83.20019
84.36968
96.80791
109.24615
12.43824
24.87647
37.31471
49.75295
62.19118
74.62942
83.55500
96.64878
109.08702
121.94971
12.43824
24.87647
37.31471
49.75295
62.19118
75.32664
87.95776
95.60902
108.04726
112.47693
12.43824
24.87647
32.87920
45.31744
58.43856
71.58616
84.02439
94.28279
107.41181
120.06581
12.43824
24.87647
37.31471
48.66631
61.10454
73.54278
86.02762
98.46585
111.63474
124.07297
12.43824
24.87647
37.31471
50.18762
62.62585
75.06409
87.64442
100.50562
112.94386
125.38209
12.43824
24.87647
37.31471
49.75295
62.88381
76.05940
88.59237
91.50395
96.77090
106.40283
