12.43824
25.54903
38.51858
44.12526
46.54521
-1.00000
-1.00000
-1.00000
-1.00000
-1.00000
12.43824
24.43948
35.04700
36.82079
40.45903
51.21503
54.23227
55.33478
-1.00000
-1.00000
12.43824
22.47069
35.64162
44.47306
-1.00000
-1.00000
-1.00000
-1.00000
-1.00000
-1.00000
12.43824
25.62496
35.21463
36.83281
39.93118
48.21026
49.20181
49.64042
52.66695
55.73535
12.43824
14.04509
27.11739
34.36337
47.30096
53.63165
54.71049
55.62673
56.82015
58.49858
12.43824
25.60153
32.96206
33.72869
35.77915
36.62203
-1.00000
-1.00000
-1.00000
-1.00000
12.43824
23.81771
34.40965
47.15622
-1.00000
-1.00000
-1.00000
-1.00000
-1.00000
-1.00000
12.43824
23.40164
25.85720
39.12157
49.33159
-1.00000
-1.00000
-1.00000
-1.00000
-1.00000
12.43824
25.61541
27.20904
36.24460
37.54781
45.65889
46.05720
-1.00000
-1.00000
-1.00000
12.43824
12.91927
17.19286
17.31090
30.54332
36.46617
40.69347
46.63623
57.03061
57.52890
12.43824
25.62180
34.64653
42.50843
42.52435
47.65002
-1.00000
-1.00000
-1.00000
-1.00000
12.43824
23.00119
25.70490
38.54560
-1.00000
-1.00000
-1.00000
-1.00000
-1.00000
-1.00000
12.43824
24.12582
37.10859
48.02722
50.65421
53.90073
55.07910
57.91625
58.07739
-1.00000
12.43824
25.58251
26.15146
27.62905
35.07213
47.47765
51.53501
-1.00000
-1.00000
-1.00000
12.43824
14.98127
28.20629
38.76516
45.27146
48.25607
48.80326
-1.00000
-1.00000
-1.00000
12.43824
25.62520
27.25143
33.13590
35.33656
42.30705
42.59389
42.59864
48.61191
-1.00000
12.43824
21.96938
35.28687
40.41569
51.10501
54.76972
-1.00000
-1.00000
-1.00000
-1.00000
12.43824
24.66665
28.36466
29.33592
31.45610
39.87799
-1.00000
-1.00000
-1.00000
-1.00000
12.43824
25.50884
37.35862
46.85382
53.26560
54.56578
58.27740
61.03304
62.39773
63.63693
12.43824
16.92419
22.52548
35.86239
45.20154
46.92850
57.25044
58.53393
60.14330
-1.00000
12.43824
25.62248
30.14925
41.94266
45.80796
53.75946
53.77430
57.60291
57.72853
58.24309
12.43824
20.70983
21.13721
21.66773
34.88844
36.51487
47.42793
50.99996
-1.00000
-1.00000
12.43824
25.05184
31.85884
33.35116
36.65972
49.14811
56.63628
57.50219
59.10415
-1.00000
12.43824
25.37254
31.66099
42.37658
43.24106
-1.00000
-1.00000
-1.00000
-1.00000
-1.00000
12.43824
18.69358
31.08031
43.51663
47.26529
49.71953
-1.00000
-1.00000
-1.00000
-1.00000
12.43824
25.62046
35.62841
35.73812
42.92183
50.37383
50.92924
52.78115
58.19837
59.14528
12.43824
19.22165
32.23906
36.75372
46.94687
55.62820
-1.00000
-1.00000
-1.00000
-1.00000
12.43824
25.31097
36.41001
46.96313
-1.00000
-1.00000
-1.00000
-1.00000
-1.00000
-1.00000
12.43824
25.14799
38.11149
39.82581
45.37837
45.45394
-1.00000
-1.00000
-1.00000
-1.00000
12.43824
20.25366
31.99020
32.65526
33.81586
46.56300
51.45726
52.16231
53.01888
54.12950
12.43824
25.62163
37.40940
38.98146
49.79494
54.35930
58.20120
58.55005
-1.00000
-1.00000
12.43824
17.51720
28.06214
40.67628
45.35546
46.67435
47.32868
58.02667
60.21066
60.79067
12.43824
25.47282
31.30182
44.03932
50.66371
54.06444
58.71341
59.27774
-1.00000
-1.00000
12.43824
24.80673
26.43462
-1.00000
-1.00000
-1.00000
-1.00000
-1.00000
-1.00000
-1.00000
12.43824
21.58741
25.82464
27.37353
28.55626
-1.00000
-1.00000
-1.00000
-1.00000
-1.00000
12.43824
25.62455
34.25214
39.93792
44.88520
45.73699
48.97589
49.21345
52.60073
52.60073
12.43824
15.62523
25.93915
38.02972
-1.00000
-1.00000
-1.00000
-1.00000
-1.00000
-1.00000
12.43824
25.56531
38.48144
40.75939
45.81122
47.25754
53.33233
53.49133
56.53581
12.43824
12.43824
24.31930
33.56367
38.52794
48.91596
56.09366
56.68221
-1.00000
-1.00000
-1.00000
12.43824
22.69205
36.00261
45.75258
-1.00000
-1.00000
-1.00000
-1.00000
-1.00000
-1.00000
12.43824
25.62416
33.54151
41.61657
42.24150
44.72778
53.97885
56.16941
56.18211
59.49076
12.43824
13.59424
26.76542
28.78108
-1.00000
-1.00000
-1.00000
-1.00000
-1.00000
-1.00000
12.43824
25.60809
31.47541
37.06412
49.82955
52.10155
58.06258
62.61855
62.77199
63.17838
12.43824
23.65721
35.40178
43.58629
44.38657
47.09756
-1.00000
-1.00000
-1.00000
-1.00000
12.43824
23.57630
25.73360
38.70629
47.54973
48.57398
-1.00000
-1.00000
-1.00000
-1.00000
12.43824
25.61121
30.14361
33.92452
43.94199
51.80143
-1.00000
-1.00000
-1.00000
-1.00000
12.43824
13.37513
14.72734
24.63826
25.51408
-1.00000
-1.00000
-1.00000
-1.00000
-1.00000
12.43824
25.62364
32.46050
32.79372
43.23447
45.45151
46.56886
47.66736
-1.00000
-1.00000
12.43824
22.79528
-1.00000
-1.00000
-1.00000
-1.00000
-1.00000
-1.00000
-1.00000
-1.00000
12.43824
24.25829
36.73543
41.35341
42.70442
45.25488
47.10006
51.93996
52.20940
-1.00000
12.43824
25.57064
27.54225
38.35580
45.40650
47.13684
-1.00000
-1.00000
-1.00000
-1.00000
12.43824
15.41694
28.64115
30.59745
35.65488
41.99652
50.18920
56.36862
-1.00000
-1.00000
12.43824
25.62484
29.78124
41.09882
-1.00000
-1.00000
-1.00000
-1.00000
-1.00000
-1.00000
12.43824
21.71445
35.06436
36.35959
42.37218
43.66052
43.82429
43.86569
49.69984
56.65817
12.43824
24.77050
30.76531
34.56693
47.64151
52.18518
52.22325
59.17939
59.24077
63.07333
12.43824
25.48740
38.10747
39.38311
39.39022
44.62399
46.52204
46.94143
47.09756
47.23530
12.43824
17.32621
24.95083
36.54467
46.89410
-1.00000
-1.00000
-1.00000
-1.00000
-1.00000
12.43824
25.62186
32.64517
38.57128
42.97462
43.47317
-1.00000
-1.00000
-1.00000
-1.00000
12.43824
20.40496
22.07339
32.04537
32.27563
43.22498
43.74236
45.79987
-1.00000
-1.00000
12.43824
25.11807
29.33108
34.35528
46.92531
51.22845
56.44450
0.00000
12.43824
25.43733
12.43824
25.33209
31.45328
33.75980
41.77935
51.99019
60.21733
61.78065
62.20945
-1.00000
12.43824
19.05210
30.64884
37.13094
-1.00000
-1.00000
-1.00000
-1.00000
-1.00000
-1.00000
12.43824
25.62045
36.52269
46.08807
48.54103
54.21546
55.02071
55.94822
61.60034
61.62482
12.43824
18.86804
31.58753
39.49270
40.44328
40.64713
40.89046
51.94810
53.36122
54.08259
12.43824
25.35688
37.37951
45.29137
48.20557
54.46303
55.25030
55.55187
56.69938
63.43559
12.43824
25.09009
37.58703
42.43003
46.36000
55.35447
57.06626
58.43362
58.79341
58.88164
12.43824
20.56385
32.96247
34.53465
-1.00000
-1.00000
-1.00000
-1.00000
-1.00000
-1.00000
12.43824
25.62222
37.23475
43.15617
44.83060
50.20094
59.11356
59.76788
59.96613
62.16756
12.43824
17.15326
28.84199
34.06377
43.10508
45.81262
-1.00000
-1.00000
-1.00000
-1.00000
12.43824
25.49785
32.53061
40.16887
40.71977
46.87943
49.01367
-1.00000
-1.00000
-1.00000
12.43824
24.71403
29.25052
37.99124
40.35118
40.76614
51.93099
54.90060
57.18142
-1.00000
12.43824
21.86890
23.17717
34.68106
46.78704
-1.00000
-1.00000
-1.00000
-1.00000
-1.00000
12.43824
25.62501
32.28191
32.62005
40.50608
50.27179
55.03578
58.11669
58.31113
60.93737
12.43824
15.19257
24.10266
30.11318
-1.00000
-1.00000
-1.00000
-1.00000
-1.00000
-1.00000
12.43824
25.57802
38.10048
45.28491
45.94104
49.85137
49.85409
53.82656
57.72846
-1.00000
12.43824
24.20202
31.70502
44.30615
47.45844
47.65022
50.38675
58.53022
-1.00000
-1.00000
12.43824
22.90303
36.26841
37.97217
45.21817
45.53374
51.02502
53.05277
56.72727
57.10393
12.43824
25.62273
31.50395
39.60223
41.04612
49.57810
54.80316
-1.00000
-1.00000
-1.00000
12.43824
13.14001
26.33469
34.11873
43.98895
51.54411
56.02128
61.01431
61.33020
61.33575
12.43824
25.61330
29.43963
31.80504
37.96110
42.59929
44.05680
52.34401
52.84055
-1.00000
12.43824
23.48723
36.00852
39.53174
42.64057
-1.00000
-1.00000
-1.00000
-1.00000
-1.00000
12.43824
23.75471
24.86870
33.93358
-1.00000
-1.00000
-1.00000
-1.00000
-1.00000
-1.00000
12.43824
25.60542
32.71024
39.92707
45.25207
45.27993
45.98666
46.39022
51.38690
51.38638
12.43824
13.82778
14.15549
27.19757
37.29391
-1.00000
-1.00000
-1.00000
-1.00000
-1.00000
12.43824
25.62467
29.83386
37.80524
43.52946
50.72032
53.07823
59.04558
59.65854
60.09696
12.43824
22.59749
23.70062
-1.00000
-1.00000
-1.00000
-1.00000
-1.00000
-1.00000
-1.00000
12.43824
24.38246
36.03459
39.56023
40.17240
52.04953
54.04480
59.88365
60.17752
62.30253
12.43824
25.55661
29.75237
42.68440
48.23153
48.27953
49.79275
53.91133
-1.00000
-1.00000
12.43824
15.84608
29.03451
39.20011
43.00142
50.97879
57.65597
57.87199
-1.00000
-1.00000
12.43824
25.62432
32.05705
37.21935
38.35604
38.82390
44.67200
50.82033
58.12572
-1.00000
12.43824
21.44886
34.77305
40.47996
45.90822
55.44651
56.01004
-1.00000
-1.00000
-1.00000
12.43824
24.85899
32.83854
37.84821
42.41590
-1.00000
-1.00000
-1.00000
-1.00000
-1.00000
12.43824
25.46095
38.49470
43.34115
-1.00000
-1.00000
-1.00000
-1.00000
-1.00000
-1.00000
12.43824
17.71891
27.01768
28.80936
33.14372
46.30043
-1.00000
-1.00000
-1.00000
-1.00000
12.43824
25.62128
34.63704
39.33277
47.01142
53.98341
-1.00000
-1.00000
-1.00000
-1.00000
12.43824
20.08899
24.68536
37.80012
44.48607
45.15001
48.68293
49.67998
52.97240
52.97240
12.43824
25.17856
26.44559
39.05839
41.94399
44.02394
48.39999
50.10526
-1.00000
-1.00000
12.43824
25.28716
30.40430
31.48457
36.39246
48.69051
-1.00000
-1.00000
-1.00000
-1.00000
12.43824
19.40048
29.78652
30.25382
37.56373
48.52454
49.83071
50.87424
52.83041
62.38172
12.43824
25.62055
36.86272
47.71324
50.18811
52.37300
55.87532
-1.00000
-1.00000
-1.00000
