12.43824
24.87647
37.31471
49.75295
58.69269
71.13092
83.56916
96.24874
109.30698
121.74522
12.43824
24.87647
37.31471
49.95193
62.39017
74.82841
87.26664
99.70488
112.46986
124.84142
12.43824
24.87647
37.31471
49.75295
62.17754
74.61578
87.05401
99.49225
110.39512
123.50036
12.43824
24.87647
37.31471
50.49475
62.93299
75.37122
87.80946
100.98979
113.63952
126.07776
12.43824
22.67639
35.11463
47.55286
59.99110
72.42934
84.82667
97.23249
109.62750
122.73813
12.43824
24.87647
37.31471
50.28769
63.47161
76.60878
89.04702
101.48526
113.92349
124.85241
12.43824
24.87647
37.31471
49.75295
61.89089
75.07728
87.51552
100.19750
110.25701
122.69524
12.43824
24.87647
37.31471
49.75295
62.19118
74.62942
87.06765
99.50589
112.85772
125.29596
12.43824
24.87647
34.93267
47.37091
59.84466
72.28290
84.72114
97.38267
109.82091
121.55433
12.43824
21.42481
34.46126
48.36966
60.80790
73.24614
85.68437
98.12261
110.56084
116.76897
12.43824
24.87647
37.31471
49.75295
57.53486
69.97309
82.41133
94.84957
107.82100
120.25924
12.43824
24.87647
37.31471
49.75295
62.19118
74.62942
87.06765
96.60198
109.04021
122.06906
12.43824
24.87647
37.31471
49.75295
62.19118
74.62942
87.67942
100.81467
113.55072
126.03014
12.43824
24.87647
29.60610
40.75769
53.19592
65.63416
78.07240
90.51063
102.77802
115.21625
12.43824
25.55681
37.99505
50.43328
62.87152
75.97436
84.14976
96.58799
108.86085
121.29909
12.43824
24.87647
37.31471
49.75295
62.19118
74.62942
88.49310
98.90125
111.33948
124.41519
12.43824
24.87647
37.31471
49.90698
62.34522
74.78346
87.22169
99.65993
109.18052
121.61875
12.43824
24.87647
37.31471
46.57824
59.01648
71.45472
83.89295
96.33119
108.76943
121.20766
12.43824
24.87647
37.31471
49.75295
62.19118
75.28250
87.72074
100.15897
112.86530
125.68197
12.43824
24.87647
37.31471
49.75295
62.19118
74.62942
87.06765
97.92177
110.95207
123.93365
12.43824
24.87647
37.31471
49.75295
62.19118
74.62942
81.60445
94.04269
105.00217
116.95894
12.43824
24.87647
34.41411
47.51554
59.95377
71.52783
83.96607
96.40430
108.84254
122.02079
12.43824
24.87647
37.31471
47.69126
60.12949
72.56773
85.00597
95.12402
107.56226
115.45975
12.43824
24.87647
37.31471
49.75295
59.54685
69.12777
82.05931
94.49754
106.93578
119.37402
12.43824
24.87647
37.31471
49.75295
62.19118
74.62942
87.06765
100.24840
106.91157
119.34980
12.43824
24.87647
37.31471
48.06896
60.50719
72.94543
86.17398
98.61222
111.05045
124.22408
12.43824
24.87647
37.31471
49.75295
62.19118
74.62942
82.49419
88.84211
101.28034
113.71858
12.43824
24.87647
37.31471
49.75295
55.11413
67.55237
81.28741
93.74453
106.18276
112.98456
12.43824
24.87647
37.31471
49.60382
62.04205
64.26586
77.45283
89.89107
99.64688
110.28169
12.43824
24.87647
37.31471
44.02750
57.10089
69.53912
81.97736
95.01348
107.45171
120.34713
12.43824
24.87647
37.31471
49.83520
62.27344
74.71168
87.14991
93.04749
105.81879
113.87388
12.43824
24.87647
37.31471
49.75295
62.19118
74.86178
88.04829
100.48652
112.92476
125.98365
12.43824
24.87647
37.31471
49.75295
62.19118
74.62942
87.06765
100.02241
113.40868
125.31045
12.43824
24.87647
34.24448
44.70629
57.14452
69.58276
82.61756
95.05579
106.62094
111.78566
12.43824
24.87647
37.62321
46.55677
58.99501
71.43324
76.52037
88.97946
102.82983
116.14316
12.43824
24.87647
37.31471
49.75295
62.19118
75.37771
87.98730
100.07824
113.00723
125.80441
12.43824
24.87647
37.31471
49.75295
59.45142
71.65773
84.09596
96.60107
106.97836
120.15998
12.43824
24.87647
37.31471
49.75295
62.19118
75.02456
87.46279
98.68129
111.84393
124.28217
12.43824
24.87647
37.31471
49.75295
62.19118
74.62942
84.59658
93.29669
100.81214
113.25038
12.43824
24.87647
37.31471
49.75295
62.81062
75.24885
80.86302
93.30126
105.73950
118.17773
12.43824
24.87647
37.31471
49.75295
62.19118
75.22612
87.66436
100.84256
112.84750
125.28574
12.43824
20.23047
32.66871
45.99392
58.43216
70.87040
75.68481
87.88357
100.32180
112.76004
12.43824
24.87647
37.31471
49.75295
62.19118
75.34549
87.78373
100.22197
111.62029
120.54666
12.43824
24.87647
37.31471
49.75295
62.19118
74.62942
81.83197
94.27021
106.70844
119.88335
12.43824
24.87647
37.31471
49.75295
62.19118
75.15952
86.80298
96.26129
109.44465
121.89568
12.43824
24.87647
37.31471
50.34077
62.77901
75.21725
80.07481
92.51305
104.95128
110.73638
12.43824
18.23616
26.90315
39.34139
46.26176
58.69999
71.30009
83.73832
92.56076
104.99900
12.43824
24.87647
37.31471
49.73140
62.16964
74.60787
87.79317
96.05155
108.48979
121.11022
12.43824
24.87647
32.20196
44.64020
57.80875
70.24698
80.38014
88.44457
94.88487
108.13081
12.43824
24.87647
37.31471
49.75295
62.62416
75.29902
88.41739
100.85563
113.29387
125.73210
12.43824
24.87647
36.53303
48.97126
61.40950
72.04373
84.48197
96.97925
110.24825
123.17757
12.43824
24.87647
37.31471
48.56056
60.99879
73.43703
85.87527
98.31350
110.43771
122.87595
12.43824
24.87647
37.78041
50.21864
57.81919
70.25742
82.69566
95.13390
104.32256
117.50745
12.43824
24.87647
37.31471
49.75295
62.19118
72.73124
81.87040
95.03367
107.47191
119.91015
12.43824
24.87647
37.31471
49.75295
62.19118
74.62942
79.29979
91.73803
96.95521
109.39345
12.43824
24.87647
37.31471
49.41853
53.35606
65.79430
79.24686
88.34696
94.39651
105.85724
12.43824
24.87647
37.31471
49.75295
62.19118
74.62942
87.06765
91.83987
104.27810
116.71634
12.43824
24.87647
37.31471
49.75295
62.19118
74.63008
87.06832
99.50655
111.94479
124.38303
12.43824
24.87647
33.92318
46.36142
50.75779
63.19602
76.19598
88.78378
100.46153
112.89977
12.43824
24.87647
37.58179
50.02003
62.45827
74.89650
87.33474
97.72421
106.20791
118.64614
12.43824
24.87647
37.31471
50.02710
62.46534
74.90357
87.34181
100.16803
111.02487
119.36103
12.43824
24.87647
37.31471
49.75295
62.93892
75.37716
87.81539
100.58496
113.04595
122.99482
12.43824
24.87647
37.31471
49.75295
62.70904
75.14727
88.28386
100.72209
113.16033
121.79968
12.43824
24.87647
37.31471
49.75295
62.19118
75.13950
86.54811
98.98634
111.42458
123.86282
12.43824
24.87647
37.31471
49.75295
62.19118
74.62942
86.82620
93.87739
106.91035
119.34859
12.43824
24.87647
37.31471
49.75295
62.19118
74.62942
87.06765
100.03942
113.21935
127.02385
12.43824
24.87647
37.31471
47.37620
59.81444
72.25268
84.82486
97.26310
109.90336
122.34159
12.43824
24.87647
37.31471
49.75295
62.19118
74.62942
87.06765
100.21469
114.30519
127.49094
12.43824
24.87647
37.31471
49.75295
62.19118
75.06430
87.80885
100.24709
112.68533
125.70195
12.43824
24.87647
37.31471
49.75295
62.19297
74.63120
87.51186
99.95009
112.38833
125.54977
12.43824
24.87647
37.31471
49.75295
62.19118
74.80768
87.24592
100.02813
112.46636
124.90460
12.43824
24.87647
34.14373
46.58197
59.02020
71.45844
83.89667
97.08261
109.52085
121.95909
12.43824
24.87647
37.31471
48.30924
60.74748
73.18571
85.62395
98.06219
111.80774
124.24597
12.43824
24.87647
37.31471
49.90904
62.34727
74.78551
87.35333
99.79156
106.23016
119.24419
12.43824
24.87647
37.31471
49.75295
62.83828
75.77667
88.69853
101.13677
113.57500
125.35997
12.43824
24.87647
37.31471
49.75295
62.19118
73.46479
86.32679
98.76503
111.20327
123.64150
12.43824
24.87647
37.31471
49.75295
62.19118
64.67363
77.29884
89.73708
102.17531
111.64485
12.43824
24.87647
37.31471
49.75295
57.00563
69.44387
81.88211
94.55742
106.99565
120.03593
12.43824
24.87647
37.31471
49.75295
62.19118
74.62942
87.06765
99.50589
110.35740
114.06333
12.43824
24.87647
37.50570
50.06552
62.50375
74.94199
88.02261
100.46085
113.59216
126.28569
12.43824
24.87647
37.31471
49.75295
62.91747
75.35571
87.79394
100.23218
113.03546
126.70191
12.43824
24.87647
36.87623
49.31447
55.66107
68.09931
80.53755
93.73841
106.38348
116.53260
12.43824
24.87647
37.31471
49.75295
62.19118
72.83548
80.42975
91.13999
103.57823
106.43975
12.43824
25.27422
28.72824
41.16647
53.60471
66.08687
79.12334
91.56158
103.99981
117.16555
12.43824
24.87647
37.80132
50.23956
62.67779
75.11603
87.55426
99.99250
112.81366
125.84480
12.43824
24.87647
37.31471
46.40543
58.84366
71.28190
83.72014
96.87205
109.67633
122.81938
12.43824
24.87647
37.31471
49.75295
56.54695
68.98519
82.17222
94.61046
107.31446
120.06756
12.43824
24.87647
37.31471
49.75295
62.19118
72.55599
85.73546
98.17370
110.61193
120.69024
12.43824
25.62122
38.05946
50.49770
62.93593
75.37417
87.81241
98.49740
101.47511
113.91335
12.43824
24.87647
37.31471
49.75295
61.16423
70.05209
82.49033
94.92856
107.36680
120.48941
12.43824
24.87647
37.31471
49.75295
62.19118
74.62942
87.71686
100.65233
113.09056
125.67039
12.43824
24.87647
37.31471
49.75295
62.19118
74.76754
87.20578
99.64402
101.48457
114.60320
12.43824
24.87647
37.31471
49.75295
62.35840
74.79664
86.43282
99.36614
107.85674
120.29498
12.43824
24.87647
37.31471
48.84171
61.27994
73.71818
84.50862
92.59132
105.02956
117.46780
12.43824
24.87647
37.31471
49.75295
62.19118
74.62942
87.81465
100.99101
113.42925
126.38250
12.43824
24.87647
37.31471
49.75295
62.19118
74.62942
87.09474
98.87473
111.31296
116.38226
12.43824
24.87647
37.62123
50.05946
63.20581
76.36572
88.80396
99.72086
112.73661
125.85841
12.43824
24.87647
37.31471
48.55054
61.21368
73.65192
86.09015
98.52839
111.63598
124.07421
12.43824
24.87647
37.31471
50.50173
62.93997
75.37821
87.87577
100.79151
113.22975
125.66799
12.43824
24.87647
37.31471
49.75295
62.82638
75.26462
87.70286
100.14109
112.55584
124.99408
