12.43824
24.87647
37.31471
49.75295
62.24578
74.68401
87.12225
99.69044
105.72747
118.16571
12.43824
24.87647
37.31471
50.46048
62.89872
75.33695
87.57225
100.66952
110.12042
122.36428
12.43824
24.87647
37.31471
49.75295
56.91119
70.09227
82.53051
94.96874
107.61528
121.29029
12.43824
24.87647
37.31471
50.45231
62.70803
75.14627
87.95499
97.42680
110.46658
123.34477
12.43824
25.61515
38.05339
50.49162
62.92986
75.36810
88.22731
99.82200
110.66924
123.10748
12.43824
24.87647
37.31471
49.75295
62.60902
69.96469
82.40293
94.84117
106.36087
116.26499
12.43824
24.87647
37.31471
49.75295
57.26654
62.22103
74.65927
84.01477
92.83795
105.25557
12.43824
24.87647
37.31471
49.75295
62.19118
75.34850
86.56491
99.00315
111.95207
124.93235
12.43824
24.87647
34.69261
47.13085
59.67450
72.11274
84.42785
96.86608
109.30432
120.60894
12.43824
20.66542
33.10366
44.79147
57.22970
69.66794
82.10618
94.54441
106.98265
112.05673
12.43824
24.87647
37.31471
49.75295
62.53168
75.06650
87.50474
99.94297
111.04367
124.10287
12.43824
24.87647
37.66182
50.10005
62.53829
75.55983
87.99807
100.84339
113.28163
126.46282
12.43824
24.87647
37.31471
49.75295
62.19118
74.62942
87.06765
99.50589
104.22297
116.66120
12.43824
24.87647
37.52414
48.09205
60.53029
72.96852
85.42480
97.86304
109.80117
122.23940
12.43824
25.08761
37.52585
49.96408
62.40232
75.13929
86.59277
99.03101
110.87255
123.31078
12.43824
24.87647
34.52954
46.96778
57.66217
70.10041
83.68576
96.28610
108.72433
112.78287
12.43824
24.87647
37.31471
49.75295
62.19118
74.62942
87.06765
99.50589
107.26878
120.46013
12.43824
24.87647
37.55365
46.69204
59.50878
71.94701
84.38525
96.82348
109.26172
121.26457
12.43824
24.87647
37.31471
49.75295
62.19118
75.37759
87.81583
100.25406
113.42737
126.16522
12.43824
25.20708
37.64531
50.08355
62.52179
75.33396
87.77220
98.72822
111.16645
124.12603
12.43824
24.87647
37.32750
49.76573
62.20397
74.64220
87.90100
100.33923
111.44289
124.39538
12.43824
24.87647
37.70589
46.93386
59.37209
68.78675
81.22498
94.10686
106.54510
117.79041
12.43824
24.87647
37.31471
46.60256
59.04079
71.47903
83.91727
95.86224
108.49990
114.10503
12.43824
24.87647
37.31471
49.75295
59.36954
70.61648
83.55267
95.99091
108.42915
120.86738
12.43824
24.87647
37.31471
49.75295
62.19118
75.05659
87.49483
100.01337
101.68459
114.12283
12.43824
24.87647
37.31471
47.40193
59.84016
72.27840
84.74508
97.18332
109.62156
121.64947
12.43824
24.87647
37.31471
49.75295
62.19118
74.62942
83.14938
84.57171
97.00995
109.44818
12.43824
24.87647
37.31471
49.75295
54.77239
67.21062
80.57789
87.77041
100.20865
106.25082
12.43824
24.87647
37.31471
48.41633
60.85457
62.33123
75.05306
87.49129
99.95289
111.28960
12.43824
24.87647
37.31471
45.28469
54.92914
67.36737
79.80561
92.94955
97.87536
111.04524
12.43824
24.87647
37.31471
48.85051
61.28875
73.72698
86.16522
95.90959
108.67427
114.53825
12.43824
24.87647
37.31471
49.75295
62.19118
75.33981
87.66448
100.10271
112.54095
125.24665
12.43824
24.87647
37.31471
49.75295
62.19118
74.62942
87.06765
99.97379
112.42081
123.11655
12.43824
24.87647
37.98262
50.93788
63.37612
75.81436
88.14362
101.29083
108.95717
114.32868
12.43824
24.87647
37.91837
50.83306
63.96633
76.40457
83.97708
96.41532
108.93976
114.04216
12.43824
24.87647
37.31471
49.75295
62.19118
74.29060
87.15496
98.89260
111.33084
120.66068
12.43824
25.29587
37.73411
50.17235
58.19922
67.77281
80.21105
92.64929
95.51258
108.19406
12.43824
24.87647
37.31471
50.44012
62.87835
73.61052
86.04875
99.09972
112.22414
124.66238
12.43824
24.87647
37.31471
49.75295
62.19118
74.62942
82.23055
94.22128
106.84236
119.47044
12.43824
24.87647
37.31471
49.75295
62.56553
75.00377
81.82742
94.26566
106.70389
119.14213
12.43824
24.87647
37.31471
49.75295
62.89471
74.46440
86.90264
100.02350
107.62442
120.06265
12.43824
19.87357
32.31181
44.07998
56.51821
68.95645
77.06015
80.83579
92.96409
105.60608
12.43824
24.87647
37.31471
49.75295
62.19118
73.28587
85.72411
98.16235
110.13164
123.09604
12.43824
24.87647
37.31471
49.75295
62.31007
74.74831
80.03087
92.46911
105.13055
115.37770
12.43824
24.87647
37.32512
49.76335
62.20159
75.27305
87.67990
95.98290
103.54680
116.48114
12.43824
24.87647
37.95999
50.71685
63.15509
75.59332
81.71322
94.15146
106.73407
119.17231
12.43824
25.47659
35.09611
47.53435
54.11186
66.55009
79.71876
92.15699
98.36324
110.80148
12.43824
24.87647
37.31471
50.94836
63.38660
75.82484
84.84851
93.97946
106.41770
116.41788
12.43824
24.87647
34.44903
46.88727
60.05235
72.49059
77.80516
86.93772
92.47503
98.02388
12.43824
24.87647
37.31471
49.75295
59.61426
72.56005
85.11863
97.59782
101.27035
113.70859
12.43824
24.87647
37.40682
49.84506
62.28329
75.18887
87.62711
100.80673
114.60972
127.05817
12.43824
25.13602
37.57426
50.55247
62.99070
75.42894
87.86718
100.30541
113.10260
125.54083
12.43824
24.87647
38.06158
50.49982
61.16015
73.59838
86.03662
98.47486
111.51454
124.69050
12.43824
24.87647
37.31471
49.75295
62.19118
69.39714
79.47368
84.39128
96.82951
109.26775
12.43824
24.87647
37.31471
49.75295
62.19118
74.62942
62.19118
74.62942
78.90694
91.34517
12.43824
24.87647
37.31471
50.06864
55.24542
67.68366
79.06496
82.42799
92.67928
99.67441
12.43824
25.09164
37.52987
49.96811
62.40634
74.84458
87.28282
91.77538
104.22747
117.00879
12.43824
24.87647
37.31471
49.75295
62.25936
75.07873
87.51696
99.95520
112.39344
124.83167
12.43824
24.87647
34.31700
46.75523
58.97792
71.41616
83.51892
96.38570
103.59331
116.03155
12.43824
24.87647
37.61411
50.05235
62.49058
74.92882
87.36705
101.09216
111.70547
124.14371
12.43824
24.87647
37.31471
49.36400
61.80224
74.24047
86.67871
99.82363
111.70170
119.86131
12.43824
24.87647
37.31471
49.75295
62.80442
75.30393
87.74217
100.73246
113.88182
122.22631
12.43824
24.87647
37.31471
49.75295
62.90530
75.34353
88.49603
100.84405
113.28228
117.53311
12.43824
24.87647
37.31471
49.75295
58.23760
65.58850
78.90810
91.34634
104.35256
117.65977
12.43824
24.87647
37.31471
49.75295
62.19320
74.63144
83.77237
92.14100
105.26832
117.70656
12.43824
24.87647
37.31471
49.75295
62.93120
75.36944
87.80767
100.26064
113.19448
123.22399
12.43824
24.87647
37.31471
49.66264
62.10088
74.53912
87.72007
100.15831
113.18396
125.62219
12.43824
24.87647
37.31471
49.75295
62.19118
74.71625
87.15449
97.79393
109.13440
122.31727
12.43824
24.87647
37.31471
49.88532
62.32356
75.36176
84.16735
96.60559
109.04382
122.14362
12.43824
24.87647
37.31471
49.75295
62.77988
75.21811
88.13234
100.80549
113.24372
126.60756
12.43824
24.87647
37.91672
50.35495
63.17649
74.89074
87.32897
100.53897
112.97721
125.41544
12.43824
24.87647
36.27802
48.71626
61.15449
73.59273
86.03096
99.35904
112.19107
124.62930
12.43824
24.87647
37.31471
46.79131
59.22955
71.66778
84.10794
97.28130
107.51401
119.95225
12.43824
25.31327
37.75151
50.18974
62.62798
75.06622
87.76959
100.39463
108.51220
121.64939
12.43824
24.87647
37.31471
49.75295
62.93625
75.45979
88.36505
101.13259
113.57082
125.51225
12.43824
24.87647
37.31471
49.75295
62.19118
73.55369
86.36885
98.80709
111.24533
123.69074
12.43824
24.87647
37.31471
47.65084
60.08908
70.82878
83.26701
95.70525
108.14349
116.32739
12.43824
24.87647
37.31471
49.75295
59.21538
71.65362
84.09185
96.95510
109.39333
121.93701
12.43824
25.36921
37.80745
50.24568
62.68392
75.12215
87.56039
99.99863
112.43686
116.53412
12.43824
24.87647
38.02534
50.87194
63.31017
75.99353
88.92657
101.36481
111.56594
125.14700
12.43824
24.87647
37.31471
49.75295
62.35862
74.79686
87.23509
99.67333
112.50113
125.47573
12.43824
24.87647
38.02579
50.46402
55.04246
67.48069
79.91893
92.92941
105.62897
112.15622
12.43824
24.87647
37.31471
49.75295
62.19118
71.74653
76.04625
85.78184
98.22008
106.62610
12.43824
25.11751
31.62870
44.06694
56.50517
69.33537
82.34177
94.78001
107.21824
119.65648
12.43824
24.87647
37.61579
50.05402
62.49226
74.93049
87.36873
99.80697
112.32507
126.12199
12.43824
24.87647
36.72254
47.60561
60.04384
72.48208
84.92032
98.03760
111.22351
123.45182
12.43824
24.87647
37.31471
49.75295
62.62664
75.06487
87.55563
99.99387
111.49761
124.68283
12.43824
24.87647
37.98511
50.42335
62.86158
65.56244
78.69143
91.12967
103.56790
113.98183
12.43824
25.01847
37.45670
49.89494
62.80424
75.24248
87.68071
100.51878
103.76315
116.20138
12.43824
24.87647
37.31471
49.85333
56.25780
63.08334
75.52158
87.95981
100.39805
112.52666
12.43824
24.87647
37.31471
49.75295
62.19118
74.62942
81.04648
94.12112
106.55935
114.55383
12.43824
24.87647
37.31471
49.76029
62.19853
75.16995
87.60819
100.04642
102.01053
114.76364
12.43824
24.87647
37.31471
49.75295
62.72377
75.16201
85.41952
97.85776
110.91878
123.35702
12.43824
24.87647
37.31471
49.19782
62.35968
74.79791
87.09385
97.29719
109.73542
122.17366
12.43824
24.87647
37.31471
49.75295
62.19118
74.62942
77.41709
90.58890
103.02713
115.65865
12.43824
24.87647
37.31471
49.75295
62.19118
75.12056
88.03534
94.30732
106.74555
115.24994
12.43824
24.87647
32.87967
45.31791
57.90699
70.48561
82.92385
95.94936
109.45841
122.17252
12.43824
24.87647
37.31471
48.39772
60.83596
73.27420
86.16334
98.60158
111.78044
124.21867
12.43824
24.87647
37.31471
50.31431
62.75254
75.19078
88.23148
100.03265
112.47089
124.90912
12.43824
24.87647
37.31471
49.75295
62.57498
75.76176
88.92305
99.80420
106.49683
118.91694
