12.43824
24.87647
37.31471
50.50102
60.51077
74.47880
84.01842
95.89401
104.58151
111.98637
12.43824
24.24980
35.51437
47.61907
55.56484
68.69986
79.96259
93.62695
106.32340
111.44523
12.43824
21.95787
35.05718
47.61210
60.05319
67.18882
71.60422
83.51063
95.25856
96.94453
12.43824
24.87647
37.31471
49.75295
60.38689
73.31860
86.75354
88.85447
102.59252
115.03075
12.43824
19.46388
31.90211
45.75189
58.19013
70.74547
82.77022
96.62831
111.24752
116.81424
12.43824
25.18498
37.62975
41.63795
50.38381
59.74362
72.10734
78.31361
82.36856
90.04798
12.43824
25.07537
38.37474
50.81297
63.98833
72.80851
79.09557
85.27386
86.41880
99.60190
12.43824
25.36575
38.09742
50.53565
62.97389
75.99527
85.80626
99.41261
108.46903
112.26929
12.43824
24.87647
34.99212
48.10533
53.64906
66.32654
80.69807
89.61322
102.71771
110.12045
12.43824
23.69062
36.04294
40.80928
53.49102
64.82150
77.99930
90.75035
103.18859
108.55160
12.43824
24.87647
38.06337
51.10580
63.55148
74.10096
83.60396
96.74052
103.17527
111.70547
12.43824
25.35292
38.26701
51.26287
61.08827
73.69201
87.58113
98.46534
105.41732
111.87153
12.43824
24.87647
37.31471
49.75295
60.91586
74.32831
87.21111
99.90398
105.36010
118.45822
12.43824
24.87647
29.83521
38.97749
51.90089
64.33913
70.62396
83.30353
96.10876
109.60132
12.43824
22.31581
34.75405
47.19229
60.19078
70.79668
78.62624
91.49262
98.94145
109.63179
12.43824
24.87647
34.68097
47.11921
58.96415
72.18235
81.28969
82.88483
96.65578
105.19209
12.43824
24.73647
38.02843
44.11199
56.55022
69.15554
81.59377
93.52622
106.15032
112.97823
12.43824
24.87647
37.58693
48.32260
61.58514
74.83352
81.57957
95.42795
104.63556
116.12404
12.43824
24.87647
37.31471
49.75295
61.94114
67.94027
78.38488
90.30873
95.65678
104.16418
12.43824
22.92373
36.08634
48.93343
61.37166
74.35921
87.64021
100.81289
114.12469
126.56293
12.43824
24.50677
37.45716
49.89540
62.78048
70.43690
76.94833
86.42744
94.39841
106.32119
12.43824
25.53705
33.38269
44.31410
56.75233
60.42881
72.92283
83.38054
95.69128
101.77912
12.43824
24.72038
32.91619
34.72478
42.75420
55.19243
66.76734
68.29436
70.95300
78.32172
12.43824
24.87647
38.59718
51.03541
59.21792
65.22065
70.20794
78.91445
91.06838
103.97452
12.43824
25.11760
37.55584
49.99408
62.70367
73.02867
86.70575
91.96381
93.05221
106.23176
12.43824
24.87647
37.31471
46.94705
59.72978
73.31469
83.04114
95.73518
108.12901
110.34282
12.43824
25.58815
38.02639
50.83553
63.28592
76.83691
79.32349
91.86543
98.45759
111.51455
12.43824
24.87647
38.00003
50.43827
53.41970
65.59612
71.42843
78.63896
85.45201
88.77541
12.43824
24.87647
37.31471
46.92212
59.36036
72.50192
75.45315
87.89139
97.84747
102.40461
12.43824
25.45357
37.89181
50.33005
64.47178
76.91001
89.83982
96.19871
105.60113
110.65969
12.43824
24.87647
37.93677
42.72399
55.16223
67.60047
73.65069
87.36281
100.44369
109.60815
12.43824
25.07974
38.23988
51.76186
65.55653
76.60402
82.66736
87.32170
89.26583
96.00801
12.43824
24.87647
38.00146
50.43970
63.46827
77.18186
90.34890
101.15649
107.17795
120.58805
12.43824
24.87647
30.87673
42.32694
54.76518
67.65645
79.15111
93.38000
100.93440
104.58326
12.43824
25.44241
38.48719
44.15743
55.90737
68.34561
78.41035
91.30205
97.01963
107.60530
12.43824
24.87647
37.86096
50.77034
59.64879
68.18273
81.50899
88.00189
94.86077
104.97429
12.43824
24.87647
37.31471
49.75295
59.36457
67.71937
80.80977
94.55024
97.62313
108.62444
12.43824
24.87647
37.31471
50.46371
62.97745
76.55872
89.72122
100.88614
112.10918
120.42718
12.43824
24.87647
37.99676
50.20657
62.64481
75.78805
80.50589
88.25754
99.33202
111.12655
12.43824
24.87979
37.31803
50.21619
59.61802
70.25097
71.63340
82.52280
90.43370
101.64386
12.43824
24.87647
37.96155
50.47833
55.74125
66.25991
78.81666
87.99029
101.17566
113.61390
12.43824
25.16412
37.60235
44.85844
58.12577
70.56401
81.70808
87.00784
99.58909
110.03903
12.43824
24.87647
37.44094
50.14093
62.62497
71.91697
84.25723
95.03859
108.22099
118.83357
12.43824
25.50598
37.94422
50.38245
57.38668
68.66028
79.37436
89.28216
92.26887
98.25010
12.43824
24.87647
31.00902
43.69462
56.22651
66.53625
67.45040
70.50133
83.08603
96.37593
12.43824
24.87647
37.97425
44.95033
57.91392
70.86426
81.42558
87.54763
100.61705
102.29454
12.43824
20.52844
29.01235
42.19918
43.93925
56.37749
70.54038
82.97862
88.89426
101.80088
12.43824
24.72475
30.88099
43.92143
56.84843
69.82803
72.07740
80.27119
91.44260
101.41902
12.43824
25.44517
34.07230
46.51054
60.38202
69.04653
72.01737
75.38135
80.41504
85.57115
12.43824
24.87647
37.53044
46.74009
54.82594
64.66886
71.68275
78.83965
83.76053
95.74126
12.43824
24.87647
35.26486
47.96968
59.43118
66.74578
79.52581
82.66192
87.60571
94.14707
12.43824
18.89939
31.33763
42.96308
56.21120
64.47480
77.47524
86.25439
99.48306
113.36650
12.43824
24.87647
35.38480
47.82304
54.99027
68.17723
81.20994
93.66647
99.04012
112.35425
12.43824
25.07224
35.86103
47.80218
60.70016
73.13839
83.65723
85.85568
99.22128
109.28355
12.43824
24.87647
37.97567
50.79628
63.23452
74.74255
80.05713
93.15267
100.56914
111.97194
12.43824
24.87647
37.31471
40.01656
40.17251
49.84757
53.15769
65.81161
70.40734
80.26592
12.43824
23.03549
36.10371
48.54195
60.98018
73.00402
86.16558
97.14398
108.82993
114.43828
12.43824
24.87647
37.51324
47.34044
55.92052
61.90030
72.07341
84.79567
97.20141
109.72800
12.43824
25.47915
30.77573
43.90990
56.66566
69.10389
80.90737
94.29681
97.85436
110.99831
12.43824
24.87647
38.72290
47.94540
60.38363
73.10757
86.41008
95.13590
101.69794
114.13617
12.43824
25.19091
38.63998
51.72509
65.45704
78.41712
92.17434
100.90606
105.73844
110.07373
12.43824
25.32528
37.76352
47.02008
58.66843
64.98150
72.57310
84.90244
88.08786
101.11586
12.43824
24.87647
37.31471
49.43300
62.25707
75.73707
88.29100
91.88525
105.56886
108.37334
12.43824
24.53346
36.97169
50.13074
58.70431
61.64887
63.90052
77.09213
89.12951
96.48646
12.43824
24.87647
37.42490
49.40148
61.51622
75.02298
86.13142
87.94123
95.40095
108.01207
12.43824
24.87647
37.31471
50.88138
58.90074
69.71270
82.55723
90.13671
101.96585
110.62478
12.43824
23.43965
36.59774
46.16985
59.26304
69.04727
81.96748
95.12851
99.53921
113.17708
12.43824
24.87647
37.31471
49.93830
63.35219
76.33119
90.04008
97.66666
107.40166
120.03891
12.43824
25.50431
37.94255
50.90599
62.45618
67.42848
75.74540
88.86715
99.57406
101.95492
12.43824
24.87647
37.81769
50.70740
60.26126
71.94318
85.06623
92.99134
105.50317
109.41883
12.43824
24.87647
37.87609
50.89459
64.00950
75.08768
88.20711
95.31710
108.10129
117.51552
12.43824
24.87647
32.89513
45.33336
57.77160
70.26617
81.20456
91.14102
101.26793
113.81329
12.43824
25.40765
38.58537
43.59805
56.74191
67.40319
79.61787
90.55030
102.49770
114.94595
12.43824
16.16288
29.21906
42.22889
53.87095
67.03112
73.50352
84.62462
87.09708
99.41973
12.43824
24.87647
35.71082
48.84872
61.07890
67.34053
68.41770
72.70275
86.46533
91.00909
12.43824
24.87647
36.83406
49.27230
61.77250
64.22807
74.92305
87.59401
98.43913
107.15398
12.43824
24.89012
37.32836
47.34514
60.61001
71.83419
78.01565
87.46805
99.47259
105.74791
12.43824
24.87647
36.17166
49.42192
54.05270
66.79009
78.82398
88.45090
97.32880
104.03972
12.43824
25.00017
37.43841
48.64019
61.07843
73.15594
86.28541
98.03840
103.88335
107.43196
12.43824
24.87647
31.53465
35.62533
49.37850
61.81674
70.26378
83.46972
95.61574
100.05356
12.43824
25.58490
34.71974
47.93579
55.42598
67.13901
79.08838
92.04677
95.06766
99.86117
12.43824
25.54739
37.33317
49.77141
53.51282
67.09538
80.24632
88.88322
98.37096
101.57271
12.43824
24.87647
37.97643
50.35433
61.52510
63.08444
69.54916
81.80141
94.58937
94.84496
12.43824
25.60427
31.49432
39.30724
52.03920
58.81515
63.70214
72.20752
85.23141
97.25874
12.43824
24.87647
36.83322
49.86117
62.65723
75.09974
88.31522
101.43956
114.91376
122.59130
12.43824
24.87647
35.91017
49.36120
62.50942
74.94766
88.75107
93.84303
105.80050
114.72085
12.43824
24.87857
37.49657
48.99832
60.69103
73.86975
81.02046
88.25156
96.66996
104.16602
12.43824
24.87647
38.06297
50.50120
64.37087
70.53238
81.32275
92.72651
104.50104
111.70927
12.43824
25.08472
37.81131
50.24955
63.62755
72.95871
86.44570
95.49812
96.83739
109.86358
12.43824
24.87647
33.73757
45.33541
57.55529
70.73768
83.17591
96.37853
109.82183
110.83089
12.43824
24.34876
36.78699
49.73980
62.90315
75.57334
79.38702
89.93267
102.54074
104.52337
12.43824
24.87647
38.05179
50.04889
63.57829
73.63266
86.77004
100.28008
104.61182
106.81146
12.43824
24.87647
38.08795
50.00025
62.80571
75.97529
81.38062
84.03075
86.54328
91.03755
12.43824
24.61801
37.76396
50.95098
59.14312
71.58136
79.23178
82.35146
95.87594
99.91532
12.43824
24.87647
37.31471
48.88823
58.41262
70.89945
80.91113
85.96727
99.32754
111.52227
12.43824
25.57779
32.25678
44.69502
57.71457
64.00223
75.77149
86.70712
97.11830
98.80163
12.43824
25.03664
34.31019
46.74843
59.79030
68.51080
81.94720
90.06648
95.25128
99.00080
12.43824
24.87647
37.22843
43.74981
55.35855
67.40585
76.27721
88.71544
96.98035
109.87148
12.43824
25.00599
37.81596
49.56748
63.11066
76.38763
81.07595
86.53928
100.10862
113.65415
12.43824
24.87647
37.14360
48.43188
56.80501
69.98549
83.44470
96.51905
100.54949
101.34620
