12.43824
24.87647
37.31471
50.01957
54.95388
64.81107
78.71235
80.13227
82.54413
94.78747
12.43824
24.87647
37.95975
45.17446
56.99976
70.06746
75.93073
80.98032
83.59233
88.09928
12.43824
25.61866
38.05690
50.98362
53.64523
60.76349
70.91844
82.45442
87.43944
89.73148
12.43824
24.87647
38.02044
41.19545
47.19975
60.06287
64.42989
66.54410
73.51591
83.01260
12.43824
15.60900
28.04724
41.90285
54.34108
66.73021
70.35575
74.25338
78.75108
85.62140
12.43824
24.87647
37.41003
41.06803
46.34289
49.03640
61.65238
71.73056
74.88027
75.89267
12.43824
25.10479
38.18750
50.62573
53.13758
54.69297
62.40258
66.72310
66.80952
69.30793
12.43824
25.34272
34.97554
47.41378
60.39156
68.18253
71.58152
85.12686
87.52369
93.21106
12.43824
24.87647
27.99026
41.21308
46.29851
58.75008
60.63695
65.73356
77.86896
77.93371
12.43824
13.39958
21.32931
21.97993
34.41816
45.07966
54.37439
64.60276
77.38145
79.15286
12.43824
24.87647
37.84993
50.52601
50.59934
59.79572
64.63592
77.73849
79.00334
81.39136
12.43824
25.51068
30.73220
43.17044
52.59355
59.74578
73.05900
73.08684
82.60472
89.61921
12.43824
24.92485
37.36308
49.87467
59.07242
70.51489
75.66253
82.08808
82.86160
92.34800
12.43824
24.87647
26.00255
28.89734
41.69618
54.13442
62.29539
73.31228
77.61373
90.36761
12.43824
17.37390
29.81214
42.35616
53.28574
59.03382
60.82851
70.37276
71.44995
79.94318
12.43824
24.87647
28.04191
38.19476
42.45343
54.00826
55.50989
55.54234
66.89120
67.71633
12.43824
25.60054
38.03878
47.64598
60.08718
72.20407
83.05957
94.25073
96.34427
99.13087
12.43824
24.87647
31.83313
34.36688
41.06393
53.76656
63.05520
72.16938
80.19663
82.44566
12.43824
24.87647
37.38423
50.55171
62.72496
67.06042
77.14481
86.36980
92.18597
97.34930
12.43824
20.70607
30.60950
43.04774
56.12441
62.33354
75.00775
78.67647
84.45356
92.70185
12.43824
24.87647
33.11995
45.55819
54.50920
67.30328
67.38393
79.72005
80.40720
82.03221
12.43824
25.09345
27.08659
28.14495
40.58318
43.74056
56.46485
65.01242
75.40892
77.89604
12.43824
24.87647
36.21389
39.78126
49.27434
61.71258
74.61931
77.98426
84.87261
85.86656
12.43824
24.87647
38.47577
51.54434
53.23729
55.71468
62.61255
71.23756
81.37542
94.48402
12.43824
23.18802
35.62626
48.06450
59.33250
65.86553
76.56245
79.81400
79.86534
91.70724
12.43824
24.87647
38.05936
38.50753
52.41058
64.35213
67.08691
74.88058
84.88915
88.86571
12.43824
23.79587
36.23410
45.76767
58.94921
72.08030
74.52358
75.01394
82.03577
93.67182
12.43824
24.87647
37.78657
50.81911
51.63099
61.00378
62.52820
63.49660
71.98117
73.16760
12.43824
24.87647
37.31471
41.31410
54.96399
55.28554
59.74300
72.81324
74.21777
77.19096
12.43824
24.76755
37.24670
39.36125
43.44148
55.87971
69.17507
72.58296
74.30393
79.32213
12.43824
24.87647
37.31471
41.29380
53.91745
66.87835
77.58768
79.25231
84.51018
85.01595
12.43824
21.60632
34.68794
47.12617
60.32495
65.61770
68.61890
81.45563
89.80812
92.67814
12.43824
24.87647
36.39861
48.83685
60.41696
71.77423
84.38838
87.17885
89.70155
93.87751
12.43824
24.87647
28.07693
31.45785
43.89608
56.68753
61.61884
65.58285
65.61015
67.33816
12.43824
25.51301
33.37647
36.42949
41.77387
54.21211
55.24997
64.78389
66.44800
66.46777
12.43824
24.87647
37.82805
47.72165
58.38831
61.14362
67.24759
68.49742
74.92627
75.22775
12.43824
18.53452
31.67531
44.11354
46.86905
50.98292
62.01938
67.66546
68.17510
75.26680
12.43824
24.87647
37.31471
42.07510
53.76440
59.16548
72.96139
73.75370
79.86038
86.74564
12.43824
24.87647
37.96432
46.87915
60.03322
72.43495
75.03652
76.78767
78.80526
88.83123
12.43824
25.58978
38.02802
51.20057
56.79490
68.26419
69.05329
81.07941
88.47782
95.98696
12.43824
24.87647
37.18223
49.94878
52.96639
57.73268
70.91911
76.45504
76.52780
87.99713
12.43824
14.73279
27.17102
31.19559
42.24262
55.04802
56.52439
56.93955
62.21862
70.12568
12.43824
24.87647
35.50573
48.37092
60.80916
65.97449
78.99603
92.07611
92.79168
94.69561
12.43824
25.20188
37.70226
50.20473
54.03649
64.34448
65.42701
76.54458
77.80253
79.10252
12.43824
25.24880
33.43747
45.87571
58.80864
63.47066
-1.00000
-1.00000
-1.00000
-1.00000
12.43824
24.87647
33.13072
40.38769
53.57470
66.56123
67.01658
78.42252
88.24774
88.27661
12.43824
14.30219
16.97972
30.16629
31.90695
44.34519
52.08196
65.98594
66.00124
79.07608
12.43824
24.87647
36.17557
37.85155
50.87651
59.82370
62.36027
64.52943
72.33738
72.45212
12.43824
25.56841
25.80455
38.66085
45.70151
58.87413
59.85825
62.08429
62.43431
62.90139
12.43824
24.87686
37.31510
45.66800
49.12469
57.29568
63.27086
72.03417
73.04077
81.83053
12.43824
24.87647
28.87508
41.92344
53.58963
57.22790
68.62654
75.83873
78.22307
82.19008
12.43824
18.16451
30.60275
34.42886
43.82506
54.54875
67.22425
79.90041
82.99867
95.20960
12.43824
24.87647
32.51238
44.95062
45.67813
58.86431
71.21847
84.32270
84.43901
90.13422
12.43824
25.54892
37.98715
43.80491
54.36907
56.89981
57.77313
57.98996
68.37987
82.04698
12.43824
24.87647
35.26526
46.17978
58.61802
68.06884
68.26690
82.16174
82.48846
93.95597
12.43824
24.87647
37.31471
40.52496
40.56795
51.01060
54.75858
55.61112
56.41446
57.14610
12.43824
21.32315
33.49279
46.06789
59.23316
66.75666
78.05440
78.77059
88.61441
90.73769
12.43824
24.87647
36.43445
46.64116
55.14612
57.64336
70.74384
81.77510
94.95321
105.73044
12.43824
24.88311
28.17020
41.35556
42.43928
55.41796
57.95290
66.11200
66.24304
78.94706
12.43824
24.87647
32.67341
41.69548
54.13372
64.61938
77.81612
78.39657
78.42869
88.40081
12.43824
24.87647
38.53851
43.01227
55.42952
68.60523
82.22055
88.76898
90.80752
92.73416
12.43824
23.60820
36.15706
47.11586
54.16027
61.65658
74.62095
78.53527
80.32237
80.43418
12.43824
24.87647
37.68723
50.84959
55.91136
69.35671
73.14331
77.18818
89.49248
89.63437
12.43824
23.39648
35.83472
48.14794
50.37235
51.40448
52.69101
65.42317
68.62111
72.11517
12.43824
24.87647
37.31471
49.75758
59.54017
73.25652
76.47183
77.81447
82.76091
95.85071
12.43824
24.87647
37.31471
49.60815
56.89719
70.07693
77.38140
82.93403
84.77395
85.26705
12.43824
24.99666
37.43490
40.51145
52.94969
62.32831
69.52067
83.24787
87.48695
100.51153
12.43824
24.87647
37.32701
51.00379
58.18786
67.68953
80.94331
83.50032
84.55330
91.89635
12.43824
21.06088
33.55412
42.88577
55.87707
61.03165
61.25575
74.42285
86.44162
89.09613
12.43824
24.87647
38.32951
50.44355
53.12961
63.63248
71.84156
76.66793
89.72651
91.15061
12.43824
24.87647
33.19444
46.06637
52.55170
53.37073
66.20618
72.32088
80.69540
88.41507
12.43824
25.58348
28.17287
40.79686
53.23509
62.39036
73.36458
79.70248
86.75037
100.41390
12.43824
24.87647
36.13673
37.83980
50.11745
63.21568
72.68814
80.47896
81.51820
90.99008
12.43824
17.76000
30.74831
41.17723
53.79518
66.98064
68.60668
75.60662
75.70126
79.29861
12.43824
24.87647
37.31471
49.90088
53.00597
60.62518
60.64235
69.12800
81.42052
83.19811
12.43824
24.89173
36.93154
49.36977
60.24254
61.23587
68.53919
81.50357
92.21800
96.87191
12.43824
25.54070
37.97894
41.34567
53.81719
54.44465
64.33785
72.69736
83.09045
84.86981
12.43824
24.87647
35.04228
47.86974
50.67914
63.47273
76.93825
81.21235
95.01662
100.50907
12.43824
13.83733
26.27557
38.47196
51.60005
63.92396
73.76162
86.98560
88.49018
88.51878
12.43824
24.87647
32.19783
37.11195
50.93814
59.35371
65.62993
78.20478
80.54278
83.30915
12.43824
25.29802
37.73626
47.37572
53.24666
66.32627
78.74431
89.45804
93.11641
94.52809
12.43824
25.14336
29.11116
42.14464
43.35895
55.79719
64.50598
68.18159
77.14987
77.80767
12.43824
24.87647
36.46970
48.16639
58.02082
58.16757
59.72976
61.73889
73.26470
73.27092
12.43824
15.18850
15.84379
28.28203
41.46761
49.01070
54.81001
65.89611
78.24871
82.10318
12.43824
24.87647
32.60634
44.96456
55.12316
68.77334
78.13399
88.80426
91.75068
93.97431
12.43824
25.60494
30.18076
32.26858
45.45048
57.88871
71.22051
74.17091
77.69138
79.81263
12.43824
24.87647
37.44098
49.08017
50.28455
62.72279
68.63613
82.42914
83.73772
91.21818
12.43824
24.87647
33.15358
45.59181
58.73143
58.98883
65.21671
74.50185
85.47337
86.80441
12.43824
18.92119
31.35942
44.54264
51.74960
64.86256
77.05790
78.09266
78.16214
90.61500
12.43824
24.87647
35.70918
44.93789
47.22112
48.14271
58.37278
69.64882
82.46696
83.92453
12.43824
25.46630
37.90454
48.25653
60.10731
73.29281
75.25798
82.89981
96.73414
97.28332
12.43824
24.87647
37.29398
46.27318
59.24599
62.85575
75.92991
89.11608
89.70186
90.55443
12.43824
24.87647
37.31471
48.16135
55.93294
69.52961
70.49670
77.73694
78.32105
89.24202
12.43824
21.89819
35.01264
38.52991
46.53154
58.96978
61.68342
61.72018
72.29356
84.12506
12.43824
24.87647
37.91503
47.41900
59.53596
71.39908
71.68474
75.83873
89.41948
95.54109
12.43824
24.63348
33.06730
45.50553
56.64866
59.88028
67.40026
69.85933
79.57167
79.79042
12.43824
24.87647
27.37759
39.81583
46.50074
52.61522
65.08706
68.41913
71.03879
76.32204
12.43824
24.87647
36.38334
40.25066
49.11840
61.55664
66.83972
78.20671
83.89405
96.46221
12.43824
23.98555
37.11289
39.45139
51.29768
64.29251
69.38659
73.95032
82.08495
95.15479
12.43824
24.87647
37.31471
50.21667
56.89701
63.72781
71.35835
72.24654
73.96762
77.21713
