12.43824
24.87647
37.31471
49.75295
62.43483
75.65195
88.09019
100.61715
108.57485
121.01309
12.43824
24.87647
37.31554
46.91274
60.49591
69.95125
79.61336
92.48276
104.99429
116.15092
12.43824
24.87647
37.31471
49.75295
60.48282
68.19224
80.82838
93.29555
101.72947
114.36199
12.43824
24.87647
37.31471
49.75295
62.44922
75.18122
84.89745
93.27836
106.35321
118.79144
12.43824
25.53779
37.97603
50.77532
63.21355
75.75160
88.19407
100.63231
111.08430
122.91426
12.43824
24.87647
36.27353
48.71176
61.15000
74.03663
83.01528
95.65296
109.17954
123.10385
12.43824
24.87647
37.31471
49.75295
62.19118
75.33964
86.90411
95.26351
108.85516
121.29340
12.43824
24.87647
37.31471
49.75295
62.19118
74.62942
87.06765
99.50589
112.66212
125.85984
12.43824
24.87647
37.31471
49.75295
57.51068
69.94891
83.16651
95.67930
108.17578
117.52579
12.43824
25.02989
37.46812
47.33809
59.77633
72.21456
84.77628
97.55829
109.99653
113.80011
12.43824
24.87647
37.31471
49.75295
62.93963
75.90763
88.80143
101.23966
113.98243
121.82207
12.43824
24.87647
37.07396
49.51220
61.95043
74.38867
86.82691
91.42115
103.96190
116.90664
12.43824
24.87647
37.31471
49.75295
62.19118
75.09472
87.80546
100.78682
113.22506
126.17582
12.43824
24.87647
27.14692
40.10606
52.54430
64.98253
77.42077
90.16807
102.60631
115.32511
12.43824
18.38799
30.82623
43.26446
56.13195
64.44614
76.88438
89.99907
101.78605
114.22428
12.43824
24.87647
29.22851
41.66675
54.55064
67.72590
79.77596
92.21420
104.65243
116.43757
12.43824
24.87647
37.31471
47.00944
59.44768
71.88591
84.59704
98.22605
111.41038
124.75743
12.43824
24.87647
33.56136
45.99959
59.58320
72.02144
84.58524
98.36272
106.49105
111.69346
12.43824
24.87647
37.31471
49.75295
62.19118
69.08451
81.99732
94.74531
107.54636
116.97898
12.43824
22.82527
34.97371
47.41195
59.85019
72.28842
84.72666
93.75918
105.10183
117.54007
12.43824
24.87647
35.43177
47.87000
59.64588
72.08412
85.24649
97.68472
108.08716
115.94056
12.43824
24.87647
32.28541
44.72364
57.16188
65.40279
77.84103
91.08838
103.52662
116.28810
12.43824
24.87647
37.31471
46.11917
58.55741
70.99565
83.43388
96.35157
109.01434
114.43278
12.43824
24.87647
33.99763
47.31315
57.03270
69.47093
74.88707
87.32530
99.76354
112.20178
12.43824
24.87647
37.31471
49.75295
62.19118
75.35787
88.39993
101.53016
111.75859
120.33127
12.43824
24.87647
37.31471
49.75295
62.19118
74.78095
87.49015
100.33433
113.39224
117.95408
12.43824
25.45726
37.89550
50.33373
62.77197
75.21021
87.64844
100.08668
112.56699
125.42512
12.43824
25.61582
38.05405
47.67288
56.53256
68.97080
81.44472
94.77908
101.85810
115.13719
12.43824
24.87647
37.31471
49.78329
62.83433
75.27256
88.29029
101.47469
108.75819
117.85746
12.43824
24.87647
36.98976
38.14947
50.58771
63.67380
76.06397
88.95284
101.47019
114.56977
12.43824
24.87647
37.31471
49.88926
62.32750
74.76573
87.20397
92.72397
105.16221
116.74799
12.43824
24.87647
37.31471
49.75295
62.28039
76.20442
89.29258
101.73082
114.82422
127.87141
12.43824
24.87647
37.31471
49.75295
62.19118
75.11417
87.55240
101.28326
113.72150
122.89743
12.43824
24.87647
34.75208
46.50379
58.94202
72.11302
80.38445
92.74625
105.18449
115.40817
12.43824
24.87647
37.31471
51.22202
63.66025
76.09849
79.04994
91.55276
104.43870
110.93531
12.43824
24.87647
35.66754
48.10578
60.54401
73.77036
84.45666
95.87083
108.30906
120.75068
12.43824
24.87647
37.31471
49.75295
57.03667
67.63749
80.81837
93.70084
95.95833
108.39657
12.43824
24.78067
37.21890
49.65714
62.09538
74.53361
86.97185
91.03485
103.47308
116.97469
12.43824
24.87647
37.31471
49.75295
62.19118
74.83767
86.46663
99.06643
108.43433
120.87257
12.43824
24.87647
37.31471
49.75295
62.93889
75.59275
82.79077
95.23375
107.67199
120.11022
12.43824
24.87647
37.74099
50.17923
60.97260
73.20299
86.28690
98.72513
110.36604
122.80428
12.43824
25.60850
38.04674
50.29021
63.66823
75.66619
82.68097
87.03074
99.46898
111.90722
12.43824
24.87647
37.65640
50.66394
63.10217
75.54041
87.97864
100.45087
113.97737
126.01777
12.43824
24.87647
37.31471
49.75295
53.90854
66.61858
79.51414
91.95237
103.94300
116.42371
12.43824
24.87647
37.59417
50.03241
62.47065
73.46131
85.89955
91.15946
99.38628
112.47582
12.43824
24.87647
37.18325
50.11073
62.54897
74.98720
87.42544
99.86368
112.98668
124.84187
12.43824
24.87647
35.37187
48.52538
60.41666
72.85490
83.67808
96.58138
107.98707
120.42531
12.43824
24.87647
37.31471
49.75295
62.19118
74.82684
87.68812
100.86505
112.95586
124.93845
12.43824
24.87647
27.62178
40.80843
53.24667
65.68490
77.63048
90.75024
93.79540
101.05592
12.43824
25.35097
37.78921
50.39668
61.40515
73.84339
86.28163
97.74383
102.21643
115.31166
12.43824
24.87647
27.97461
40.41284
53.15702
62.73998
75.23204
82.99545
94.90972
107.34796
12.43824
24.87647
37.31471
46.72721
59.70556
72.14380
84.58204
97.02027
110.04374
122.48197
12.43824
24.87647
35.29921
47.73744
59.10354
71.54178
83.98002
96.41825
108.85649
121.29473
12.43824
24.87647
37.31471
49.75295
62.19118
74.62942
88.41045
95.64570
108.08393
120.52217
12.43824
24.87647
37.87160
50.30984
62.74807
75.91655
77.89533
90.33357
97.59158
110.02982
12.43824
24.87647
37.31471
44.38954
56.82778
69.53687
77.65068
90.84300
103.61519
116.05342
12.43824
24.40835
33.51812
45.95635
58.39459
70.85642
83.29466
94.72344
107.37740
113.90741
12.43824
24.87647
37.31471
50.23172
63.19908
75.63732
88.07556
100.51379
112.95203
125.39027
12.43824
24.87647
37.73869
50.17693
60.28205
72.72028
82.79911
95.61871
104.66362
117.10186
12.43824
24.87647
37.70841
50.56031
62.99855
75.43679
87.87502
93.35881
105.75383
118.52382
12.43824
24.87647
38.35445
49.32123
62.49846
74.93669
87.37493
99.81316
113.10016
115.01064
12.43824
24.87647
37.31471
49.75295
61.97784
74.93958
87.37782
100.08759
112.76082
121.57198
12.43824
24.87647
37.31471
50.15865
61.14314
73.58138
81.41018
93.84841
106.28665
118.72489
12.43824
24.87647
37.31471
50.03901
62.28135
76.10453
89.22289
102.15844
115.17530
127.17938
12.43824
24.87647
37.31471
49.75295
62.79414
75.23237
88.41019
95.36465
107.80289
120.24113
12.43824
24.87647
37.31471
49.68820
62.60953
75.12420
87.56244
100.96794
108.39529
118.91422
12.43824
24.87647
37.31471
49.75295
62.19118
74.62942
85.04442
97.48266
110.36265
122.80088
12.43824
24.87647
37.31471
49.75295
62.89362
74.17773
81.49806
93.93630
106.90377
119.18240
12.43824
24.87647
37.31471
49.75295
62.19118
74.62942
86.10370
98.54193
110.98017
123.37079
12.43824
24.87647
37.61456
50.79160
63.85323
75.90623
88.34446
100.78270
113.22093
126.21216
12.43824
24.26547
37.16417
49.60240
61.66497
62.80618
75.57544
87.53790
99.97614
112.35630
12.43824
24.87647
33.76913
46.20736
58.64560
71.08384
83.52207
93.94705
106.90032
119.33856
12.43824
24.87647
37.31471
49.75295
62.19118
75.32387
87.81684
100.92161
113.74374
126.87066
12.43824
24.87647
37.31471
48.07393
60.51217
70.52560
82.71915
95.15739
108.82719
121.82642
12.43824
24.87647
37.31471
49.75295
62.07367
74.51191
82.68179
94.78714
107.87912
112.87711
12.43824
24.87647
37.31471
49.75295
62.27886
69.84578
82.28401
94.72225
108.13542
114.08138
12.43824
24.87647
37.31471
50.40288
62.84111
76.00723
89.05947
103.15098
115.58921
128.75187
12.43824
24.87647
37.31471
49.75295
52.17095
65.15497
77.59320
90.75142
103.18965
116.26555
12.43824
25.61676
38.05500
51.04484
63.48307
75.92131
88.35955
100.79778
107.01847
116.20386
12.43824
24.87647
38.05154
48.99546
61.43370
74.02400
86.46224
98.90047
111.89663
123.46452
12.43824
24.87647
37.31471
49.75295
62.19118
74.62942
87.06765
99.50589
112.67012
126.08298
12.43824
24.87647
37.98178
50.42002
62.85826
75.29649
87.25753
100.58604
105.32275
116.91640
12.43824
24.87647
37.31471
50.34748
63.07057
74.92880
87.52855
99.09833
112.28537
114.92766
12.43824
24.87647
30.15786
42.59609
55.03433
67.97217
81.64612
94.10604
107.22399
116.56452
12.43824
24.87647
37.31471
49.75295
62.22176
74.66000
87.09823
99.53647
107.66775
121.42908
12.43824
24.87647
37.31471
50.20704
62.64528
75.08351
87.52175
99.95998
113.14455
126.36875
12.43824
24.87647
37.31471
49.75295
62.19118
74.62942
87.75720
100.19544
113.27398
124.59412
12.43824
24.87647
37.78826
50.22649
62.97444
74.64795
86.37686
99.14785
112.13105
121.26801
12.43824
19.14152
32.28429
40.74587
49.53412
62.92317
75.99827
88.57381
100.72336
113.16160
12.43824
24.87647
38.01524
50.44537
58.21933
65.31014
77.82462
88.53770
102.38961
114.82785
12.43824
24.87647
37.31471
50.48871
62.92695
75.36519
77.67266
90.11090
102.54914
114.87382
12.43824
24.87647
37.31471
49.75295
62.83814
74.28748
85.81119
98.24942
103.81997
116.48773
12.43824
24.87647
37.31471
50.28673
62.72496
75.16320
88.32010
99.86860
103.32855
116.07697
12.43824
25.16718
37.60542
50.27922
63.88090
76.31914
83.17024
92.50270
105.68316
118.60047
12.43824
24.87647
37.93925
50.37749
63.55305
76.73870
89.81763
102.98036
113.21637
125.65461
12.43824
24.87647
37.31471
49.75295
62.19118
74.74192
87.18015
100.55109
113.61459
127.12648
12.43824
24.87647
37.74696
50.18520
62.62343
75.15086
87.58910
100.04302
113.20533
125.89969
12.43824
24.87647
37.31471
49.32671
62.50061
74.93885
84.53046
96.96870
109.40693
121.84517
12.43824
24.87647
37.31471
44.96267
57.40091
69.83914
81.73134
95.14474
107.58298
120.02122
12.43824
24.87647
37.31471
49.75295
62.22703
74.72258
88.53133
100.96956
107.03734
119.70728
