12.43824
24.87647
37.31471
50.24222
61.54989
74.49951
86.93775
92.39140
99.93547
112.38344
12.43824
24.87647
37.31471
49.33072
62.99606
75.43429
84.31438
98.00055
108.09252
115.68713
12.43824
24.87647
37.31471
49.87624
61.37504
72.55124
85.64166
98.73699
110.97000
122.68023
12.43824
24.87647
37.31471
50.32934
57.42751
69.86574
77.59213
89.53448
101.42592
111.16966
12.43824
21.18312
33.62136
46.05959
58.49783
71.07546
78.34435
85.86595
92.63624
105.03827
12.43824
24.87647
37.56349
48.35383
56.78052
61.97571
74.54336
87.73012
98.51270
102.86540
12.43824
24.87647
37.31471
49.75295
58.49618
65.17616
78.76344
88.29239
98.44269
105.84927
12.43824
24.87647
38.67147
51.10970
63.54794
75.70253
83.05051
95.48875
105.25979
119.16727
12.43824
24.87647
32.08163
44.51987
52.04838
64.48662
77.69489
86.76971
99.95610
103.75291
12.43824
25.57330
37.00608
40.18262
52.62086
65.78239
78.42145
91.51912
103.95735
110.58599
12.43824
24.87647
38.05831
51.04763
58.86412
71.95792
78.58653
91.06677
98.30619
111.86616
12.43824
24.87647
33.39905
45.83729
58.32952
72.12541
84.56365
85.91986
96.47162
107.48203
12.43824
24.87647
37.31471
49.75295
60.44429
72.88253
79.12522
92.00705
103.99997
117.18426
12.43824
24.87647
34.39188
44.03716
56.53189
68.97013
81.50199
94.53888
106.38639
120.17323
12.43824
18.36738
30.80562
43.24385
56.11771
67.18321
80.66940
93.97318
101.89658
114.26589
12.43824
24.87647
32.26129
45.37737
53.04576
66.10410
79.79141
80.47683
93.14711
104.84426
12.43824
24.87647
37.31471
50.26015
62.69839
76.24880
89.42485
102.80767
110.71691
118.48205
12.43824
24.87647
36.71864
47.29023
55.96019
68.39842
81.50733
94.55393
107.08735
113.63568
12.43824
24.87647
37.31471
49.75295
62.93996
75.75281
88.49947
102.13435
116.22342
125.13591
12.43824
24.37041
36.80864
49.24688
61.68512
75.13374
87.57198
99.42443
111.22196
122.52255
12.43824
24.87647
37.78797
50.22621
62.78362
75.28584
80.01898
92.64669
98.85701
110.70749
12.43824
24.87647
32.42487
44.53627
56.97450
63.11936
75.55759
88.43968
101.77189
114.62510
12.43824
24.87647
37.31471
48.53327
61.85982
74.29806
86.73630
95.96194
107.21266
111.20129
12.43824
24.87647
37.31471
49.86750
56.63457
64.76996
73.37962
83.99535
94.89498
108.06632
12.43824
25.36949
38.15262
50.59085
63.16371
76.25479
89.43455
101.71114
103.54578
116.70506
12.43824
24.87647
37.31471
41.42069
53.89760
66.66454
79.81377
93.65995
106.34840
113.01179
12.43824
25.07951
37.51775
49.39812
61.83636
74.27459
82.11006
91.64329
105.36086
118.48161
12.43824
24.87647
37.31471
49.75295
50.80955
64.17892
69.37871
75.67101
87.57461
91.19601
12.43824
24.87647
37.31471
49.32168
61.94290
65.76097
79.16970
91.60794
97.56938
103.15823
12.43824
25.37862
37.81685
51.00113
58.14354
70.58178
83.69843
92.59236
97.27725
109.88463
12.43824
24.87647
37.31471
48.47362
60.91185
74.09924
87.27940
99.86599
109.92011
118.27910
12.43824
24.77937
37.21761
49.65584
62.28368
73.61543
83.82918
96.26741
109.35334
119.53824
12.43824
24.87647
37.86410
50.30234
63.32869
75.17757
88.01011
99.26740
109.28366
120.67143
12.43824
24.87647
30.03159
39.89683
52.33507
65.38340
73.30667
80.41768
80.92699
84.87113
12.43824
25.51539
38.67799
47.98549
60.70663
73.14486
77.52537
88.72055
98.38467
103.58078
12.43824
24.87647
37.31471
50.39947
63.57876
76.72758
86.78342
91.84896
101.75609
105.21676
12.43824
22.70624
35.14447
47.58271
55.26911
64.30468
77.16602
89.84923
93.29976
102.88771
12.43824
24.87647
37.31471
45.55404
57.99297
70.41493
82.85317
94.18457
107.19218
121.10762
12.43824
24.87647
37.31471
47.05396
59.65763
72.39712
84.85820
87.78166
97.93581
111.07124
12.43824
24.87647
37.31471
49.75295
60.23822
72.96883
83.10177
96.23461
109.02064
121.39734
12.43824
24.87647
38.01254
51.19222
61.50557
68.18625
80.62449
90.64186
92.39259
105.41295
12.43824
17.08244
29.52067
37.25920
50.44906
62.88730
74.31363
78.49100
87.36276
98.83463
12.43824
24.87647
37.89839
51.52175
63.95998
76.98810
89.66628
102.10452
105.68094
115.55881
12.43824
24.87647
37.31471
50.34757
63.94634
77.11872
89.68773
102.69871
105.28516
114.47965
12.43824
24.87647
36.11866
48.55689
60.99513
72.93905
83.52076
89.60969
98.02724
103.87382
12.43824
24.87647
36.07154
49.03263
61.47087
74.60729
87.03934
100.18750
113.37441
123.98445
12.43824
14.53345
18.92375
31.36199
37.65184
50.09008
63.25618
76.23461
81.16783
93.60607
12.43824
24.87647
38.06122
51.51808
63.95632
74.37667
82.74705
89.93681
98.54065
98.76059
12.43824
24.87647
35.58241
48.06997
60.79232
73.92394
76.79018
84.37468
88.25947
91.12095
12.43824
24.87647
37.31471
50.38051
58.86634
72.04326
78.75683
91.00321
96.35477
107.90976
12.43824
24.87647
33.00546
45.44370
58.57482
71.01305
84.14301
96.58125
108.34470
118.84241
12.43824
22.59585
35.03409
40.81788
51.96539
64.84817
78.00874
90.44698
100.06142
113.23324
12.43824
24.87647
37.94924
50.38747
63.57307
76.01131
89.15036
101.73692
111.82469
125.69324
12.43824
24.87647
37.31471
49.81378
62.80231
69.97841
73.40529
84.39015
95.72739
108.22351
12.43824
24.87647
37.94156
50.03845
62.47669
75.84754
76.76074
89.20103
100.98694
113.75563
12.43824
24.87647
37.31471
45.40708
53.83930
67.02626
72.28466
78.02863
81.10591
91.84103
12.43824
24.70098
37.64005
50.07828
62.51652
76.11243
89.26102
95.26197
108.44825
116.49976
12.43824
24.87647
37.89418
50.74728
63.93948
69.20649
81.84045
95.01916
108.07192
120.88029
12.43824
24.87647
36.20805
48.64628
59.58828
72.26247
84.13531
97.07178
98.86309
111.30133
12.43824
24.87647
35.08244
47.46516
59.90340
73.06072
85.56687
91.68347
92.51490
105.70150
12.43824
24.87647
37.67543
50.18983
62.62807
75.06630
87.50454
100.69390
107.53698
115.40503
12.43824
24.57352
37.01176
49.20411
57.68182
66.80848
79.57043
88.82916
102.13349
105.49567
12.43824
24.87647
37.31471
49.75295
58.94711
71.90639
81.76636
94.40937
107.49653
108.41950
12.43824
25.55753
37.99577
50.43401
61.96026
71.74546
74.69622
87.13446
95.53752
107.35219
12.43824
24.87647
37.31471
50.46943
63.62725
76.06548
85.75683
88.38514
100.17887
112.86405
12.43824
24.87647
37.31471
49.75295
61.19692
73.63516
85.93212
95.43394
101.34819
108.73566
12.43824
24.87647
37.31471
50.77352
63.21176
76.38897
87.51812
100.69361
110.65826
123.83912
12.43824
24.87647
37.31471
49.83088
62.50662
72.25582
84.69406
88.52488
91.42639
102.62565
12.43824
24.91270
37.35093
49.82600
62.46491
73.75050
78.97095
91.40919
104.65866
116.60997
12.43824
24.87647
37.31471
50.14953
58.69131
71.76709
84.35856
96.76061
109.19885
114.87589
12.43824
24.87647
37.21842
49.65666
62.12011
73.72918
86.16742
96.17785
109.44623
119.07822
12.43824
25.61799
38.80370
51.24193
63.68017
76.63238
89.15356
100.38124
112.50338
124.99891
12.43824
24.87647
37.54172
42.56615
55.46777
67.90601
80.39452
92.63713
103.05937
115.70784
12.43824
22.37621
35.15884
46.15162
59.33833
72.00344
78.48810
92.10539
100.74948
108.81038
12.43824
24.87647
37.31471
50.18423
58.82614
69.92519
79.56733
91.21664
105.13807
117.82183
12.43824
24.87647
37.78728
50.22552
63.06479
65.95230
76.67255
89.11079
101.90611
115.24090
12.43824
24.94853
37.38677
46.50546
58.94370
72.06652
85.04752
99.22711
110.85122
120.27187
12.43824
24.87647
37.95111
50.38934
56.17803
69.07735
81.88239
92.32570
104.76394
119.34428
12.43824
24.81788
37.25611
50.43913
62.87736
76.06420
89.05001
101.87046
106.64950
108.89834
12.43824
24.87647
36.59426
45.13963
57.57786
70.13383
81.69916
94.13739
104.98213
114.89052
12.43824
24.87647
37.31471
50.49977
58.47263
70.94855
84.00682
96.36953
104.69904
115.40047
12.43824
24.87647
30.79390
43.72073
55.50600
67.94423
79.35794
88.14776
100.51752
105.51704
12.43824
24.87647
37.25427
50.15650
62.59474
74.35344
80.60699
90.84222
103.93881
108.11192
12.43824
18.90412
26.58139
39.01963
51.45786
63.92634
76.49118
89.67086
103.39635
110.24949
12.43824
24.87647
37.84543
51.02087
64.18736
77.35804
90.33829
103.08365
109.49161
115.08221
12.43824
24.87647
36.83031
50.39253
62.83076
75.26900
87.70723
97.22722
108.72991
115.44675
12.43824
24.87647
37.31471
50.54012
60.60675
73.26370
86.18377
99.12815
104.65754
117.56375
12.43824
24.87647
36.33992
48.77815
61.21639
69.45682
81.49256
94.66825
108.03605
121.60794
12.43824
22.65340
35.09164
47.52987
56.80596
69.24420
82.15223
87.37156
89.62817
102.06641
12.43824
24.87647
38.01047
49.33655
62.27899
67.92217
80.89461
94.00056
107.11505
118.29567
12.43824
24.87647
37.31471
50.12421
62.67828
75.11652
81.32995
94.47570
107.50769
116.39861
12.43824
24.87647
38.06162
50.69730
63.88095
71.41877
83.85701
96.92238
103.25271
109.30412
12.43824
24.87647
37.31471
50.36208
60.77693
73.21580
81.45883
95.28512
105.82198
118.56285
12.43824
24.84648
37.75405
46.00842
58.28608
70.72432
81.54882
83.76456
96.86655
109.57930
12.43824
24.87647
37.87870
50.65185
63.09009
75.52832
88.69622
99.80269
113.40643
126.82031
12.43824
25.62497
35.23756
47.67580
60.21449
67.86920
76.88361
82.97267
96.04822
101.23591
12.43824
24.87647
38.06294
50.50118
61.85718
70.09131
83.01934
88.57119
97.29025
105.97085
12.43824
24.87647
38.03220
44.12525
56.83056
69.26880
76.73533
89.75585
102.91024
115.98214
12.43824
24.87647
37.31471
46.16703
58.60527
71.04350
82.57012
95.25612
108.77450
121.21274
12.43824
24.87647
37.31471
49.75295
62.85511
76.35329
87.60802
99.16728
104.14643
114.49006
