12.43824
24.87647
37.31471
49.75295
61.66972
74.10796
86.54620
91.15682
97.91838
110.35662
12.43824
24.87647
37.31471
50.49890
62.93713
75.37537
87.58749
100.77441
112.42052
122.79903
12.43824
24.87647
37.31471
49.75295
59.86822
72.96888
85.40711
97.84535
108.30193
121.53159
12.43824
24.87647
37.31471
45.30411
57.89167
70.32991
82.35440
91.03600
104.01371
117.07585
12.43824
20.48197
32.92020
45.35844
57.79668
70.23491
78.33403
88.31877
98.39765
111.58361
12.43824
24.87647
37.31471
50.19334
61.67310
68.09666
80.53490
92.97313
104.35071
113.09631
12.43824
24.87647
37.31471
49.75295
56.08880
61.86426
74.30249
84.47901
87.11789
94.80580
12.43824
24.87647
37.31471
49.75295
62.19118
75.36237
86.43354
98.87178
112.12074
125.11052
12.43824
24.87647
33.25619
45.69443
57.31838
69.75662
77.09451
87.88615
100.32439
101.30368
12.43824
15.71219
28.88946
37.23421
49.67245
62.11068
74.72564
87.16387
99.60211
103.70939
12.43824
24.87647
37.31471
49.75295
50.52000
63.08265
76.26344
88.70167
92.84139
99.41457
12.43824
24.87647
36.54333
48.98157
61.45966
74.63172
87.06996
91.58622
104.04144
117.10155
12.43824
24.87647
37.31471
49.75295
62.56346
75.00170
87.82839
100.68289
104.59214
117.27920
12.43824
24.87647
30.20178
37.62234
50.06057
62.49881
75.62775
88.06598
98.19274
110.63098
12.43824
23.55606
35.99429
48.43253
60.87077
73.21115
77.58876
90.21215
100.61122
113.52569
12.43824
24.87647
32.78383
45.22207
55.42306
67.86129
79.16651
81.05200
93.49024
100.64139
12.43824
24.87647
37.31471
49.81914
62.25738
74.69562
87.13385
99.57209
107.51850
120.60946
12.43824
24.87647
37.97955
45.31392
57.89476
70.33299
83.02988
95.46812
108.65479
119.57695
12.43824
24.87647
37.31471
49.75295
62.19118
71.74418
84.43335
97.48530
110.51978
122.39110
12.43824
25.46626
37.90449
50.34273
62.78096
74.60678
87.04502
95.54129
107.76127
120.82239
12.43824
24.87647
38.00952
50.44776
63.26458
75.70281
78.25173
90.68997
98.43253
106.27824
12.43824
24.87647
31.94532
38.05438
50.49261
60.13169
72.56993
85.71877
98.15701
109.20889
12.43824
24.87647
37.31471
46.76219
59.41029
71.84852
84.28676
94.33336
107.09834
113.02493
12.43824
24.87647
37.31471
49.75295
55.22062
63.29089
76.29189
88.73013
101.16836
113.60660
12.43824
24.87647
37.31471
49.75295
62.19118
74.89166
87.32989
99.17294
101.66454
114.10277
12.43824
24.87647
37.31471
41.33431
53.77255
66.21078
78.38683
90.82507
103.26331
113.16673
12.43824
24.87647
37.31471
49.82894
62.26718
74.70541
81.75896
83.38698
95.82522
108.26346
12.43824
24.87647
37.31471
49.75295
53.80235
66.24059
78.16513
82.23439
95.29769
105.42234
12.43824
24.87647
37.31471
47.49850
59.93674
65.52662
78.45046
90.88869
100.85364
108.74853
12.43824
24.87647
37.31471
43.03466
52.90418
65.34241
77.78065
90.89640
95.63719
108.74865
12.43824
24.87647
37.31471
47.33788
59.77612
72.21435
84.65259
91.76259
104.92266
109.79843
12.43824
25.18470
37.62293
50.06117
62.49941
74.47413
84.35339
96.79163
109.83790
123.74191
12.43824
24.87647
37.31471
49.75295
62.19118
74.62942
87.06765
100.51161
113.60648
124.88315
12.43824
24.87647
33.13753
41.33674
53.77497
66.21321
76.95945
89.63826
90.41327
96.70747
12.43824
24.87647
38.05542
45.82490
59.00853
71.44677
79.31396
91.96096
103.48496
104.02644
12.43824
24.87647
37.31471
49.75295
62.19118
70.61351
82.73278
92.87379
105.68945
109.72175
12.43824
25.01123
37.44947
49.88770
57.63283
67.77575
80.21398
92.90525
98.95381
112.09400
12.43824
24.87647
37.31471
48.40467
60.84291
72.26559
84.70382
89.89509
102.51236
115.10330
12.43824
24.87647
37.31471
50.24305
62.68129
75.11953
83.60215
93.24081
99.57744
112.44175
12.43824
24.87647
37.31471
49.75295
61.25006
73.68830
76.76507
89.20331
101.84031
114.70040
12.43824
24.87647
37.31471
49.75295
61.68313
72.46354
84.90178
97.71676
100.46716
112.90540
12.43824
20.75438
33.19262
43.68809
56.12633
68.56457
72.58289
78.41529
90.32428
103.50443
12.43824
24.87647
37.31471
49.75295
62.19118
73.79687
86.23511
98.67335
101.84228
109.71781
12.43824
24.87647
37.31471
49.75295
63.26707
75.70531
78.76814
91.20637
98.24849
106.93598
12.43824
24.87647
38.02329
50.46153
62.89976
75.95237
80.60462
89.13340
95.94656
101.17768
12.43824
24.87647
37.96810
51.12891
63.56714
76.00538
83.97280
96.41104
108.84927
111.93106
12.43824
17.42388
24.39887
36.83711
43.02772
55.46595
68.65284
81.09108
82.43156
94.86979
12.43824
24.87647
37.31471
46.45077
58.88901
71.32724
78.24680
84.17165
97.33843
98.14886
12.43824
24.87647
26.22589
38.66412
51.77279
64.21103
66.96721
74.85848
79.02949
80.62180
12.43824
24.87647
37.31471
50.38513
59.32191
72.50786
84.69802
97.55387
102.07301
114.93778
12.43824
24.87647
34.35452
46.79276
59.23099
68.23068
80.66892
93.85589
107.52927
120.20527
12.43824
24.68314
37.12138
46.32183
58.81276
71.25100
83.68923
96.12747
107.94211
120.38035
12.43824
24.87647
38.06205
50.50029
52.97455
65.41279
77.85102
90.28926
91.68889
104.52831
12.43824
24.87647
37.31471
49.80036
62.23860
69.36760
78.78065
82.51974
94.95798
107.39622
12.43824
24.87647
37.31471
49.75295
62.19118
74.65431
78.55632
90.99455
95.66880
108.10704
12.43824
24.87647
37.31471
46.13762
51.32182
63.76006
73.07242
75.40779
81.45737
88.53915
12.43824
25.09148
37.52971
49.96795
62.40619
74.92479
87.36303
93.85326
106.29149
118.90185
12.43824
24.87647
37.31471
49.75295
62.76700
76.25152
88.68975
101.12799
113.56623
126.00446
12.43824
24.87647
33.81531
46.25355
50.42865
62.86689
74.03963
87.02919
90.70522
103.14345
12.43824
24.87647
38.03618
50.81118
63.24942
75.68765
88.12589
95.11377
97.95100
110.38924
12.43824
24.87647
37.31471
47.99015
60.42839
72.86663
85.30486
98.47034
106.54287
115.62956
12.43824
24.87647
37.31471
49.75295
62.86797
76.03933
88.47757
100.14754
112.07576
114.08423
12.43824
24.87647
37.31471
49.75295
61.44420
73.88244
86.28701
97.13276
109.57100
112.96528
12.43824
24.87647
37.31471
49.75295
58.54408
68.07269
79.61860
92.05684
100.22245
114.04174
12.43824
24.87647
37.31471
49.75295
62.50529
74.94352
83.72402
88.23832
100.71517
113.15341
12.43824
24.87647
37.31471
49.75295
62.88430
75.32254
87.82597
99.86370
111.62059
119.47774
12.43824
24.87647
37.31471
45.58237
58.02060
70.83381
84.01490
96.45313
109.62093
122.05916
12.43824
24.87647
37.31471
49.75295
62.19118
74.62942
87.06765
94.57970
104.62042
117.39482
12.43824
25.47199
37.91022
50.35732
62.79556
74.30372
76.41033
88.84857
101.28681
115.12800
12.43824
24.87647
37.31471
49.75295
61.70520
74.14344
87.23202
100.35740
112.79564
122.81320
12.43824
24.87647
37.97964
50.41788
62.97680
65.23987
77.67810
90.22717
103.38096
116.56800
12.43824
24.87647
32.10279
44.54103
56.97926
69.58722
82.02546
94.17345
107.29366
119.73189
12.43824
24.87647
37.31471
46.67310
59.11134
71.54957
84.18993
97.36184
107.42299
120.26174
12.43824
23.88279
36.32102
48.75926
61.19749
73.63573
85.75219
98.26532
100.17017
111.64006
12.43824
24.87647
37.31471
49.75295
60.90817
74.08723
74.35300
87.27931
99.71755
107.93158
12.43824
24.87647
37.31471
49.75295
62.19118
69.41582
82.45109
94.88932
107.32756
120.38614
12.43824
24.87647
37.31471
45.62280
58.06104
59.68920
72.12744
84.56567
97.00391
106.51253
12.43824
24.87647
37.31471
49.75295
57.50426
69.94249
82.38073
95.54348
107.98171
121.06846
12.43824
17.13089
29.56913
42.00737
54.44560
66.88384
79.32207
91.76031
97.28466
97.79171
12.43824
24.87647
38.05325
49.35429
61.79253
74.57993
87.76412
100.20236
109.40914
123.24176
12.43824
24.87647
37.31471
49.89424
62.30767
74.74591
87.18414
99.62238
113.39843
125.06006
12.43824
24.87647
34.86942
47.30765
51.12901
63.56725
76.39267
88.26510
100.99312
107.94158
12.43824
24.87647
37.31471
49.75295
62.19118
69.01037
72.97975
82.39773
94.83597
97.43709
12.43824
19.46811
21.93758
34.37582
46.81405
59.97074
72.53422
84.97245
97.41069
107.28960
12.43824
24.87647
38.06216
50.50039
62.93863
75.37687
87.81510
100.25334
111.85562
125.18354
12.43824
24.87647
35.93430
44.25315
56.69139
69.12962
81.56786
92.40375
105.73838
118.32076
12.43824
24.87647
37.31471
49.75295
57.38532
69.82356
81.73334
94.17158
98.25268
111.37417
12.43824
24.87647
37.86024
50.29847
62.73671
66.71865
79.76582
92.69936
105.13759
114.90792
12.43824
25.33527
37.77350
50.21174
63.33185
75.77008
88.20832
93.15741
99.16232
111.60056
12.43824
24.87647
37.31471
50.04613
56.50784
59.83664
72.27504
84.71327
97.15151
106.20735
12.43824
24.87647
37.31471
49.75295
62.19118
74.62942
79.65531
92.84228
105.28051
111.84950
12.43824
24.87647
37.31471
50.10382
62.54206
76.17367
88.61190
101.05014
108.78818
117.10434
12.43824
24.87647
37.31471
49.75295
62.93985
75.37809
78.16545
90.67146
95.58812
108.02636
12.43824
24.87647
37.31471
46.48788
59.61537
72.05360
79.88222
80.98068
93.41891
105.85715
12.43824
24.87647
37.31471
49.96295
62.40119
74.83942
79.28763
91.11137
103.54961
116.60590
12.43824
24.87647
37.86220
50.30044
62.73868
76.16436
89.34057
96.10088
108.65829
112.49523
12.43824
24.87647
31.54373
43.98196
56.90025
69.24638
81.68461
90.04569
103.00942
114.33299
12.43824
24.87647
37.31471
46.36812
59.19117
71.62940
83.37651
95.81475
108.31105
120.74928
12.43824
24.87647
37.31471
49.77046
62.20870
74.64694
86.12125
98.19689
110.63513
123.07336
12.43824
24.87647
37.31471
49.75295
62.70012
75.49491
88.67546
91.44865
99.75371
109.09822
