12.43824
25.61999
38.05822
51.51087
59.94494
72.38318
85.81651
98.11210
105.69471
113.60689
12.43824
25.35281
37.79105
51.67795
57.47365
69.91189
75.93410
88.67636
92.00305
102.07676
12.43824
25.32552
38.70366
51.41482
64.55365
69.00044
76.38313
81.57290
90.43236
104.20747
12.43824
24.87647
36.53759
48.97583
62.72270
75.88819
88.32642
90.65122
98.23065
110.97804
12.43824
19.92025
32.35849
45.22774
56.05773
68.38706
70.89520
84.32028
97.37348
101.88788
12.43824
24.87647
37.56480
45.45437
55.33461
67.60394
78.02046
85.87164
99.07574
101.13191
12.43824
24.87647
37.31471
50.10854
53.52958
63.64815
75.94489
87.76079
102.25616
110.00269
12.43824
23.51170
34.90453
44.65167
51.55264
58.04219
58.74250
72.06295
73.33724
85.53930
12.43824
25.00023
38.18418
51.40228
62.64831
73.85318
85.12328
90.10389
102.62245
109.05765
12.43824
25.40863
32.12614
33.22187
46.16677
57.35306
63.89782
74.24386
86.68408
94.74186
12.43824
24.99671
37.43494
50.58116
52.73164
65.31286
74.45816
84.61226
86.48478
89.97081
12.43824
24.87647
38.00039
50.43862
60.03967
71.73816
84.29830
95.49646
103.93942
108.93003
12.43824
25.40407
37.96133
51.42778
58.53822
69.12994
81.98835
94.61149
97.99751
110.68697
12.43824
25.48706
37.44504
41.21188
51.18776
63.42326
69.55488
82.88993
95.07222
101.35225
12.43824
16.48712
28.92535
41.36359
55.15289
60.73030
70.33618
82.78206
87.71832
100.50959
12.43824
24.87647
28.89695
41.65345
51.94561
56.27257
60.28478
70.03035
80.90426
81.45290
12.43824
22.38372
34.82196
47.26019
60.33429
68.57680
74.78464
84.58011
89.44661
102.66098
12.43824
24.87647
33.49080
38.55250
51.48607
64.10690
75.74461
89.58341
94.45430
98.87800
12.43824
24.87647
36.97105
39.20385
52.31067
61.11915
74.52108
82.78590
85.12655
97.82150
12.43824
25.34135
35.12967
47.56791
60.68692
63.39860
75.61983
85.39406
97.94339
105.42495
12.43824
24.87647
32.95207
45.84010
57.49742
70.39917
80.57296
93.13405
104.61040
113.92210
12.43824
23.10762
23.88383
36.12179
48.56003
61.60285
74.60189
83.56135
95.11133
108.30020
12.43824
24.87647
37.48137
47.96965
58.88541
71.51048
85.21801
97.03290
108.10743
116.31700
12.43824
24.87647
38.05942
50.12431
57.62175
63.07663
73.48403
87.08295
91.63368
100.84292
12.43824
23.89341
36.33164
48.79026
59.77260
67.05599
79.64568
90.62145
91.20951
100.62434
12.43824
24.87647
38.06351
45.66825
57.94305
69.59655
75.45705
87.22669
93.03059
105.64764
12.43824
25.24836
37.68660
50.26088
63.76196
76.85186
83.47597
84.72382
91.62099
103.34200
12.43824
24.87647
37.31471
50.33854
55.54543
68.34120
77.66578
91.07497
101.76813
105.76072
12.43824
24.87647
37.83907
42.40007
54.91123
62.27754
71.77811
84.64831
91.94501
94.04037
12.43824
21.18398
33.12630
46.20093
49.11202
60.44673
66.91102
72.20905
74.72996
88.05845
12.43824
24.87647
38.56054
50.25589
62.69413
74.26658
84.18968
90.91500
103.38137
109.01438
12.43824
24.09409
36.53233
48.97057
62.90459
74.36437
85.10020
97.53844
109.45903
116.73027
12.43824
24.87647
36.67747
49.11570
61.14024
74.12231
84.83294
89.24861
92.11490
105.82520
12.43824
24.87647
37.64267
46.24349
56.74500
69.69130
79.59907
81.55426
90.19973
92.36397
12.43824
25.62448
36.79035
41.25291
48.30300
60.75331
64.54607
76.98431
86.38864
86.94827
12.43824
25.28864
35.48590
42.34992
54.18070
58.06037
59.89420
60.37295
73.53807
85.26749
12.43824
25.58891
38.57221
48.72031
54.19177
57.10489
58.16768
71.45755
83.89579
96.01156
12.43824
24.87647
37.31471
49.56271
61.47666
67.49967
81.35956
94.63017
108.19643
114.31312
12.43824
25.33344
38.51855
50.77156
63.90343
74.09507
86.35253
93.54458
97.43063
109.72673
12.43824
24.87647
37.31471
49.75295
61.13819
74.27567
76.57443
82.93597
84.59277
93.52092
12.43824
24.87647
38.02587
50.63581
57.16990
63.77215
76.80830
83.15763
97.08749
109.29691
12.43824
19.13982
32.11505
42.23349
53.48616
59.77652
66.19665
69.04168
82.16391
92.85336
12.43824
25.08206
30.42322
42.86146
53.85141
64.29552
72.78599
85.27332
88.15923
101.30818
12.43824
25.59626
38.03449
51.03252
59.45290
66.63111
67.74184
78.41680
79.79438
84.00701
12.43824
24.49000
30.10301
40.35935
45.95422
46.88708
59.55880
72.34981
81.83190
82.67241
12.43824
24.87647
36.93338
48.30990
62.21312
75.47328
86.59392
95.37267
108.14487
113.68483
12.43824
25.32912
33.29220
40.34806
50.91285
63.35109
73.99962
87.58885
90.12488
100.79426
12.43824
24.87647
35.07398
39.74952
53.23009
62.29089
64.87874
75.68513
86.90985
97.29601
12.43824
25.58837
38.40603
51.83851
59.51212
72.89982
75.94864
83.44869
91.33821
92.17349
12.43824
24.87647
37.31471
45.65207
57.39998
70.27936
80.16697
88.29886
89.97491
100.09667
12.43824
22.86514
35.80655
48.44862
55.58343
56.25471
69.42132
72.42052
79.13081
81.29273
12.43824
21.09188
33.53011
41.17056
53.60880
66.77033
76.22120
81.63684
82.09535
95.22434
12.43824
24.87647
35.46860
48.73464
55.74228
60.06821
73.40798
85.84621
87.31381
94.52157
12.43824
25.31796
37.75619
47.32567
59.93076
65.60509
73.40253
78.28986
91.95218
104.47861
12.43824
24.87647
32.14784
44.92332
57.36156
69.98415
82.28145
95.18804
101.82960
112.31830
12.43824
24.87647
37.31471
46.83983
48.61767
60.95490
71.31343
80.44176
82.82729
89.08103
12.43824
25.16015
38.23486
50.67310
59.82503
65.48264
78.63738
90.05709
98.11701
102.34403
12.43824
24.87647
37.97336
49.97825
60.72188
68.42388
76.95281
89.00401
102.11256
115.58202
12.43824
25.53741
33.03417
39.90183
47.43541
53.58222
58.75757
59.90419
60.21270
72.65094
12.43824
25.60808
33.23249
42.77896
56.34296
69.51334
82.92297
90.61416
92.67952
105.80433
12.43824
25.61037
38.08254
47.14830
48.32725
60.82476
73.60132
86.04781
99.12092
108.62049
12.43824
25.60378
38.66380
52.74106
65.17929
71.84461
81.08747
85.32340
92.58141
93.49636
12.43824
25.26205
38.68922
47.17753
58.02142
59.40320
63.15615
76.14717
89.33346
97.63351
12.43824
24.87647
37.31471
49.22080
62.99771
71.85336
82.53522
94.97346
101.27053
114.36477
12.43824
24.87647
38.40212
51.57157
64.00981
69.77896
83.52174
90.61923
103.54360
111.16459
12.43824
24.87647
37.31471
50.47794
60.55764
72.99588
85.27804
95.42347
101.11467
110.48612
12.43824
25.55378
31.33638
42.80456
55.24280
61.62077
72.15796
84.72765
91.43545
103.87368
12.43824
24.87647
38.01757
50.45581
64.25985
72.91772
86.07719
89.52607
97.31449
98.15851
12.43824
19.20931
31.64755
44.10706
55.06226
67.50049
72.30010
86.00807
96.42394
98.92186
12.43824
24.87647
37.61380
50.13927
60.40435
73.58053
86.53134
88.99933
102.05976
107.41717
12.43824
24.87647
32.67944
46.04279
59.06499
72.32076
84.65301
90.17622
102.45904
113.85055
12.43824
25.11734
37.76204
51.00853
63.75219
67.39803
80.45839
85.88682
90.77944
97.33094
12.43824
24.87647
37.62248
50.69768
57.01663
70.17222
78.79896
81.70625
81.89746
93.42715
12.43824
24.59889
37.45039
50.35134
64.19290
76.01874
80.34276
85.86866
90.06860
97.00283
12.43824
25.55369
34.67021
40.99903
52.01560
60.92660
62.18683
64.17214
65.92912
78.50682
12.43824
24.87647
37.81180
51.37623
61.94523
64.12041
74.57042
87.32192
95.67945
100.86250
12.43824
24.87647
37.31471
42.18449
54.46920
58.47702
68.92845
80.50701
93.58315
97.28631
12.43824
24.87647
37.98737
43.92065
57.82440
69.06009
76.97247
90.59800
104.01104
114.87022
12.43824
22.15832
34.59655
47.77582
60.90789
73.80486
86.48070
90.15756
96.68162
103.45579
12.43824
25.10013
38.27854
44.94642
57.38466
64.96591
76.87098
84.31303
97.06780
110.29433
12.43824
23.22607
36.11404
43.08760
46.46075
57.81345
70.64171
83.28455
95.42656
98.92545
12.43824
25.62479
38.78335
51.22159
55.74198
66.68043
70.20871
74.61326
85.05493
87.81533
12.43824
24.87647
37.87258
50.31082
55.80926
66.94292
68.16694
76.90244
91.01887
104.23673
12.43824
18.22197
21.20714
33.64538
46.08362
50.91780
61.62760
74.63405
88.66457
94.54707
12.43824
24.87647
34.56494
46.79446
54.49053
67.90294
71.64006
72.01879
76.00577
86.88260
12.43824
25.22315
35.58727
41.70084
45.99747
48.29564
51.44539
63.37348
67.53972
67.71000
12.43824
25.29112
28.92906
37.79102
50.81860
63.25684
63.38410
65.29212
66.12153
78.55977
12.43824
24.38463
32.30614
37.57477
44.60438
45.74093
58.29771
71.48450
84.45525
93.09910
12.43824
18.91618
31.35441
43.83342
47.21581
59.65405
72.64797
75.22551
86.16132
90.83117
12.43824
24.87647
37.92129
49.32807
62.37104
67.33027
80.85089
81.73885
94.17708
98.25141
12.43824
25.44484
38.48869
47.25773
49.76672
63.58983
76.08129
82.02634
93.43204
95.27045
12.43824
24.87647
37.92368
50.39745
63.12628
71.90967
77.72400
90.16224
91.45754
96.98342
12.43824
25.31114
36.88016
42.08166
51.75138
64.18962
76.24283
88.68107
95.75962
97.51237
12.43824
21.45456
31.66101
38.14616
43.08623
52.28698
61.66283
74.19316
75.63011
78.35407
12.43824
24.87647
36.91365
48.58665
57.48453
70.10790
81.64196
84.20844
97.83831
106.43749
12.43824
25.62211
38.10018
50.53842
63.57977
71.35727
82.00165
88.10609
99.69935
101.16918
12.43824
24.87647
36.17160
48.60984
60.70481
70.74393
84.75618
91.49494
96.86956
109.01611
12.43824
25.62527
35.42453
41.70882
54.83286
67.27110
80.26603
93.89403
102.45423
115.84224
12.43824
24.99539
36.96474
39.36679
51.80503
64.24327
69.49221
76.74839
89.91857
98.42509
12.43824
24.87647
38.44232
51.65368
55.68716
61.73095
64.60225
69.02304
73.16591
74.03227
