12.43824
24.87647
37.31471
49.75295
62.74175
75.17999
87.61822
92.85425
100.89193
113.33016
12.43824
24.87647
37.31471
49.75295
62.19118
74.62942
87.80463
100.24287
112.00925
124.36250
12.43824
24.87647
37.31471
49.75295
60.21748
72.86546
85.30369
97.74193
110.17173
123.35052
12.43824
24.87647
37.31471
47.53852
60.72433
73.16256
86.16557
96.77656
109.64215
122.08038
12.43824
22.87326
35.31150
47.74973
60.18797
72.62621
82.96365
95.26656
107.80197
120.24043
12.43824
24.87647
37.31471
50.35679
63.37080
71.60865
84.04689
96.48512
109.37300
120.50228
12.43824
24.87647
37.31471
49.75295
58.08983
64.72061
77.15885
88.77375
93.47990
101.68455
12.43824
24.87647
37.31471
49.75295
62.19118
74.62942
87.51329
99.95153
113.13784
125.57608
12.43824
24.87647
34.59587
47.03411
59.72401
72.16225
81.35084
94.04874
106.48697
112.67997
12.43824
16.23533
28.67356
40.73306
53.17130
65.60953
78.04777
90.48601
102.92424
110.84374
12.43824
24.87647
37.31471
49.75295
53.48589
65.92413
78.36236
90.80060
95.48277
103.74103
12.43824
24.87647
37.90380
50.34203
62.78027
75.21850
87.65674
89.02837
101.46661
114.30340
12.43824
24.87647
37.31471
49.75295
62.19118
74.62942
87.74644
100.79070
106.86843
119.30667
12.43824
24.87647
32.49537
41.52022
53.95846
66.39669
78.83493
91.27316
103.36468
115.80291
12.43824
25.21931
37.65755
50.09578
62.53402
75.72077
82.35974
94.79797
107.50548
119.94372
12.43824
24.87647
35.10173
47.53997
59.54611
71.98435
85.87347
86.97136
99.40960
105.79423
12.43824
24.87647
37.31471
49.75295
62.19118
74.62942
87.06765
99.50589
109.91320
123.00714
12.43824
24.87647
37.83170
46.11871
59.29463
71.73286
84.17110
96.60933
109.04757
121.49880
12.43824
24.87647
37.31471
49.75295
62.19118
73.95034
86.38858
98.82681
111.80885
124.82506
12.43824
24.87647
37.31471
49.75295
62.19118
75.37761
87.81584
98.57046
111.63764
124.07588
12.43824
24.87647
37.31471
49.75295
62.19118
74.62942
81.57018
94.00842
105.50413
111.48744
12.43824
24.87647
34.20023
43.92900
56.36723
66.51734
78.95558
91.39381
103.83205
116.63087
12.43824
24.87647
37.31471
48.86545
61.30368
73.74192
86.18016
96.93107
109.36931
116.60283
12.43824
24.87647
37.31471
49.75295
59.23492
69.28215
82.00236
94.44060
106.87883
119.31707
12.43824
24.87647
37.31471
49.75295
62.19118
75.17900
87.61724
100.62569
102.46992
114.90815
12.43824
24.87647
37.31471
39.07570
51.51394
63.95218
77.13921
89.57745
102.01568
114.14992
12.43824
24.87647
37.31471
49.75295
62.19118
74.62942
82.90697
86.91563
99.35387
111.79211
12.43824
24.87647
37.31471
49.75295
55.84014
68.27838
82.00691
87.31681
99.75504
107.52499
12.43824
24.87647
37.31471
48.99630
61.43453
67.87943
80.77506
93.21329
104.32430
114.52038
12.43824
24.87647
37.31471
44.53537
55.99856
68.43679
80.87503
93.72731
100.21143
112.85381
12.43824
24.87647
37.31471
49.21207
61.65031
74.08854
86.52678
95.20186
107.64092
112.21063
12.43824
24.87647
37.31471
49.75295
62.19118
75.30430
87.26432
99.70256
112.14079
124.74949
12.43824
24.87647
37.31471
49.75295
62.19118
74.62942
87.06765
100.23832
113.37918
125.89267
12.43824
24.87647
34.80957
46.00389
58.44213
70.88036
83.54991
96.67946
98.37042
104.15708
12.43824
24.87647
37.31471
47.57157
60.00980
72.44804
76.33419
88.77242
101.94920
104.45614
12.43824
24.87647
37.31471
49.75295
62.19118
71.01963
84.18780
96.50347
109.59294
116.62181
12.43824
25.53286
37.97109
50.40933
59.45192
71.41133
83.84957
96.28781
102.47930
115.12056
12.43824
24.87647
37.31471
49.98373
62.42196
75.15604
87.59428
93.89218
107.06120
119.49944
12.43824
24.87647
37.31471
49.75295
62.19118
74.62942
84.56061
90.61080
98.09415
110.53238
12.43824
24.87647
37.31471
49.75295
62.93847
75.37671
81.75483
94.19306
106.63130
119.06953
12.43824
24.87647
37.31471
49.75295
62.83753
75.56902
88.00726
101.14133
103.55424
115.99248
12.43824
21.49404
33.93228
45.85267
58.29091
70.72915
76.50060
82.03101
94.97299
107.47922
12.43824
24.87647
37.31471
49.75295
62.19118
75.13405
87.57229
100.01052
104.38488
114.14138
12.43824
24.87647
37.31471
49.75295
62.19118
74.62942
78.91964
91.35787
100.24489
109.39491
12.43824
24.87647
37.31471
49.75295
62.19118
75.15687
77.01541
87.59278
96.00400
102.71544
12.43824
24.87647
37.31471
49.83076
62.26900
74.70723
78.84910
91.28734
103.72558
109.22112
12.43824
20.66941
29.57774
42.01598
48.58502
61.02326
73.46150
85.89973
86.46475
98.90298
12.43824
24.87647
37.31471
48.62883
61.06707
73.50530
81.93272
92.36514
104.80338
106.80914
12.43824
24.87647
27.11531
39.55355
52.36920
64.80743
67.93736
75.40286
83.12739
85.32101
12.43824
24.87647
37.31471
49.75295
60.59674
73.07198
86.23139
98.66963
103.30806
115.74629
12.43824
24.87647
36.68675
49.12498
61.56322
72.62007
85.05831
97.49655
110.61912
123.55941
12.43824
25.62524
38.06347
49.80182
62.24006
74.67829
87.11653
99.55476
112.72180
125.16004
12.43824
24.87647
37.31471
49.75295
53.61031
66.04855
78.48679
90.92502
94.08779
107.16223
12.43824
24.87647
37.31471
49.75295
62.19118
72.17421
81.95221
88.25808
100.69632
113.13456
12.43824
24.87647
37.31471
49.75295
62.19118
74.62942
77.60082
90.03905
97.25464
109.69288
12.43824
24.87647
37.31471
47.80048
49.42473
61.86296
73.20424
76.55323
83.40663
91.28694
12.43824
24.87647
37.31471
49.75295
62.19118
74.62942
87.06765
92.39359
104.83183
117.90688
12.43824
24.87647
37.31471
49.75295
62.19118
75.28099
87.71923
100.15747
112.59570
125.03394
12.43824
24.87647
35.46993
47.90816
56.22936
68.66759
81.29196
93.73020
97.90784
110.34608
12.43824
24.87647
37.31471
49.75295
62.19118
74.62942
87.06765
98.25567
99.71332
112.15156
12.43824
24.87647
37.31471
49.56274
62.00098
74.43922
86.87745
99.35718
109.37263
118.22746
12.43824
24.87647
37.31471
49.75295
62.53500
74.99203
87.43026
100.53863
112.95753
117.40467
12.43824
24.87647
37.31471
49.75295
62.65139
75.08962
88.27084
100.89685
113.33508
119.53750
12.43824
24.87647
37.31471
49.75295
57.97442
65.32898
78.35097
90.78920
101.16206
113.60030
12.43824
24.87647
37.31471
49.75295
62.19118
74.62942
85.24368
91.10854
104.29177
116.73001
12.43824
24.87647
37.31471
49.75295
62.20600
74.64424
87.08248
100.24482
113.07208
123.82992
12.43824
24.87647
37.31471
47.27855
59.71679
72.15503
84.59326
97.03150
109.46974
121.90797
12.43824
24.87647
37.31471
49.75295
62.19118
74.62942
87.06765
95.14804
106.70932
119.56175
12.43824
24.87647
37.31471
49.75295
62.19118
75.36191
80.20120
92.63943
105.07767
118.13657
12.43824
24.87647
37.31471
49.75295
62.71448
75.15271
87.59095
100.02919
112.46742
123.88760
12.43824
24.87647
37.31471
49.75295
62.88220
66.74975
79.18799
92.33310
104.77133
117.20957
12.43824
24.87647
33.81063
46.24887
58.68711
71.12534
83.56358
96.71362
109.15185
121.59009
12.43824
24.87647
37.31471
48.66981
61.10805
73.54629
85.98452
98.42276
111.34731
123.78554
12.43824
25.52798
37.96622
50.40446
62.84269
75.28093
88.80077
101.23901
106.45116
119.40431
12.43824
24.87647
37.31471
49.75295
62.45547
74.89371
77.31361
89.75185
102.19009
112.46587
12.43824
24.87647
37.31471
49.75295
62.19118
70.74869
83.55165
95.98988
108.42812
121.12128
12.43824
24.87647
37.31471
48.32088
60.75912
65.69803
78.13626
90.57450
103.01274
111.57728
12.43824
24.87647
37.31471
49.75295
58.83971
71.27795
83.71618
96.22225
108.66048
121.28354
12.43824
17.44325
29.88149
42.31973
54.75796
67.19620
79.63443
92.07267
100.20053
100.55071
12.43824
24.87647
37.46433
50.27947
62.71771
75.15595
87.59486
100.03310
110.77275
123.55919
12.43824
24.87647
37.31471
49.75295
62.93503
75.37326
87.81150
100.24974
112.68797
126.40990
12.43824
24.87647
36.65817
49.09641
56.49976
68.93800
81.37623
94.55436
106.99260
114.76607
12.43824
24.87647
37.31471
49.75295
62.19118
66.78815
72.29715
84.04721
96.48545
96.65858
12.43824
21.97286
25.55334
37.99157
50.42981
63.00197
76.18348
88.62172
101.05995
113.02438
12.43824
24.87647
37.31471
49.75295
62.19118
74.62942
87.06765
99.50589
112.41856
125.78162
12.43824
24.87647
37.64058
46.66172
59.09996
71.53820
83.97643
96.35286
109.32645
122.44887
12.43824
24.87647
37.31471
49.75295
54.08813
66.52637
79.70489
92.14313
99.42049
112.29419
12.43824
24.87647
37.31471
49.75295
62.19118
67.04821
80.06241
92.50065
104.93888
116.15859
12.43824
25.51451
37.95275
50.39098
63.04272
75.48095
87.91919
93.85080
95.17527
107.61351
12.43824
24.87647
37.31471
49.75295
57.65098
64.65738
77.09561
89.53385
101.97209
113.25328
12.43824
24.87647
37.31471
49.75295
62.19118
74.62942
81.43504
93.96795
106.40619
116.94553
12.43824
24.87647
37.31471
49.75295
62.19118
74.93326
87.37150
99.80974
109.42915
121.16121
12.43824
24.87647
37.31471
49.75295
62.19118
74.62942
78.13899
90.57723
95.83576
108.27399
12.43824
24.87647
37.31471
48.68877
61.12700
73.56524
83.82496
85.09046
97.52870
109.96693
12.43824
24.87647
37.31471
49.75295
62.19118
74.62942
80.23008
93.34841
105.78664
118.41119
12.43824
24.87647
37.31471
49.75295
62.19118
74.99334
87.43158
95.94039
108.37862
116.81553
12.43824
24.87647
33.34893
45.78717
58.72457
71.91102
84.34925
95.89699
109.03734
121.99599
12.43824
24.87647
37.31471
48.76456
61.20280
73.64104
86.58830
99.02653
112.21105
124.64929
12.43824
24.87647
37.31471
50.39454
62.83278
75.27101
88.05901
101.15023
113.58846
126.02670
12.43824
24.87647
37.31471
49.75295
62.79591
75.92091
88.35914
93.35510
103.02084
112.73393
