12.43824
24.87647
37.31471
49.75295
60.88235
74.05002
86.48826
97.05623
109.92458
122.64261
12.43824
24.87647
37.31471
49.75295
62.85179
75.29002
86.76042
99.19866
107.06492
119.78704
12.43824
24.87647
37.31471
49.86368
62.30192
75.47584
87.91407
100.35231
108.62050
121.11329
12.43824
24.87647
37.31471
49.75295
62.64416
75.08240
84.76282
98.53401
110.97225
123.41048
12.43824
17.45337
29.89161
42.32985
54.76808
67.83788
75.21367
88.58031
95.83576
107.07602
12.43824
24.87647
37.31471
50.69939
62.11993
66.81528
79.84653
93.69429
107.34142
118.81350
12.43824
24.87647
37.31471
49.75295
62.96850
76.13896
87.00456
100.29250
103.81239
114.91189
12.43824
24.87647
37.53165
49.96988
62.40812
73.18663
80.15796
92.59620
104.14750
117.29111
12.43824
24.87647
32.64626
45.08450
54.22711
66.92191
76.33208
89.81858
102.25681
109.51930
12.43824
24.83322
38.20583
44.51388
56.95212
70.03029
83.09213
96.25397
108.69220
116.63114
12.43824
24.87647
37.69215
50.13038
63.28090
75.29900
85.22462
97.66285
104.91705
112.11663
12.43824
24.87647
38.04213
50.48037
63.60455
76.98009
89.41833
94.42633
107.58371
121.14452
12.43824
24.87647
37.31471
49.75295
62.77164
75.20987
87.29674
100.41220
112.94814
126.04909
12.43824
24.87647
28.05190
39.75988
52.19811
64.63635
77.23412
89.90156
99.29463
112.33249
12.43824
25.56617
38.00440
50.44264
62.88088
75.95088
88.38911
101.74439
110.62596
123.06420
12.43824
24.87647
35.93133
47.28911
60.40703
73.70728
75.88425
82.16775
94.60599
107.35283
12.43824
24.87647
37.31471
49.75295
62.19118
74.62942
87.06765
99.50589
111.94413
122.72618
12.43824
24.87647
37.51184
49.34839
61.32693
73.76516
84.37747
95.21215
107.65039
115.68660
12.43824
24.87647
37.31471
49.75295
62.19118
74.62942
85.04119
95.92869
107.92867
115.14239
12.43824
25.33473
37.80962
50.24786
62.68610
70.95015
83.38839
94.67132
108.42798
120.53216
12.43824
24.87647
37.57725
50.01548
63.44963
76.33247
86.60820
99.04644
110.12153
117.25048
12.43824
24.87647
36.97947
49.30235
61.74059
74.76649
87.20473
99.64296
112.08120
124.82304
12.43824
24.87647
38.03237
44.88374
57.32198
69.76021
82.29950
88.06816
100.89756
104.10651
12.43824
24.87647
37.31471
49.75295
54.84660
64.28562
76.20858
90.10798
102.64410
115.08234
12.43824
24.87647
37.31471
49.75295
62.42330
75.60535
88.04359
99.34213
108.40430
120.84253
12.43824
24.87647
37.31471
50.49632
62.93455
75.37279
84.38849
97.90923
109.18746
121.24972
12.43824
25.50545
37.94369
50.89357
63.33180
76.20786
87.79398
89.38311
102.38740
115.28797
12.43824
24.87647
37.31471
49.75295
60.51399
73.54229
85.98052
91.49092
98.29660
111.29984
12.43824
24.87647
37.31471
49.83867
62.27690
73.00725
85.42131
97.85955
107.02355
110.90377
12.43824
25.59209
38.03032
46.03085
58.43283
70.87107
84.20532
97.05018
105.81193
116.68538
12.43824
24.87647
37.31471
46.92965
59.36788
71.80612
84.24435
94.60812
107.32040
121.12013
12.43824
25.03938
37.47762
49.91585
62.41227
75.75523
85.11925
98.59666
106.62023
115.99878
12.43824
24.87647
37.31471
49.75295
62.19118
75.37633
89.10446
96.78713
110.46991
120.49350
12.43824
24.87647
32.35558
45.52689
57.96513
70.40337
82.17655
95.80752
96.28177
103.93799
12.43824
24.87647
37.86506
50.37035
64.10975
76.54798
87.71678
100.85736
111.76203
122.43550
12.43824
24.87647
38.06352
50.50176
63.59091
74.14918
87.40077
100.42492
112.28926
114.98075
12.43824
25.27930
37.71754
50.15578
57.16019
69.59843
82.57322
95.01145
98.69718
111.85452
12.43824
24.87647
37.31471
43.97104
56.40927
63.80131
76.23954
79.90603
92.63118
103.54568
12.43824
24.87647
37.31471
49.75295
62.57266
75.01090
87.44913
90.75867
103.71895
116.15719
12.43824
24.87647
37.31471
49.75295
62.19118
74.62942
85.08348
97.99073
110.42897
122.25990
12.43824
24.87647
37.28222
50.41386
63.78893
68.84324
81.28148
94.46058
104.11058
117.02358
12.43824
22.16804
34.60628
43.32344
56.43517
68.87341
81.31165
82.94031
95.40127
108.86294
12.43824
24.87647
37.54098
50.56936
63.00759
75.74687
88.77972
101.21796
110.91149
123.01165
12.43824
24.87647
37.31471
50.28580
61.83121
74.26945
86.97900
99.41724
109.96565
120.90966
12.43824
24.87647
37.91855
50.35678
62.79502
74.58931
87.70569
98.49266
104.76830
111.25129
12.43824
24.87647
37.38904
49.82728
62.77706
76.07376
89.81510
103.23144
116.22990
129.41572
12.43824
24.99692
38.11390
50.55214
62.73338
75.17161
87.59495
100.03319
105.04164
117.47987
12.43824
24.87647
37.31471
46.79624
59.23448
71.67271
84.62388
91.22613
104.24670
115.99324
12.43824
24.87647
32.68696
45.29069
58.30679
70.74503
78.66934
83.05723
94.53627
101.99602
12.43824
24.87647
37.31471
50.49592
58.10421
71.13012
81.03747
94.24398
100.77645
113.62662
12.43824
24.87647
33.52142
45.95966
58.41325
66.97278
79.54486
90.75930
101.59169
109.97568
12.43824
19.76202
32.20025
39.38888
50.56427
63.42502
75.86326
88.30149
99.58638
112.02461
12.43824
24.87647
36.60512
49.04336
58.29327
70.73150
83.16974
95.60797
96.27339
108.16209
12.43824
24.87647
37.31471
50.36155
63.10094
75.41941
82.41230
93.38591
106.56768
119.00592
12.43824
24.87647
38.03177
50.78287
63.22111
75.65935
84.37200
96.81024
110.60080
121.92626
12.43824
24.87647
37.31471
50.48508
54.65112
67.08935
75.76775
88.41195
94.54167
101.28549
12.43824
25.14433
38.04007
50.47831
62.91655
76.42669
88.86492
101.63160
114.87267
126.20433
12.43824
24.87647
37.31471
48.82536
61.22409
74.40093
87.46969
100.55179
113.61652
126.05476
12.43824
24.87647
38.17689
50.88774
57.76725
70.20549
79.01554
92.43943
97.24002
109.67825
12.43824
24.87647
37.31854
50.30126
62.73949
75.17773
87.61596
96.50695
105.59346
118.03169
12.43824
24.87647
37.31471
46.75676
59.19500
71.63323
84.07147
97.11645
106.03881
108.38025
12.43824
24.87647
37.34020
49.77844
62.21667
75.26360
87.70184
100.17449
112.16558
115.83911
12.43824
24.87647
37.31471
49.75295
57.67736
70.11559
82.59616
94.99574
107.43398
108.22966
12.43824
25.02080
37.45904
50.34339
61.35461
75.23862
83.58611
96.02435
108.46259
120.89695
12.43824
24.87647
37.31471
50.47991
63.62533
76.06356
89.77159
92.90528
103.30893
116.48422
12.43824
24.87647
37.31471
49.75295
60.34017
72.77840
86.31014
95.07965
99.32639
101.08696
12.43824
24.87647
37.31471
41.73602
54.17426
66.75710
79.91419
93.02140
105.51858
117.95682
12.43824
24.87647
37.31471
50.73407
64.53577
77.52444
89.96267
98.04203
104.00714
114.81550
12.43824
25.22734
37.66558
48.53352
60.97175
74.03719
83.56173
95.99996
109.09266
121.53090
12.43824
24.87647
37.31471
49.75295
63.57147
76.67311
89.55268
102.35193
114.79017
126.00974
12.43824
24.87647
37.31471
49.75295
62.91633
70.41696
82.85519
95.31799
108.42783
120.90177
12.43824
25.02609
29.22132
41.65956
54.09779
66.69601
79.85151
93.07325
106.12033
118.55856
12.43824
24.87647
37.31471
50.33100
63.31845
76.53795
89.35879
98.82744
105.50782
118.06040
12.43824
25.58735
38.02559
50.46382
62.90206
75.69406
88.84330
102.51404
113.16890
123.87568
12.43824
24.87647
37.31471
49.75295
60.82194
72.31286
74.19769
86.85965
100.04473
113.93916
12.43824
24.87647
37.31471
49.75295
62.93870
66.18555
74.93054
87.36877
100.40261
113.05174
12.43824
24.87647
37.31471
49.75295
62.19118
70.01683
82.48117
96.18354
108.84676
121.93016
12.43824
25.00477
37.44301
49.88124
62.95214
76.21611
89.18358
101.62182
114.06005
127.15591
12.43824
24.87647
37.31471
49.75706
62.19529
74.63353
87.81498
100.25321
113.64373
124.83091
12.43824
24.87647
37.32708
50.49952
62.93776
76.32950
87.31310
99.75134
109.79684
119.34813
12.43824
25.54362
37.98186
50.94495
60.03953
72.47777
84.91600
98.04883
111.79212
117.30343
12.43824
24.87647
37.86407
51.03186
63.47010
75.90833
88.81504
101.99969
115.02376
124.85601
12.43824
24.87647
37.31471
49.75295
62.87591
75.24497
78.41784
87.77388
100.21212
112.34526
12.43824
21.05020
23.38718
35.82542
48.26365
59.91710
71.48136
84.52254
96.96077
104.69310
12.43824
24.87647
37.57101
50.00924
63.18689
75.62513
88.32762
100.96919
112.33085
125.51133
12.43824
25.22088
37.65912
44.58887
57.02710
69.46534
81.90358
95.09063
105.60130
119.28940
12.43824
24.87647
37.31471
50.43620
61.50603
73.94427
87.12811
99.63761
110.91178
120.71041
12.43824
24.87647
37.31471
49.75295
62.19118
74.19575
83.92826
96.48532
109.32631
114.78423
12.43824
24.87647
37.31471
49.75295
62.93961
75.37785
88.26515
93.28802
105.72626
118.44809
12.43824
24.87647
37.88000
51.03215
63.47039
76.05264
89.19739
101.63563
114.07386
125.26751
12.43824
24.87647
37.31471
49.91724
62.35548
74.79371
87.94800
101.45256
113.89080
120.48949
12.43824
24.87647
37.31471
49.75295
62.28153
75.67072
88.10896
100.54720
112.65981
125.53768
12.43824
24.87647
37.31471
49.90013
62.87277
75.31100
88.45174
101.76857
107.68151
121.04569
12.43824
25.62352
38.06176
45.83778
58.89260
71.33084
78.02455
91.27900
103.71723
116.15547
12.43824
24.87647
37.39934
50.51492
63.53101
75.96925
88.40748
100.17690
112.61514
124.73338
12.43824
24.87647
37.31471
49.75295
62.84520
73.60649
83.32223
96.31849
109.40670
121.48724
12.43824
24.87647
33.92919
46.36743
58.58127
71.01950
83.45774
90.12969
103.07550
116.17763
12.43824
24.87647
37.31471
44.99269
58.14687
70.58510
80.53875
92.97898
104.49238
116.93061
12.43824
24.87658
37.31481
43.13235
56.22837
68.66661
77.21452
89.50914
102.34254
114.78077
12.43824
24.87647
37.31471
49.75295
62.93412
75.98124
88.66717
101.56324
108.84835
116.96447
