12.43824
24.87647
38.05643
50.66367
65.04682
76.41174
88.14600
100.84886
107.09805
116.23454
12.43824
24.18015
30.60574
39.62001
40.87126
53.30949
54.04803
54.56846
58.83118
67.22635
12.43824
25.53735
37.97558
49.81004
60.47621
71.13603
75.27286
88.33978
91.14738
91.42092
12.43824
24.97189
36.33887
49.08971
56.18238
69.56506
82.10310
85.41654
96.03754
106.61872
12.43824
20.99718
33.43542
47.11255
59.14986
67.24482
79.76866
86.58537
87.47217
89.11870
12.43824
24.87647
37.73961
44.99840
58.66607
62.80876
74.32072
88.27418
99.46406
107.09881
12.43824
24.87647
32.06266
39.97838
41.50743
54.67989
55.03510
59.37288
59.52263
59.63770
12.43824
20.24659
32.31808
44.42948
50.83586
62.43475
64.04038
65.31582
70.10446
70.11747
12.43824
24.87647
38.49597
45.17882
52.53793
56.83623
62.19997
63.23225
74.35512
77.29354
12.43824
22.89417
26.27550
29.73300
42.17123
55.95504
65.02746
76.79198
88.62133
90.82629
12.43824
24.87647
38.05522
52.04691
64.48515
73.26810
79.27272
83.75147
96.18971
98.64858
12.43824
25.51656
27.86762
40.30586
44.81593
55.72281
68.66820
78.90773
85.68238
87.09710
12.43824
24.87647
37.31471
49.75295
62.86738
75.35515
87.09504
96.62686
108.21803
118.00952
12.43824
24.87647
36.79032
47.68642
60.56589
73.22630
77.11871
82.20446
95.79925
102.07661
12.43824
25.58488
38.02312
50.46310
61.72403
63.50278
65.50380
69.39134
80.29117
92.72941
12.43824
24.87647
28.67749
41.64958
45.09631
58.00708
61.77051
70.62504
84.28243
93.06320
12.43824
24.22656
36.68700
40.13643
48.91219
49.61397
62.05221
74.49044
77.39258
77.85046
12.43824
24.87647
34.02619
46.47008
57.06783
67.95487
80.53704
91.32882
96.80292
105.89645
12.43824
23.18324
36.15816
49.77997
50.36923
62.75013
67.65603
72.86641
81.75891
85.78446
12.43824
24.87647
38.08381
50.52204
60.27132
61.21506
74.41556
86.22691
96.69770
106.69530
12.43824
24.87647
37.43401
50.33336
63.34490
76.50858
89.91292
94.65891
94.94943
108.00344
12.43824
25.35899
29.42200
40.79938
48.08103
60.51927
63.52904
73.36185
73.95545
87.03440
12.43824
25.62127
37.32343
48.27163
57.30473
69.74296
78.15217
80.00763
84.20539
90.40396
12.43824
24.87647
36.96355
42.87710
44.18850
55.82355
56.42983
57.02417
70.13894
83.23047
12.43824
25.62524
36.29345
38.83190
52.17418
65.59302
76.76276
81.95987
82.83127
96.13986
12.43824
25.39918
33.97031
47.11179
59.55003
62.33751
74.05752
85.48326
94.25685
95.49780
12.43824
22.80700
34.51215
36.72451
49.16274
62.84911
66.53719
78.48152
85.63369
87.02887
12.43824
20.94468
33.44035
46.61473
59.57633
69.94024
79.42453
86.04155
96.83543
97.85880
12.43824
24.87647
36.67561
42.45932
51.34088
52.07083
65.10124
78.30385
86.27358
87.22800
12.43824
25.62121
31.79697
45.33360
46.07721
58.51544
68.29439
71.01110
83.23271
90.53339
12.43824
24.87647
37.31471
50.50090
62.93914
75.68752
87.98166
92.47432
101.30037
102.06177
12.43824
24.87647
38.04168
51.12576
59.97968
69.85592
74.55670
86.99494
94.25790
96.29406
12.43824
20.37044
32.80868
45.24692
48.83749
62.00189
64.66239
77.84903
88.65462
95.40198
12.43824
24.87647
37.31471
50.45307
63.41720
76.33927
87.87735
97.77642
98.66554
106.58739
12.43824
24.87647
37.31471
50.17294
54.33348
67.51988
81.67123
94.91346
108.47556
115.83977
12.43824
25.59849
35.70704
44.50149
45.73386
56.73312
69.97791
71.13726
76.29868
76.84792
12.43824
25.25256
32.63979
44.01287
51.94368
53.20522
56.24836
56.38399
58.34713
71.27794
12.43824
24.87647
37.43252
47.11147
53.39440
63.78956
76.23659
78.23638
85.34360
87.02217
12.43824
25.55470
29.51966
41.76851
54.29768
66.73591
79.30099
81.78077
90.72865
99.81653
12.43824
24.56666
37.86737
48.67504
53.54253
65.25637
73.21598
86.04722
98.48545
100.43315
12.43824
25.60860
27.28003
31.15730
43.59554
56.03378
68.56012
80.75328
85.45918
90.52972
12.43824
25.01080
37.44903
43.37993
53.37379
66.54980
68.45151
70.34694
82.85317
85.30795
12.43824
14.71831
15.52952
19.40385
32.62455
45.67035
53.58999
53.68917
54.43725
63.94180
12.43824
24.03669
26.37024
34.75371
47.23974
48.58254
49.31786
61.75610
73.69060
77.20442
12.43824
18.27688
31.52377
44.60289
56.53869
62.38025
62.43619
70.07276
73.66901
81.67495
12.43824
24.87647
36.69949
49.87438
58.70351
71.14175
79.38439
92.67289
103.84068
112.52405
12.43824
25.21989
37.65813
40.11612
42.98338
55.42162
57.52759
58.28066
65.74103
78.96085
12.43824
25.62524
32.53939
35.23596
46.23745
52.58190
65.23270
66.75377
71.59680
75.71036
12.43824
24.87647
34.47986
46.98464
55.38800
66.74159
78.41636
82.56375
86.94797
93.76396
12.43824
24.87647
37.53492
43.75023
56.63655
69.33561
79.29441
83.91419
95.07578
102.75168
12.43824
24.03067
33.35145
44.79663
56.48338
57.35685
69.41637
72.35070
75.60120
76.37854
12.43824
25.40524
38.28965
43.09211
45.75681
54.45812
67.62646
80.15453
93.51000
98.92474
12.43824
24.87647
29.02910
41.46733
41.84907
54.63815
63.48889
76.66265
83.58757
96.10265
12.43824
22.78957
35.22781
43.12061
55.02588
67.20161
69.51165
73.45639
86.53643
98.97466
12.43824
24.87647
35.34393
47.78217
60.64718
72.19824
84.89796
93.18504
95.42607
105.27007
12.43824
24.87647
37.86332
50.39178
53.96648
67.12251
75.79288
88.03645
90.41301
92.25043
12.43824
24.87647
30.33885
42.77709
47.96963
57.18942
70.76735
84.28119
94.72732
107.30302
12.43824
24.87647
38.05779
49.88563
58.46966
64.44009
76.02891
86.75101
98.46968
106.81941
12.43824
25.59826
34.27500
46.85100
48.32383
59.61850
72.72800
80.41864
84.69245
97.37180
12.43824
24.87647
35.59922
40.55741
52.99565
65.43388
75.28593
76.29077
76.60173
89.68788
12.43824
24.87647
38.04989
51.22226
59.56839
72.32324
84.76148
93.87576
100.12836
113.07225
12.43824
23.23123
36.30654
46.81637
59.31426
72.19199
82.71636
82.80053
90.51587
90.98369
12.43824
24.87647
37.45711
49.89535
61.34296
74.83991
80.30679
92.85732
105.99891
117.84871
12.43824
23.81143
36.92543
47.92731
56.33543
60.10800
60.44289
73.65801
77.55882
81.65993
12.43824
24.87647
32.13403
39.35511
48.86872
50.10392
60.40582
73.53190
76.57706
87.74045
12.43824
24.87647
37.31471
42.81176
53.31572
65.20490
71.95531
82.21227
84.02147
89.20728
12.43824
25.55519
37.99343
43.99896
53.78028
67.66912
68.86056
81.29880
86.36194
100.03497
12.43824
21.62445
28.98299
35.42574
36.86056
37.68722
39.44647
52.08770
64.52594
65.23771
12.43824
21.04179
33.48321
45.45489
51.22034
52.69881
65.75004
79.03514
92.44232
94.02441
12.43824
24.87647
37.75698
50.91921
59.02006
71.48957
74.34063
81.10053
90.87050
94.21220
12.43824
25.32567
38.51269
44.42314
49.32516
55.15169
67.58992
77.57326
85.97071
89.76718
12.43824
25.61126
31.72198
44.81127
57.24951
67.32962
80.83786
85.31371
90.24872
102.73687
12.43824
25.54238
37.50302
42.37726
51.72146
55.06578
58.21976
67.24661
67.46904
78.76104
12.43824
18.59211
30.65580
43.09404
48.79061
51.24271
57.31150
57.58975
57.84613
59.29121
12.43824
24.87647
37.90021
45.61628
58.48412
67.03188
79.52177
87.01243
87.35628
93.06700
12.43824
24.87647
36.84833
50.18066
61.53824
71.92577
79.19865
87.68164
91.23824
92.64093
12.43824
25.12196
34.99403
40.75913
48.13976
49.81344
55.85118
68.66598
81.10422
83.18047
12.43824
24.87647
37.26959
49.70783
59.60711
64.61130
66.33505
76.01812
88.98617
97.63522
12.43824
22.30147
32.85933
41.19886
49.86418
63.05102
65.10771
68.03860
74.46094
83.03062
12.43824
25.50658
36.58986
40.36949
43.18551
56.14473
56.99076
69.42900
75.73406
88.51443
12.43824
24.87647
37.31471
50.28690
56.70517
69.09450
78.82040
84.29964
89.51506
90.62532
12.43824
23.53217
24.26443
34.30795
47.28061
57.22096
63.61291
76.74338
89.75636
100.42374
12.43824
19.99232
21.29042
33.33301
34.31923
46.75746
48.76349
61.20173
72.39592
77.67788
12.43824
19.59237
21.01371
33.45195
46.61990
53.36376
65.82233
70.92541
75.10314
80.87769
12.43824
24.87647
37.92056
39.57326
46.26254
58.70078
71.93920
74.83664
87.60183
97.80378
12.43824
24.86457
29.89957
39.64178
48.37318
59.97688
72.91624
81.66550
82.50265
86.12767
12.43824
19.37804
31.87642
34.95300
42.31056
55.76150
63.43438
76.45053
89.33168
96.67768
12.43824
21.23312
33.68197
43.03597
55.47421
59.04972
71.48796
84.02090
85.48476
86.12936
12.43824
19.69344
32.13168
42.36040
45.43833
55.25783
55.96238
59.80558
70.32169
80.93598
12.43824
24.87647
37.31471
50.76855
63.50749
69.98844
82.42667
86.65455
99.09279
110.30210
12.43824
22.87747
35.31571
48.50199
52.27793
64.71616
73.16493
84.13431
96.57255
100.08036
12.43824
24.84731
37.37776
45.74215
49.43391
52.62402
65.06226
74.33297
75.23570
75.62796
12.43824
24.87647
37.31471
44.97683
57.65423
69.22164
74.15728
82.12513
94.56336
107.21700
12.43824
23.60622
35.52281
48.38747
56.75189
68.76054
78.69139
91.58403
100.63396
109.50310
12.43824
25.35551
33.98464
45.72858
48.50355
59.23749
60.71227
73.83496
75.21934
84.08303
12.43824
24.10318
34.55069
44.36249
50.22968
63.31654
76.53897
77.55014
88.53226
92.05360
12.43824
24.88146
33.58583
46.61332
49.48215
53.78060
65.64757
74.00991
86.63540
93.96607
12.43824
24.92676
31.32573
34.44124
45.05215
49.67582
50.94884
54.80304
67.24127
71.96587
12.43824
16.88289
28.23594
35.81852
49.20054
57.71324
63.10410
63.46065
75.89888
77.80821
12.43824
24.88131
38.58637
51.32265
56.32707
63.35625
72.05567
77.06105
88.26721
91.12755
