12.43824
24.87647
34.28822
35.58471
44.64467
51.16072
55.25422
59.07399
71.45475
71.97088
12.43824
25.02921
37.13268
42.40550
43.47990
53.03065
64.30757
64.57400
65.42621
78.12322
12.43824
20.29999
28.74295
33.32690
45.34696
50.56996
52.47457
52.90546
61.77110
72.51717
12.43824
24.87647
37.75251
39.82470
50.90228
63.86437
66.98560
74.57051
85.96665
88.69337
12.43824
15.77608
28.96443
35.39967
41.75050
42.37078
49.63644
49.85542
49.86490
50.02573
12.43824
18.09085
18.19938
28.53550
29.56552
38.66871
51.53101
62.88091
66.26307
69.29236
12.43824
25.59712
39.01306
51.37522
52.53195
57.01413
60.21095
61.73826
63.13522
64.70809
12.43824
24.38722
26.19418
33.77552
47.16325
49.32343
50.33620
62.77991
62.79093
63.03437
12.43824
25.08212
32.12498
39.73554
42.63225
53.58708
56.66313
62.11058
74.64934
74.82399
12.43824
25.37450
34.17596
35.78136
42.76850
50.50565
53.68999
55.32341
67.76165
70.27284
12.43824
24.87647
37.79303
47.66876
59.31228
68.03424
70.78438
71.94271
83.24402
84.47342
12.43824
25.42659
30.81384
43.88660
50.61820
59.93298
65.99614
68.57433
71.85811
81.97322
12.43824
18.52591
28.46363
39.91402
41.58275
44.02034
45.07529
49.49235
50.54165
51.08391
12.43824
25.29860
26.28879
36.66811
41.25722
48.13617
54.25484
60.39694
61.40303
68.62739
12.43824
25.36081
38.49977
46.90487
59.89316
67.60863
76.64454
79.53217
82.71871
90.06418
12.43824
24.87647
33.65109
38.82871
46.64439
56.31671
59.71625
69.04620
81.85400
82.95276
12.43824
25.52564
38.30582
40.50531
43.85114
48.36589
53.38774
65.82597
75.70340
77.98310
12.43824
20.36535
31.36749
36.01007
38.88288
45.06872
51.75186
58.41871
65.64721
68.22549
12.43824
20.00026
33.27000
39.42498
52.68223
53.22265
61.40789
71.57972
74.17013
79.41335
12.43824
17.73597
24.46248
34.22309
46.66133
53.65529
58.50065
71.20597
73.79105
74.71958
12.43824
25.62389
36.63473
43.59742
44.76560
52.96312
54.27459
64.66288
68.93843
80.39567
12.43824
21.29059
34.29234
48.06089
56.44634
60.77332
61.56966
65.68723
71.20222
77.86501
12.43824
25.55812
38.74517
39.35962
41.47679
53.07894
63.65205
75.62327
83.61119
93.45543
12.43824
25.32800
33.93825
47.35586
52.40729
54.11866
55.19400
57.69226
63.68289
71.28843
12.43824
17.71885
28.29663
39.01912
41.37191
46.31349
47.84765
52.68485
53.63785
57.12989
12.43824
25.61956
38.80596
48.19264
55.24802
67.79161
71.60211
79.26499
85.10159
85.41568
12.43824
25.39468
38.03512
47.00872
59.46084
66.70338
77.50146
78.44929
80.32619
87.02772
12.43824
24.87647
33.72412
44.11542
52.92824
53.61310
66.30121
72.85248
86.22046
87.00002
12.43824
25.59887
38.31460
45.43077
52.75783
60.98847
62.58262
67.28848
67.54468
67.93377
12.43824
25.25705
38.15306
41.20201
53.69249
66.13073
68.30879
68.65531
78.75091
81.53162
12.43824
18.66411
19.12112
31.55936
35.15915
35.85302
47.62883
55.89274
56.28405
58.41904
12.43824
25.62124
38.80473
51.35359
62.06579
68.95893
75.87454
88.91593
100.06796
107.56892
12.43824
24.87647
37.07906
50.15780
58.74193
69.33745
71.14505
78.15204
84.07223
97.86950
12.43824
23.67750
36.61546
39.59927
47.28654
59.96229
65.14688
69.16040
70.87492
72.19029
12.43824
20.56686
24.50455
27.74277
40.55949
42.78258
51.36710
51.44347
61.36709
61.37023
12.43824
24.87647
33.76948
40.64996
49.32002
58.44688
60.26234
60.33230
64.87023
65.00888
12.43824
23.98611
35.04159
40.80100
53.37945
55.03168
68.05716
72.60356
74.69805
75.39589
12.43824
25.42289
37.06021
42.73601
47.15916
56.98819
69.32082
69.64886
75.51369
76.49458
12.43824
24.99517
37.69500
42.18264
49.15663
50.57132
60.70351
70.05168
77.60964
89.62676
12.43824
21.96862
34.96528
46.61055
48.51885
51.18898
51.77771
52.18601
54.11668
59.12185
12.43824
24.87647
38.23265
49.26290
52.90603
53.88749
58.38766
71.55550
75.42909
83.73275
12.43824
20.12842
33.21622
35.35374
42.63465
56.08346
58.65504
60.84860
66.18581
71.71124
12.43824
25.61608
32.55075
40.57095
46.49862
53.70732
53.98262
57.64496
57.88734
57.95868
12.43824
20.76663
31.19561
42.65524
46.10180
56.10094
56.66559
67.02372
67.64871
67.78507
12.43824
20.28639
22.14084
34.72905
47.35534
56.75177
58.36873
61.06014
64.16788
64.54195
12.43824
23.04488
34.82711
48.00355
60.18808
72.64378
75.53627
85.25550
85.76230
88.01872
12.43824
15.84926
25.05009
29.00549
32.29049
44.07582
55.90370
57.31910
57.72716
64.96072
12.43824
24.87647
37.90508
42.52062
56.11044
64.83357
68.39268
68.62921
78.10043
86.32344
12.43824
14.67718
27.51858
35.61992
44.91495
52.81927
59.13122
59.41553
72.20955
72.88665
12.43824
19.25868
32.48937
37.89230
42.64772
50.99672
61.17827
73.82595
86.99493
94.65737
12.43824
24.98694
28.71488
41.97792
47.00608
59.44432
66.62800
72.58675
80.00152
88.98570
12.43824
22.48320
35.66442
40.43817
43.97828
49.95275
55.13790
66.22259
68.37620
80.32020
12.43824
25.60937
30.07589
38.61811
39.40388
50.84878
54.24641
59.50562
68.70715
69.34588
12.43824
23.94678
37.09994
39.42208
45.32493
48.77920
49.35990
50.43623
56.35496
62.61431
12.43824
19.54276
29.66555
29.91160
35.64162
46.06532
56.39551
64.32368
65.35591
65.39696
12.43824
24.87647
35.83818
48.48490
51.09950
53.54027
53.83001
54.76525
54.86492
59.74455
12.43824
17.18243
21.46774
33.03941
39.71964
49.95818
62.54018
68.22396
69.39009
69.92217
12.43824
19.98511
20.83144
32.25561
39.59031
39.63750
47.09101
52.16475
54.92426
64.31646
12.43824
25.59034
26.18685
38.16628
42.13039
55.01089
55.07109
56.26640
56.60155
69.03979
12.43824
19.48816
21.26869
23.25828
24.59253
30.64406
40.96221
41.01880
53.92602
67.21467
12.43824
24.75353
36.62458
39.67074
52.62390
57.60798
60.77701
65.93912
76.29871
77.71903
12.43824
19.51421
32.69667
42.29733
50.90463
54.44065
62.11268
68.02885
69.53364
79.48551
12.43824
25.47662
30.12848
42.56797
44.63697
57.57001
70.13717
81.69705
85.79598
88.05929
12.43824
21.38159
34.31161
45.76800
52.92998
54.21975
55.04202
56.66368
58.19598
61.27724
12.43824
24.87647
29.44185
41.96019
47.57123
61.13536
68.53148
72.09055
85.30644
94.48219
12.43824
18.42682
26.53001
35.65077
37.49541
41.25359
51.12223
56.45817
68.92450
77.52381
12.43824
24.18155
35.76655
39.39766
49.44872
57.67470
60.62621
67.07207
72.60104
83.16194
12.43824
24.89530
38.28705
42.70782
55.55066
63.54942
66.26115
78.77824
79.30531
83.38785
12.43824
19.73162
32.06416
40.31859
46.33994
55.52500
58.46433
71.88634
83.99663
86.61470
12.43824
24.87647
37.79052
50.69487
56.81528
68.67103
81.65305
83.54144
88.38282
89.62899
12.43824
24.94295
29.72986
43.63790
45.73600
46.13528
58.36198
58.87734
63.18663
66.03050
12.43824
20.42856
26.16181
28.55873
36.40452
36.84330
49.28154
51.52187
58.46083
69.96457
12.43824
24.87647
37.64925
44.29052
57.26121
69.69942
76.00552
89.22975
92.39160
105.17033
12.43824
17.50516
28.37548
35.52368
37.94487
51.13143
51.58889
60.40665
64.55620
77.72041
12.43824
24.79542
29.54212
41.98036
44.71533
55.27495
57.21321
70.02066
72.67905
73.02915
12.43824
25.61884
32.29711
43.04428
53.34357
57.39692
62.33506
70.98588
79.57714
80.60560
12.43824
20.64711
33.20692
35.36161
41.50139
42.95306
48.25753
59.94638
66.36781
66.88291
12.43824
24.49131
33.12683
46.25664
57.94265
67.10258
69.50406
77.18704
81.47560
91.14210
12.43824
23.65922
36.23562
49.18686
59.23318
61.13699
64.98386
78.16447
82.42859
89.50424
12.43824
24.79607
27.54407
30.51298
43.11423
48.34880
53.68641
58.28546
58.67518
61.84234
12.43824
19.98352
33.15621
41.88627
53.84548
60.76034
73.88470
75.21240
82.12522
88.62656
12.43824
24.87647
33.15326
45.86937
48.32365
58.98241
65.77703
68.91527
74.17545
75.32978
12.43824
24.87647
36.24345
47.60810
59.14721
63.80839
69.04035
70.03252
75.85906
76.73129
12.43824
23.71698
26.16592
37.20864
49.64688
61.87522
64.99912
65.87366
73.49158
81.46580
12.43824
25.57093
31.18409
35.21821
37.59211
44.30797
45.52289
49.83710
58.84541
60.32042
12.43824
24.96889
30.14782
36.48593
49.58064
62.01888
65.97248
-1.00000
-1.00000
-1.00000
12.43824
24.87647
37.31471
50.51834
52.23898
65.08724
67.96478
81.59881
93.44144
106.30823
12.43824
25.55904
32.15059
45.36904
49.45599
54.33219
67.54599
75.63810
89.63336
91.36923
12.43824
15.80698
27.15483
39.64796
51.55071
57.62551
62.01101
75.17180
82.55654
83.78304
12.43824
25.05464
28.31309
30.64739
39.57917
43.64441
52.37753
62.53936
74.97760
82.38382
12.43824
21.54887
34.73570
40.44175
48.65250
51.01173
52.58565
57.20293
68.44956
69.09066
12.43824
24.85154
30.65812
43.78388
45.56320
45.87692
59.25186
70.65975
80.74909
82.44247
12.43824
24.87647
38.01681
46.03548
54.33633
55.04094
58.18102
68.31725
70.06486
70.67697
12.43824
25.25526
38.43515
44.67127
54.51784
62.33394
73.00897
74.62610
85.78770
98.27404
12.43824
24.87647
37.13007
49.28411
60.50008
71.38499
73.94612
76.80290
83.78989
96.89515
12.43824
24.20960
31.76432
41.32278
51.12106
51.75090
61.15305
71.78986
72.65224
73.80737
12.43824
24.87647
37.11653
50.39653
58.69126
63.60821
67.74263
70.95030
83.86944
87.93676
12.43824
25.62530
29.88833
31.43503
37.33728
43.76917
56.36684
62.20703
63.31890
63.72407
12.43824
25.58604
34.53476
40.91300
52.69429
63.20816
74.77516
76.16160
76.58863
77.21944
12.43824
25.16043
38.62362
45.00847
50.29822
52.64672
54.34878
65.04020
65.90594
69.16325
