12.43824
21.71491
28.58393
-1.00000
-1.00000
-1.00000
-1.00000
-1.00000
-1.00000
-1.00000
12.43824
19.86688
25.68667
26.12960
27.11829
32.20944
-1.00000
-1.00000
-1.00000
-1.00000
12.43824
18.13290
26.67241
30.37648
30.79105
32.00864
33.49732
35.12246
-1.00000
-1.00000
12.43824
22.26193
26.71801
27.33346
28.46151
31.55356
-1.00000
-1.00000
-1.00000
-1.00000
12.43824
13.24443
22.31447
24.64022
31.43275
33.45239
33.74261
33.96628
34.27488
34.69270
12.43824
21.97608
24.53173
24.70652
25.29586
25.52585
29.53172
-1.00000
-1.00000
-1.00000
12.43824
19.24178
25.11987
31.52953
31.72286
31.82395
32.27204
44.71028
-1.00000
-1.00000
12.43824
18.87245
19.49621
27.98153
31.99232
32.49098
32.65928
35.03099
35.13608
35.43757
12.43824
22.09206
22.82705
26.03196
26.36375
30.12390
30.21518
30.59360
33.57741
33.57920
12.43824
12.67914
14.86541
14.88963
-1.00000
-1.00000
-1.00000
-1.00000
-1.00000
-1.00000
12.43824
22.17712
26.42418
29.28741
29.29110
31.29165
-1.00000
-1.00000
-1.00000
-1.00000
12.43824
18.54204
19.89015
27.67430
29.90103
30.34277
31.88748
-1.00000
-1.00000
-1.00000
12.43824
19.53796
27.45514
31.89815
32.59623
-1.00000
-1.00000
-1.00000
-1.00000
-1.00000
12.43824
21.86384
22.13042
22.82069
25.34503
31.49610
32.83920
33.77929
34.33404
35.52171
12.43824
13.72140
23.52499
27.68172
30.43453
31.54819
31.69605
32.36023
32.40275
33.92768
12.43824
22.32104
23.04968
25.63733
26.49401
29.23711
29.29829
29.29823
31.29086
-1.00000
12.43824
17.76925
26.68622
28.47757
32.72102
33.71199
35.21043
-1.00000
-1.00000
-1.00000
12.43824
20.12880
21.95884
22.23619
22.81595
27.10732
29.48390
30.06049
31.90580
-1.00000
12.43824
21.57413
27.78566
31.37709
33.45362
33.80447
34.86346
-1.00000
-1.00000
-1.00000
12.43824
14.73833
17.63951
26.72801
30.09860
-1.00000
-1.00000
-1.00000
-1.00000
-1.00000
12.43824
22.41106
24.23107
29.48276
30.63978
33.50623
33.50936
34.55241
-1.00000
-1.00000
12.43824
16.92691
17.02555
17.28934
26.15397
26.84964
31.38150
32.43795
32.43795
32.55079
12.43824
20.64578
24.07851
24.52383
25.45285
31.82701
34.34630
-1.00000
-1.00000
-1.00000
12.43824
21.21976
23.15541
28.78000
29.14660
-1.00000
-1.00000
-1.00000
-1.00000
-1.00000
12.43824
15.71569
23.46146
30.02504
31.06583
31.76598
32.52975
-1.00000
-1.00000
-1.00000
12.43824
22.44528
26.68938
26.71661
29.01233
32.11791
32.24130
32.69601
34.60003
34.83286
12.43824
16.02076
24.66229
26.07764
30.88485
34.05622
34.34336
34.37315
34.76765
-1.00000
12.43824
21.09080
27.00492
31.44352
31.49817
32.10537
-1.00000
-1.00000
-1.00000
-1.00000
12.43824
20.79743
28.23208
28.75083
30.39132
30.40969
30.63480
34.13063
34.18953
-1.00000
12.43824
16.64066
23.64483
-1.00000
-1.00000
-1.00000
-1.00000
-1.00000
-1.00000
-1.00000
12.43824
22.42722
27.60631
28.06078
32.44638
33.73662
34.82561
34.90506
35.18032
-1.00000
12.43824
15.05934
21.10520
28.46202
29.78767
30.11848
30.27139
34.65312
-1.00000
-1.00000
12.43824
21.46688
23.32945
30.21682
32.56899
33.48603
34.81686
34.94263
35.05399
-1.00000
12.43824
20.30376
21.09979
21.48462
28.64610
31.94154
32.50066
32.69684
32.69731
32.85351
12.43824
17.50429
19.65135
20.41691
20.69591
29.01551
-1.00000
-1.00000
-1.00000
-1.00000
12.43824
22.35742
25.70157
28.23308
29.75499
29.98627
31.30040
31.35098
32.64082
32.65161
12.43824
14.05364
19.94067
26.98912
-1.00000
-1.00000
-1.00000
-1.00000
-1.00000
-1.00000
12.43824
21.78204
28.55647
29.30865
30.82581
31.20099
33.04128
33.07592
34.11768
12.43824
12.43824
19.73701
24.66368
27.00446
31.73523
34.21189
34.35247
34.46108
34.57928
35.39616
12.43824
18.30017
27.04129
30.87330
31.59505
33.72288
33.81021
35.06372
35.49137
35.93232
12.43824
22.22959
25.89290
28.87868
-1.00000
-1.00000
-1.00000
-1.00000
-1.00000
-1.00000
12.43824
13.01755
22.50118
23.21875
-1.00000
-1.00000
-1.00000
-1.00000
-1.00000
-1.00000
12.43824
22.02470
24.09716
25.78101
32.21690
32.91348
34.74134
36.02509
-1.00000
-1.00000
12.43824
19.09567
25.89156
29.66387
29.84587
30.54385
30.76425
33.29171
33.34605
-1.00000
12.43824
19.02386
19.57989
-1.00000
-1.00000
-1.00000
-1.00000
-1.00000
-1.00000
-1.00000
12.43824
22.05112
24.16230
25.51991
30.02100
32.73214
-1.00000
-1.00000
-1.00000
-1.00000
12.43824
12.90739
13.58543
19.17798
19.61096
-1.00000
-1.00000
-1.00000
-1.00000
-1.00000
12.43824
22.21621
25.36845
25.44159
29.72677
30.28252
30.62821
31.04547
32.55301
32.56789
12.43824
18.37981
-1.00000
-1.00000
-1.00000
-1.00000
-1.00000
-1.00000
-1.00000
-1.00000
12.43824
19.67305
27.02971
28.99893
29.38792
30.08291
30.58473
32.47944
32.54902
-1.00000
12.43824
21.80596
22.48873
27.93269
30.67854
31.25085
33.18808
33.63869
-1.00000
-1.00000
12.43824
13.94574
23.59017
24.32918
26.12868
28.92804
32.12096
34.05683
34.20317
36.00605
12.43824
22.34501
24.19689
28.96033
29.04726
32.66017
33.86622
35.38043
0.00000
12.43824
12.43824
17.59135
26.64300
26.94971
29.19305
29.68996
29.72406
-1.00000
-1.00000
-1.00000
12.43824
20.25740
23.27659
24.34554
31.41050
32.85079
32.85885
35.05818
35.07089
36.13673
12.43824
21.50868
28.28451
28.65487
28.65607
30.34472
31.04153
31.19088
31.22468
31.25381
12.43824
14.95536
19.02404
25.75527
30.75693
31.19382
33.69791
-1.00000
-1.00000
-1.00000
12.43824
22.42312
25.26043
27.82802
29.34576
29.45574
32.87917
34.41541
36.06138
36.84033
12.43824
16.73463
17.56818
23.11510
23.16758
28.97590
29.09174
-1.00000
-1.00000
-1.00000
12.43824
20.74857
22.81944
25.24136
31.36902
32.63790
34.16474
-1.00000
-1.00000
-1.00000
12.43824
21.13365
22.99819
24.11137
28.08342
32.64552
-1.00000
-1.00000
-1.00000
-1.00000
12.43824
15.92199
22.83143
26.03883
27.77993
-1.00000
-1.00000
-1.00000
-1.00000
-1.00000
12.43824
22.44600
27.03465
31.06635
31.88603
33.58125
33.76661
33.99011
35.72378
35.72853
12.43824
15.81569
23.99015
27.79606
28.08437
28.12900
28.18072
32.88608
33.32380
33.48668
12.43824
21.18575
27.70374
30.81550
31.60030
33.51795
33.71446
33.78623
34.06432
36.21612
12.43824
20.70458
27.77780
29.19157
30.76141
34.01067
34.42809
34.76979
34.84783
34.86528
12.43824
16.83444
24.51120
25.24419
31.32582
32.22535
32.67484
35.05029
-1.00000
-1.00000
12.43824
22.41620
27.56298
29.34700
29.75389
31.91662
35.06049
35.22680
35.26866
35.86250
12.43824
14.86155
21.89993
24.48316
28.94679
30.08548
-1.00000
-1.00000
-1.00000
-1.00000
12.43824
21.53994
23.79784
27.56537
27.68912
30.42297
30.96972
31.21305
35.20440
35.26391
12.43824
20.18667
22.44343
26.87894
27.54648
27.73118
32.77317
33.75708
34.35289
-1.00000
12.43824
17.69864
18.34947
25.03536
31.13384
32.84235
33.73634
-1.00000
-1.00000
-1.00000
12.43824
22.33496
24.89909
-1.00000
-1.00000
-1.00000
-1.00000
-1.00000
-1.00000
-1.00000
12.43824
13.82939
18.72338
21.81094
26.08949
-1.00000
-1.00000
-1.00000
-1.00000
-1.00000
12.43824
21.84112
28.30548
30.73396
30.88439
32.24155
32.24201
-1.00000
-1.00000
-1.00000
12.43824
19.61495
23.50248
30.26570
31.10797
31.14840
31.92943
34.83971
35.93557
36.17261
12.43824
18.46411
27.25666
27.88584
30.38590
30.50630
32.52853
33.03103
34.06793
34.15429
12.43824
22.19491
24.90332
27.86584
28.47832
-1.00000
-1.00000
-1.00000
-1.00000
-1.00000
12.43824
12.78932
22.56499
26.12012
29.96676
32.77552
34.14372
35.58506
35.65717
-1.00000
12.43824
22.07084
23.45030
24.23545
26.10746
-1.00000
-1.00000
-1.00000
-1.00000
-1.00000
12.43824
18.94602
26.49392
27.49654
28.86120
32.71986
34.93682
35.80273
-1.00000
-1.00000
12.43824
19.18383
19.47803
24.33059
24.39579
30.70311
32.46580
-1.00000
-1.00000
-1.00000
12.43824
22.00409
25.37544
28.44371
30.32067
30.32651
30.55038
30.63971
32.14145
32.14127
12.43824
13.13448
13.29842
22.27976
27.35117
29.02408
-1.00000
-1.00000
-1.00000
-1.00000
12.43824
22.24939
24.16126
27.59424
29.73905
32.05341
32.64912
34.79337
34.93232
35.02812
12.43824
18.22819
18.50094
18.60975
24.17340
31.06957
32.50600
-1.00000
-1.00000
-1.00000
12.43824
19.80460
26.41627
27.36999
-1.00000
-1.00000
-1.00000
-1.00000
-1.00000
-1.00000
12.43824
21.74533
23.16118
29.97853
31.63545
-1.00000
-1.00000
-1.00000
-1.00000
-1.00000
12.43824
14.16866
23.53050
28.29576
29.69979
32.42700
34.64620
34.69496
-1.00000
-1.00000
12.43824
22.36624
25.22808
27.26836
27.67804
27.86533
-1.00000
-1.00000
-1.00000
-1.00000
12.43824
17.41038
26.45298
28.48689
30.14989
33.93002
34.07929
34.58458
-1.00000
-1.00000
12.43824
20.37252
24.48347
26.83837
28.12962
28.29972
32.47778
35.61999
35.65516
35.68829
12.43824
21.43426
28.56415
30.03461
31.23808
33.91275
34.03355
34.44593
34.47085
35.25134
12.43824
15.17008
20.30801
21.19159
23.34848
30.79707
30.94514
30.94589
32.51835
-1.00000
12.43824
22.43263
26.10724
27.62539
30.93612
33.46224
33.47331
-1.00000
-1.00000
-1.00000
12.43824
16.53940
18.88396
-1.00000
-1.00000
-1.00000
-1.00000
-1.00000
-1.00000
-1.00000
12.43824
20.84839
21.46189
28.45732
29.32637
29.90481
31.13932
31.79665
31.91376
32.28587
12.43824
21.04423
22.59529
22.88003
25.28754
-1.00000
-1.00000
-1.00000
-1.00000
-1.00000
12.43824
16.12582
22.02095
22.12404
25.83282
31.24122
-1.00000
-1.00000
-1.00000
-1.00000
12.43824
22.44425
27.13224
31.76247
32.46611
-1.00000
-1.00000
-1.00000
-1.00000
-1.00000
