12.43824
24.87647
37.31471
50.39368
63.49792
74.59784
87.03608
93.50983
106.41508
118.85332
12.43824
24.87647
37.31471
50.50071
63.48075
75.91899
88.35722
102.31014
115.29776
127.64325
12.43824
24.87647
37.31471
49.75295
60.28463
72.72287
85.80559
98.24383
104.42474
113.97030
12.43824
24.87647
37.31471
49.75295
62.19118
74.62942
87.86428
96.78019
107.92654
121.55439
12.43824
24.87647
37.31471
49.75295
62.19118
74.62942
87.81599
96.29383
108.46932
121.48359
12.43824
24.87647
37.31471
49.75295
61.75696
71.80111
84.93522
97.37346
109.81169
122.24993
12.43824
24.87647
37.31471
49.75295
62.19118
73.76878
86.85509
100.26796
106.31990
109.02427
12.43824
24.87647
37.31471
49.75295
62.19118
73.64884
84.84421
97.28245
106.97930
119.41754
12.43824
24.87647
37.31471
49.75295
60.93623
73.37447
80.45294
90.70856
103.14680
116.07105
12.43824
24.87647
37.12282
48.34063
60.77886
73.21710
85.65534
98.09357
110.53181
119.13986
12.43824
24.87647
37.31471
49.78255
49.88448
62.36879
76.21766
88.65589
93.32311
105.76135
12.43824
24.87647
33.04715
45.48539
58.56354
71.00178
82.08473
94.52297
106.96120
119.26837
12.43824
24.87647
37.31471
49.75295
61.55010
73.92025
85.01205
97.45028
108.43813
121.45483
12.43824
24.89169
37.32993
47.53701
59.97524
71.93526
75.93271
89.01604
100.84319
113.28143
12.43824
24.98681
37.42505
49.86329
62.97890
75.57422
88.94479
101.60965
107.22200
119.99968
12.43824
24.87647
28.12429
40.95646
54.05327
66.93219
76.67174
84.54990
97.02815
109.46638
12.43824
24.87647
37.31471
50.42906
59.13897
71.57721
84.01545
96.45368
105.54758
119.04527
12.43824
24.87647
33.07439
43.59627
51.43835
64.49711
76.93534
89.37358
102.38516
113.63117
12.43824
24.87647
37.31471
49.75295
62.61826
73.30033
86.15392
92.91352
105.35176
118.38055
12.43824
24.74595
37.89425
50.33249
62.77072
75.44234
87.88058
96.92450
110.43971
119.44977
12.43824
24.87647
37.31471
49.75295
62.47581
74.91405
78.95085
91.62407
92.44075
106.05906
12.43824
24.87647
37.31471
50.79517
63.23341
75.53695
82.02088
95.16954
104.70200
109.68792
12.43824
24.87647
37.31471
50.23160
63.41267
75.85091
88.28915
101.45706
113.90265
118.54984
12.43824
24.87647
37.31471
49.75295
55.94409
68.74875
78.97844
91.44052
103.87875
116.31699
12.43824
24.87647
36.52251
49.93021
63.08942
74.62875
87.78524
99.10327
112.71576
125.15400
12.43824
24.87647
37.31471
48.01486
60.45309
73.13644
83.00743
95.44567
108.75674
121.23294
12.43824
21.68215
34.12039
47.26580
59.70404
72.14227
85.81310
99.25266
112.92499
125.36323
12.43824
24.87647
37.31471
49.75295
51.26763
63.70586
76.20199
89.03760
101.95387
114.39210
12.43824
24.87647
37.31471
49.75295
62.41912
74.85736
84.44032
96.87856
109.31679
117.03214
12.43824
24.87647
37.31471
49.75295
62.61574
75.05398
87.49222
100.27278
103.25836
116.42943
12.43824
24.87647
37.31471
47.45915
59.89739
72.33563
84.77386
93.03665
106.24105
109.57996
12.43824
24.98705
36.07185
48.51008
60.94832
74.48046
79.02179
91.46003
103.89826
104.16317
12.43824
24.87647
35.81010
48.24834
60.68657
73.71394
86.15218
99.43897
107.09511
118.28044
12.43824
24.87647
37.34064
49.77888
62.93817
75.37641
79.71433
91.18314
100.05859
109.69758
12.43824
24.87647
37.31471
41.56538
54.68607
67.12431
80.33533
92.77356
104.18222
116.29583
12.43824
24.87647
37.31471
50.31147
63.42918
74.01201
79.06150
91.49974
103.93797
114.82495
12.43824
24.87647
37.87921
50.31744
61.25949
70.39824
78.59822
79.41959
88.00290
99.94365
12.43824
24.87647
37.31471
50.13137
62.56960
75.38977
87.82801
97.31770
109.05112
121.91822
12.43824
24.87647
37.31471
50.30400
62.74224
75.91211
89.35114
101.37487
111.83903
124.64083
12.43824
24.87647
37.31471
49.75295
62.19118
75.35548
86.75364
99.83225
113.25356
125.69180
12.43824
24.87647
38.06098
50.49921
62.93745
69.54906
81.98730
94.42553
107.50260
119.97395
12.43824
19.73690
32.17514
44.69007
49.41700
61.85523
69.74014
80.93253
91.93350
102.90331
12.43824
24.87647
37.31471
49.75295
62.19118
64.99403
77.43227
90.54599
102.98423
116.75531
12.43824
24.87647
37.31471
50.10541
60.42352
72.86176
82.33192
95.14433
104.56926
117.00764
12.43824
24.87647
38.05141
50.48965
62.92789
75.36612
83.54418
95.98241
101.77951
112.98812
12.43824
25.62122
38.05946
44.00594
56.44418
68.88241
79.73837
92.92430
105.76675
119.28240
12.43824
21.45227
31.06599
43.50423
46.85775
59.29599
71.73422
84.76985
86.91039
100.11907
12.43824
24.87647
37.31471
44.29415
56.73238
69.26224
79.59237
83.19848
93.07597
105.14997
12.43824
24.87647
37.31471
49.75295
62.74885
75.75432
88.01565
91.04539
95.11398
100.89419
12.43824
24.87647
37.35115
50.53553
63.69374
76.13198
88.57022
101.00845
114.73442
127.17266
12.43824
24.87647
37.31471
49.75295
62.22521
69.97194
77.58371
90.02195
103.18659
115.15272
12.43824
22.38540
35.30641
47.74465
58.93632
71.37455
83.81279
96.25102
109.12183
122.30747
12.43824
24.87647
37.78830
50.21220
62.96148
75.39972
88.27132
100.73973
109.91574
123.56811
12.43824
24.87647
37.31471
46.37073
59.09668
72.26960
75.17041
85.64878
98.08702
109.45611
12.43824
24.87647
37.31471
50.19549
62.81812
73.03114
77.41625
88.74721
97.64483
110.34093
12.43824
24.87647
37.31471
49.75295
56.03326
68.47150
77.47118
80.54521
93.15360
106.29428
12.43824
24.87647
37.31471
49.75295
62.19118
74.62942
87.99100
91.51820
104.81361
118.69242
12.43824
24.87647
37.31471
49.75295
62.26959
74.70783
87.52175
100.36616
112.94186
125.40410
12.43824
24.87647
38.49630
50.93454
60.77794
74.21718
87.52882
94.52505
107.51285
119.95108
12.43824
24.87647
37.31471
50.48901
62.92724
75.36548
87.94501
100.40534
103.05046
116.07237
12.43824
24.87647
37.31471
45.59837
58.03661
70.47484
82.91308
94.80133
103.36864
112.62866
12.43824
25.54359
37.98182
51.12254
63.24654
73.70990
86.81433
99.85501
104.81554
117.25378
12.43824
24.87647
37.31471
50.35143
63.53838
75.97662
87.72553
100.62205
113.26324
119.67147
12.43824
24.87647
37.31471
49.75295
62.44201
71.43485
81.30241
93.74064
106.13196
112.06455
12.43824
24.87647
37.31471
49.75295
58.85863
71.29687
83.75863
87.90667
100.39361
112.83184
12.43824
24.87647
37.31471
50.49767
62.93590
76.12031
84.81990
97.95479
107.65819
114.55330
12.43824
24.87647
37.31471
49.14625
61.58449
71.91723
85.61729
98.05552
104.01006
117.19538
12.43824
24.87647
37.31471
49.75295
62.48766
75.29061
87.72885
100.28846
109.67597
117.32525
12.43824
25.58394
38.02218
50.46041
62.89865
76.21811
83.27894
95.71717
106.28481
118.91735
12.43824
24.87647
37.31471
49.75295
62.65625
75.09449
87.53273
100.47585
112.91409
125.67095
12.43824
24.87647
37.12851
49.89184
57.58885
61.99608
74.43432
82.76725
90.43646
103.08443
12.43824
25.33969
38.14159
51.64969
64.08793
76.52616
89.61169
97.70399
110.20558
122.64382
12.43824
24.87647
37.39272
49.83096
62.26919
74.70743
88.04737
100.48560
103.70211
115.38907
12.43824
25.60694
38.04517
51.22318
63.66141
76.09965
87.40203
99.84027
112.96230
125.74382
12.43824
24.87647
37.74410
47.83294
60.27117
66.85578
75.96041
88.39865
102.13110
115.09949
12.43824
24.87647
37.31471
49.75295
62.93918
66.05286
75.69693
88.40807
100.40115
112.83939
12.43824
24.87647
37.31471
49.79784
62.25532
70.98492
84.33122
95.56998
105.72355
116.01735
12.43824
24.87647
37.31471
49.75997
52.67314
65.11137
77.90705
89.79156
102.22980
111.42924
12.43824
24.87647
37.31471
50.01482
62.47421
75.91753
87.19145
99.62969
110.17991
121.03281
12.43824
24.87647
38.01553
50.75877
63.35904
75.79727
83.88273
96.32096
110.56282
117.42183
12.43824
25.29365
37.73189
50.96857
59.38199
71.82023
85.08327
96.89573
109.15629
119.11334
12.43824
24.87647
37.00096
49.43920
54.86928
67.30752
79.99269
93.05245
106.86472
114.36583
12.43824
24.87647
37.31471
50.14425
62.58249
75.76280
81.62084
94.05908
107.80392
121.12130
12.43824
21.14011
34.32717
46.76540
59.20364
72.10850
83.39934
96.02218
108.46042
121.62406
12.43824
24.87647
37.89519
50.33343
60.89865
74.07810
87.40505
99.84329
111.37124
124.34177
12.43824
24.87647
38.05749
49.60129
62.03953
74.47776
86.91600
100.10280
106.96446
120.07240
12.43824
24.87647
37.31471
50.04237
60.90044
73.33868
86.47796
98.91619
111.24900
123.98848
12.43824
24.87647
35.66305
48.10129
60.54373
70.81093
83.24917
95.68740
108.79230
122.53688
12.43824
25.56806
38.00630
50.44453
63.57809
73.22381
85.66205
90.38103
96.67742
109.11566
12.43824
24.87647
38.05484
50.66523
55.44594
68.57922
81.01745
91.99324
100.86550
114.80877
12.43824
24.87647
37.31471
46.38369
58.82193
71.26017
81.14721
84.51465
94.98484
107.46721
12.43824
24.87647
37.31471
49.75295
62.19118
72.29168
84.72992
97.16815
102.52102
115.04154
12.43824
24.87647
37.31471
50.03069
62.74892
75.48276
88.46009
100.89833
105.94093
117.17818
12.43824
24.87647
37.98488
48.92221
61.41384
73.85208
81.71109
88.32994
100.63694
113.46192
12.43824
24.87647
37.31471
49.20916
61.64739
74.08563
86.61710
99.67293
112.11116
122.42055
12.43824
24.87647
37.31471
49.75295
62.51629
76.10702
88.54526
102.13118
115.26629
120.15415
12.43824
24.87647
37.45800
51.02440
63.89386
74.99060
87.42883
100.17053
110.92799
123.48179
12.43824
24.87647
37.74035
43.24531
55.47448
68.36079
80.49579
92.93402
104.83928
115.44240
12.43824
24.87647
37.31471
48.09135
56.24942
69.02959
81.46782
94.58431
107.65666
120.09490
12.43824
24.87647
37.31471
49.75295
62.92601
73.81945
86.01469
90.95672
102.76031
115.95267
