12.43824
24.87647
37.31471
49.75295
62.41247
74.90061
87.33885
98.34603
105.06411
117.50234
12.43824
24.87647
37.31471
49.80671
62.24494
74.68318
87.12142
100.07547
109.78746
122.22570
12.43824
24.87647
37.31471
49.75295
62.49682
74.94141
87.37964
99.81788
112.12923
124.56747
12.43824
24.87647
37.31471
48.78933
61.39464
73.83288
85.48178
98.65412
111.09235
123.53059
12.43824
21.96654
34.40477
46.84301
59.28125
71.71948
84.88837
93.91882
106.45196
119.50237
12.43824
24.87647
37.31471
50.06658
62.50482
74.94305
87.38129
100.02330
112.68616
126.01261
12.43824
24.87647
37.31471
49.75295
62.68626
71.43693
83.87517
97.00734
101.38454
108.38679
12.43824
24.87647
37.31471
49.75295
62.19118
74.64331
85.90474
98.34297
110.47607
122.91431
12.43824
24.87647
32.54586
44.98410
58.19407
70.63230
83.27273
96.07566
108.51390
121.19379
12.43824
15.61603
28.68885
39.18482
51.62305
64.06129
76.49953
88.93776
101.37600
113.66499
12.43824
24.87647
37.31471
49.75295
62.19118
74.62942
87.31763
99.75587
112.40208
124.94002
12.43824
24.87647
37.73527
50.17351
62.61175
75.67634
88.11458
101.30131
113.76713
126.22034
12.43824
24.87647
37.31471
49.75295
62.83415
75.27238
87.72023
100.15846
106.81157
119.92637
12.43824
24.87647
37.31471
44.82084
57.25908
69.69731
82.13697
94.57520
107.01344
119.45168
12.43824
24.87647
37.31471
49.75295
62.19118
75.25920
88.40429
100.84253
113.28289
126.46862
12.43824
24.87647
37.17187
49.78204
62.85213
75.29036
84.24556
86.87378
99.31201
111.33055
12.43824
24.87647
37.31471
49.91852
62.35676
75.47238
87.91061
100.34885
113.36738
126.73540
12.43824
24.87647
37.90275
50.59792
63.64377
76.08201
88.52025
100.95848
113.67612
126.11435
12.43824
24.87647
37.31471
49.75295
62.19118
75.08785
87.52609
100.14242
113.30038
124.91355
12.43824
25.62057
38.24186
50.68009
63.11833
75.89014
88.32838
101.51008
113.69740
126.13564
12.43824
24.87647
37.31471
49.75295
62.19118
74.62942
87.43965
99.87789
113.10884
125.54707
12.43824
24.87647
31.62460
44.64737
57.08561
70.21589
82.65413
95.53352
107.97176
121.15300
12.43824
24.87647
37.31471
49.75295
62.79708
75.95891
88.39715
100.83538
113.27362
123.09290
12.43824
24.87647
37.31471
49.75295
61.79435
74.23258
86.91875
99.35699
111.79522
124.23346
12.43824
24.87647
37.31471
49.75295
62.19118
74.79438
87.23262
99.17048
111.69708
124.13532
12.43824
24.87647
37.31471
50.45031
62.88855
75.32679
87.46487
99.90784
112.34607
122.72698
12.43824
24.87647
37.31471
49.41632
61.85456
74.29279
86.98969
99.75848
112.19671
124.63495
12.43824
24.87647
37.31471
49.75295
62.19118
74.62942
87.89460
93.91789
106.53105
113.34660
12.43824
24.87647
37.31471
46.83667
59.27490
72.45749
84.91009
97.34832
110.83098
120.69174
12.43824
24.87647
37.31471
49.75295
62.31377
74.75201
87.19025
100.09440
112.68663
125.86984
12.43824
24.87647
37.31471
49.75295
62.19118
74.62942
87.06765
99.50589
111.94413
118.87943
12.43824
25.44552
37.88376
50.32200
62.76023
74.40130
87.54999
99.98823
112.97328
127.24471
12.43824
24.87647
37.31471
49.75295
62.19118
74.62942
87.06765
100.72566
113.23356
125.83730
12.43824
24.87647
37.72012
50.87754
63.31577
75.75401
88.91801
101.35624
110.54046
122.97870
12.43824
24.87647
37.31471
47.89006
61.33370
73.77194
86.78896
99.22720
112.35121
126.09512
12.43824
24.87647
37.31471
49.75295
62.19118
71.76022
83.99723
96.43547
109.62164
121.13227
12.43824
24.87647
37.31471
49.75295
58.04248
68.66464
81.10288
93.54443
106.77952
119.21776
12.43824
24.87647
37.31471
50.28405
62.72228
71.71198
84.15022
93.82671
106.26495
118.70319
12.43824
24.87647
37.31471
49.75295
62.19118
74.62942
87.78646
100.96680
113.40504
125.84327
12.43824
24.87647
37.31471
49.75295
62.83776
75.27599
84.88731
97.32554
109.76378
122.94537
12.43824
24.87647
37.31471
49.75295
62.76649
74.50933
86.94757
99.96990
109.54812
121.98635
12.43824
25.56158
37.99982
46.17849
58.61672
71.05496
76.90247
90.09927
102.88656
115.54539
12.43824
24.87647
37.31471
49.75295
62.19118
74.10685
86.54508
98.98332
112.21906
125.04711
12.43824
24.87647
37.31471
49.75295
62.30509
74.74333
87.30918
99.74742
109.61843
117.47309
12.43824
24.87647
37.67348
50.11171
62.54995
75.60767
86.96292
98.61346
111.15134
114.88597
12.43824
24.87647
37.31471
50.48419
62.92243
75.36066
87.79890
100.23714
112.67537
125.82840
12.43824
18.12621
31.24283
43.68107
49.54796
61.98619
74.86404
87.30228
88.69305
101.13128
12.43824
24.87647
37.31471
50.66292
63.10116
75.53940
88.05168
99.44504
111.88328
124.84072
12.43824
24.87647
36.48586
48.92409
62.03855
74.47679
86.65132
99.10166
107.07774
108.48786
12.43824
24.87647
37.31471
49.75295
62.79853
75.23677
88.30920
101.22721
113.95935
126.06096
12.43824
24.87647
37.68465
50.12289
62.56112
70.26125
82.94661
95.38484
107.33673
120.44061
12.43824
25.30814
37.74638
49.90303
62.34127
74.77950
87.21774
99.65597
112.62222
125.06046
12.43824
24.87647
37.49114
49.92938
55.20284
67.64108
80.07931
92.51755
104.69288
117.13111
12.43824
24.87647
37.31471
49.97917
62.41740
74.85564
83.76077
97.30379
109.74203
122.18026
12.43824
24.87647
37.31471
49.75295
62.19118
75.02362
84.58383
97.02206
109.46030
121.89854
12.43824
24.87647
37.31471
48.87633
56.63397
69.07220
82.12369
83.79567
96.23391
107.88241
12.43824
24.87647
37.31471
49.75295
62.19118
74.85185
87.29009
99.72832
112.20690
124.64513
12.43824
24.87647
37.31471
49.75295
62.19118
75.87778
88.31601
100.75425
113.19249
125.63072
12.43824
24.87647
37.31471
49.75295
60.23963
72.67786
85.43261
97.87085
108.89057
121.32881
12.43824
24.87647
38.06349
50.96082
63.39906
76.39138
88.82962
101.97286
112.22289
124.66113
12.43824
24.87647
37.31471
50.00496
62.44320
74.88143
87.31967
99.75791
112.57794
125.01618
12.43824
24.87647
37.31471
49.75295
62.19118
74.62942
87.06765
98.88010
111.84611
124.89627
12.43824
24.87647
37.31471
49.75295
62.51752
74.95576
88.01242
101.16292
113.60116
126.03939
12.43824
24.87647
37.31471
49.75295
59.46723
65.48005
76.51831
88.95655
100.05818
113.57526
12.43824
24.87647
37.31471
49.75295
62.19118
74.62942
87.13015
99.87307
112.88935
125.32759
12.43824
24.87647
37.31471
49.75295
62.51875
74.95699
87.62789
100.06613
113.05270
123.17273
12.43824
24.87647
37.31471
45.71287
58.15110
70.58934
83.68943
96.12767
109.18338
121.62162
12.43824
24.87647
37.31471
49.75295
62.19118
74.22093
86.65916
99.09740
109.13236
120.10374
12.43824
24.87647
37.31471
50.48423
62.92247
75.35868
87.79765
100.23589
112.67413
126.51441
12.43824
24.87647
37.31471
49.75295
62.19118
74.62942
87.06765
99.74356
112.18180
124.72152
12.43824
24.87647
38.05406
50.49229
62.69948
67.01939
79.45763
92.43589
104.87413
117.45275
12.43824
24.87647
34.37468
46.81291
59.25115
71.68939
84.12762
96.60123
109.03946
121.47770
12.43824
24.87647
37.31471
50.24875
62.68699
75.12522
87.83150
100.45538
114.37088
127.31242
12.43824
25.51487
37.95310
50.39134
62.82958
75.26781
87.96574
100.40398
105.53034
117.96857
12.43824
24.87647
37.31471
49.75295
62.91854
75.95645
76.40169
88.83993
101.27817
114.14646
12.43824
24.87647
37.31471
49.75295
62.19118
69.48777
81.92601
94.36424
106.80248
119.24071
12.43824
24.87647
37.31471
48.22735
60.66558
71.80599
84.24423
96.68246
109.12070
118.41621
12.43824
24.87647
37.31471
49.75295
62.83531
75.27355
87.71179
100.82614
113.26437
125.11982
12.43824
24.87647
37.31471
49.75295
62.19118
74.62942
87.06765
99.50589
111.94413
117.27208
12.43824
24.87647
37.96590
51.13538
63.57361
76.07105
88.75053
101.18877
113.94565
126.38389
12.43824
24.87647
37.31471
49.76948
62.92647
75.36470
87.80294
100.24118
113.30116
126.00129
12.43824
24.87647
37.31471
49.75295
52.80251
65.24075
77.77419
90.97209
103.41032
112.20522
12.43824
24.87647
37.31471
49.75295
62.26893
71.31295
84.12313
95.82998
108.26822
109.94320
12.43824
19.56980
32.48458
44.92282
57.36105
70.54605
81.99161
94.42985
106.86808
119.30632
12.43824
24.87647
37.71047
50.14871
62.58694
75.02518
87.46341
99.90165
112.33989
124.96922
12.43824
24.87647
37.27467
50.29856
62.73679
75.17503
87.61327
97.90808
111.27003
124.48036
12.43824
24.87647
37.31471
49.75295
62.78299
75.22122
88.25507
100.69331
113.44771
125.88594
12.43824
24.87647
37.31471
49.75295
62.19118
73.52023
86.68816
99.12640
111.56464
123.86980
12.43824
25.45969
37.89792
50.33616
62.60842
75.04666
87.48489
99.71504
110.28807
122.72631
12.43824
24.87647
37.31471
49.75295
62.19118
75.02861
87.46685
99.90508
112.34332
125.34720
12.43824
24.87647
37.31471
49.75295
62.19118
74.62942
84.20059
97.03221
109.47044
120.18841
12.43824
24.87647
37.31471
49.77024
62.20847
74.64671
87.08494
99.52318
111.60819
121.17441
12.43824
24.87647
37.31471
49.75295
62.93976
75.37799
86.77031
99.20855
112.56008
124.99831
12.43824
24.87647
37.31471
49.03217
61.61614
74.05437
87.30358
99.74182
112.18006
124.61829
12.43824
24.87647
37.31471
49.75295
62.19118
74.62942
81.05637
93.76113
106.19937
119.19594
12.43824
24.87647
37.31471
49.75295
62.19118
75.30386
87.78912
100.64288
113.08112
119.06968
12.43824
24.87647
34.46298
46.90122
59.81967
72.77544
85.21368
98.29055
111.38524
123.39477
12.43824
24.87647
37.31471
50.31312
62.75136
75.18959
88.28907
100.72731
113.13804
125.57628
12.43824
24.87647
37.31471
49.97652
62.41476
74.85299
87.29123
98.60871
111.04695
123.48518
12.43824
24.87647
37.31471
49.75295
62.19118
75.36396
88.55101
100.98925
113.91557
119.66466
