12.43824
24.87647
37.31471
49.75295
62.36984
74.80808
87.24632
93.80192
106.27969
118.71793
12.43824
24.87647
37.31471
49.91646
62.35469
74.79293
87.87267
100.38974
112.60850
124.84949
12.43824
24.87647
37.31471
49.75295
60.51109
73.46070
85.89893
98.33717
111.02049
124.32312
12.43824
24.87647
37.31471
47.03433
59.47256
71.91080
85.02386
98.12942
111.21265
123.65089
12.43824
22.53978
34.97801
47.41625
59.85449
72.29272
81.75862
94.05797
106.19019
118.65273
12.43824
24.87647
37.31471
50.34969
63.34705
74.67571
87.11395
99.55218
111.96041
122.48071
12.43824
24.87647
37.31471
49.75295
57.73656
70.01846
82.45670
94.26231
104.91174
112.76874
12.43824
24.87647
37.31471
49.75295
62.19118
74.62942
87.62744
100.06567
113.24965
125.91160
12.43824
24.87647
33.66782
46.10605
59.17861
71.61685
80.30886
93.12968
105.56792
108.93735
12.43824
16.05261
28.49085
40.17730
52.61553
65.05377
77.49201
89.93024
102.36848
110.99771
12.43824
24.87647
37.31471
49.75295
51.56491
64.00314
76.66860
89.10683
93.63965
101.36293
12.43824
24.87647
37.44325
49.88148
62.31972
74.78241
87.22065
89.50868
101.94692
114.38515
12.43824
24.87647
37.31471
49.75295
62.19118
74.62942
87.80253
100.97936
105.90287
118.34111
12.43824
24.87647
37.47507
47.47455
59.91279
72.35103
84.90152
97.33975
109.80904
122.24728
12.43824
24.96001
37.39824
49.83648
62.27472
75.28801
81.55065
93.98888
106.08805
118.52629
12.43824
24.87647
35.12958
47.56781
59.69004
72.12828
85.93707
90.05856
102.49680
107.66900
12.43824
24.87647
37.31471
49.75295
62.19118
74.62942
87.06765
99.50589
108.11231
121.27190
12.43824
24.87647
38.03870
51.06428
64.13266
76.57090
89.00913
101.44737
113.88561
125.91439
12.43824
24.87647
37.31471
49.75295
62.19118
73.43527
85.87351
98.31174
111.44658
124.59722
12.43824
24.87647
37.31471
49.75295
62.19118
75.26208
87.70031
99.91948
112.89009
125.32832
12.43824
24.87647
37.41135
49.84959
62.28782
74.72606
79.24926
91.68750
101.43618
110.45008
12.43824
24.87647
36.05262
42.57856
55.01679
66.50447
78.94271
91.38094
103.81918
117.11230
12.43824
24.87647
37.31471
49.42686
61.86510
74.30333
86.74157
97.62006
110.05830
119.45097
12.43824
24.87647
37.31471
49.75295
56.12574
67.52987
80.21970
92.65794
105.09617
117.53441
12.43824
24.87647
37.31471
49.75295
62.19118
75.36419
87.80243
100.84051
104.21733
116.65557
12.43824
24.87647
37.31471
49.19882
61.63705
74.07529
87.26141
99.69964
112.13788
123.71305
12.43824
24.87647
37.31471
49.75295
62.19118
74.62942
82.99991
91.28982
103.72806
116.16630
12.43824
24.87647
37.31471
49.75295
59.08993
71.52817
85.25186
91.77000
104.20823
114.44768
12.43824
24.87647
37.31471
48.78022
61.21846
63.93664
76.75739
89.19563
100.36242
110.64896
12.43824
24.87647
37.31471
46.26596
57.58483
70.02306
82.46130
95.26245
101.42760
114.16185
12.43824
24.87647
37.31471
48.61651
61.05474
73.49298
85.93121
94.05097
106.87266
115.02024
12.43824
24.87647
37.31471
49.75295
62.19118
75.16559
87.06836
99.50660
111.94484
124.50037
12.43824
24.87647
37.31471
49.75295
62.19118
74.62942
87.06765
100.22249
113.46949
125.76843
12.43824
24.87647
34.88203
45.09425
57.53248
69.97072
82.56110
95.68387
101.52377
108.70017
12.43824
24.87647
37.31471
49.87433
62.31257
74.75080
82.44133
94.87957
107.95336
111.36835
12.43824
24.87647
37.31471
49.75295
62.19118
72.55249
85.73069
98.54240
111.69255
120.89619
12.43824
25.43566
37.87390
50.31213
59.23400
71.27344
83.71167
96.14991
101.55506
114.10256
12.43824
24.87647
37.31471
50.43127
62.86951
75.75543
88.19367
97.96937
111.10621
123.54445
12.43824
24.87647
37.31471
49.75295
62.19118
74.62942
84.59126
92.25571
100.67875
113.11699
12.43824
24.87647
37.31471
49.75295
62.87633
75.31457
85.87136
98.30959
110.74783
123.18606
12.43824
24.87647
37.31471
49.75295
62.87411
75.51787
87.95611
101.12922
103.47712
115.91536
12.43824
25.44862
37.88685
50.84775
63.28599
75.72422
80.77723
86.33747
99.43169
112.12027
12.43824
24.87647
37.31471
49.75295
62.19118
75.06860
87.50684
99.94507
109.25878
118.30877
12.43824
24.87647
37.31471
49.75295
62.19118
74.62942
78.63285
91.07109
99.45316
108.98690
12.43824
24.87647
37.31471
49.75295
62.19118
75.28804
82.60094
92.67144
100.80825
107.64095
12.43824
24.87647
37.32296
49.80718
62.24542
74.68366
82.75783
95.19607
107.63430
111.93950
12.43824
23.40312
33.26927
45.70751
53.12889
65.56713
78.33316
90.77140
95.20249
107.64072
12.43824
24.87647
37.31471
47.34196
59.78019
72.21843
81.23123
92.44022
104.87846
108.52341
12.43824
24.87647
32.70904
45.14727
58.28002
70.71825
77.81993
86.54710
98.95246
100.91369
12.43824
24.87647
37.31471
49.75295
59.78768
72.55843
85.74422
98.18245
102.55136
114.98959
12.43824
24.87647
35.93736
48.37559
60.81383
72.67357
85.11180
97.55004
110.48094
123.53673
12.43824
25.36435
37.80258
49.96920
62.40743
74.84567
87.28390
99.72214
112.64636
125.08460
12.43824
24.87647
37.49374
49.93197
52.69628
65.13451
77.57275
90.01098
92.34359
105.50266
12.43824
24.87647
37.31471
49.75295
62.19118
71.68224
84.86730
88.23891
100.67715
113.11538
12.43824
24.87647
37.31471
49.75295
62.19118
74.62942
83.03340
95.47164
107.47817
119.91641
12.43824
24.87647
37.31471
48.38141
55.02354
67.46177
79.08335
86.36955
94.30590
102.07019
12.43824
24.87647
37.31471
49.75295
62.19118
74.62942
87.06765
99.89107
112.32930
125.39133
12.43824
24.87647
37.31471
49.75295
62.19118
75.53205
87.97029
100.40852
112.84676
125.28500
12.43824
24.87647
34.83734
47.27558
57.36687
69.80511
82.82256
95.26079
99.80689
112.24513
12.43824
24.87647
37.52284
49.96108
62.39931
74.83755
87.27578
98.58596
100.90403
113.34226
12.43824
24.87647
37.31471
49.55911
61.99734
74.43558
86.87382
99.45291
109.82335
117.97848
12.43824
24.87647
37.31471
49.75295
62.69252
75.13101
87.56924
100.74107
113.29480
117.01803
12.43824
24.87647
37.31471
49.75295
62.25599
74.69423
87.87488
100.42179
112.86002
119.08380
12.43824
24.87647
37.31471
49.75295
60.59882
72.43349
86.29164
98.72988
109.93097
122.75226
12.43824
24.87647
37.31471
49.75295
62.19118
74.62942
85.53044
91.07873
104.26569
116.70393
12.43824
24.87647
37.31471
49.75295
62.31459
74.75283
87.19106
100.37247
112.94134
125.16011
12.43824
24.87647
37.31471
49.01094
61.44918
73.88741
86.51448
98.95271
111.39095
123.82919
12.43824
24.87647
37.31471
49.75295
62.19118
74.62942
87.06765
99.31094
110.28966
123.36948
12.43824
24.87647
37.31471
49.75295
62.19118
75.02868
82.19500
94.63324
107.07148
119.83580
12.43824
24.87647
37.31471
49.75295
62.64888
75.08711
87.52535
99.96358
112.40182
124.94217
12.43824
24.87647
37.31471
49.75295
62.87790
68.55304
80.99127
94.19025
106.63932
119.18406
12.43824
24.87647
34.61761
47.05585
59.49409
71.93232
84.37056
97.55010
109.98834
122.42658
12.43824
24.87647
37.31471
48.42095
60.85918
73.29742
85.73565
98.36706
110.69520
123.13344
12.43824
25.15589
37.59413
50.03236
62.47060
74.90884
87.86710
100.30533
110.30213
122.48111
12.43824
24.87647
37.31471
49.75295
62.42218
75.08459
76.03701
88.47524
100.91348
114.09688
12.43824
24.87647
37.31471
49.75295
62.19118
69.55496
82.66120
95.09943
107.53767
120.60723
12.43824
24.87647
37.31471
50.49020
62.92844
69.50330
81.94154
94.37977
106.81801
117.35879
12.43824
24.87647
37.31471
49.75295
60.02369
72.46193
84.90016
97.34322
109.78146
122.73736
12.43824
18.95118
31.38941
43.82765
56.26588
68.70412
81.14236
93.58059
102.09510
108.01251
12.43824
24.87647
37.61054
50.58538
63.02362
75.46185
88.03752
100.47576
111.34626
124.48000
12.43824
24.87647
37.31471
49.75295
62.80536
75.24360
87.68183
100.12007
112.55831
126.03397
12.43824
24.87647
35.61164
48.04987
56.50956
68.94780
81.38603
94.52465
106.96289
118.72673
12.43824
24.87647
37.31471
49.75295
62.19118
69.28285
74.24837
85.93678
98.37502
98.74793
12.43824
23.30800
25.88358
38.32181
50.76005
63.57826
76.75125
89.18948
101.62772
113.51678
12.43824
24.87647
37.38877
49.82701
62.26525
74.70348
87.14172
99.57995
112.49099
126.19742
12.43824
24.87647
38.03062
46.75556
59.19380
71.63204
84.07027
96.05120
109.23344
122.15138
12.43824
24.87647
37.31471
49.75295
54.18033
66.61857
79.79380
92.23204
105.41670
118.05656
12.43824
24.87647
37.31471
49.75295
62.19118
65.57387
78.01909
90.45732
102.89556
114.15499
12.43824
25.21126
37.64950
50.08773
62.65105
75.08929
87.52753
93.57827
102.05398
114.49221
12.43824
24.87647
37.31471
49.75295
57.04870
61.64731
74.08555
86.52379
98.96202
109.36526
12.43824
24.87647
37.31471
49.75295
62.19118
74.62942
83.42334
96.46674
108.90498
117.51957
12.43824
24.87647
37.31471
49.75295
62.19118
74.77013
87.20836
99.64660
102.32320
113.42430
12.43824
24.87647
37.31471
49.75295
62.39657
74.83481
83.74830
96.18654
100.88655
113.32479
12.43824
24.87647
37.31471
49.74614
62.18864
74.62688
85.66949
87.10196
99.54019
111.97843
12.43824
24.87647
37.31471
49.75295
62.19118
74.62942
77.17367
90.35935
102.79758
115.65980
12.43824
24.87647
37.31471
49.75295
62.19118
75.18444
87.89120
95.59742
108.03565
114.05482
12.43824
24.87647
32.74871
45.18695
58.37335
71.45065
83.88888
96.49206
109.67912
122.86609
12.43824
24.87647
37.31471
48.12593
60.56417
73.00240
85.79234
98.23057
111.32987
123.76810
12.43824
24.87647
37.31471
50.47695
62.91519
75.35343
88.33119
101.35515
113.79339
126.23163
12.43824
24.87647
37.31471
49.75295
62.93521
76.11809
88.76557
101.94916
112.79311
125.88056
