12.43824
24.87647
37.31471
49.75295
62.19118
74.62942
87.06765
92.28760
101.27330
113.71154
12.43824
24.87647
37.31471
49.75295
62.19118
74.62942
87.08952
99.56426
109.54776
122.67565
12.43824
24.87647
37.31471
49.75295
59.80215
72.61850
85.05674
97.49497
110.64473
123.74180
12.43824
24.87647
37.31471
49.33243
62.47201
74.91025
87.95978
98.91068
111.89918
124.33741
12.43824
23.30435
35.74259
48.18082
60.61906
73.05730
83.03765
94.52042
106.56899
119.17627
12.43824
24.87647
37.31471
50.20023
63.12081
70.28695
82.72519
95.16342
107.77702
120.29668
12.43824
24.87647
37.31471
49.75295
59.63628
64.78974
77.22797
88.92702
101.74935
113.53657
12.43824
24.87647
37.31471
49.75295
62.19118
75.25753
87.74581
100.18405
113.64257
126.08081
12.43824
24.87647
36.75820
49.19643
60.65937
73.09761
83.18094
95.92865
108.36689
115.04883
12.43824
21.31855
33.79265
46.99194
59.43018
71.86842
84.30665
96.74489
109.18312
114.75977
12.43824
24.87647
37.31471
49.75295
62.03668
74.47492
87.49200
99.93024
106.80754
116.57504
12.43824
24.87647
38.03052
50.46875
62.90699
75.68829
88.12653
99.76878
112.20702
125.32870
12.43824
24.87647
37.31471
49.75295
62.19118
74.62942
87.81532
100.72677
113.90429
126.34253
12.43824
24.87647
37.88565
48.59457
61.03280
73.47104
86.13626
98.57450
111.76061
124.19885
12.43824
25.19249
37.63073
50.06897
62.50720
75.68832
83.75212
96.19036
108.61311
121.28618
12.43824
24.87647
36.64646
49.08469
61.55890
73.99714
87.88376
90.93477
103.37301
109.45208
12.43824
24.87647
37.31471
49.75295
62.19118
74.62942
87.06765
99.50589
112.67200
125.53711
12.43824
24.87647
37.98155
51.07794
64.26284
76.70108
89.13932
101.57755
114.01579
125.98439
12.43824
24.87647
37.31471
49.75295
62.19118
73.44593
85.88417
98.32240
111.41715
124.32555
12.43824
24.92801
37.36625
49.80448
62.24272
75.42913
87.86737
98.50685
110.80699
123.24523
12.43824
24.87647
37.31471
49.75295
62.19118
74.62942
81.65861
94.09684
105.95489
111.99346
12.43824
24.87647
37.78754
50.95386
63.39209
72.12447
84.56271
97.39076
109.82900
123.33191
12.43824
24.87647
37.31471
50.03293
62.47117
74.90941
87.34764
96.13274
108.57098
116.12285
12.43824
24.87647
37.31471
49.75295
55.31413
67.38149
80.04446
92.48270
104.92093
117.35917
12.43824
24.87647
37.31471
49.75295
62.19118
75.30962
87.74786
100.77735
107.57764
120.01588
12.43824
24.87647
37.31471
39.49016
51.92840
64.36664
77.55095
89.98919
102.42742
115.31859
12.43824
24.87647
37.31471
49.75295
62.19118
74.62942
84.43906
97.02817
109.46641
121.90465
12.43824
24.87647
37.31471
49.75295
58.26658
70.70482
83.96936
89.17037
102.08934
112.83783
12.43824
24.87647
37.31471
50.41374
62.85197
75.36426
88.47009
100.90833
112.92119
122.12795
12.43824
24.87647
37.31471
47.31264
58.00190
70.44014
82.87837
95.70374
101.42868
114.51556
12.43824
24.87647
37.31471
50.31443
62.75266
75.19090
87.62914
95.05178
108.19843
115.89873
12.43824
24.87647
37.31471
49.75295
62.19118
75.32118
87.30660
99.74484
112.18307
125.04885
12.43824
24.87647
37.31471
49.75295
62.19118
74.62942
87.06765
100.16787
113.28957
126.06994
12.43824
24.87647
35.57359
45.42492
57.86315
70.30139
83.47009
96.53869
106.91357
113.64440
12.43824
24.87647
37.31471
48.37788
60.81611
73.25435
77.45451
89.89274
102.74126
110.93369
12.43824
24.87647
37.31471
49.75295
62.19118
70.50844
83.69203
96.73558
109.88569
116.80384
12.43824
25.61395
38.05219
50.49042
61.09098
74.27029
86.70853
99.14677
103.64096
116.80298
12.43824
24.87647
37.31471
50.13648
62.57472
75.64724
88.08548
100.69373
113.13197
125.57020
12.43824
24.87647
37.31471
49.75295
62.19118
74.62942
87.71622
99.83105
106.97433
119.41257
12.43824
24.87647
37.31471
49.75295
62.28252
74.72076
80.56834
93.00658
105.44482
117.88305
12.43824
24.87647
37.31471
49.75295
62.78289
75.59046
88.02870
101.18786
114.51241
126.95065
12.43824
25.00242
37.44066
48.48150
60.91974
73.35798
86.53538
93.89556
106.96941
119.40765
12.43824
24.87647
37.31471
49.75295
62.19118
75.06989
87.50813
99.94637
112.11806
125.30929
12.43824
24.87647
37.31471
49.75295
62.19118
74.62942
82.39102
94.82926
104.21021
113.23161
12.43824
24.87647
37.31471
49.75295
62.19118
75.14194
77.12539
85.15302
98.30814
108.89667
12.43824
24.87647
37.31471
49.94196
62.38020
74.81843
85.29037
97.72861
110.16684
120.29392
12.43824
19.09620
28.09564
40.53387
48.83904
61.27728
73.71551
86.15375
93.59033
106.02857
12.43824
24.87647
37.31471
49.77856
62.21679
74.65503
83.14588
91.49904
103.99966
111.91275
12.43824
24.87647
33.44866
45.88690
58.78145
71.21969
75.40241
83.18271
90.39892
94.43668
12.43824
24.87647
37.31471
49.75295
61.08082
73.51905
86.68608
99.12432
102.80446
115.24270
12.43824
24.87647
36.61672
49.05495
61.49319
73.93143
86.36966
98.80790
111.74881
124.84153
12.43824
25.46846
37.90670
49.77422
62.21245
74.65069
87.08892
99.52716
112.51236
124.95059
12.43824
24.87647
38.05504
50.49328
63.63759
76.07582
88.51406
100.95229
113.43505
125.87329
12.43824
24.87647
37.31471
49.75295
62.19118
72.77594
82.08594
94.01194
106.45018
118.88842
12.43824
24.87647
37.31471
49.75295
62.19118
74.62942
87.64897
100.08720
113.18833
125.62657
12.43824
24.87647
37.31471
50.09576
53.70965
66.14789
76.93770
86.85513
92.74722
102.30817
12.43824
24.87647
37.31471
49.75295
62.19118
74.62942
87.06765
91.73030
104.16853
117.31596
12.43824
24.87647
37.31471
49.75295
62.19118
75.80617
88.24441
100.68265
113.12088
125.55912
12.43824
24.87647
35.50678
47.94502
56.55968
68.99792
82.06738
95.23429
103.03336
115.47160
12.43824
24.87647
37.31471
49.75295
62.19118
74.62942
87.06765
97.80180
100.26314
112.70138
12.43824
24.87647
37.31471
49.65676
62.09500
74.53323
86.97147
99.53141
110.35788
119.15800
12.43824
24.87647
37.31471
49.75295
62.38999
75.47771
87.91594
101.09924
114.17781
124.33275
12.43824
24.87647
37.31471
49.75295
62.36339
74.80162
87.94838
100.21071
112.64895
117.10271
12.43824
24.87647
37.31471
49.75295
62.85030
71.64033
85.46289
97.90112
110.65926
123.66917
12.43824
24.87647
37.31471
49.75295
62.19118
74.62942
86.36702
99.70967
112.59670
125.03494
12.43824
24.87647
37.31471
49.75295
62.76569
75.20392
87.64216
100.51654
113.35063
121.70616
12.43824
24.87647
37.31471
47.38936
59.82760
72.26583
84.70407
97.14230
109.58054
122.01878
12.43824
24.87647
37.31471
49.75295
62.19118
74.62942
87.06765
99.09949
109.35925
122.28725
12.43824
24.87647
37.31471
49.75295
62.19118
75.28417
85.14860
97.58684
110.02507
122.90892
12.43824
24.87647
37.31471
49.75295
62.61061
75.04885
87.48708
99.92532
112.36355
125.43258
12.43824
24.87647
37.37502
49.81325
62.97743
65.81895
78.25718
91.37329
103.81152
116.66260
12.43824
24.87647
37.43392
49.87215
62.31039
74.74862
87.18686
100.19132
112.62955
125.06779
12.43824
24.87647
37.31471
50.41385
62.85209
75.29032
87.72856
100.90371
113.11751
125.55575
12.43824
25.30924
37.74747
50.18571
62.62395
75.06218
88.25531
100.69355
106.69088
119.19745
12.43824
24.87647
37.31471
49.75295
62.44449
74.91106
75.80852
88.24676
100.68500
113.81346
12.43824
24.87647
37.31471
49.75295
62.19118
75.26279
87.70102
100.13926
112.57750
125.32026
12.43824
24.87647
37.31471
47.05959
59.49783
64.31639
76.75463
89.19286
101.63110
112.04315
12.43824
24.87647
37.31471
49.75295
58.06733
70.50557
82.94381
95.54419
107.98242
120.42066
12.43824
20.12565
32.56389
45.00212
57.44036
69.87860
82.31683
94.75507
101.42012
105.91560
12.43824
24.87647
37.31471
50.41093
62.84916
75.28740
88.12958
100.56782
112.31475
125.24994
12.43824
24.87647
37.31471
49.75295
62.60060
75.03883
87.47707
99.91531
112.38057
125.52371
12.43824
24.87647
38.05582
50.49405
62.46547
74.90371
87.34194
99.49712
111.96696
119.38296
12.43824
24.87647
37.31471
49.75295
62.19118
69.83374
77.41101
89.90394
102.34217
103.70321
12.43824
23.24817
35.41518
47.85342
60.29165
72.72989
85.91315
98.35138
110.78962
123.96925
12.43824
24.87647
37.31471
49.75295
62.19118
74.62942
87.06765
99.50589
111.94413
124.71600
12.43824
24.87647
36.34860
46.55139
58.98963
71.42787
83.86610
95.91926
108.99739
121.65035
12.43824
24.87647
37.31471
49.75295
58.26241
70.70065
83.13889
95.57712
108.35461
121.02403
12.43824
24.87647
37.31471
49.75295
62.19118
67.56941
80.71402
93.15226
105.59049
116.41254
12.43824
25.61774
38.05598
50.49421
62.97840
75.41663
87.85487
92.87488
104.80017
117.23840
12.43824
24.87647
37.31471
49.75295
59.73102
71.04535
83.48359
95.92182
108.36006
117.64963
12.43824
24.87647
37.31471
49.75295
62.19118
74.62942
82.45244
94.89068
107.32892
120.76616
12.43824
24.87647
37.31471
49.76876
62.20700
75.35574
87.79398
100.23221
103.23095
114.43734
12.43824
24.87647
37.31471
49.75295
62.69690
75.13513
85.24074
97.67898
109.02639
121.46463
12.43824
24.87647
37.31471
48.42893
61.58126
74.01949
85.95092
94.50390
106.94214
119.38038
12.43824
24.87647
37.31471
49.75295
62.19118
74.62942
81.79581
94.03786
106.47610
118.91433
12.43824
24.87647
37.31471
49.75295
62.19118
75.37651
87.81474
95.99991
108.43815
118.20401
12.43824
24.87647
34.11978
46.55802
59.62946
72.77505
85.21328
95.61762
108.48900
121.42490
12.43824
24.87647
37.31471
49.49461
61.93284
74.37108
87.52808
99.96632
113.13200
125.57024
12.43824
24.87647
37.31471
49.75295
62.19118
74.62942
87.58952
100.77449
113.21273
125.65096
12.43824
24.87647
37.31471
49.75295
62.53737
75.55860
87.99684
95.79787
108.81467
119.25429
