12.43824
24.87647
37.31471
49.75295
61.73115
74.16939
86.60762
93.00786
100.46841
112.90664
12.43824
24.87647
37.31471
49.88442
62.32266
74.76089
87.94716
100.38540
111.69096
123.60818
12.43824
24.87647
37.31471
49.75295
62.29932
74.74805
87.18629
99.62452
112.57268
125.62160
12.43824
24.87647
37.31471
47.53040
60.65246
73.09070
86.20034
98.13407
111.27910
123.71733
12.43824
22.65106
35.08930
47.52754
59.96577
72.40401
81.71010
94.84288
107.07279
119.70899
12.43824
24.87647
37.31471
50.08668
63.24875
71.26402
83.70226
96.14049
108.97810
120.97627
12.43824
24.87647
37.31471
49.75295
60.19627
65.24858
77.68681
87.73231
98.30487
105.67013
12.43824
24.87647
37.31471
49.75295
62.19118
74.62942
87.62644
100.06468
113.43183
125.87007
12.43824
24.87647
34.13245
46.57069
59.56535
72.00358
83.98140
95.58500
108.02323
120.77778
12.43824
20.51887
32.95710
44.85068
57.28892
69.72715
82.16539
94.60363
107.04186
116.56069
12.43824
24.87647
37.31471
49.75295
54.93103
67.36926
80.25844
92.69668
96.89058
104.17924
12.43824
24.87647
37.85345
50.29169
62.72992
75.86728
88.30552
89.85539
102.29363
115.25346
12.43824
24.87647
37.31471
49.75295
62.19118
74.62942
87.65775
100.81037
109.72405
122.16229
12.43824
24.87647
30.12839
40.89168
53.32992
65.76816
78.20639
90.64463
103.65400
116.09224
12.43824
25.33914
37.77738
50.21561
62.65385
75.83449
84.20572
96.78208
106.32119
118.75942
12.43824
24.87647
34.75201
47.19024
60.32671
72.76495
86.25656
87.31693
99.75517
111.29861
12.43824
24.87647
37.31471
49.75295
62.19118
74.62942
87.06765
99.50589
110.40526
123.54917
12.43824
24.87647
37.95848
46.07467
59.26169
71.69993
84.13816
96.57640
109.01464
121.09096
12.43824
24.87647
37.31471
49.75295
62.19118
73.71192
86.15015
98.58839
111.74586
124.87682
12.43824
24.87647
37.31471
49.75295
62.19118
75.20253
87.64076
97.34228
110.37835
122.81658
12.43824
24.87647
37.31471
49.75295
62.19118
74.62942
79.02124
91.45947
103.85870
108.44584
12.43824
24.87647
35.85571
40.09157
52.52981
65.55900
77.99724
90.43547
102.87371
114.52292
12.43824
24.87647
37.31471
48.37532
60.81356
73.25179
85.69003
97.05761
109.49585
121.28974
12.43824
24.87647
37.31471
49.75295
56.01274
65.50847
78.37865
90.81689
103.25512
115.69336
12.43824
24.87647
37.31471
49.75295
62.19118
75.21527
87.65351
100.14466
104.17927
116.61751
12.43824
24.87647
37.31471
49.75930
62.19753
74.63577
87.72520
100.16344
112.60168
125.46660
12.43824
24.87647
37.31471
49.75295
62.19118
74.62942
86.05694
94.07360
106.51183
118.95007
12.43824
24.87647
37.31471
49.75295
62.44540
74.88364
88.24336
92.82364
105.26188
114.20635
12.43824
24.87647
37.31471
48.43059
60.86883
72.44517
85.63200
98.07023
109.27506
118.67902
12.43824
24.87647
37.31471
44.15910
55.06295
67.50119
79.93942
92.90980
99.40636
112.28402
12.43824
24.87647
37.31471
50.28268
62.72092
75.15915
87.59739
98.27680
110.71503
114.26365
12.43824
24.87647
37.31471
49.75295
62.19118
75.19871
86.94789
99.38613
111.89918
124.59060
12.43824
24.87647
37.31471
49.75295
62.19118
74.62942
87.06765
100.16073
113.86443
126.49141
12.43824
24.87647
36.75185
49.93362
62.37185
74.81009
87.65340
100.76023
104.31580
117.37703
12.43824
24.87647
37.31471
48.63770
61.07593
73.51417
85.23607
97.67430
110.78095
112.85051
12.43824
24.87647
37.31471
49.75295
62.19118
69.78779
82.97383
96.07912
108.67083
116.97139
12.43824
25.23330
37.67154
50.10978
57.72530
68.79189
81.23013
93.66836
102.44066
115.37724
12.43824
24.87647
37.31471
50.36433
62.80256
75.13546
87.57370
95.97955
109.06776
121.50600
12.43824
24.87647
37.31471
49.75295
62.19118
74.62942
85.63969
90.57883
103.75715
116.19539
12.43824
24.87647
37.31471
49.75295
62.51888
74.95712
77.41653
89.85476
102.29300
114.73124
12.43824
24.87647
37.31471
49.75295
62.92684
75.30746
87.74569
100.27212
105.38849
117.82672
12.43824
21.48949
33.92773
45.36106
57.79930
70.23753
81.13727
84.75723
97.81083
110.37735
12.43824
24.87647
37.31471
49.75295
62.19118
75.18561
87.62385
100.06208
113.20856
126.89948
12.43824
24.87647
37.31471
49.75295
62.19118
74.62942
80.20232
92.64056
103.66908
111.40909
12.43824
24.87647
37.31471
49.75295
62.19118
75.08321
85.28797
97.05004
103.60098
110.69670
12.43824
24.87647
37.96401
50.40224
62.84048
75.27871
77.82415
90.26239
102.70063
115.69515
12.43824
18.10638
25.89783
38.33606
44.09941
56.53765
69.35169
81.78993
90.87543
103.31367
12.43824
24.87647
37.31471
49.49413
61.93236
74.37060
82.44733
91.72620
104.50544
117.62806
12.43824
24.87647
28.83138
41.26961
54.45031
66.88855
69.99105
76.65331
88.98432
98.63579
12.43824
24.87647
37.31471
50.08203
61.74151
74.67658
86.36782
98.81641
102.29281
114.73104
12.43824
24.87647
37.25637
49.69461
62.13284
72.31161
84.74985
97.26846
110.57217
123.75917
12.43824
25.60158
38.03982
48.55862
60.99686
73.43509
85.87333
98.31157
111.20829
123.64652
12.43824
24.87647
37.31471
49.75295
57.66625
70.10448
82.54272
94.98096
108.23550
121.32564
12.43824
24.87647
37.31471
49.75295
62.19118
75.31920
86.72379
92.27653
104.71477
117.15300
12.43824
24.87647
37.31471
49.75295
62.19118
74.62942
85.05582
97.49406
102.44977
114.88800
12.43824
24.87647
37.31471
47.35984
49.04797
61.48620
74.42965
85.15357
92.23876
100.06120
12.43824
24.87647
37.31471
49.75295
62.19118
74.62942
87.06765
98.80186
111.24009
124.39616
12.43824
24.87647
37.31471
49.75295
62.19118
75.96426
88.40250
100.84073
113.27897
125.71720
12.43824
24.87647
35.23790
47.67613
60.43568
72.87391
85.13009
97.56833
103.21361
115.65184
12.43824
24.87647
37.31471
49.75295
62.19118
74.62942
87.06765
100.93443
106.23647
118.67471
12.43824
24.87647
37.31471
49.14760
61.58584
74.02408
86.46231
99.54041
108.75041
116.00098
12.43824
24.87647
37.31471
49.75295
62.61721
75.22376
87.66200
100.48360
112.51045
115.23259
12.43824
24.87647
37.31471
49.75295
61.91442
74.35266
87.45283
98.66124
111.09947
117.30881
12.43824
24.87647
37.31471
49.75295
61.38325
69.96846
82.76070
95.19894
106.02006
118.78293
12.43824
24.87647
37.31471
49.75295
62.19118
74.62942
84.77742
94.62928
107.77198
120.21021
12.43824
24.87647
37.31471
49.75295
62.79867
75.23691
87.67514
100.68645
113.57489
123.42816
12.43824
24.87647
37.31471
50.46050
62.89874
75.36926
88.16669
100.60492
113.37136
125.80959
12.43824
24.87647
37.31471
49.75295
62.19118
74.62942
87.06765
99.91582
114.07516
127.16545
12.43824
24.87647
37.31471
49.75295
62.19118
74.88838
77.22987
89.66810
102.10634
114.54458
12.43824
24.87647
37.31471
49.75295
62.72709
75.16533
87.60356
100.04180
112.48004
123.42327
12.43824
24.87647
37.31471
49.75295
62.90968
75.72042
88.15866
101.29090
113.72913
126.84973
12.43824
24.87647
32.83237
45.27060
57.70884
70.14708
82.58531
95.40555
107.84378
120.28202
12.43824
24.87647
37.31471
49.85865
62.29688
74.73512
87.17335
99.61159
113.83956
126.27780
12.43824
25.18045
37.61869
50.05692
62.49516
74.93339
88.25581
100.69405
111.46184
122.84697
12.43824
24.87647
37.31471
49.75295
62.18771
74.83473
81.11298
93.79503
106.23327
119.40584
12.43824
24.87647
37.31471
49.75295
62.19118
70.72580
83.16404
95.60228
108.04051
121.08380
12.43824
24.87647
37.31471
48.84942
61.28766
69.68085
82.11908
94.55732
106.99556
117.90465
12.43824
24.87647
37.31471
49.75295
62.89059
75.32882
87.76706
100.95402
113.39225
126.50555
12.43824
22.98299
35.42123
47.85946
60.29770
72.73594
85.17417
97.61241
105.58519
111.98937
12.43824
24.87647
37.31471
50.16686
62.60510
75.04334
87.56474
100.00298
112.64939
125.08763
12.43824
24.87647
37.31471
49.75295
62.91282
75.35106
87.78930
100.22753
113.41552
126.65570
12.43824
24.87647
36.02769
48.46593
55.16587
67.60410
80.04234
92.87471
105.31294
113.81329
12.43824
24.87647
37.31471
49.75295
62.19118
66.25907
72.66343
84.96900
97.40723
98.59112
12.43824
19.84205
33.11429
45.55253
57.99077
70.42900
83.57195
96.01019
108.44842
119.36708
12.43824
24.87647
37.31471
49.75295
62.19118
74.62942
87.06765
99.50589
112.68403
125.87991
12.43824
24.87647
38.04268
47.21850
59.65674
72.09497
84.53321
95.84424
108.85910
121.96078
12.43824
24.87647
37.31471
49.75295
54.00075
66.43898
79.51629
91.95453
102.70392
115.52800
12.43824
24.87647
37.69278
50.13101
62.56925
75.14748
88.33370
100.77194
113.21018
125.63298
12.43824
25.07674
37.51498
49.95321
63.05120
75.48943
87.92767
98.20161
99.56957
112.00780
12.43824
24.87647
37.31471
49.75295
60.96669
67.13270
79.57094
92.00917
104.44741
117.42290
12.43824
24.87647
37.31471
49.75295
62.19118
74.62942
82.44926
95.40513
107.84337
116.83398
12.43824
24.87647
37.31471
49.75295
62.19118
75.15557
87.59380
100.03204
102.18510
112.85518
12.43824
24.87647
37.31471
49.75295
62.76442
75.20266
78.37611
90.81435
102.41913
114.85736
12.43824
24.87647
37.31471
49.85233
62.29057
74.72880
87.96458
97.93983
110.37807
122.81631
12.43824
24.87647
37.31471
49.75295
62.19118
74.62942
85.97090
98.09990
110.53813
123.71526
12.43824
24.87647
37.31471
49.75295
62.19118
74.62942
87.64964
101.22009
113.65833
123.65911
12.43824
24.87647
32.24746
44.68569
57.73045
70.90951
83.34775
93.01562
105.95590
118.38236
12.43824
24.87647
37.31471
49.15132
61.58956
74.02779
85.90287
98.34110
111.47294
123.91118
12.43824
24.87647
37.31471
50.47294
62.91117
75.34941
87.15244
100.07432
112.51256
124.95079
12.43824
24.87647
37.31471
49.75295
62.52645
75.44440
88.44435
93.38099
103.18610
114.17908
