12.43824
25.49023
37.92847
47.68299
52.13844
61.51710
65.17971
71.05091
71.84456
84.30278
12.43824
24.96466
36.61700
43.00988
56.18320
68.76439
76.98755
89.77058
98.44477
110.82066
12.43824
25.56662
38.00486
50.64930
58.88905
63.59370
72.48168
81.28454
84.19184
85.39777
12.43824
24.87647
36.43142
39.97635
50.29161
60.78800
68.13578
68.90421
80.21781
88.75044
12.43824
24.74281
33.83221
42.49789
50.58237
51.85239
52.10360
65.46710
66.46174
66.79990
12.43824
24.87647
37.83341
43.91478
53.36701
61.95688
74.47565
83.86658
89.97729
92.61128
12.43824
24.87647
37.64039
51.33897
52.94428
56.31147
64.69523
75.59319
78.16339
83.69537
12.43824
25.20450
32.57141
44.25547
57.93928
61.05672
66.60122
73.87650
86.50495
96.79579
12.43824
25.59404
28.46589
40.13599
46.88020
59.96063
65.68303
74.67362
86.85064
90.45854
12.43824
22.40099
29.83193
39.20176
51.63999
63.93743
75.23693
85.13681
98.63411
108.97953
12.43824
24.87647
38.05733
49.26981
51.26181
61.27085
66.26435
75.62242
77.90581
83.70225
12.43824
25.25288
36.28770
46.81415
54.77331
63.42472
76.68339
79.59226
84.57042
97.04306
12.43824
24.95929
38.13087
49.07494
58.71230
66.96696
69.32604
74.47384
77.13039
82.77189
12.43824
24.90696
36.66365
48.55194
56.90237
67.24874
75.15303
83.18166
86.12229
94.55096
12.43824
20.72394
33.16217
46.56868
57.84353
69.90391
72.28698
78.84242
79.41410
86.37226
12.43824
24.87647
34.12673
41.96569
45.59175
56.41205
57.06164
65.05696
75.00747
75.84516
12.43824
25.58557
38.02380
48.84132
61.27956
74.25350
84.66422
96.13695
98.49319
109.01988
12.43824
24.87647
37.54842
50.04852
58.26691
65.05641
74.69759
77.83698
91.03899
101.96806
12.43824
24.87647
37.34580
50.43399
64.06294
73.36564
84.39435
93.48851
98.80626
105.29471
12.43824
19.07916
31.53866
43.97690
56.41514
65.87854
78.99750
82.11103
86.62822
95.94657
12.43824
25.62203
31.20169
44.59841
52.48115
65.64344
78.46196
84.16610
84.94216
88.46492
12.43824
25.47381
37.92825
45.58871
58.20617
68.57744
73.27625
78.19700
84.41044
87.30225
12.43824
24.87647
35.92418
45.89770
56.78183
69.73473
83.22936
91.35378
95.43559
99.70352
12.43824
24.87647
36.24802
49.18351
54.51285
66.36564
69.89141
79.23243
87.78656
98.63637
12.43824
25.54140
38.50485
51.42867
63.50761
74.64396
85.33733
87.96203
92.45776
104.65864
12.43824
24.87647
38.05627
45.48281
58.52277
71.69966
84.11916
94.13534
102.34053
106.84636
12.43824
24.53142
37.60391
50.77495
63.21318
75.65142
85.07978
89.65047
102.10174
106.30697
12.43824
25.61523
36.10492
48.97482
54.91104
65.84400
70.91790
73.22498
85.23821
97.87440
12.43824
24.87647
36.12530
46.95969
55.75610
56.50479
63.93771
77.29286
87.18485
87.59778
12.43824
25.50911
38.68000
40.88434
45.81857
58.32278
71.02177
82.97060
87.91469
97.33137
12.43824
24.87647
37.55501
50.46230
61.51859
73.61980
83.51833
85.59358
88.87915
97.69822
12.43824
22.77455
33.64109
46.52887
56.53760
65.72884
75.52795
87.96619
96.86204
99.52171
12.43824
24.87647
38.40435
45.77236
58.74089
64.30220
76.87681
89.38752
90.32206
98.28505
12.43824
25.49121
34.80031
36.43290
45.81473
57.00724
65.27361
67.49602
72.86008
73.96129
12.43824
24.97791
35.73857
38.35637
40.99746
53.73825
58.28969
66.30271
66.86533
77.42962
12.43824
24.87647
37.86558
50.91773
61.30225
73.14479
80.45407
85.02205
92.60074
97.85715
12.43824
18.88132
26.38085
39.48130
45.03902
57.75879
69.97446
71.52531
72.71779
81.80665
12.43824
24.87647
37.90063
47.51454
56.08208
64.30023
77.38604
90.21766
94.35435
98.14685
12.43824
24.93188
37.54475
47.71148
60.81643
73.29433
75.67118
83.56292
92.65499
99.84198
12.43824
25.09901
37.91514
50.81663
64.23695
76.67899
77.49803
84.16737
85.60534
91.15411
12.43824
25.59836
38.12712
44.92193
51.52331
57.29828
65.13370
66.62546
67.10477
79.03120
12.43824
18.92006
31.35830
36.18983
46.30788
59.02427
64.13743
65.13508
71.92739
82.73769
12.43824
24.87647
37.94329
51.19254
63.66772
74.60860
86.48330
100.25237
101.88141
102.69023
12.43824
25.61593
38.61647
51.21236
59.00347
71.04752
74.69344
85.17128
86.88007
92.24281
12.43824
22.25183
34.80166
47.57718
50.17667
50.53822
59.77771
62.28972
64.42295
65.52401
12.43824
25.41736
37.03515
49.89080
62.98874
76.28584
83.93673
92.51657
101.73309
104.22767
12.43824
14.90354
20.81957
33.89201
36.62311
49.45064
62.60550
72.30270
75.73324
87.39405
12.43824
24.87647
37.63157
43.33560
55.79761
64.43513
70.58864
73.81777
84.53414
88.99099
12.43824
25.52131
38.49596
51.00415
61.58722
74.22033
78.35293
88.58244
89.54613
94.71514
12.43824
24.87647
38.16039
47.41682
60.29366
61.91475
71.75746
76.10946
83.02273
93.79596
12.43824
22.50676
28.15157
41.17441
51.29612
61.89778
74.80457
81.18400
84.39698
85.30884
12.43824
25.40999
38.59487
42.94090
55.56035
65.48500
77.22300
89.72554
92.89393
104.20817
12.43824
24.87647
33.92965
46.43492
53.09146
66.26840
70.34930
83.61624
83.78758
91.46415
12.43824
25.34266
37.78089
45.70329
54.81703
57.52123
60.77748
63.46423
71.35618
81.63133
12.43824
24.87647
36.13355
48.47977
60.91801
71.02999
79.86903
92.65405
100.90766
113.57758
12.43824
24.52154
36.95977
41.39071
49.64452
59.75035
68.05490
71.25223
72.90934
75.66811
12.43824
19.44716
30.03503
43.29252
54.93375
60.85688
73.99955
81.67554
93.74179
94.84231
12.43824
24.87647
38.03405
51.54053
63.78929
70.84924
83.87174
94.68736
104.40308
117.76493
12.43824
25.61631
33.94302
46.55408
47.27469
60.50086
66.46331
79.81001
80.99133
94.49728
12.43824
25.09676
33.36159
44.14777
56.18223
66.02831
75.27846
77.36345
78.14927
89.11105
12.43824
24.97967
38.20278
45.80466
54.82511
68.22287
80.55223
85.19917
86.24273
88.21511
12.43824
25.16537
38.35194
50.55887
62.27396
69.34811
76.09748
81.73496
84.24547
85.03317
12.43824
24.87647
38.55504
50.40704
56.04197
62.78405
63.94284
67.72549
79.47635
79.83191
12.43824
22.09476
34.79360
47.59114
51.53078
53.05760
60.91563
69.86220
70.61282
81.02145
12.43824
25.56046
38.67363
49.40279
58.69554
72.20841
77.72301
82.24428
90.70625
99.40121
12.43824
24.21997
37.20405
50.45086
57.89464
68.78459
76.60933
90.17948
93.17449
96.14333
12.43824
25.30886
38.42752
47.84663
60.92747
65.32778
74.54612
88.63556
99.33056
113.03449
12.43824
24.87647
37.31471
50.67738
60.82531
73.92691
87.11109
93.43199
94.90991
103.14832
12.43824
21.74279
34.18102
46.59676
59.50798
64.18298
67.78419
81.74289
92.20783
95.06132
12.43824
25.30834
34.51019
42.39252
55.40230
62.97533
74.29279
83.25240
96.68551
102.15125
12.43824
25.62494
38.06318
51.13813
65.06196
74.58716
88.03678
96.27212
107.25651
117.27093
12.43824
23.71907
26.38550
37.24369
50.41540
61.51263
70.75754
74.67071
76.07388
82.72981
12.43824
25.57313
38.50094
45.96059
54.42447
66.15323
78.56788
83.84990
88.30839
95.79701
12.43824
16.16498
25.78385
33.28974
45.89597
59.05962
66.42321
74.65078
75.02089
88.08037
12.43824
24.87647
37.31471
47.33247
55.50335
65.06765
65.21911
76.70219
89.88163
99.90686
12.43824
24.98712
36.19074
48.27131
61.60918
70.40235
83.23403
92.80478
104.49622
106.43209
12.43824
25.44452
38.76586
51.89921
65.18348
66.91490
73.65668
81.04239
90.67120
95.12475
12.43824
24.87647
36.60101
49.78945
62.00698
73.11536
83.48695
92.32048
102.52915
106.98660
12.43824
20.80548
33.84327
43.29934
50.43595
56.96841
66.40362
78.79274
80.22572
83.55563
12.43824
25.62222
31.97135
39.75064
45.90190
51.43522
64.85028
75.92637
76.84400
77.40225
12.43824
25.44358
38.39207
46.12741
51.39081
64.57781
78.60527
85.61064
90.16723
93.45839
12.43824
25.27301
31.21176
41.71231
43.82798
56.26622
69.05722
69.78175
71.74062
82.75557
12.43824
24.87647
36.73826
47.82642
58.49998
62.13699
69.61367
77.36254
84.83685
85.00820
12.43824
13.82422
23.21924
35.50367
48.55995
56.26546
62.09594
73.38841
84.69331
87.21520
12.43824
25.54033
35.70797
46.24571
56.04774
66.42956
71.92989
81.11238
85.12806
95.19401
12.43824
25.05216
38.00169
43.60178
56.32890
68.76714
80.83371
94.07183
95.03620
98.29512
12.43824
25.52268
37.23276
44.45650
49.08971
61.93239
71.14938
81.65629
86.74659
88.37197
12.43824
24.34313
29.29777
42.65421
54.57811
57.55533
70.02028
82.89709
95.50398
98.24472
12.43824
20.16375
33.28978
46.04807
51.96059
63.99596
74.31107
74.52695
76.19304
84.40200
12.43824
24.87647
37.25765
50.53748
61.55697
72.52822
83.56349
96.87182
110.26800
113.03554
12.43824
25.62413
38.06237
50.86566
63.57302
76.02149
86.11758
92.52745
106.09603
106.98550
12.43824
25.57786
37.36723
50.47693
56.05787
61.30621
72.51962
82.10290
83.83906
91.14336
12.43824
24.87647
37.54218
45.96498
56.65420
69.85676
82.47905
90.78396
95.24020
98.90571
12.43824
22.96967
36.24001
44.92016
57.54739
69.98562
72.42985
73.85569
86.47944
93.39515
12.43824
24.87647
37.81263
47.08965
57.13063
66.69080
68.29983
72.30289
86.07691
93.55057
12.43824
21.83061
24.67087
37.60687
46.63001
53.39711
58.02584
66.69069
78.27678
84.47157
12.43824
24.87647
35.06955
46.50662
51.72655
64.08276
77.66310
90.66147
100.57065
108.29302
12.43824
25.52350
38.73146
46.35494
52.57410
64.75037
71.90886
79.87809
85.69829
90.61893
12.43824
21.00889
34.14818
40.90923
51.20069
64.37505
69.05653
71.83057
78.48588
89.75089
12.43824
24.87647
30.00741
41.72046
49.80220
61.79989
64.88354
67.68799
79.77913
92.58270
