12.43824
24.87647
37.31471
49.75295
61.79779
74.23602
86.67426
93.93917
106.37741
118.81565
12.43824
24.87647
37.31471
49.77508
62.21331
74.65155
87.08978
99.52802
111.35660
124.27171
12.43824
24.87647
37.31471
49.75295
62.77925
75.83893
88.27716
100.71540
113.15363
126.24568
12.43824
24.87647
37.31471
48.02596
60.63745
73.07568
86.15586
98.09117
110.97535
123.41359
12.43824
24.87647
37.31471
49.75295
62.19118
74.62942
83.37375
94.93721
107.55124
119.98947
12.43824
24.87647
37.31471
50.47101
63.46079
75.89902
88.33726
100.77549
113.21373
123.20149
12.43824
24.87647
37.31471
49.75295
61.97604
75.11748
87.55571
100.56426
107.41997
116.01917
12.43824
24.87647
37.33026
49.76850
62.20674
74.64497
87.79092
100.22916
108.86767
121.30591
12.43824
24.87647
38.06346
50.50170
63.17332
75.61156
88.04980
100.93630
113.37453
125.81277
12.43824
25.11369
37.96581
43.23549
55.67372
68.11196
80.55020
92.98843
105.42667
117.86490
12.43824
24.87647
37.31471
49.75295
62.19118
74.62942
87.06765
99.50589
111.94413
124.16822
12.43824
24.87647
37.59930
50.03753
62.47577
74.91401
87.35224
89.04972
101.48795
113.92619
12.43824
24.87647
37.31471
49.75295
62.19118
74.62942
87.06765
99.63947
110.49975
122.93798
12.43824
24.87647
32.38289
44.45793
56.89617
69.33440
81.77264
94.21087
106.64911
119.08735
12.43824
25.58607
38.02431
50.46255
62.90078
74.58101
78.21364
90.65188
103.72678
116.16502
12.43824
24.87647
38.03516
50.47339
62.91163
75.34987
88.62618
91.47267
103.91090
116.99292
12.43824
24.87647
37.31471
49.75295
62.19118
74.62942
87.06765
99.50589
111.23087
124.08752
12.43824
24.87647
37.40702
50.58814
63.52639
75.96463
88.40286
100.84110
113.27934
122.90013
12.43824
24.87647
37.31471
49.75295
62.19118
74.94348
88.11417
100.55241
112.99064
125.42888
12.43824
24.87647
37.31471
49.75295
62.19118
74.62942
87.06765
99.50589
111.94413
124.38236
12.43824
24.87647
37.31471
49.75295
62.19118
74.62942
84.69144
97.12967
110.12782
121.84540
12.43824
24.87647
34.80329
42.72280
55.16104
65.31758
77.75582
90.19405
102.63229
115.68077
12.43824
24.87647
37.31471
50.04039
62.47863
74.91686
87.35510
94.18656
106.95974
120.14593
12.43824
24.87647
37.31471
49.75295
62.28336
74.72160
87.47170
99.90994
112.34817
124.78641
12.43824
24.87647
37.31471
49.75295
62.19118
75.14172
87.57996
100.32155
105.59068
118.02891
12.43824
24.87647
37.31471
49.75295
62.19118
74.62942
83.37249
95.81073
108.24896
120.32617
12.43824
24.87647
37.31471
49.75295
62.19118
74.62942
85.13948
89.90790
102.34613
114.78437
12.43824
24.87647
37.31471
49.75295
62.93975
75.37799
88.53845
99.82505
112.26329
120.15186
12.43824
24.87647
37.31471
50.12919
62.56743
64.93898
78.05593
90.49416
101.50340
109.63314
12.43824
24.87647
37.31471
50.11015
62.70405
75.14228
87.58052
100.98533
113.42356
124.74757
12.43824
24.87647
37.31471
49.90825
62.34649
74.78472
87.22296
99.66120
112.09943
120.82731
12.43824
24.87647
37.31471
49.75295
62.19118
74.62942
87.06765
99.50589
111.94413
125.05244
12.43824
24.87647
37.31471
49.75295
62.19118
74.62942
87.06765
100.36516
113.44212
125.88036
12.43824
24.87647
38.05387
49.54452
61.98275
74.42099
86.27084
99.44283
108.26774
117.08541
12.43824
24.87647
37.31471
50.50065
63.51208
75.95032
81.42571
93.86394
107.51601
115.00517
12.43824
24.87647
37.31471
49.75295
62.19118
75.34316
87.78140
100.90115
112.83666
121.38887
12.43824
24.87647
37.31471
49.75295
62.47195
75.58216
88.02039
100.45863
109.55672
121.99496
12.43824
24.87647
37.31471
50.38852
62.82676
76.00499
88.44323
93.19526
106.27265
118.71089
12.43824
24.87647
37.31471
49.75295
62.19118
74.62942
84.19143
91.62221
104.80902
117.24726
12.43824
24.87647
37.31471
49.75295
62.66067
75.10298
86.64833
99.08657
111.52481
123.96304
12.43824
24.87647
37.31471
49.75295
62.40866
75.58631
88.02455
101.11934
114.25514
126.69338
12.43824
22.91757
35.35581
48.48734
60.92558
73.36381
80.67078
83.29343
96.10749
108.80446
12.43824
24.87647
37.44235
49.88059
62.31882
75.46269
87.90093
100.33916
103.88017
117.13310
12.43824
24.87647
37.31471
50.06432
62.66631
75.10455
87.85612
100.29436
111.71354
116.91068
12.43824
24.87647
37.31471
49.75295
62.19118
74.62942
87.63141
98.78300
106.79707
112.07974
12.43824
24.87647
37.51627
50.63269
63.07093
75.50917
88.13846
100.57670
113.01493
125.93946
12.43824
25.54104
34.82822
47.26646
58.79558
71.23381
84.18010
96.61833
104.10019
116.53842
12.43824
24.87647
37.31471
46.26259
58.70082
71.13906
83.94799
91.77606
104.21429
116.60441
12.43824
24.87647
25.64644
38.08468
51.27085
63.70909
73.66982
86.63841
92.89008
99.27692
12.43824
24.87647
37.31471
49.75295
62.19118
75.15656
87.59479
100.03303
113.15479
125.59303
12.43824
24.87647
37.37151
49.80975
62.68419
75.12242
87.56066
99.99890
112.43713
125.08337
12.43824
25.60288
38.04112
50.29988
62.94192
75.38016
87.81839
100.25663
113.16771
125.60594
12.43824
24.87647
37.31471
49.75295
62.06164
74.49987
86.93811
99.37635
111.81458
124.25282
12.43824
24.87647
37.31471
49.75295
62.19118
74.54337
84.57658
97.55955
109.99778
122.43602
12.43824
24.87647
37.31471
49.75295
62.19118
74.62942
84.74295
97.18119
109.55287
121.99110
12.43824
24.87647
37.31471
44.77328
57.75769
70.92927
84.08809
94.93530
98.05197
111.02594
12.43824
24.87647
37.31471
49.75295
62.19118
74.62942
87.06765
90.66689
103.10513
116.00851
12.43824
24.87647
37.31471
49.75295
62.19118
75.36522
87.80345
100.49885
112.93709
125.37533
12.43824
24.87647
37.31471
49.75295
62.88656
75.32479
88.04996
100.82031
103.92393
116.36217
12.43824
24.87647
37.33109
49.76932
62.20756
74.64580
87.08403
100.13053
110.78997
123.22821
12.43824
24.87647
37.31471
50.34293
62.78116
75.21940
87.65764
100.61451
108.30988
117.37783
12.43824
24.87647
37.31471
49.75295
62.19118
75.18760
87.62583
99.81152
112.35255
121.19962
12.43824
24.87647
37.31471
49.75295
62.19118
74.62942
87.06765
97.50300
109.94124
122.24762
12.43824
24.87647
37.31471
49.75295
59.68139
69.85732
82.03210
94.47033
106.90857
119.58963
12.43824
24.87647
37.31471
49.75295
62.19118
74.62942
87.06765
99.22696
111.66520
124.10343
12.43824
24.87647
37.31471
49.75295
62.43300
74.87123
87.84253
99.04853
109.48966
121.92790
12.43824
24.87647
37.31471
49.75295
62.19118
74.62942
87.06765
99.50589
112.55346
124.99169
12.43824
24.87647
37.31471
49.75295
62.19118
74.62942
87.06765
92.98480
105.67529
118.75041
12.43824
25.27873
37.71697
50.15521
62.59344
75.49628
88.07931
100.51754
112.95578
125.39401
12.43824
24.87647
37.31471
49.75295
61.97106
74.40930
86.84753
99.83901
112.27725
125.37412
12.43824
24.87647
38.01815
50.45638
62.89462
75.36660
87.80484
100.91408
113.35232
125.79055
12.43824
24.87647
34.91686
47.35510
59.79334
72.23157
84.66981
97.10805
109.54628
121.98452
12.43824
24.87647
37.31471
50.51001
62.94825
75.38649
88.54634
100.98457
113.80470
126.24294
12.43824
25.29062
37.72886
50.16709
62.60533
75.04357
88.29668
100.73492
107.68565
120.12388
12.43824
24.87647
37.31471
49.75295
61.01744
73.45568
86.79642
99.23466
111.67289
124.11113
12.43824
24.87647
37.31471
49.75295
62.19118
75.37446
87.81270
100.25093
112.68917
125.80618
12.43824
24.87647
37.31471
49.75295
62.19118
65.24846
77.68669
90.12493
102.56317
115.96115
12.43824
24.87647
37.31471
49.75295
58.11646
70.55470
82.99293
95.65489
108.09312
121.23515
12.43824
21.14641
33.58464
46.02288
58.46111
70.89935
83.74356
96.18180
104.47177
112.80767
12.43824
24.87647
37.31471
49.41519
61.85343
74.29167
86.72990
99.16814
110.25991
123.40771
12.43824
24.87647
37.31471
49.75295
62.77578
75.21402
87.65226
100.09049
112.64274
124.50270
12.43824
24.87647
35.35390
47.79213
54.59576
67.03400
79.70321
92.88356
105.32255
115.63660
12.43824
24.87647
37.31471
49.75295
62.19118
63.29709
74.58904
87.03926
99.47750
101.09960
12.43824
21.87184
31.88845
44.32669
56.76493
69.62561
82.69149
95.12972
107.56796
120.33010
12.43824
24.87647
37.91384
50.35207
62.79031
75.22855
87.66678
100.10502
112.54325
125.51111
12.43824
24.87647
37.31471
50.37875
62.81698
75.25522
87.69345
100.67002
113.66427
125.19503
12.43824
24.87647
37.31471
49.75295
62.22548
74.66371
87.48917
99.92740
112.97153
125.89310
12.43824
24.87647
37.65330
50.09154
62.52977
72.89504
85.88348
98.94552
111.38375
124.49602
12.43824
25.37029
37.80852
50.24676
62.68500
75.12323
87.56147
95.49027
108.61807
121.05630
12.43824
24.87647
37.31471
50.42697
62.24777
69.69861
82.13685
94.57508
107.01332
115.79288
12.43824
24.87647
37.31471
49.75295
62.19118
74.62942
83.53456
95.97279
108.41103
119.09675
12.43824
24.87647
37.31471
49.75295
62.19118
74.62942
87.06765
99.50589
112.56787
124.57700
12.43824
24.87647
37.31471
49.75295
62.83531
75.27355
87.88412
100.32236
106.08639
118.52481
12.43824
24.87647
37.31471
50.47593
62.91417
75.35241
87.88324
96.82169
109.99956
122.43779
12.43824
24.87647
37.31471
49.75295
62.19118
74.62942
87.62860
100.38023
112.81846
125.25670
12.43824
24.87647
37.31471
49.75295
62.19118
73.82577
86.99752
99.43576
111.87400
118.07844
12.43824
24.87647
37.31471
49.75295
62.87415
75.99629
88.43453
100.87277
113.49096
125.80346
12.43824
24.87647
37.31471
50.35404
62.79228
75.23051
88.25678
100.69501
113.72048
126.15872
12.43824
24.87647
37.31471
49.75295
62.19118
74.62942
87.68698
100.87027
113.30851
125.74674
12.43824
24.87647
37.31471
49.75295
62.91979
75.35803
87.79626
100.23450
105.25735
117.41107
