12.43824
24.87647
37.31711
50.44299
58.90886
70.46080
84.38134
97.55770
109.52050
123.26404
12.43824
24.87647
37.31471
48.32443
61.46251
73.90075
83.69248
93.92038
98.34600
106.74914
12.43824
24.87647
37.31471
50.13263
55.17745
63.58926
76.13736
88.38420
93.50977
102.46489
12.43824
24.87647
37.31471
44.63965
52.66532
65.10356
72.86992
78.13707
90.13387
101.91041
12.43824
23.56889
36.00712
48.44536
60.88360
73.22680
78.54863
85.35843
96.16264
106.07838
12.43824
24.87647
37.86826
42.76120
49.02516
59.44995
72.65686
85.39621
90.93614
93.20941
12.43824
24.87647
37.31471
49.75295
52.72130
63.59033
75.99924
86.65691
88.17560
99.27035
12.43824
24.87647
38.49587
50.93411
63.37235
75.21818
86.61889
99.05712
103.85791
114.72400
12.43824
24.87647
30.77281
43.21105
50.55215
63.57853
67.35823
76.28653
89.46637
96.02284
12.43824
18.38221
27.91773
32.44852
44.88676
56.51136
69.14175
80.45677
92.89500
97.84214
12.43824
24.87647
37.31471
50.08350
50.38456
62.69356
75.62650
88.79130
91.67579
100.03010
12.43824
24.87647
30.93525
43.37349
53.95757
64.29111
77.11606
88.18358
98.82767
106.83740
12.43824
24.87647
37.31471
49.75295
60.67010
73.90346
81.90387
94.31154
101.46878
113.68140
12.43824
24.87647
27.66749
30.31297
43.46888
55.90712
68.18671
80.92467
89.73397
103.44940
12.43824
20.88157
33.31981
45.75805
58.16267
65.57626
70.36864
82.04013
86.85925
98.77865
12.43824
24.87647
34.04764
46.43324
54.69590
66.70535
70.13807
72.09798
83.95223
85.10630
12.43824
24.87647
37.31471
48.89055
61.32879
74.60812
86.55962
100.09047
104.77797
115.36226
12.43824
24.87647
33.98828
39.67574
49.12013
62.23333
75.12032
86.12559
96.29050
103.52074
12.43824
24.87647
37.31471
49.75331
62.80803
68.72485
80.72546
91.76748
103.88892
112.09267
12.43824
20.77793
33.35698
45.79522
58.23346
68.31651
80.75475
85.21291
96.52912
106.66921
12.43824
24.87647
34.75871
47.19695
58.05419
71.21232
77.79302
91.30234
95.77047
108.32191
12.43824
25.62515
30.50001
35.67486
48.11309
56.57903
69.01726
80.95275
94.63841
98.23462
12.43824
24.87647
36.32056
43.35025
53.51659
65.95483
79.03135
89.02466
101.65193
107.11650
12.43824
24.87647
38.29369
51.46240
55.62672
64.97768
76.53423
89.10354
102.28707
114.72530
12.43824
25.03533
37.47356
49.91180
62.12756
70.94832
84.32752
93.39206
96.05025
108.86450
12.43824
24.87647
37.38881
40.28901
53.80346
66.62076
78.16924
91.15933
102.90009
106.83883
12.43824
24.63596
37.07419
49.20138
62.36816
75.30917
80.17411
86.91961
93.34906
106.17366
12.43824
24.87647
37.31471
49.75295
61.03013
74.76539
87.70065
90.02490
102.15009
112.27253
12.43824
24.87647
37.31471
48.49638
61.60633
62.20350
69.09258
81.53082
83.71322
93.45619
12.43824
25.49344
37.93168
44.93917
48.68328
61.12151
74.94734
79.56531
84.36452
91.21087
12.43824
24.87647
37.31471
50.41010
62.84834
76.11097
88.80946
91.93589
103.34953
111.85168
12.43824
24.99856
37.52937
49.96761
62.85692
70.91971
79.61644
92.05468
105.17252
113.73127
12.43824
24.87647
38.18502
50.62325
63.89802
76.92287
90.06829
93.63192
100.51001
109.80842
12.43824
24.87647
32.15299
37.36689
49.80513
62.91782
70.84864
81.06748
82.01845
84.41997
12.43824
25.10207
34.96769
42.21503
52.14428
64.58251
76.83605
89.02228
93.72174
96.28901
12.43824
24.87647
37.51476
50.43167
61.85904
70.24210
82.57152
86.15474
96.56402
98.99461
12.43824
20.81893
33.67918
46.11741
52.00651
56.78258
69.60329
77.27974
81.60622
91.83770
12.43824
24.87647
37.31471
44.37689
56.89050
68.74318
81.80324
91.72226
100.88949
114.15888
12.43824
24.87647
38.03314
50.02246
62.46070
74.26213
83.01303
85.67224
98.83456
109.70714
12.43824
25.28122
37.71946
50.15769
57.24334
68.78287
81.06983
92.51012
104.17623
114.75945
12.43824
24.87647
38.06351
51.23818
56.73942
65.74081
78.39821
88.37860
92.88990
104.35590
12.43824
23.16855
35.60678
40.82358
52.19637
64.63460
70.30663
71.75474
81.17896
89.51787
12.43824
24.87647
37.10066
50.23551
62.67375
70.21461
83.14217
96.97913
99.39147
103.00782
12.43824
24.87647
37.31471
50.47557
57.28585
71.05876
84.02018
97.20213
100.73447
105.18268
12.43824
24.87647
35.48824
47.92648
60.95447
68.12469
76.56540
87.62042
92.43304
100.83818
12.43824
24.87647
36.40471
45.00256
57.93470
70.43551
80.81055
93.83671
104.95775
115.90952
12.43824
15.79523
28.46555
41.35081
45.97773
58.41596
70.53058
83.29262
84.80086
97.63798
12.43824
24.87647
36.84715
40.51767
52.95590
66.08574
71.02344
78.28535
87.45826
91.67325
12.43824
24.87647
35.68272
48.86810
59.93872
72.99311
81.86114
86.32452
89.67982
96.00357
12.43824
24.87647
37.31471
48.52366
61.67162
74.05504
81.67888
92.39957
94.09518
105.31634
12.43824
24.87647
35.58660
48.30202
60.39806
71.08108
84.26432
92.83693
99.23285
103.86858
12.43824
24.38297
36.82121
44.92009
56.52961
69.63116
82.34875
94.91419
101.30978
115.14277
12.43824
24.87647
34.01489
46.45312
53.78725
66.22549
79.52817
92.68748
103.36746
112.70482
12.43824
25.59386
38.03209
45.57656
56.76742
60.72276
63.32864
66.97208
79.67012
92.22785
12.43824
24.87647
37.89894
50.90507
63.34331
74.24697
83.87270
96.88611
104.32248
113.94815
12.43824
24.87647
37.31471
42.18168
48.00121
60.95863
68.84421
73.43962
76.52586
86.58867
12.43824
24.72986
36.37597
48.81420
61.25244
74.80554
87.06544
99.68822
112.95487
117.43148
12.43824
24.87647
37.99171
49.77504
61.44847
67.45076
79.88899
89.66536
102.67077
115.61824
12.43824
25.62466
38.53728
51.37655
53.27651
66.26092
70.14093
74.84707
75.24626
87.68449
12.43824
24.87647
37.09191
46.28458
58.72282
71.38806
85.09987
88.20434
98.92276
110.34151
12.43824
24.87647
38.69736
49.13220
62.28152
74.95686
87.39510
94.85593
101.87409
114.48001
12.43824
24.63712
37.64080
49.69206
57.52939
66.23681
79.23395
82.39873
92.65855
93.38714
12.43824
24.87647
37.31471
50.39521
59.45705
73.31046
82.16922
92.87009
106.07223
107.38629
12.43824
25.62140
38.05964
50.87232
64.56183
67.20206
71.28657
83.96474
96.77418
110.22417
12.43824
24.87647
37.31471
50.39248
61.96386
74.89686
81.83324
84.18120
98.00871
111.10349
12.43824
24.87647
37.31471
50.50102
60.94107
73.37931
82.64894
91.78060
100.67737
103.19201
12.43824
25.62331
38.06154
45.22211
57.66035
69.33867
79.47899
92.74605
102.64924
116.48577
12.43824
24.87647
37.31471
50.01736
62.45418
74.79035
87.22858
94.32138
97.34981
107.40672
12.43824
21.48355
33.92179
43.52678
56.21016
65.67151
75.16344
88.27397
101.32125
107.49459
12.43824
24.87647
37.38844
50.54994
58.71147
69.59968
81.22918
91.41542
104.48871
112.31825
12.43824
24.87647
37.02080
49.93969
58.09432
67.97106
80.41843
86.23148
97.24735
107.04092
12.43824
25.08290
32.62595
45.06418
57.50242
68.96384
81.24018
91.41805
103.85259
116.44122
12.43824
24.87647
37.93834
42.36858
55.51375
67.95199
79.66841
89.66569
95.36131
107.19867
12.43824
20.08802
33.20903
45.76973
58.95407
71.64166
80.31738
91.00044
92.51807
100.19710
12.43824
24.87647
37.31471
50.03971
57.76130
68.66619
69.22092
81.92200
95.44284
98.47084
12.43824
24.87647
38.04044
50.47868
62.28823
68.65952
76.44522
89.58526
102.38700
110.16657
12.43824
25.10895
37.54719
46.51871
59.88177
62.67173
73.54068
84.22871
96.72142
99.75486
12.43824
24.87647
36.63651
49.68136
60.19770
72.85041
85.28864
97.04604
109.48428
119.85986
12.43824
14.43778
26.87602
39.74749
52.40965
65.59119
77.23518
90.52044
94.48610
102.25549
12.43824
24.87647
33.65532
41.45972
54.00370
62.44868
72.17003
84.23227
92.86846
98.93428
12.43824
24.87647
37.31471
49.08123
56.52203
69.69026
82.70348
95.79356
108.20005
115.06299
12.43824
24.87647
35.60178
48.68882
54.28127
66.71951
77.56399
84.89823
95.94096
97.29346
12.43824
24.87647
37.98910
50.77202
63.92896
71.52846
73.80658
80.42341
92.99225
97.99999
12.43824
18.01513
26.54159
38.97983
51.75372
59.91596
67.33285
80.50475
94.23257
104.70283
12.43824
24.87647
36.00638
48.53124
60.88739
74.59145
87.38533
98.62975
108.66654
115.65374
12.43824
25.31803
32.20631
37.84186
50.45408
62.89231
76.77731
86.32804
91.41327
95.24466
12.43824
24.87647
37.31471
50.40384
58.01139
70.44963
77.80460
91.01195
96.53094
105.58369
12.43824
24.87647
35.35423
47.79247
61.56687
64.64145
72.99991
86.17078
97.27441
102.18486
12.43824
20.87868
33.31692
45.96415
58.30348
70.95237
84.08676
87.94817
99.17446
113.09398
12.43824
24.87647
37.88377
50.06350
52.09107
59.26096
71.81423
82.88987
96.64095
103.33769
12.43824
24.87647
37.31471
49.90498
63.08342
75.52166
77.90078
90.60910
103.04734
106.21367
12.43824
24.87647
37.98936
48.90315
62.37198
70.60213
83.31937
95.94813
99.56950
104.90085
12.43824
24.87647
37.31471
49.28938
59.88343
72.32166
84.17968
95.03663
96.79322
109.87850
12.43824
21.90755
34.91781
45.11989
55.23320
67.67144
71.40749
72.93899
86.11853
99.87760
12.43824
24.87647
38.05510
49.63611
62.81886
75.99929
78.65098
84.29762
97.48374
110.72201
12.43824
25.49663
36.23512
48.67335
61.20576
71.60683
80.60268
84.18352
95.93396
98.39244
12.43824
24.87647
33.25916
45.69740
56.60377
64.84062
77.79094
90.16889
99.15537
105.18584
12.43824
24.87647
37.07520
47.36911
58.21041
70.64865
83.78663
95.12380
104.44972
117.49021
12.43824
25.05634
37.49457
43.78461
56.86886
69.30709
79.03115
87.43927
98.81232
111.33160
12.43824
24.87647
37.31471
49.75295
59.49801
66.37877
76.84560
87.78621
91.13904
95.96172
