12.43824
24.87647
37.31471
50.11050
62.54874
74.98698
88.16878
101.52690
114.75892
127.34069
12.43824
24.87647
37.31471
50.49834
63.32262
75.76085
88.21404
101.74817
111.92818
124.36642
12.43824
24.87647
37.31471
49.75295
61.47821
72.78661
85.56841
98.73037
105.95056
117.51022
12.43824
24.87647
37.31471
47.87110
58.37984
70.81808
84.30837
88.64066
101.56145
114.53297
12.43824
24.87647
37.31471
49.75295
62.19118
73.57924
86.73730
99.52767
111.96591
125.89663
12.43824
25.27797
33.44763
38.99971
51.78070
63.55997
75.99821
79.96068
93.45317
104.07904
12.43824
24.87647
37.31471
49.75295
62.25200
75.22544
88.04827
101.68660
105.81466
118.25289
12.43824
25.61247
39.10529
51.54353
62.86081
75.84647
88.94993
101.38816
114.51777
128.35249
12.43824
24.87647
27.41702
39.85525
52.97375
65.41199
74.80839
85.71205
98.62248
102.40351
12.43824
13.73403
25.72339
36.16994
48.60818
61.56010
75.35223
85.69275
98.13098
107.63998
12.43824
24.87647
37.99280
51.00687
56.47513
68.91337
81.56281
94.00105
97.35698
107.39563
12.43824
24.87647
33.46270
45.90093
58.00166
71.01626
83.45450
83.52860
96.39212
106.62122
12.43824
24.87647
37.31471
49.75295
62.83294
75.88171
86.32063
98.75887
109.30847
122.57131
12.43824
24.87647
30.87605
43.60493
56.04317
68.48141
79.46446
91.90270
100.04032
112.47855
12.43824
25.34528
37.78352
50.22176
63.03109
75.46933
83.02028
96.25557
108.69381
121.87544
12.43824
24.87647
37.88664
51.07347
64.61307
77.05131
88.78302
95.83128
108.26952
121.72433
12.43824
24.87647
37.31471
50.07530
62.51354
75.66150
88.96438
101.40262
113.90950
126.98857
12.43824
24.87647
37.09129
48.80882
61.64036
74.07860
87.25985
99.69808
113.35213
125.79036
12.43824
24.87647
37.31471
50.12662
63.29808
75.98916
87.86233
100.97244
114.75078
127.89939
12.43824
24.87647
37.31471
49.75295
62.85477
74.53614
86.97437
100.93655
112.03651
124.47475
12.43824
24.87647
36.73635
49.17459
62.10835
75.24973
85.28299
97.72123
111.69441
119.27521
12.43824
24.87647
37.71186
49.84631
62.28454
72.30189
84.74013
97.73220
110.17044
116.64272
12.43824
24.87647
37.31471
47.23365
59.68084
72.11907
84.55731
94.59903
108.32483
112.32000
12.43824
24.87647
37.82389
50.74427
62.17653
75.11656
85.90511
98.70657
104.19166
116.62990
12.43824
24.87647
37.31471
49.75295
62.66648
73.27776
85.53824
93.62361
103.76666
116.51219
12.43824
24.87647
37.31471
49.75295
62.19118
74.62942
85.24734
98.42089
110.57571
117.67836
12.43824
24.87647
37.31471
49.75295
62.19118
74.62942
77.99995
90.43818
103.93314
116.89339
12.43824
24.87647
37.31471
49.75295
59.87593
72.86853
85.31862
89.40188
102.78555
115.89661
12.43824
24.87647
37.31471
47.49831
59.93654
60.65738
70.19769
83.14479
96.30540
103.44755
12.43824
24.87647
37.31471
51.16350
64.23353
76.67177
89.11000
97.47264
101.31503
114.41584
12.43824
24.87647
37.31471
50.46091
62.89915
75.33738
87.77562
100.50015
112.15988
122.10243
12.43824
25.51337
37.95161
50.38984
62.82808
71.71635
84.15458
96.59282
109.43067
121.88627
12.43824
24.87647
37.31471
49.75295
62.92300
75.39789
87.83613
100.48108
113.70424
124.23558
12.43824
24.87647
37.16383
49.75365
62.19189
75.04233
85.90682
97.75149
110.82637
116.02296
12.43824
24.87647
36.51197
42.71268
55.62149
68.76413
79.71111
92.14934
101.23052
105.05172
12.43824
24.87647
37.74668
50.43687
62.97542
76.16243
87.52995
99.45764
106.71489
117.59518
12.43824
22.15254
34.59078
47.02901
60.04932
67.22735
79.89625
92.93408
99.70091
112.13915
12.43824
24.87647
37.31471
49.75295
62.19118
66.54693
78.98517
91.48571
103.00486
115.70596
12.43824
24.87647
37.31471
50.38393
62.82216
75.26040
87.69864
100.80489
113.24313
125.68137
12.43824
22.82731
35.26555
47.70379
60.14202
72.58026
85.42907
97.86730
111.14234
119.82730
12.43824
24.87647
37.31471
49.75295
55.49887
64.23165
76.66989
88.42582
89.29882
101.73705
12.43824
24.14459
36.58283
45.26913
57.70737
70.14560
83.33098
94.46908
107.03458
120.60216
12.43824
24.87647
37.93344
50.37167
62.80991
74.17657
86.61480
99.05304
103.33631
116.20288
12.43824
24.87647
37.31471
49.75295
62.91399
75.35223
87.50277
99.94101
112.37924
124.82805
12.43824
24.87647
36.65466
49.09290
62.54348
76.72793
79.55410
84.14902
96.58725
103.49098
12.43824
24.87647
36.08426
48.52249
61.70954
74.14778
87.01316
99.45139
111.49613
117.72432
12.43824
25.59347
32.60897
45.04720
49.39536
61.83360
74.27183
88.22715
100.81425
113.25249
12.43824
24.87647
37.31471
49.75295
62.60148
76.37556
87.25243
97.71678
109.17553
114.63985
12.43824
24.87647
36.66926
49.10749
61.54573
73.98397
86.46913
98.90737
107.07748
114.34786
12.43824
24.87647
37.31471
46.99774
60.14662
73.65559
84.99202
98.52668
107.84595
114.29748
12.43824
24.87647
35.30813
47.74637
60.18461
72.76977
85.94825
99.06877
112.31204
126.01065
12.43824
24.87647
37.31471
50.30857
63.11872
74.64958
87.08781
100.26857
112.70680
125.14504
12.43824
24.87647
38.00489
50.44313
63.30390
75.74214
88.86220
101.30044
114.43763
126.78191
12.43824
24.87647
37.31471
50.76792
63.88061
76.31884
85.74365
91.18229
103.76179
116.20003
12.43824
24.87647
37.31471
50.49426
62.93250
75.62169
84.60850
97.04673
109.82364
123.21858
12.43824
24.87647
37.31471
50.50098
56.57500
69.73183
80.11481
92.55304
105.66344
111.25006
12.43824
25.48395
37.92218
50.36042
62.79865
75.82828
88.26652
100.59305
114.26242
127.28681
12.43824
24.87647
37.34442
49.78265
62.51326
76.08948
88.52772
100.96595
113.40419
126.99028
12.43824
24.87647
37.38619
49.14369
60.68981
73.12804
85.56628
98.00451
111.60951
124.04775
12.43824
24.87647
36.93339
49.93796
62.37620
74.81443
87.25267
90.11324
103.31731
115.65841
12.43824
24.87647
37.31471
46.54580
59.46391
71.90214
83.71337
95.66136
99.62468
107.31584
12.43824
24.87647
37.31471
49.75295
61.04526
73.94207
86.38031
99.93642
112.04102
120.69420
12.43824
24.87647
37.31471
49.75295
62.19118
74.62942
87.06765
101.15331
114.61107
125.44076
12.43824
24.87647
37.31471
49.75295
62.19118
75.24491
87.97164
100.40987
113.28500
126.32700
12.43824
24.87647
37.31471
49.75295
62.93060
75.36883
88.31502
100.19095
112.87560
125.79646
12.43824
24.87647
37.31471
49.75295
62.93883
75.37707
88.37816
101.22377
109.63524
117.46135
12.43824
24.87647
37.31471
49.85209
62.29033
74.74463
87.18287
99.62111
112.91805
125.81769
12.43824
24.87647
37.31471
50.71340
63.88823
76.32646
88.76470
101.74013
106.65315
119.83960
12.43824
25.46517
37.90341
50.81272
63.25095
76.43800
78.12178
90.56002
102.99825
116.43422
12.43824
24.87647
37.31471
49.75295
62.73690
75.17514
88.33728
100.89399
113.33223
127.11890
12.43824
24.87647
37.74296
50.18119
59.77938
72.21765
84.65589
97.76825
110.90085
123.47552
12.43824
24.87647
37.78817
50.22641
62.86003
76.03761
88.88007
102.02455
115.95982
118.96494
12.43824
24.87647
37.34057
49.77881
62.95536
75.39359
88.06090
95.11830
108.09308
115.07319
12.43824
25.17732
37.61555
50.05379
62.49203
74.93026
87.68139
100.12120
113.39578
126.86220
12.43824
24.87647
37.31471
49.75295
60.70244
73.66051
85.51863
98.45499
111.64190
120.14532
12.43824
24.87647
37.31471
49.75295
62.19118
67.70895
79.90903
92.34727
104.78550
117.80690
12.43824
24.87647
37.31471
44.75336
57.58355
70.39038
82.74191
96.46086
107.23666
114.59848
12.43824
24.87647
37.31471
49.75295
62.19118
74.62942
87.06765
100.16238
113.96560
125.88104
12.43824
19.11698
31.55522
43.99346
56.43169
69.03469
81.73987
94.17811
100.50188
112.94012
12.43824
24.87647
38.04283
50.48107
62.91931
75.98662
88.41780
101.60349
108.66434
120.33232
12.43824
24.87647
37.31471
49.94871
62.38695
74.82518
87.68684
100.57374
114.22170
127.35432
12.43824
24.87647
37.99690
50.43514
62.09072
74.52896
87.38468
98.63995
111.81983
125.00265
12.43824
24.87647
37.65854
50.84507
63.80952
76.84962
83.30949
96.57705
109.01529
112.26306
12.43824
24.57864
28.61578
41.05401
53.49225
65.93049
78.98661
91.54413
104.37071
112.59992
12.43824
24.87647
37.79918
50.23742
62.67565
75.11389
87.63949
100.75101
112.58844
125.76761
12.43824
24.87647
35.04885
48.21456
60.65280
73.09103
85.52927
95.01438
108.76152
116.13906
12.43824
24.87647
37.31471
49.75295
62.19118
74.62942
87.62288
100.06111
109.42418
121.86242
12.43824
24.87647
37.50438
49.94261
62.38152
75.97079
88.53954
100.97777
114.10058
126.77035
12.43824
24.58656
37.02479
49.46303
61.90126
74.33950
86.77774
96.42460
109.42304
121.86128
12.43824
24.87647
37.31471
50.44854
63.63467
75.43651
87.87475
100.31299
112.75713
119.38523
12.43824
24.87647
37.31471
50.45327
63.54282
75.98105
89.15727
99.76921
112.81268
126.19734
12.43824
24.95135
37.38958
50.39092
59.77402
72.21226
84.65050
97.08873
99.34059
112.51541
12.43824
24.87647
37.31471
49.84046
61.14621
73.58444
76.89436
89.76944
93.88660
106.32484
12.43824
24.85473
37.36313
47.78818
60.22642
72.66466
85.73108
98.52199
110.96023
123.39846
12.43824
24.87647
37.31471
50.49594
62.93418
75.44740
88.40384
101.53409
113.97233
127.16302
12.43824
24.87647
35.84264
48.28088
60.71912
73.68066
86.11890
98.67218
107.95585
122.11241
12.43824
24.87647
38.05987
50.49811
63.92470
77.08230
85.04567
97.48390
109.92214
122.36037
12.43824
24.87647
37.27247
49.71071
62.85806
75.29630
87.73453
100.20193
113.96588
126.40411
12.43824
24.87647
37.31471
48.32155
60.75979
73.19803
86.35972
98.92166
112.57823
125.01646
12.43824
24.87647
37.31471
49.75295
62.59095
75.44960
87.88784
101.37983
114.94556
128.24143
