12.43824
24.87647
37.31471
49.65562
62.29684
73.00562
86.64270
88.74047
93.52317
103.25160
12.43824
24.87647
37.31471
49.39364
61.83188
74.27012
86.70835
100.68984
114.43356
121.09549
12.43824
24.87647
37.31471
50.45399
58.52179
61.92231
73.88601
82.67015
92.05805
105.42463
12.43824
21.18528
32.63902
33.35521
45.90799
58.61828
61.06360
71.61956
79.78692
82.33076
12.43824
25.05221
37.56366
49.44705
62.63112
75.58482
88.66898
91.73934
102.93617
106.49508
12.43824
25.52689
38.60992
50.20198
55.48909
66.70331
79.27914
92.41718
95.61305
99.89358
12.43824
24.87647
37.31471
49.75295
62.79410
67.85525
78.72523
85.72309
98.63177
109.31725
12.43824
24.88978
37.32802
49.76626
62.41105
74.31865
87.52030
101.13527
109.12833
120.07979
12.43824
25.52352
38.12042
51.69836
64.07559
76.51382
86.26451
91.79099
104.45155
109.79657
12.43824
25.62152
35.67080
41.10354
53.54177
66.71527
79.40910
90.37012
102.80836
108.39485
12.43824
24.87647
37.31471
50.43987
57.54348
69.98172
82.71102
95.97364
108.68828
116.59116
12.43824
25.46835
35.07465
48.23496
53.21258
61.26328
75.07290
80.58366
93.02190
105.46014
12.43824
25.62206
38.21605
48.12708
60.69704
70.42910
81.67145
88.39607
101.52223
113.70673
12.43824
24.87647
37.87738
43.58760
56.76220
69.20044
78.82584
90.39470
96.03822
108.01992
12.43824
23.39951
35.83775
49.66019
60.67719
66.64367
74.33117
86.80169
97.51466
110.66763
12.43824
24.87647
37.31471
50.89753
56.69946
69.22791
81.98728
91.55010
97.04732
101.22181
12.43824
24.87647
37.31471
45.89071
58.45862
72.33095
84.76919
97.20743
110.30912
113.00103
12.43824
24.87647
36.08552
48.52376
61.48901
74.05583
87.71457
101.33513
113.84161
119.54394
12.43824
24.87647
37.31471
49.75295
62.88617
68.28288
81.40380
91.79286
104.77854
112.17031
12.43824
25.08387
37.81274
50.25097
62.68921
72.43382
84.87205
98.00434
111.17807
124.16531
12.43824
24.87647
37.59480
50.03303
63.66208
76.84227
83.65571
96.09394
98.95416
112.56219
12.43824
25.62233
38.46029
51.64352
64.08176
67.25956
79.69780
87.18392
100.69049
108.21452
12.43824
24.87647
37.31471
44.12945
57.85410
69.43407
79.28118
92.12204
100.67789
113.12475
12.43824
24.87647
38.03666
50.47490
55.95264
59.71740
69.36617
82.49585
95.25669
103.51065
12.43824
18.01189
30.90241
43.35788
55.88170
58.92462
71.99595
80.95238
81.24402
90.91891
12.43824
24.87647
37.72440
40.20642
52.41538
65.35268
78.40252
84.11093
97.43877
109.90012
12.43824
24.74243
37.18067
50.30844
63.41427
77.15903
85.17582
97.08597
101.98758
113.54534
12.43824
24.87647
37.31471
49.75295
53.28533
66.45721
72.33426
85.90894
98.86525
107.11278
12.43824
24.87647
37.84240
48.34289
61.71738
66.00582
70.95843
84.09440
85.94209
97.79108
12.43824
25.09970
38.28314
49.25340
53.91875
66.91207
79.41986
90.79960
103.57967
113.22701
12.43824
24.87647
37.31471
49.52086
61.95910
74.76253
87.67358
100.11182
110.18453
119.32716
12.43824
16.58502
29.69744
41.63005
49.52163
61.95987
74.52382
87.08711
88.53659
94.40842
12.43824
25.22105
38.46147
50.89971
63.33795
74.20250
84.26543
96.76494
111.02438
113.14216
12.43824
24.87647
37.98056
47.34057
60.53478
72.97302
77.60268
91.05414
95.45502
105.96051
12.43824
24.87647
38.02971
51.92829
62.89427
75.90230
81.53679
94.68101
103.17464
113.92144
12.43824
24.87647
38.18425
50.96739
57.41395
69.88552
79.40587
83.24169
96.45309
101.85243
12.43824
25.16537
38.23423
51.17289
62.43357
72.02510
84.15525
85.58347
90.55930
98.11443
12.43824
24.87647
37.31471
44.69381
57.17852
70.53208
83.62492
92.53244
102.97182
114.43430
12.43824
24.87647
38.06108
46.57072
59.00895
69.02890
79.15349
81.77025
87.44988
98.99028
12.43824
25.47856
37.91680
50.35504
61.60170
74.78192
76.69605
89.88190
103.30630
116.07736
12.43824
24.87647
36.22415
49.84301
55.53627
60.28004
72.94640
83.61655
85.88699
90.83939
12.43824
21.18155
33.61978
41.10208
53.54032
66.47042
77.80312
87.90441
98.31414
107.00730
12.43824
24.87647
35.84555
44.54845
57.84823
63.64541
73.91269
86.35092
99.41181
106.77867
12.43824
24.87647
37.31471
50.35651
62.88452
76.49126
89.98982
99.69893
104.25023
108.39225
12.43824
24.60442
37.47402
44.09331
53.34415
66.98602
76.00655
88.44479
100.57822
112.95353
12.43824
24.87647
38.05031
50.78033
63.21857
76.37422
84.35141
97.91097
110.34920
117.11717
12.43824
17.77221
30.95753
43.39576
51.23080
63.66903
72.98183
80.80889
85.96825
98.40649
12.43824
24.87647
37.93143
47.72723
60.16546
72.60370
85.80549
92.79705
105.05852
114.93224
12.43824
24.87647
28.21229
40.65053
53.08876
65.52700
77.96524
85.84651
97.04476
110.80064
12.43824
24.87647
37.31471
50.39522
63.08261
76.76947
86.08351
99.76671
106.81139
119.24962
12.43824
24.87647
31.74008
44.17832
56.96782
64.89668
71.17671
83.96688
88.90486
93.62478
12.43824
19.18896
32.01753
36.81500
49.96454
60.45551
73.49998
86.72609
93.90351
106.98205
12.43824
24.87647
38.06348
43.79640
44.85128
57.28952
69.98286
70.51677
79.70907
84.47841
12.43824
17.30847
29.74671
42.18494
54.62318
61.88690
71.54287
77.77125
90.63177
95.91272
12.43824
25.50113
29.62391
42.09998
54.48008
66.48449
75.40098
88.65912
92.63231
95.86574
12.43824
24.87647
37.31471
48.89338
61.71293
73.77683
77.65803
82.36756
87.70879
95.89858
12.43824
23.04731
35.78628
48.22451
60.90785
73.72063
86.76286
90.25807
101.16297
113.38455
12.43824
24.87647
37.85614
50.89337
62.34758
73.68804
85.27703
94.36487
107.78860
121.19403
12.43824
24.87647
35.58322
48.02146
58.53827
70.97651
83.60141
96.58772
106.73988
119.84034
12.43824
24.87647
37.47217
49.95120
63.13743
76.82307
90.29502
93.30257
98.89612
101.97452
12.43824
24.87647
38.07721
49.58601
58.79348
72.27392
84.87782
90.64016
95.61156
100.40482
12.43824
25.51679
37.95503
50.99666
59.76138
69.64219
82.84489
91.29319
101.28499
106.16331
12.43824
24.87647
37.40913
50.16060
56.65766
70.52410
83.66637
85.76393
98.84583
102.39629
12.43824
20.40928
32.84751
45.94050
58.37874
67.71276
69.15638
81.59461
88.85225
93.62620
12.43824
24.87647
37.31471
50.05386
62.58215
75.02039
86.84574
91.93905
104.51130
117.68602
12.43824
24.87647
37.31471
50.03966
63.16561
75.60384
89.43448
97.33139
110.54302
115.44912
12.43824
24.99276
37.43100
46.11792
58.55616
66.93413
77.41250
91.14031
103.57855
113.20402
12.43824
24.87647
37.31471
50.34353
62.78177
74.97547
87.41371
90.93616
93.88028
104.53306
12.43824
23.65663
36.39506
42.49093
54.92917
66.77372
76.10587
89.08043
101.77112
111.96149
12.43824
24.87647
37.31471
50.43852
55.91700
68.62518
79.54759
81.32149
88.27880
96.92923
12.43824
25.28088
31.83188
36.34610
44.45863
54.65059
64.14781
69.18145
79.97452
85.50306
12.43824
25.40678
35.83330
48.63219
60.08659
72.81998
86.04331
98.37218
104.65321
117.79207
12.43824
24.87647
37.99123
50.88908
63.78225
76.96931
90.06369
103.56718
111.81471
119.08224
12.43824
23.66233
35.43843
47.29795
55.41406
68.59173
82.07402
93.56001
95.81639
99.44694
12.43824
24.87647
37.31471
50.22874
53.94465
67.23048
80.17837
84.68866
98.11766
107.00173
12.43824
25.15574
37.65352
50.80633
64.16440
67.87060
78.16882
86.70984
89.83364
94.73775
12.43824
25.47359
37.91183
44.45668
57.40157
58.54843
71.31836
80.06257
91.75035
102.28933
12.43824
24.87647
36.41279
49.48597
62.66154
75.27562
85.38097
88.76373
102.26075
109.90071
12.43824
24.15007
36.58830
49.24927
61.68751
74.86747
87.87843
100.36117
107.31033
116.70220
12.43824
24.87647
34.09580
42.52983
55.26872
66.00673
78.85961
91.29784
105.16495
115.93384
12.43824
24.77112
37.77711
49.56752
62.02924
74.72318
88.18133
100.61956
107.55859
120.84985
12.43824
25.13961
34.93037
47.54077
54.60238
67.04062
78.45634
83.92684
95.94643
97.80984
12.43824
24.87647
37.31471
48.03941
59.28716
72.26190
74.06783
82.90775
92.20755
100.70117
12.43824
18.01407
31.17616
43.61440
56.22382
65.91851
78.91212
91.91086
105.94796
112.25753
12.43824
24.87647
37.41169
49.93966
58.11129
71.72118
84.35968
91.93791
104.54901
110.59968
12.43824
25.27742
33.66413
42.77016
50.24952
62.68776
75.75516
80.51838
83.99145
93.05783
12.43824
24.87647
37.31471
50.96457
60.30790
72.74613
86.36092
98.88353
103.82798
115.83842
12.43824
24.87647
35.39640
47.83464
61.02031
64.31123
73.64693
82.80519
95.91877
110.89131
12.43824
22.56036
34.99859
47.43683
61.33316
74.45568
88.15997
91.08264
103.82787
116.22621
12.43824
24.87647
32.13113
44.56936
52.37205
65.31724
73.87552
86.97167
97.14626
110.15530
12.43824
25.57964
38.01788
45.40132
58.56371
72.25289
76.36057
88.79880
101.23704
105.66398
12.43824
24.87647
37.97788
51.07274
64.49983
71.43641
84.21562
95.40133
107.83956
111.47504
12.43824
24.87647
37.31471
50.43226
63.01185
73.51748
75.12553
85.84096
98.60976
110.59453
12.43824
23.59427
36.03251
48.24428
55.93135
68.36959
78.83623
79.46437
91.64622
102.34901
12.43824
24.87647
37.52661
50.64348
63.17086
76.23486
80.03881
92.79028
102.09578
115.87948
12.43824
24.87647
37.43113
50.44193
61.67518
75.17338
83.19056
90.66454
98.28133
98.51032
12.43824
24.87647
34.96690
47.40514
60.56975
72.45963
85.63348
89.92424
104.04285
114.44754
12.43824
24.87647
37.89393
44.41836
54.02244
66.46067
71.24191
83.12633
97.40355
110.58689
12.43824
24.87647
37.31471
44.50796
55.37145
68.59139
78.99786
86.69853
99.39983
111.83807
12.43824
24.87647
37.36764
51.51703
63.59663
70.25809
83.39285
94.96647
102.44864
108.78463
