12.43824
24.87647
37.31471
49.75295
62.19118
74.62942
87.06765
99.59426
105.99679
118.43502
12.43824
24.87647
37.31471
49.92204
62.36028
74.79851
87.23675
100.31638
112.75462
125.19303
12.43824
24.87647
37.31471
49.75295
62.24204
74.79582
87.23406
99.67230
108.66789
122.73266
12.43824
24.87647
37.31471
47.93145
60.36969
72.80792
85.99070
97.12963
109.68827
122.12651
12.43824
19.76540
32.20364
44.64188
57.08011
69.51835
77.64003
90.16036
102.01968
115.16641
12.43824
24.87647
37.31471
49.96340
63.08781
75.52605
87.96429
100.40252
111.73953
124.72720
12.43824
24.87647
37.31471
49.75295
62.93956
67.35176
79.78999
92.63802
96.65598
103.46564
12.43824
24.87647
37.33723
49.77546
62.21370
74.65194
87.09017
99.52841
113.15171
125.68345
12.43824
24.87647
37.07041
49.50864
60.74229
73.18052
85.61876
98.65437
111.09260
120.24642
12.43824
16.97867
30.18867
40.36010
52.79833
65.23657
77.67481
90.11304
102.55128
115.55699
12.43824
24.87647
37.31471
49.75295
51.00828
63.44651
76.56811
89.00634
98.85260
105.96852
12.43824
24.87647
37.31471
49.75295
62.19118
74.62942
87.06765
95.46041
107.89865
120.33689
12.43824
24.87647
37.31471
49.75295
62.19118
74.62942
87.06765
99.50589
108.22777
120.66601
12.43824
24.87647
37.60959
48.25281
60.69104
73.12928
85.56751
98.00575
108.79927
121.23750
12.43824
25.62379
38.06203
50.50027
62.93850
73.72186
77.76571
90.36130
104.01851
117.01201
12.43824
24.87647
37.61622
50.05446
57.37120
69.80943
82.81016
92.72013
105.15836
117.82588
12.43824
24.87647
37.31471
49.75295
62.19118
74.62942
87.06765
99.50589
104.91861
115.93102
12.43824
24.87647
34.24908
46.68732
59.28579
71.72402
84.49821
96.93644
109.96765
122.40589
12.43824
24.87647
37.31471
49.75295
62.19118
75.37559
88.44411
101.05600
114.18837
125.28283
12.43824
24.87647
37.31471
49.75295
62.19118
74.62942
87.06765
97.43213
110.35660
123.50645
12.43824
24.87647
37.86578
50.30401
63.13144
75.56968
82.09925
94.53749
104.13118
112.86619
12.43824
24.87647
37.31471
47.92978
60.36802
73.35566
85.79389
98.80968
111.24791
124.87827
12.43824
24.87647
37.31471
48.17101
61.10804
73.54627
85.98451
96.04296
109.17706
123.26420
12.43824
24.87647
37.31471
49.75295
60.89140
73.50287
85.94111
98.37934
110.81758
123.25582
12.43824
24.87647
37.31471
49.75295
62.29959
74.73783
87.17606
100.16373
101.41747
113.85571
12.43824
24.87647
37.31471
50.49239
62.93063
75.36886
88.55294
100.99117
113.69364
126.67890
12.43824
24.87647
37.31471
49.75295
62.19118
74.62942
83.01465
96.17892
109.65098
122.08922
12.43824
24.87647
37.31471
49.75295
62.19118
74.62942
88.27912
97.83873
110.27697
121.15469
12.43824
24.87647
37.31471
50.17924
62.61748
64.90194
78.05302
90.49126
104.74082
114.56553
12.43824
24.87647
37.31471
50.38652
58.68124
71.11948
83.55771
96.11593
102.78302
115.94953
12.43824
24.87647
37.31471
49.75295
62.19118
74.62942
87.06765
99.32270
112.16404
120.44764
12.43824
24.87647
37.31471
49.75295
62.19118
74.62942
84.75764
97.19588
110.14512
123.45185
12.43824
24.87647
37.31471
49.75295
62.19118
74.62942
87.06765
100.64809
112.79555
123.29647
12.43824
24.87647
34.22352
42.90224
55.34048
67.77871
78.42116
91.59265
94.91007
100.35039
12.43824
24.87647
38.00425
50.85947
63.92587
76.36410
89.13924
101.57747
114.26606
118.88161
12.43824
24.87647
37.31471
50.30133
63.30476
76.37927
87.58103
95.25984
108.50195
121.52663
12.43824
24.87925
37.31749
49.75572
62.17416
74.78671
87.22494
99.94103
108.95176
122.11163
12.43824
24.87647
37.31471
49.75295
62.30146
75.21324
87.65148
95.91743
106.32990
118.95973
12.43824
24.87647
37.31471
50.47820
62.91644
75.35467
81.70671
88.75448
101.19271
114.03871
12.43824
24.87647
37.31471
49.75295
62.93953
75.37777
77.64727
90.08551
102.52374
114.96198
12.43824
24.87647
37.31471
49.75295
62.93731
73.59631
86.03455
98.47279
106.49773
118.93597
12.43824
25.40682
37.84505
50.83415
63.43002
75.86826
82.21600
95.45389
105.83816
118.47594
12.43824
24.87647
37.39319
49.83143
62.26966
75.06352
87.50175
99.93999
113.12265
121.79674
12.43824
24.87647
37.31471
49.75295
62.53726
74.97549
88.00485
100.44308
106.35739
118.62648
12.43824
24.87647
37.96872
50.40696
62.84520
75.28343
89.05711
101.49534
109.55097
114.98007
12.43824
24.87647
37.31471
50.36214
62.80038
75.23861
87.79732
100.23556
112.67379
112.93206
12.43824
24.87647
37.58492
50.02315
62.24059
74.67883
87.21033
99.64857
103.62243
116.06067
12.43824
24.87647
37.31471
48.89392
61.33216
73.77040
82.16163
95.34371
106.51204
118.82667
12.43824
24.87647
37.98911
50.42735
60.63163
73.06986
76.50118
83.98187
96.42011
102.66379
12.43824
24.87647
37.31471
50.47062
61.55986
74.66121
87.21512
99.65335
109.63774
122.07598
12.43824
24.87647
38.04390
50.48214
62.92037
76.09321
88.53144
101.19335
114.81555
128.18864
12.43824
24.40972
36.84796
48.60783
61.68789
74.12613
86.56436
99.00260
111.47082
123.90905
12.43824
24.87647
37.31471
49.75295
62.82755
75.26579
87.70403
100.14226
108.04368
120.48192
12.43824
24.87647
37.31471
50.00820
62.44643
69.92315
79.25013
83.24881
95.68705
108.12528
12.43824
24.87647
37.31471
49.75295
62.19118
74.62942
87.53924
99.97748
112.68466
125.12621
12.43824
24.87647
37.31471
50.50045
60.63630
73.07454
85.14796
98.30247
111.43371
122.63099
12.43824
24.87647
37.31471
49.75295
62.19118
74.62942
87.06765
99.49458
112.65973
125.46027
12.43824
24.87647
37.31471
49.75295
62.37724
75.42101
87.85925
100.29748
112.73572
125.17396
12.43824
24.87647
35.11781
47.55605
51.75931
64.19755
73.23452
86.29661
96.91285
109.35109
12.43824
24.87647
38.03029
50.66758
63.10582
76.26326
88.70149
102.18911
103.18033
115.65429
12.43824
24.87647
37.31471
50.18480
62.62304
75.06128
87.49951
100.41714
109.67869
115.54899
12.43824
24.87647
37.31471
49.75295
62.21008
75.17192
87.61016
98.45719
110.22264
117.95945
12.43824
24.87647
37.31471
49.75295
62.26658
74.70482
85.52157
98.69935
111.13759
115.31186
12.43824
24.87647
37.31471
49.75295
58.39439
70.67190
83.67832
96.11656
102.57519
115.63165
12.43824
24.87647
37.31471
50.04967
62.78527
75.22351
87.88244
101.03919
113.47743
125.91567
12.43824
24.87647
37.31471
49.75295
62.85770
75.29594
87.73417
99.83106
113.72981
121.80126
12.43824
24.87647
37.31471
49.80238
62.24061
74.67885
87.52812
99.96636
112.40460
124.84283
12.43824
24.87647
37.31471
49.75295
62.19118
75.14190
87.58014
100.01837
110.62162
123.80668
12.43824
25.11023
37.54847
50.00772
62.44596
74.83316
83.85587
96.29411
108.73235
121.96974
12.43824
24.87647
37.31471
49.75295
62.58058
75.01881
87.45705
100.74590
113.18414
127.01991
12.43824
24.87647
37.49544
49.93368
61.67206
73.18937
85.62761
98.75426
111.93140
124.43181
12.43824
24.87647
37.49466
49.93290
62.37113
75.33481
88.05706
100.71943
113.15766
125.59590
12.43824
24.87647
37.31471
45.05247
57.49070
69.92894
82.36717
95.55422
105.34928
117.86496
12.43824
24.87647
37.31471
49.75295
62.19118
74.62942
87.67434
100.11258
111.97150
122.86927
12.43824
24.87647
37.31471
49.75295
62.97822
75.41646
86.15057
99.01636
111.45459
123.57662
12.43824
24.87647
37.33507
49.77330
62.21154
71.10917
82.91722
95.35546
107.79369
120.23193
12.43824
24.87647
37.31471
49.75295
62.19118
75.23245
88.39988
101.64430
114.60861
124.83739
12.43824
24.87647
37.76354
50.20178
62.68919
75.12743
87.56567
100.75174
113.18998
125.78842
12.43824
24.87647
37.31471
49.75295
62.19118
74.62942
87.66325
100.10148
112.79032
125.13047
12.43824
24.87647
37.31471
48.70407
61.14231
73.58054
86.76285
99.20108
112.37732
125.54148
12.43824
24.87647
37.31471
50.10719
62.54543
74.98367
87.42190
100.00120
112.70865
124.79851
12.43824
24.87647
37.80977
50.24800
56.41947
68.85771
81.45908
95.14078
107.57902
117.50230
12.43824
24.87647
37.31471
49.75295
62.19118
70.42268
78.18957
87.86807
100.30630
101.10474
12.43824
24.59092
37.54039
49.97862
62.41686
75.28071
88.46524
100.90347
113.34171
123.54115
12.43824
24.87647
37.82830
50.26654
62.38205
74.82029
87.25852
99.69676
112.28445
125.10842
12.43824
24.87647
37.53835
49.97156
62.40980
74.84803
87.28627
99.79363
112.68028
126.33589
12.43824
24.87647
37.31471
50.23231
63.40921
75.84744
88.59919
101.03743
114.04853
127.21306
12.43824
24.87647
38.05675
50.49499
62.93323
75.79472
88.97721
101.41545
113.85369
123.12625
12.43824
24.87647
37.31471
49.75295
62.20171
74.63995
87.07818
100.19730
111.06628
123.50452
12.43824
24.87647
37.31471
49.75295
61.38164
72.77779
85.21602
97.65426
110.09249
123.27198
12.43824
24.87647
37.31471
49.75295
62.38999
74.82823
79.32453
92.06620
104.50444
116.94268
12.43824
24.87647
37.31471
50.27338
62.71162
76.64463
89.08287
101.52110
114.16916
122.96793
12.43824
24.87647
37.31471
49.75295
62.56660
75.00483
88.12343
100.56167
104.93144
117.36968
12.43824
24.87647
37.31471
48.53610
61.15034
73.58858
83.76311
86.39713
98.83537
111.27361
12.43824
24.87647
37.31471
49.75295
62.19118
74.62942
88.56033
101.70377
114.14201
126.97406
12.43824
24.87647
37.50573
49.94397
62.38221
75.08995
88.27324
100.71601
113.20167
126.37759
12.43824
24.87647
37.78074
50.21898
62.29690
74.79187
87.23011
100.37493
113.70326
120.90025
12.43824
24.87647
37.31471
49.75295
62.19118
74.62942
87.81578
100.25401
112.26734
124.70558
12.43824
24.87647
37.31471
49.99849
62.43673
74.87497
87.60815
100.20420
112.64244
125.08067
12.43824
24.87647
37.31471
49.75295
62.85851
74.29185
86.73009
99.91369
112.85992
119.42174
