12.43824
24.87647
37.31471
49.75295
62.72000
75.15824
87.59647
96.26304
109.25367
121.69191
12.43824
24.87647
37.31471
49.87803
62.31626
74.75450
87.86316
100.30140
113.40160
126.37899
12.43824
24.87647
37.31471
49.75295
59.40407
72.51410
84.95234
97.39058
109.89421
123.08745
12.43824
24.87647
37.31471
48.07049
61.21969
73.65793
86.64440
96.36672
108.80495
121.24319
12.43824
24.87647
37.31471
49.75295
62.19118
74.62942
84.46699
96.65512
109.66782
122.10606
12.43824
24.87647
37.31471
49.75295
62.93501
72.92885
85.36709
97.80532
110.83925
124.62403
12.43824
24.87647
37.31471
49.75295
57.42676
65.83527
78.27351
90.41325
103.73922
116.62428
12.43824
24.87647
37.31471
49.75295
62.19118
74.62942
87.62436
100.06259
113.23423
125.67246
12.43824
24.87647
37.71498
50.15322
63.49890
75.93713
87.21748
100.00969
112.44793
119.83827
12.43824
25.05508
37.49331
50.47750
62.91574
75.35397
87.79221
100.23044
112.66868
121.28401
12.43824
24.87647
37.31471
49.75295
61.85716
74.29540
87.37883
99.81707
112.93039
125.58340
12.43824
24.87647
37.83298
50.27122
62.70946
75.74341
88.18164
96.56902
109.00726
121.99601
12.43824
24.87647
37.31471
49.75295
62.19118
74.62942
87.78678
100.97351
113.76843
126.20666
12.43824
24.87647
31.49092
40.99532
53.43356
65.87180
78.31003
90.74827
103.15415
115.59239
12.43824
25.18200
37.62024
50.05848
62.49671
75.68300
88.61503
101.05326
110.45108
122.88932
12.43824
24.87647
35.22460
47.66284
60.11271
72.55095
86.31841
90.27025
102.70848
115.71398
12.43824
24.87647
37.31471
49.75295
62.19118
74.62942
87.06765
99.50589
112.55813
125.74454
12.43824
24.87647
37.60824
46.73641
59.83923
72.27746
84.71570
97.15394
109.89631
122.41005
12.43824
24.87647
37.31471
49.75295
62.19118
74.17739
86.61562
99.05386
112.16747
124.97219
12.43824
24.93422
37.37246
49.81070
62.24893
75.01960
87.45784
100.33322
113.43883
125.87707
12.43824
24.87647
37.31471
49.75295
62.19118
74.62942
86.26968
98.70792
109.86612
120.85603
12.43824
24.87647
34.24940
43.51496
55.95320
65.49132
77.92955
90.36779
102.80603
115.75632
12.43824
24.87647
37.31471
47.74378
60.18202
72.62026
85.05849
95.51598
107.95422
115.00708
12.43824
24.87647
37.31471
49.75295
62.89303
76.07730
88.73381
101.17205
113.61028
126.04852
12.43824
24.87647
37.31471
49.75295
62.19118
75.15167
87.58991
100.42957
113.60809
126.04633
12.43824
24.87647
37.31471
41.63242
54.07065
66.50889
79.62247
92.06071
104.49895
116.76057
12.43824
24.87647
37.31471
49.75295
62.19118
74.62942
86.05763
90.05641
102.49465
114.93288
12.43824
24.87647
37.31471
49.75295
52.25614
64.69438
78.04023
87.57636
100.01460
112.95500
12.43824
24.87647
37.31471
50.48633
62.92457
75.04864
88.23489
100.67313
110.52833
120.75257
12.43824
24.87647
37.31471
48.56359
61.65792
74.09615
86.53439
99.69301
106.78719
119.38884
12.43824
24.87647
37.31471
49.28126
61.71949
74.15773
86.59596
95.44131
107.88023
113.58036
12.43824
24.87647
37.31471
49.75295
62.19118
75.14075
87.98907
100.42730
112.86554
125.63958
12.43824
24.87647
37.31471
49.75295
62.19118
74.62942
87.06765
99.58373
112.62242
125.06066
12.43824
24.87647
33.92063
46.51782
58.95605
71.39429
84.42845
97.61541
110.59094
115.29633
12.43824
24.87647
37.61701
49.62685
62.07717
74.51541
86.67973
99.11796
112.16972
114.65690
12.43824
24.87647
37.31471
49.75295
62.19118
73.19085
85.62909
98.62436
111.06260
124.33766
12.43824
25.60814
38.04638
50.48461
59.66096
72.57478
85.01301
97.45125
101.32539
113.76363
12.43824
24.87647
37.31471
50.49574
62.93398
76.12023
88.55847
94.02067
107.17127
119.60950
12.43824
24.87647
37.31471
49.75295
62.19118
74.62942
87.61797
100.53223
112.97046
125.40870
12.43824
24.87647
37.31471
49.75295
62.91225
75.35049
88.33291
100.77115
113.20939
125.64762
12.43824
24.87647
37.31471
49.75295
62.93643
75.73814
88.17638
100.91379
106.76595
119.20418
12.43824
19.99868
32.43692
44.65319
57.09143
69.52967
76.86226
79.78682
92.78405
105.34957
12.43824
24.87647
37.31471
49.75295
62.19118
75.04724
87.48547
99.92371
103.51223
114.65576
12.43824
24.87647
37.31471
49.75295
62.19118
74.62942
80.88099
93.31922
103.38173
115.36673
12.43824
24.87647
37.33386
49.77209
62.21033
74.64857
76.52112
86.84608
94.70095
107.70258
12.43824
24.87647
37.31471
49.95477
62.39301
74.83124
77.85704
90.29528
102.73351
115.91087
12.43824
22.96598
32.70489
45.14313
56.12471
68.56295
81.00118
93.43942
94.73112
107.16936
12.43824
24.87647
37.31471
49.75295
62.19118
74.62942
82.63683
90.58923
103.02747
105.23469
12.43824
24.87647
30.60381
43.04205
55.92172
68.35996
70.99797
83.24939
94.22964
97.34375
12.43824
24.87647
37.31471
49.75295
60.73639
73.19390
86.02521
98.46344
106.20169
118.63993
12.43824
24.87647
38.06199
50.50023
62.93846
76.09544
88.53368
100.97191
114.60764
127.04588
12.43824
25.62190
38.06013
51.13669
63.57493
76.01316
88.45140
100.88964
113.32787
125.76611
12.43824
24.87647
37.83925
50.27749
63.45157
75.88981
88.32805
100.76628
113.10514
126.25242
12.43824
24.87647
37.31471
49.75295
62.19118
70.96911
84.04164
87.21363
99.65187
112.09011
12.43824
24.87647
37.31471
49.75295
62.19118
74.62942
85.24744
97.68568
108.80658
121.24481
12.43824
24.87647
37.31471
47.16217
53.25293
65.69117
76.67115
85.68448
94.96774
107.05245
12.43824
24.87647
37.31471
49.75295
62.19118
74.62942
87.06765
92.20506
104.64330
117.46744
12.43824
24.87647
37.31471
49.75295
62.19118
74.62942
87.06765
99.50589
111.94413
124.38236
12.43824
24.87647
36.91556
49.35379
60.42072
72.85896
84.70999
97.14823
105.96982
118.40806
12.43824
24.87647
37.76000
50.19824
62.63647
75.07471
87.51295
96.24359
105.62192
118.06016
12.43824
24.87647
37.31471
49.47663
61.91486
74.35310
86.79134
99.22957
109.05600
119.15866
12.43824
24.87647
37.31471
49.75295
62.63502
75.39610
87.83434
100.71597
112.37588
115.59473
12.43824
24.87647
37.31471
49.75295
62.92960
75.36784
87.80607
100.98355
113.42179
120.86695
12.43824
24.87647
37.31471
49.75295
57.48060
65.37273
79.21659
91.65483
101.62366
114.06190
12.43824
24.87647
37.31471
49.75295
62.19118
74.62942
84.70267
92.78335
105.73863
118.17687
12.43824
24.87647
37.31471
49.75295
62.62018
75.05842
87.49665
100.62794
112.47622
122.41736
12.43824
24.87647
37.31471
47.63522
60.07346
72.51169
84.94993
97.38817
110.08281
122.52104
12.43824
24.87647
37.31471
49.75295
62.19118
74.62942
87.06765
97.44150
109.44222
122.61936
12.43824
24.87647
37.31471
49.75295
62.19118
75.37088
80.23469
92.67292
105.11116
117.82589
12.43824
24.87647
37.31471
49.75295
62.93013
75.36836
87.80660
100.24484
112.68307
125.51412
12.43824
24.87647
37.71899
50.15722
63.29865
66.54844
78.98667
91.98972
104.42796
117.00932
12.43824
24.87647
33.27122
45.70945
58.14769
70.58593
83.02416
96.20194
108.64017
121.07841
12.43824
24.87647
37.31471
47.60957
60.04781
72.48604
84.92428
97.36252
109.69220
122.13044
12.43824
24.77043
37.20867
49.64690
62.08514
74.52337
88.12668
100.56492
104.50956
116.77228
12.43824
24.87647
37.31471
49.75295
62.54269
75.12207
88.47831
100.91655
113.35479
126.76802
12.43824
24.87647
37.31471
49.75295
62.19118
70.51925
82.95749
95.39572
107.83396
120.74662
12.43824
24.87647
37.31471
46.85785
59.29609
64.92434
77.36258
89.80081
102.23905
110.00262
12.43824
24.87647
37.31471
49.75295
62.21727
74.65551
87.09375
99.81059
112.24883
124.98518
12.43824
20.53033
32.96856
45.40680
57.84504
70.28327
82.72151
95.15974
102.81272
108.81486
12.43824
24.87647
37.74881
50.18705
62.62528
75.06352
88.12023
100.55847
111.47319
123.91143
12.43824
24.87647
37.31471
49.75295
62.82840
75.26663
87.70487
100.14311
112.58236
125.63773
12.43824
24.87647
37.58941
50.02765
61.23682
73.67505
86.11329
99.22351
111.66174
124.99204
12.43824
24.87647
37.31471
49.75295
62.19118
63.46435
70.00206
83.17197
95.61020
103.10815
12.43824
21.77407
34.21231
46.65054
59.08878
71.52701
83.98422
96.42245
108.86069
121.99250
12.43824
24.87647
37.41398
49.85222
62.29045
74.72869
87.16693
99.60516
112.62575
125.81199
12.43824
24.87647
37.67082
46.70973
59.14796
71.58620
84.02443
95.46528
108.47110
121.43481
12.43824
24.87647
37.31471
49.75295
61.33685
73.77509
85.47632
97.91456
110.79592
123.23416
12.43824
24.87647
37.31471
49.75295
62.19118
65.26493
77.70316
90.14140
102.57964
114.75658
12.43824
25.60758
38.04581
50.48405
62.92229
75.36052
87.79876
95.88197
97.25513
109.69337
12.43824
24.87647
37.31471
49.75295
57.31585
70.28542
82.72366
95.16189
107.60013
120.31286
12.43824
24.87647
37.31471
49.75295
62.19118
74.62942
85.56546
98.41465
110.85288
120.56748
12.43824
24.87647
37.31471
49.75295
62.19118
75.10333
87.54157
99.97980
112.41804
123.59507
12.43824
24.87647
37.31471
49.75295
62.53492
74.97316
84.02332
96.46155
104.82459
117.26283
12.43824
24.87647
37.31471
48.73647
61.17471
73.61294
83.63121
84.82999
97.26822
109.70646
12.43824
24.87647
37.31471
49.75295
62.19118
74.62942
78.59850
91.23692
103.67515
116.66277
12.43824
24.87647
37.31471
49.75295
62.19118
75.24280
87.89303
95.55737
107.99560
113.77571
12.43824
24.87647
37.18322
49.62146
62.14734
74.65645
87.09469
97.38073
110.51453
123.44129
12.43824
24.87647
37.31471
48.96117
61.39941
73.83764
87.02460
99.46284
112.28173
124.71997
12.43824
24.87647
37.31471
50.17379
62.61202
75.05026
87.52466
100.43033
112.86857
125.30680
12.43824
24.87647
37.31471
49.75295
62.84406
76.00877
88.44701
101.28191
108.53615
119.37577
