12.43824
24.87647
37.31471
49.75295
62.82713
75.26537
87.70360
92.20728
104.20535
116.64359
12.43824
24.87647
37.31471
50.26937
62.70760
75.14584
88.25471
100.69295
113.23264
125.81201
12.43824
24.87647
37.31471
49.75295
60.62951
73.47497
85.91321
98.35145
111.46467
124.00325
12.43824
24.87647
37.31471
50.49783
63.35376
75.79200
88.86323
100.70430
113.14254
125.58077
12.43824
22.47778
34.91602
47.35425
59.79249
72.23073
82.59132
93.16418
106.30917
118.94492
12.43824
24.87647
37.31471
49.84718
62.62795
75.01833
87.45657
99.89481
112.72322
126.31888
12.43824
24.87647
37.31471
49.75295
58.05230
63.87781
76.31605
88.39050
101.06421
108.72570
12.43824
24.87647
37.31471
49.75295
62.19118
74.62942
86.04683
98.48506
111.37776
124.06679
12.43824
24.87647
38.02509
50.46333
63.94992
76.38815
86.77559
99.30928
111.74752
117.81954
12.43824
22.36044
34.79867
46.49254
58.93078
71.36901
83.80725
96.24549
108.68372
121.81620
12.43824
24.87647
37.31471
49.75295
57.31577
69.75401
82.65322
95.09146
101.82427
108.54332
12.43824
24.87647
38.03758
50.47582
62.91405
75.69686
88.13509
93.30390
105.74213
118.65241
12.43824
24.87647
37.31471
49.75295
62.19118
74.62942
87.48682
100.26019
108.91637
121.89639
12.43824
24.87647
37.40175
50.04254
62.48077
74.91901
87.35725
99.79548
111.96978
124.40802
12.43824
25.06140
37.49964
49.93787
62.37611
75.55023
88.65303
101.09127
113.99615
126.43439
12.43824
24.87647
36.09806
48.53629
60.61423
73.05246
86.95942
91.19886
103.63709
109.63698
12.43824
24.87647
37.31471
49.75295
62.19118
74.62942
87.06765
99.50589
111.24463
124.48261
12.43824
24.87647
37.31471
45.80704
58.96936
71.40760
83.84583
96.28407
109.31055
122.48495
12.43824
24.87647
37.31471
49.75295
62.19118
75.07451
87.51274
99.95098
113.13505
125.92967
12.43824
24.87647
37.31471
49.75295
62.19118
75.11489
87.55313
100.73209
113.69703
126.13526
12.43824
24.87647
37.63809
50.07633
62.51456
74.95280
76.87186
89.31010
98.78089
111.86944
12.43824
24.87647
34.32251
43.63684
56.07508
69.02489
81.46313
93.90137
106.33960
118.23084
12.43824
24.87647
37.31471
49.19179
61.63003
74.06826
86.50650
95.98843
108.42666
120.86490
12.43824
24.87647
37.31471
49.75295
59.58804
72.10038
85.04274
97.48098
109.91921
122.35745
12.43824
24.87647
37.31471
49.75295
62.19118
75.29883
87.73707
100.19411
112.15269
124.59093
12.43824
24.87647
37.31471
50.13187
62.57010
75.00834
87.84888
100.28711
112.72535
123.98888
12.43824
24.87647
37.31471
49.75295
62.19118
74.62942
87.78715
94.52423
106.96246
119.40070
12.43824
24.87647
37.31471
49.75295
60.88880
73.32703
87.21972
100.60672
113.04496
120.10863
12.43824
24.87647
37.31471
49.94599
62.38423
69.01886
81.74950
94.18773
104.19214
117.26729
12.43824
24.87647
37.31471
46.38969
59.07037
71.50861
83.94685
96.79465
108.48467
121.74153
12.43824
24.87647
37.31471
50.15165
62.58989
75.02813
87.46636
100.40418
112.97200
121.24359
12.43824
24.87647
37.31471
49.75295
62.19118
72.94445
85.73978
98.17801
110.61625
124.04406
12.43824
24.87647
37.31471
49.75295
62.19118
74.62942
87.06765
100.12123
112.59730
125.67905
12.43824
24.87647
37.77830
50.67756
63.11579
75.55403
88.47522
101.55496
107.92392
113.38986
12.43824
24.87647
37.64073
48.80562
61.24385
73.68209
77.82949
90.31126
102.74950
104.15213
12.43824
24.87647
37.31471
49.75295
62.19118
70.19676
83.24190
96.37098
109.54994
116.24227
12.43824
25.62387
38.06211
50.50034
60.25414
72.69237
85.13061
97.56885
110.76104
123.79666
12.43824
24.87647
37.31471
49.18035
61.61858
74.05682
86.49506
98.23955
111.20923
123.64747
12.43824
24.87647
37.31471
49.75295
62.19118
74.62942
87.76771
95.54468
106.42571
118.86395
12.43824
24.87647
37.31471
49.75295
62.19118
74.62942
85.49109
97.92932
110.36756
122.80579
12.43824
24.87647
37.31471
49.75295
62.90505
75.97201
88.41025
101.45135
111.99093
124.42917
12.43824
24.10269
36.54093
48.63089
61.06913
73.50737
85.84036
92.49984
105.43224
117.97360
12.43824
24.87647
37.31471
49.75295
62.19118
74.97639
87.41462
99.85286
105.08300
117.52105
12.43824
24.87647
37.31471
49.75295
62.92282
75.36105
87.79929
100.23752
113.28509
121.56951
12.43824
24.87647
37.33244
49.77067
62.20891
75.39507
77.01043
87.32672
94.90288
102.76663
12.43824
24.87647
37.31471
50.44240
62.88063
75.31887
87.81713
100.25536
112.69360
113.56531
12.43824
25.07569
34.14948
46.58771
56.31411
68.75234
81.88443
94.32266
95.23001
107.66825
12.43824
24.87647
37.31471
50.36786
62.80610
75.24433
85.66512
99.37179
111.81003
115.36073
12.43824
24.87647
33.79430
46.23254
59.38584
71.82408
80.60679
88.28173
95.51829
108.54779
12.43824
24.87647
37.31471
49.75295
60.79821
73.53574
86.33406
98.77230
109.78509
122.22333
12.43824
24.87647
38.04798
50.48621
62.92445
75.99383
88.43207
101.36425
114.64115
127.52851
12.43824
25.41715
37.85539
50.51651
62.95475
75.39298
87.83122
100.26946
113.10370
125.54194
12.43824
24.87647
37.52519
49.96343
53.90430
66.34254
78.78077
91.21901
96.02080
109.20103
12.43824
24.87647
37.31471
49.75295
62.19118
70.47213
84.15121
87.55531
99.99355
112.43179
12.43824
24.87647
37.31471
49.75295
62.19118
74.62942
77.89063
90.32887
103.13884
115.57708
12.43824
24.87647
37.31471
49.77988
53.40522
65.84345
75.78045
88.00470
93.61304
103.73119
12.43824
24.87796
37.31620
49.75444
62.19267
74.63091
87.06915
96.78277
109.22101
122.33672
12.43824
24.87647
37.31471
49.75295
62.37617
75.07465
87.51289
99.95113
112.38936
124.82760
12.43824
24.87647
37.05969
49.49793
56.68253
69.12077
80.49906
92.93730
103.02347
115.46171
12.43824
24.87647
37.46244
49.90067
62.33891
74.77715
87.21538
97.34795
109.78618
122.22442
12.43824
24.87647
37.31471
50.24212
62.68036
75.11860
87.55683
100.45980
114.05380
126.28592
12.43824
24.87647
37.31471
49.75295
62.19118
74.62942
87.06765
100.04135
112.57251
121.41963
12.43824
24.87647
37.31471
49.75295
62.88277
75.32100
88.44791
101.63484
114.07308
119.61542
12.43824
24.87647
37.31471
49.75295
62.02281
70.38590
83.02095
95.45919
104.60914
117.64110
12.43824
24.87647
37.31471
49.75295
62.19118
74.62942
85.30796
97.93640
110.88659
123.32482
12.43824
24.87647
37.31471
49.75295
62.85831
75.29655
87.73479
100.62821
113.06644
120.88212
12.43824
24.87647
37.31471
50.11917
62.55740
74.99564
87.43387
99.87211
112.63455
125.07279
12.43824
24.87647
37.31471
49.75295
62.19118
74.62942
87.06765
96.30567
107.78863
120.93286
12.43824
24.87647
37.31471
49.75295
62.19118
75.03302
77.81843
90.25666
102.69490
116.61588
12.43824
24.87647
37.31471
49.75295
62.67664
75.11487
87.55311
99.99135
112.42958
125.87301
12.43824
24.87647
37.31471
49.75295
62.82316
75.98036
88.41860
100.88005
113.46465
125.90289
12.43824
24.87647
34.14153
46.57977
59.01801
72.00889
84.44713
97.31357
109.75181
122.19004
12.43824
24.87647
37.31471
50.36445
62.80268
75.24092
87.67916
100.11739
113.27704
125.71528
12.43824
24.94216
37.38039
49.81863
62.25687
74.69510
88.37312
100.81136
112.55843
123.56964
12.43824
24.87647
37.31471
49.75295
60.15971
72.60579
84.48690
97.40462
109.84286
122.08389
12.43824
24.87647
37.31471
49.75295
62.19118
74.68267
87.86205
100.30028
112.73852
125.88561
12.43824
24.87647
37.31471
46.57190
59.01014
68.05163
80.48986
92.92810
105.40250
114.94346
12.43824
24.87647
37.31471
49.75295
60.02756
72.46579
84.90403
97.94999
110.38823
123.02817
12.43824
19.55766
31.99589
44.43413
56.87237
69.31060
81.74884
94.18708
107.26881
114.24369
12.43824
24.87647
37.94118
50.52015
62.95838
75.65300
88.42694
100.86518
113.93680
127.21015
12.43824
24.87647
37.31471
49.75295
62.39884
74.83708
87.27532
99.71355
112.15179
125.25108
12.43824
24.87647
37.12550
49.56373
60.84255
73.28078
85.78438
98.22261
110.66085
122.40657
12.43824
24.87647
37.31471
49.75295
62.19118
75.06731
84.21282
97.08307
109.52130
117.81474
12.43824
25.58259
33.21132
45.64955
58.08779
70.55223
83.72024
96.15847
108.59671
120.65072
12.43824
24.87647
37.31471
49.75295
62.19118
74.62942
87.06765
99.50589
112.28896
124.97735
12.43824
24.87647
36.50949
46.67647
59.11471
71.55295
83.99118
97.17771
109.61837
122.51881
12.43824
24.87647
37.31471
49.75295
58.26411
70.70235
83.71738
96.15562
101.88475
114.85145
12.43824
24.87647
37.44945
49.88769
62.32593
67.10701
80.24374
92.68198
105.12021
116.44296
12.43824
25.61521
38.05345
50.49168
63.55780
75.99604
88.43428
97.24132
98.73519
111.17343
12.43824
24.87647
37.31471
49.75295
58.23880
62.28303
74.72126
87.15950
99.59774
112.52076
12.43824
24.87647
37.31471
49.75295
62.19118
74.62942
86.95651
99.39475
111.83299
125.29214
12.43824
24.87647
37.31471
50.21747
62.65570
75.52857
87.96681
100.40504
107.91910
121.64699
12.43824
24.87647
37.31471
49.75295
62.88838
75.32661
85.83870
98.27693
105.02578
117.46402
12.43824
24.87647
37.31471
50.41630
62.85454
75.29277
88.21628
97.12006
109.55830
121.99654
12.43824
24.87647
37.31471
49.75295
62.19118
74.62942
78.90004
91.79101
104.22925
116.81178
12.43824
24.87647
37.31471
49.75295
62.19118
75.20237
88.37715
100.22979
112.85806
126.70983
12.43824
24.87647
37.42379
49.86203
62.71378
75.86592
88.30415
100.33332
112.77156
125.67130
12.43824
24.87647
37.31471
47.61101
60.04924
72.48748
85.59357
98.03181
110.74784
123.18608
12.43824
24.87647
37.31471
50.45320
62.89143
75.32967
86.33839
99.49079
111.92903
124.36726
12.43824
24.87647
37.31471
49.75295
62.69834
75.88512
88.32336
92.73129
102.88784
113.20901
