12.43824
24.87647
37.31471
49.90615
59.05596
72.21096
84.64920
87.90172
93.76792
106.74607
12.43824
24.87647
37.31471
48.62485
61.80333
74.24157
84.69717
96.89937
105.44155
113.56560
12.43824
24.87647
37.31471
49.75295
58.58304
68.94120
82.05984
95.14143
103.31699
111.99586
12.43824
24.87647
37.31471
43.30202
53.08896
65.52719
73.90827
80.14415
91.47993
104.22032
12.43824
18.97084
31.40907
43.84731
56.28555
68.76172
74.06962
81.71855
88.75849
100.86204
12.43824
24.87647
37.40550
47.96274
58.67568
64.45501
76.89324
90.08015
99.52351
104.52400
12.43824
24.87647
37.31471
49.75295
54.06675
56.42125
70.09436
77.51244
78.00476
83.57078
12.43824
24.87647
38.59501
51.03324
63.47148
75.16071
84.53656
96.97479
106.17656
119.29276
12.43824
24.87647
30.47156
42.90979
50.90258
63.34082
69.51210
78.15874
90.78088
91.26788
12.43824
17.90204
29.35132
34.28088
46.71911
59.90612
72.46345
85.64414
98.08238
104.66687
12.43824
24.87647
37.31471
49.75295
56.08173
69.14030
82.62938
95.50571
97.62077
105.15722
12.43824
24.87647
33.14054
45.57878
58.44210
70.22220
82.66043
83.44173
96.30552
107.31599
12.43824
24.87647
37.31471
49.75295
61.87820
74.79092
84.54943
94.61300
99.65226
112.11805
12.43824
24.87647
26.97253
32.36102
44.79926
57.23749
68.96439
82.12975
89.14501
101.83002
12.43824
21.30783
33.74607
46.18431
59.36955
68.70700
71.79351
84.15953
87.72002
99.70140
12.43824
24.87647
32.08117
45.09986
54.22393
67.34333
74.69812
76.39772
89.57587
92.35732
12.43824
24.87647
37.31471
50.33402
62.77226
75.54214
88.72917
102.08868
108.57967
118.51478
12.43824
24.87647
35.74095
41.25522
51.15866
63.59690
76.47137
89.84252
101.90029
110.50096
12.43824
24.87647
37.31471
49.75295
62.27791
68.83924
81.87376
94.12997
105.17515
113.87924
12.43824
24.20219
37.17703
49.61527
62.05351
71.19926
83.63750
90.26171
99.55192
111.13678
12.43824
24.87647
37.19448
49.63271
62.10819
74.54642
78.15202
91.04426
93.94993
99.38534
12.43824
24.87647
31.96798
33.74512
46.18336
51.76322
64.20146
76.25864
89.44573
97.39157
12.43824
24.87647
37.85893
43.96067
56.42544
68.86367
81.30191
88.26105
101.66748
108.73924
12.43824
24.87647
37.31471
49.75295
56.66429
62.16604
73.56471
87.47975
100.62811
113.06634
12.43824
25.61831
38.05655
50.49478
63.66688
73.94181
87.12233
97.06866
97.29230
110.34532
12.43824
24.87647
37.31471
38.57855
51.01678
63.95074
72.48676
86.26446
99.32352
109.49096
12.43824
25.48689
37.92512
50.97326
63.41150
75.84973
83.20911
90.41512
103.91386
117.09908
12.43824
24.87647
37.31471
49.75295
51.81291
65.37365
73.94815
79.46160
91.65639
95.30537
12.43824
24.87647
37.31471
44.95882
57.39706
60.05446
71.44518
83.88341
89.81043
95.38457
12.43824
24.94297
37.38121
44.73043
50.34003
62.77826
75.36920
85.53745
92.77765
104.18184
12.43824
24.87647
37.31471
44.19791
56.63615
69.23168
82.32149
87.75758
99.60276
107.86079
12.43824
25.20182
37.64006
50.07829
62.51653
71.45339
79.09672
91.53496
103.66859
113.59537
12.43824
24.87647
37.84123
50.27947
63.28279
76.43931
89.29901
99.88883
109.28707
116.98138
12.43824
24.87647
30.95670
37.10581
49.54405
61.98228
70.59131
81.48646
82.41581
89.79729
12.43824
24.87647
37.26593
44.04607
57.32521
69.76345
73.32884
85.99740
92.00695
93.86984
12.43824
24.87647
37.31471
50.34917
63.47459
68.52762
78.14866
83.31327
93.57045
96.84375
12.43824
21.89539
34.33362
46.77186
51.56281
58.21838
71.39516
84.15474
86.12179
97.85241
12.43824
24.87647
37.31471
45.59918
58.62425
68.75310
81.19134
83.76999
94.08021
107.77372
12.43824
24.87647
37.31471
49.88770
62.32593
74.98191
80.31789
84.33207
91.20314
103.93286
12.43824
24.87647
37.31471
49.75295
59.16118
72.21428
74.47574
87.50460
101.00036
114.39588
12.43824
24.87647
37.57336
50.01493
60.72324
69.18595
81.62418
91.95291
94.36932
107.46878
12.43824
18.54497
30.98321
38.61519
51.80003
64.23827
67.53829
71.13022
81.00586
93.03681
12.43824
24.87647
38.06265
50.85179
63.29003
71.42521
83.89630
96.33453
98.15986
103.35041
12.43824
24.87647
37.31471
49.75295
61.80755
75.08141
78.86241
91.86840
96.36514
100.85959
12.43824
24.87647
36.50509
48.94332
61.38156
71.72573
76.84469
83.47669
91.29987
96.37328
12.43824
24.87647
36.90515
48.97078
61.40901
73.84725
74.87149
88.01356
101.06613
101.24104
12.43824
16.01452
21.50141
33.93964
38.11494
50.55318
62.17385
74.61208
75.08619
87.52443
12.43824
24.87647
37.70199
45.24378
57.68202
71.27034
77.74879
83.39206
95.14798
102.48368
12.43824
24.87647
27.08285
39.52108
50.50272
62.94096
66.15198
69.74457
73.80466
75.54756
12.43824
24.87647
37.31471
49.92887
58.19439
69.76480
80.07874
92.37051
100.89365
113.60840
12.43824
24.87647
31.86411
44.30234
57.16259
64.09970
77.21866
88.90006
96.56470
107.63806
12.43824
22.55406
34.99230
43.55152
56.52324
69.70704
82.14528
94.58351
104.12138
116.80363
12.43824
24.87647
36.38380
48.82203
52.15944
64.59767
77.47432
89.98888
93.98782
104.19499
12.43824
24.87647
37.31471
50.70289
63.88990
68.70346
72.09998
75.81872
88.87954
101.31777
12.43824
24.87647
38.06311
51.23282
63.67105
76.54261
77.77811
90.21635
91.55012
104.73709
12.43824
24.87647
37.31471
42.97835
44.99826
58.18449
64.81291
71.22003
73.49720
76.88868
12.43824
25.06723
37.76953
50.20776
62.64600
75.94766
89.02303
93.04432
106.09894
114.19348
12.43824
24.87647
37.71912
50.81436
62.67417
72.13714
84.57537
97.75527
110.45373
123.56553
12.43824
24.89113
31.29214
43.73037
47.68099
60.11923
68.00740
80.37986
82.02257
94.46081
12.43824
24.87647
36.37009
49.22466
61.66290
74.83969
87.48545
90.74344
90.98785
104.15569
12.43824
24.87647
37.31471
44.93175
57.36999
69.80822
82.24646
93.47816
99.50426
103.87539
12.43824
25.59888
38.03712
51.22413
62.64031
74.03155
86.46979
95.79867
102.11877
104.45767
12.43824
24.87647
37.31471
49.75295
60.37751
72.81574
83.50284
92.45341
104.89164
108.45817
12.43824
25.59447
38.03271
50.47095
54.53422
60.00625
65.46467
77.90290
83.31974
94.89873
12.43824
24.87647
37.31471
49.75295
62.56438
75.00261
81.09668
85.20311
94.72554
107.16378
12.43824
24.87647
37.31471
50.20099
61.55368
73.99192
87.70080
97.48793
104.14458
106.48010
12.43824
25.12281
37.56105
46.48175
58.91998
71.11555
82.55542
94.99366
107.33588
119.77412
12.43824
24.87647
37.31471
49.75295
63.48273
76.22608
88.66431
93.12042
97.02235
107.14398
12.43824
24.63263
37.07086
49.94560
62.38383
70.84467
72.65302
85.09125
98.01875
108.82983
12.43824
24.87647
37.31471
49.75295
60.18873
73.19240
85.10297
98.48632
110.92455
115.57044
12.43824
24.87647
37.06030
49.49854
59.64630
61.21294
73.65117
83.10444
94.88477
106.00680
12.43824
24.87647
31.88002
44.31825
56.75649
69.64149
82.82480
92.49304
104.71712
117.15535
12.43824
24.87647
38.03916
46.01038
58.73420
71.17244
83.64822
95.70313
103.15064
115.39043
12.43824
20.78235
33.22058
46.26296
58.70119
71.13943
77.16482
90.39317
90.96499
99.26189
12.43824
24.87647
37.31471
49.75295
61.43748
73.24558
77.95232
90.40904
103.59813
111.95632
12.43824
24.87647
37.75308
50.19131
63.27838
68.07723
78.14559
90.58382
103.75292
115.57618
12.43824
24.87647
37.31471
42.28565
55.18043
62.38468
75.17656
88.93062
101.59345
105.82057
12.43824
24.87647
38.04752
50.48576
59.21062
71.64885
84.08709
96.26586
108.70409
120.33182
12.43824
16.71814
29.15638
41.75381
54.19204
66.68985
79.79920
92.23744
96.75944
100.21430
12.43824
24.87647
36.43814
47.00244
59.44067
71.94385
83.91328
96.35151
103.02556
112.03401
12.43824
24.87647
37.31471
50.08830
59.60600
72.04423
84.57964
97.76187
109.20563
115.93912
12.43824
24.87647
32.67385
45.11208
47.89939
60.33763
72.36556
82.56692
95.45478
98.16937
12.43824
24.87647
37.90892
51.00304
63.94997
64.47333
67.67002
74.42558
87.57197
92.11594
12.43824
18.91606
22.28902
34.72726
47.16549
58.84822
68.62030
81.80545
94.72557
101.56747
12.43824
24.87647
36.57824
49.10280
62.05962
74.49786
88.42848
101.50585
110.85873
118.28462
12.43824
24.87647
32.44281
36.97761
49.41584
61.85408
74.32645
82.04676
93.06328
99.81054
12.43824
24.87647
37.31471
50.48686
59.04552
71.48376
81.69116
94.12939
96.79921
107.11862
12.43824
24.87647
36.91229
49.35052
61.78876
64.70220
75.58164
88.39297
101.54575
106.10048
12.43824
23.36324
35.80148
48.23971
59.78303
72.22127
85.03654
91.31859
92.27063
104.90045
12.43824
24.87647
37.84955
50.07138
55.05677
57.79857
70.91125
84.01949
96.46692
102.30424
12.43824
24.87647
37.31471
50.50102
63.31988
75.75811
80.98841
92.14559
104.58383
106.97692
12.43824
24.87647
37.31471
49.85075
62.28899
74.28311
86.72135
99.15959
102.57323
107.37251
12.43824
24.87647
37.31471
50.49136
61.82126
74.25950
75.93616
89.30954
93.43161
106.63449
12.43824
25.42435
37.86259
44.39315
56.22315
68.66138
74.07408
77.84406
91.02189
104.15236
12.43824
24.87647
37.31471
50.26044
62.71174
75.18080
77.02367
86.47905
98.91728
109.94592
12.43824
24.97348
37.21267
49.65091
62.77338
73.58959
84.87772
89.95020
102.60989
109.46841
12.43824
24.87647
29.62493
42.06316
24.87647
24.87647
37.69731
44.26434
53.97498
53.97498
12.43824
24.87647
37.91915
43.96083
56.87954
69.31778
77.93262
90.91869
100.05071
113.17244
12.43824
25.24055
37.67878
46.62225
59.35859
71.79683
80.35854
89.39732
103.24143
115.67967
12.43824
24.87647
37.31471
49.75295
60.46980
70.57605
81.83839
83.91124
88.07265
94.66075
