12.43824
24.87647
37.31471
49.75295
62.77275
75.36513
87.80337
100.16027
112.59850
125.03674
12.43824
24.87647
37.31471
48.56562
61.00386
73.44210
85.88033
98.35610
107.82258
117.84773
12.43824
24.87647
37.31471
49.75295
62.19118
74.62942
87.06765
99.50589
111.13858
124.66632
12.43824
24.87647
37.31471
50.40488
62.12351
74.56175
87.41977
98.11043
110.54867
122.98690
12.43824
19.60109
32.03933
44.47757
56.91580
69.35404
81.79228
92.17875
104.94632
118.13150
12.43824
24.87647
37.31471
50.51723
63.09850
76.08946
88.52770
101.48097
114.49356
128.21271
12.43824
24.87647
37.31471
49.75295
62.19118
74.62942
87.21087
98.26650
100.62388
113.34958
12.43824
24.87647
37.31471
49.75295
62.19118
74.62942
87.06765
99.50589
113.40643
125.88086
12.43824
24.87647
32.68049
45.11873
58.11875
70.55699
80.48979
89.14973
101.58797
110.61729
12.43824
25.33013
38.37748
43.72468
56.16292
68.60115
81.03939
94.18572
106.62396
110.36064
12.43824
24.87647
37.31471
49.75295
62.89248
75.33072
87.76895
100.20719
112.57667
125.01490
12.43824
24.87647
35.50563
47.94387
60.50921
72.94744
85.38568
97.82392
110.26215
122.70039
12.43824
24.87647
37.31471
49.75295
62.32606
74.76429
87.38306
99.82129
112.25953
124.69777
12.43824
24.87647
32.07504
39.81280
52.25104
64.68928
77.12751
89.56575
102.10249
114.54073
12.43824
22.27281
34.71105
47.14928
59.58752
71.61231
79.48544
91.92368
103.75632
116.79967
12.43824
24.87647
37.31471
49.75295
62.60944
75.04767
87.10747
95.39760
107.83584
120.58704
12.43824
24.87647
37.31471
49.90246
62.34070
74.77894
87.21717
99.65541
112.69423
126.61497
12.43824
24.87647
38.00415
51.63639
65.29070
77.72893
90.81110
103.24934
116.40811
129.27427
12.43824
24.87647
37.31471
49.75295
62.19118
75.26218
87.70041
100.53781
113.26716
125.82901
12.43824
24.87647
37.31471
49.75295
62.19118
75.29502
87.73326
100.32585
111.87596
124.31420
12.43824
24.87647
38.02495
50.46319
63.39380
75.83203
77.85206
90.29029
100.39870
108.52982
12.43824
24.87647
37.31471
49.79227
62.23051
75.01009
87.44833
100.04497
112.48321
124.71317
12.43824
24.87647
37.31471
50.30903
62.74727
75.18551
87.62374
100.06198
112.50021
125.67266
12.43824
24.87647
37.31471
49.75295
62.64312
74.80033
87.23857
99.67681
112.11504
125.22818
12.43824
25.23593
37.67416
50.11240
61.34717
73.84695
86.28518
99.43313
112.06204
124.50027
12.43824
24.87647
37.31471
45.65818
58.09641
70.53465
82.97289
95.41112
107.84936
120.28760
12.43824
24.87647
37.31471
48.85413
61.29236
73.73060
86.88026
99.40060
113.44571
125.88395
12.43824
24.87647
37.31471
49.75295
61.94637
74.38460
87.04524
94.45235
106.89058
118.78966
12.43824
24.87647
37.31471
49.65507
62.09330
67.52127
80.66783
93.10607
107.41001
119.84824
12.43824
24.87647
37.31471
50.25137
63.23752
75.67576
88.11400
100.61097
113.04921
125.48744
12.43824
24.87647
37.31471
46.52572
58.96396
71.40220
83.84043
90.85548
103.41961
117.26587
12.43824
24.87647
37.31471
49.75295
62.19118
75.12150
87.55974
99.99798
112.75260
125.84827
12.43824
24.87647
37.31471
49.75295
62.19118
74.62942
87.06765
99.99454
113.12049
126.21371
12.43824
24.87647
38.06349
44.46971
56.90794
69.34618
81.78441
93.60634
101.39990
111.06254
12.43824
24.87647
37.75385
48.89132
62.06919
74.50743
82.52227
94.96050
107.74196
108.61482
12.43824
24.87647
37.31471
49.75295
62.58280
71.08945
84.12112
96.73544
109.65526
121.66526
12.43824
23.86824
37.05432
49.49255
62.62889
75.06713
87.50536
99.94360
110.58862
123.13807
12.43824
24.87647
37.31471
49.89876
62.33699
75.12222
87.56046
100.01117
112.44941
125.78130
12.43824
24.87647
37.31471
49.75295
62.19118
74.62942
87.56314
96.41152
100.32195
113.08782
12.43824
24.87647
37.31471
49.75295
62.74012
75.17835
87.67970
100.11793
112.55617
125.29542
12.43824
24.87647
37.31471
49.75295
62.47106
75.43976
87.87799
100.36787
111.67021
124.42063
12.43824
21.07143
33.50967
46.28880
58.72703
71.16527
83.60351
89.98057
102.41881
115.56572
12.43824
24.87647
37.31471
49.75295
62.19118
74.62942
87.06765
99.50589
112.85165
120.86897
12.43824
24.87647
37.31471
49.75295
61.43415
73.87239
86.31062
98.74886
112.22002
124.21092
12.43824
24.87647
38.01674
50.45498
62.89321
75.33145
87.57932
95.46582
100.71607
108.16603
12.43824
24.87647
37.31471
50.11112
62.54936
74.98760
81.06281
93.50105
106.52152
106.73117
12.43824
24.87647
37.78242
50.22065
52.88430
65.32254
77.76077
90.19901
95.33812
107.77636
12.43824
24.87647
37.31471
49.75295
62.19118
74.62942
82.89931
95.33755
107.77578
112.36807
12.43824
24.87647
37.31471
49.75295
62.19118
74.62942
83.51105
97.06375
110.13173
123.40071
12.43824
24.87647
37.31471
50.39982
63.46434
76.60179
88.69538
101.13361
113.57185
126.74299
12.43824
24.87647
37.64001
50.07824
62.51648
73.03828
85.47651
98.39135
111.57525
124.79415
12.43824
25.62447
38.06270
50.38228
62.82051
75.25875
87.69698
100.13522
112.57346
125.01169
12.43824
24.87647
37.42468
49.86292
62.69237
75.13060
87.56884
100.00708
104.64807
117.43948
12.43824
24.87647
37.31471
50.33090
62.76914
75.20737
87.64561
92.49415
104.93239
117.37062
12.43824
24.87647
37.56682
50.00505
62.44329
75.50187
81.18666
93.62490
100.98562
113.42385
12.43824
24.87647
37.31471
49.75649
62.93407
75.37231
83.53006
96.01502
108.50023
113.46676
12.43824
25.53554
37.97378
50.41202
62.85025
75.80457
88.24281
95.57520
108.07652
120.73089
12.43824
24.87647
37.32200
49.76023
62.92084
75.63413
88.07236
100.51060
113.39596
126.18735
12.43824
24.87647
37.44442
49.88266
55.61265
68.05088
81.10007
94.08186
102.06100
114.49923
12.43824
24.87647
37.31471
49.89814
62.33638
74.77462
87.21285
97.10747
110.29277
122.73101
12.43824
24.87647
37.31471
49.75295
62.19118
74.62942
87.06765
99.93094
113.70435
127.27582
12.43824
24.87647
37.31471
50.09709
62.53532
75.65409
88.09232
100.89777
113.93686
116.01152
12.43824
24.87647
37.31471
49.75295
62.19118
74.62942
87.30058
99.08412
111.52235
114.45127
12.43824
24.87647
37.31471
49.75295
62.09836
76.03039
88.95942
101.39765
114.57883
127.13659
12.43824
24.87647
37.31471
49.75295
62.19118
74.62942
87.03563
100.16631
112.60455
125.04278
12.43824
24.87647
37.31471
50.31596
63.12559
75.56382
88.72816
101.91294
115.54429
129.34122
12.43824
24.87647
37.31471
49.89571
62.33395
75.47257
87.91081
100.34904
113.22942
125.66765
12.43824
24.87647
37.31471
49.75295
63.14849
75.58673
88.02497
101.08404
113.07722
125.51545
12.43824
24.87647
37.31471
49.59567
62.03391
71.46326
80.34490
92.78314
105.22137
117.93257
12.43824
24.87647
37.31471
49.75295
63.48935
76.01572
88.45396
100.89498
113.33321
123.83526
12.43824
24.87647
37.98802
50.42626
63.20379
73.61354
86.05178
98.31397
110.75221
123.75390
12.43824
24.87647
33.12883
45.56707
58.00530
70.73144
83.16967
96.30677
108.74144
121.17967
12.43824
24.87647
37.31471
50.36619
62.80442
75.24266
87.42552
99.86376
109.52206
122.52777
12.43824
25.61882
38.05706
50.49530
62.93353
75.37177
88.15135
100.89105
114.83861
127.27685
12.43824
24.87647
37.31471
49.75295
62.29211
73.94312
87.08958
99.60428
112.04252
119.45159
12.43824
24.87647
37.31471
49.75295
62.19118
67.37685
80.04183
92.48006
104.91830
117.10932
12.43824
24.87647
37.31471
46.14174
58.77763
69.91498
83.15551
95.99587
108.94204
121.38028
12.43824
24.87647
37.31471
49.75295
62.19118
74.62942
87.06765
100.25327
112.69151
125.43430
12.43824
16.49078
28.92902
41.36725
53.80549
66.24373
78.68196
91.12020
96.20784
98.46966
12.43824
24.87647
37.46326
50.09999
62.53823
75.69623
88.29312
100.73136
111.23488
122.31648
12.43824
24.87647
37.31471
50.40745
63.55970
75.99794
88.43617
100.87441
114.22084
127.10880
12.43824
24.87647
37.31471
49.75295
60.98767
73.42591
85.86414
96.51806
109.22743
122.72481
12.43824
24.87647
37.31471
49.75295
62.57381
75.01204
86.23113
98.15628
110.59452
117.98710
12.43824
25.57698
38.42080
50.85904
63.29728
76.36576
88.80400
101.24323
113.68147
126.88394
12.43824
24.87647
37.31471
49.75295
62.19118
74.62942
87.06765
99.50589
111.03430
124.19266
12.43824
24.87647
37.54694
49.72577
62.16401
74.60225
87.04048
94.59995
107.81310
121.07611
12.43824
24.87647
37.31471
49.75295
62.60884
75.04708
87.99723
100.43547
112.87371
125.31194
12.43824
24.87647
37.43572
49.87396
62.31219
67.28201
80.32311
92.77686
105.30944
118.13754
12.43824
25.51124
37.94947
50.38771
63.38486
75.82309
88.26133
102.03055
107.60563
120.04386
12.43824
24.87647
37.31471
50.13381
62.43996
67.79976
80.29455
92.73278
105.17102
114.28892
12.43824
24.87647
37.31471
49.75295
62.19118
74.62942
87.37336
100.43946
112.87769
121.87693
12.43824
24.87647
37.31471
50.02947
62.46771
75.94186
88.38009
100.81833
107.48096
119.38599
12.43824
24.87647
37.31471
50.08002
61.49526
73.93350
87.10104
99.53927
112.59170
125.02994
12.43824
25.62213
38.06037
51.09202
63.66174
76.09998
89.63281
94.00052
106.43876
118.87700
12.43824
24.87647
37.31471
49.75295
62.19118
74.62942
87.77139
100.59218
113.03042
125.61579
12.43824
24.87647
38.06335
50.50158
62.93982
76.07247
89.07621
101.51444
113.99271
121.25477
12.43824
24.87647
32.49646
44.93470
58.19516
70.23942
82.67765
91.50467
104.28711
117.60217
12.43824
24.87647
37.31471
49.75295
62.19118
74.62942
83.92377
96.36200
109.32997
121.76820
12.43824
24.87647
37.31471
49.73265
62.17088
74.60912
87.54285
99.85171
112.28995
124.72819
12.43824
24.87647
37.31471
49.75295
62.71675
75.15499
88.02861
99.74068
112.36720
123.00441
