12.43824
25.43258
35.44968
41.41135
44.15599
52.86474
60.65292
61.70108
62.72295
73.67475
12.43824
25.62528
38.16910
49.03510
56.66246
69.72635
76.26151
80.25163
83.67597
93.74311
12.43824
25.56126
35.40439
37.87500
42.47492
46.20426
53.40780
64.53262
68.83624
70.12025
12.43824
24.87647
37.24866
40.13120
44.49284
57.00860
59.48666
66.48111
71.74813
74.13279
12.43824
19.43053
32.19853
40.94613
54.49528
61.21239
64.88610
70.46029
81.30410
82.72328
12.43824
24.96813
32.86793
37.34987
43.60993
47.26951
59.92810
64.40525
67.31290
78.84554
12.43824
25.27503
39.04621
52.38050
65.15355
70.13908
72.34641
75.34567
76.42400
78.50232
12.43824
18.95329
29.39582
41.83442
48.48521
59.10689
61.95045
75.11734
79.05899
80.87604
12.43824
22.44926
25.31959
34.31068
36.52564
47.62706
49.53333
60.34925
67.74056
77.64967
12.43824
22.32759
32.97734
35.58180
42.86163
55.76868
57.39291
69.05927
75.60639
81.65171
12.43824
24.87647
36.93912
49.74464
55.86878
68.72539
73.20835
77.63498
78.28016
89.26144
12.43824
23.53872
27.06060
37.29742
42.17474
53.02828
63.04470
64.09936
70.38083
76.77774
12.43824
25.59061
39.00783
49.43292
53.21254
64.43988
66.68347
70.37297
82.21423
89.62205
12.43824
24.87647
29.91287
31.69411
44.08017
52.97179
62.64756
67.15242
72.21653
76.29291
12.43824
18.97252
32.02560
40.96942
45.58399
46.74102
47.08365
53.50656
53.91316
66.51567
12.43824
25.29213
36.44355
46.26642
49.99824
60.66931
65.25456
70.38548
78.21062
79.51201
12.43824
21.89777
34.48591
39.18578
52.71182
61.45265
66.66761
68.15889
70.62719
70.90001
12.43824
25.46974
31.87051
40.09422
45.03856
55.74602
63.04910
71.90712
79.74685
80.77471
12.43824
21.99571
27.52829
34.24199
41.99935
54.69006
63.77806
70.54916
71.77432
80.88289
12.43824
19.24527
31.54164
43.97987
56.18761
61.77244
75.08512
79.40685
82.40056
91.70470
12.43824
23.23504
35.24300
47.27026
51.51047
54.02086
57.26826
62.67968
63.92327
64.98148
12.43824
19.73733
25.49091
27.82629
40.66154
48.31149
61.45002
70.19473
75.28465
81.26675
12.43824
24.64772
29.95116
32.54396
42.07286
43.32363
56.21907
66.64717
74.52130
76.47424
12.43824
24.87647
38.30016
49.96670
55.73654
67.23502
71.83436
80.53458
87.93315
88.68026
12.43824
14.40401
25.24397
35.30608
39.39512
49.06294
50.27496
50.81062
50.94623
62.41125
12.43824
24.56169
32.35994
44.61747
46.80311
49.67951
53.03266
64.62479
72.16515
72.20978
12.43824
21.37770
34.38524
43.24265
51.35224
61.70559
63.30467
63.94419
73.17034
81.52605
12.43824
24.88662
38.62874
47.71889
57.16456
62.03491
64.78939
65.88677
69.34254
69.88774
12.43824
23.83004
30.26398
31.17669
36.72453
39.03365
40.53399
52.97222
53.29386
61.11222
12.43824
21.17418
34.23335
38.72099
51.17912
64.41732
67.33806
71.96255
75.02520
78.63959
12.43824
25.58192
38.76288
46.89237
56.14287
65.78395
70.48986
71.61997
77.92334
88.97032
12.43824
16.72035
26.98955
36.08549
49.12024
54.80083
58.25300
68.10099
78.29159
79.35251
12.43824
23.27981
25.14495
36.83767
47.41284
47.83434
51.61854
52.24715
53.86010
54.31857
12.43824
21.13362
22.06878
31.23424
43.03076
49.16354
53.02528
58.53681
60.09719
64.05532
12.43824
23.84998
28.38312
30.48916
30.57209
43.42250
43.59584
51.42201
51.42423
52.42639
12.43824
25.56939
37.90684
46.78995
55.53584
62.70952
71.02004
75.52323
83.11842
85.99170
12.43824
15.58090
28.01913
41.08176
44.34815
54.58885
61.65307
63.14329
75.87928
89.21592
12.43824
24.87647
37.99739
50.08879
57.31841
58.35826
66.81355
69.45756
73.02436
74.71397
12.43824
25.62100
33.52434
38.80070
45.84524
57.81692
58.22943
58.34605
58.81114
60.63552
12.43824
25.60942
36.17403
48.63826
56.95530
60.29574
63.12266
76.35489
76.83370
80.53990
12.43824
24.87647
34.81783
48.00917
49.14538
56.40685
66.82873
68.79395
70.25638
82.18492
12.43824
17.05314
29.66354
30.72071
35.20761
47.62240
55.39283
55.45472
61.98413
63.73617
12.43824
25.61349
31.93573
37.75894
51.39066
56.06143
63.59385
65.81083
66.26272
66.30878
12.43824
18.50652
29.74394
36.66329
37.60648
49.82674
56.16096
65.35469
70.59489
80.96802
12.43824
24.17889
26.67741
39.84582
51.43512
58.54338
61.32557
70.10545
74.09241
75.42577
12.43824
24.87647
34.79511
40.67704
52.99434
65.99195
-1.00000
-1.00000
-1.00000
-1.00000
12.43824
25.58985
33.03204
46.37169
48.09474
60.56123
68.84808
79.08176
85.74073
96.46518
12.43824
25.36516
33.98515
35.61213
44.29016
57.17771
61.25112
72.62377
79.64629
79.77248
12.43824
24.72249
29.14354
39.55522
44.38029
56.76619
62.19654
62.51847
62.63551
72.53041
12.43824
25.41183
37.85007
47.64282
61.11185
70.79023
77.73575
82.68362
92.68794
101.55942
12.43824
24.87647
36.85306
47.70474
53.94614
55.63925
67.48959
81.19108
82.01622
82.51182
12.43824
16.29505
26.01834
31.27675
35.68719
47.95245
57.65169
62.66208
67.89117
77.01039
12.43824
25.60824
32.49322
45.62725
46.92948
57.96292
66.57064
80.03298
89.26396
92.92346
12.43824
25.50058
38.55124
44.17253
52.10344
53.54390
65.35463
67.78598
71.23899
73.73260
12.43824
25.13737
35.48361
45.67811
58.85148
64.93277
65.93886
68.23292
69.54122
73.98040
12.43824
22.19827
31.26183
32.06921
32.23605
45.25640
45.64588
47.04401
58.41569
59.09706
12.43824
18.06756
28.37630
41.62899
54.16837
57.88408
67.55547
74.99867
81.14797
82.95285
12.43824
25.35072
31.27920
37.35686
44.63029
45.68325
57.46390
69.82531
82.29282
96.08925
12.43824
24.38344
28.97128
41.98627
42.79748
55.99532
59.75995
69.89750
72.30696
84.02904
12.43824
25.43107
31.95888
44.70182
55.89585
58.10905
71.30503
72.27860
72.69612
75.77782
12.43824
25.41348
36.58721
46.79048
57.49725
67.24301
78.75421
81.68108
82.94635
84.14277
12.43824
23.61372
31.38922
39.44205
46.75035
47.78617
58.50883
61.29844
65.90718
66.02301
12.43824
24.87647
37.31471
51.16920
54.56677
68.42359
80.50966
88.12773
92.28783
93.58648
12.43824
23.83749
35.75366
43.62030
50.14048
51.03978
52.29544
65.35078
68.09175
70.32317
12.43824
21.62627
26.37998
27.40902
39.84726
42.31819
42.41834
47.13166
59.43067
67.96699
12.43824
25.56463
38.14398
43.69710
49.02282
63.04298
72.19272
80.98240
83.24380
84.56594
12.43824
23.87413
37.06530
43.14226
55.03167
66.33993
68.30583
73.47526
79.20342
82.23633
12.43824
25.15769
31.20092
40.85603
43.93607
51.60753
61.91586
62.97371
64.26960
70.76052
12.43824
19.98340
28.99230
35.64072
46.04573
49.71571
59.56531
66.89439
71.24819
81.93578
12.43824
24.93070
36.27400
47.67947
50.57862
62.35177
72.52549
74.95936
87.57721
90.93743
12.43824
25.47525
33.72556
43.09339
48.98320
52.97241
60.88172
64.85699
66.91318
67.66531
12.43824
24.51920
31.18414
43.62238
56.50763
61.35278
70.80628
74.72729
85.94978
98.53944
12.43824
24.87647
37.72018
39.84877
52.79724
56.65217
64.45172
73.56537
75.67612
82.99291
12.43824
22.44792
35.61940
41.53284
54.99418
68.83328
72.23520
77.11655
77.40044
85.18445
12.43824
25.44699
37.92533
48.15846
50.98580
61.49416
63.46043
64.52924
73.21004
73.54708
12.43824
19.51668
30.10560
42.54383
46.60708
57.78559
67.89858
71.67686
71.76142
79.18486
12.43824
22.65939
35.82738
40.48682
46.30369
47.73502
55.01128
56.90512
61.03511
61.96792
12.43824
24.87647
34.38852
46.62970
57.50780
68.95551
73.04780
73.34520
77.64779
79.82162
12.43824
24.81329
37.34642
41.30153
54.25796
64.32869
72.95608
77.77440
78.76101
79.32411
12.43824
25.56732
32.68103
43.03713
55.69343
57.76280
61.60764
63.49323
76.08504
77.31947
12.43824
25.59176
38.70626
45.67678
58.49372
69.93473
80.29043
93.45098
97.97693
102.31415
12.43824
25.16831
26.98969
36.29936
42.13786
55.36165
65.22581
71.32913
76.51777
79.05003
12.43824
24.87704
34.81229
44.07426
51.54340
52.56764
52.63736
53.35923
59.41460
61.78939
12.43824
17.62507
27.96140
36.35346
48.12085
52.07737
54.64674
66.68552
77.77801
83.87725
12.43824
25.28100
32.94890
42.69146
48.88301
58.18725
62.43567
73.27571
74.51735
77.32282
12.43824
17.05077
29.80918
41.92238
47.98044
49.80074
59.42696
60.10631
63.02326
65.60129
12.43824
24.16321
37.01134
39.07191
41.19901
54.73794
59.70730
69.53832
70.22936
71.65598
12.43824
24.95848
31.74271
44.70050
55.35414
58.07079
63.55972
72.53704
80.14583
87.84013
12.43824
17.54784
30.70769
42.36370
49.11721
61.39080
64.81882
65.88199
67.63713
75.57093
12.43824
24.94548
34.58779
45.68520
47.60289
49.08679
56.36240
68.62402
71.35227
77.96789
12.43824
22.04731
33.41216
40.74535
52.40074
55.54377
57.63448
58.87081
66.47753
66.62541
12.43824
25.62514
36.11829
42.11053
49.74768
51.99349
59.27660
72.12044
73.14031
73.64340
12.43824
20.72689
28.34904
41.49836
46.36719
47.43569
50.32470
52.93491
65.04990
77.94887
12.43824
24.77764
34.20079
40.89206
41.98529
54.08598
65.78532
67.31066
79.84655
90.19320
12.43824
25.62507
38.44986
47.92953
54.27454
64.37983
67.97954
74.12292
86.53908
88.86082
12.43824
25.55169
31.18218
43.62041
52.69990
56.56816
63.87662
66.98865
68.10083
68.30057
12.43824
25.01124
35.87580
46.93481
59.82976
70.48915
75.09008
85.42993
85.50024
90.83173
12.43824
25.61962
38.15866
45.40678
56.51330
66.21883
67.61652
68.93511
71.90162
84.61822
12.43824
21.59639
32.52861
33.74515
44.32862
57.34444
68.22475
75.61452
77.83955
78.72994
12.43824
25.36230
38.88344
47.76674
53.71438
56.95887
57.10281
58.16182
59.67727
67.69082
