12.43824
24.87647
37.31471
50.14561
63.18489
75.80724
88.24548
100.68371
113.20031
125.63855
12.43824
24.87647
37.31471
50.38464
62.92702
75.36526
88.42293
101.89686
114.86690
127.54673
12.43824
24.87647
37.31471
49.75295
62.19118
74.98806
87.42630
99.86454
112.30277
125.89406
12.43824
24.87647
37.31471
49.68220
61.69664
74.13487
87.29400
100.17409
113.28920
125.72744
12.43824
24.87647
37.31471
49.75295
62.19118
74.62942
87.06765
100.06061
110.35728
121.61944
12.43824
24.87647
37.31471
50.49057
63.23328
68.33620
80.77444
93.21268
105.79046
118.57001
12.43824
24.87647
37.31471
49.75295
62.19118
69.07817
81.51641
94.60543
106.82763
119.40736
12.43824
24.87647
37.31471
49.75295
62.19118
74.62942
87.21679
99.65503
112.68066
125.11890
12.43824
24.87647
37.31471
49.75295
61.38887
73.82711
86.07501
99.09370
111.53193
115.75555
12.43824
16.77116
29.73592
38.45858
50.89682
63.33505
75.78691
88.22514
100.66338
107.71003
12.43824
24.87647
37.31471
49.75295
62.92463
76.06562
89.25081
101.68905
106.24539
114.18547
12.43824
24.87647
38.06217
50.50041
63.22977
75.66800
88.10624
92.36711
104.80534
117.90712
12.43824
24.87647
37.31471
49.75295
62.19118
74.72680
87.76787
100.93338
109.09867
122.24338
12.43824
24.87647
37.85184
48.34686
60.78510
73.22334
85.66157
98.09981
110.53804
122.97628
12.43824
23.97105
36.40929
48.84753
61.28576
74.56672
87.61963
100.07610
109.89247
122.33070
12.43824
24.87647
38.05750
50.49574
63.48148
75.91971
90.05316
96.82298
109.26121
119.65256
12.43824
24.87647
37.31471
49.75295
62.19118
74.62942
87.06765
99.50589
111.94413
125.09270
12.43824
24.87647
38.05753
49.14158
60.23740
72.67564
85.80990
98.79833
111.23657
123.09073
12.43824
24.87647
37.31471
49.75295
62.41689
74.85513
87.29336
100.32095
113.45866
126.37651
12.43824
24.87647
37.31471
49.75295
62.19118
74.62942
87.06765
99.50589
112.67293
125.11117
12.43824
24.87647
37.31471
49.75295
62.19118
74.62942
81.17363
93.61187
103.76705
108.42243
12.43824
24.87647
32.94130
45.96214
58.40038
71.08413
83.52236
95.96060
108.39883
121.50003
12.43824
24.87647
37.31471
48.07306
60.51129
72.94953
85.38776
97.84941
110.28765
121.36606
12.43824
24.87647
37.31471
49.75295
62.47435
74.91258
88.01756
100.78490
113.22314
125.66137
12.43824
24.87647
37.31471
49.75295
62.19118
75.16764
88.09064
100.88176
113.17095
125.60919
12.43824
24.87647
37.31471
49.75295
62.19118
74.62942
88.25403
100.69227
113.13050
125.78713
12.43824
24.87647
37.31471
49.75295
62.19118
74.62942
86.35467
99.52678
111.96502
124.40326
12.43824
24.87647
37.31471
49.75295
51.63377
64.07201
74.67039
87.24002
99.67825
112.11649
12.43824
24.87647
37.31471
46.45750
58.89573
62.82317
75.84448
88.28272
101.79990
114.56138
12.43824
24.87647
37.31471
49.75295
62.86439
75.30263
87.74086
100.70002
113.36235
126.54013
12.43824
24.87647
37.31471
48.49395
60.93219
73.37042
85.83892
98.27716
110.71539
123.73446
12.43824
24.87647
37.31471
49.75295
62.19118
74.62942
87.06765
99.50589
111.94413
124.66979
12.43824
24.87647
37.31471
49.75295
62.19118
74.62942
87.06765
100.26501
113.58106
123.56612
12.43824
24.87647
37.31471
47.91919
60.35743
72.79566
85.54152
98.39775
108.08434
114.91525
12.43824
24.87647
37.31471
42.37376
55.49642
67.93466
80.37290
92.81113
105.99217
118.85913
12.43824
24.87647
37.31471
49.75295
62.19118
74.62942
87.65923
98.43480
110.87304
124.06116
12.43824
25.61844
38.05668
50.49491
63.45935
75.89758
88.33582
100.77406
111.04125
124.22512
12.43824
24.87647
37.31471
48.76425
61.20249
72.26299
84.70123
97.86864
110.87523
123.31346
12.43824
24.87647
37.31471
50.29974
62.73798
75.17622
88.35967
92.80154
104.47604
116.91428
12.43824
24.87647
37.31471
49.75295
62.19118
74.62942
80.11992
92.55816
104.99639
117.43463
12.43824
24.87647
37.31471
49.75295
62.19118
72.65787
85.09610
98.24714
103.69113
116.33256
12.43824
18.99503
31.43326
41.88466
54.32290
66.76114
75.96997
85.86151
98.34620
110.78444
12.43824
24.87647
37.31471
49.75295
62.19118
74.62942
87.06765
99.88166
113.05696
126.64441
12.43824
24.87647
37.31471
49.75295
62.74044
75.17868
78.63748
91.07572
95.86969
109.02366
12.43824
24.87647
37.31471
49.75295
62.19118
75.37297
83.40011
96.13150
102.21420
111.97830
12.43824
24.87647
37.31471
50.50151
62.93974
75.37798
80.21132
92.64956
105.08779
115.24140
12.43824
25.22511
35.28926
47.72749
53.87473
66.31296
78.75120
91.18943
96.56621
109.00445
12.43824
24.87647
37.31471
49.24767
61.68591
74.01635
87.18395
99.04314
111.62093
114.35596
12.43824
24.87647
37.31471
49.75295
62.73601
75.17425
80.07465
92.86011
98.04192
102.64862
12.43824
24.87647
37.31471
49.75295
62.93410
75.85611
88.99613
102.18190
105.81725
118.25548
12.43824
24.87647
34.72817
47.16641
59.60464
71.47021
83.90844
96.56575
109.73032
122.77988
12.43824
24.87647
37.31471
47.50803
59.94627
72.38450
84.82274
97.26098
109.38888
121.82712
12.43824
24.87647
37.31471
49.75295
62.19118
74.62942
87.06765
99.90723
110.74136
123.17960
12.43824
24.87647
37.31471
49.75295
62.19118
73.91453
86.69460
99.13283
111.57107
124.00931
12.43824
24.87647
37.31471
49.75295
62.19118
74.62942
87.09245
99.53068
111.70232
124.14056
12.43824
24.87647
37.31471
49.75295
62.56369
75.00192
88.21721
101.31346
106.27299
119.95148
12.43824
25.59302
38.03126
50.46949
62.90773
75.45963
87.89787
99.13774
111.85481
124.72425
12.43824
24.87647
37.31471
49.75295
62.67202
75.35291
87.79115
100.22939
112.66762
125.10586
12.43824
24.87647
37.31471
49.75295
59.60034
72.03858
85.20462
97.64286
110.08109
122.51933
12.43824
24.87647
37.47402
49.91225
62.35049
75.39818
87.83641
100.27465
110.81085
123.24909
12.43824
24.87647
37.31471
49.75295
62.19118
74.62942
87.06765
100.21704
109.67170
120.98203
12.43824
24.87647
37.31471
49.75295
62.19118
75.14590
87.58413
100.36580
114.05341
119.09967
12.43824
24.87647
37.31471
49.75295
61.85406
74.29230
87.35184
100.36417
112.80241
121.22509
12.43824
24.87647
37.31471
49.75295
62.88686
70.72879
83.86131
96.29955
109.31305
122.41822
12.43824
24.87647
37.31471
49.75295
62.19118
74.62942
87.06765
99.96999
113.02136
125.45960
12.43824
24.87647
37.31471
49.75295
62.19632
74.63456
87.07279
100.21959
112.65782
125.09606
12.43824
24.87647
37.31471
48.34583
60.78407
73.22231
85.66054
98.09878
110.53702
123.27000
12.43824
24.87647
37.31471
49.75295
63.04647
75.48485
87.92309
94.61312
106.18863
119.12707
12.43824
24.87647
37.31471
49.75295
62.19118
74.39524
86.73932
99.17756
111.61580
125.01924
12.43824
24.87647
37.31471
49.75295
62.24689
74.68513
87.12336
100.06409
112.50233
124.38956
12.43824
24.87647
37.31471
49.75295
62.92904
67.10854
79.54677
92.45562
105.50630
117.94454
12.43824
24.87647
38.02505
50.46329
62.90153
75.33976
87.77800
100.69981
113.13804
125.57628
12.43824
24.87647
37.31471
50.49970
62.93793
75.37617
87.81440
100.25264
113.87122
126.87285
12.43824
25.58044
38.01868
50.45692
62.89515
75.33339
87.52563
99.96387
105.55908
118.74580
12.43824
24.87647
37.31471
49.75295
62.92296
75.36120
89.22685
101.87073
114.30896
127.03912
12.43824
24.87647
37.31471
49.75295
62.75141
75.46197
87.90021
100.33844
112.77668
126.10845
12.43824
24.87647
37.31471
50.20132
62.63955
75.07779
87.51603
99.95426
112.39250
120.93888
12.43824
24.87647
37.31471
49.75295
56.20933
68.64756
81.08580
94.75451
107.19275
119.81560
12.43824
25.62362
38.06186
50.50009
62.93833
75.37657
87.81480
100.25304
112.69128
118.00063
12.43824
24.87647
37.31471
49.75295
62.19118
74.62942
87.30625
99.74448
112.82987
125.89125
12.43824
24.87647
37.31471
49.75295
62.66748
75.10571
87.54395
100.58299
113.70958
127.41378
12.43824
24.87647
34.12532
46.56355
51.65990
64.09814
76.53638
89.39160
101.82983
114.93019
12.43824
24.87647
37.50818
49.94641
62.38465
72.45226
81.78008
89.47628
101.91452
103.38415
12.43824
25.34151
31.32508
43.76332
56.20155
68.63979
81.07803
94.09942
106.53765
119.10347
12.43824
24.87647
38.01912
50.45736
62.89559
75.33383
87.77207
100.21030
113.26258
127.06473
12.43824
24.87647
35.82040
48.76190
61.20014
73.63838
86.07661
98.09842
110.53666
123.22362
12.43824
24.87647
37.31471
49.75295
58.68157
71.11981
83.34963
95.78787
108.95844
122.08295
12.43824
24.87647
37.31471
49.75295
62.19118
74.97664
88.01301
100.45124
112.88948
119.73315
12.43824
25.55758
37.99582
50.43405
62.87229
75.31053
87.74876
99.42940
108.79086
121.22910
12.43824
24.87647
37.31471
49.75295
62.87531
73.86586
86.30410
99.30520
111.74344
124.86607
12.43824
24.87647
37.31471
49.75295
62.93486
75.37309
87.81133
100.49698
112.93522
126.05787
12.43824
24.87647
37.31471
49.75295
62.19118
74.62942
87.06765
99.50589
111.94413
124.06840
12.43824
24.87647
37.31471
49.75295
62.84820
75.28644
83.71292
96.15116
106.48034
118.91858
12.43824
24.87647
37.31471
50.07830
63.64498
76.08322
87.39797
96.23174
108.66998
121.10821
12.43824
24.87647
37.31471
49.75295
62.19118
74.62942
81.10067
93.95169
106.38993
119.16146
12.43824
24.87647
37.53420
49.97244
62.41068
75.77996
88.21820
99.22176
111.65999
124.38337
12.43824
24.87647
37.31471
49.75295
62.59903
75.47260
87.91083
95.75211
108.67901
120.79917
12.43824
24.87647
37.31471
50.26272
62.75802
75.19625
86.64179
99.08002
111.69196
124.13020
12.43824
24.87647
37.31471
49.75295
62.19118
74.62942
87.06765
99.94183
112.38006
124.81830
12.43824
24.87647
37.31471
49.75295
62.19118
75.05590
88.15402
93.72703
97.61095
109.80222
