12.43824
24.87647
37.31471
49.75295
62.49278
74.93102
87.36925
100.32757
111.37652
123.81476
12.43824
24.87647
37.31471
49.75295
62.19118
74.62942
87.06765
99.50589
110.98406
123.83170
12.43824
24.87647
37.31471
49.75295
61.03582
73.48697
85.92521
98.36344
110.73753
123.93568
12.43824
24.87647
37.31471
47.85170
60.92692
73.36515
86.51633
96.92014
109.35838
121.79661
12.43824
20.76067
33.19891
45.63715
58.07538
70.51362
83.64719
95.37857
108.54008
120.97832
12.43824
24.87647
37.31471
50.50162
63.37341
74.74676
87.18500
99.62324
112.27758
125.37132
12.43824
24.87647
37.31471
49.75295
62.06970
74.00457
86.44281
99.38323
104.54010
116.97833
12.43824
24.87647
37.31471
49.75295
62.19118
74.62942
87.43384
99.87207
112.43250
124.87074
12.43824
24.87647
36.37223
48.81047
61.24870
73.68694
86.14134
98.45306
110.89130
124.53627
12.43824
18.85809
31.34521
42.65181
55.09005
67.52829
79.96652
92.40476
104.84300
114.09551
12.43824
24.87647
37.31471
49.75295
62.74923
75.18746
87.62570
100.06394
104.77600
117.27807
12.43824
24.87647
37.03576
49.47400
61.91223
74.35047
86.78870
96.54167
108.97991
121.77090
12.43824
24.87647
37.31471
49.75295
62.32693
74.76517
87.76306
100.63666
113.07489
125.51313
12.43824
24.87647
37.31471
50.26234
62.70057
75.13881
87.96963
100.40786
111.42549
123.86372
12.43824
24.09089
36.52913
48.96736
61.40560
74.51875
84.52540
96.96364
110.36293
122.80117
12.43824
24.87647
34.27075
46.70898
57.67249
70.11072
83.48220
96.66502
109.10326
114.78882
12.43824
24.87647
37.31471
49.75295
62.19118
74.62942
87.06765
99.50589
112.03383
125.21729
12.43824
24.87647
37.49653
49.93477
62.60136
75.03960
87.47784
99.91607
112.36066
124.96660
12.43824
24.87647
37.31471
49.75295
62.19118
74.04621
86.48445
98.92268
111.78875
124.22699
12.43824
24.87647
37.31471
49.75295
62.19118
74.62942
87.06765
100.19040
113.16741
125.60565
12.43824
24.87647
37.31471
49.75295
62.19118
74.62942
88.20302
100.64125
111.72592
124.91151
12.43824
24.87647
36.90602
41.07573
53.51397
62.91586
75.35410
87.79233
100.23057
113.00676
12.43824
24.87647
37.31471
47.61439
60.05262
72.49086
84.92910
96.65871
109.09695
115.14234
12.43824
24.87647
37.31471
49.75295
56.07847
67.84829
80.57161
93.00985
105.44808
117.88632
12.43824
24.87647
37.31471
49.75295
62.19118
75.36161
87.79985
100.98672
112.81950
125.25774
12.43824
24.87647
37.31471
39.25001
51.68825
64.12649
76.74363
89.18186
101.62010
113.99112
12.43824
24.87647
37.31471
49.75295
62.19118
74.62942
83.09673
96.09661
108.53485
120.97308
12.43824
24.87647
37.31471
49.75295
62.74446
75.18270
88.11937
100.39354
113.16427
125.87206
12.43824
24.87647
37.31471
48.82624
61.26448
64.66457
77.49689
89.93513
100.69678
113.10293
12.43824
24.87647
37.31471
43.51095
56.60845
69.04668
81.48492
94.48804
103.16844
116.22591
12.43824
24.87647
37.31471
49.96483
62.40307
74.84130
87.27954
95.53953
107.97777
121.09482
12.43824
24.87647
37.31471
49.75295
62.19118
75.28024
86.39924
98.83748
111.27571
124.31658
12.43824
24.87647
37.31471
49.75295
62.19118
74.62942
87.06765
100.07996
112.92989
125.86064
12.43824
24.87647
38.02084
48.23907
60.67730
73.11554
85.96326
98.40149
111.19362
121.22480
12.43824
24.87647
37.31471
46.25418
58.69241
71.13065
80.42684
92.86508
105.30331
115.76917
12.43824
24.87647
37.31471
49.75295
62.19118
74.62942
87.59958
99.83769
112.92274
121.94428
12.43824
25.58074
38.01898
50.45722
63.30239
72.73617
85.17440
97.61264
104.47159
117.65786
12.43824
24.87647
37.31471
49.63487
62.07310
75.25967
87.69790
96.72414
109.90026
122.33850
12.43824
24.87647
37.31471
49.75295
62.19118
74.62942
84.28784
95.97402
109.15450
121.59274
12.43824
24.87647
37.31471
49.75295
61.98157
74.41981
81.38884
93.82708
106.26532
118.70355
12.43824
24.87647
37.31471
49.75295
62.83704
75.33749
87.77572
100.21396
107.00711
119.44535
12.43824
20.41280
32.85104
45.97800
58.41624
70.85448
79.28183
92.09010
104.99704
117.51261
12.43824
24.87647
37.31471
49.75295
62.19118
75.21274
87.65098
100.08921
106.54746
118.54267
12.43824
24.87647
37.31471
49.75295
62.19118
74.62942
78.64703
91.08527
99.94958
112.91733
12.43824
24.87647
37.31471
49.75295
62.19118
75.02496
83.92627
92.68224
105.86156
113.19929
12.43824
24.87647
37.31471
49.75295
62.19118
74.62942
76.11309
88.55133
100.98956
101.75609
12.43824
18.78020
27.45889
39.89713
50.91115
63.34938
76.20269
88.64093
90.27656
102.71480
12.43824
24.87647
37.31471
48.26058
60.69881
73.13705
83.05520
94.93435
107.37259
118.26121
12.43824
24.87647
38.02307
50.46131
62.89955
75.33778
81.72631
88.85308
100.63411
104.02935
12.43824
24.87647
37.31471
49.75295
59.41550
72.03304
85.05921
97.49745
105.96281
118.50132
12.43824
24.87647
36.94134
49.37958
61.81781
73.39276
85.83099
99.01310
111.45134
124.51211
12.43824
25.38103
37.81926
50.92805
63.36629
75.80453
88.24276
100.68100
113.85897
126.29721
12.43824
24.87647
37.31471
49.75295
62.19118
74.62942
87.06765
99.50589
101.64579
114.32383
12.43824
24.87647
37.31471
49.75295
62.19118
75.16692
86.24766
96.58421
109.02245
121.46068
12.43824
24.87647
37.31471
49.75295
62.19118
74.62942
87.22473
99.66296
109.39665
121.83489
12.43824
24.87647
37.31471
47.58958
60.49439
72.93263
85.45576
98.48743
108.23976
122.07805
12.43824
24.87647
37.31471
49.75295
62.19118
74.62942
87.06765
98.69913
111.13736
124.00027
12.43824
24.87647
37.31471
49.75295
62.19118
74.62942
87.06765
99.50589
111.94413
124.38236
12.43824
24.87647
34.75418
47.19242
54.19239
66.63063
79.06886
91.50710
103.89113
116.32937
12.43824
24.87647
37.35871
49.79694
62.23518
74.67342
87.11165
97.21116
108.86641
121.30465
12.43824
24.87647
37.31471
49.93223
62.37047
74.80871
87.24694
99.68518
110.24305
122.68129
12.43824
24.87647
37.31471
49.75295
62.93984
75.59014
88.02838
101.21542
113.68971
127.09886
12.43824
24.87647
37.31471
49.75295
62.79771
75.23595
88.04824
100.54342
112.98165
118.17261
12.43824
24.87647
37.31471
49.75295
62.93998
71.86742
85.37159
97.80983
107.08912
119.52735
12.43824
24.87647
37.31471
49.75295
62.19118
74.62942
87.52008
95.89818
108.33641
120.77465
12.43824
24.87647
37.31471
49.75295
62.19118
74.62942
87.06765
99.95893
112.96460
124.52770
12.43824
24.87647
37.31471
49.67412
62.11236
74.55059
87.68480
100.12303
112.56127
124.99951
12.43824
24.87647
37.31471
49.75295
62.19118
74.62942
87.06765
98.93045
110.00694
122.44517
12.43824
24.87647
37.31471
49.75295
62.19118
74.62942
78.89851
91.33675
103.77498
116.21322
12.43824
24.87647
37.31471
49.75295
62.66685
75.10509
87.54333
99.98156
112.41980
124.92000
12.43824
24.87647
37.67289
50.11112
63.17145
75.78590
88.22413
101.67565
113.82199
126.94728
12.43824
24.87647
37.56894
50.00717
62.44541
75.24513
87.68337
100.67752
113.11576
125.55399
12.43824
24.87647
37.31471
50.49905
62.93729
75.37553
88.21390
100.65214
112.77634
125.21458
12.43824
25.57952
38.01775
50.45599
62.89423
75.33246
88.82777
101.26601
108.69080
121.81547
12.43824
24.87647
37.31471
49.75295
62.51118
75.31109
80.48592
92.92416
105.36240
115.16842
12.43824
24.87647
37.31471
49.75295
62.19118
71.80328
84.31137
96.74961
109.18784
121.79923
12.43824
24.87647
37.31471
47.39603
59.83427
63.50334
75.94158
88.37982
100.81805
111.94641
12.43824
24.87647
37.31471
49.75295
62.60044
75.03867
87.47691
100.57599
113.01422
125.50818
12.43824
21.90465
34.34288
46.78112
59.21936
71.65759
84.09583
96.53407
104.49007
108.83733
12.43824
24.87647
37.62801
50.39285
62.83109
75.26932
87.70756
100.14579
113.15600
126.19871
12.43824
24.87647
37.31471
49.75295
62.93997
75.37821
87.81645
100.25468
112.69292
126.51086
12.43824
24.87647
35.58622
48.02446
57.40195
69.84019
82.27842
95.44798
107.88622
117.72778
12.43824
24.87647
37.31471
49.75295
62.19118
63.88570
76.42853
87.95396
100.39220
103.05926
12.43824
22.69468
26.56412
39.00235
51.44059
63.87883
76.56468
89.00292
101.44115
112.86844
12.43824
24.87647
37.31471
49.75295
62.19118
74.62942
87.06765
99.50589
112.64555
126.35512
12.43824
24.87647
37.52797
50.60817
63.04641
75.48464
87.92288
101.08155
114.25295
127.37975
12.43824
24.87647
37.31471
49.75295
62.19118
74.62942
87.06765
99.50589
109.16294
121.80891
12.43824
24.87647
37.31471
49.75295
62.19118
67.70424
80.14247
92.58071
105.01894
118.40450
12.43824
25.44168
37.87991
50.31815
63.09405
75.53229
87.97052
98.92121
108.95848
121.39671
12.43824
24.87647
37.31471
49.75295
58.37799
61.32665
73.76489
86.20312
98.64136
110.90959
12.43824
24.87647
37.31471
49.75295
62.19118
74.62942
85.00414
97.63515
110.07338
120.30696
12.43824
24.87647
37.31471
49.75295
62.19118
75.06614
87.50437
99.94261
112.87345
122.66014
12.43824
24.87647
37.31471
49.75295
62.19118
74.62942
79.19441
91.63265
102.79123
115.22946
12.43824
24.87647
37.31471
50.47497
63.56100
75.99923
89.34132
92.42408
104.86232
117.30055
12.43824
24.87647
37.31471
49.75295
62.19118
74.62942
83.95155
96.85913
109.29737
122.12985
12.43824
24.87647
37.31471
49.75295
62.19118
75.22984
88.16036
95.79447
108.23271
112.85254
12.43824
24.87647
35.84170
48.27994
61.23824
74.21242
86.65065
96.49167
109.62570
122.61444
12.43824
24.87647
37.31471
47.81372
60.25195
72.69019
85.45322
97.89146
111.04785
123.48609
12.43824
24.87647
37.31471
50.32025
62.75849
75.19672
88.38348
101.20307
113.64131
126.07955
12.43824
24.87647
37.31471
49.75295
62.71193
75.15017
88.32595
101.16976
112.22261
123.99380
