12.43824
24.87647
37.31471
49.75295
62.67157
75.32920
87.76743
99.40184
112.55193
124.99016
12.43824
24.87647
37.31471
49.80916
62.24740
74.68564
87.50475
101.12829
110.51457
121.49973
12.43824
24.87647
37.31471
49.75295
62.91449
76.08276
88.52598
100.96422
110.25194
123.66727
12.43824
24.87647
37.31471
48.99023
61.59004
74.02828
86.10483
95.35554
108.40500
121.35105
12.43824
25.57092
38.00915
50.44739
62.88563
75.32386
85.16156
95.13114
105.20118
118.36937
12.43824
24.87647
37.31471
49.98893
62.42688
75.02114
87.45938
100.31601
112.68587
123.66115
12.43824
24.87647
37.31471
49.75295
59.13483
68.55887
80.99711
91.90766
102.07817
112.36901
12.43824
24.87647
37.31471
49.75295
62.19118
75.33863
87.54995
99.98818
113.61279
126.48930
12.43824
24.87647
36.89467
49.33291
61.09981
73.53805
81.99645
93.76494
106.20317
117.98230
12.43824
19.80966
32.90728
39.15582
51.59406
64.03230
76.47053
88.93898
101.37722
111.62618
12.43824
24.87647
37.31471
49.75295
57.69780
70.19725
83.42910
95.86734
101.07129
113.76965
12.43824
24.87647
36.09358
48.53182
61.59552
74.52784
86.96608
89.94446
102.38270
115.52055
12.43824
24.87647
37.31471
49.75295
62.93238
75.37061
88.52622
100.89643
106.48626
119.26873
12.43824
24.87647
28.85811
35.81471
48.25295
60.69119
73.12942
86.27704
99.02361
111.46185
12.43824
23.66154
36.09978
48.53801
60.97625
74.13201
82.97542
95.68351
105.35880
118.39530
12.43824
24.87647
37.13942
50.11904
58.82457
71.26281
84.52985
95.66320
108.10143
111.51566
12.43824
24.87647
37.31471
49.97510
62.41333
74.86301
87.30124
99.73948
105.65624
118.56820
12.43824
24.87647
37.18929
43.60338
55.00639
67.44463
79.88286
92.78715
104.53849
116.89672
12.43824
24.87647
37.31471
49.75295
62.19118
74.90554
87.60305
100.78899
113.29763
126.00541
12.43824
25.38325
37.82149
50.25973
62.69796
74.07367
86.51191
97.63716
109.12493
122.12473
12.43824
24.87647
38.02010
50.45834
63.36371
75.80195
84.56104
96.99928
102.89042
108.70430
12.43824
24.87647
37.97565
46.67221
59.11045
66.16566
78.60390
91.78510
104.22333
117.95497
12.43824
24.87647
37.31471
48.97651
61.97664
74.41488
86.85312
96.55954
109.28497
120.35418
12.43824
24.87647
37.31471
49.75295
54.59081
62.94966
75.58173
88.01996
100.55689
112.99512
12.43824
24.87647
37.31471
49.75295
62.19118
74.62942
87.06765
97.05450
109.59050
122.02874
12.43824
24.87647
37.31471
41.75058
54.18882
66.62706
80.54576
93.03785
105.58465
118.24531
12.43824
24.87647
37.31471
50.19068
62.62892
75.06716
82.69357
90.79990
103.59724
116.03547
12.43824
24.87647
37.31471
49.75295
37.31471
49.75295
62.23940
66.59142
79.51721
86.24222
12.43824
24.87647
37.31471
45.71592
58.15416
62.74808
75.79830
88.23654
96.95045
106.62336
12.43824
24.87647
37.31471
43.03466
52.14117
64.57941
77.01765
90.20316
100.80977
114.22839
12.43824
24.87647
37.31471
45.64289
58.08112
70.51936
82.95759
95.10085
108.45797
114.78012
12.43824
25.51183
37.95007
50.38830
62.82654
73.92076
83.58081
96.01905
109.18759
122.37236
12.43824
24.87647
37.31471
49.75295
62.19118
74.62942
87.06765
100.85423
114.22911
125.79602
12.43824
24.87647
32.88988
40.93119
53.36943
65.80767
76.52758
88.37566
90.34302
96.96303
12.43824
24.87647
38.03343
50.89402
63.81478
76.25302
87.01804
99.75642
111.56904
114.78264
12.43824
24.87647
37.31471
49.81870
62.25694
73.03558
85.31175
97.74151
110.88638
121.26173
12.43824
24.60621
37.04444
49.48268
57.23099
66.73955
79.17779
92.86645
104.28543
117.36315
12.43824
24.87647
37.31471
49.40504
61.84328
73.76749
86.20573
90.62198
102.98838
115.95025
12.43824
24.87647
37.31471
50.46486
62.90309
75.34133
84.36266
94.68885
99.37592
111.81416
12.43824
24.87647
37.31471
49.75295
60.73676
73.17500
80.37724
92.81548
105.25371
118.03525
12.43824
24.87647
37.31471
49.75295
62.27559
74.09669
86.53493
99.04276
101.74981
114.18805
12.43824
18.68933
31.12756
42.55050
54.98874
67.42698
73.79055
85.37027
97.00216
110.14576
12.43824
24.87647
37.31471
49.75295
62.19118
73.26699
85.70523
98.14346
106.21092
118.17825
12.43824
24.87647
37.31471
49.75295
63.64472
76.08296
89.02521
101.46345
106.80656
119.17811
12.43824
24.87647
38.05355
50.49179
62.93003
75.42571
78.92677
88.71269
101.64402
107.23349
12.43824
24.87647
37.31471
49.85041
62.28864
74.72688
87.68640
100.12464
112.70639
125.81405
12.43824
22.12056
30.85720
43.29543
47.13228
59.57052
72.65087
85.08911
95.59678
108.03501
12.43824
24.87647
37.31471
46.03690
58.47513
70.91337
84.07399
89.08133
102.16149
103.06580
12.43824
24.87647
27.41987
39.85811
52.78068
65.21892
73.86759
79.85958
84.19003
97.08972
12.43824
24.87647
37.31471
50.45052
62.97176
75.62755
88.14657
101.21571
113.68949
126.85777
12.43824
24.87647
33.74962
46.18785
58.62609
70.68964
83.12787
95.56611
108.95466
121.47223
12.43824
24.87647
37.31471
45.69958
58.43708
70.87532
83.31355
95.75179
107.24422
119.68246
12.43824
24.87647
37.88415
50.32239
62.86269
75.30093
87.73916
100.17740
109.25980
122.19525
12.43824
24.87647
37.31471
50.27189
62.74452
70.95531
83.09655
86.68091
99.11915
111.55739
12.43824
24.87647
37.31471
50.03253
62.47076
75.28807
86.97395
99.41218
105.25518
117.69341
12.43824
24.87647
37.31471
44.66661
56.60366
69.23192
81.49888
85.69244
92.42269
105.16899
12.43824
25.51283
37.95107
50.38930
62.82754
75.58601
88.02425
92.82446
105.97388
118.41669
12.43824
24.87647
37.31471
50.48199
62.92023
76.79529
89.23352
101.67176
114.11000
126.54823
12.43824
24.87647
36.66734
49.10558
57.27918
69.71742
82.84235
95.82511
105.29258
117.73081
12.43824
24.87647
37.88014
50.34555
62.78379
75.22202
87.66026
92.19748
98.57936
111.37406
12.43824
24.87647
37.31471
47.28742
59.72565
72.16389
84.60213
97.72058
110.48656
117.02481
12.43824
24.87647
37.31471
49.75295
62.92177
76.01410
88.45234
100.67856
111.86440
114.76894
12.43824
24.87647
37.31471
49.75295
62.88211
75.32035
88.48989
99.91275
112.35098
115.52737
12.43824
24.87647
37.31471
49.75295
56.21574
69.21024
83.03257
95.47081
103.96807
117.60812
12.43824
24.87647
37.31471
49.75295
62.74436
75.18260
85.27458
92.67562
102.70408
115.14231
12.43824
24.87647
37.31471
49.75295
62.19118
74.62942
87.06765
100.09969
113.83783
126.82249
12.43824
24.87647
37.31471
43.80481
56.24305
69.26443
82.32298
94.76122
108.15515
120.59339
12.43824
24.87647
37.31471
49.75295
62.51433
75.19757
87.63581
98.14494
107.75313
120.30318
12.43824
25.56055
37.99878
51.10114
63.53938
75.63184
77.09989
89.53813
101.97637
115.54288
12.43824
24.87647
37.31471
49.75295
62.95633
75.39456
88.55715
101.65359
114.09183
127.60824
12.43824
24.87647
38.00364
50.44188
63.37097
75.60850
88.04673
100.94680
114.11187
127.29632
12.43824
24.87647
35.44164
47.87987
60.31811
73.06221
85.50044
98.12517
111.25866
123.69690
12.43824
24.87647
37.31471
48.09126
60.52949
72.96773
85.40597
98.57733
106.61048
119.63200
12.43824
23.35834
35.79658
48.57458
61.01281
73.45105
82.86798
95.83543
109.05028
120.45983
12.43824
24.87647
37.31471
49.75295
59.15919
72.19897
75.60819
88.78048
101.41785
114.62024
12.43824
24.87647
37.31471
49.75295
62.30863
68.59214
81.72719
94.16543
106.60366
119.67298
12.43824
24.87647
37.31471
49.93804
62.37627
68.52797
80.98037
93.52979
106.44318
113.83887
12.43824
24.87647
37.65472
50.09296
58.03729
70.47553
82.91376
96.04032
108.47856
121.65076
12.43824
17.33378
29.77202
42.21025
54.64849
67.08673
79.52496
91.96320
101.03084
111.22558
12.43824
24.87647
37.92773
49.83672
62.27496
75.43305
88.61942
101.05765
108.86200
121.38298
12.43824
24.87647
37.31471
49.86040
62.32507
74.76331
87.20154
99.63978
113.49779
126.88335
12.43824
24.87647
33.23513
45.67336
51.45350
63.89173
76.74845
87.82597
100.50575
108.98940
12.43824
24.87647
37.31471
49.75295
62.42448
73.32893
76.61617
84.88023
97.31847
105.50396
12.43824
21.33536
25.27353
37.71177
50.15000
63.24217
76.33555
88.77379
101.21202
114.81316
12.43824
24.87647
37.97991
50.41815
62.93070
75.36893
87.80717
100.24540
113.22398
125.03929
12.43824
24.87647
35.37160
42.70207
55.14030
67.57854
80.01678
90.20705
103.16802
116.34621
12.43824
24.87647
37.31471
49.75295
53.40736
65.84560
77.50479
89.94303
95.28525
108.38181
12.43824
24.87647
37.31471
49.75295
62.19118
75.07528
88.22157
101.40596
113.84420
124.28410
12.43824
25.56575
38.00399
50.44222
63.35415
75.79238
88.23062
99.39210
110.15442
122.59266
12.43824
24.87647
37.31471
49.75295
55.30020
63.04420
75.48244
87.92067
100.35891
112.47064
12.43824
24.87647
37.31471
50.16283
62.60106
75.03930
86.01507
99.17637
111.61461
118.47067
12.43824
24.87647
37.31471
49.84231
62.28055
76.19381
88.63204
101.07028
111.76453
125.05018
12.43824
24.87647
37.31471
50.24180
63.40890
75.84713
86.34923
98.78746
111.97445
124.41268
12.43824
25.33838
37.77662
45.23317
58.18600
70.62424
83.80876
88.59012
101.02835
113.46659
12.43824
24.87647
37.31471
49.87451
62.31275
74.75098
84.94178
98.12538
110.56362
123.48898
12.43824
24.87647
38.05332
50.49156
62.92979
75.86462
88.71068
98.14611
111.31882
113.10341
12.43824
24.87647
37.74510
50.18333
62.40469
74.63515
87.07339
98.98710
112.12232
122.99954
12.43824
24.87647
37.42837
45.82944
58.99073
71.42897
81.17155
93.60979
106.65987
119.09810
12.43824
24.87647
37.31471
49.41395
61.85218
74.29042
85.42091
98.60399
111.04223
123.48047
12.43824
24.87647
37.31471
49.75295
62.82984
75.11789
88.29057
97.52623
104.13465
114.98087
