12.43824
24.87647
37.31471
49.75295
61.66010
74.09834
86.53657
95.13490
102.81231
115.25054
12.43824
24.87647
37.31471
49.92323
62.36146
74.79970
87.50186
100.38402
110.58380
122.23351
12.43824
24.87647
37.31471
49.75295
58.07054
71.18296
83.62120
96.05943
108.34963
121.83359
12.43824
24.87647
37.31471
47.63634
60.79000
73.22824
85.73717
95.71508
108.73340
121.17164
12.43824
22.74881
35.18704
47.62528
60.06352
72.50175
81.90244
93.09532
104.22475
117.28735
12.43824
24.87647
37.31471
50.42854
62.86118
72.46311
84.90134
97.33958
109.61496
119.49099
12.43824
24.87647
37.31471
49.75295
58.48921
64.24865
76.68688
88.36136
91.84244
99.61752
12.43824
24.87647
37.31471
49.75295
62.19118
74.84117
87.16437
99.60260
112.72966
125.16790
12.43824
24.87647
33.59638
46.03462
58.59296
71.03120
79.35026
91.36242
103.80065
105.95292
12.43824
17.56444
30.55287
40.22718
52.66541
65.10365
77.54189
89.98012
102.41836
109.79780
12.43824
24.87647
37.31471
49.75295
50.18418
62.62242
75.66136
88.09960
93.27028
103.79298
12.43824
24.87647
37.40793
49.84616
62.28440
74.92137
87.35960
89.60050
102.03874
115.15663
12.43824
24.87647
37.31471
49.75295
62.24329
74.68152
87.79387
100.98084
107.88282
120.32105
12.43824
24.87647
28.83867
38.25543
50.69366
63.13190
75.58725
88.02549
99.55952
111.99775
12.43824
24.44094
36.87918
49.31742
61.75565
74.85660
80.74518
93.18341
106.03893
118.47716
12.43824
24.87647
34.68152
47.11976
58.35158
70.78981
84.11584
85.83352
98.27176
104.05475
12.43824
24.87647
37.31471
49.75295
62.19118
74.62942
87.06765
99.50589
107.71086
120.85459
12.43824
24.87647
38.05612
45.67018
58.80107
71.23931
83.67754
96.11578
108.58497
120.33533
12.43824
24.87647
37.31471
49.75295
62.19118
72.92222
85.36046
97.79870
110.98170
123.73294
12.43824
24.91917
37.35740
49.79564
62.23388
75.04214
87.48038
97.32942
109.89113
122.35778
12.43824
24.87647
37.46642
49.90466
62.34289
74.78113
76.27511
88.71335
98.97933
106.01582
12.43824
24.87647
33.02300
37.22624
49.66448
58.93538
71.37362
83.81185
96.25009
108.40262
12.43824
24.87647
37.31471
47.41893
59.85716
72.29540
84.73363
94.10790
106.54614
113.65381
12.43824
24.87647
37.31471
49.75295
54.84084
64.54913
77.67486
90.11309
102.55133
114.98957
12.43824
24.87647
37.31471
49.75295
62.19118
75.30742
87.74566
100.12449
101.46481
113.90304
12.43824
24.87647
37.31471
39.13994
51.57817
64.01641
76.95209
89.39032
101.82856
113.48128
12.43824
24.87647
37.31471
49.75295
62.19118
74.62942
84.76164
90.28517
102.72341
115.16164
12.43824
24.87647
37.31471
49.75295
58.24714
70.68538
84.11037
89.81884
102.25707
109.60413
12.43824
24.87647
37.31471
48.30930
60.74754
67.11855
80.27929
92.71752
104.11030
113.60854
12.43824
24.87647
37.31471
43.79269
53.95949
66.39772
78.83596
91.98100
97.49124
110.64036
12.43824
24.87647
37.31471
48.36645
60.80469
73.24292
85.68116
93.23031
106.08829
112.51388
12.43824
24.87647
37.31471
49.75295
62.19118
74.83646
85.88196
98.32020
110.90217
124.37344
12.43824
24.87647
37.31471
49.75295
62.19118
74.62942
87.06765
100.20036
113.71461
126.59148
12.43824
24.87647
34.07958
43.84925
56.28749
68.72573
80.91300
94.01788
95.97066
101.17993
12.43824
24.87647
37.60506
46.57004
59.14406
71.58230
76.87283
89.31106
102.51581
103.60798
12.43824
24.87647
37.31471
49.75295
62.19118
70.09806
83.18691
95.81990
109.00505
117.21754
12.43824
25.60615
38.04439
50.48262
58.80093
70.02654
82.46477
94.90301
100.87234
113.99010
12.43824
24.87647
37.31471
49.65194
62.09018
74.58792
87.02616
91.90098
105.01275
117.45099
12.43824
24.87647
37.31471
49.75295
62.19118
74.62942
84.97107
90.75091
97.40757
109.84580
12.43824
24.87647
37.31471
49.75295
62.63333
75.07157
77.71379
90.15202
102.59026
115.02850
12.43824
24.87647
37.31471
49.75295
62.59437
74.94189
87.38013
100.03057
101.59971
114.03795
12.43824
19.49834
31.93658
43.14402
55.58225
68.02049
72.80878
75.33188
87.60093
100.63130
12.43824
24.87647
37.31471
49.75295
62.19118
74.79094
87.22917
99.66741
107.22571
115.76663
12.43824
24.87647
37.31471
49.75295
62.43534
74.87358
79.13050
91.56873
100.24929
107.89584
12.43824
24.87647
37.60597
50.04421
62.48244
75.66819
78.35575
87.81469
95.00938
100.99611
12.43824
24.87647
37.37221
50.39560
62.83384
75.27207
77.33810
89.77633
102.21457
102.43854
12.43824
18.29016
26.37076
38.80900
44.31962
56.75786
69.65212
82.09035
82.50265
94.94089
12.43824
24.87647
37.31471
47.15137
59.58961
72.02785
79.50934
87.11467
99.87804
100.24694
12.43824
24.87647
29.51628
41.95452
55.04180
67.48003
70.32892
77.52110
84.67638
89.45218
12.43824
24.87647
37.31471
49.94436
59.78189
72.75383
85.78759
98.22583
101.36557
113.80381
12.43824
24.87647
35.45895
47.89718
60.33542
71.83167
84.26990
97.26297
111.17871
124.31702
12.43824
25.42963
37.86787
48.46051
60.89874
73.33698
85.77522
98.21345
110.88823
123.32647
12.43824
24.87647
37.80811
50.24635
52.56738
65.00561
77.44385
89.88208
92.16924
105.34485
12.43824
24.87647
37.31471
49.75295
62.19118
69.83456
78.74772
82.50016
94.93840
107.37664
12.43824
24.87647
37.31471
49.75295
62.19118
74.62942
76.36826
88.80649
92.37735
104.81559
12.43824
24.87647
37.31471
46.47813
48.04655
60.48478
70.80373
79.46334
85.68046
92.82965
12.43824
24.87647
37.31471
49.75295
62.19118
74.62942
87.06765
92.35894
104.79718
117.95748
12.43824
24.87647
37.31471
49.75295
62.19118
75.64299
88.08123
100.51947
112.95770
125.39594
12.43824
24.87647
34.62478
47.06302
53.32930
65.76753
78.02775
90.46961
94.47570
106.91394
12.43824
24.87647
37.69195
50.13018
62.56842
75.00666
87.44489
96.24056
100.65285
113.09109
12.43824
24.87647
37.31471
49.11197
61.55020
73.98844
86.42668
99.36939
108.52080
117.82572
12.43824
24.87647
37.31471
49.75295
62.92663
75.89888
88.33711
101.17280
113.08332
116.34996
12.43824
24.87647
37.31471
49.75295
62.17019
74.60843
87.59343
99.80188
112.24012
116.78500
12.43824
24.87647
37.31471
49.75295
59.36179
65.72390
78.29636
90.73459
100.12557
113.10289
12.43824
24.87647
37.31471
49.75295
62.19118
74.62942
83.79569
89.31036
102.23424
114.67247
12.43824
24.87647
37.31471
49.75295
62.78553
75.22377
87.66201
100.43905
113.02332
121.45013
12.43824
24.87647
37.31471
45.95385
58.39208
70.83032
83.77540
96.21364
109.10184
121.54008
12.43824
24.87647
37.31471
49.75295
62.19118
74.62942
87.06765
96.14733
107.52778
120.71496
12.43824
24.87647
37.31471
49.75295
62.19118
74.85433
78.23766
90.67590
103.11413
116.73869
12.43824
24.87647
37.31471
49.75295
61.75157
74.18980
86.63352
99.41591
111.85415
123.74994
12.43824
24.87647
37.47583
49.91407
62.94928
66.43167
78.86990
91.93173
104.56257
117.48292
12.43824
24.87647
32.47650
44.91473
57.35297
69.79120
82.22944
95.17425
107.78172
120.21996
12.43824
24.87647
37.31471
48.01022
60.44846
72.88669
85.32493
98.18921
110.18245
122.62068
12.43824
25.31399
37.75222
50.19046
62.62869
75.06693
88.52673
100.96497
103.69906
115.71543
12.43824
24.87647
37.31471
49.75295
62.09898
74.86393
81.00727
93.44550
105.88374
114.90322
12.43824
24.87647
37.31471
49.75295
62.19118
71.16579
84.28778
96.72602
109.16426
122.33995
12.43824
24.87647
37.31471
46.96102
59.39925
61.54804
73.98628
86.42452
98.86275
107.02368
12.43824
24.87647
37.31471
49.75295
59.27248
71.71072
84.14895
97.11630
109.55454
122.62875
12.43824
17.08993
29.52817
41.96640
54.40464
66.84288
79.28111
91.71935
98.60200
99.72745
12.43824
24.87647
37.93435
50.08125
62.51949
75.27075
88.15971
100.59794
110.44760
124.13057
12.43824
24.87647
37.31471
49.75295
62.74683
75.18507
87.62331
100.06154
112.95384
126.35249
12.43824
24.87647
34.90714
47.34537
53.53193
65.97017
78.40840
91.03529
103.47353
114.40027
12.43824
24.87647
37.31471
49.75295
62.19118
67.20733
71.99569
82.95747
95.39570
95.63228
12.43824
20.40755
24.03507
36.47330
48.91154
61.78277
74.79595
87.23419
99.67242
110.40170
12.43824
24.87647
37.63867
50.07690
62.51514
74.95338
87.39161
99.82985
112.08194
125.99599
12.43824
24.87647
37.08093
44.66997
57.10821
69.54644
81.98468
93.92707
107.10310
119.97422
12.43824
24.87647
37.31471
49.75295
53.55648
65.99472
78.51907
90.95731
97.11807
110.30297
12.43824
24.87647
37.31471
49.75295
62.19118
72.70528
85.89134
98.32958
110.76781
120.79688
12.43824
25.59498
38.03322
50.47145
63.51896
75.95719
88.39543
94.79899
98.13026
110.56850
12.43824
24.87647
37.31471
49.75295
56.62085
59.66278
72.10102
84.53926
96.97749
106.65426
12.43824
24.87647
37.31471
49.75295
62.19118
74.62942
80.54163
93.33526
105.77349
115.54959
12.43824
24.87647
37.31471
49.75295
62.19118
75.29138
87.72961
100.16785
105.75210
117.64868
12.43824
24.87647
37.31471
49.75295
62.57404
75.01227
78.21562
90.65385
94.36521
106.80345
12.43824
24.87647
37.31471
48.78932
61.42437
73.86261
83.57039
85.38922
97.82746
110.26569
12.43824
24.87647
37.31471
49.75295
62.19118
74.62942
81.02490
93.77443
106.21267
119.35626
12.43824
24.87647
37.33569
49.77393
62.21217
75.39761
88.38129
96.82994
109.26817
113.11379
12.43824
24.87647
32.55616
44.99440
58.17174
71.16830
83.60654
94.31527
107.41010
120.00855
12.43824
24.87647
37.31471
47.56959
60.00782
72.44606
85.00648
97.44471
110.32341
122.76165
12.43824
24.87647
37.31471
50.19576
62.63400
75.07223
87.33227
100.07897
112.51721
124.95544
12.43824
24.87647
37.31471
49.75295
62.89671
76.04157
89.06460
95.01140
102.58214
111.13143
