12.43824
24.87647
37.31471
49.97757
56.94982
66.11167
79.95136
81.85629
84.61475
95.99446
12.43824
24.87647
38.02410
44.78689
57.33548
70.44932
76.43502
82.78408
92.34945
97.17964
12.43824
25.57204
38.01027
51.06946
54.20812
62.16259
73.06895
84.53318
89.97952
92.17914
12.43824
24.87647
38.05797
42.06050
49.17600
60.24666
66.11523
69.68076
78.14635
89.00760
12.43824
21.24928
33.68752
47.51839
59.95663
72.28666
80.55671
86.13536
90.69927
97.66051
12.43824
24.87647
37.23173
40.87698
49.03930
51.99629
64.83097
74.69972
78.38976
82.42835
12.43824
25.24367
38.26984
50.99509
56.69345
58.49868
66.58145
71.58795
71.73184
78.06841
12.43824
25.34748
34.74153
47.17976
60.15103
68.60406
72.39030
86.08313
90.60633
98.15043
12.43824
24.87647
28.73128
41.76806
48.55234
61.05929
67.17360
72.65844
84.83325
85.01790
12.43824
16.31001
24.05710
25.06848
37.50672
48.12854
57.39574
67.62611
81.07514
89.70400
12.43824
24.87647
37.28283
49.89981
51.18672
59.42942
71.26587
84.22601
88.46005
90.82894
12.43824
25.03712
31.07203
43.51026
54.11932
63.83451
77.63532
79.20563
89.40315
96.30245
12.43824
24.87647
37.31471
49.75295
59.44758
71.50172
76.76183
83.94766
86.63036
97.04243
12.43824
24.87647
28.92662
31.41740
44.28203
56.72027
64.80914
76.81738
80.86398
93.75309
12.43824
17.85525
30.29349
43.13386
52.63499
57.51136
59.42759
70.85141
72.98315
82.81679
12.43824
24.87647
29.04003
39.98383
44.85978
55.94337
57.82981
58.56878
68.61241
70.96485
12.43824
25.30231
37.74054
46.89575
59.33399
72.26496
83.04482
94.27616
96.43370
98.92377
12.43824
24.91540
31.87036
34.38159
42.09431
54.94880
64.67753
74.74789
83.53140
85.90923
12.43824
24.87647
37.86582
50.89916
63.18319
69.57403
78.84540
89.06663
95.56627
100.87624
12.43824
21.87709
33.00097
45.43921
58.53072
64.93026
78.41392
83.30717
88.50828
95.72215
12.43824
24.87647
34.66588
47.10412
57.03450
69.72837
70.47467
82.55806
83.47193
86.87155
12.43824
24.92681
31.65424
34.15005
46.58829
53.82129
66.44912
75.43795
86.53219
89.02601
12.43824
24.87647
37.14478
41.31077
51.25977
63.69801
76.64686
84.06202
91.54215
92.51512
12.43824
24.87647
38.56954
51.59066
55.43273
59.18940
66.47434
75.61018
86.51679
99.70328
12.43824
23.17585
35.61408
48.15537
59.02331
66.56100
77.68897
84.33827
87.62116
98.21671
12.43824
24.87647
38.01104
46.89875
60.72194
73.33939
77.94444
85.22656
95.64835
99.96211
12.43824
24.50343
36.94167
46.38383
59.48403
72.48811
78.09396
83.48174
91.98911
103.71763
12.43824
24.87647
38.06070
51.02614
56.14228
65.32028
66.76845
68.06416
76.38574
77.30735
12.43824
24.87647
37.31471
41.84128
54.58172
59.20178
61.95313
75.09827
82.34886
85.88869
12.43824
24.55425
36.99248
39.89054
45.95650
58.39474
72.05317
77.47251
81.55267
88.33140
12.43824
24.87647
37.31471
44.20089
56.63913
70.30198
81.28611
89.03164
95.68056
97.84648
12.43824
22.29064
35.45874
47.89697
61.19550
67.08294
70.31336
82.75160
92.68853
95.70015
12.43824
24.87647
37.07603
49.51427
61.70493
73.70128
85.65602
90.97054
97.53740
101.43446
12.43824
24.87647
30.26090
34.29207
46.73031
59.03374
65.64587
71.55889
72.02057
75.05175
12.43824
25.30409
32.82241
37.95066
44.31588
56.75412
59.42303
69.23143
71.82551
71.89084
12.43824
24.87647
38.00734
50.58095
61.34470
64.30452
69.60263
74.28940
83.30712
85.49213
12.43824
20.26016
33.50819
46.58429
50.83690
56.86724
66.13133
72.08882
74.34642
80.03837
12.43824
24.87647
37.31471
42.73813
54.12925
61.33167
75.10329
76.99865
83.12404
88.46861
12.43824
25.42382
38.58216
48.42139
61.49295
74.35379
77.02697
80.85728
82.69550
92.45516
12.43824
25.62031
38.05854
50.97244
57.21881
68.61426
70.27326
82.15104
92.11320
99.82305
12.43824
24.87647
36.41743
49.19452
54.34869
59.16247
72.43101
78.10117
81.09092
91.29231
12.43824
14.88621
27.32445
34.08984
45.64179
58.53902
60.96219
62.33124
68.96947
76.39623
12.43824
24.87647
35.64633
48.41594
60.85418
66.00899
79.00320
92.20229
93.01255
96.35974
12.43824
24.88264
37.32088
50.28160
55.21539
66.22958
68.03782
79.26068
81.28567
88.54048
12.43824
24.87647
34.80048
47.23872
60.41187
69.29874
71.42852
73.90743
81.92012
86.40651
12.43824
24.87647
33.57592
43.00193
56.02105
69.16162
73.27779
83.89229
94.02161
100.91998
12.43824
16.07498
18.57537
31.57106
34.45009
46.88833
55.70135
69.42304
69.43247
82.58918
12.43824
24.87647
36.13064
39.76056
52.81821
62.04242
67.35855
69.57664
77.73425
78.29082
12.43824
25.62516
27.18945
39.46997
47.84537
61.02942
61.61754
63.58573
65.98105
66.53706
12.43824
25.05031
37.48855
45.85194
49.57156
57.24986
62.75813
71.22091
73.65037
82.47052
12.43824
24.87647
32.11162
45.28786
57.43462
61.92118
74.00932
80.21526
83.61023
86.17993
12.43824
18.15610
30.59433
34.58946
44.03869
54.81472
67.03463
79.50955
82.98190
95.51353
12.43824
24.87647
32.23364
44.67187
45.54650
58.66816
71.61445
84.56268
86.56613
93.00285
12.43824
25.58781
38.02605
44.16963
54.02820
59.35256
60.59646
63.31131
74.19881
87.89222
12.43824
24.87647
36.30722
47.01218
59.45042
70.12580
77.27329
91.08044
92.06579
104.04201
12.43824
24.87647
37.31471
43.30606
44.46300
55.64674
61.24285
65.84023
66.57348
67.75222
12.43824
21.79148
34.28565
46.84774
60.03358
66.81267
77.63817
81.02654
90.90683
93.01320
12.43824
24.87647
36.00225
45.67000
53.09341
55.08938
68.21251
79.67202
92.92451
104.44972
12.43824
24.28814
31.52487
44.64609
47.65078
60.87820
62.72655
71.12001
74.40117
87.26714
12.43824
24.87647
33.37737
42.97378
55.41201
66.13514
79.02946
79.75770
82.69579
94.52244
12.43824
24.87647
38.01882
45.69350
58.85116
72.01267
85.27755
93.51007
96.21941
100.66832
12.43824
23.89654
36.33478
46.49291
54.97021
67.13827
78.60078
85.84156
87.14810
87.43160
12.43824
24.87647
37.87451
51.01472
56.22863
69.70240
74.10908
81.74838
94.00415
94.15299
12.43824
24.15132
36.58956
49.31451
54.34181
55.75114
57.03562
69.47386
73.65651
77.80792
12.43824
24.87647
37.31471
49.73163
59.27298
72.46425
76.33070
80.31217
87.53754
100.89535
12.43824
24.87647
37.31471
49.67818
58.36456
72.10450
79.36460
85.92311
88.13580
90.25617
12.43824
25.22286
37.72509
43.59626
56.03449
66.75996
75.41558
89.32628
95.14930
108.64577
12.43824
24.87647
37.63631
51.46780
59.47293
71.12408
84.17480
89.55109
91.12162
98.22840
12.43824
21.43474
33.96179
43.39811
56.46752
62.75277
64.91581
78.08923
90.60031
93.90633
12.43824
24.87647
38.37927
50.96301
55.23811
66.89607
75.37496
82.77188
95.95174
98.37866
12.43824
24.87647
32.98578
45.97692
52.16376
56.27189
69.20970
74.48300
82.88104
91.61156
12.43824
25.58277
28.72771
41.40394
53.84218
62.61869
73.14159
79.99961
88.14349
101.90528
12.43824
24.87647
36.47911
39.81171
52.40310
65.15766
75.18388
84.07453
85.19980
95.16567
12.43824
18.19087
30.95143
41.74746
54.35135
67.51888
70.20240
76.94710
79.82178
83.50205
12.43824
24.87647
37.31471
49.53914
53.33829
63.70822
64.84973
72.89318
85.11363
87.95342
12.43824
25.14191
37.53125
50.10599
60.07632
64.33682
70.73259
83.47878
95.23037
100.87830
12.43824
25.56211
38.00034
44.82579
56.79301
60.21056
70.60115
80.26168
91.14320
92.76630
12.43824
24.87647
36.21638
48.83631
54.55394
67.42590
80.91152
85.94429
99.31589
104.70600
12.43824
14.20841
26.64664
39.23088
52.30335
63.59731
73.22126
86.81871
91.86334
96.30222
12.43824
24.87647
31.92969
37.97909
51.77329
61.14977
69.81491
82.58622
85.22344
88.63206
12.43824
25.27885
37.71708
47.85078
54.12401
67.28634
79.86056
90.74277
96.42716
98.92079
12.43824
25.19190
29.28094
42.38113
46.24262
58.82983
67.89636
71.26893
82.41351
83.82903
12.43824
24.87647
36.67439
47.62968
57.42384
59.68292
60.79533
64.41392
75.03093
75.03544
12.43824
15.48436
17.10898
29.54721
42.64522
50.28318
57.09937
68.57024
81.27873
85.58128
12.43824
24.87647
33.46299
46.23921
56.83583
70.08355
80.70003
91.97223
97.50409
100.53598
12.43824
25.58979
29.86114
35.38458
48.52531
60.99430
73.98945
76.83427
81.79920
84.57478
12.43824
25.16037
37.60997
48.51529
51.00412
63.44236
71.68966
85.03778
91.34660
99.75452
12.43824
24.87647
34.37689
46.81513
60.34426
61.41911
67.01039
76.20549
86.52634
87.81850
12.43824
20.45693
32.89517
46.08162
53.84009
67.06972
78.62314
81.51079
83.75240
96.70932
12.43824
24.87647
34.73739
44.14668
46.64617
47.57947
58.04863
69.09235
82.12035
85.97598
12.43824
25.09829
37.53653
47.54690
59.57222
72.70160
74.57397
81.38633
95.22870
95.72448
12.43824
24.87647
37.84462
46.83490
59.20153
63.68411
76.62729
89.56834
94.44092
97.12589
12.43824
24.87647
37.31471
48.71739
56.45146
70.36652
72.60095
81.83311
84.12528
95.94858
12.43824
22.49004
35.64314
42.45472
50.51398
62.95222
67.21026
67.51929
78.43304
90.20609
12.43824
24.87647
37.65936
46.58506
58.59552
70.20288
74.99495
80.12911
93.07186
99.94027
12.43824
24.66892
33.67630
46.11453
57.00383
60.14157
69.48225
73.35236
83.76251
83.89578
12.43824
24.87647
27.16223
39.60047
48.34751
55.39088
67.70734
71.31017
74.03360
81.12414
12.43824
24.87647
37.00563
41.01223
49.71513
62.15337
68.51386
79.52273
85.36546
97.97389
12.43824
23.21335
36.17705
38.03310
49.12089
62.25865
66.46829
73.99766
84.45281
97.63425
12.43824
24.87647
37.31471
49.75937
59.37112
65.89901
73.26464
81.02846
83.00933
86.97303
