12.43824
24.87647
37.31471
49.75295
62.47537
74.91361
87.35184
97.56351
107.78330
120.22154
12.43824
24.87647
37.31471
49.91755
62.35578
74.79402
87.78639
100.25897
111.26603
123.03034
12.43824
24.87647
37.31471
49.75295
59.81966
72.98357
85.42181
97.86004
110.50795
123.69170
12.43824
24.87647
37.31471
48.34306
61.39599
73.83423
86.49507
96.42331
109.36038
121.79862
12.43824
25.11979
37.55803
49.99627
62.43450
74.87274
84.03696
95.63977
107.36147
120.15393
12.43824
24.87647
37.31471
50.39241
62.72376
70.33146
82.76970
95.20794
107.44923
117.39158
12.43824
24.87647
37.31471
49.75295
57.03174
62.41336
74.85159
86.55326
92.43700
99.86280
12.43824
24.87647
37.31471
49.75295
62.19118
74.86543
86.74251
99.18075
112.81350
125.26230
12.43824
24.87647
33.92737
46.36561
58.44577
70.88401
79.15323
92.33408
104.77232
116.29537
12.43824
15.62994
28.11446
40.59980
53.03804
65.47628
77.91451
90.35275
102.79098
108.86733
12.43824
24.87647
37.31471
49.75295
52.56775
65.00598
77.89790
90.33613
97.70411
110.70319
12.43824
24.87647
37.34775
49.78598
62.22422
75.20016
87.63840
89.53613
101.97437
115.15148
12.43824
24.87647
37.31471
49.75295
62.35267
74.79091
87.97554
101.16253
105.12638
117.56461
12.43824
24.87647
37.31981
47.43456
59.87280
72.31103
85.19583
97.63407
108.77470
121.21294
12.43824
24.63457
37.07280
49.51104
61.94928
74.67396
81.58449
94.02273
106.72645
119.31199
12.43824
24.87647
35.70785
48.14609
59.85139
72.28962
85.88399
88.13142
100.56966
106.04247
12.43824
24.87647
37.31471
49.75295
62.19118
74.62942
87.06765
99.50589
108.87645
122.06104
12.43824
24.87647
38.05731
45.41778
58.33949
70.77773
83.21597
95.65420
108.09244
121.03565
12.43824
24.87647
37.31471
49.75295
62.19118
73.47616
85.91440
98.43282
111.57266
124.51537
12.43824
24.93135
37.36958
49.80782
62.24606
75.25145
87.68968
100.15274
112.81845
125.55512
12.43824
24.87647
37.63441
50.07264
62.51088
74.94912
84.50836
96.94659
106.36853
117.62606
12.43824
24.87647
33.53376
38.44317
50.88141
63.39327
75.83151
88.26974
100.70798
113.24148
12.43824
24.87647
37.31471
47.16466
59.60289
72.04113
84.47937
94.50861
106.97223
112.84718
12.43824
24.87647
37.31471
49.75295
55.85681
68.70191
81.65105
94.08928
106.52752
118.96575
12.43824
24.87647
37.31471
49.75295
62.19118
75.37256
87.81079
100.39584
106.71475
119.15298
12.43824
24.87647
37.31471
46.26154
58.69978
71.13801
84.25202
96.69025
109.12849
120.84788
12.43824
24.87647
37.31471
49.75295
62.19118
74.62942
82.86205
86.75277
99.19100
111.62924
12.43824
24.87647
37.31471
49.75295
55.87053
68.30876
81.94882
89.83367
102.27191
108.75633
12.43824
24.87647
37.31471
48.35863
60.79687
68.33491
81.30658
93.74481
104.30726
113.78200
12.43824
24.87647
37.31471
45.62549
55.48871
67.92695
80.36519
93.60205
103.09984
115.99851
12.43824
24.87647
37.31471
48.04985
60.48809
72.92632
85.36456
96.47218
109.25632
115.33713
12.43824
24.87647
37.31471
49.75295
62.19118
74.79634
87.01542
99.45366
112.14683
125.07053
12.43824
24.87647
37.31471
49.75295
62.19118
74.62942
87.06765
100.00031
113.36481
125.18986
12.43824
24.87647
34.08173
44.52793
56.96616
69.40440
81.64019
94.71586
106.73530
112.13810
12.43824
24.87647
37.98128
46.61574
59.58126
72.01950
75.94965
88.38789
101.80203
103.24155
12.43824
24.87647
37.31471
49.75295
62.19118
69.96451
83.15051
95.72847
108.82867
113.62865
12.43824
25.51765
37.95588
50.39412
60.66897
73.48832
85.92656
98.36480
103.28025
115.71849
12.43824
24.87647
37.31471
49.74971
62.18795
74.49394
86.93218
95.05562
108.21357
120.65180
12.43824
24.87647
37.31471
49.75295
62.19118
74.62942
85.03926
90.41248
97.59134
110.02958
12.43824
24.87647
37.31471
49.75295
62.74709
75.18532
83.72775
96.16599
108.62201
121.06025
12.43824
24.87647
37.31471
49.75295
62.47084
75.42891
87.86715
100.87528
102.59479
115.03303
12.43824
22.28142
34.71966
46.25957
58.69780
71.13604
77.10469
80.28417
93.33318
105.81363
12.43824
24.87647
37.31471
49.75295
62.19118
74.19474
86.63298
99.07122
110.59641
118.27927
12.43824
24.87647
37.31471
49.75295
62.23424
74.67248
80.15766
92.59589
100.89485
109.81687
12.43824
24.87647
37.74348
50.18172
62.61996
75.74827
81.37884
91.33756
102.05697
110.40743
12.43824
24.87647
37.33445
50.25877
62.69701
75.13524
85.07439
97.51262
109.95086
116.69115
12.43824
18.43431
26.93157
39.36981
46.12805
58.56629
71.51620
83.95444
87.51918
99.95742
12.43824
24.87647
37.31471
47.17682
59.61506
72.05329
83.68708
90.51055
103.51645
109.10971
12.43824
24.87647
32.64723
45.08547
57.82585
70.26409
75.63588
83.59226
91.94049
102.64960
12.43824
24.87647
37.31471
49.75295
59.47103
72.07310
84.99469
97.43293
100.58047
113.01871
12.43824
24.87647
37.30283
49.74107
62.17931
72.67855
85.11679
98.08427
111.82259
124.97697
12.43824
25.62310
38.06133
49.13952
61.57776
74.01599
86.45423
98.89246
112.01795
124.45618
12.43824
24.87647
37.31471
49.75295
60.60815
73.04638
85.48462
97.92285
99.65585
112.82191
12.43824
24.87647
37.31471
49.75295
62.19118
69.83772
81.59500
90.80864
103.24687
115.68511
12.43824
24.87647
37.31471
49.75295
62.19118
74.62942
80.89685
93.33509
103.58317
116.02140
12.43824
24.87647
37.31471
47.17786
49.78823
62.22646
73.61909
76.50245
83.09505
95.75865
12.43824
24.87647
37.31471
49.75295
62.19118
74.62942
87.06765
92.06040
104.49864
117.51003
12.43824
24.87647
37.31471
49.75295
62.19118
75.71707
88.15530
100.59354
113.03177
125.47001
12.43824
24.87647
36.14453
48.58277
59.92444
72.36267
84.54731
96.98555
99.76344
112.20167
12.43824
24.87647
37.50977
49.94801
62.38624
74.82448
87.26272
97.20135
108.13632
120.57456
12.43824
24.87647
37.31471
49.70884
62.14707
74.58531
87.02355
100.09880
109.87724
116.79216
12.43824
24.87647
37.31471
49.75295
62.92796
75.98397
88.42221
101.58968
114.32226
118.14335
12.43824
24.87647
37.31471
49.75295
62.56082
74.99905
88.09269
101.11338
113.55161
121.95611
12.43824
24.87647
37.31471
49.75295
59.11763
68.69038
82.55200
94.99024
105.89873
118.33696
12.43824
24.87647
37.31471
49.75295
62.19118
74.62942
83.88291
88.60382
101.58624
114.02448
12.43824
24.87647
37.31471
49.75295
62.53618
74.97442
87.41265
99.86215
112.68628
122.37474
12.43824
24.87647
37.31471
46.03197
58.47020
70.90844
83.99134
96.42957
109.03874
121.47697
12.43824
24.87647
37.31471
49.75295
62.19118
74.62942
87.06765
96.27644
108.49863
121.60962
12.43824
25.33214
37.77038
50.20862
62.64685
75.37338
82.54930
94.98754
107.42578
120.69494
12.43824
24.87647
37.31471
49.75295
62.56769
75.00592
87.83727
100.27551
112.71375
123.99240
12.43824
24.87647
37.31471
49.75295
62.62673
67.94619
80.38442
93.55258
106.35173
119.14061
12.43824
24.87647
32.84687
45.28511
57.72334
70.16158
82.59981
95.78460
108.22284
120.66107
12.43824
24.87647
37.31471
48.92590
61.36414
73.80237
86.24061
98.97280
111.81761
124.53018
12.43824
25.20497
37.64321
50.08144
62.51968
74.95792
88.31784
100.75608
102.97388
114.70393
12.43824
24.87647
37.31471
49.75295
61.91899
74.70316
84.85358
97.30749
109.74573
120.12455
12.43824
24.87647
37.31471
49.75295
62.19118
70.38957
83.48933
95.92757
108.36580
121.53857
12.43824
24.87647
37.31471
47.67431
60.11255
63.47359
75.91182
88.35006
100.78830
111.30101
12.43824
24.87647
37.31471
49.75295
61.30327
73.74150
86.17974
98.61797
111.05621
124.11368
12.43824
18.87960
31.31783
43.75607
56.19431
68.63254
81.07078
93.50901
100.76992
101.12790
12.43824
24.87647
37.95147
50.54753
62.98577
75.57593
88.48214
100.92038
112.60211
126.15148
12.43824
24.87647
37.31471
49.75295
62.47786
74.91610
87.35433
99.79257
112.86938
126.41658
12.43824
24.87647
35.64083
48.07906
60.66092
73.09916
85.53740
98.09955
110.53779
119.28722
12.43824
24.87647
37.31471
49.75295
62.19118
73.54712
83.22861
94.97514
107.41338
109.85492
12.43824
24.98667
31.49970
43.93793
56.37617
69.07371
82.06428
94.50251
106.94075
117.43932
12.43824
24.87647
37.72217
50.16040
62.59864
75.03688
87.47511
99.91335
112.90773
126.72426
12.43824
24.87647
38.05955
49.11810
61.55633
73.99457
86.43281
97.45082
110.62900
123.24729
12.43824
24.87647
37.31471
49.75295
56.82785
69.26608
82.41990
94.85814
105.10695
118.25806
12.43824
24.87647
37.39041
49.82865
62.26688
68.75619
81.94319
94.38143
106.81966
120.15204
12.43824
25.62487
38.06310
50.50134
63.58349
76.02173
88.45997
98.83910
101.03183
113.47007
12.43824
24.87647
37.31471
49.75295
57.10703
61.66803
74.10626
86.54450
98.98273
109.56827
12.43824
24.87647
37.31471
49.75295
62.19118
74.62942
80.06084
93.01159
105.44983
114.25502
12.43824
24.87647
37.31471
49.75295
62.19118
75.12119
87.55943
99.99766
104.96419
115.20815
12.43824
24.87647
37.31471
49.75295
62.53611
74.97435
77.70420
90.14244
94.56722
107.00546
12.43824
24.87647
37.31471
47.87018
60.49408
72.93232
82.79043
84.33176
96.76999
109.20823
12.43824
24.87647
37.31471
49.75295
62.19118
74.62942
79.92507
93.09698
105.53522
118.64487
12.43824
24.87647
37.82688
50.26512
62.70335
75.69435
88.23766
96.68598
109.12421
116.03305
12.43824
24.87647
35.11453
47.55277
60.71950
73.90431
86.34254
95.41694
108.56032
121.73747
12.43824
24.87647
37.31471
47.47024
59.90848
72.34671
85.13520
97.57344
110.68694
123.12518
12.43824
24.87647
37.31471
49.93404
62.37228
74.81051
86.97829
100.11267
112.55091
124.98914
12.43824
24.87647
37.31471
49.75295
62.82352
75.99472
88.51568
97.94539
103.81552
112.35029
