12.43824
24.87647
37.31471
49.75295
61.05822
73.54773
85.98596
93.50935
99.75785
112.19608
12.43824
24.87647
37.31471
48.67952
61.11775
73.55599
85.80123
99.33906
109.76943
120.83513
12.43824
24.87647
37.31471
49.75295
61.62691
74.21352
87.38327
99.82151
108.07796
120.25599
12.43824
24.87647
37.31471
44.28286
54.32929
66.76752
77.93581
85.20045
96.93963
109.24646
12.43824
18.69298
31.13121
43.56945
56.00769
68.44592
75.45244
86.44470
94.21844
106.48085
12.43824
24.87647
37.31471
51.06727
63.01532
70.44791
82.88614
95.71137
105.19411
116.19036
12.43824
24.87647
37.31471
49.75295
55.45135
58.58315
71.68488
82.33919
87.29188
98.78659
12.43824
24.87647
37.94055
50.37879
62.81702
75.59386
86.48663
98.92486
110.04861
123.53781
12.43824
24.87647
32.35065
44.78889
54.38317
66.82141
73.20599
81.50710
93.94534
94.45705
12.43824
14.50497
27.22314
31.25155
43.68979
56.80848
69.72037
82.90322
95.34145
103.60455
12.43824
24.87647
37.31471
49.75295
50.90200
63.91905
76.89784
89.33608
91.94293
96.67998
12.43824
24.87647
35.00256
47.44080
60.62784
72.75560
85.19384
95.60679
108.62773
120.48685
12.43824
24.87647
37.31471
49.75295
62.54890
75.60680
86.45082
97.83304
100.15829
113.05351
12.43824
24.87647
27.17361
32.44994
44.88818
57.32641
70.51295
83.65608
93.61828
106.10860
12.43824
23.24814
35.68637
48.12461
60.56285
71.04787
79.31201
92.33165
101.44835
113.48974
12.43824
24.87647
34.58959
47.66235
55.63239
68.07063
79.96866
80.99554
93.83767
107.00933
12.43824
24.87647
37.31471
50.18155
62.61979
75.05802
87.49950
99.93774
109.12815
121.12166
12.43824
24.87647
37.83953
44.87228
55.85353
68.29177
80.94625
94.01880
106.92095
116.14945
12.43824
24.87647
37.31471
49.75295
62.19118
70.18374
83.29780
96.37815
108.61998
119.12885
12.43824
24.87074
37.61273
50.05096
62.48920
75.61325
88.05149
98.06900
107.40847
119.44017
12.43824
24.87647
37.85396
50.29219
63.43781
75.87605
82.28986
94.72809
99.47396
105.86025
12.43824
25.06166
38.23679
40.26189
52.70013
59.19804
71.63627
84.10852
96.81309
108.71799
12.43824
24.87647
37.33956
47.11891
60.04452
72.48275
84.92099
92.84161
106.15358
111.77371
12.43824
24.87647
37.31471
49.75295
57.22083
67.18034
80.21020
93.68266
106.12089
118.55913
12.43824
25.24629
37.68453
50.12276
63.06456
73.82935
87.16511
98.47612
104.35337
116.79161
12.43824
24.87647
37.31471
49.27388
61.71212
74.19492
84.71200
97.86999
111.23246
122.77322
12.43824
24.88434
37.32257
50.44174
62.87998
75.31821
79.93139
81.66623
95.15453
108.05215
12.43824
24.87647
37.31471
49.75295
54.25053
67.43672
76.37868
82.44744
95.83146
100.72952
12.43824
24.87647
37.31471
49.44590
61.88413
66.76023
79.30081
91.73904
98.96545
110.60253
12.43824
24.87647
37.31471
45.78623
57.98128
70.41952
82.85775
96.00554
105.35594
117.58012
12.43824
24.87647
37.31471
45.36929
57.80753
70.40412
83.23529
89.97560
102.84013
114.94594
12.43824
25.49208
37.93031
50.36855
62.80679
72.12854
79.55957
91.99780
104.99867
116.47615
12.43824
24.87647
37.31471
49.75295
62.19118
74.93616
87.37440
97.66931
110.22579
120.21249
12.43824
24.87647
32.34477
40.07269
52.51093
64.94916
76.41158
87.61399
95.57818
99.34689
12.43824
24.87647
37.40109
43.34168
56.49880
68.93703
75.44674
88.32336
97.84314
98.37447
12.43824
24.87647
37.31471
50.50053
63.28728
72.69519
85.00991
93.18031
105.03879
114.25212
12.43824
23.67902
36.11726
48.55549
56.27834
63.39265
76.24391
89.62741
91.97274
103.56169
12.43824
24.87647
37.31471
48.48948
61.11447
72.36496
84.80320
88.39349
101.81158
115.34517
12.43824
24.87647
37.31471
50.23353
62.67177
75.11000
81.59802
84.99345
89.68118
102.77440
12.43824
24.87647
37.31471
49.75295
60.49449
73.00322
74.87894
87.39223
100.83821
113.93083
12.43824
24.87647
37.31471
49.75295
60.98175
72.45661
84.89484
96.68147
97.54022
110.72021
12.43824
17.56434
30.00257
39.92002
52.35826
64.79649
72.16124
74.17519
86.42208
99.38707
12.43824
24.87647
37.91805
50.35629
62.79452
74.06682
86.50506
98.94329
109.93353
120.63161
12.43824
24.87647
37.31471
49.75295
62.72494
75.62380
84.39168
97.39773
102.39870
108.01650
12.43824
24.87647
38.06327
50.50151
62.93975
75.63396
77.01107
88.29647
96.04842
99.75687
12.43824
24.87647
37.30884
50.47516
62.91340
75.35163
82.38980
95.06654
108.19424
120.03557
12.43824
16.67759
22.57002
35.00826
41.03381
53.47204
66.63805
79.07628
80.19930
92.63754
12.43824
24.87647
37.31471
48.85591
61.29415
74.29291
78.95975
84.85885
97.63377
100.20938
12.43824
24.87647
33.55424
45.99247
58.48722
70.92545
72.32623
84.05120
87.23109
89.85612
12.43824
24.87647
37.31471
49.84196
60.33775
73.59802
85.50819
98.64509
101.15810
114.32780
12.43824
24.87647
36.10812
48.54635
60.98459
74.09956
86.59909
99.26603
110.20359
123.63572
12.43824
21.81955
34.25779
41.96664
54.84582
67.28564
79.72388
92.16212
105.37990
117.81814
12.43824
24.87647
37.45215
49.89038
57.47523
69.91347
82.73450
95.17273
99.58952
111.36394
12.43824
24.87647
37.31471
50.95376
63.49319
74.06691
78.29058
83.89920
96.82332
109.26156
12.43824
24.87647
38.06050
51.19100
63.62923
76.59387
87.59761
100.03585
110.12134
122.56131
12.43824
24.87647
37.31471
42.93163
51.00411
63.75521
75.05651
78.94418
83.81423
88.61694
12.43824
25.30581
37.99370
50.43193
62.87017
76.38517
88.82340
102.21841
115.39723
124.01890
12.43824
24.87647
37.31471
50.43572
63.54095
75.46285
87.90109
100.49904
112.93728
125.57515
12.43824
25.01838
30.44336
42.88159
53.74281
66.18105
75.41793
88.49176
91.97521
104.41345
12.43824
24.87647
37.83107
51.01261
63.45085
76.57411
89.01235
93.27846
99.41446
112.52759
12.43824
24.87647
37.31471
45.78606
58.22658
70.66482
83.10305
95.36235
102.35413
108.60207
12.43824
25.19381
37.63204
50.37193
62.39661
74.67397
87.11221
96.07296
107.66322
110.97724
12.43824
24.87647
37.31471
49.75295
59.92257
72.36080
84.65111
95.91174
108.34998
109.63112
12.43824
25.61742
38.05566
50.49389
60.87980
64.32420
69.76308
82.20132
88.56975
100.18986
12.43824
24.87647
37.31471
49.75295
62.28973
74.72796
82.13130
85.20561
97.81840
110.25664
12.43824
24.87647
37.31471
49.75295
61.98915
74.42738
87.81640
99.48909
106.19612
110.24100
12.43824
24.87647
37.31471
47.20804
59.64628
72.49575
85.26299
97.70123
111.27715
123.71539
12.43824
24.87647
37.31471
49.75295
63.43414
76.41653
88.85476
99.81347
106.39487
119.57757
12.43824
24.22538
36.66361
49.84430
62.28254
73.70653
82.51067
94.94891
107.38715
120.10429
12.43824
24.87647
37.31471
49.75295
62.81983
75.31781
87.73767
101.91730
114.35554
124.98973
12.43824
24.87647
37.68349
50.12173
61.57003
74.97340
87.41163
99.50102
112.54664
126.32731
12.43824
24.87647
30.48377
42.92200
55.36024
67.77831
80.94511
90.79408
103.11452
115.55275
12.43824
24.87647
37.39385
46.17226
58.61050
71.04874
84.23073
96.49192
103.50794
116.66076
12.43824
22.48124
34.91947
48.07419
60.51243
72.95066
80.25752
93.31911
94.15171
106.21196
12.43824
24.87647
37.31471
49.75295
63.01401
75.86083
84.38671
97.18672
109.62495
117.98066
12.43824
24.87647
37.31471
49.75295
62.31892
75.05485
86.25757
98.69581
111.88292
124.62555
12.43824
24.87647
37.31471
47.36442
59.80266
70.75893
83.51164
96.78681
109.78171
121.14162
12.43824
24.87647
37.77913
50.21737
56.96467
69.40291
81.84114
95.51711
107.95535
120.74867
12.43824
15.54297
27.98120
40.41944
52.85768
65.29591
78.47024
90.90847
97.07919
98.65386
12.43824
24.87647
36.28922
47.49334
59.93157
72.39945
84.64248
97.08072
103.84771
116.54544
12.43824
24.87647
37.31471
50.30003
61.28252
73.72075
86.15899
99.30910
112.35529
124.28259
12.43824
24.87647
33.16265
45.60089
56.93150
69.36973
81.81125
95.12235
107.90434
118.41792
12.43824
24.87647
37.31471
49.75295
62.88024
67.74291
69.96408
79.02658
91.73661
91.94255
12.43824
17.07771
27.64550
40.08374
52.52197
64.44436
74.02193
87.18054
99.71619
110.79374
12.43824
24.87647
37.97619
50.41443
63.54196
75.98020
88.78106
101.22603
113.09045
123.45958
12.43824
24.87647
36.00004
41.96978
54.40802
66.84625
79.28449
89.33194
102.04506
112.84994
12.43824
24.87647
37.31471
49.94021
58.63113
71.06937
84.25537
96.69361
104.11162
117.40340
12.43824
24.87647
37.38632
49.82455
62.26279
73.41564
86.11536
99.30239
112.48363
121.83687
12.43824
23.08376
35.52199
47.96023
60.20808
72.64631
85.08455
91.77331
96.27107
108.70930
12.43824
24.87647
37.31471
50.31345
57.12464
60.47727
72.91550
85.70999
98.81100
106.70294
12.43824
24.87647
37.31471
50.38628
62.82451
75.26275
78.94243
91.89971
104.33794
109.40606
12.43824
24.87647
37.31471
50.50136
62.93960
76.07237
88.51061
100.94885
112.24435
117.84925
12.43824
24.87647
37.31471
49.84163
62.19562
74.63386
80.68246
93.92478
96.81044
109.33834
12.43824
25.59372
38.03196
48.25371
60.99261
73.43085
79.84321
86.83207
99.50487
111.95164
12.43824
24.87647
37.31471
50.40730
62.84554
75.28378
81.60875
90.44073
102.87896
116.01722
12.43824
24.87647
37.90001
50.33824
63.39214
76.46978
88.33304
96.47967
109.66513
111.86332
12.43824
24.87647
30.99412
43.43236
56.46109
65.82635
78.46150
84.82933
95.33148
104.55955
12.43824
24.87647
37.31471
46.85476
60.02651
72.46474
83.06987
95.50810
108.21130
120.65008
12.43824
24.87647
37.31471
49.72201
62.16025
74.59848
83.76512
96.29359
109.92255
122.36079
12.43824
24.87647
37.31471
49.75295
61.87903
73.78902
85.96539
87.75491
93.65309
101.91518
