12.43824
24.87647
37.96349
50.44289
54.89855
66.18105
78.61929
78.82291
91.26968
99.29536
12.43824
25.62040
32.15631
38.36419
51.99854
64.43678
65.09789
77.74271
90.75332
102.81185
12.43824
24.87647
37.31471
48.11486
53.05949
60.72953
73.16777
85.60600
98.36698
111.49636
12.43824
24.87647
37.97470
48.16965
58.44412
71.11315
76.82124
89.97216
103.98097
116.47938
12.43824
24.97672
38.07855
51.58231
64.02055
77.62005
90.80707
102.89021
107.63994
115.06557
12.43824
24.87647
37.65469
51.40289
63.68828
71.90502
84.70247
96.01605
105.93448
111.35617
12.43824
24.87647
37.31471
49.77349
57.63670
70.07493
83.83183
92.91537
96.43170
107.49744
12.43824
22.34067
34.77890
47.91232
60.35055
71.30496
83.75675
96.19498
105.94542
118.62176
12.43824
24.87647
37.70232
51.54714
60.53091
72.10076
75.59769
78.25922
90.69745
102.49452
12.43824
17.51183
23.97426
24.38053
28.75380
37.46001
50.15857
54.42059
66.66509
76.59631
12.43824
24.87647
38.05867
51.24472
59.26394
72.00683
85.50944
99.09749
100.49096
108.30598
12.43824
24.87647
38.45376
50.89200
59.54938
62.94305
76.01022
88.10869
101.16916
105.73743
12.43824
24.87647
37.58807
50.48243
60.59012
73.47131
85.96400
93.20250
105.64073
106.59282
12.43824
24.87647
35.42218
48.56044
60.99868
73.43692
84.91762
96.50623
102.59047
107.00998
12.43824
24.58921
37.03862
49.89854
62.33678
74.80505
82.42653
94.86477
103.96890
117.24754
12.43824
24.87647
38.05932
50.52460
56.62744
65.62621
74.14374
79.70635
86.06061
98.72913
12.43824
25.56545
38.00369
44.91442
53.59124
54.77007
67.20830
81.14437
93.58261
107.15214
12.43824
24.87647
33.43401
45.61286
54.57717
67.93496
80.54146
94.32285
99.42459
112.30055
12.43824
24.87647
38.32153
50.75977
63.35747
75.44173
83.23470
92.62891
100.75566
113.19390
12.43824
14.65829
27.79655
40.23478
52.67302
57.31130
69.95554
80.10043
91.73665
103.38397
12.43824
24.87647
37.40400
50.10057
63.12041
75.55865
88.61016
99.09687
106.61654
113.26930
12.43824
25.25973
28.26246
33.65807
46.09631
52.62791
58.78013
71.36041
83.82806
86.64337
12.43824
24.87647
30.87558
43.31382
53.26545
64.82592
77.26416
84.73138
97.45990
103.70690
12.43824
25.61964
38.97982
51.41806
63.85629
68.76053
76.44028
85.36017
98.56488
111.00312
12.43824
24.29860
36.93490
49.37314
60.88259
65.12991
73.36340
74.73639
77.65530
79.26419
12.43824
24.87647
37.31471
44.20695
56.67934
69.11758
83.23556
95.40689
100.23151
108.15169
12.43824
25.34162
37.77986
50.96311
64.12388
77.28829
89.23895
97.25651
110.93383
123.98669
12.43824
24.87647
37.31471
49.75295
62.60620
75.27014
87.93839
100.36334
111.20970
121.34401
12.43824
24.87647
37.31471
50.32744
63.45878
75.20503
83.02392
96.45972
98.73570
111.72634
12.43824
23.22154
36.18580
39.82071
43.47764
55.91588
65.62289
70.09618
81.65803
91.96897
12.43824
24.87647
37.31471
44.99484
58.13770
65.08410
78.26848
81.91975
88.67452
101.14873
12.43824
24.48455
37.05648
50.00582
63.47899
75.21969
88.12328
100.64437
111.62508
123.67202
12.43824
24.87647
37.31471
50.96542
54.66863
67.23284
79.26334
92.22036
97.34084
99.63676
12.43824
24.87647
35.53150
48.18387
61.35295
74.34158
82.47882
90.46383
101.09182
107.34673
12.43824
23.34354
35.78178
48.79887
50.30061
62.73885
69.50539
73.58321
86.11586
88.20777
12.43824
24.87647
38.05740
45.16137
50.57217
63.75803
69.20780
69.35190
70.77095
83.20919
12.43824
24.72659
33.30297
46.55267
51.11893
64.26908
67.54252
68.40144
79.80755
83.21365
12.43824
24.87647
34.61925
45.41644
57.00760
58.45944
63.24454
63.75996
70.12973
72.56233
12.43824
19.49870
31.93694
39.93091
48.43954
49.57023
57.72892
70.06617
82.50441
90.73639
12.43824
25.07999
37.51823
50.44127
63.06842
77.16100
87.76927
94.82719
97.74739
106.86375
12.43824
24.87647
38.06304
50.86184
63.79272
67.47126
80.34612
91.67290
95.31423
109.17203
12.43824
25.62527
38.06350
44.76165
53.89645
66.33469
77.86957
87.80016
96.01496
107.10975
12.43824
24.87647
37.31471
49.96209
62.40033
76.00662
87.30774
101.02098
107.26996
112.67115
12.43824
25.28996
38.35087
51.46281
63.90105
76.97518
82.06506
95.19033
104.95959
106.55837
12.43824
24.87647
37.67613
50.11437
63.29971
72.08304
73.41307
86.59016
99.74090
108.21000
12.43824
24.87647
35.97685
48.41508
61.59936
74.03759
81.00243
93.19133
107.07721
119.84300
12.43824
14.69096
22.79787
28.95826
29.32628
41.76452
52.59537
60.37851
60.38526
72.82350
12.43824
24.87647
37.65125
48.21098
60.64921
73.80069
87.99185
97.02508
109.88874
111.26843
12.43824
25.05406
37.89669
50.97508
61.77379
70.08360
72.71978
81.46453
86.86165
87.77175
12.43824
24.87647
37.31471
51.08597
57.43554
67.60053
79.71253
88.25921
101.03016
113.65734
12.43824
24.87647
29.47599
42.55557
52.16025
60.57677
71.51533
84.09716
91.83324
99.55167
12.43824
24.87647
37.48008
48.87490
56.38527
69.03445
81.47269
94.65404
101.36940
104.45233
12.43824
24.87647
31.74001
45.07715
57.21358
69.65181
82.87900
95.71694
97.45350
101.04562
12.43824
24.87647
37.31471
43.36769
55.01360
66.49234
68.91934
70.87465
83.67724
85.53037
12.43824
24.34354
37.49818
49.28337
61.72161
74.89281
76.30147
77.24924
77.68377
86.38762
12.43824
25.57305
36.63676
48.74986
49.80925
62.24748
74.36930
76.96260
81.15043
91.25005
12.43824
25.45097
38.63314
51.07137
63.50961
74.84632
86.63372
99.60623
113.54585
126.60313
12.43824
25.58368
37.04107
46.29534
50.07107
55.08707
62.82553
75.26377
85.70227
86.74858
12.43824
25.58462
38.02286
51.09737
51.82646
60.49910
64.77319
77.72184
89.12279
101.56103
12.43824
25.59955
38.11385
50.21239
62.71457
73.96528
85.27265
91.97486
93.29369
105.89672
12.43824
24.87647
37.17326
48.05983
61.32681
74.33499
86.77323
99.97998
109.16489
121.69885
12.43824
23.26963
36.45024
49.00703
61.44527
71.72742
84.88802
86.44929
91.38686
95.13549
12.43824
25.50129
33.06277
45.31806
54.54401
63.88878
74.99549
76.87363
90.18709
91.03030
12.43824
24.87647
37.31471
50.49872
62.47368
75.71698
85.29750
97.73574
110.80299
117.97610
12.43824
24.87647
29.65535
42.83876
55.56925
61.80487
68.60690
78.78307
91.50818
99.14158
12.43824
25.11512
33.29651
45.78363
53.05293
65.79363
77.36224
82.03634
91.72655
104.40192
12.43824
24.87647
38.04021
51.04958
64.28685
70.71564
80.36085
87.35455
96.26536
107.22719
12.43824
24.87647
37.31782
42.39359
54.83182
67.70416
71.41297
82.51014
85.61849
98.21936
12.43824
24.87647
37.50331
49.28897
60.95164
68.46946
71.61170
84.70788
97.08575
100.84690
12.43824
25.22685
34.07084
47.18939
56.36603
68.08182
69.18567
75.22898
81.40010
83.48564
12.43824
24.87647
38.04242
50.48066
60.04648
69.93647
82.37471
90.26245
103.01554
111.13223
12.43824
25.46468
27.45216
35.55107
48.64620
59.92112
72.55805
85.35260
87.44286
100.38476
12.43824
25.52705
35.74813
41.86755
52.93481
57.14553
67.45034
75.84412
89.02405
101.46228
12.43824
20.23552
32.90066
45.33889
57.32806
70.49708
80.96617
90.11957
94.87494
96.69286
12.43824
24.87647
37.29817
43.56727
56.60349
69.04355
81.91640
85.04456
97.48279
108.51705
12.43824
24.87647
37.31471
49.75295
62.19118
76.05148
89.27227
102.97745
113.44149
125.87973
12.43824
25.24086
37.67910
47.86127
60.38319
73.08158
86.20151
91.19510
103.63334
106.39253
12.43824
24.87647
34.63043
47.11734
56.81535
69.81617
82.25441
96.24305
105.31299
115.77451
12.43824
24.87647
37.31471
45.47894
57.91718
70.21507
73.61828
87.21198
97.45388
109.39709
12.43824
24.87647
37.99483
51.84796
61.46071
74.48024
79.76576
92.48306
96.77813
109.21636
12.43824
24.87647
37.31471
50.05789
63.51322
75.81640
78.03467
90.47291
90.57505
102.76922
12.43824
24.87647
37.31471
49.92259
53.44614
66.09089
74.86265
83.03923
90.07048
93.29631
12.43824
24.87647
37.31471
49.75295
62.93992
75.99068
80.42190
93.44360
105.76935
117.53113
12.43824
22.28109
23.83738
37.02366
46.60003
59.62168
70.63304
83.54398
89.36306
94.90334
12.43824
24.87647
32.44792
44.64945
54.27871
67.49500
80.03528
90.85052
92.34233
97.91684
12.43824
24.87647
35.19010
47.78445
60.22269
72.66092
85.22821
90.43690
97.20863
100.68673
12.43824
24.87647
37.31471
50.11499
63.58929
76.03526
88.47350
100.91173
114.71306
126.09842
12.43824
24.87647
37.31471
49.75295
58.51739
66.03771
75.07299
87.73452
100.66296
107.23409
12.43824
23.27674
35.71498
48.25294
61.38193
75.64082
88.57611
97.95305
105.20115
116.68701
12.43824
24.87647
34.67380
47.11204
55.50864
69.26826
81.84500
90.11052
102.54876
105.61657
12.43824
24.87647
38.03474
51.47019
61.09333
73.76249
77.73164
90.09537
94.94538
101.70650
12.43824
24.87647
33.63031
45.93701
59.12621
67.74753
72.72021
85.49285
94.96443
106.47349
12.43824
24.87647
37.31471
47.98084
59.25332
71.77618
78.24672
91.42694
93.22322
106.48932
12.43824
24.87647
38.05791
47.83208
58.82098
71.25922
77.01855
86.91076
99.03045
111.91180
12.43824
25.53258
34.34790
47.27061
55.55433
68.47799
69.15667
77.79454
91.03950
99.98693
12.43824
24.87647
36.98541
49.42364
61.21322
74.39855
84.14388
97.72908
109.73811
118.03560
12.43824
24.87647
37.31471
49.75295
61.16945
73.53883
74.29905
86.96928
94.37953
96.95568
12.43824
24.87647
37.56426
50.99385
63.53875
75.97699
89.61820
102.80203
114.77149
127.20973
12.43824
25.39038
37.91670
43.72777
56.71132
69.14956
76.53687
86.34736
95.97430
108.41254
12.43824
21.58013
34.39378
45.81457
58.53578
71.08622
80.28609
91.25067
92.13946
102.69994
