12.43824
24.87647
37.31471
49.75295
62.19118
75.21620
87.65443
100.09267
111.11004
123.54827
12.43824
24.87647
37.31471
49.77378
62.78151
75.25109
85.54848
98.58949
111.02773
123.46596
12.43824
24.87647
37.31471
49.75295
54.66174
67.09998
79.53821
91.97645
105.16349
118.88248
12.43824
24.87647
37.31471
49.75295
62.91791
75.35615
88.54130
101.71428
114.89126
127.32950
12.43824
22.06178
34.50002
46.93825
59.37649
71.81473
82.53513
92.47169
104.90992
117.34816
12.43824
24.87647
37.31471
50.48382
62.92205
72.39831
84.83655
97.05210
108.56809
121.57197
12.43824
24.87647
37.31471
49.75295
59.26982
71.70806
84.57837
97.01661
108.12744
120.56568
12.43824
24.87647
37.31471
49.75295
62.19118
75.23093
88.18398
100.62222
113.77925
126.63714
12.43824
24.87647
35.92845
48.36668
60.80492
73.24316
86.09237
98.53061
110.96884
123.07622
12.43824
24.87647
34.72683
47.73299
60.17123
72.60947
85.04770
97.48594
109.92418
118.94891
12.43824
24.87647
37.62300
50.06124
63.36696
75.80519
88.24343
100.68167
113.21248
123.14574
12.43824
24.87647
38.05401
50.49225
63.49375
75.93199
88.37023
100.67259
113.11083
125.54906
12.43824
24.87647
37.31471
49.75295
62.19118
74.62942
87.78527
100.22350
113.41025
125.84848
12.43824
24.87647
28.89552
37.37116
49.80939
62.24763
75.40546
87.84370
101.12621
113.56445
12.43824
25.30969
37.74793
50.18616
62.62440
75.79214
85.24364
97.68187
110.86675
123.30498
12.43824
24.87647
37.31471
49.75295
62.93747
75.37570
89.18467
99.55689
111.99512
124.43336
12.43824
24.87647
37.31471
49.75295
62.19118
74.62942
87.06765
99.50589
112.10984
124.78746
12.43824
24.87647
37.31471
49.75295
61.10546
73.54370
86.42550
98.86672
111.30495
124.52674
12.43824
24.87647
37.31471
49.75295
62.19118
74.11685
86.55509
99.73572
112.70909
125.77019
12.43824
24.87647
37.31929
49.75753
62.19577
72.22436
84.66259
97.10083
109.39343
121.83166
12.43824
24.87647
37.31471
49.75295
62.19118
74.62942
76.32205
88.76029
100.67131
111.33099
12.43824
24.87647
37.33694
49.82431
62.26254
75.44863
87.88686
100.32510
112.76334
125.22041
12.43824
24.87647
37.31471
50.24435
62.68258
75.12082
87.55906
100.66283
113.10107
126.27607
12.43824
24.87647
37.31471
49.75295
62.93677
75.37501
87.81325
100.25148
112.68972
125.12795
12.43824
24.87647
37.31471
49.75295
62.19118
74.85633
87.29457
99.73280
112.17663
124.61486
12.43824
24.87647
37.31471
40.13295
52.57119
65.00942
77.46623
89.90446
102.95629
115.85238
12.43824
24.87647
37.31471
49.75295
62.19118
74.62942
82.47660
94.91483
108.10165
120.53988
12.43824
24.87647
37.31471
49.75295
58.65016
71.08840
83.42378
92.38510
104.82334
115.38991
12.43824
24.87647
37.31471
48.59197
61.03020
65.44734
78.52799
90.96623
103.66272
116.17867
12.43824
24.87647
37.31471
50.49128
62.68875
75.12699
87.56522
100.00346
111.83705
125.37224
12.43824
24.87647
37.31471
49.75295
62.19118
74.62942
87.06765
99.50589
111.94413
124.80414
12.43824
25.47230
37.91054
50.34878
62.78701
73.94321
87.08352
99.52176
112.69393
125.81506
12.43824
24.87647
37.31471
49.75295
62.19118
74.62942
87.06765
99.45918
113.08505
125.52328
12.43824
24.87647
37.14387
48.64656
61.08480
73.52303
85.96127
98.13819
101.92255
107.82264
12.43824
24.87647
37.32935
49.76758
62.95461
75.39285
86.75255
99.19079
111.85875
118.69743
12.43824
24.87647
37.31471
49.75295
62.19118
73.79325
86.93248
101.20486
113.98918
117.94031
12.43824
25.55639
37.99463
50.43287
63.07883
75.51707
87.95531
100.96513
106.82134
119.58467
12.43824
24.87647
37.31471
49.75295
62.19118
75.26712
88.20597
101.48560
114.64980
127.08804
12.43824
24.87647
37.31471
48.10757
60.54580
72.98404
86.08189
90.64439
103.08263
115.52087
12.43824
24.87647
37.31471
49.75295
60.13790
72.57613
83.82777
96.26601
109.32937
121.76761
12.43824
24.87647
37.31471
49.75295
60.77997
73.21820
85.65644
98.09468
110.64239
123.08063
12.43824
24.87647
37.31471
48.36123
60.79946
73.23770
86.51981
97.89318
110.98617
124.11428
12.43824
24.87647
37.40698
49.84521
62.28345
69.47709
81.91532
94.35356
106.33964
110.34964
12.43824
24.87647
37.31471
49.75295
62.19118
74.62942
83.27792
95.71615
102.88781
115.32604
12.43824
24.87647
37.31471
49.75295
62.19118
75.29382
86.08250
96.46675
108.97872
121.86839
12.43824
24.87647
37.31471
49.17448
61.61272
74.05095
86.48919
98.92743
111.36566
123.80390
12.43824
23.14285
35.47107
47.90930
60.34754
72.78578
85.22401
97.66225
100.36044
112.79868
12.43824
24.87647
37.31471
50.25006
62.68830
75.12654
88.31022
100.97413
113.56806
125.70472
12.43824
24.87647
37.31471
49.75295
62.81228
75.26642
85.65550
96.69885
108.68737
122.29857
12.43824
24.87647
37.31471
49.75295
62.80307
75.24131
87.67954
100.46272
114.35547
126.79370
12.43824
24.87647
37.31471
49.75295
62.19118
74.21345
86.65169
99.08993
111.91785
124.35609
12.43824
23.16070
35.59893
48.03717
61.19490
73.63313
86.78850
99.22674
111.80071
124.23894
12.43824
24.87647
37.81116
50.24940
62.68764
75.12587
87.56411
100.00235
109.51234
122.66198
12.43824
24.87647
37.31471
49.75295
62.19118
74.62942
79.88539
92.32363
104.76186
117.20010
12.43824
24.87647
37.31471
50.38342
62.82166
75.25989
87.69813
100.13637
103.51988
115.95811
12.43824
24.87647
37.31471
49.75295
58.80872
71.93991
83.74362
96.27357
107.72270
121.01580
12.43824
25.15874
37.59698
50.03521
62.47345
75.50700
87.94524
101.04796
113.48620
126.10552
12.43824
24.87647
37.31471
49.75295
62.64080
71.31104
83.74928
96.18751
108.62575
121.06399
12.43824
24.87647
37.92996
50.36820
63.34882
75.78706
88.95528
101.39352
107.10941
119.54764
12.43824
24.87647
37.90268
50.40866
62.84689
75.28513
87.72337
100.79590
108.56849
121.00673
12.43824
24.87647
37.31471
50.49441
62.93265
75.37088
87.80912
100.24736
109.92737
122.07015
12.43824
24.87647
37.31471
49.75295
62.81057
75.83938
88.27762
101.02902
113.98701
127.07984
12.43824
24.87647
37.31471
49.75295
62.73944
75.17768
87.61592
98.83134
111.56052
124.64046
12.43824
24.87647
37.31471
49.75295
62.19118
69.36989
82.76601
95.20424
107.68134
120.36215
12.43824
24.87647
37.31471
49.75295
62.93831
75.37655
88.53705
99.80376
110.60510
123.04333
12.43824
24.87647
37.31471
49.75295
62.88247
75.32071
87.75895
100.94483
113.38307
126.29613
12.43824
24.87647
37.31471
50.44026
62.87849
75.73865
88.17689
100.61513
113.05336
125.49160
12.43824
24.87647
37.31471
49.75295
62.53851
74.97674
87.41498
93.70677
105.37354
117.81178
12.43824
25.60263
38.04086
50.47910
62.91733
74.05675
86.26170
98.69994
111.13817
123.62148
12.43824
24.87647
37.31471
49.75295
58.71285
71.15108
83.58932
91.94465
104.38289
118.26193
12.43824
24.87647
37.31471
49.75295
62.23940
74.88762
87.32586
99.66420
112.10244
124.54067
12.43824
24.87647
37.16002
49.59826
62.03650
74.47473
86.91297
99.35120
111.78944
124.22768
12.43824
24.87647
37.31471
50.03451
62.47274
74.91098
87.36338
100.55036
112.98859
125.63763
12.43824
24.88463
37.32287
49.76110
62.19934
74.63757
88.54191
100.98015
114.16644
126.60468
12.43824
24.87647
37.31471
49.75295
60.80013
73.23836
85.66438
98.10262
110.54085
118.53594
12.43824
24.87647
37.31471
49.75295
62.19118
74.90202
87.34026
99.77850
112.21673
124.65497
12.43824
24.87647
37.31471
44.18148
56.61972
60.85876
73.29700
85.73523
98.17347
105.03311
12.43824
24.87647
37.31471
49.75295
62.19118
74.62942
87.06765
99.52987
111.96811
124.40634
12.43824
25.57565
38.01389
50.45212
62.89036
75.32860
87.76683
100.20507
113.17701
113.74365
12.43824
24.87647
35.74551
48.18374
60.62198
73.70704
86.35643
98.79466
111.28791
125.21308
12.43824
24.87647
37.31471
49.75295
62.22107
74.65930
87.09754
100.13787
111.42661
125.00021
12.43824
24.87647
37.31471
49.75295
55.13030
67.56854
79.99410
93.07510
105.51334
117.95158
12.43824
24.87647
37.31471
49.75295
62.19118
75.39781
85.83191
95.50214
107.94038
109.53664
12.43824
25.40356
30.78162
43.21986
55.65810
68.76085
79.90261
92.45281
104.89105
118.03295
12.43824
24.87647
37.31471
49.75295
62.19118
74.62942
87.06765
99.50589
110.39926
124.33096
12.43824
24.87647
38.06326
50.50150
62.93974
75.37797
87.81621
100.73930
113.58554
126.74699
12.43824
24.87647
37.31471
49.75295
62.19118
74.62942
87.71832
100.15655
113.33355
126.51391
12.43824
24.87647
37.31471
49.75295
62.19118
75.07160
87.50984
99.94807
112.38631
123.31455
12.43824
25.33036
37.76859
50.20683
63.17977
75.61801
88.05625
91.57566
104.01390
116.45214
12.43824
24.87647
37.31471
49.75295
62.65167
66.71981
79.15805
91.59629
104.03452
115.12512
12.43824
24.87647
37.31471
49.75295
62.19118
74.62942
86.90394
99.51531
111.95354
122.41430
12.43824
24.87647
37.31471
50.30821
63.47546
76.64906
89.08729
101.52553
114.57425
126.63795
12.43824
24.87647
37.31471
49.96576
60.73989
73.17813
77.97499
91.02496
103.54331
115.98155
12.43824
24.87647
37.31471
50.25908
63.58594
76.02418
82.43610
92.37539
104.81362
117.25186
12.43824
24.87647
37.31471
49.75295
62.19118
74.62942
81.96786
91.22181
103.66004
116.09828
12.43824
24.87647
37.31471
49.75295
62.19118
75.23661
87.83965
96.09649
108.53472
121.24283
12.43824
24.87647
37.31471
49.75295
62.19118
75.33636
87.77749
99.16459
111.60282
124.23207
12.43824
24.87647
37.31471
46.73598
59.17422
71.61246
83.92472
96.36296
109.38309
121.82133
12.43824
24.87647
37.31471
50.24349
62.68172
75.11996
86.38723
98.82547
111.26371
123.70194
12.43824
24.87647
37.31471
49.75295
62.19118
75.26793
88.21811
101.25756
113.69580
124.14403
