12.43824
24.87647
37.31471
49.75295
60.98781
73.89393
86.33217
96.04309
108.48132
120.91956
12.43824
24.87647
37.31471
49.95239
62.39063
74.82887
87.97514
100.75368
113.44993
126.62808
12.43824
24.87647
37.31471
49.75295
59.05520
71.84475
84.28299
96.72122
109.15946
122.88362
12.43824
24.87647
37.31471
47.23564
60.42107
72.85930
84.97275
94.86985
107.97412
120.49794
12.43824
24.49261
36.93084
49.36908
61.80732
74.24555
87.37739
98.46006
110.89829
123.33653
12.43824
24.87647
37.31471
50.14880
62.54180
71.48426
83.92249
96.62966
109.38819
121.26530
12.43824
24.87647
37.31471
49.75295
60.47796
71.33437
83.77261
94.52955
96.26104
108.48659
12.43824
24.87647
37.31471
49.75295
62.19118
75.30051
88.47949
100.91773
114.00308
126.44743
12.43824
24.87647
33.84103
46.27926
58.46970
70.90794
80.33040
92.45391
104.89214
110.45797
12.43824
23.94150
36.37974
49.18929
61.62752
74.06576
86.50400
98.94223
111.38047
118.70975
12.43824
24.87647
37.31471
49.75295
50.29384
62.73208
75.17031
87.60855
100.68005
113.86101
12.43824
24.87647
36.54304
48.98128
61.42906
74.19001
86.62825
99.06648
111.53423
124.22958
12.43824
24.87647
37.31471
49.75295
62.87257
75.31080
88.25163
101.33765
112.92313
125.36137
12.43824
24.87647
29.64412
38.49009
50.92833
63.36657
75.80480
88.24304
100.56403
113.00227
12.43824
24.10540
36.54364
48.98187
61.42011
74.60413
81.46891
93.90714
105.80354
118.24178
12.43824
24.87647
34.03761
46.47585
59.63573
72.07396
83.72881
95.33300
107.77124
120.91288
12.43824
24.87647
37.31471
49.75347
62.19171
74.62995
87.06818
99.50642
107.84095
120.57641
12.43824
24.87647
38.02213
49.48832
62.66229
75.10053
87.53877
99.97700
112.41524
123.85237
12.43824
24.87647
37.31471
49.75295
62.19118
75.37783
87.81607
100.28691
113.47050
125.76862
12.43824
25.57288
38.01112
50.44936
62.88759
75.32583
87.76406
99.07969
111.07733
123.51557
12.43824
24.87647
37.31471
49.75295
62.31618
74.75441
83.44563
95.88387
109.04328
121.96374
12.43824
24.87647
37.15400
39.92300
52.36124
65.16350
77.60173
90.03997
102.47821
114.07228
12.43824
24.87647
37.31471
48.89271
61.33095
73.76919
86.20742
94.47629
107.28316
120.33683
12.43824
24.87647
37.31471
49.75295
57.99750
69.92265
83.25005
95.68829
108.12653
120.56476
12.43824
24.87647
37.31471
49.75295
62.19118
75.35313
87.79136
100.87751
102.27321
114.71145
12.43824
24.87647
37.31471
39.12069
51.55893
63.99717
76.30910
88.74733
101.18557
114.34760
12.43824
24.87647
37.31471
49.75295
62.19118
74.62942
87.81200
100.49196
112.93019
125.36843
12.43824
24.87647
37.31471
49.75295
62.73709
75.28832
87.44215
95.21932
108.32416
121.02873
12.43824
24.87647
37.31471
50.49791
62.93615
75.37439
88.56032
100.99856
112.61345
125.63718
12.43824
24.87647
37.31471
43.93678
57.01570
69.45394
81.89217
94.94084
100.67069
113.26457
12.43824
24.87647
37.31471
47.62883
60.06706
72.50530
84.94354
97.38177
109.82001
119.43864
12.43824
24.92543
37.36367
49.80190
62.24014
74.67838
86.30011
98.73835
111.50456
124.37097
12.43824
24.87647
37.31471
49.75295
62.19118
74.62942
87.06765
99.57967
112.75857
125.58339
12.43824
24.87647
35.46002
48.30274
60.74098
73.17921
84.14322
96.58145
109.13357
116.68558
12.43824
24.87647
38.01794
48.97647
62.23172
74.66996
81.33937
94.36056
107.54536
119.43108
12.43824
24.87647
37.31471
49.75295
62.19118
70.58739
83.29950
94.81755
107.25579
118.37622
12.43824
25.50306
37.94130
50.37953
59.95249
70.07176
82.50999
95.65560
105.89577
118.91315
12.43824
24.87647
37.31471
50.04599
62.48423
71.61039
84.04863
91.41229
103.24178
115.68001
12.43824
24.87647
37.31471
49.75295
62.19118
74.62942
83.37169
88.93908
95.06221
107.75341
12.43824
24.87647
37.31471
49.75295
62.60246
75.04069
78.22838
90.66661
103.10485
115.54309
12.43824
24.87647
37.31471
49.75295
62.37665
75.03110
87.46933
100.54283
110.06253
122.50077
12.43824
25.38257
37.82081
48.54494
60.98317
73.42141
85.94055
93.06423
105.72316
118.16139
12.43824
24.87647
37.31471
49.75295
62.19118
74.96254
87.40078
99.83902
112.92071
121.84426
12.43824
24.87647
37.31471
49.75295
62.82702
75.26525
87.70349
100.14172
113.11141
119.30165
12.43824
24.87647
38.03728
50.47552
62.91375
76.09324
77.93606
88.16264
100.60088
113.67509
12.43824
24.87647
37.31471
50.23976
62.67800
75.11623
84.62941
97.06764
109.50588
112.84247
12.43824
25.54280
36.16819
48.60643
58.89182
71.33006
84.33531
96.77355
104.70946
117.14769
12.43824
24.87647
37.31471
47.26490
59.70314
72.14137
83.70513
95.29266
107.74782
120.60948
12.43824
24.87647
27.72685
40.16509
53.31017
65.74841
78.18665
87.49728
93.98818
106.34579
12.43824
24.87647
37.31471
49.75295
62.19118
74.71214
87.81312
100.66415
113.10238
125.54062
12.43824
24.87647
35.89682
48.33505
60.77329
73.80024
86.23847
99.29217
113.04368
126.21067
12.43824
25.36745
37.80569
46.43171
58.86995
71.30818
83.74642
96.18466
109.37148
121.80972
12.43824
24.87647
37.31471
49.75295
61.30384
73.74208
86.18031
98.61855
101.16868
114.10068
12.43824
24.87647
37.31471
49.90834
62.34657
75.48332
88.19932
90.38135
102.83768
115.27592
12.43824
24.87647
37.31471
49.75295
62.19118
74.62942
87.66011
100.09835
105.41553
117.85377
12.43824
24.87647
37.31471
49.10611
55.12539
67.56362
77.77507
80.60549
85.75458
96.61776
12.43824
25.34345
37.78169
50.21992
62.65816
75.09640
87.53463
99.97287
112.41111
124.04103
12.43824
24.87647
37.31471
49.75295
62.19118
75.28977
87.72801
100.16624
112.60448
125.04272
12.43824
24.87647
33.94332
46.38155
58.04355
70.48178
82.92002
95.35826
103.19255
115.63078
12.43824
24.87647
37.31471
49.75295
62.19118
74.62942
87.06765
100.58259
106.76062
119.19885
12.43824
24.87647
37.31471
50.47240
62.91064
75.34887
87.78711
100.25708
113.37935
123.04532
12.43824
24.87647
37.31471
49.75295
62.92608
76.10389
88.54213
100.86044
112.00497
122.48310
12.43824
24.87647
37.31471
49.75295
62.49678
74.93501
88.11898
99.84547
112.28370
118.90119
12.43824
24.87647
37.31471
49.75295
62.25602
67.74232
81.46042
93.89866
106.26218
118.70849
12.43824
24.87647
37.31471
49.75295
62.19118
74.62942
87.66187
97.59609
110.77425
123.21249
12.43824
24.87647
37.31471
49.75295
62.93313
75.37137
87.80961
99.80811
112.28800
125.35468
12.43824
24.87647
37.31471
48.87371
61.31195
74.03220
87.18188
99.62012
112.80388
125.24212
12.43824
24.87647
37.31471
49.75295
62.19118
74.62942
87.06765
95.05814
108.22132
121.33217
12.43824
24.87647
37.31471
49.75295
62.19118
75.31715
88.53600
100.97424
113.41247
126.98112
12.43824
24.87647
37.31471
49.75295
62.20597
74.64421
87.08245
99.54219
111.98043
124.44000
12.43824
24.87647
37.31471
49.75295
62.89193
74.81654
87.25477
99.69301
112.13125
124.56948
12.43824
24.87647
31.66527
44.10350
56.54174
68.97998
81.41821
94.60303
107.20953
119.64777
12.43824
24.87647
37.31471
50.96221
63.40045
75.83868
88.27692
100.71516
108.37966
120.81789
12.43824
25.61402
38.05226
50.49049
62.92873
75.36696
88.83897
101.27721
108.90233
121.22909
12.43824
24.87647
37.31471
49.75295
62.52486
74.96309
86.23131
98.66954
111.10778
122.20687
12.43824
24.87647
37.31471
49.75295
62.19118
74.33625
87.06840
99.50663
112.49329
125.64833
12.43824
24.87647
37.31471
48.39640
60.83464
65.90584
78.34408
90.78232
103.22055
111.88235
12.43824
24.87647
37.31471
49.75295
59.07705
71.51529
83.95353
97.10616
109.54440
122.45521
12.43824
24.87647
37.31471
49.75295
62.19118
74.62942
87.06765
99.50589
111.94413
122.74138
12.43824
24.87647
37.31471
50.48119
62.91943
75.35767
88.27140
100.70963
110.08559
123.08745
12.43824
24.87647
37.31471
49.75295
62.89233
75.33056
87.76880
100.20704
112.80533
125.40759
12.43824
24.87647
36.59582
49.03405
61.81843
74.25667
86.83904
99.64887
112.08710
120.18886
12.43824
24.87647
37.31471
49.75295
62.19118
63.33777
75.36408
88.55107
101.01631
106.35906
12.43824
25.02607
37.97124
50.40948
62.84771
75.50847
86.65697
99.09520
111.53344
123.97167
12.43824
24.87647
37.31471
49.75295
62.19118
74.62942
87.06765
99.50589
111.37886
125.05307
12.43824
24.87647
36.26657
48.70481
61.14305
73.58128
86.01952
97.65031
110.58574
123.32826
12.43824
24.87647
37.31471
49.75295
58.23552
70.67375
83.64445
96.08269
108.20420
121.32773
12.43824
24.87647
38.05809
50.49633
62.93456
76.35219
89.51866
101.95690
114.39513
127.05134
12.43824
25.26952
37.70776
50.14599
63.07658
75.51482
87.95305
101.13892
109.73137
122.16961
12.43824
24.87647
37.31471
49.75295
62.92849
67.43085
80.50964
92.94787
105.38611
117.92128
12.43824
24.87647
37.31471
49.75295
62.19118
74.62942
83.82761
96.26584
108.70408
121.12933
12.43824
24.87647
37.31471
49.75295
62.19118
74.91458
87.35281
99.79105
107.94904
120.81343
12.43824
24.87647
37.31471
49.75295
62.19617
74.63441
78.77165
91.20989
102.25360
114.69183
12.43824
24.87647
37.31471
49.75295
63.00403
75.44226
88.80497
95.59304
108.03128
120.46951
12.43824
24.87647
37.31471
49.75295
62.19118
74.62942
86.78701
99.92990
112.36814
125.20104
12.43824
24.87647
38.06193
50.50017
62.93840
75.81698
88.98030
101.06763
113.87185
125.05485
12.43824
24.87647
37.87379
50.31203
63.86411
76.56056
88.99880
101.50951
115.26445
127.60004
12.43824
24.87647
37.31471
47.56694
60.32346
72.76170
85.14498
97.58322
110.02146
122.45969
12.43824
24.87647
37.31471
50.47334
62.91157
75.34981
88.50032
101.23521
113.67344
126.11168
12.43824
24.87647
37.31471
49.75295
62.82340
75.26164
88.39101
92.06890
105.25542
118.26716
