12.43824
24.87647
37.31471
49.75295
62.02725
74.46548
86.90372
94.93923
102.78080
115.21904
12.43824
24.87647
37.31471
49.91361
62.35184
74.79008
87.45156
100.22665
110.93277
122.73466
12.43824
24.87647
37.31471
49.75295
62.11112
74.54936
86.98759
99.42583
111.86674
125.05352
12.43824
24.87647
37.31471
49.75295
61.80709
74.24532
87.35832
99.03260
112.18043
124.61867
12.43824
21.17632
33.61456
46.05279
58.49103
70.92926
84.10087
96.02782
108.07534
121.21608
12.43824
24.87647
37.31471
50.47018
63.65673
70.76926
83.20750
95.64573
108.43956
118.68395
12.43824
24.87647
37.31471
49.75295
57.90331
63.14653
75.58477
87.14473
98.65841
111.75433
12.43824
24.87647
37.31471
49.75295
62.19118
74.89636
87.18752
99.62576
113.15962
125.59786
12.43824
24.87647
32.57444
45.01267
56.53540
68.97364
77.30487
90.35509
102.79333
114.61266
12.43824
25.61625
38.79278
52.43411
64.87235
77.31058
89.74882
102.46794
114.90618
120.02378
12.43824
24.87647
37.31471
49.75295
62.92460
75.44892
88.59940
101.03764
114.17691
121.70112
12.43824
24.87647
37.64966
50.08789
62.52613
75.52619
87.96443
92.14015
105.00542
117.44366
12.43824
24.87647
37.31471
49.75295
62.45930
74.89754
87.88822
101.03433
105.41052
117.84875
12.43824
24.87647
33.19864
42.71999
55.15822
67.59646
80.03470
92.47293
105.11399
117.55222
12.43824
24.83055
37.26878
49.70702
62.14526
74.68835
83.91504
96.35327
109.48897
122.60576
12.43824
24.87647
36.49522
48.93346
61.45730
73.89553
86.61102
88.15418
100.59241
111.57962
12.43824
24.87647
37.31471
49.75295
62.19118
74.62942
87.06765
99.50589
107.49306
120.72697
12.43824
24.87647
37.98282
49.51608
62.55900
74.99724
87.80781
100.24604
113.15336
125.59159
12.43824
24.87647
37.31471
49.75295
62.19118
73.78756
86.22580
98.79032
111.94626
124.38450
12.43824
24.87647
37.31471
49.75295
62.19118
75.27830
87.71653
99.87968
113.06430
125.50254
12.43824
24.87647
37.67338
50.11162
62.59816
75.03639
76.97810
89.41634
101.58823
108.06514
12.43824
24.87647
37.91384
50.84994
63.28818
76.46110
88.89934
101.86894
114.30718
127.17657
12.43824
24.87647
37.31471
46.42396
58.98408
71.42231
83.86055
92.65473
105.09297
112.19930
12.43824
24.87647
37.31471
49.75295
61.10054
68.98316
82.16088
94.59911
107.03735
119.47558
12.43824
24.87647
37.31471
49.75295
62.19118
75.18774
87.62597
100.32722
113.36598
125.80421
12.43824
24.87647
37.31471
50.42435
62.86259
75.30082
88.25637
100.69460
113.13284
125.90581
12.43824
24.87647
37.31471
49.96511
62.40334
74.84158
87.45726
89.29257
101.73081
114.16905
12.43824
24.87647
37.31471
49.75295
62.72731
75.16555
88.93961
101.80446
114.25190
122.49385
12.43824
24.87647
37.31471
49.74886
62.18710
66.43089
79.38755
91.82578
103.03826
115.78146
12.43824
24.87647
37.31471
50.00037
60.78619
73.22442
85.66266
98.35627
106.33436
119.47960
12.43824
24.87647
37.31471
48.00003
60.43827
72.87651
85.31474
97.75298
110.59217
123.54310
12.43824
24.87647
37.31471
49.75295
62.19118
74.62942
86.37355
98.81178
111.25002
124.49826
12.43824
24.87647
37.31471
49.75295
62.19118
74.62942
87.06765
100.16607
113.78091
126.21915
12.43824
24.87647
33.09456
40.88713
53.32537
65.76361
78.94098
91.89363
102.47412
109.42482
12.43824
24.87647
37.60289
48.18796
60.80877
73.24701
78.68518
91.14065
104.78616
113.05742
12.43824
24.87647
37.31471
49.75295
62.19118
70.41610
83.45398
95.29095
108.43646
113.47344
12.43824
24.96213
37.40036
49.83860
60.43213
71.71296
84.15120
96.58943
99.68785
112.77164
12.43824
24.87647
37.31471
50.13749
62.57573
74.55699
86.99523
97.28393
110.00083
122.43906
12.43824
24.87647
37.31471
49.75295
62.19118
74.62942
87.00249
93.05925
104.40909
116.92079
12.43824
24.87647
37.31471
49.75295
62.89311
75.33134
82.59904
95.03727
107.47551
119.91375
12.43824
24.87647
37.31471
49.75295
61.54904
74.02790
86.46613
99.63086
102.94592
115.38415
12.43824
23.38829
35.82653
47.69881
60.13704
72.57528
83.93048
97.46807
109.98245
122.74922
12.43824
24.87647
37.31471
49.75295
62.19118
75.37811
87.81634
100.25458
107.15614
119.38753
12.43824
24.87647
37.31471
49.75295
62.19118
74.62942
87.81285
100.25109
109.97716
123.11127
12.43824
24.87647
37.31471
49.75295
62.19118
74.91891
82.38588
90.54697
103.58074
111.57765
12.43824
24.87647
37.83252
51.01935
63.45759
75.89582
87.04078
99.47902
112.34454
120.97446
12.43824
25.12679
36.02740
48.46564
54.01673
66.45496
79.37808
91.81631
96.24107
108.67931
12.43824
24.87647
37.31471
50.57985
63.01809
75.45632
88.33445
99.73428
112.17252
119.85112
12.43824
24.87647
37.49662
49.93485
63.11055
75.54879
80.01610
93.20307
101.47670
103.37009
12.43824
24.87647
37.31471
49.75295
62.06060
74.67050
87.72000
100.15823
104.18906
116.62729
12.43824
24.87647
36.60097
49.03921
61.47745
74.56424
87.00247
100.18346
113.99333
127.17631
12.43824
25.14747
37.58571
50.06886
62.50710
74.94533
87.38357
99.82181
112.92588
125.36411
12.43824
24.87647
38.01027
50.44851
61.76618
74.20441
86.64265
99.08089
108.08276
121.06014
12.43824
24.87647
37.31471
49.75295
62.19118
69.19895
76.58794
87.23765
99.67589
112.11413
12.43824
24.87647
37.31471
49.75295
62.19118
74.62942
87.76806
100.20629
108.31322
120.75145
12.43824
24.87647
37.31471
50.46983
55.61893
68.05717
80.66700
84.73707
95.51240
109.38864
12.43824
24.87647
37.31471
49.75295
62.19118
74.62942
87.06765
96.33945
108.77768
122.32384
12.43824
24.87647
37.31471
49.75295
62.19118
75.22156
87.65980
100.09804
112.53627
124.97451
12.43824
24.87647
36.86834
49.30658
60.37188
72.81012
84.50792
96.94616
100.22347
112.66170
12.43824
24.87647
37.31471
50.36077
62.79901
75.23724
87.67548
98.95610
107.14081
119.57904
12.43824
24.87647
37.31471
47.81554
60.25378
72.69201
85.13025
97.79013
110.30734
117.75157
12.43824
24.87647
37.31471
49.75295
62.93175
75.70278
88.14101
101.22769
113.19340
118.45553
12.43824
24.87647
37.31471
49.75295
62.83811
75.27634
88.46272
99.21471
111.65294
120.72925
12.43824
24.87647
37.31471
49.75295
57.33782
68.40284
81.95605
94.39429
104.04863
117.21311
12.43824
24.87647
37.31471
49.75295
62.55766
74.99589
84.73201
91.63044
104.81339
117.25163
12.43824
24.87647
37.31471
49.75295
62.19844
74.63668
87.07491
100.06315
111.38606
120.63454
12.43824
24.87647
37.31471
50.49696
62.93520
75.37343
88.45506
100.89330
114.07887
126.51710
12.43824
24.87647
37.31471
49.75295
62.19118
74.62942
87.06765
94.85904
108.42267
121.55576
12.43824
24.87647
37.31471
49.75295
62.19118
75.35918
82.91018
95.34842
107.78666
120.22489
12.43824
24.87647
37.31471
49.75295
62.91150
75.34974
88.13932
100.57756
113.01580
124.98964
12.43824
24.87647
37.95171
50.38995
63.39227
75.12188
87.56012
100.73514
113.85359
127.03948
12.43824
24.87647
32.63810
45.07633
57.51457
69.95280
82.39104
95.48446
108.22675
120.66499
12.43824
24.87647
37.31471
47.88096
60.31920
72.75743
85.19567
98.37521
109.69589
122.13413
12.43824
25.46000
37.89823
50.33647
62.77471
75.21294
87.35620
99.93402
112.56354
125.15745
12.43824
24.87647
37.31471
49.75295
61.47260
74.26552
87.42686
99.86510
112.30334
125.36607
12.43824
24.87647
37.31471
49.75295
62.19118
75.21614
87.65438
100.09262
112.53085
125.69086
12.43824
24.87647
37.31471
50.50129
62.93953
75.37777
87.81600
100.25424
112.69248
125.66518
12.43824
24.87647
37.31471
49.75295
58.83769
71.27593
83.71417
96.83994
109.27817
121.92701
12.43824
25.40568
37.84392
50.28216
62.72039
75.15863
87.59687
100.03510
107.00273
115.12044
12.43824
24.87647
37.89884
50.94828
63.38652
76.57311
89.66499
102.10322
114.54146
127.62428
12.43824
24.87647
37.31471
49.75295
62.33298
74.77122
87.20946
99.64769
113.48685
127.03416
12.43824
24.87647
35.66711
48.10534
55.99451
68.43274
81.48773
94.13215
106.57039
117.08586
12.43824
24.87647
37.31471
49.75295
62.19118
71.87164
76.00313
89.17367
101.61191
102.96917
12.43824
25.16030
28.88969
41.32793
53.76616
66.82977
79.61923
92.05747
104.49571
117.33718
12.43824
24.87647
38.04065
50.47889
62.91712
75.35536
87.79359
100.23183
113.34918
126.42029
12.43824
24.87647
37.49958
50.55880
62.99703
75.43527
87.87351
101.05249
113.88963
126.32786
12.43824
24.87647
37.31471
49.75295
62.61211
75.05034
88.20222
100.64046
113.81095
126.50802
12.43824
24.87647
37.72212
50.16035
62.59859
74.65770
87.68590
100.21632
112.65456
125.82344
12.43824
25.62525
38.06349
50.50173
63.36033
75.79857
88.23681
96.48026
106.28615
118.72439
12.43824
24.87647
37.31471
49.75295
61.24233
64.63860
77.07684
89.51507
101.95331
112.04172
12.43824
24.87647
37.31471
49.75295
62.19118
74.62942
87.76896
100.49627
112.93451
122.43113
12.43824
24.87647
37.31471
49.75295
62.19118
74.74361
87.18184
99.62008
109.51534
120.80666
12.43824
24.87647
37.31471
49.75295
62.91031
75.34855
87.78678
100.22502
107.64916
120.08740
12.43824
24.95259
37.39082
47.71648
60.87199
73.31022
83.47889
85.22413
97.66237
110.10060
12.43824
24.87647
37.31471
50.30522
62.74346
75.18169
88.30895
100.91793
113.35617
126.31430
12.43824
24.87647
37.31471
49.75295
62.19118
74.62942
87.22917
93.10375
105.54199
118.26063
12.43824
24.87647
37.99881
50.43705
63.45575
76.63472
89.07296
101.80184
115.24881
127.68705
12.43824
24.87647
37.31471
46.23299
58.67122
71.10946
84.21678
96.65501
109.41358
121.85182
12.43824
24.87647
37.31471
50.28696
62.72520
75.16344
86.17130
98.82032
111.25856
123.69679
12.43824
24.87647
37.31471
49.75295
62.92890
75.62863
88.81548
97.88873
105.10118
115.90212
