12.43824
24.87647
37.31471
49.98028
58.04168
71.04227
83.48051
85.95036
89.81594
102.75840
12.43824
24.87647
37.31471
48.79216
61.91827
74.35651
83.69069
96.02576
103.24112
110.68140
12.43824
24.87647
37.31471
49.75295
54.30464
65.15563
78.25488
91.36331
98.84590
106.65973
12.43824
24.87647
37.31471
42.69981
52.21649
64.65472
73.42254
79.81457
90.50219
102.90369
12.43824
17.81705
30.25529
42.69353
55.13176
67.71534
73.26937
80.34279
87.33545
98.46480
12.43824
24.87647
37.31471
47.98844
56.48156
60.70305
73.14128
86.24445
94.99505
98.74180
12.43824
24.87647
37.31471
49.75295
53.65941
56.22087
70.07678
76.82634
77.19668
81.47993
12.43824
24.87647
38.66302
51.10125
63.53949
75.28675
84.17476
96.61300
104.68276
117.36625
12.43824
24.87647
30.16334
42.60158
50.64385
63.11380
68.43759
76.08435
88.77521
89.04661
12.43824
14.11410
25.79437
28.34693
40.78516
53.96903
66.69671
79.81489
92.25313
95.03812
12.43824
24.87647
37.31471
49.75295
49.91489
62.58443
74.50700
87.03735
89.24877
93.34966
12.43824
24.87647
33.34312
45.78136
58.58076
69.90760
82.34583
82.40908
95.25780
105.99344
12.43824
24.87647
37.31471
49.75295
61.95990
75.05907
85.19800
95.24310
97.54641
110.00826
12.43824
24.87647
26.83715
31.77013
44.20837
56.64661
68.53763
81.66939
88.80415
101.42331
12.43824
20.50148
32.93971
45.37795
58.55923
67.74156
70.56612
83.34947
87.38484
99.55635
12.43824
24.87647
30.24642
43.34508
50.41544
63.44432
68.91154
69.05340
82.15655
84.86875
12.43824
24.87647
37.31471
50.20727
62.64551
75.51476
88.70103
101.97569
107.31329
116.34375
12.43824
24.87647
35.54711
39.88874
49.60145
62.03968
74.76393
88.40669
100.17729
107.51317
12.43824
24.87647
37.31471
49.75295
62.41646
68.98297
81.84370
94.00336
104.51478
113.40018
12.43824
24.42234
37.44041
49.87864
62.31688
71.44261
83.88085
89.82873
98.39862
110.28243
12.43824
24.87647
36.83963
49.27786
61.75908
74.19732
74.49909
87.24570
89.91490
92.50273
12.43824
24.87647
30.01996
31.86364
44.30188
49.65925
62.09749
74.24429
87.66255
95.67950
12.43824
24.87647
37.98305
43.99020
56.46820
68.90644
81.34467
86.78205
99.94496
103.27340
12.43824
24.87647
37.31471
49.75295
52.68493
58.22841
68.83216
82.72491
95.81954
108.25777
12.43824
25.62515
38.06339
50.50162
63.67306
73.63475
86.82169
96.12453
96.30060
109.18492
12.43824
24.87647
37.31471
38.09236
50.53060
63.35388
72.14900
86.04214
99.09707
106.13592
12.43824
25.53870
37.97694
50.83350
63.27174
75.70997
79.90199
80.74994
94.38440
107.56741
12.43824
24.87647
37.31471
49.75295
51.07236
64.48526
70.01958
72.91998
85.08461
88.94498
12.43824
24.87647
37.31471
43.99178
56.43002
57.02309
68.14288
80.58111
85.52169
91.27149
12.43824
24.98799
37.42622
40.76903
46.98777
59.42601
71.86424
82.28492
85.26446
96.79419
12.43824
24.87647
37.31471
43.96071
56.39895
68.95637
82.02776
86.86776
98.90077
100.70934
12.43824
25.09037
37.52861
49.96684
62.40508
71.00199
78.15361
90.59184
102.55907
111.91629
12.43824
24.87647
37.91879
50.35703
63.37512
76.56216
89.43257
98.51061
106.94613
114.47382
12.43824
24.87647
30.30244
36.01636
48.45460
60.89283
68.94255
79.43018
79.54882
82.34007
12.43824
24.87647
36.49422
41.68321
54.03995
66.47819
68.28641
81.14318
87.08086
87.16942
12.43824
24.87647
37.31471
50.32919
63.51009
67.81139
77.45561
82.04543
92.09468
93.31995
12.43824
22.07271
34.51095
46.94919
51.49901
58.43447
71.60477
84.68840
86.39643
97.21798
12.43824
24.87647
37.31471
45.12579
58.24305
66.45973
78.89797
81.51196
91.15980
104.62491
12.43824
24.87647
37.31471
49.80147
62.23970
74.73988
79.94156
82.91734
86.54612
99.26566
12.43824
24.87647
37.31471
49.75295
58.72997
71.79267
73.17004
86.28878
99.67886
112.74995
12.43824
24.87647
37.44311
49.88135
59.06205
66.88172
79.31996
88.19668
88.49667
101.64801
12.43824
16.38316
28.82139
35.53693
48.70579
61.14403
63.70645
65.09283
73.63947
85.04065
12.43824
24.87647
38.05836
50.65327
63.09151
71.47981
83.93110
96.36934
98.24241
103.29329
12.43824
24.87647
37.31471
49.76041
61.10737
74.69095
76.57690
89.73481
94.00467
98.09559
12.43824
24.87647
36.60399
49.04222
61.48046
72.47472
73.31373
78.79613
83.07822
86.41037
12.43824
24.87647
36.84876
47.85094
60.28917
72.72741
73.52395
86.71046
99.69842
99.79668
12.43824
15.66022
20.23845
32.67669
35.68971
48.12795
59.62344
72.06168
72.12886
84.56710
12.43824
24.87647
37.99392
43.64863
56.08687
70.00105
74.34732
78.08279
89.64725
89.84815
12.43824
24.87647
25.28988
37.72812
48.49317
60.93140
62.57815
66.41705
67.81760
68.80485
12.43824
24.87647
37.31471
49.37105
55.20435
66.46753
75.24696
87.62578
89.24228
101.64043
12.43824
24.87647
31.55258
43.99082
56.96928
63.08791
76.17539
87.46276
95.55710
106.36130
12.43824
21.59173
34.02996
40.44056
53.22528
66.41166
78.84990
91.36675
100.66331
113.47278
12.43824
24.87647
36.27198
48.71021
49.98036
62.41859
75.41868
87.94790
88.40471
98.56303
12.43824
24.87647
37.31471
50.51349
63.68985
68.02651
71.29105
72.07844
85.23069
97.66892
12.43824
24.87647
38.02852
51.14196
63.58020
76.39428
77.09309
89.53133
90.73013
103.91639
12.43824
24.87647
37.31471
42.75625
42.94350
56.10447
62.39406
63.88137
66.71217
69.43215
12.43824
24.90404
37.57019
50.00842
62.44666
75.96140
89.07921
91.44003
104.43537
111.71270
12.43824
24.87647
37.90405
51.01693
63.19779
71.56267
84.00090
97.18503
109.64483
122.83121
12.43824
24.91191
30.47593
42.91417
45.86867
58.30691
66.34776
78.54234
79.09681
91.53505
12.43824
24.87647
36.43038
48.98943
61.42767
74.52426
86.99605
89.27874
89.41383
102.44060
12.43824
24.87647
37.31471
44.70594
57.19621
69.63444
82.07268
93.30306
99.15100
103.26280
12.43824
25.58631
38.02455
51.20344
61.97254
73.22641
85.66465
94.95015
101.16633
101.64071
12.43824
24.87647
37.31471
49.75295
57.99534
70.43358
80.78290
88.53381
101.35283
101.94715
12.43824
25.61718
38.05542
50.61669
54.44461
57.97419
62.71664
75.15488
80.57665
91.31973
12.43824
24.87647
37.31471
49.78960
62.35807
74.79631
80.28791
83.03707
92.24570
104.68393
12.43824
24.87647
37.31471
50.31365
61.35009
73.78832
87.41431
96.53341
102.96818
104.93417
12.43824
24.87647
37.31471
42.54185
54.98008
67.36369
78.61741
91.05564
102.65473
115.09297
12.43824
24.87647
37.31471
49.75295
63.43344
76.27390
88.71214
92.90285
96.82597
107.18254
12.43824
24.71146
37.14970
49.89864
62.33687
70.71015
71.55788
83.99612
96.96696
105.77011
12.43824
24.87647
37.31471
50.02095
58.42412
71.59353
83.47000
95.72995
108.16818
113.23970
12.43824
24.87647
36.90321
49.34145
59.16125
60.59064
73.02888
82.68674
94.36108
105.83971
12.43824
24.87647
29.30979
41.74802
54.18626
66.83069
79.96344
89.21711
101.47221
113.91045
12.43824
24.87647
38.00409
43.77355
56.36059
68.79882
81.62425
93.02196
96.92952
109.46185
12.43824
21.04393
33.48216
46.64097
59.07921
71.51745
77.35873
90.69282
91.08627
99.31304
12.43824
24.87647
37.31471
49.75295
58.47270
69.85151
69.92459
82.08995
95.00595
100.70988
12.43824
24.87647
37.63455
50.07279
63.20690
66.75567
77.54669
89.98492
103.05992
114.50395
12.43824
24.87647
37.31471
43.00560
55.46495
56.56101
69.57526
83.48057
96.43671
101.40039
12.43824
24.87647
37.97865
50.41689
55.21124
67.64947
80.08771
91.69217
104.13041
115.88166
12.43824
14.86845
27.30668
39.95326
52.39150
64.94512
77.93410
90.38015
94.72418
94.82632
12.43824
24.87647
35.94725
43.97997
56.41821
68.52653
80.44855
92.88679
99.28362
108.37300
12.43824
24.87647
37.31471
49.94187
59.28563
71.72387
84.21372
97.26980
108.30038
113.47027
12.43824
24.87647
30.95091
43.38914
45.82862
58.26685
70.60532
79.93876
92.46188
94.94666
12.43824
24.87647
37.88885
50.85227
63.85181
64.37942
67.08858
73.72170
86.86951
86.89756
12.43824
17.13555
18.28050
30.71874
43.15698
54.45889
63.70889
76.87201
89.44665
95.90107
12.43824
24.87647
36.36517
48.89462
61.99490
74.43313
88.29405
101.47837
110.31912
117.96720
12.43824
24.87647
32.75307
37.26201
49.70025
62.13848
74.57672
82.53284
93.10403
100.37402
12.43824
24.87647
37.31471
50.47837
52.57400
65.01224
73.93776
86.37599
89.05621
99.62212
12.43824
24.87647
36.86844
49.30668
61.77943
62.76673
73.08313
85.79625
98.95460
103.70822
12.43824
22.55318
34.99142
47.42965
58.37793
70.81617
83.46354
86.49092
86.61256
99.29112
12.43824
24.87647
38.06278
50.75175
54.67832
56.28598
69.40464
82.52823
94.96646
100.04748
12.43824
24.87647
37.31471
50.45999
63.47814
75.91638
78.99202
90.29893
102.73717
104.91234
12.43824
24.87647
37.36661
49.89712
62.44209
73.31362
85.75186
98.19010
99.21506
102.44925
12.43824
24.87647
37.31471
50.49940
62.02868
74.46691
76.15276
89.74600
91.72825
104.98570
12.43824
25.25712
37.69535
43.62395
55.37113
67.80937
73.14910
73.30948
86.48673
99.51827
12.43824
24.87647
37.31471
50.15642
62.86052
75.73230
76.77627
86.15336
98.59159
109.63268
12.43824
25.08561
37.20890
49.64714
62.80048
72.90124
84.17947
88.39773
100.98014
101.85792
12.43824
24.87647
29.16421
41.60244
51.95878
61.15447
74.09690
79.73271
88.35812
96.37086
12.43824
24.87647
38.01352
43.95044
56.40418
68.84242
77.03050
90.12799
99.28473
112.13838
12.43824
25.47026
37.90850
45.72409
58.60589
71.04413
79.09385
88.02034
101.92762
114.36586
12.43824
24.87647
37.31471
49.75295
59.84435
69.73447
81.12477
82.53974
85.23720
90.30571
