12.43824
24.87647
37.31471
49.75295
62.61111
75.04935
87.48758
94.51425
106.50303
118.94127
12.43824
24.87647
37.31471
49.75295
62.19118
74.62942
87.71284
100.15107
112.47070
125.00960
12.43824
24.87647
37.31471
49.75295
59.34790
72.03841
84.47664
96.91488
109.57394
122.71134
12.43824
24.87647
37.31471
46.89309
60.03834
72.47658
85.22569
96.98104
109.41928
121.85751
12.43824
23.57824
36.01648
48.45472
60.89295
73.33119
83.73418
95.32558
107.36698
119.80521
12.43824
24.87647
37.31471
50.34541
63.37917
72.44378
84.88202
97.32025
110.01724
122.90293
12.43824
24.87647
37.31471
49.75295
57.60908
70.39161
82.82984
95.09974
102.18247
114.60127
12.43824
24.87647
37.31471
49.75295
62.19118
74.64141
87.73410
100.17234
113.35911
125.79735
12.43824
24.87647
36.16245
48.60069
61.48119
73.91942
83.59070
95.98754
108.42578
120.18898
12.43824
25.59893
38.03716
50.64981
63.08805
75.52628
87.96452
100.40275
112.84099
125.79776
12.43824
24.87647
37.31471
49.75295
54.34148
66.77971
79.66994
92.10818
103.88814
112.10682
12.43824
24.87647
37.90329
50.34153
62.77977
75.32514
87.76337
95.68667
108.12491
121.23346
12.43824
24.87647
37.31471
49.75295
62.19118
74.62942
87.69425
100.85629
113.79801
126.23624
12.43824
24.87647
32.59189
43.74368
56.18192
68.62015
81.05839
93.49663
105.91868
118.35692
12.43824
25.62205
38.06029
50.49853
62.93676
75.97712
81.39778
93.83602
105.90609
118.34432
12.43824
24.87647
35.19344
47.63168
59.60153
72.03977
85.97374
87.09851
99.53675
104.94863
12.43824
24.87647
37.31471
49.75295
62.19118
74.62942
87.06765
99.50589
108.05405
121.21144
12.43824
24.87647
37.38321
46.51262
59.63831
72.07655
84.51478
96.95302
109.39125
122.51519
12.43824
24.87647
37.31471
49.75295
62.19118
74.22259
86.66083
99.09906
112.01894
125.07129
12.43824
24.87647
37.31471
49.75295
62.19118
75.30011
87.73835
99.68738
112.13432
124.57255
12.43824
24.87647
37.31471
49.75295
62.19118
74.62942
76.69101
89.12925
100.34454
110.75186
12.43824
24.87647
34.93053
41.42521
53.86345
64.95391
77.39214
89.83038
102.26862
115.25129
12.43824
24.87647
37.31471
49.02988
61.46812
73.90635
86.34459
96.98853
109.42676
117.21782
12.43824
24.87647
37.31471
49.75295
57.47366
70.04003
83.13727
95.57551
108.01374
120.45198
12.43824
24.87647
37.31471
49.75295
62.19118
75.16602
87.60426
100.79041
110.94018
123.37842
12.43824
24.87647
37.31471
39.10766
51.54590
63.98413
77.15496
89.59320
102.03144
114.55738
12.43824
24.87647
37.31471
49.75295
62.19118
74.62942
83.12916
89.99640
102.43464
114.87287
12.43824
24.87647
37.31471
49.75295
52.81909
65.25733
79.10001
92.26696
104.70519
114.42675
12.43824
24.87647
37.31471
50.25145
62.68969
68.53686
81.45026
93.88850
104.66501
114.60670
12.43824
24.87647
37.31471
48.06750
59.47450
71.91273
84.35097
96.89729
102.96294
115.62464
12.43824
24.87647
37.31471
48.77756
61.21580
73.65403
86.09227
95.12438
107.65426
116.03565
12.43824
24.87647
37.31471
49.75295
62.19118
75.21934
87.66421
100.10245
112.54068
124.97892
12.43824
24.87647
37.31471
49.75295
62.19118
74.62942
87.06765
100.00181
113.53436
126.32660
12.43824
24.87647
37.36834
47.81764
60.25588
72.69411
85.45691
98.56304
104.70996
111.23371
12.43824
24.87647
37.36438
48.21695
60.65519
73.09342
84.51475
96.95299
110.39748
111.48382
12.43824
24.87647
37.31471
49.75295
62.19118
73.38445
86.51981
99.03181
112.09369
122.54860
12.43824
25.62479
38.06303
50.50126
59.94825
72.39058
84.82881
97.26705
107.20495
119.89444
12.43824
24.87647
37.31471
49.73776
62.17600
75.09175
87.52998
93.79697
106.94722
119.38546
12.43824
24.87647
37.31471
49.75295
62.19118
74.62942
86.35008
92.23884
101.39507
113.83330
12.43824
24.87647
37.31471
49.75295
62.93865
75.37689
78.41434
90.85258
103.29081
115.72905
12.43824
24.87647
37.31471
49.75295
62.64164
75.49580
87.93403
101.12108
114.28234
126.72058
12.43824
24.83644
37.27468
49.05980
61.49804
73.93627
86.38220
91.85890
104.97881
117.92933
12.43824
24.87647
37.31471
49.75295
62.19118
75.23859
87.67683
100.11506
109.25968
120.45958
12.43824
24.87647
37.31471
49.75295
62.19118
74.62942
83.27895
95.71719
103.94715
113.16333
12.43824
24.87647
37.31471
49.75295
62.19118
75.31041
82.75730
93.46554
101.58404
113.99136
12.43824
24.87647
37.31471
49.91232
62.35056
74.78880
81.43718
93.87541
106.31365
115.30040
12.43824
21.16377
31.67716
44.11539
52.71380
65.15204
77.59028
90.02851
99.14001
111.57825
12.43824
24.87647
37.31471
49.95912
62.39736
74.83560
85.35996
93.06626
105.50450
117.70664
12.43824
24.87647
36.93782
49.37605
62.22687
74.66511
79.86871
87.83970
95.44513
97.86463
12.43824
24.87647
37.31471
49.75295
61.92354
74.64302
87.75141
100.18964
104.38553
116.82376
12.43824
24.87647
36.23728
48.67552
61.11376
71.99319
84.43142
97.21808
110.53920
123.70029
12.43824
25.36982
37.80805
49.00884
61.44707
73.88531
86.32355
98.76178
111.80225
124.24048
12.43824
24.87647
37.31471
49.75295
53.51783
65.95606
78.39430
90.83254
97.67234
110.71873
12.43824
24.87647
37.31471
49.75295
62.19118
70.58531
81.53679
89.41768
101.85591
114.29415
12.43824
24.87647
37.31471
49.75295
62.19118
74.62942
80.81321
93.25144
106.36314
118.80138
12.43824
24.87647
37.31471
48.52976
52.29091
64.72915
76.18353
81.48023
87.66960
95.91636
12.43824
24.87647
37.31471
49.75295
62.19118
74.62942
87.06765
96.92168
109.35992
122.70924
12.43824
24.87647
37.31471
49.75295
62.19318
75.35494
87.79317
100.23141
112.66964
125.10788
12.43824
24.87647
34.35476
46.79299
51.86257
64.30081
76.74805
89.18629
97.09752
109.53576
12.43824
24.87647
37.31471
49.75295
62.19118
74.62942
87.06765
97.98058
105.15371
117.59195
12.43824
24.87647
37.31471
50.30011
62.73835
75.17658
87.61482
100.66372
113.77685
124.38153
12.43824
24.87647
37.31471
49.75295
62.75304
75.41506
87.85330
101.03721
113.38364
117.01555
12.43824
24.87647
37.31471
49.75295
62.75282
75.19105
88.30086
101.01925
113.45749
121.06685
12.43824
24.87647
37.31471
49.75295
57.55308
65.18848
78.41727
90.85550
103.60888
116.04712
12.43824
24.87647
37.31471
49.75295
62.19118
74.62942
84.83675
91.15423
104.34050
116.77874
12.43824
24.87647
37.31471
49.75295
62.39589
74.83413
87.27236
100.42850
113.53319
123.57652
12.43824
24.87647
37.31471
47.91893
60.35717
72.79540
85.26452
97.70276
110.16051
122.59874
12.43824
24.87647
37.31471
49.75295
62.19118
74.62942
87.06765
97.70435
109.45270
122.41443
12.43824
24.87647
37.31471
49.75295
62.19118
75.36456
79.00114
91.43937
103.87761
116.86883
12.43824
24.87647
37.31471
49.75295
62.50050
74.93874
87.51181
99.95005
112.38829
123.99923
12.43824
24.87647
37.31471
49.75295
62.85447
70.44514
82.88338
96.12943
108.63298
121.07121
12.43824
24.87647
34.38143
46.81966
59.25790
71.69614
84.13437
97.31785
109.75609
122.19433
12.43824
24.87647
37.31471
48.09453
60.53276
72.97100
85.40924
97.85370
111.06986
123.50810
12.43824
25.38322
37.82145
50.25969
62.69793
75.13616
88.68823
101.12647
105.10832
117.74421
12.43824
24.87647
37.31471
49.75295
62.60182
75.15844
80.17250
92.61074
105.04897
117.86243
12.43824
24.87647
37.31471
49.75295
62.19118
70.84118
83.91161
96.34984
108.78808
121.31197
12.43824
24.87647
37.31471
48.81533
61.25357
65.89756
78.33580
90.77403
103.21227
111.88215
12.43824
24.87647
37.31471
49.75295
59.80244
72.24067
84.67891
97.14038
109.57862
122.41719
12.43824
21.87568
34.31392
46.75215
59.19039
71.62862
84.06686
96.50510
109.32071
111.75181
12.43824
24.87647
37.31481
50.08180
62.52004
74.95827
87.39651
99.83475
112.57962
125.50568
12.43824
24.87647
37.31471
49.75295
62.93276
75.37100
87.80924
100.24747
112.82342
126.44245
12.43824
24.87647
35.77780
48.21603
60.15521
72.59344
85.03168
98.19876
110.63699
118.62867
12.43824
24.87647
37.31471
49.75295
62.19118
67.21053
72.12509
83.45572
95.89395
100.91523
12.43824
24.02335
27.96601
40.40425
52.84249
65.90274
79.00719
91.44543
103.88367
115.72010
12.43824
24.87647
37.31471
49.75295
62.19118
74.62942
87.06765
99.50589
112.61538
126.37736
12.43824
24.87647
37.80328
49.63595
62.07418
74.51242
86.95066
99.08041
112.02512
125.16024
12.43824
24.87647
37.31471
49.75295
55.53492
67.97315
80.81475
93.25298
98.53053
111.68821
12.43824
24.87647
37.31471
49.75295
62.19118
72.60554
85.53587
97.97411
110.41234
123.58293
12.43824
25.60725
38.04548
50.48372
62.94968
75.38791
87.82615
94.93263
105.64104
118.07928
12.43824
24.87647
37.31471
49.75295
58.73214
64.78173
77.21996
89.65820
102.09643
113.07896
12.43824
24.87647
37.31471
49.75295
62.19118
74.62942
81.35672
93.81801
106.25624
117.83000
12.43824
24.87647
37.31471
49.75295
62.19118
74.81624
87.25448
99.69272
107.49828
118.86187
12.43824
24.87647
37.31471
49.75295
62.19118
74.62942
82.64853
95.08677
105.20014
117.63838
12.43824
24.87647
37.31471
47.58291
60.03298
72.47122
82.98740
86.80044
99.23868
111.67692
12.43824
24.87647
37.31471
49.75295
62.19118
74.62942
79.17673
92.31489
104.75312
117.60630
12.43824
24.87647
37.31471
49.75295
62.19118
74.99471
87.79994
99.46964
111.90788
119.20189
12.43824
24.87647
36.52302
48.96126
62.06996
75.25195
87.69018
99.06959
111.50783
124.64669
12.43824
24.87647
37.31471
49.55453
61.99276
74.43100
87.45518
99.89342
113.07438
125.51261
12.43824
24.87647
37.31471
50.18725
62.62549
75.06372
88.07993
101.11618
113.55442
125.99266
12.43824
24.87647
37.31471
49.75295
62.77823
75.54918
87.99877
93.75573
99.52907
109.49492
