12.43824
24.87647
37.31471
49.87201
57.20366
69.99721
82.39626
94.83450
108.57998
122.14178
12.43824
25.62204
38.47501
46.66023
60.28447
73.05757
85.78930
90.80155
103.90579
111.60162
12.43824
24.87647
37.31471
49.75295
62.93461
72.16584
84.72134
97.28281
109.04846
115.30854
12.43824
24.87647
37.31471
49.90611
61.31940
74.07379
85.77324
99.40652
111.65711
124.65835
12.43824
20.88537
33.32361
46.45555
58.89378
66.97648
79.44031
92.34663
94.29310
106.73133
12.43824
24.87647
37.31471
49.75295
62.93075
72.36620
84.68947
97.87487
99.76527
112.84557
12.43824
24.87647
37.76337
50.20161
62.96249
67.15842
76.39387
89.52936
94.99833
107.43656
12.43824
24.87647
37.87897
50.31720
62.75544
74.56308
84.06860
96.50683
107.97749
120.82363
12.43824
24.87647
37.95563
50.39387
59.52285
72.53873
81.36131
93.79954
106.72530
117.11619
12.43824
24.87647
36.37069
45.24845
58.28171
71.46346
83.44793
95.50474
107.94298
119.65271
12.43824
24.87647
37.31471
50.85994
63.29817
75.73641
83.85615
88.24095
89.53477
102.39121
12.43824
24.87647
38.42661
50.86484
64.21992
70.96860
83.11109
87.42270
100.60975
113.78944
12.43824
24.87647
37.31471
45.84481
54.91557
64.99339
75.84837
88.91963
101.35787
114.02320
12.43824
24.87647
35.75117
39.07300
51.51123
63.94947
75.59021
88.02133
93.52990
105.96814
12.43824
25.61050
38.04874
50.48698
59.26751
63.95755
76.42877
88.08310
94.77180
97.80116
12.43824
24.87647
35.06252
46.07760
59.09357
71.77743
75.44005
77.10812
87.18471
89.53648
12.43824
25.19383
38.37289
50.81112
63.57672
75.79577
88.94314
101.60859
106.81607
119.93593
12.43824
24.87647
37.69584
44.96663
54.95290
67.86059
80.50167
92.93990
103.91764
111.77858
12.43824
24.87647
37.31471
47.84573
59.71207
73.13961
87.03495
100.04378
112.90554
125.34377
12.43824
20.40253
31.51298
43.95122
53.78592
67.01040
78.39818
90.83642
95.12568
107.39521
12.43824
24.87647
35.37554
47.81377
58.94651
71.38475
83.82299
93.19301
95.20026
105.39495
12.43824
24.93113
35.26717
47.70541
60.20256
73.05903
84.89004
97.32828
110.95758
122.22234
12.43824
24.87647
37.47639
51.32850
61.07977
73.51800
86.57129
99.00952
104.82650
117.72694
12.43824
24.87647
37.31471
49.75295
62.66782
70.08135
83.16708
96.30959
108.94911
121.40543
12.43824
24.87647
37.31471
49.75295
62.19118
75.96929
89.72219
93.14596
94.28853
106.72677
12.43824
24.87647
37.95977
50.39800
64.33324
76.10389
87.73743
98.58707
111.88316
124.32139
12.43824
24.87647
37.31471
49.75295
62.19118
75.23073
80.30996
94.01944
106.61413
119.05237
12.43824
24.87647
37.31471
49.75295
62.75365
75.00965
78.25836
90.69659
103.76151
112.43328
12.43824
24.87647
37.31471
49.75295
63.43869
75.09734
87.15590
97.15552
103.25350
105.04736
12.43824
25.03556
37.47380
48.35426
61.51711
73.95535
86.39358
95.83411
105.89537
116.00822
12.43824
24.87647
37.31471
49.76013
62.19837
75.92891
89.93498
99.84988
107.80479
113.11742
12.43824
25.22546
37.66370
50.10193
63.28281
72.93323
85.37147
97.80971
102.54715
114.98539
12.43824
24.87647
38.05911
50.49735
62.93559
76.11540
88.55364
94.04658
106.11588
118.55412
12.43824
24.87647
38.02139
49.36728
61.80551
74.24375
86.77353
95.47128
107.68256
114.10504
12.43824
24.62325
35.17638
43.53936
46.72273
59.96952
66.97575
80.08506
82.56347
93.36529
12.43824
24.87647
37.88741
49.78226
59.41939
68.66434
78.45194
87.99496
98.78969
109.14676
12.43824
24.87647
37.83984
50.27808
59.48423
69.28699
82.43584
96.06413
98.55311
110.77275
12.43824
24.87647
37.31471
45.62377
58.80766
68.76732
81.58778
93.74862
105.56185
117.71290
12.43824
24.87647
37.31471
49.87530
62.31354
74.75178
86.13009
99.40438
102.64512
115.08336
12.43824
25.37792
37.81616
50.25439
62.69263
75.32825
86.92433
99.88817
111.83298
124.27121
12.43824
24.87647
37.31471
49.75295
53.74708
66.63684
79.07508
89.61033
95.36232
107.80055
12.43824
24.48701
36.92525
49.77067
63.00388
75.44212
81.08547
89.52915
98.52156
110.95980
12.43824
25.09172
37.52996
47.62173
60.82054
73.93410
86.37233
100.38992
112.72241
120.17143
12.43824
24.87647
37.31471
49.75295
59.38593
71.24817
78.19374
90.93996
96.24608
107.69171
12.43824
24.87647
37.67108
50.10932
62.54755
74.05506
85.39362
90.09362
103.20077
108.98957
12.43824
24.87647
37.29161
45.72448
58.16271
59.41254
71.85078
82.45542
94.89365
99.19251
12.43824
24.87647
28.66066
40.13387
45.77789
58.21613
69.39286
81.83110
83.09520
85.02855
12.43824
24.87647
38.05992
49.67747
62.84165
75.94493
84.33546
91.41603
103.96943
113.61410
12.43824
24.87647
28.56163
41.73926
52.23932
64.72233
76.91520
82.15918
94.84577
99.02056
12.43824
24.87647
37.31471
50.43768
63.42723
75.86546
81.57351
92.27614
104.98387
118.28783
12.43824
24.87647
35.43426
47.87250
60.99762
72.35322
84.79146
97.22970
110.40286
123.01639
12.43824
24.87647
38.02128
41.49966
54.67037
66.55980
77.04418
89.48241
97.25627
108.50998
12.43824
24.87647
34.99306
47.43130
60.14236
72.58060
85.01883
97.73512
109.81065
123.84617
12.43824
24.87647
37.31471
49.30202
62.23354
69.63296
82.07120
94.03950
106.47774
118.92049
12.43824
24.87647
37.46347
49.41911
61.85734
75.01622
85.55014
97.98838
109.77276
122.21100
12.43824
25.34993
37.78817
50.97417
60.96007
73.39830
81.68071
94.38372
95.20308
99.24245
12.43824
25.04953
37.48777
49.92601
62.36424
75.43707
86.23762
98.67586
110.52612
123.22932
12.43824
24.87647
32.04383
44.99330
57.70778
59.19141
71.49787
78.85420
81.81619
94.26443
12.43824
24.87423
32.38121
44.81944
52.11616
64.55440
68.07517
80.42267
88.89963
101.33787
12.43824
24.87647
37.91212
51.09737
63.53561
76.59828
89.03651
102.14741
111.78991
124.96755
12.43824
24.87647
37.31471
49.75295
53.35376
66.56659
77.35901
90.54187
100.56698
113.13244
12.43824
24.87647
37.42273
49.91220
62.35044
75.42852
86.83130
93.62864
106.95072
111.79641
12.43824
24.87647
37.31471
49.75295
62.27899
74.71722
87.83451
99.62497
112.06320
122.45550
12.43824
23.88207
36.32031
49.50457
53.57214
66.63066
74.94667
87.38491
100.00326
106.61597
12.43824
24.87647
37.32108
48.87052
62.05750
74.49573
85.49557
90.97117
101.03924
113.47748
12.43824
24.87647
37.31471
50.49502
61.65167
74.08990
86.65973
99.77657
111.38371
122.70654
12.43824
24.87647
37.31471
50.46005
62.76550
75.20374
77.86933
90.39376
104.41409
116.20262
12.43824
24.87647
37.31471
49.75295
63.35510
75.79333
88.40719
101.58359
108.54495
121.59250
12.43824
23.11237
35.55060
47.84761
61.04762
68.60818
79.16551
91.60375
104.32883
116.76707
12.43824
24.87647
37.31471
49.75295
61.86635
74.74079
87.92770
100.44837
112.88660
122.13978
12.43824
24.87647
37.83454
50.27277
63.01618
64.87253
77.31077
87.69434
100.15962
113.38812
12.43824
25.58413
38.02237
51.14921
63.58745
76.49469
89.40384
102.04434
114.81438
127.25262
12.43824
24.87647
29.21945
40.60181
53.22562
61.79902
74.23726
87.27226
99.71049
111.38787
12.43824
17.90887
30.34710
42.78534
55.25669
68.03666
74.38320
85.64635
90.75452
99.31272
12.43824
24.87647
37.31471
50.39379
56.44080
66.17257
73.69490
86.28494
98.72317
105.02368
12.43824
24.87647
37.31471
49.89604
59.12070
63.27251
69.52794
82.78743
94.88649
107.32473
12.43824
24.87647
37.82306
49.26101
62.11183
74.73997
87.88180
100.32003
112.75827
118.74499
12.43824
24.87647
37.77217
50.21041
63.05680
75.49504
88.38744
101.23281
113.67105
123.94372
12.43824
19.60781
32.04604
45.33747
57.77571
70.86540
82.25114
95.05272
103.51765
115.96858
12.43824
24.87647
37.92045
48.72399
61.16223
73.60046
86.38117
99.02023
112.58759
122.93820
12.43824
24.87647
37.31471
49.75295
59.96198
72.40022
84.83845
97.85363
111.53563
122.46993
12.43824
24.87647
32.15053
44.81107
57.24930
70.27997
83.19067
97.00687
110.16154
121.60713
12.43824
24.87647
37.37434
50.55672
62.46522
68.72796
70.54144
79.74676
92.18499
92.41268
12.43824
25.16707
26.20837
38.64661
51.08484
64.61905
76.53677
89.56463
102.77044
116.47519
12.43824
24.87647
37.99081
51.26036
56.50444
69.46841
83.12383
92.03245
95.18788
108.73782
12.43824
24.87647
37.54889
44.14146
56.60398
69.72500
83.56788
91.00627
103.44996
110.40453
12.43824
24.87647
37.35978
49.79802
61.85385
74.29208
82.29371
93.47029
106.64980
112.66543
12.43824
24.87647
37.48379
49.92203
62.36027
73.53818
83.54727
96.68154
109.11978
118.65842
12.43824
22.81726
35.25550
48.39956
61.38334
73.82158
86.33679
95.51497
108.69829
121.18488
12.43824
24.87647
37.97355
50.19292
62.63116
72.74416
85.93090
99.55521
112.14169
124.57992
12.43824
24.87647
37.31471
50.49806
64.26280
76.70104
87.74583
100.61812
113.54474
118.83777
12.43824
24.96685
38.06613
45.16144
57.59968
70.40362
81.00046
94.11765
97.95042
104.50226
12.43824
24.87647
37.31471
49.95576
56.39781
68.83604
78.53854
91.59289
98.25743
110.77086
12.43824
24.87647
37.31471
41.74472
54.18295
67.37142
76.81291
78.68969
85.68485
95.08559
12.43824
24.87647
37.31471
49.75295
62.19118
74.62942
87.14919
98.05592
109.64214
122.96662
12.43824
24.87647
37.31471
49.75295
62.19118
75.32570
88.29021
98.54046
112.01884
113.37650
12.43824
24.87647
38.61044
51.60705
62.58896
70.60825
80.21884
89.62409
97.64457
110.76956
12.43824
24.87647
38.06295
50.50118
63.31304
74.41271
77.13677
89.83597
92.84216
101.84190
12.43824
25.04210
37.48034
50.01615
63.15592
75.59416
89.08850
96.09830
109.21040
121.64864
12.43824
24.87647
36.81153
49.24976
61.68800
74.55434
87.93138
98.26643
110.70466
120.62030
