12.43824
24.87647
37.31471
50.16289
63.02592
75.82312
89.58613
93.57633
101.08652
114.02618
12.43824
24.87647
37.31471
49.18282
61.62106
74.05930
87.03926
99.08609
104.01547
112.45534
12.43824
24.87647
37.31471
49.75295
56.53284
66.35056
78.17609
90.61433
103.81789
113.78657
12.43824
24.87647
37.36816
42.74872
54.20437
66.64260
76.34450
89.50210
101.09246
114.69935
12.43824
25.44998
37.88822
50.32646
62.76469
75.90169
85.56469
97.18590
109.90505
123.45068
12.43824
24.87647
37.31471
50.46945
64.10429
71.77634
84.77695
97.76379
111.31256
124.49227
12.43824
24.87647
37.31471
49.75295
62.19118
75.30929
88.20750
101.31828
110.97231
124.17903
12.43824
24.87647
37.82210
50.26034
62.69857
75.60539
84.62777
97.06600
107.67437
121.49128
12.43824
24.87647
37.45445
49.89269
62.63570
75.40374
85.89632
98.42865
110.86688
123.13170
12.43824
19.35735
28.78018
38.67303
51.11127
64.26786
76.80813
89.58053
102.01876
106.43829
12.43824
24.87647
37.31471
50.38428
54.07799
67.06558
77.89548
90.93014
98.25737
103.51838
12.43824
24.87647
37.31471
49.75295
62.84674
76.02834
88.46658
101.64144
113.64098
124.71347
12.43824
24.87647
37.31471
50.45146
62.71557
75.84538
89.01375
101.70135
114.16277
127.68236
12.43824
24.87647
30.85336
37.44372
49.88195
62.32019
74.13188
86.87113
100.23545
113.12982
12.43824
23.60766
36.04589
48.48413
61.32132
74.43993
82.38236
96.18337
104.54839
117.19317
12.43824
24.87647
33.21606
46.11921
53.20621
66.41397
73.15974
79.20998
91.62036
98.80323
12.43824
24.95734
37.39557
49.83381
62.27205
74.71028
87.69116
101.01111
114.63138
126.59965
12.43824
24.87647
34.67539
42.03723
54.09120
66.52944
80.09464
93.35909
103.33181
115.48382
12.43824
24.87647
37.31471
49.75295
62.83483
75.98576
88.48527
98.79915
111.70245
122.70769
12.43824
25.02709
38.06816
50.50640
62.94463
74.64771
87.70619
97.89963
111.62977
124.06801
12.43824
24.87647
37.31471
49.75295
62.07126
75.25463
85.60525
99.21533
105.59116
118.13301
12.43824
24.88608
32.37839
46.14022
58.57846
71.50705
83.95961
94.32324
108.11529
115.97077
12.43824
24.87647
38.05699
50.49523
63.60822
76.04645
88.48469
100.92292
113.77935
127.29759
12.43824
24.87647
37.44911
49.88735
53.63215
59.92112
70.78133
83.41604
96.19841
108.63665
12.43824
25.42494
37.86318
50.30141
63.48420
74.88800
88.46468
102.29062
107.05748
119.49571
12.43824
24.87647
37.31471
49.45835
61.99162
74.42986
87.75061
100.18884
113.05443
119.40789
12.43824
25.60991
38.04815
50.70299
63.14123
75.57947
82.22347
94.66170
106.10790
119.17975
12.43824
24.87647
37.31471
49.75295
55.26684
68.32009
74.35810
80.56946
91.54660
96.79234
12.43824
24.87647
37.31471
45.84694
58.51308
62.08972
75.25040
87.68864
98.83227
105.13684
12.43824
25.61621
38.05445
41.88674
47.04936
59.48759
71.92583
84.77375
94.84258
105.54149
12.43824
24.87647
37.31471
42.73652
55.17475
67.61299
80.10778
92.23988
103.00664
105.99714
12.43824
24.88301
37.32125
49.75949
63.63870
74.67323
77.41027
89.84851
101.03296
114.13812
12.43824
24.87647
37.99070
50.42893
62.86717
75.70223
88.81950
94.59717
105.77976
113.01091
12.43824
24.87647
29.14364
42.03916
54.47739
66.91563
74.07023
86.90561
93.33006
102.81621
12.43824
24.87647
35.96354
47.87292
61.13279
73.57103
85.55185
99.25737
106.80286
111.56155
12.43824
24.87647
38.06208
51.24909
64.08656
76.50625
86.78124
93.96030
106.27483
110.67218
12.43824
20.16491
32.60315
45.04139
51.25391
58.45617
71.37260
83.79175
93.90146
105.46380
12.43824
24.87647
37.31471
50.19002
63.23694
69.84685
82.48028
86.14508
96.43067
109.41891
12.43824
24.87647
37.31471
50.41742
62.85565
76.02661
82.34493
89.66624
99.34211
112.52809
12.43824
24.87647
37.31471
49.75295
57.90509
70.60525
74.22754
86.67167
99.82870
111.44926
12.43824
24.87647
35.89544
48.62291
61.06114
74.24005
87.50568
100.54709
107.23902
120.23719
12.43824
25.61590
38.05413
45.19435
58.22397
70.66221
81.69372
86.67512
99.11336
112.57118
12.43824
24.87647
36.46785
49.60497
62.04320
74.48144
87.45928
101.18559
109.80357
114.17022
12.43824
24.87647
37.31471
49.75295
63.28038
77.09506
81.35296
94.58635
102.53839
110.86968
12.43824
25.49463
38.62281
51.78396
64.22219
77.95535
88.18710
101.29649
115.38187
125.94315
12.43824
24.87647
37.69569
45.72413
58.16237
71.04943
83.38018
96.21957
109.60372
119.24109
12.43824
23.26461
27.17902
39.69514
48.74463
61.18287
73.49690
86.68332
89.01960
101.45784
12.43824
24.87647
37.86608
48.19123
60.62947
73.73903
83.02237
86.77557
98.08431
104.35841
12.43824
24.87647
26.46006
38.89829
51.33653
64.50726
67.37230
76.50519
89.52318
102.56690
12.43824
24.87647
37.31471
48.06952
54.54800
66.93844
80.10319
92.56527
105.38210
116.34545
12.43824
24.87647
36.97038
49.40862
62.48516
71.66395
84.80948
95.61224
108.31153
115.27603
12.43824
22.55009
34.98833
46.58593
59.39690
72.40647
84.84470
97.28294
109.38202
122.53453
12.43824
24.87647
32.92127
45.35950
56.81094
69.24918
82.42342
95.00115
99.41961
109.39915
12.43824
24.87647
37.31471
50.05169
63.14634
70.57524
74.15218
80.46870
93.45717
105.89541
12.43824
24.87647
37.98039
50.41863
62.85686
74.89554
85.41581
97.85405
110.29229
123.14969
12.43824
24.87647
37.31471
49.33718
54.22188
66.66011
74.29868
76.49920
89.36066
97.14298
12.43824
25.46877
38.20197
50.64021
63.80743
72.42886
85.60674
98.45123
111.41145
118.81426
12.43824
24.87647
37.70950
50.57926
60.08071
71.25822
83.69646
95.47025
108.20713
121.21727
12.43824
24.87647
38.05977
50.49801
55.13033
67.56857
80.72974
93.22107
99.59713
112.03537
12.43824
24.87647
36.42819
48.62848
61.06671
72.22274
84.80473
88.00323
93.40992
105.84816
12.43824
24.87647
37.32094
50.12439
62.57355
75.01179
87.45002
99.33245
110.25226
122.13101
12.43824
25.21236
37.65059
49.51290
60.07196
71.72784
84.16608
94.22151
106.91643
116.92889
12.43824
24.87647
37.31471
49.75295
62.54014
75.71968
87.25059
96.24014
109.24959
117.58283
12.43824
25.17299
37.61122
50.61457
53.61582
66.68929
78.71884
91.15707
104.09533
112.95886
12.43824
24.87647
37.31471
50.50077
62.93901
76.37285
88.99754
98.19590
110.63414
123.82068
12.43824
24.87647
37.31471
49.96894
61.26130
73.69954
87.17190
95.10414
102.39797
104.42358
12.43824
25.50876
37.94699
50.90026
63.33850
76.38997
88.82821
101.54473
113.41287
127.23552
12.43824
24.87647
37.31471
50.39224
63.72205
76.78197
89.22020
96.12596
102.33137
115.81366
12.43824
25.09049
37.52872
49.04577
61.48401
68.54706
70.74359
83.18183
95.62006
105.81167
12.43824
24.87647
37.31471
49.75295
62.28491
75.37503
87.74126
100.58353
113.02177
121.89121
12.43824
24.87647
37.68336
50.52783
63.78981
65.85711
78.29535
90.17023
102.82967
116.00724
12.43824
24.87647
32.73720
45.17544
57.61368
70.12314
83.33453
94.30905
108.38037
120.81860
12.43824
24.87647
36.47389
46.03284
58.99572
71.43396
83.04407
95.65329
105.67291
118.11115
12.43824
22.43061
35.61355
47.86893
60.31948
72.75771
76.55607
89.52525
101.96349
108.32158
12.43824
24.87647
37.31471
49.75295
63.25010
74.19524
77.81111
90.90842
104.57610
110.06908
12.43824
24.87647
37.98242
50.42066
61.68932
71.23383
83.67207
96.83328
108.65703
116.31441
12.43824
24.87647
37.31471
44.99525
57.43348
67.78903
80.86095
94.50855
104.98495
114.03836
12.43824
24.87647
36.29011
49.26400
58.59949
71.03772
83.47596
95.35486
107.98479
118.96318
12.43824
22.98762
35.42585
48.69552
61.13376
74.28208
87.62902
100.06725
103.17086
115.39429
12.43824
24.87647
36.14060
48.58602
61.76279
74.37598
86.59096
99.02919
113.54754
126.72694
12.43824
25.36979
38.21866
45.93890
54.40397
66.84221
79.57422
92.43847
107.01394
110.33806
12.43824
24.87647
37.67302
50.11126
59.81428
72.25252
84.33595
95.04419
107.78544
111.62166
12.43824
24.87647
32.87777
44.96108
57.39931
69.61996
72.38432
85.34847
98.48768
100.65069
12.43824
24.24154
30.10832
42.54656
54.98479
64.15698
72.32743
85.43810
97.87633
103.87658
12.43824
24.87647
37.44991
50.09897
59.82447
72.48381
84.79392
97.96920
110.59885
123.79821
12.43824
24.87647
37.43115
50.32736
63.16134
75.59957
88.03781
100.41197
111.05831
119.33430
12.43824
24.87647
37.31471
50.31608
62.75432
75.19256
87.01412
100.09017
102.86026
115.86534
12.43824
24.87647
32.83086
45.26910
58.39891
70.83715
84.95936
98.14205
111.83838
121.40793
12.43824
23.26977
35.70801
48.14624
61.28285
73.72109
86.71096
97.81643
99.97739
113.16651
12.43824
24.87647
37.61924
49.50443
53.48297
63.86687
76.30511
89.46151
102.50835
108.85756
12.43824
24.87647
37.31471
50.48411
63.37718
75.81542
88.57979
100.59796
113.30644
118.15146
12.43824
24.87647
37.81912
48.94220
61.81977
66.77496
79.21320
92.39304
104.83128
110.63196
12.43824
24.87647
37.85902
50.03924
63.08389
75.21535
80.72043
93.05197
103.14322
115.71689
12.43824
24.99670
37.43494
47.84254
60.01653
72.45477
81.90232
87.61041
100.67060
112.06101
12.43824
24.87647
37.31471
49.59587
62.03411
74.90773
78.30452
91.24203
104.99377
113.22077
12.43824
24.94368
37.58192
50.02016
63.19286
73.59319
84.98670
90.05032
102.80221
105.55531
12.43824
24.87647
36.93422
49.37246
61.20753
72.02745
84.46568
97.31105
106.58539
117.95219
12.43824
24.87647
35.49142
48.45760
61.19482
73.63306
81.53026
94.31380
103.33182
117.13798
12.43824
24.87980
37.31804
48.34639
60.78462
73.22286
81.77672
94.99337
108.78270
121.22094
12.43824
24.87647
37.31471
49.75295
61.33986
73.77809
86.32312
88.17582
101.91702
112.02643
