12.43824
25.62523
37.91767
47.51207
54.44508
60.35906
73.05399
75.32133
78.53964
89.55709
12.43824
24.87647
37.88745
43.60510
53.60960
66.32995
74.96476
79.33092
83.89905
89.08005
12.43824
24.72651
37.93576
48.35759
50.34932
55.39593
64.50867
75.45864
84.63288
86.61649
12.43824
24.87647
37.82117
40.57709
46.99748
59.57632
67.47347
69.84622
80.48144
88.71637
12.43824
21.16650
33.61175
47.63423
60.15743
71.24180
74.57455
78.04518
83.93371
88.97700
12.43824
25.01421
37.78038
44.72661
52.73105
55.36973
67.25908
79.57878
81.18155
82.24220
12.43824
25.52499
38.75583
51.92736
57.00205
65.73898
71.35759
75.64574
77.79318
78.74809
12.43824
24.37654
33.73026
46.72960
59.19915
64.45587
65.83343
78.88780
83.30005
88.84232
12.43824
24.87647
30.66792
44.36123
52.93695
65.19714
67.81586
77.92366
88.90602
89.03786
12.43824
13.05674
21.20565
24.84784
37.45181
47.94020
57.13988
64.21779
76.77596
78.70857
12.43824
24.87647
37.48604
47.85561
48.41232
57.58332
64.01927
77.18311
78.64904
89.04390
12.43824
25.55630
30.64972
43.81113
53.02990
60.04655
68.67036
68.80061
77.58642
84.77467
12.43824
24.87647
37.46370
49.90193
63.07009
68.21704
72.67152
77.86882
80.39605
86.57853
12.43824
24.87647
27.98044
33.80942
47.27186
60.27111
69.07041
76.10399
80.67131
89.38186
12.43824
21.51876
33.95700
46.94366
56.47498
61.91625
63.62254
70.19280
76.36615
82.08570
12.43824
24.88475
27.55482
33.54715
39.83199
50.70491
54.99110
57.99233
69.09869
71.20454
12.43824
23.95375
36.39199
48.73060
61.72111
71.13515
82.11424
92.63222
95.14518
96.46184
12.43824
25.03965
32.68738
37.16870
43.99300
57.06435
66.68183
72.78572
84.86708
86.87729
12.43824
25.37236
37.30033
49.20429
60.14225
64.87311
71.90542
78.84224
83.08890
86.69815
12.43824
18.49975
28.82051
41.93575
55.40018
63.05819
76.81746
83.10490
86.95332
97.04771
12.43824
24.87647
35.80468
48.98504
54.90094
67.02978
75.02565
85.20351
85.75847
87.70243
12.43824
25.58230
30.80279
39.08583
51.86521
62.12972
75.64676
83.64777
93.23567
95.50999
12.43824
25.25465
36.84951
41.40748
47.33815
59.77639
70.26780
76.97268
83.77725
93.48051
12.43824
23.37088
34.92345
47.58430
51.85722
53.39811
57.60628
65.61351
74.08406
87.13951
12.43824
23.31001
36.05769
48.66706
59.71096
67.99757
76.40201
77.99423
83.80675
94.60304
12.43824
24.87647
38.06201
40.98739
54.01574
64.12496
71.59592
78.39614
86.62955
88.85511
12.43824
22.82503
36.06859
44.68487
56.51588
68.37690
78.91722
87.75156
90.75469
95.52542
12.43824
25.57544
38.75531
51.40190
56.20091
62.54739
64.55001
70.18778
78.33822
80.99775
12.43824
24.95230
38.16057
50.51767
59.44781
61.86598
63.57816
73.47127
80.83902
83.01488
12.43824
24.01732
36.60784
39.87461
45.53330
58.46549
65.12295
68.23583
77.31315
80.95256
12.43824
24.87647
38.08318
42.57613
55.37986
67.91844
77.29249
78.20264
83.44983
85.54047
12.43824
20.44184
33.61767
46.40394
59.78914
62.76375
66.05690
77.46512
79.48223
86.27876
12.43824
25.45384
34.34844
47.65714
57.37311
65.59726
72.45696
77.65951
79.57135
83.90822
12.43824
25.21126
34.36713
44.16129
57.01898
69.60806
74.39347
82.68549
83.38709
85.75540
12.43824
25.54239
32.86712
37.90170
44.14085
56.57908
60.61319
72.39034
75.24832
79.04916
12.43824
24.87647
38.03301
48.24834
56.53312
62.37928
67.35636
70.44385
80.73206
82.23664
12.43824
22.46024
35.24422
48.36853
51.59928
57.66224
66.51479
72.02772
79.24720
85.77040
12.43824
24.87647
38.02201
42.55801
54.56562
65.56921
79.07582
89.47618
98.19300
105.94088
12.43824
25.58916
37.66366
48.79883
62.06735
69.24304
71.42794
74.16193
76.90039
84.01764
12.43824
25.62151
38.67313
50.18866
59.09804
69.85359
71.33279
78.43968
82.48320
87.39665
12.43824
25.44078
31.97232
40.16178
42.41533
54.29251
67.06787
74.17363
79.63186
88.68421
12.43824
18.73242
31.19158
34.12230
43.31737
56.95118
59.05732
62.09507
64.60409
69.15974
12.43824
25.25226
31.22374
43.26293
56.70147
65.50949
73.37473
85.72262
86.95513
90.90912
12.43824
25.13281
37.57105
51.29831
58.10265
67.56916
74.33064
83.54001
83.99016
90.42051
12.43824
25.18507
30.48726
42.00104
52.40655
54.27997
59.52296
70.68600
72.26879
76.63187
12.43824
24.87647
38.08213
46.16559
59.37655
70.59936
71.87738
81.73556
91.96877
93.17402
12.43824
15.59719
19.88975
33.12713
36.46844
48.90668
55.56552
69.44712
80.33758
93.80830
12.43824
25.30990
34.38688
35.27627
48.17568
55.19428
59.15076
63.96725
75.26165
76.90615
12.43824
24.55571
27.78762
35.23514
47.82478
60.54342
64.69942
65.84531
70.91106
72.87777
12.43824
25.50335
38.58463
48.27222
54.96871
60.06445
65.53838
73.98450
76.75475
86.54413
12.43824
24.87647
33.98411
46.66681
56.36077
63.39512
74.33343
78.19946
79.93309
81.74718
12.43824
18.31366
30.75189
37.91853
47.77294
61.03017
69.60374
79.81618
87.72861
100.83272
12.43824
24.87647
32.06456
45.57329
53.76742
66.10153
76.43348
86.28345
88.03163
91.96465
12.43824
25.01141
37.74806
41.98210
52.43100
58.19571
65.63536
66.24170
74.05585
82.22898
12.43824
24.87647
35.58904
45.96583
58.40406
69.94161
82.00745
94.60097
104.85560
117.43803
12.43824
24.87647
37.68907
45.16740
45.50283
56.16568
58.90293
65.37479
65.75658
66.87963
12.43824
20.46447
31.64107
44.54305
57.49064
64.77321
75.26832
80.63565
91.93050
95.46145
12.43824
24.87647
32.80918
42.28356
50.35522
53.80792
66.72075
73.66726
81.23144
88.37626
12.43824
23.48695
27.18460
39.38701
42.88985
53.33560
55.06827
68.00375
71.77884
79.20232
12.43824
25.01637
32.17465
40.27666
53.17950
61.54923
74.71255
79.59632
81.53642
90.87653
12.43824
24.87647
38.30443
43.52838
53.70214
66.79629
79.34896
87.80425
90.42969
93.01054
12.43824
20.67144
33.66574
44.97067
52.72105
55.96321
63.32145
66.99779
71.50342
73.56343
12.43824
24.87647
38.42643
50.95867
56.21500
68.42742
74.75658
82.38060
95.38664
96.59547
12.43824
24.07011
37.21412
47.46742
49.75641
52.49882
57.75250
70.89184
80.70835
84.71498
12.43824
24.87647
37.89672
49.75473
56.35444
68.99604
74.96542
75.73172
79.62766
92.84259
12.43824
24.87647
37.78414
48.31836
56.60430
69.71848
75.13699
81.50254
82.99591
89.57290
12.43824
24.15978
37.13042
39.98479
53.53204
61.11371
71.01852
84.64304
90.01851
99.23890
12.43824
24.87647
38.05779
51.13204
55.28284
65.32377
77.86671
83.61089
89.01439
93.70760
12.43824
23.23742
36.42444
46.77727
59.65420
67.20779
71.69063
82.77787
94.70136
98.41294
12.43824
24.87647
38.46835
51.41734
58.02019
70.86123
78.67689
83.98225
97.16884
104.13032
12.43824
25.60539
32.83282
42.97686
46.51093
51.69930
64.03481
66.41577
76.18134
79.22067
12.43824
23.85875
29.72979
42.77290
55.93840
64.50020
71.04178
74.43370
77.75231
88.21146
12.43824
24.87647
35.04376
42.66171
53.41202
66.45643
73.00730
81.44653
82.08338
85.64309
12.43824
17.07886
28.79623
39.53566
50.84750
59.26020
60.96629
69.71935
71.88707
73.70897
12.43824
24.87647
38.55727
49.57404
61.62802
66.93186
71.77020
77.92317
87.69968
89.23353
12.43824
25.51339
33.40936
46.67783
50.90314
61.77927
66.61927
77.30602
83.22072
84.80663
12.43824
25.49056
37.92879
40.74504
53.15655
60.44290
67.16176
72.89779
82.50554
85.51580
12.43824
25.53835
31.75195
41.71508
51.62388
64.32053
72.65392
82.87783
95.04467
96.99573
12.43824
25.56696
38.66736
46.65457
58.55855
65.22133
77.83255
88.20838
98.76814
103.16296
12.43824
24.87647
35.39852
40.89107
51.61944
60.99788
66.64627
75.45821
82.28967
93.10146
12.43824
24.97535
37.95850
44.98507
50.44182
61.91495
74.23214
82.32286
85.95857
88.05190
12.43824
25.38470
27.98529
40.03662
43.72921
56.16744
65.75573
67.98640
79.80255
82.13030
12.43824
25.09546
35.56931
46.56544
56.31351
56.74296
57.66055
62.13683
73.15277
75.12739
12.43824
19.90063
27.63488
40.79543
51.21682
54.09287
57.82177
69.81926
81.58520
83.25918
12.43824
25.45147
33.60488
45.38769
51.09883
61.64640
69.68812
80.06406
85.24449
96.44272
12.43824
25.20338
33.09834
43.01147
55.81159
68.24983
81.97133
88.01112
90.48703
94.00396
12.43824
25.47188
38.65720
48.89942
57.03373
69.47743
77.38103
89.34812
102.54147
108.32496
12.43824
25.61444
33.89351
46.61387
58.15370
58.82653
61.87209
69.91840
76.25166
81.23375
12.43824
22.70929
35.88979
47.18562
56.57091
68.64141
77.66250
78.48384
79.01870
87.66899
12.43824
24.87647
35.83194
42.38951
54.55204
57.62686
67.31086
77.25310
89.13563
90.64894
12.43824
24.19553
37.37456
46.47370
58.00352
65.31178
68.63274
73.29536
85.89999
87.39084
12.43824
24.87647
38.06329
50.36553
64.74258
72.35566
83.70374
96.11059
98.07478
102.31861
12.43824
24.87647
37.45355
47.44742
55.60131
69.18496
77.28283
82.30596
87.50766
93.04304
12.43824
23.72924
36.90095
41.93925
51.09755
64.26932
67.70330
68.57149
80.56512
90.60154
12.43824
24.87647
36.47826
45.42362
56.30830
63.90228
73.67911
81.22037
90.95044
96.34363
12.43824
25.24496
34.45860
47.52542
58.45624
61.33265
71.37260
83.06154
89.75910
90.42229
12.43824
25.51878
28.00613
40.44437
50.50252
56.39337
68.98710
76.54092
78.82874
83.22310
12.43824
24.87647
35.08537
40.73146
51.12215
63.78801
72.89803
84.16137
89.16846
100.59847
12.43824
23.84350
36.19277
41.13039
52.82947
65.88785
75.52252
78.91979
83.61981
96.53181
12.43824
25.58158
38.09999
48.53239
54.24555
62.21065
70.71435
79.49690
81.22961
91.16394
