12.43824
24.87647
37.31471
49.75295
61.43095
73.86919
86.30743
90.46177
96.81684
109.25508
12.43824
24.87647
37.31471
50.41842
62.85665
75.29489
87.96193
100.98849
111.02150
122.08269
12.43824
24.87647
37.31471
49.75295
57.13118
70.31725
82.75548
95.19372
106.29942
119.85772
12.43824
24.87647
37.31471
45.86897
58.64172
71.07995
83.20342
92.36610
105.54078
118.11302
12.43824
20.98369
33.42193
45.86016
58.29840
70.73664
79.51954
90.18229
100.75380
113.92918
12.43824
24.87647
37.31471
50.38788
62.44637
69.33749
81.77572
94.21396
105.83828
115.27937
12.43824
24.87647
37.31471
49.75295
56.16994
60.47296
72.91119
83.20258
84.65379
91.63664
12.43824
24.87647
37.31471
49.75295
62.19118
75.19039
86.97235
99.41058
112.72270
125.61777
12.43824
24.87647
33.29594
45.73418
57.39446
69.83270
77.51482
88.78953
101.22777
102.25030
12.43824
15.28352
28.31284
36.69438
49.13262
61.57085
74.00909
86.44733
98.88556
103.54917
12.43824
24.87647
37.31471
49.75295
50.03081
62.46905
75.63305
88.07129
91.80326
98.51414
12.43824
24.87647
36.91291
49.35115
61.78939
74.93252
87.37076
87.47923
99.91746
113.09677
12.43824
24.87647
37.31471
49.75295
62.47223
74.91047
87.84247
100.86030
104.34352
116.87081
12.43824
24.87647
28.19517
36.12091
48.55915
60.99739
73.92262
86.36085
97.09157
109.52981
12.43824
24.11806
36.55630
48.99454
61.43277
74.00419
78.73119
91.16943
102.15324
114.89829
12.43824
24.87647
33.41000
45.84823
56.50726
68.94550
81.75239
82.32233
94.76057
99.17713
12.43824
24.87647
37.31471
49.75295
62.19118
74.62942
87.06765
99.50589
107.41624
120.52326
12.43824
24.87647
38.04924
45.11860
57.99334
70.43158
82.86981
95.30805
108.29610
119.35569
12.43824
24.87647
37.31471
49.75295
62.19118
72.26493
84.70317
97.45668
110.57687
122.94284
12.43824
25.30870
37.74694
50.18517
62.62341
75.15762
87.59585
96.89758
109.01939
121.94862
12.43824
24.87647
37.75972
50.19796
62.71142
75.14966
75.93875
88.37698
96.88620
101.23151
12.43824
24.87647
32.50066
35.62540
48.06364
56.57982
69.01805
81.78073
94.21897
105.91069
12.43824
24.87647
37.31471
46.69327
59.20906
71.64729
84.08553
92.71071
105.24004
110.79255
12.43824
24.87647
37.31471
49.75295
54.65221
63.18132
76.34537
88.78360
101.22184
113.66007
12.43824
24.87647
37.31471
49.75295
62.19118
75.17680
87.61504
99.73767
100.05171
112.48994
12.43824
24.87647
37.31471
38.64443
51.08266
63.52090
76.03780
88.47603
100.91427
111.53778
12.43824
24.87647
37.31471
49.75295
62.19118
74.62942
81.47665
82.92609
95.36432
107.80256
12.43824
24.87647
37.31471
49.75295
52.00130
64.43954
77.20909
81.57759
94.32756
100.45894
12.43824
24.87647
37.31471
47.52060
59.95883
60.97394
74.09288
86.53111
95.93434
104.97760
12.43824
24.87647
37.31471
42.86285
52.50939
64.94763
77.38587
90.55974
95.53444
108.71801
12.43824
24.87647
37.31471
47.48368
59.92191
72.36015
84.79839
91.85064
105.00248
108.59033
12.43824
24.87647
37.31471
49.75295
62.19118
74.33480
84.58821
97.02644
109.90722
123.80213
12.43824
24.87647
37.31471
49.75295
62.19118
74.62942
87.06765
100.40618
114.01125
125.16397
12.43824
24.87647
33.48624
42.48204
54.92028
67.35851
79.02576
91.91797
92.39440
97.06798
12.43824
24.87647
37.93140
46.21567
59.26985
71.70809
74.77389
87.21213
99.71796
100.07436
12.43824
24.87647
37.31471
49.75295
62.19118
69.20094
82.04142
93.19287
106.21219
110.59051
12.43824
25.27378
37.71201
50.15025
57.52503
68.03147
80.46971
92.90794
95.79579
108.98074
12.43824
24.87647
37.31471
48.75342
61.19166
73.01138
85.44962
89.73366
102.57605
115.01429
12.43824
24.87647
37.31471
49.82433
62.26256
74.70080
83.00267
87.97135
93.96376
106.40199
12.43824
24.87647
37.31471
49.75295
62.18480
74.62304
76.96812
89.40636
101.84459
114.32224
12.43824
24.87647
37.31471
49.75295
61.99776
73.44496
85.88319
98.24263
99.35079
111.78903
12.43824
18.91388
31.35212
41.60329
54.04153
66.47976
70.78445
73.11799
85.22080
98.34609
12.43824
24.87647
37.31471
49.75295
62.19118
74.16120
86.59943
99.03767
101.92529
109.35693
12.43824
24.87647
37.31471
49.75295
63.15903
75.59726
78.79215
91.23038
98.47875
104.73107
12.43824
24.87647
37.88484
50.32307
62.76131
75.85225
77.28698
85.97311
92.95423
98.48575
12.43824
24.87647
37.75419
50.93932
63.37755
75.81579
77.17822
89.61645
102.05469
102.22461
12.43824
17.79671
25.21283
37.65107
42.67892
55.11715
68.21524
80.65348
80.92774
93.36598
12.43824
24.87647
37.31471
46.64165
59.07988
71.51812
78.59437
84.75090
97.82578
98.17043
12.43824
24.87647
25.58502
38.02326
51.20487
63.64310
66.43957
72.75424
77.58255
79.26856
12.43824
24.87647
37.31471
50.13914
59.29206
72.44789
84.73445
97.32395
100.07010
112.64492
12.43824
24.87647
35.08102
47.51925
59.95749
69.47784
81.91608
95.06735
108.91670
121.96485
12.43824
24.99084
37.42908
47.31329
59.75152
72.18976
84.62800
97.06623
109.32586
121.76410
12.43824
24.87647
38.00324
50.44147
52.60595
65.04419
77.48242
89.92066
91.38548
104.42328
12.43824
24.87647
37.31471
49.75295
62.19118
69.25316
78.00118
79.65533
92.09356
104.53180
12.43824
24.87647
37.31471
49.75295
62.19118
74.62942
75.94883
88.38707
91.08715
103.52539
12.43824
24.87647
37.31471
45.94575
46.69870
59.13694
68.87203
71.40180
76.74365
83.74520
12.43824
24.96271
37.40095
49.83918
62.27742
74.71565
87.15389
91.02041
103.45864
116.26227
12.43824
24.87647
37.31471
49.75295
62.49128
76.06458
88.50282
100.94106
113.37929
125.81753
12.43824
24.87647
33.67278
46.11102
50.55000
62.98824
74.48712
87.21544
89.33324
101.77147
12.43824
24.87647
37.95505
50.41851
62.85675
75.29499
87.73322
95.27966
95.78294
108.22118
12.43824
24.87647
37.31471
48.32408
60.76231
73.20055
85.63879
98.81470
107.17185
113.87381
12.43824
24.87647
37.31471
49.75295
62.93485
76.09237
88.53060
100.73668
112.23064
114.06182
12.43824
24.87647
37.31471
49.75295
61.59562
74.03386
86.86887
98.23802
110.67626
112.92171
12.43824
24.87647
37.31471
49.75295
56.05085
62.18060
73.99466
86.43290
95.03689
108.66331
12.43824
24.87647
37.31471
49.75295
62.21128
74.64952
83.34852
87.95449
100.50477
112.94301
12.43824
24.87647
37.31471
49.75295
62.93627
75.37451
87.81274
100.34252
112.63296
119.36647
12.43824
24.87647
37.31471
45.65178
58.09002
70.67589
83.83345
96.27168
109.44355
121.88179
12.43824
24.87647
37.31471
49.75295
62.19118
74.62942
87.06765
93.91292
104.24982
117.36475
12.43824
25.10820
37.54644
49.98468
62.42291
74.38020
76.80811
89.24635
101.68458
115.50388
12.43824
24.87647
37.31471
49.75295
61.48713
73.92537
86.85865
99.86359
112.30183
122.67621
12.43824
24.87647
37.72007
50.15831
63.08334
65.51581
77.95405
90.80148
103.83337
116.93677
12.43824
24.87647
32.08098
44.51922
56.95746
69.39569
81.83393
94.45115
107.36073
119.79896
12.43824
24.87647
37.31471
46.90171
59.33995
71.77818
84.21642
97.34265
108.20282
120.68211
12.43824
24.58896
37.02719
49.46543
61.90367
74.34190
87.10692
99.54803
101.01544
112.42615
12.43824
24.87647
37.31471
49.75295
61.34651
74.47752
74.75318
87.50264
99.94088
108.62234
12.43824
24.87647
37.31471
49.75295
62.19118
69.30689
82.49023
94.92846
107.36670
120.54266
12.43824
24.87647
37.31471
46.28006
58.71830
60.58867
73.02690
85.46514
97.90337
105.11811
12.43824
24.87647
37.31471
49.75295
57.48092
69.91915
82.35739
95.53356
107.97180
121.15242
12.43824
16.52800
28.96624
41.40448
53.84271
66.28095
78.71918
91.15742
97.53050
97.73250
12.43824
24.87647
38.05743
49.70875
62.14698
74.93641
88.05071
100.48895
109.57216
123.40679
12.43824
24.87647
37.31471
49.75295
62.42590
74.86414
87.30237
99.74061
113.19834
125.65903
12.43824
24.87647
34.34082
46.77906
50.88403
63.32226
75.94261
88.10946
100.59459
107.68473
12.43824
24.87647
37.31471
49.75295
62.19118
63.24237
67.78399
78.12456
90.56279
90.68145
12.43824
20.02688
21.97981
34.41804
46.85628
60.00466
72.61959
85.05783
97.49606
107.43412
12.43824
24.87647
37.97673
50.41497
62.85320
75.29144
87.72968
100.16791
112.01689
125.81307
12.43824
24.87647
36.37905
43.62078
56.05902
68.49726
80.93549
91.80296
104.91697
117.70914
12.43824
24.87647
37.31471
49.75295
53.29448
65.73272
78.12764
90.56587
95.06078
108.21901
12.43824
24.87647
37.74202
50.18026
62.61849
65.61424
78.71877
91.15700
103.59524
113.40306
12.43824
25.48111
37.91934
50.35758
63.54435
75.98259
88.42082
92.94734
93.15589
105.59412
12.43824
24.87647
37.31471
49.75295
56.20086
58.93252
71.37076
83.80899
96.24723
105.52619
12.43824
24.87647
37.31471
49.75295
62.19118
74.62942
79.75664
92.90398
105.34221
112.67276
12.43824
24.87647
37.31471
49.79514
62.23338
75.53132
87.96955
100.40779
102.15769
111.58963
12.43824
24.87647
37.31471
49.75295
62.84001
75.27824
78.14020
90.57844
94.00400
106.44224
12.43824
24.87647
37.31471
46.59154
59.59082
72.02905
80.52108
81.16726
93.60550
106.04374
12.43824
24.87647
37.31471
49.75295
62.19118
74.62942
76.89648
89.23598
101.67421
114.85975
12.43824
24.87647
37.65561
50.09385
62.53208
75.86691
89.01996
95.90635
108.35785
111.40821
12.43824
24.87647
31.86609
44.30433
57.41924
69.99944
82.43767
91.33002
104.47490
116.10747
12.43824
24.87647
37.31471
46.60221
59.13547
71.57370
83.36788
95.80612
108.36087
120.79910
12.43824
24.87647
37.31471
49.77150
62.20974
74.64797
86.31508
98.60101
111.03925
123.47748
12.43824
24.87647
37.31471
49.75295
62.78752
75.74343
88.87154
91.27984
95.80262
103.91888
