12.43824
24.87647
37.31471
49.75295
60.15834
72.92036
85.35860
95.88647
104.15977
116.59801
12.43824
24.87647
37.31471
50.49934
62.93758
75.37582
88.55217
101.98936
112.35987
124.79811
12.43824
24.87647
37.31471
49.75295
62.85690
75.30437
87.74260
100.18084
112.61908
126.20825
12.43824
24.87647
37.31471
49.75295
62.78264
75.22088
86.53817
93.52911
105.48923
117.92747
12.43824
18.78229
31.22053
43.65876
56.09700
68.53524
81.57111
94.02097
106.67948
119.00783
12.43824
24.87647
37.31471
50.25924
61.72605
69.70692
82.14515
95.14221
107.58044
115.24834
12.43824
24.87647
37.31471
49.75295
62.54721
66.21560
79.52628
92.29591
97.55275
109.99099
12.43824
24.87647
37.31471
49.75295
62.19118
74.94047
87.05317
99.49141
112.54888
125.75356
12.43824
24.87647
37.61481
50.05305
62.53421
74.97245
86.87309
96.75689
109.19513
112.94288
12.43824
20.30225
33.58774
40.40955
52.84778
65.28602
76.99491
89.43315
101.87138
108.61221
12.43824
24.87647
37.31471
49.75295
62.57854
75.64621
88.09573
100.53397
106.42037
119.46020
12.43824
24.87647
37.31471
49.75295
62.88232
75.28417
87.72241
100.70565
113.14389
122.70329
12.43824
24.87647
37.31471
49.75295
62.58193
75.56946
86.57763
98.06164
110.71020
123.77074
12.43824
24.87647
38.05527
46.69996
59.13820
71.57644
84.63578
97.07401
108.59817
121.03640
12.43824
24.87647
37.31471
49.75295
62.19118
74.62942
87.74847
100.20633
110.89258
123.72117
12.43824
24.87647
32.75071
45.18895
58.29605
70.73429
82.74604
95.96517
108.40341
120.84164
12.43824
24.87647
37.31471
49.75732
62.19555
74.63379
87.07202
99.74213
106.87241
120.40837
12.43824
24.87647
38.04719
51.23409
64.90012
77.33835
90.18752
102.62576
115.37494
128.16848
12.43824
24.87647
37.31471
49.75295
62.19118
74.14481
86.92242
99.99107
112.42931
124.86754
12.43824
25.56930
38.00754
50.44578
62.88401
76.06842
88.50666
96.51434
107.06146
120.24844
12.43824
24.87647
38.06077
50.49900
62.93724
75.37547
88.44054
100.87877
108.89999
119.85624
12.43824
24.87647
32.79152
45.83289
58.27112
68.94234
81.38058
94.53585
107.28489
121.50176
12.43824
24.87647
37.47633
44.60985
57.33285
69.77109
82.20932
92.28423
106.18349
117.98999
12.43824
24.87647
37.31471
49.75295
54.27018
64.03456
76.97152
90.80987
103.24810
115.68634
12.43824
25.44695
37.88519
50.32342
62.76166
75.19989
87.63813
100.74366
114.22977
126.66801
12.43824
24.87647
37.31471
48.69269
61.13092
73.56916
86.37718
99.55519
112.37733
125.04576
12.43824
24.87647
37.31471
49.75295
62.19118
74.62942
87.21236
100.61742
113.35528
126.19785
12.43824
24.87647
37.31471
49.75295
59.15815
71.59639
84.75430
91.81460
104.81100
116.87197
12.43824
24.87647
37.31471
48.71484
61.15308
64.35938
76.81899
89.25723
101.81842
114.95984
12.43824
24.87647
37.31471
49.75295
59.94156
72.37979
84.81803
96.79650
109.29216
122.44598
12.43824
24.87647
37.31471
49.32722
61.76545
74.20369
86.64192
97.43522
108.71578
121.81592
12.43824
25.03600
37.47423
49.91247
62.35071
74.11789
86.84792
99.28616
112.41507
125.39773
12.43824
24.87647
37.31471
49.75295
62.19118
74.62942
87.06765
99.16402
112.31774
124.75597
12.43824
24.87647
34.13815
46.08420
58.52244
70.96068
81.02034
93.48938
106.63950
118.97920
12.43824
24.87647
37.31471
50.72763
63.82927
76.26750
85.67723
98.48373
111.26130
117.85935
12.43824
24.87647
37.31471
49.75295
62.38933
68.09882
80.82398
93.95980
107.01600
120.83699
12.43824
22.97651
35.41475
47.85298
57.60547
70.83568
83.27391
93.94873
99.32555
111.76378
12.43824
24.87647
37.31471
48.41366
60.85189
70.87986
83.31810
93.13370
105.84549
118.92294
12.43824
24.87647
37.31471
49.77991
62.21815
74.65639
87.38557
101.15781
112.78194
125.22018
12.43824
24.87647
37.31471
49.75295
62.19118
74.62942
76.13500
88.75721
101.19545
113.63369
12.43824
24.87647
37.31471
49.75295
62.19118
72.30927
84.74750
97.65561
108.29545
120.73369
12.43824
23.80655
36.24479
46.71931
59.15755
71.59579
83.32601
96.75711
108.30320
121.35407
12.43824
24.87647
37.31471
49.75295
62.19118
73.40585
85.84409
98.28232
109.48752
120.18663
12.43824
24.87647
37.31471
49.75295
62.92050
75.35873
84.45933
96.89757
108.82234
121.26058
12.43824
24.87647
37.89802
50.33626
62.77449
75.94887
87.09615
97.39994
107.41052
111.78447
12.43824
24.87647
37.34376
50.52588
62.96411
75.40235
84.94782
97.88514
110.32338
112.08691
12.43824
24.87647
35.51007
47.94831
57.02930
69.46753
81.90577
95.08970
102.72964
115.16788
12.43824
24.87647
37.31471
49.56302
62.00125
74.43949
86.62121
91.96951
105.10043
117.56389
12.43824
24.87647
28.25938
40.69761
53.84710
66.28534
76.92350
89.55376
102.73134
111.23030
12.43824
24.87647
37.31471
50.43094
63.59494
76.03317
87.77022
100.59627
110.15614
123.34323
12.43824
24.87647
34.25802
46.69626
59.13449
71.73075
84.16899
97.35070
110.81354
123.47528
12.43824
23.08281
35.52105
48.57933
61.63118
74.06941
86.50765
98.94588
109.96027
122.39850
12.43824
24.87647
37.53279
49.97103
56.52139
68.95962
81.41341
93.99610
94.94340
107.97555
12.43824
24.87647
37.31471
50.40541
62.84365
75.28189
78.91192
92.19907
104.99451
117.43274
12.43824
24.87647
37.47933
50.14660
62.58483
75.02307
75.86755
88.30578
95.36053
107.79877
12.43824
24.87647
37.31471
45.39854
52.40458
65.57314
78.01138
90.44961
100.31539
113.80985
12.43824
25.60144
38.03967
50.47791
62.91615
75.88886
88.45669
97.12648
109.56472
122.41566
12.43824
24.87647
37.31471
49.88872
63.07495
76.60898
89.04721
101.48545
113.92368
126.36192
12.43824
24.87647
31.57892
44.01716
57.16011
69.59834
78.68944
91.12767
102.63765
115.07589
12.43824
24.87647
38.05458
51.20648
63.64472
76.08295
88.52119
97.80613
102.42821
114.86645
12.43824
24.87647
37.31471
48.08575
60.52399
72.96222
85.40046
99.08777
105.20824
113.34873
12.43824
24.87647
37.31471
49.75295
61.43797
74.62460
87.06283
98.01765
111.09367
120.67748
12.43824
24.87647
37.31471
49.75295
59.82324
72.26148
84.69971
97.13795
109.57618
116.86261
12.43824
24.87647
37.31471
49.91155
57.72425
70.92003
84.52366
96.96189
110.11527
122.55350
12.43824
24.87647
37.31471
49.75295
62.19118
74.62942
87.19634
98.86754
110.43944
122.87768
12.43824
24.87647
37.31471
49.75295
62.90507
75.34331
88.42333
99.90393
112.88413
120.71726
12.43824
24.87647
37.31471
49.75295
62.19118
74.55785
87.38611
99.82434
113.16252
125.60076
12.43824
24.87647
37.31471
49.75295
63.67444
76.85732
89.29556
94.52344
101.01159
113.57746
12.43824
25.27899
37.71722
50.24084
62.67908
75.11731
87.55555
99.99379
112.43202
122.17072
12.43824
24.87647
37.31471
49.75295
62.67472
75.86030
88.34217
101.03146
113.46969
124.63971
12.43824
24.87647
38.06285
50.50109
62.18872
75.02216
87.46040
100.96435
113.77411
126.52132
12.43824
24.87647
36.95151
49.38975
61.82798
74.26622
87.01690
99.97524
113.14792
125.58615
12.43824
24.87647
37.31471
51.18525
63.62349
76.06173
88.49996
101.19362
114.41715
127.27932
12.43824
23.47979
35.91802
48.35626
60.79450
73.23273
86.23198
98.69751
101.35163
114.20568
12.43824
24.87647
37.31471
49.75295
62.05956
75.00078
87.88503
101.05734
113.49558
124.93523
12.43824
24.87647
37.31471
49.75295
62.19118
68.88327
81.82398
94.26222
106.70045
117.56085
12.43824
24.87647
37.31471
50.47339
62.91162
75.55624
87.99542
101.85454
114.29278
127.14612
12.43824
24.87647
37.31471
49.75295
62.19118
74.62942
87.06765
100.10033
112.53857
125.62374
12.43824
20.98375
33.42199
45.86022
58.29846
71.19986
83.63810
96.07633
108.52760
121.47198
12.43824
24.87647
37.63372
50.07196
62.51019
74.94843
87.53781
99.97604
112.89811
125.49149
12.43824
24.87647
37.31471
49.75295
60.66394
73.10217
85.54041
98.66733
111.35951
124.53136
12.43824
24.87647
32.70180
45.14004
53.84438
66.28262
79.44042
89.93251
102.37075
114.95969
12.43824
24.87647
37.31471
49.75295
62.19118
70.52735
77.26659
89.81547
102.25371
110.10821
12.43824
18.66240
24.37737
36.81561
49.25384
62.26941
74.95339
87.83502
100.27326
109.24808
12.43824
24.87647
37.53902
49.97725
62.86356
75.92950
89.11536
101.55359
114.90179
126.90600
12.43824
24.87647
37.67266
48.92489
61.36313
73.80137
86.94049
99.37872
108.80213
120.04989
12.43824
24.87647
37.31471
49.75295
61.39150
73.82974
86.75797
99.19620
110.80590
124.17634
12.43824
24.87647
37.32978
49.76802
62.20625
75.13942
87.57765
100.01589
112.45412
123.96544
12.43824
24.03043
36.46867
48.90690
61.57452
74.01275
86.45099
95.29019
107.72842
120.22525
12.43824
24.87647
37.31471
49.75295
62.77801
69.41316
81.85140
94.28963
106.72787
119.87323
12.43824
24.87647
37.31471
49.75295
62.19118
74.62942
78.22302
91.15953
103.59777
116.77571
12.43824
24.87647
37.31471
50.02517
62.46341
74.36686
86.80510
99.24334
104.55982
116.82922
12.43824
24.87647
37.31471
49.75295
62.60636
75.04460
86.25791
99.23178
111.67002
124.10826
12.43824
25.62504
38.06328
49.82506
62.26330
74.70153
87.26600
100.71806
113.16693
125.60517
12.43824
24.87647
37.31471
49.75295
62.19118
74.62942
77.52267
89.96090
102.39914
114.83738
12.43824
24.87647
37.31471
49.75295
62.19118
74.54187
87.04393
95.44761
107.88585
117.23558
12.43824
24.87647
29.13985
41.57808
54.70026
67.54972
79.98795
92.13992
103.29626
116.08095
12.43824
24.87647
37.31471
47.94074
61.00099
73.43923
86.62359
99.27369
112.54968
124.98791
12.43824
24.87647
37.31471
51.01420
63.45243
75.89067
88.54465
101.63753
115.10422
127.54246
12.43824
24.87647
37.31471
49.75295
62.84108
75.40917
88.20908
101.38413
114.56751
121.04736
