12.43824
24.87647
37.31471
49.75295
54.68186
63.87222
76.54636
88.98460
102.23742
114.31919
12.43824
25.58825
37.95876
50.39700
55.95102
68.38926
81.42009
93.85833
97.28072
109.71896
12.43824
24.87647
37.31471
50.41817
63.46110
67.76164
80.92820
85.46272
91.53017
98.51305
12.43824
24.87647
37.31471
44.15137
56.98463
69.52983
75.99322
86.50574
89.00505
91.69894
12.43824
24.87647
37.31471
49.58261
62.02084
74.45908
86.89731
98.03922
111.21670
123.73974
12.43824
24.87647
37.31602
42.00322
54.44146
66.40093
79.01608
81.83098
91.25654
94.57532
12.43824
24.87647
37.31471
49.75295
50.95488
63.49106
75.35454
86.11256
97.99818
107.71539
12.43824
24.87647
35.81621
48.97263
61.41086
72.88256
78.15692
82.82098
96.24982
109.43337
12.43824
24.87647
37.93845
51.68005
55.93035
67.64625
79.68623
83.07859
95.22579
97.42884
12.43824
13.45236
23.13709
34.73053
47.03503
60.00483
69.47213
81.56667
94.71904
106.27420
12.43824
25.14517
37.07814
40.98390
53.42214
66.06452
78.50276
91.61666
95.85497
108.63993
12.43824
24.87647
28.02010
40.45833
52.89657
61.18628
73.62451
86.27860
98.95650
105.99502
12.43824
24.87647
37.31471
49.87949
63.68185
75.45600
82.38177
94.82000
97.16951
110.14567
12.43824
24.87647
38.04884
45.82531
55.97800
68.41624
81.26309
93.70132
100.51901
110.85981
12.43824
25.21922
37.65746
50.84175
63.97527
74.73722
87.85010
100.62638
113.71730
122.77648
12.43824
24.87647
28.52227
40.96051
53.90241
60.20042
72.53505
85.42703
-1.00000
-1.00000
12.43824
24.87647
37.31471
49.72333
62.23315
71.78081
85.67560
98.11384
108.74724
112.59672
12.43824
25.55601
38.36211
51.71394
64.09098
68.61132
81.04956
85.31274
89.30828
102.05717
12.43824
24.87647
37.31471
49.75295
62.19118
66.01355
79.00977
91.23466
98.91809
108.22173
12.43824
25.28845
38.44481
50.88305
63.82165
73.54418
86.66184
94.14297
97.81533
111.00907
12.43824
25.61966
38.80562
50.15640
58.32645
70.76469
83.73120
92.96738
97.02206
110.18704
12.43824
25.11822
35.16539
36.74586
49.18410
62.41975
74.72319
88.52192
90.98541
92.97902
12.43824
24.87647
38.06017
48.65654
62.52865
74.96689
87.61957
100.46992
108.34456
119.34513
12.43824
25.32277
37.76101
48.65426
61.09250
68.97378
82.37381
94.81204
107.73476
120.17299
12.43824
25.01888
37.42363
50.16961
63.33248
75.52156
87.96309
98.14891
106.73972
111.39546
12.43824
24.99874
37.79147
39.93739
53.10940
62.06264
74.50088
85.83118
98.76770
111.76775
12.43824
23.43584
36.69361
49.13185
50.45594
63.16596
66.34215
78.78039
87.78545
99.79871
12.43824
24.87647
34.55361
47.61980
59.64261
62.36386
75.30889
78.76222
88.20113
89.25213
12.43824
24.87647
37.31471
50.29043
61.76958
64.40301
67.14791
79.58614
92.76258
105.73269
12.43824
24.87647
37.31471
50.28975
59.26132
71.69956
81.97264
95.28140
103.32866
111.48730
12.43824
24.87647
37.31471
50.17684
62.61507
73.56705
86.66431
89.46730
101.90554
106.07725
12.43824
25.60682
38.78284
43.33113
56.15972
66.45313
74.16017
87.11458
97.65610
110.55160
12.43824
24.87647
37.31471
49.75295
62.80355
72.62822
84.39866
94.01835
98.38033
101.71269
12.43824
24.87647
35.27360
46.14636
55.80372
68.81289
78.69018
84.21240
85.33047
87.88240
12.43824
25.40526
37.84349
50.82364
63.26188
76.44864
85.90919
97.88605
106.82638
107.56061
12.43824
24.88889
37.94085
50.37908
61.27417
70.75569
81.61681
89.60076
102.52509
107.95019
12.43824
20.44148
33.28306
41.75355
54.93542
67.40411
80.83462
86.15746
86.86208
98.56707
12.43824
24.87647
37.31471
46.98776
59.52013
66.81218
79.54105
93.31482
103.34956
117.16319
12.43824
17.53175
29.96998
43.17510
55.61333
68.24903
79.49329
82.32239
88.43086
101.57923
12.43824
25.04237
37.48060
49.91884
63.32038
75.40422
82.45120
94.88943
107.33701
118.69801
12.43824
24.87647
37.31471
49.75295
56.98970
70.49916
83.60104
96.03928
96.58191
110.41130
12.43824
18.28447
30.72271
42.73688
53.52739
66.70671
73.16162
86.26474
94.90430
100.11706
12.43824
25.60870
38.04693
45.90667
51.33268
62.81043
75.24866
86.96198
100.14508
111.25229
12.43824
25.30407
37.74230
50.18054
63.40325
72.78989
85.22813
94.50854
97.72366
104.03573
12.43824
25.37668
37.47979
51.25925
63.75878
70.56309
83.00132
96.04967
108.91982
109.90935
12.43824
24.87647
37.31471
49.95033
62.38857
74.42381
87.57603
99.95877
113.11423
126.27783
12.43824
15.13619
23.46028
35.89852
47.98437
60.42260
70.57549
83.67223
98.60093
112.06653
12.43824
24.87647
38.03043
50.65407
63.09231
76.26426
87.20562
90.60044
102.61104
105.51247
12.43824
25.34304
36.90168
50.07802
60.04105
72.48877
73.98014
78.39819
79.92210
92.36034
12.43824
25.15811
38.19225
51.34107
55.59733
57.84786
64.39610
76.19924
85.35962
97.37438
12.43824
25.38113
38.56622
51.00445
64.22458
74.75594
87.29303
97.98478
106.25423
112.58895
12.43824
24.87647
37.93550
50.37373
59.17046
71.60869
84.06787
95.12671
97.90797
109.09460
12.43824
24.87647
37.35870
49.98411
58.88177
71.32000
83.99159
96.42982
110.18402
123.33879
12.43824
25.61476
38.05299
46.10734
59.25599
71.96881
83.51628
96.02015
108.45839
117.40113
12.43824
24.90414
38.02616
50.46440
57.23953
69.67777
77.95867
90.39690
95.46328
109.38495
12.43824
24.54146
36.97970
49.91352
60.55270
73.73752
79.38955
92.57587
94.16346
105.32231
12.43824
23.31565
36.40789
49.87358
63.58951
76.03434
88.73931
92.43806
103.39817
109.18877
12.43824
24.87647
38.00569
44.45335
57.00976
62.88405
75.78259
88.96997
102.13839
106.38913
12.43824
25.11019
35.10317
47.54140
49.88049
62.80473
75.93914
88.37738
99.78554
112.22378
12.43824
24.87647
38.05829
50.84633
63.66640
75.93213
88.37037
98.73634
104.63577
113.18838
12.43824
24.87647
38.06113
47.38041
51.83705
64.81145
77.77127
90.20951
99.39105
106.00269
12.43824
19.91963
32.35787
45.18154
57.47904
68.51847
80.95671
95.73467
108.70750
110.75105
12.43824
24.87647
37.31471
46.12696
58.56519
71.00343
83.96857
96.73919
104.46406
113.37721
12.43824
24.87647
37.99766
42.19655
55.21124
66.74893
75.53521
87.97345
94.30593
100.70143
12.43824
24.87647
37.31471
49.82378
62.43985
74.87809
86.81991
92.29887
106.64922
119.77201
12.43824
24.87647
38.01287
48.02981
60.51621
69.91172
82.34996
94.56539
107.82467
110.64885
12.43824
24.89953
37.33777
46.89669
59.33493
71.42938
84.38642
96.82465
109.47761
121.91585
12.43824
24.87647
37.31471
50.19061
57.44714
70.14041
82.63048
90.58130
104.90080
115.57276
12.43824
24.87647
37.31471
51.11816
53.13989
59.77609
70.35716
78.31795
91.09250
100.34007
12.43824
24.87647
37.31471
48.99276
51.83762
65.16427
77.84417
90.80639
103.78224
115.87627
12.43824
24.87647
37.74654
46.55040
56.34811
69.00452
74.39918
86.37237
95.43470
100.08455
12.43824
24.87647
37.31471
50.44453
62.88277
75.42339
87.86162
99.38760
107.60162
121.28284
12.43824
24.87647
37.11976
49.58890
62.51216
76.00129
84.95025
97.38849
103.89885
107.10469
12.43824
19.43587
32.56467
44.70046
57.13870
69.57693
74.78082
87.29115
96.43704
109.32491
12.43824
24.87647
37.31471
49.75295
60.21385
72.65209
83.37588
95.80550
108.24374
116.83057
12.43824
24.90052
38.13167
50.95684
63.65016
67.77557
80.21381
93.82959
107.00994
112.25571
12.43824
24.87647
37.31471
40.82531
53.14679
66.36883
78.80707
92.23878
105.91650
113.74074
12.43824
25.21250
38.39266
44.16984
52.79087
65.22911
77.75287
-1.00000
-1.00000
-1.00000
12.43824
16.77979
29.21803
40.77064
53.76443
65.74753
74.99225
87.54508
100.01362
112.45201
12.43824
24.87647
32.76481
45.25128
57.68952
68.15942
81.62753
94.80962
107.24785
117.69670
12.43824
25.02110
33.83344
46.98238
58.34203
70.78027
84.37790
96.13719
103.49315
110.54353
12.43824
24.87647
37.30806
50.08100
58.27283
70.71107
83.47555
91.30527
103.55222
109.17627
12.43824
24.87647
37.31471
49.47794
62.63012
66.77154
67.83469
81.59373
94.27840
99.92989
12.43824
24.87647
30.07565
42.51389
55.12480
65.43501
78.56410
91.74954
104.23604
114.81936
12.43824
24.87647
37.31471
49.98231
63.16580
70.59084
83.49534
96.68002
104.76573
111.73201
12.43824
25.53145
33.93741
44.64123
57.07946
69.51770
82.77408
95.82264
100.76629
110.31461
12.43824
24.87647
34.58682
47.69350
61.00577
68.91066
82.00291
93.15667
105.99355
119.00184
12.43824
24.87647
34.04610
46.48433
60.16320
65.99126
73.09137
75.85288
87.37552
97.17937
12.43824
24.47115
37.15036
50.07335
59.33939
68.41688
80.85512
93.68359
103.86409
116.30233
12.43824
24.87647
37.60983
50.07158
61.39532
65.48982
66.90877
71.24442
82.98918
83.80896
12.43824
24.92563
37.36387
50.23241
62.93220
75.83524
88.62831
99.33908
112.07566
122.72610
12.43824
24.87647
34.44086
47.56981
60.43379
72.87202
85.88305
99.05366
112.30141
118.82340
12.43824
24.87647
37.31471
49.75295
62.26403
74.70226
76.65486
88.54025
101.72221
112.33055
12.43824
25.62518
38.59327
41.93879
49.61255
53.79932
56.83020
70.04892
82.48715
83.26765
12.43824
24.87647
38.06269
50.35301
62.93130
76.48590
77.39088
88.21711
100.01116
112.87612
12.43824
25.62004
34.51383
46.95206
60.00145
64.49928
76.71048
80.97402
90.72683
91.12774
12.43824
25.48134
33.41348
46.19479
47.97053
50.55844
57.19504
63.90960
74.73241
87.63490
12.43824
24.87647
38.18743
50.19563
62.63387
75.07211
84.06676
96.76607
103.82750
117.19991
12.43824
21.86032
32.55462
44.99286
53.53452
64.13423
73.77030
86.20854
89.28729
101.72552
12.43824
24.87647
37.36897
49.80721
57.83177
70.69430
83.76029
96.94703
106.09525
118.53348
