12.43824
24.87647
37.31471
49.75295
62.74569
75.18392
87.62216
92.61596
105.72827
118.16651
12.43824
24.87647
37.31471
49.75295
62.19118
74.62942
87.80158
100.23981
113.06128
126.12987
12.43824
24.87647
37.31471
49.75295
59.74800
72.18624
84.62447
97.06271
109.70394
123.47374
12.43824
24.87647
37.31471
50.02149
63.20547
75.64371
88.08195
101.20152
113.87828
126.31652
12.43824
20.36072
32.79896
45.23719
57.67543
70.11367
81.75137
92.85734
105.29558
117.83766
12.43824
24.87647
37.31471
49.75295
62.19118
71.12312
83.56136
95.99975
109.14359
118.80266
12.43824
24.87647
37.31471
49.75295
62.19118
66.93679
79.37503
92.24550
101.66831
108.93396
12.43824
24.87647
37.31471
49.75295
62.19118
75.31410
87.18261
99.62085
112.64114
125.40656
12.43824
24.87647
36.74504
49.18328
62.05626
74.49450
84.24747
96.11776
108.55599
115.27929
12.43824
16.17970
29.22666
42.13572
54.57396
67.01219
79.45043
91.88867
104.32690
112.92631
12.43824
24.87647
37.31471
49.75295
60.55984
72.99807
85.73697
98.17521
106.60357
115.16734
12.43824
24.87647
37.96321
50.40145
62.83969
75.76261
88.20085
97.55546
109.99370
122.43194
12.43824
24.87647
37.31471
49.75295
62.19118
74.62942
87.69959
100.18406
112.62230
125.06053
12.43824
24.87647
36.83452
47.98031
60.41855
72.85679
85.29502
97.73326
110.38283
122.82107
12.43824
25.49599
37.93423
50.37247
62.81070
75.54971
87.98795
100.50232
114.01941
126.96744
12.43824
24.87647
34.60260
47.04084
58.68471
71.12295
84.95816
95.90890
108.34714
120.98931
12.43824
24.87647
37.31471
49.75295
62.19118
74.62942
87.06765
99.50589
108.90554
122.09222
12.43824
24.87647
37.31471
50.49015
63.48187
75.92011
88.35835
100.79658
113.82284
125.29564
12.43824
24.87647
37.31471
49.75295
62.19118
73.71806
86.15629
98.59453
111.03276
123.47100
12.43824
24.87647
37.31471
49.75295
62.19118
75.09223
87.53047
99.69411
112.80878
125.51979
12.43824
24.87647
37.92343
50.36167
62.79991
75.23814
75.71504
88.15327
100.62449
108.18316
12.43824
24.87647
37.69826
47.25803
59.69626
72.56107
84.99930
97.43754
109.87578
122.92600
12.43824
24.87647
37.31471
49.19975
61.63799
74.07623
86.51446
96.69805
109.26619
122.59253
12.43824
24.87647
37.31471
49.75295
55.47331
63.94141
76.37964
88.81788
101.25612
113.69435
12.43824
24.87647
37.31471
49.75295
62.19118
75.23287
87.67111
100.83804
108.31114
120.74938
12.43824
24.87647
37.31471
42.77236
55.21059
67.64883
80.24524
92.68347
105.12171
116.19319
12.43824
24.87647
37.31471
49.75295
62.19118
74.62942
87.06765
96.53544
108.97368
121.41191
12.43824
24.87647
37.31471
49.75295
60.95286
73.39109
87.10745
100.07479
112.51303
124.40878
12.43824
24.87647
37.31471
50.02922
62.46745
65.87982
78.31806
90.75629
102.13739
111.92105
12.43824
24.87647
37.31471
50.48071
61.38447
73.82270
86.26094
98.69917
107.24150
119.67973
12.43824
24.87647
37.31471
47.98167
60.41990
72.85814
85.29637
98.32526
110.92190
120.82129
12.43824
24.87647
37.31471
49.75295
62.19118
74.62942
86.74993
99.18817
111.62640
124.51598
12.43824
24.87647
37.31471
49.75295
62.19118
74.62942
87.06765
99.50589
111.94574
124.35646
12.43824
24.87647
37.09750
49.36751
61.80575
74.24398
86.57171
99.24776
104.26766
115.48072
12.43824
24.87647
37.31471
48.38665
60.82489
73.26313
86.11384
98.55207
111.55974
120.27302
12.43824
24.87647
37.31471
49.75295
62.19118
74.64775
87.74450
100.16645
113.03058
122.23214
12.43824
25.22331
37.66154
50.09978
62.27081
74.07162
86.50985
98.94809
112.12955
124.57001
12.43824
24.87647
37.31471
50.02211
62.46034
74.89858
87.33682
93.79805
106.23629
118.67452
12.43824
24.87647
37.31471
49.75295
62.19118
74.62942
83.85594
89.87991
102.41821
114.85645
12.43824
24.87647
37.31471
49.75295
62.19118
74.62942
85.95313
98.39136
110.82960
123.26784
12.43824
24.87647
37.31471
49.75295
62.91208
75.77877
88.21701
101.33418
112.94372
125.38196
12.43824
19.21777
31.65601
43.09994
55.53818
67.97641
80.13948
87.56639
100.07179
112.52109
12.43824
24.87647
37.31471
49.75295
62.19118
74.62942
87.06765
99.50589
112.67143
124.60521
12.43824
24.87647
37.31471
49.75295
62.19118
74.62942
87.55452
99.99276
110.98605
120.20156
12.43824
24.87647
37.31471
49.75295
62.19118
75.37818
79.66478
90.12593
102.83885
111.67697
12.43824
24.87647
37.37496
50.32669
62.76493
75.20316
87.48400
99.92223
112.36047
119.44169
12.43824
24.87647
37.61127
50.04951
63.13407
75.57230
88.01054
100.44878
103.07019
115.50842
12.43824
24.87647
37.31471
49.50777
61.94601
74.38425
81.46628
91.64772
104.08596
116.52420
12.43824
24.87647
29.99910
42.43734
55.41272
67.85096
77.88778
91.06830
103.22064
110.44985
12.43824
24.87647
37.31471
49.75295
62.86781
75.93967
88.27519
100.71342
104.63179
117.47452
12.43824
24.87647
35.95227
48.39051
60.82874
73.26698
85.70522
98.14530
111.78846
124.79486
12.43824
25.35752
37.79576
50.36298
62.80121
75.23945
87.67769
100.11592
112.82991
125.26814
12.43824
24.87647
37.69220
50.13044
63.85208
76.29032
88.72856
101.16679
111.92372
125.09088
12.43824
24.87647
37.31471
49.75295
62.19118
75.32130
84.17266
96.37208
108.81032
121.24855
12.43824
24.87647
37.31471
49.75295
62.19118
74.62942
77.37480
89.81304
94.37975
106.81798
12.43824
24.87647
37.31471
48.27356
60.71180
73.15004
86.49719
95.50906
107.98501
120.91643
12.43824
24.87647
37.31471
49.75295
62.19118
74.62942
87.06765
93.07303
105.51127
118.63811
12.43824
24.87647
37.31471
49.75295
62.22007
75.05929
87.49753
99.93576
112.37400
124.81224
12.43824
24.87647
37.31471
49.75295
62.73231
75.17055
88.21175
100.88516
106.80631
119.24455
12.43824
24.87647
38.05972
50.73935
63.17759
75.61583
88.05406
101.08419
106.29803
118.73626
12.43824
24.87647
37.31471
50.46237
62.90061
75.33885
87.77708
100.24071
112.69136
125.78824
12.43824
24.87647
37.31471
49.75295
62.19118
74.98201
87.42025
99.85848
113.56889
121.82495
12.43824
24.87647
37.31471
49.75295
62.84704
75.28527
87.72351
100.16175
112.59998
125.56217
12.43824
24.87647
37.31471
49.75295
60.00435
66.60710
78.97637
91.41461
103.85284
116.29108
12.43824
24.87647
37.31471
49.75295
62.19118
74.62942
86.41568
94.81623
106.31840
118.75664
12.43824
24.87647
37.31471
49.75295
62.19118
74.62942
87.06765
99.50589
112.38604
124.30338
12.43824
24.87647
37.31471
46.82316
59.26139
71.76900
84.80773
97.24597
110.40813
122.84637
12.43824
24.87647
37.31471
49.75295
62.19118
74.62942
87.06765
95.66441
109.56165
122.74028
12.43824
24.87647
37.31471
49.75295
62.19118
75.22159
82.53460
94.97284
107.41108
120.01111
12.43824
24.87647
37.31471
49.75295
62.70480
75.14304
87.86754
100.30577
112.74401
125.17604
12.43824
24.87647
37.31471
49.75295
62.93038
68.64104
81.07928
94.26636
106.70459
119.14283
12.43824
24.87647
33.09277
45.53101
57.96925
70.74296
83.18119
96.18685
108.76652
121.20475
12.43824
24.87647
37.31471
50.22440
62.66264
75.10087
87.64049
100.59535
114.91997
127.35820
12.43824
25.49393
37.93216
50.37040
62.80864
75.24687
87.68511
100.12335
110.49793
122.93616
12.43824
24.87647
37.31471
49.75295
62.71280
75.36743
82.17118
94.60942
107.04765
118.77733
12.43824
24.87647
37.31471
49.75295
62.19118
72.72418
85.81414
98.25238
110.69061
123.87716
12.43824
24.87647
37.31471
50.49418
62.93242
72.22375
84.66199
97.10022
109.53846
121.97670
12.43824
24.87647
37.31471
49.75295
58.45237
70.89061
83.32884
95.76708
108.20532
121.18987
12.43824
17.41197
29.85021
42.28844
54.72668
67.16492
79.60315
92.04139
104.48368
108.46507
12.43824
24.87647
37.31471
50.47790
62.91614
75.35437
87.79261
100.23085
111.68264
124.12658
12.43824
24.87647
37.31471
49.75295
62.83249
75.27072
87.70896
100.14720
112.58543
125.93306
12.43824
24.87647
37.60787
50.04610
63.06526
75.50350
87.94174
101.21778
113.65602
126.01144
12.43824
24.87647
37.31471
49.75295
62.19118
66.32068
78.85125
91.90933
104.34756
107.11448
12.43824
25.34752
35.04908
47.48731
59.92555
72.36378
85.38870
97.82694
110.26517
120.77340
12.43824
24.87647
37.44976
49.88800
62.32623
74.76447
87.20271
99.64094
112.10559
125.43643
12.43824
24.87647
38.00106
48.74359
61.18183
73.62006
86.05830
98.50010
110.93834
124.10442
12.43824
24.87647
37.31471
49.75295
62.19118
74.62942
87.57041
100.00864
105.99066
119.17741
12.43824
24.87647
37.31471
49.75295
62.19118
75.19787
87.63611
100.07435
112.51258
124.13058
12.43824
25.56673
38.00496
50.44320
63.63012
76.06836
88.50659
94.48587
107.64281
120.08104
12.43824
24.87647
37.31471
49.80327
58.07217
-1.00000
-1.00000
-1.00000
-1.00000
-1.00000
12.43824
24.87647
37.31471
49.75295
62.19118
74.62942
85.17136
97.60959
110.04783
123.86453
12.43824
24.87647
37.31471
49.75295
62.19118
75.16501
87.60325
100.04149
112.47972
126.01240
12.43824
24.87647
37.31471
50.20197
62.64021
75.07845
87.51668
99.95492
112.39315
124.83139
12.43824
24.87647
37.31471
50.28142
62.71966
75.15790
88.31811
99.03239
111.47063
123.90886
12.43824
24.87647
37.31471
49.75295
62.19118
74.62942
87.06765
99.50589
111.94413
124.45985
12.43824
24.87647
37.31471
49.75295
62.19118
74.73629
87.17452
100.46076
112.89900
118.15120
12.43824
24.87647
36.24202
48.68026
61.77721
74.22127
86.65951
99.18060
111.90413
124.93609
12.43824
24.87647
37.31471
50.48085
62.91908
75.35732
88.06481
100.50304
112.94128
125.37952
12.43824
24.87647
37.31471
50.46415
62.90238
75.34062
87.65742
100.20464
112.64287
125.08111
12.43824
24.87647
37.31471
49.75295
62.56351
75.71961
88.37610
100.81433
106.34412
118.78236
