12.43824
24.87647
37.31471
49.75295
61.82605
74.26429
86.70252
99.73849
111.19971
123.63795
12.43824
24.87647
37.31471
49.75295
62.19118
74.62942
87.27062
100.41571
113.17803
125.61627
12.43824
24.87647
37.31471
49.75295
61.98463
75.16691
87.60515
100.04338
113.22088
126.84277
12.43824
24.87647
37.31471
49.75295
62.75121
75.18945
85.51534
93.65800
106.21337
118.65161
12.43824
24.87647
37.31471
49.75295
62.19118
74.62942
87.06765
99.99423
112.15183
124.59007
12.43824
24.87647
37.31471
50.33124
63.24375
76.42750
88.86574
101.30398
114.43738
124.66132
12.43824
24.87647
37.31471
49.75295
59.61975
71.59654
84.03477
94.81758
101.86165
111.20897
12.43824
24.87647
37.31471
49.75295
62.19118
74.72876
87.88302
100.32126
113.58635
126.02458
12.43824
24.87647
37.31471
49.75295
63.19241
75.63064
88.79447
101.23271
113.67095
125.64537
12.43824
24.74516
37.93217
49.73079
62.16902
74.60726
87.04550
99.48373
111.92197
117.88086
12.43824
24.87647
37.31471
49.75295
62.68118
75.11942
87.55766
99.99589
113.06912
120.12174
12.43824
24.87647
37.31471
49.75295
62.19118
74.62942
87.06765
94.21645
106.65469
119.20671
12.43824
24.87647
37.31471
49.75295
62.19118
74.62942
87.71315
100.86895
104.86057
117.29880
12.43824
24.87647
37.88456
46.62465
59.06289
71.50112
84.12977
96.64483
109.80128
122.23952
12.43824
24.96589
37.40413
49.84236
62.28060
75.44648
88.63298
101.07121
113.81351
126.25175
12.43824
24.87647
34.82889
47.26713
58.86777
71.30600
85.13420
91.66718
104.10542
116.54366
12.43824
24.87647
37.31471
49.75295
62.19118
74.62942
87.06765
99.50589
112.33607
124.77431
12.43824
24.87647
37.39032
49.82855
62.74256
75.18080
87.61904
100.05727
112.82599
125.74204
12.43824
24.87647
37.31471
49.75295
62.19118
75.34477
87.78300
100.46311
113.49195
126.63200
12.43824
24.87647
37.31471
49.75295
62.19118
74.62942
87.06765
99.73737
112.17561
124.62751
12.43824
24.87647
37.32015
49.75839
62.19663
74.63486
78.76565
91.20389
101.80238
114.74036
12.43824
24.87647
37.88096
42.35530
54.79354
64.10502
76.54325
88.98149
101.41973
114.23385
12.43824
24.87647
37.31471
48.74384
61.18208
73.62031
86.05855
98.49678
110.93502
118.43973
12.43824
24.87647
37.31471
49.75295
62.19118
73.48146
86.11878
98.55702
110.99525
123.43349
12.43824
24.87647
37.31471
49.75295
62.19118
75.36224
87.80048
100.82594
113.26418
125.70242
12.43824
24.87647
37.31471
50.47799
62.91623
75.35446
88.32299
100.76122
113.31971
126.31785
12.43824
24.87647
37.31471
50.30634
62.74458
75.18281
82.52028
94.95851
107.39675
119.83499
12.43824
24.87647
37.31471
49.75295
62.88906
75.32730
87.76554
96.10692
108.54515
121.31448
12.43824
24.87647
37.31471
48.81523
61.25346
68.16554
81.29934
93.73758
107.31738
120.55072
12.43824
24.87647
37.31471
43.72402
54.48890
66.92714
79.36538
91.80361
100.01824
112.47207
12.43824
24.87647
37.31471
49.22723
61.66546
74.10370
86.54194
95.45221
107.89045
120.32868
12.43824
24.87647
37.31471
49.75295
62.19118
75.36191
87.65549
100.09373
112.53196
125.67190
12.43824
24.87647
37.31471
49.75295
62.19118
74.62942
87.06765
100.24558
113.45755
126.25654
12.43824
24.87647
38.05369
50.52621
62.96444
75.40268
88.58520
101.02343
109.04600
115.86633
12.43824
24.87647
37.31471
48.39934
60.83758
73.27581
76.56062
88.99886
101.44145
109.94442
12.43824
24.87647
37.31471
49.75295
62.19118
74.50209
87.31260
98.76700
111.73060
124.51417
12.43824
25.62116
38.05940
50.49763
62.11314
75.23472
87.67296
100.11119
110.57205
123.01029
12.43824
24.87647
37.31471
49.37735
61.81559
74.25382
86.69206
90.98172
104.12058
116.55882
12.43824
24.87647
37.31471
50.28351
62.72174
75.15998
85.06483
98.23309
105.85668
118.29491
12.43824
24.87647
37.31471
49.75295
62.30451
74.74274
88.42689
100.86512
113.30336
125.74160
12.43824
24.87647
37.31471
49.75295
62.35484
74.80648
87.24472
99.68296
109.74570
122.18393
12.43824
19.21112
31.64936
44.46307
56.90131
69.33954
82.03297
93.50196
105.94019
118.47645
12.43824
24.87647
37.31471
49.75295
62.19118
75.06624
87.50448
99.94272
111.49400
124.60593
12.43824
24.87647
37.31471
49.75295
62.19118
74.62942
86.06124
98.49947
107.04766
120.19331
12.43824
24.87647
37.31471
49.75295
62.19118
74.95317
88.81755
99.66167
109.31588
121.32962
12.43824
24.87647
37.43557
49.87381
62.31204
74.75028
80.58055
93.01878
105.45702
111.89519
12.43824
18.30169
27.55056
39.98880
45.73751
58.17574
70.61398
83.05222
84.70726
97.14550
12.43824
24.87647
37.31471
48.52669
60.96493
73.40317
80.58709
93.16768
105.60591
107.30077
12.43824
24.87647
28.06498
40.50322
53.34687
65.78510
71.17541
83.19511
95.72511
105.01204
12.43824
24.87647
37.31471
49.75295
59.89620
72.99735
85.43559
97.87382
101.49208
114.17794
12.43824
24.87647
36.64808
49.08632
61.52455
72.07874
84.51697
96.95521
109.68867
122.84841
12.43824
24.87647
37.31471
50.36919
62.80743
75.24567
87.68390
100.12214
113.29998
125.73822
12.43824
24.87647
37.31471
49.75295
62.19118
74.62942
87.06765
99.50589
103.36796
116.51434
12.43824
24.87647
37.31471
49.80190
62.52509
74.23422
82.52875
95.71574
108.15398
120.59221
12.43824
24.87647
37.31471
49.75295
62.19118
74.62942
80.24174
92.67998
105.66597
118.10420
12.43824
24.87647
37.31471
50.49965
57.07561
69.51385
81.73171
91.76681
98.85461
111.45200
12.43824
24.87647
37.31471
49.75295
62.19118
74.62942
87.06765
98.46065
110.89888
124.07629
12.43824
24.87647
37.31471
49.75295
62.19118
75.08581
87.52405
99.96229
112.40052
124.83876
12.43824
24.87647
37.79086
50.22910
55.15937
67.59760
78.09834
91.10828
102.23497
114.67320
12.43824
24.87647
37.31471
49.75295
62.19118
74.62942
87.06765
99.95018
109.05847
121.49671
12.43824
24.87647
37.31471
50.09048
62.52872
74.96696
87.40519
99.84343
111.88629
122.19918
12.43824
24.87647
37.31471
49.75295
62.21092
74.64916
87.08739
100.26669
112.26474
123.13257
12.43824
24.87647
37.31471
49.75295
62.87404
75.31228
88.47429
101.06955
113.50778
126.63867
12.43824
24.87647
37.31471
49.75295
62.84594
71.31523
84.32750
96.76573
109.41747
122.29377
12.43824
24.87647
37.31471
49.75295
62.19118
74.62942
84.90888
90.09591
102.53414
114.97238
12.43824
24.87647
37.31471
49.75295
62.55766
74.99590
87.43413
100.46451
114.23982
125.37162
12.43824
24.87647
37.31471
49.22150
61.65974
74.36115
87.46097
99.89921
112.33744
124.77568
12.43824
24.87647
37.31471
49.75295
62.19118
74.62942
87.06765
98.74710
109.41607
122.59358
12.43824
24.87647
37.31471
49.75295
62.19118
74.62942
85.14645
97.58469
110.02293
123.00600
12.43824
24.87647
37.31471
49.75295
62.67620
75.11443
87.55267
99.99090
112.42914
123.75498
12.43824
24.87647
38.01672
50.45496
63.34704
76.38337
88.82160
101.63227
114.07051
126.50874
12.43824
24.87647
36.66749
49.10573
61.54396
73.98220
86.42044
98.08174
110.51998
122.95822
12.43824
24.87647
37.31471
49.75295
62.19118
74.62942
87.80762
100.24586
112.04005
124.47829
12.43824
25.60936
38.04759
50.48583
62.92407
75.36230
88.32720
100.76544
109.35854
121.58909
12.43824
24.87647
37.31471
49.75295
62.51047
74.94870
80.63555
93.07379
105.51202
113.69953
12.43824
24.87647
37.31471
49.75295
62.19118
72.46324
85.30943
97.74767
110.32874
122.82455
12.43824
24.87647
37.31471
49.75295
62.19118
64.47988
76.91812
89.35635
101.79459
114.87946
12.43824
24.87647
37.31471
49.75295
62.37425
74.81248
87.25072
99.71782
112.15605
124.70230
12.43824
23.08210
35.52034
47.95858
60.39681
72.83505
85.27329
97.71152
110.38191
115.22657
12.43824
24.87647
37.31847
49.53610
61.97434
74.41257
86.85081
99.28904
109.27731
122.53925
12.43824
24.87647
37.31471
49.75295
62.83344
75.27168
87.70992
100.14815
112.66602
126.41583
12.43824
24.87647
37.31471
49.75295
62.88607
75.32431
87.76255
100.93454
113.69556
122.85371
12.43824
24.87647
37.31471
49.75295
62.19118
74.66924
82.21927
95.38334
107.82158
114.00338
12.43824
22.05295
26.84954
39.28778
51.72602
64.16425
76.60249
89.04072
101.47896
114.57383
12.43824
24.87647
37.31471
49.75295
62.19118
74.62942
87.06765
99.50589
112.68490
125.12313
12.43824
24.87647
37.77270
46.02367
58.46191
70.90014
83.33838
95.10684
108.29090
121.13784
12.43824
24.87647
37.31471
49.75295
62.23624
74.67447
87.11271
99.55094
104.20959
116.64782
12.43824
24.87647
37.31471
49.75295
62.19118
75.48757
87.92581
100.36404
112.80228
125.98467
12.43824
25.52067
37.95891
50.39714
63.06928
75.50752
87.94576
98.76346
102.35803
114.79627
12.43824
24.87647
37.31471
49.75295
58.95440
68.43906
80.87730
93.31554
105.75377
118.46827
12.43824
24.87647
37.31471
49.75295
62.19118
74.62942
87.81357
100.49292
112.93115
122.92814
12.43824
24.87647
37.31471
49.75295
62.19118
74.82350
87.26174
99.69998
112.64212
125.81595
12.43824
24.87647
37.31471
49.75295
62.19118
74.62942
78.39776
90.83600
103.94403
116.38227
12.43824
25.27532
37.71356
50.65203
63.09027
75.52851
87.60140
90.81284
103.25107
115.68931
12.43824
24.87647
37.31471
49.75295
62.19118
74.62942
83.12113
96.19024
108.62847
121.78444
12.43824
24.87647
37.31471
49.75295
62.19118
75.87863
88.44271
96.13054
108.56878
115.51023
12.43824
24.87647
37.31471
49.75295
62.80341
75.96271
88.40095
100.83918
114.01129
126.88248
12.43824
24.87647
37.31471
48.60915
61.04738
73.48562
85.70201
98.14024
111.31408
123.75232
12.43824
24.87647
37.31471
50.45823
62.89647
75.33471
87.37294
99.81117
112.24941
124.68764
12.43824
24.87647
37.31471
49.75295
62.40117
74.83941
87.32933
94.53304
105.21115
118.39977
