6.11169
8.02311
16.59571
19.46736
23.81667
21.43778
21.51585
21.58927
21.76908
21.86187
22.27122
22.30997
22.40442
22.71904
22.90276
20.85611
20.97386
21.27635
21.41960
21.58374
21.78368
22.08332
22.63879
22.79676
23.11341
7.75694
15.83596
20.31020
20.87272
25.20008
25.24039
25.28495
25.36817
25.46706
25.75228
26.06033
26.39409
26.60254
26.77941
26.90226
27.13668
27.21303
27.36223
27.53957
27.81602
28.02690
28.09987
28.45765
28.70071
28.80266
3.81417
7.81027
12.85041
13.83243
19.89416
20.06702
20.29156
20.53051
20.81084
20.98693
21.15518
21.28695
21.49436
21.86058
22.08498
22.28751
22.33240
22.51239
22.74558
22.79603
22.86535
22.94925
23.14513
23.23332
22.67191
5.27922
8.20513
15.86977
21.77355
32.34776
32.49007
32.65605
32.76720
33.11773
33.33958
33.47625
33.56574
33.66803
33.88130
34.01650
34.07032
34.31011
34.59986
34.74800
34.81073
34.97024
34.97201
35.16290
35.63666
35.97655
1.84400
3.84164
14.41361
25.01713
28.23807
28.24900
28.48408
28.57905
28.81257
28.84917
29.15737
29.34011
29.54923
29.74866
29.81569
30.06717
30.28517
30.35138
30.51786
30.86985
30.92282
30.95950
31.11841
31.29810
31.46222
9.16959
28.97352
34.47756
36.52153
37.22654
37.31208
37.39887
37.51163
37.55069
37.68729
37.89443
38.10760
38.31676
38.37137
38.51352
38.61228
38.76330
38.99744
39.06132
39.13333
39.22477
39.37374
39.63758
39.88506
40.03392
8.91953
14.86453
19.01280
19.23754
23.44006
23.59802
24.04491
24.63536
24.80643
25.04578
25.19591
25.65158
25.65999
25.74697
26.10705
26.22381
26.43629
26.73248
25.28525
25.50002
-1.00000
-1.00000
-1.00000
-1.00000
-1.00000
5.92990
11.68993
12.49041
17.84622
20.26169
20.55189
20.61747
20.73182
20.87768
20.93086
21.18315
21.39025
21.62668
21.83866
22.26724
22.32442
19.65081
19.79258
19.84486
20.12894
20.18782
20.39674
20.73837
20.75604
21.03762
4.54580
14.92448
16.09846
18.37955
22.17921
21.17835
21.22397
19.47067
19.63068
19.79040
19.81581
19.98210
20.32384
20.46576
20.73694
19.42770
19.65379
20.04722
20.31853
20.55384
20.89070
21.19463
21.37132
21.56909
17.98303
3.98880
11.09940
23.51346
30.62920
41.56495
41.81558
41.98839
42.13592
42.33339
42.43599
42.67714
42.79204
43.06291
43.15302
43.40291
43.55779
43.58570
43.79531
43.88988
43.99963
44.00019
44.00154
44.13226
44.43175
44.71104
4.98037
7.34535
7.39273
14.24469
17.53454
14.78476
15.00327
13.17934
13.33876
13.64984
11.56482
11.76886
11.81445
11.83656
12.02566
12.08507
12.28232
12.63046
12.77751
12.88283
13.29312
13.59847
13.69612
13.77177
13.97621
3.01808
7.67057
9.88516
19.08994
23.84906
23.93264
24.12661
24.35799
24.44029
24.77769
24.88949
25.10288
25.42899
25.44141
25.73664
25.81531
25.92526
25.97666
26.23077
26.51847
26.60729
26.78814
26.90713
27.15410
27.19215
1.13385
3.99118
11.09170
14.54308
19.73476
19.77807
20.06559
20.51071
18.55598
18.71222
16.16122
16.35321
16.69963
16.86231
17.21423
17.30578
17.34453
17.34822
17.61205
17.89734
17.93934
18.01576
18.43875
18.95494
19.20227
1.55194
4.84243
19.62613
19.86905
21.85290
21.89682
22.23887
22.52859
22.93664
23.10181
23.24119
23.36821
23.56080
23.61062
23.83828
23.89743
23.95994
24.10560
24.26390
24.41928
24.48180
24.64434
24.79702
25.03182
25.06216
7.70660
8.59892
13.16690
21.18851
22.68665
23.01294
23.34049
23.49520
23.73747
23.76265
23.90168
24.07780
24.19322
24.25980
24.80216
25.00750
25.07610
25.30715
-1.00000
-1.00000
-1.00000
-1.00000
-1.00000
-1.00000
-1.00000
3.48280
6.82821
19.67977
20.63577
21.57085
21.63231
21.67129
22.04285
22.10878
22.19478
22.44486
22.77652
22.93787
23.10708
23.16850
23.41910
23.46408
23.58862
23.79108
23.85049
23.90412
24.07575
24.46945
24.63130
24.73198
4.70393
16.91855
33.63221
37.40752
41.06590
41.11166
41.34449
41.79515
41.90505
40.14115
40.47596
40.55825
40.73963
38.95859
39.09021
39.20810
39.33201
39.41396
39.52358
39.52908
39.78408
38.74019
38.95573
39.15705
39.40081
2.33693
4.53572
12.42285
15.11691
25.93548
25.93554
26.02522
26.22091
26.29257
26.75442
26.89153
27.18536
27.27748
27.35036
27.61853
27.66358
27.72439
27.89580
28.01220
25.95498
25.01109
25.12326
25.21507
25.33051
25.48822
2.05595
5.14567
6.80470
17.39998
20.76550
20.87852
20.89858
21.19348
21.49124
21.74509
22.08202
22.46387
22.56599
20.46965
20.51326
20.60308
20.85934
20.98843
21.07685
21.15463
21.29653
21.36417
21.36823
21.37144
21.65431
1.58436
6.17716
12.95918
15.51371
21.39770
21.65536
21.97742
22.13165
22.15306
22.16883
22.50418
22.55010
22.59271
22.70698
23.05905
23.34182
23.37327
23.62806
23.86856
24.13581
24.24380
24.31977
24.35740
24.50203
24.72788
3.50042
5.42419
7.46524
11.77508
15.31401
15.40040
15.51530
15.79116
15.96136
16.17825
16.26949
16.45536
16.76435
16.80459
16.86871
16.99427
17.13670
17.34349
17.37204
16.68509
16.27727
12.09334
12.31136
11.17444
11.41802
1.51216
8.33590
16.60554
20.72648
24.91384
25.10620
25.27808
25.36511
25.57724
25.66480
25.79054
25.87879
26.03473
26.19215
26.27125
26.44871
26.51010
26.57035
26.64453
26.86808
26.96090
27.14718
27.31675
27.52036
27.64390
2.11841
9.01040
11.55818
23.32886
28.11576
28.24163
28.45820
28.61584
28.82295
29.01949
29.11807
29.22252
29.41375
29.54012
29.87236
30.14463
30.36860
30.37898
30.56783
30.70040
31.00273
31.15984
31.20947
29.11710
29.20144
2.85738
4.53724
9.38260
21.28314
26.50184
26.77572
26.89126
26.96896
27.36445
27.40867
27.54414
27.79081
27.80527
28.31120
28.36036
28.40333
28.41538
28.56174
28.15487
28.52996
28.53365
28.65786
28.66040
28.76478
29.19221
8.28440
10.45669
11.21338
13.61480
21.84389
21.86750
20.20043
20.29670
20.40505
20.98393
21.01075
21.20229
21.44653
21.58254
21.63983
-1.00000
-1.00000
-1.00000
-1.00000
-1.00000
-1.00000
-1.00000
-1.00000
-1.00000
-1.00000
8.47062
9.11349
16.30962
17.08582
20.57832
21.01498
21.13486
21.53765
21.63950
21.72444
21.76832
21.38839
21.51788
21.53269
19.57939
19.99056
20.38573
20.75136
20.80140
21.11084
21.23620
21.62340
21.77904
22.01076
22.11768
2.84738
7.52141
9.74720
21.93033
25.28271
25.44538
25.63791
25.69199
25.84471
25.98048
26.07229
26.45737
26.54943
26.79326
27.05842
27.25116
27.34279
28.23886
28.28436
28.37991
28.50716
28.65198
28.86909
29.07340
29.14086
2.19317
4.89981
7.35532
13.65948
19.62783
19.86105
20.12759
20.16682
20.31314
20.51943
20.75777
19.12668
19.26246
19.47809
19.68508
19.95320
20.17876
20.36108
20.67143
20.74547
20.94609
21.22874
21.48363
21.73395
19.97077
3.74242
4.62510
11.40181
19.75043
31.17217
31.51260
31.60475
31.66370
31.95970
32.09539
32.27596
32.51946
32.54821
32.61486
32.63277
32.64972
32.97534
33.06521
33.18294
33.22152
33.29039
33.30291
33.40291
33.50811
33.53952
7.79036
14.32904
19.80675
23.30739
27.47649
27.67187
27.72053
27.76589
27.87529
28.15727
28.53743
28.72940
28.92642
29.17408
29.32730
29.35763
29.52643
29.53113
29.83888
30.10256
30.24865
30.41371
30.55434
30.62245
30.92838
1.35574
10.11318
18.67464
21.42287
28.37757
28.47627
26.08635
26.55230
26.82937
27.13879
26.20454
26.62656
26.94965
27.03047
27.21546
27.28526
27.35055
27.54283
27.69258
27.81628
28.71873
28.78144
29.05048
29.50343
29.64908
7.30059
15.65474
21.58927
22.65022
25.43166
24.13722
24.49523
19.13117
17.88846
17.91934
17.95608
17.96022
18.06283
18.25876
18.27177
18.46046
18.82564
18.97024
19.14246
19.49468
19.60708
19.84778
19.85246
19.95132
20.12110
1.98106
3.39978
4.73063
6.15547
11.50424
12.15663
12.41388
12.60029
12.87301
12.91028
12.93641
13.15563
13.35561
13.62106
13.67863
13.79382
14.03103
14.23742
14.39410
14.64832
14.73512
14.89325
15.01900
15.18454
15.54086
4.11164
10.58631
12.86319
14.74670
15.78224
15.86630
16.27187
16.31056
16.32102
16.55794
16.60443
16.73437
17.00306
16.12220
16.20954
16.30990
16.36159
16.51469
16.56102
16.64823
16.86010
17.10202
17.57115
17.72629
17.72744
10.09333
12.10477
23.51776
25.37457
29.73766
29.86627
29.98297
29.99397
30.09014
30.13621
30.21807
-1.00000
-1.00000
-1.00000
-1.00000
-1.00000
-1.00000
-1.00000
-1.00000
-1.00000
-1.00000
-1.00000
-1.00000
-1.00000
-1.00000
1.29013
5.18456
9.31043
12.72589
13.91763
14.17952
14.30321
14.38810
14.48166
14.63542
14.84972
14.90142
15.02604
15.04107
15.09160
15.34203
15.66699
16.26416
14.00540
14.09796
14.36758
14.74201
14.81669
15.00688
15.12201
0.83612
3.88543
8.76207
12.30286
15.13981
15.73981
15.90135
16.06761
16.16910
16.28602
16.70781
15.11063
15.56434
15.69853
16.00812
15.92023
16.10010
16.13853
16.27934
16.43155
16.58663
15.15704
15.16797
15.28176
15.22658
1.03718
2.91726
12.85311
15.83232
-1.00000
-1.00000
-1.00000
-1.00000
-1.00000
-1.00000
-1.00000
-1.00000
-1.00000
-1.00000
-1.00000
-1.00000
-1.00000
-1.00000
-1.00000
-1.00000
-1.00000
-1.00000
-1.00000
-1.00000
-1.00000
0.69576
1.57284
11.55362
15.15237
17.04101
17.36231
17.85943
18.17176
18.28538
18.50353
18.74918
18.78121
18.85733
19.00693
19.18927
19.35352
19.60566
19.66941
19.80515
20.06093
20.29241
20.38167
20.65571
20.79745
21.05836
2.76920
7.34882
12.52057
27.14993
29.86539
29.90550
30.15268
30.54873
30.65199
30.79485
30.81155
30.94891
31.34498
31.37554
31.54294
31.70282
31.76265
31.98125
32.20353
32.21439
32.44585
32.48477
32.71926
32.79390
33.01131
2.32754
3.23337
9.76110
14.96697
19.11555
19.13535
19.25210
19.28112
19.95421
20.12773
20.13152
20.16805
20.33761
20.50010
20.60382
20.78196
21.00891
21.15983
21.18150
21.20565
21.64329
21.89122
22.00947
22.24639
22.28072
7.75534
21.76951
26.30657
27.94501
29.84019
30.06359
30.27838
30.38907
30.72837
30.76712
31.01232
31.15132
31.37533
31.41565
31.67224
31.67776
28.99001
29.17554
29.38686
29.73570
29.90723
30.19186
30.32230
30.55976
30.84785
7.80466
15.54824
20.18069
22.26466
27.82582
27.84100
28.15556
26.43123
26.48011
26.99244
27.20451
27.38221
27.54398
27.55707
27.69927
27.75977
27.83494
28.28919
28.34181
28.50213
28.57707
28.77163
28.91527
29.14562
29.28811
8.22122
12.61666
16.37177
20.58399
25.56166
25.69109
25.80109
25.98856
26.21677
26.32800
26.45377
26.65017
26.81437
26.89598
27.20201
27.22472
27.43136
27.55974
27.58296
27.64632
27.89241
27.93501
28.19671
28.23781
28.54143
2.77286
13.46199
25.85589
28.68547
31.19770
31.47693
31.58002
31.74515
31.89845
31.97183
32.21915
32.41841
32.66924
33.01442
33.17811
33.24867
33.31759
33.34852
33.44060
33.66814
33.82644
34.10761
34.84598
35.04177
35.09736
5.08210
12.05980
15.82113
18.94761
21.21154
21.44437
21.66599
21.81088
22.10150
22.23686
22.55949
22.64245
22.95523
23.07153
23.15019
23.20126
21.94824
21.96419
21.98762
22.16744
22.41081
22.50535
22.59837
22.81118
22.54214
7.87548
10.70164
14.58330
16.03762
19.75547
19.81838
19.93677
20.18250
20.36657
20.54826
20.66682
20.86260
21.21369
21.27654
21.43950
21.57357
21.83671
21.98623
21.99186
22.04575
22.08669
22.16254
22.34214
22.48203
22.84418
3.60256
10.29873
18.48607
22.14013
23.13111
23.14596
23.47231
23.83381
24.12465
24.36231
24.46668
24.86820
25.07716
25.24176
25.39891
25.59260
25.67148
25.71110
26.09189
26.19839
26.22320
26.28763
24.85070
24.94124
25.02078
1.22419
6.39682
13.36846
21.74627
23.69568
23.85772
23.98908
24.16359
24.52246
25.30763
25.31220
25.46194
25.08556
25.32034
25.62018
25.70405
25.99169
26.15353
26.52990
26.70021
26.87220
26.98137
27.18316
27.26916
27.53340
1.59079
11.17641
13.87012
13.87039
14.76955
14.79136
14.91996
15.21788
15.39740
15.71386
14.38698
14.95627
15.30871
15.53547
15.85244
15.95170
16.25999
16.45257
16.65932
16.82896
17.00411
17.30585
17.83823
18.03044
18.15810
4.45118
10.24515
26.38757
30.20043
35.13577
35.28469
35.53909
35.66276
35.70843
35.78869
35.87878
35.99230
36.21406
36.33963
36.51682
34.19836
34.57167
34.69851
34.93389
35.04900
35.29525
35.35974
35.67038
35.96091
36.33400
6.85661
12.81517
14.46192
27.07062
30.42077
30.42716
30.77725
30.92070
31.15408
31.25056
31.50376
31.52039
27.74733
27.78621
27.79008
27.88890
28.23922
28.31815
28.43759
28.61136
28.62746
26.98461
27.20971
27.71988
27.88720
7.48160
10.92543
18.10952
28.53815
37.62949
37.72032
37.88489
38.06712
38.45002
38.53926
38.56814
38.78321
36.66574
36.88893
37.03487
37.25070
37.52985
37.72462
37.73733
37.77005
38.34999
38.57511
38.59662
38.84594
39.11999
3.98755
4.72549
11.41153
18.68990
22.15329
22.25954
22.49450
22.21602
22.37431
22.46155
22.89776
23.01433
23.02659
23.09325
23.17310
23.28631
23.50100
23.57908
23.57936
23.62305
23.70846
24.06713
24.09507
22.33965
22.39419
1.74677
3.72897
6.22529
7.23715
11.99127
12.02960
12.20793
12.52394
12.61689
12.77758
13.03659
13.22828
13.33838
13.69871
13.88973
14.14089
14.28673
14.36306
14.58873
14.81299
15.14563
15.18518
15.83837
16.02907
16.37957
0.80460
3.74770
16.59159
19.74430
28.15615
28.32702
28.39825
28.49780
28.60088
28.01221
28.20464
28.35729
28.59003
28.04894
27.06810
27.38958
27.45140
27.71639
27.87158
28.01026
28.16195
28.33338
27.30457
27.48337
27.50253
1.82879
4.58878
7.55786
12.15691
12.80040
10.67520
10.68437
10.85199
11.11370
11.46459
11.98544
12.16518
12.55431
12.55447
12.66164
12.69981
12.89159
13.07998
13.11108
13.21571
13.32306
13.37600
13.57331
13.58188
13.96959
6.66831
7.87966
18.11245
19.33168
29.38747
29.43077
29.60957
29.68418
29.86887
30.04901
30.30825
27.95725
-1.00000
-1.00000
-1.00000
-1.00000
-1.00000
-1.00000
-1.00000
-1.00000
-1.00000
-1.00000
-1.00000
-1.00000
-1.00000
2.68170
5.39064
8.48824
11.14361
19.09444
19.30988
19.55116
19.83360
19.92199
20.41345
20.48925
20.19985
20.41677
17.73905
17.87500
18.11314
18.38524
18.61130
18.91099
18.95075
19.10938
19.20759
17.79891
17.82826
18.27533
0.28411
17.01111
19.62969
22.40248
28.85364
29.35061
29.40031
29.49307
29.68136
29.80480
30.22174
30.38897
30.55330
30.72075
30.78270
30.81745
31.01703
31.41384
31.52409
31.67968
31.76733
31.79336
31.97813
32.18343
32.26300
4.24487
15.12202
17.33604
18.11509
21.21895
21.35184
21.49537
21.57874
21.62240
21.77367
21.78814
21.90562
22.01787
22.35577
22.46865
22.75055
22.81481
23.02341
23.08931
22.83294
23.23834
23.44387
23.69252
23.98801
24.27977
3.96812
5.29256
9.08662
14.62974
15.22179
15.55596
15.70994
15.84155
15.90932
16.20766
16.38714
16.56707
16.61489
16.88922
14.96119
15.19990
15.26822
15.50276
15.52425
15.66969
15.78697
16.08909
16.37047
16.40533
16.67506
6.05709
13.72476
15.66407
21.09267
32.60594
31.13416
31.20620
31.27154
31.57205
31.71734
31.83018
32.02341
32.23431
32.34171
32.36856
32.42225
32.44390
32.58972
32.72511
32.76930
32.96445
33.25524
33.61001
30.90783
31.06487
7.22629
9.17213
15.05295
20.16974
21.76306
21.84456
21.86826
22.13287
22.27921
22.40796
22.50842
22.56808
22.73381
22.84137
22.96383
23.06838
23.27883
23.40655
23.59573
23.83496
23.93826
24.04669
24.36566
24.94939
25.07952
7.29121
10.14145
19.72530
23.91760
30.19993
28.54151
28.59792
28.63654
28.69332
28.79013
28.87917
28.95362
29.28786
29.34992
26.69072
26.87249
26.88160
27.04031
27.23258
27.34990
27.46056
27.74013
27.79270
27.99628
28.03873
3.97824
8.19212
9.50454
12.19552
13.90458
14.05924
14.45579
14.55863
14.61722
15.10102
15.41770
15.46323
15.56815
15.78940
15.92891
16.04906
16.35744
16.42234
16.59795
16.63128
16.68885
16.69369
17.05760
15.57713
15.75718
6.23643
15.20992
19.20024
24.70661
33.44758
33.74549
34.13068
34.39812
34.45155
34.56904
34.93298
35.00472
35.10359
35.53985
35.67267
35.83633
36.16876
36.33438
36.44301
36.57292
37.03543
37.48939
37.59463
37.72463
37.80229
2.85675
13.87921
18.22895
24.74989
26.36120
26.43416
26.47976
26.60230
26.81030
27.01536
27.10129
27.44024
27.60806
27.82842
28.10782
28.15966
28.49085
28.55846
28.70801
28.76608
29.11317
29.32125
29.39649
29.64931
29.99029
12.28742
15.74079
19.68791
21.72692
29.39826
29.65179
29.73382
29.81159
30.19479
30.67405
30.72986
30.74794
30.79319
29.77191
28.04710
28.08351
28.16851
28.46991
28.79820
28.82246
28.96389
29.04333
29.18193
29.29100
29.42096
4.17877
4.64376
5.44166
14.20054
20.61301
20.91560
20.97397
21.22587
21.47654
21.58648
19.86633
19.98089
20.15768
20.59428
20.91431
20.93858
21.13267
21.21486
21.36128
21.66354
-1.00000
-1.00000
-1.00000
-1.00000
-1.00000
2.01634
3.42989
11.71600
13.91999
20.79754
20.82431
20.97181
21.35685
21.44717
21.57896
21.52172
21.86608
22.22954
19.59263
19.62439
19.71160
20.22865
20.30571
20.45908
20.63147
20.70229
21.01256
21.59243
20.46872
20.64366
2.33611
21.14136
22.56776
25.45358
29.00880
29.59644
29.74299
30.05397
30.17623
30.51409
30.97505
31.05080
31.05888
31.45433
31.50933
31.73134
31.95842
32.11340
32.25297
32.57017
32.60926
33.03570
33.14332
33.23279
33.39983
2.34399
4.94506
8.26760
15.89016
19.03697
19.23930
17.33490
17.55406
17.57695
17.66293
17.70707
17.83139
17.93903
18.02615
18.13382
18.16763
18.47595
18.70218
18.98194
19.00689
19.25591
19.41021
19.66039
19.67394
19.90536
1.03626
3.86615
6.36891
7.03191
15.18856
15.37558
13.88547
13.95112
14.12418
14.17669
14.28343
14.59225
14.82008
14.86844
14.98127
15.04146
15.10671
15.13660
15.18742
15.29746
15.42241
15.73418
15.86878
16.31780
16.58369
5.46062
8.82192
12.52943
21.58436
24.57432
24.58984
24.96796
25.05712
25.18507
25.71467
25.78979
25.83619
25.93684
26.16253
26.26120
26.38450
26.61366
26.84188
25.82180
26.26407
26.31841
26.48474
26.68996
26.75008
27.07704
9.82119
13.66932
18.86104
22.57415
26.63925
26.68180
27.05599
27.18482
27.49647
23.59458
23.80279
24.17667
24.27442
24.43934
24.71888
24.87373
24.93709
25.04886
25.20071
25.57734
25.61546
24.40539
24.55531
24.66733
24.81690
2.40106
7.57130
11.56327
14.81837
19.05736
19.16680
19.36487
19.40029
19.53210
19.64339
19.74252
19.86982
19.91195
20.38279
20.44185
20.61548
20.78860
21.03869
21.35636
21.37388
21.41002
21.68687
21.76049
21.91589
22.02080
4.21573
13.19068
13.35145
15.82607
17.24017
17.25660
13.86038
14.03538
14.09958
14.47115
14.53880
14.68429
14.70450
14.76121
14.81586
15.02487
15.11932
15.20299
15.29899
13.41637
14.10533
14.47029
14.97476
15.10916
15.51009
1.42964
3.82580
7.69553
10.21969
14.46887
14.67890
14.82768
14.96795
15.20239
15.28492
15.79066
16.03670
16.11211
16.60951
16.70998
16.82673
17.14789
17.37724
17.37934
17.82199
17.82520
18.09128
18.11166
18.26752
18.41868
7.77127
10.19172
18.09243
21.10839
25.01540
25.14315
25.24459
25.30901
25.36070
25.48972
23.24143
23.45619
23.61364
21.76286
22.07634
22.43434
22.54246
22.90790
23.25460
23.39651
23.75020
23.94337
24.00531
24.10455
24.42899
6.05896
10.50541
17.96859
25.16524
29.17991
29.56448
29.73140
30.17843
30.35071
30.48282
30.77877
30.85619
30.89138
31.10774
31.18077
31.19308
31.33370
31.56536
31.89572
31.90226
32.05798
32.18749
32.51554
32.77302
33.01867
1.81245
7.76633
12.46626
20.03356
22.18146
22.32483
22.51290
23.12470
23.28967
23.56592
23.66231
23.85864
24.05468
22.30646
22.48187
22.95588
22.96978
23.03373
23.09982
23.14969
23.83154
23.99671
22.37199
22.42554
22.63361
10.63588
13.74899
15.46788
18.31460
22.41949
22.52246
22.76526
23.48989
23.64805
23.74650
24.04020
24.14760
24.33275
24.47990
24.50654
24.71708
24.88358
25.11202
25.27002
25.82405
24.45386
24.79556
24.83849
25.10335
25.38474
6.20178
10.57303
13.31769
25.18935
29.00622
29.24899
29.66178
29.73335
29.98537
25.95014
25.96806
26.11800
26.14945
26.32108
26.43792
26.46199
26.53940
26.66564
26.87315
27.02301
27.03867
27.20076
27.38335
27.45491
27.58311
0.24942
6.98038
11.61516
16.75710
18.15129
18.25904
18.43825
18.53730
18.79973
18.89903
19.12373
19.12436
19.61211
19.90263
20.20968
17.76128
17.84136
18.03221
18.04171
18.31988
18.94686
19.13636
19.32448
19.39827
19.44439
1.95924
5.66617
10.72182
19.72832
20.03150
20.18545
20.23514
20.26163
20.32670
20.44985
20.59147
20.88398
21.07839
21.78312
22.20920
22.40907
22.59740
22.79967
22.98262
23.15489
23.46923
23.61823
23.64386
23.80449
23.80784
4.42257
5.83854
13.67883
29.20404
32.47010
32.60628
32.85775
33.03421
33.30797
33.34080
33.56960
33.67986
33.91367
34.02084
34.31021
34.66656
34.84245
34.87559
34.94317
35.11610
35.23106
35.35555
35.66956
35.80518
35.81097
2.24506
24.89415
26.34896
29.72378
33.52444
33.65836
33.72439
33.89029
34.11085
34.20915
34.62183
34.72654
34.73718
35.10907
35.24093
35.46656
35.66307
35.88790
36.03048
36.31426
36.38197
36.61576
36.78213
37.14416
37.30804
11.79536
25.15651
29.50145
39.39027
40.30658
40.34965
40.44134
40.57299
40.63862
40.82354
40.88462
40.91899
41.15219
41.32597
41.35636
41.36055
41.83626
41.86693
42.15733
42.25399
42.78987
43.07330
43.26753
43.26950
43.35849
1.14714
4.88708
5.79059
8.05385
11.70022
10.47304
10.58175
10.84762
10.90295
11.22052
11.38245
11.54949
11.70211
11.74717
11.87179
11.98120
11.12131
11.20463
11.29625
11.33707
11.47811
11.53203
11.63455
11.71223
11.80939
4.09373
4.95962
9.49366
11.01947
14.38214
13.06940
13.23542
13.34983
13.45384
13.57908
13.69052
13.70954
14.08623
13.20618
13.23046
13.43461
13.68949
13.74502
13.83726
14.05396
14.37899
14.54618
14.63368
14.85028
15.35908
6.78119
8.71027
13.28133
16.33123
24.51141
24.64656
24.72656
24.79495
24.88596
25.20009
25.39105
25.58223
24.80854
24.93186
25.11823
25.55467
25.80813
26.08404
24.27226
24.68897
24.83453
24.87577
24.95506
25.31011
25.52294
12.19414
16.72047
20.60105
28.34741
30.07547
30.31299
30.40449
30.52111
30.57036
30.59057
30.70787
30.90040
28.29839
27.26875
27.40562
27.43946
27.47665
27.63338
27.88814
28.13786
28.26631
27.93124
27.99061
28.10600
28.19088
7.76170
9.27820
13.27836
25.44902
26.16181
26.36730
26.88940
25.70874
25.87404
25.98700
26.21224
26.30960
26.31271
26.55547
26.84309
26.86845
26.04935
26.17891
26.22834
26.37987
26.59925
26.74740
26.90748
27.23818
27.37045
10.61658
20.89014
26.72051
27.17619
35.14160
35.24089
35.50586
35.71449
35.86301
35.95814
36.29161
36.44625
36.66805
36.82282
36.83968
36.87634
36.96870
37.13141
37.20065
37.35034
37.37802
37.67570
37.95318
38.17148
38.22210
3.10835
5.91051
8.66604
14.29489
15.07717
15.14435
15.25796
15.35383
15.59902
15.67618
15.89507
13.79996
13.84925
13.88462
14.14496
14.20840
14.31933
14.37789
14.51712
14.85471
14.88126
15.08167
15.08425
15.11597
15.11611
8.15062
13.91950
14.46348
20.17451
21.21242
21.26346
21.60518
21.62294
21.81881
21.83415
21.85071
21.99592
22.04503
22.17999
22.31551
22.45229
22.69141
23.04304
23.40588
23.49906
23.68319
23.86375
24.11459
24.25462
24.30468
10.93337
12.32103
25.51342
28.81635
31.82519
31.87644
31.88659
31.16575
31.29078
31.34235
31.44852
31.71208
31.98029
32.03621
32.30153
32.39692
32.70515
32.70538
32.71060
32.77299
32.87699
33.10355
33.28174
33.30643
33.46047
3.01724
8.16788
15.96387
21.25829
29.74485
29.90143
30.00262
30.32659
30.66455
30.66494
28.92235
29.04458
29.41319
29.45528
28.27179
28.35357
28.56320
28.77079
28.88970
28.92461
28.97475
29.07669
29.46555
29.55555
29.77500
2.96507
10.89348
13.76465
16.71719
17.82034
18.26621
18.42393
18.51748
18.58698
18.87322
19.06375
19.29630
19.37949
19.50319
19.94401
20.12714
18.63073
18.69813
18.73030
18.79388
18.81038
19.14521
17.46916
17.49010
17.49376
