1.55554
83.44199
83.51582
83.52126
85.41453
87.43801
88.17559
89.01368
89.44476
90.22209
90.27910
91.13824
0.54270
7.15167
8.46950
8.89342
9.39983
9.53079
11.06894
11.20581
12.34166
13.04618
13.82156
13.84464
0.40601
39.06567
39.70549
40.33617
41.18961
41.58993
42.86862
43.22353
43.41443
44.07571
44.11549
44.50464
1.36353
8.09109
10.08172
10.62866
10.98915
10.99393
12.08008
12.09939
12.61727
13.50479
16.39972
16.42995
123.63278
137.13636
138.38216
139.91335
140.40669
140.89145
140.97331
141.90994
142.46409
143.12822
143.14557
145.50647
39.15611
47.77056
47.84251
48.32475
48.77804
49.64936
51.04847
53.20867
53.25159
54.46775
55.19475
55.70097
16.57561
27.11685
27.26738
27.88968
28.86530
29.39982
29.98317
32.26262
33.08202
34.13152
35.91522
35.92191
68.62665
79.02080
79.18519
79.25569
79.77409
79.96325
80.25292
80.49899
81.70548
81.98722
83.17318
83.24370
21.54411
33.20683
33.58505
35.66659
36.72492
38.63510
39.64162
40.01644
42.03741
44.83260
47.16259
47.88261
6.45432
8.03254
8.25112
8.30835
8.48615
8.87267
9.93381
10.09400
11.56158
11.62181
11.89921
12.43541
1.01678
5.44349
5.97397
7.04660
8.22278
8.25114
9.07049
9.39396
10.06557
11.11735
11.73254
12.01203
9.79331
19.33865
24.23355
24.83963
25.61427
28.08596
28.27774
28.64884
29.03118
29.06206
29.52218
30.66141
7.82602
19.55273
19.97597
20.76144
21.13299
23.07532
23.86354
24.12560
24.66166
24.96948
25.46886
27.33309
1.66986
10.93354
10.93627
10.98980
11.66873
12.33604
14.22297
14.91278
15.37770
15.75853
16.00670
16.97853
53.24093
54.79431
57.50831
58.09621
58.72990
59.33458
59.95891
60.44228
60.86238
61.28418
61.54713
61.73718
4.04739
17.28108
18.41879
18.49462
18.50600
19.10612
20.47147
23.07334
23.42848
24.61398
24.63908
24.76803
1.66951
200.11633
201.35080
202.87063
204.84633
204.85226
205.05031
205.41768
205.58313
207.51713
208.19940
208.79322
0.76297
2.68678
3.28072
3.28793
3.96854
6.75301
8.00664
8.01770
8.22638
8.46016
8.46079
10.05588
17.35398
39.12510
40.50578
40.77670
42.98328
43.21731
43.42241
44.63586
44.63586
44.87610
45.51704
46.65276
2.21465
60.41114
63.37872
63.91152
64.90076
64.99449
66.44888
70.24141
70.70321
70.71252
72.77460
72.96205
39.69127
43.96158
44.31756
44.78208
45.46223
45.90507
46.04973
46.61595
46.73495
47.70546
48.24195
48.52836
46.36967
145.92868
148.73582
148.76661
149.27503
151.21898
151.33636
152.07962
153.03369
153.07025
154.25881
154.45494
16.21992
47.39208
47.76118
47.90552
47.95966
49.99364
50.01378
50.54780
51.92453
52.55993
52.89993
55.19536
8.10701
150.90505
150.93777
152.02285
152.40334
153.59485
154.89122
155.79745
156.84945
157.21039
157.21951
157.64944
19.53997
20.12355
22.16074
22.20758
22.34229
23.21162
23.22904
24.61211
25.05815
25.58882
26.34542
27.63840
35.75638
59.16625
61.67835
61.83333
63.19306
63.23570
63.78264
64.03725
64.73727
64.75185
64.83096
64.86807
19.35501
23.35452
24.34293
24.42575
25.41297
27.43788
27.50939
27.51289
29.01581
29.57476
32.36809
33.50648
78.90682
84.64707
85.37849
86.23209
86.25617
86.49866
88.06165
88.07646
88.13077
88.50559
90.13310
90.51356
9.55510
48.87067
49.46902
51.18256
53.37198
55.14570
57.64648
58.32113
58.57310
58.95971
59.18654
59.92600
17.93615
48.77659
48.98941
49.28986
49.41658
50.04348
51.50044
51.54224
51.58355
52.58183
54.80352
56.46582
60.54219
125.35623
125.42468
126.89105
128.31037
128.76781
128.80873
129.78460
129.79148
130.20415
130.82407
130.94245
205.71608
207.40712
207.46897
207.76062
207.76901
207.93880
209.75488
210.11442
212.03898
213.72288
214.08606
214.58457
33.66230
44.69947
45.63878
46.69216
48.00185
48.15567
50.54362
51.69905
52.13625
54.00488
54.52757
55.63050
0.86796
9.42425
9.60690
10.27246
10.61984
11.42344
12.27969
12.32482
13.20552
13.65185
13.86787
15.10768
23.93014
25.51135
26.01883
26.27562
26.66335
26.99879
28.10574
28.77775
29.10269
29.54083
30.23087
33.48552
16.83098
102.32559
102.94233
103.84044
104.48362
105.10863
105.30282
106.39040
107.16351
107.34685
107.44534
108.43576
4.11811
4.77181
7.76713
7.77330
8.53957
9.03633
9.63198
9.88712
11.48572
11.64627
12.91545
13.00884
1.46295
36.50297
37.60983
39.05297
39.51899
40.17127
40.94223
41.45993
42.71799
44.01659
45.20637
47.03673
38.13184
88.21728
88.57362
89.36826
89.68140
90.02638
90.34344
95.40066
96.80748
97.67643
98.68429
100.54895
67.56513
69.70186
70.80376
72.61359
73.00837
74.85075
76.20445
76.29240
76.85171
77.55914
77.58786
78.64177
6.55932
41.96216
42.04901
42.22475
42.30215
42.88973
44.49001
44.59112
45.82907
45.99235
47.19779
47.39504
0.08454
21.39006
21.39018
22.46895
24.12577
24.96681
26.09167
26.31867
26.65230
26.81540
28.37493
28.62359
7.00925
11.17244
11.17364
11.47013
11.96167
12.30595
13.94097
16.71846
17.58494
18.94182
19.00845
19.14610
19.95326
50.17761
51.02592
51.02595
51.06403
53.37803
53.39852
53.40615
54.75012
55.02041
56.15629
58.00589
19.48775
34.98808
35.46952
37.58683
37.73054
38.12777
38.12778
38.82720
39.67320
39.90565
40.28887
40.34663
66.72206
90.73223
91.05264
91.51455
91.81617
92.63307
93.91444
94.10222
94.10774
96.79671
97.59473
97.72876
11.85537
18.18113
20.16900
20.56585
20.73013
21.39286
24.25379
25.82201
26.10376
26.48889
26.77087
27.33065
47.21239
86.34218
87.92770
89.55362
92.16047
92.92489
95.94313
97.56922
98.43697
98.58456
98.69855
99.43225
29.20859
47.53673
47.65231
48.25247
51.24186
52.28090
53.52374
54.18718
54.21676
54.36590
55.75182
56.48542
3.71325
27.92294
28.72416
28.73847
28.80642
28.80644
29.38683
30.22103
30.26533
30.26545
30.90117
31.48531
24.62259
30.91621
32.03876
32.23067
32.39585
33.23250
34.45663
34.64459
36.77022
36.79278
37.80457
41.18726
11.67474
184.33704
185.35767
188.10614
188.65606
188.75618
189.59678
192.47782
193.15443
194.78764
195.48649
197.03821
28.14188
82.16313
82.65118
82.67188
83.76986
83.97436
84.00792
84.10578
84.34629
85.19244
86.74367
87.36226
8.61456
50.01210
51.22721
51.95278
54.54796
55.82925
56.61648
57.94686
59.85761
60.13188
60.15083
60.20933
62.36612
95.30946
95.35737
96.07658
96.78834
97.45127
97.48019
98.39574
98.59690
99.11204
99.25611
100.09869
37.13464
72.85524
72.85579
73.30533
78.35222
78.45021
78.86519
79.17143
79.57363
80.00165
80.33735
80.34007
32.75481
126.36255
128.56666
129.33028
133.09984
137.15351
137.77492
137.85545
138.22839
139.53301
140.49883
140.97269
28.49622
37.46326
37.60951
37.68434
38.79877
40.35159
40.37124
40.85615
41.29883
41.97449
42.84029
43.79658
2.68897
6.52474
7.01010
7.12538
9.87897
10.01751
10.24319
11.11961
11.36863
11.79056
12.62953
13.24857
4.62266
56.85652
56.89097
57.31396
57.75118
58.30323
58.87539
59.59973
59.88717
60.51541
61.15340
63.07847
20.09047
28.49997
28.57056
29.08982
29.26294
29.62929
31.65768
32.51483
32.51721
32.75283
33.34466
33.69157
22.52771
61.46267
61.75566
61.91260
62.09194
62.53814
62.78577
65.18660
65.92157
65.96783
66.34441
66.34442
8.24506
126.45548
126.97926
127.50707
129.47072
130.40205
130.43394
131.05221
131.57830
132.36184
135.59305
135.79100
11.88876
147.06304
149.84201
150.24981
152.03235
152.50685
154.44783
155.42012
158.88835
159.14329
159.26230
160.33013
15.96606
38.46932
38.47349
38.47416
38.83816
38.84971
39.03493
39.24459
39.40082
39.83477
40.64352
41.22595
5.14593
20.87412
22.12634
22.74982
23.02385
23.51718
23.80845
25.26180
26.81045
27.08050
27.79754
28.20415
4.62027
22.18877
23.28641
23.31301
24.03052
24.93251
25.10723
25.62987
25.96880
26.33027
27.92488
28.09094
7.18700
35.92121
36.05671
37.14649
37.68984
39.83759
40.14124
41.33643
41.80262
42.81388
48.00199
48.03683
2.57868
24.83452
26.22166
27.19373
27.45789
27.50314
27.76807
29.19978
30.11152
30.82032
30.91240
31.42882
44.21586
45.71566
46.43585
48.14824
48.65097
49.75068
50.71482
51.47109
52.00646
52.41720
53.43662
53.67200
28.71574
43.86135
44.39795
46.47661
46.57871
47.29363
47.46607
48.00342
48.61519
49.58295
50.37549
51.17107
14.99619
16.76735
17.18624
19.56193
21.80075
22.32059
22.41243
22.61851
22.67488
23.96046
25.51929
25.87186
105.68848
106.74488
108.54931
108.63031
109.20347
109.59469
110.23349
113.28508
116.65242
116.72929
116.77159
117.29413
18.26604
55.46647
56.66035
57.36668
59.05909
59.37853
59.75406
60.56806
63.06741
63.64926
64.31451
64.40602
42.27825
89.25225
90.17171
92.16024
95.18504
95.81136
96.00251
97.31172
97.60399
99.35029
100.65711
102.70414
22.64718
24.20707
24.23632
24.39602
26.91671
27.07448
29.13204
29.49174
29.50143
30.40696
30.55432
31.15808
7.60794
8.81102
9.26702
10.13678
10.32289
10.99136
12.70325
15.10446
15.42144
16.45626
16.97925
17.28838
1.92872
29.49750
30.04374
30.54464
31.65927
33.72859
34.48206
36.16361
37.73121
40.32849
40.79922
42.40705
15.30287
18.33408
18.69765
19.14558
21.50464
21.63525
21.72423
21.85366
22.07987
22.44430
22.73616
23.48184
30.25886
90.40664
90.43534
90.46473
90.90974
91.69703
92.41260
94.13343
94.21825
94.24285
94.97416
95.74417
54.54840
55.89629
57.51518
59.12953
59.50632
60.07407
60.43124
61.31703
61.69695
62.69250
62.83599
63.82420
2.92409
12.01194
13.84645
14.11119
15.11258
15.32543
16.05809
17.18793
17.49947
18.54424
18.97310
20.42974
72.20795
164.70910
166.39417
166.51193
168.32231
169.53274
169.55953
170.55344
171.99456
173.15734
174.22629
175.25397
10.18329
10.21245
11.37556
11.41133
11.54838
12.80413
13.19466
14.49912
16.39533
17.62150
19.31359
19.67069
15.32140
43.48515
44.21871
44.56021
44.74904
46.27091
48.08027
48.71710
49.80223
50.32148
52.53542
52.88422
45.42941
57.63987
58.60491
59.00283
59.74361
61.92904
62.02516
62.47659
62.68960
63.00233
63.81925
63.89488
75.56915
109.71291
110.95070
111.33769
111.78491
112.05782
113.98266
114.44504
115.51156
115.54290
116.14113
116.35155
80.20855
80.69821
82.59570
84.65626
84.91693
85.29614
85.69831
85.74699
86.62566
87.03059
87.18715
87.20203
212.15718
237.76341
238.59739
240.52784
241.52423
242.13362
242.25644
242.78853
243.34287
243.57968
243.66686
245.07656
2.91572
7.00407
7.01643
7.99594
8.56245
9.32995
9.80856
10.26689
10.58875
12.79321
12.96010
14.83771
1.92912
3.80250
3.81223
5.05780
6.08213
7.14002
7.44078
8.30868
10.58521
10.99587
11.63381
11.82438
2.79387
4.89944
4.98835
5.46282
5.68943
5.79562
6.51929
9.01315
10.36328
12.64482
15.18930
15.92833
66.69436
97.66602
97.91270
97.98742
98.17196
98.22529
98.77688
99.42605
99.59203
100.20380
100.28427
100.38359
194.91631
211.77375
211.95526
212.33128
212.97813
214.25341
214.58971
215.16476
215.44570
216.24915
216.92108
217.24921
45.06974
57.50589
57.53577
58.89057
61.12478
61.63871
62.49755
62.84023
63.49328
64.89173
65.13957
65.14431
34.60796
84.67965
85.05065
87.03056
87.44332
87.47370
89.04305
89.57260
89.57830
89.69161
91.59069
92.74511
77.56367
83.56418
83.82185
84.38465
85.04958
85.38476
85.40046
85.40479
85.97127
87.95942
88.81082
88.84175
93.58849
123.21206
123.46773
124.07539
124.09881
124.47284
124.47487
125.84024
127.40438
130.05018
130.87243
131.53790
8.90342
17.72314
18.58414
18.58463
18.97620
19.50133
21.21205
21.48525
22.70589
23.61782
25.09404
25.35732
58.03286
58.53386
60.55641
63.09681
63.20063
63.42793
64.58574
65.34601
65.61407
66.09540
66.96980
67.91167
