3.40509
9.08428
25.15422
33.08532
48.48039
52.85323
73.22664
78.58291
81.28179
91.57350
98.04135
116.18161
124.93710
130.61153
142.04631
144.77025
157.20241
162.03518
168.19215
175.74859
10.08555
22.64010
33.39522
44.33287
76.62987
91.25809
103.89071
110.35064
112.35133
117.88760
129.48169
149.79484
157.47833
161.00889
176.24192
183.58101
214.15727
221.21078
226.99124
231.66129
17.52339
46.84711
50.63968
60.24824
73.03182
99.17771
120.19444
145.74955
157.71864
186.47903
188.95984
192.38131
206.58716
221.43442
253.24682
262.56148
269.68590
296.27682
322.79159
325.59685
13.44646
15.52989
31.92808
34.18472
51.72172
74.54296
88.62968
108.73938
112.85907
127.55928
146.30448
168.08162
181.88779
210.22052
235.78792
238.53625
250.63760
268.66462
290.97703
309.71070
28.48797
29.71768
45.61269
58.65398
78.30370
95.11419
117.59775
119.65755
119.92899
122.12812
141.58189
156.17125
179.82874
186.79662
193.97003
205.11783
203.08286
212.74342
216.69291
234.60898
13.56315
18.14382
32.98171
34.15884
46.69316
79.79943
96.10906
97.96179
102.14181
99.42909
106.23109
109.56217
115.64818
129.38913
136.51491
140.21510
163.03519
198.26791
201.68431
208.01810
14.36722
29.92801
62.48291
108.51146
116.74858
116.74865
119.21922
142.37177
142.37284
143.58769
150.99934
157.70849
170.37808
170.88585
181.50946
184.09011
189.78102
201.67980
218.82408
218.83722
22.61051
42.80308
51.51884
67.19693
70.51098
86.43200
89.55745
123.67194
128.27031
134.28843
141.23529
159.20756
168.65813
174.32213
190.47917
208.26053
215.97399
226.08330
240.02288
240.95077
15.88200
32.38327
51.71243
84.28849
97.90357
114.34245
119.78213
125.47222
133.23584
174.36402
189.16648
192.15737
196.32235
230.27573
255.24606
262.35891
269.94684
273.83760
275.77972
281.69136
41.57439
56.90231
67.48969
95.97488
106.24512
125.46173
143.45557
146.53534
167.73129
174.89885
193.60222
201.72886
215.41250
235.79506
255.17801
263.85071
280.19586
287.01068
305.49158
307.96640
14.00022
36.47958
49.25269
68.24183
75.71479
81.64392
94.98653
115.68159
135.84673
143.41291
153.01995
166.67089
175.10305
192.39476
197.01699
201.04686
205.41755
222.30065
230.21971
232.07634
11.91202
19.09172
24.56815
27.29211
41.82201
55.08708
98.33334
102.44183
109.87485
116.61983
136.33307
141.63885
157.70601
209.69481
217.33717
229.64955
240.80897
260.93784
264.48344
273.59229
11.36538
14.31069
29.16283
33.81998
38.47682
64.33419
87.62763
105.07625
117.27206
157.04600
182.26444
182.60734
206.26976
261.56448
275.03425
294.79614
295.39978
312.12015
310.00630
360.83014
9.97467
13.82259
30.93844
38.74920
46.04101
62.33683
65.13455
80.02178
81.55647
83.01479
101.41034
105.62923
111.72534
118.92053
122.29941
135.69483
154.12087
165.55427
174.63400
182.80233
26.64784
39.42541
65.96532
68.29183
70.72036
108.89010
140.70029
149.66093
161.26912
179.65102
189.41812
206.17728
227.32754
235.42621
241.60560
256.71697
268.94864
272.50106
291.86355
303.65120
5.67581
12.25089
18.14852
34.62928
53.62813
65.39963
80.24645
82.58717
101.48212
108.14354
114.26826
123.83313
140.55416
151.95581
159.02663
178.48911
183.25224
187.71920
188.37011
199.92668
5.09321
30.86424
39.40234
50.27516
54.67288
75.97336
87.64025
94.65642
104.70886
116.80922
131.32081
157.20840
171.51601
186.48495
192.86518
194.80152
202.88589
207.43539
207.41422
209.91018
9.73657
60.41975
82.63053
107.95896
118.61099
121.35276
136.51984
152.73063
170.10636
179.94267
198.83856
222.35653
233.01809
252.34636
267.53256
254.31270
277.14329
283.23681
302.83793
305.19039
11.99578
19.39399
32.77063
49.45271
54.79186
67.83075
84.68857
88.72101
98.92380
115.68192
123.85394
150.23703
153.52971
154.95606
162.41652
183.27073
193.16101
209.19906
212.56985
218.64799
10.49045
24.11218
52.43650
61.62015
73.88107
84.08787
98.47938
117.39870
128.77302
144.39391
162.16698
173.53852
209.20853
240.68900
246.07204
260.51890
260.92507
277.01451
290.59120
301.13563
28.81520
43.30888
52.43373
56.09177
68.56295
74.86007
87.34251
95.58232
101.07735
117.56199
127.97836
132.71920
169.10014
172.02085
197.18301
201.89066
205.78240
212.71959
244.21752
244.24720
15.36514
21.45957
41.95497
61.27916
80.76366
86.37550
108.69378
118.94397
120.22174
126.15441
142.24796
158.80722
193.99397
209.82107
225.75307
234.83790
243.18836
267.97174
277.96750
293.70237
25.19144
39.12101
48.15377
55.07664
76.73902
83.60796
92.19700
95.96673
104.47797
116.76113
152.66100
162.09904
169.80752
185.02426
187.48107
201.81604
220.09397
233.91488
241.33919
243.03820
5.25677
28.97002
41.04793
42.77154
49.53945
68.87779
76.07934
92.11916
100.81218
130.17376
169.24082
173.12057
186.63790
190.94112
191.67135
195.75455
198.86846
216.96021
234.45934
238.77923
9.72109
12.85723
35.08024
62.23210
76.02646
88.40257
92.75975
97.22855
102.29867
116.02551
131.36558
137.87846
143.89724
146.65369
175.91754
193.22818
201.72262
214.85551
249.59800
267.95463
10.87598
22.90582
38.04244
43.06521
51.62645
63.68746
74.08715
86.37341
98.90789
109.37533
129.90170
155.66086
162.85360
171.20581
193.74803
196.33389
202.13431
222.57991
252.97844
252.35764
34.83509
39.55932
71.58022
84.51627
98.87135
126.23926
129.41063
132.98311
148.71296
157.89640
171.97439
191.21510
196.39018
200.46331
234.26157
247.81055
249.86523
259.86287
263.34775
265.40147
19.33804
45.08242
56.27477
85.59080
87.45885
95.89089
98.04844
111.24552
121.58859
126.07066
129.86869
137.27794
153.38193
166.15682
169.91991
171.23195
175.52507
180.92509
197.02490
212.29193
4.06783
19.49961
31.78258
76.75328
94.79544
101.64723
107.85481
114.72168
119.88900
125.46958
145.63146
155.18168
166.83029
176.30002
189.23499
194.11054
206.57214
212.60650
220.29831
237.71503
19.60779
27.48252
48.97313
51.84729
55.58505
70.24335
95.43874
99.93063
100.54573
115.35485
128.40551
152.51128
160.77612
164.26198
167.29205
194.62043
195.34422
196.05399
209.11742
215.12319
8.11529
15.71541
38.41286
39.05878
56.97873
79.62864
94.18776
110.37472
120.03980
128.39235
142.10350
154.25308
166.04049
198.40652
209.06590
221.21355
242.34641
249.64781
268.55977
271.43199
14.45686
22.58343
38.49763
46.03475
64.86211
79.26375
87.17902
92.02294
102.16891
132.70413
152.85073
162.45879
178.09201
180.21055
192.55669
201.89920
213.05617
234.31762
238.95937
260.63288
20.06575
35.39194
52.23977
62.47559
86.57105
116.07215
127.26025
127.53991
138.08091
150.15118
155.95272
163.91189
187.34650
191.18366
198.76298
205.59324
217.37208
246.48310
258.43423
266.30996
13.61208
40.48721
55.96757
72.67197
81.85551
86.66390
104.41481
117.96646
136.53560
146.55224
156.44970
191.16778
219.78457
225.84474
236.63258
235.13182
236.57448
267.83151
278.18166
283.01443
8.84685
17.76802
29.72569
50.34264
58.57983
72.95883
76.72288
89.39604
98.36702
103.41990
126.99157
147.22056
173.71141
184.15557
196.16564
213.61243
214.38294
215.67136
225.79531
226.67001
3.61906
19.44860
28.95947
37.42979
51.88387
61.50769
64.81714
75.90501
94.90343
100.86618
121.95423
136.68630
158.21156
164.45815
175.63808
189.47877
208.46847
209.23420
232.15508
237.88695
3.73083
4.78355
14.85839
36.43168
64.22220
82.84985
93.72404
102.00504
108.20744
113.40340
116.85847
122.80838
147.57284
151.10854
156.92053
174.87375
176.01912
180.18923
184.75855
200.49595
20.38812
27.90151
51.92740
64.89074
78.30617
86.70639
96.15120
106.28427
128.28506
128.87102
169.93241
177.22405
189.79796
194.36042
196.17697
204.12906
218.36294
225.94980
249.38818
264.23763
29.79520
44.09475
49.27306
68.79702
74.67447
78.91558
84.53618
86.10921
109.16999
109.69517
124.51590
140.05295
147.23113
160.79814
179.31864
211.07084
222.31832
230.47312
233.21654
254.93466
11.87873
23.64835
32.06153
42.08665
57.84548
63.46281
68.88802
85.19634
96.18050
116.66954
130.45225
142.14479
163.64900
178.43532
185.06675
199.73163
206.32768
224.82061
227.60135
238.39357
26.02391
57.38588
78.89495
89.69443
109.32431
127.41486
145.76082
154.78910
175.84829
188.99480
192.25468
193.78752
206.83476
223.54776
233.61565
253.10253
262.40050
270.25264
282.12455
300.90570
6.99352
18.42025
26.61683
46.58490
56.44443
72.55956
83.44951
86.78238
101.40265
110.54450
112.41570
117.98439
129.85706
139.83926
155.84721
165.98636
181.25341
201.32830
215.04635
226.27788
13.69864
30.40967
45.04609
62.96608
88.18705
98.92189
125.37728
130.20425
136.44368
142.11753
149.61163
156.27698
176.84071
187.61292
193.53464
215.28238
222.81604
222.81667
241.48978
258.71167
10.84788
19.33326
32.40175
46.49515
60.29775
68.17420
72.81168
88.22927
102.52937
106.47687
112.14286
126.64323
143.34589
186.44454
210.48921
225.18159
229.71857
249.36750
249.71932
257.49770
12.04275
18.99628
29.78447
38.57332
60.28528
84.36318
105.73795
142.05582
142.77424
163.41171
168.65817
171.56247
174.75868
175.18130
204.86475
207.52894
218.69352
225.50141
236.32137
251.04205
31.71997
34.78363
48.81946
63.97206
73.25645
89.38224
103.86974
105.78518
119.01096
125.93362
130.95763
141.10323
151.50034
153.20310
184.55057
215.35625
218.72929
232.85744
234.46516
235.97811
23.50956
31.87777
46.35813
49.49679
77.04337
92.21017
94.31093
103.19831
122.92323
159.90797
171.49586
199.42408
203.02418
222.74807
242.76278
258.24775
269.43763
272.27092
274.78906
304.11431
6.93640
8.29926
12.83285
24.75567
75.66142
80.38074
99.42085
117.63961
132.36211
141.94443
163.87052
173.60340
177.36099
179.38568
209.99910
213.34508
235.09951
240.32634
245.33741
260.36695
29.27008
38.66674
39.16484
115.62103
117.96238
129.60816
146.59771
152.31289
178.99296
185.32055
202.77947
205.34039
207.98449
211.94820
235.72665
242.54528
246.52764
246.57885
250.12810
258.07109
24.01048
35.48008
43.52641
49.96991
55.85479
69.70926
88.42480
101.37156
119.77173
127.80159
135.26201
146.03840
151.71769
154.11201
160.05132
183.00867
191.60450
206.68988
230.14843
232.74221
22.64507
41.41252
60.02255
69.83335
75.97642
107.80518
116.30445
135.48034
137.37024
159.49093
159.85418
163.39520
174.11057
192.92439
193.35769
198.85714
206.69728
210.60560
211.84263
226.31081
9.70324
25.10395
40.01008
55.70708
66.69136
80.66820
103.57022
127.10184
147.85917
153.00302
173.21293
173.38028
178.24388
180.26630
204.79527
211.73801
222.66025
228.69591
235.45287
247.44994
12.86734
25.76096
46.44872
50.77575
60.79922
65.78543
90.97129
104.88797
113.54545
123.78962
128.75269
133.14544
142.90208
141.34633
156.00370
173.84333
176.22241
199.49566
219.18582
232.93336
14.40290
31.31777
58.87529
66.56359
97.66775
113.08763
118.65053
130.90401
147.80627
149.54129
161.89199
171.24997
191.05747
207.21083
213.54668
217.30176
241.22443
258.98981
285.13722
300.38783
18.73902
26.31672
49.27119
57.15869
86.32252
89.70635
98.70298
114.50011
124.38579
142.02885
144.77738
177.43853
194.85130
221.51755
255.63341
283.41229
289.77462
293.03512
298.13130
298.80438
36.33313
37.96787
55.96328
75.87961
86.44789
100.24285
103.25338
115.44437
123.16477
125.88586
125.73977
155.20817
162.54565
180.55853
182.23702
201.71167
211.31544
226.56377
228.93948
239.32899
2.34782
19.31861
41.99594
69.61344
91.51535
111.94168
113.95298
120.29545
154.23840
169.02393
195.87107
201.29112
218.18800
225.48796
244.62289
243.79175
261.15111
286.02182
286.87062
297.62365
20.50671
58.71102
75.78782
84.78502
88.99141
104.39692
113.31987
120.77532
135.28505
142.34411
151.51645
166.11069
178.66024
191.38514
214.75149
214.75152
221.16489
230.27337
237.63990
248.76884
13.81235
26.15788
49.83241
53.22870
58.94330
69.46359
85.50906
100.61166
123.10439
145.81880
161.49045
186.07240
207.64365
217.74263
233.21446
262.86484
271.24871
289.32671
308.52252
313.34673
5.99929
14.94485
21.87897
24.75034
42.72292
47.62567
76.39731
90.09800
105.41192
117.98172
139.40753
148.19275
162.24330
170.46453
192.03465
203.03165
208.72892
220.53407
238.41641
243.36545
25.98181
55.54464
81.35729
83.10303
111.86597
142.02628
162.88520
165.24134
180.62937
181.90054
186.76298
213.42287
220.85940
223.15743
229.26776
233.77818
238.14825
238.32485
244.02622
251.37102
17.22132
21.29136
31.11650
52.94809
64.78843
77.60091
84.23552
95.45385
113.87349
123.75312
129.22615
138.65575
142.54046
167.82829
183.75557
190.43687
211.86839
217.66139
231.26225
237.43360
9.70733
20.97693
29.67449
42.54821
61.97147
71.84826
81.25226
98.73298
104.47596
115.44992
138.21931
155.99771
159.36697
172.93201
202.84333
219.37129
238.21579
246.95870
274.70279
286.44290
10.43549
31.29405
38.79823
59.05935
76.95258
99.96343
101.51407
111.97805
117.14367
149.66478
157.25131
176.12483
198.54415
205.58694
218.27287
232.16280
261.48953
268.27767
282.39518
297.97202
23.22194
43.59829
65.01488
77.05401
86.47950
88.90053
104.48375
120.22948
139.25492
143.09147
143.65250
151.31577
161.45916
172.43246
177.59256
189.74159
193.34006
192.94604
207.47358
218.92372
3.95755
14.95108
25.18227
31.85435
40.70781
54.23260
77.57196
88.93340
101.03831
116.78573
136.55550
145.55758
167.70793
179.91866
190.49935
200.92532
212.40353
230.19485
238.65948
261.24370
24.04837
29.40275
57.20888
80.69688
92.16770
112.82913
126.16265
131.38569
136.49626
153.60627
165.05073
174.68816
199.68763
200.72800
209.23905
216.15474
220.15824
226.06596
241.74126
257.05839
22.83807
38.35608
57.29677
70.59314
86.17019
100.06472
128.81379
138.00103
154.13344
154.25856
156.50987
161.88133
171.34761
173.33789
182.09783
187.67192
209.63701
211.73813
217.51154
223.50497
16.03776
53.61417
63.64631
78.65862
93.78770
100.91060
110.62121
135.44415
148.22108
156.77240
161.82730
167.13456
169.11216
177.40137
183.02796
185.93435
200.56642
214.82930
235.55046
248.55632
42.20410
76.15310
88.75737
107.96346
110.54209
112.96849
119.53800
154.08416
162.29079
168.47576
185.20944
207.23692
226.39137
250.29635
257.99744
273.66880
293.12640
302.60646
304.40413
305.05003
11.12818
17.23884
19.83536
28.42389
37.84477
71.07078
88.50760
97.41810
109.48990
115.83562
124.02225
144.73813
145.04038
148.00553
161.22514
163.84267
190.20152
207.29243
215.08950
224.77941
4.72698
16.93356
25.01925
56.70199
78.14493
91.24436
108.76333
124.61014
144.41319
151.15255
171.41463
203.08191
208.76596
240.31098
241.18480
250.38774
287.38472
287.46448
292.30813
306.49818
8.28059
20.33278
37.43039
50.29771
61.75811
70.15310
89.67924
99.21829
107.94496
114.84753
139.22244
162.85803
172.22247
174.32396
186.57592
198.54522
205.77128
212.23957
214.42510
227.09988
23.24642
28.02654
44.21810
68.93127
77.99203
90.02717
103.44919
140.14429
142.22453
162.14763
167.96459
178.41567
190.07581
191.58055
199.47115
221.14777
227.55530
239.64322
241.81697
251.75395
3.82051
17.57069
22.75671
33.52923
52.75578
66.16800
83.57823
89.37256
109.78914
116.00609
143.28870
147.62179
167.12958
178.57127
188.04588
201.62489
212.21312
229.10783
262.75970
280.00080
4.55449
13.50270
22.96215
34.33952
53.71708
57.40335
59.21605
67.22407
86.15975
103.93383
107.86180
115.06641
121.68372
141.61599
145.57308
154.57214
159.90512
177.31981
196.19766
204.07542
13.88159
28.61042
46.75559
53.69947
66.21679
102.32748
114.71890
127.11734
145.95834
158.17475
163.04873
176.01592
182.44186
183.34045
187.64982
188.50725
196.86966
215.13828
235.85171
236.32886
9.28699
12.88644
22.87003
35.15999
50.49101
74.00337
78.30781
96.77539
127.76034
138.90037
146.67814
156.41095
161.94197
169.42474
173.08047
184.46564
195.31572
197.18038
220.57437
245.44752
6.61115
18.29441
24.62881
41.17157
51.15724
64.62991
88.47161
103.85175
132.81802
134.33889
158.42800
165.52900
174.98933
183.97582
195.28346
195.63497
203.89507
217.00808
228.60844
238.18899
11.98172
27.08240
38.68420
43.23247
65.01489
84.04491
96.77729
119.31440
120.22562
154.70574
188.10828
188.41677
205.64157
213.39815
222.94288
235.30241
245.06651
257.41503
263.73936
272.67090
15.76303
32.00232
46.14730
76.17875
85.82475
91.79156
96.23501
126.95608
148.77434
161.41163
179.70994
211.75396
217.40695
233.56974
235.92916
257.49914
271.28794
276.67614
280.32957
302.57695
8.96570
30.10512
39.38079
47.10816
60.35511
82.53381
89.25575
111.82666
133.38147
145.39733
153.87857
164.44476
180.87051
186.17066
195.79617
208.52003
223.87452
230.45131
231.04417
247.92166
9.81957
41.64123
73.41998
80.21620
95.35653
99.87762
104.83651
111.14018
116.40025
133.91413
139.11119
181.79581
190.99048
218.59734
221.83766
254.07514
260.46490
261.70603
287.36836
293.59886
1.58558
10.83810
17.99055
29.34507
42.32949
57.32181
66.39779
84.38738
109.04302
128.17132
140.14125
161.87795
169.12104
186.39412
192.39699
196.91302
211.39503
227.52808
239.53252
252.36008
41.81875
44.65989
50.43178
65.48150
77.76932
89.09806
101.06288
125.68916
132.31450
148.20727
152.63487
168.14067
172.11908
177.72664
191.67386
203.72164
219.14137
244.15728
261.05173
267.13626
5.50658
20.96557
21.27560
29.24494
33.28773
41.49206
57.06068
70.09611
96.86270
101.16592
108.60606
136.08265
160.83126
198.77696
199.59639
218.62702
229.66551
234.87062
236.97943
258.34436
6.73894
20.42926
24.67299
33.97911
39.48841
56.17260
75.88750
83.68265
88.32400
99.25994
113.21676
137.39278
163.94472
176.97369
197.88536
208.24857
228.58608
232.55801
234.64830
259.48864
6.61992
7.63063
34.95710
40.16035
56.96799
63.39879
79.24207
99.17196
146.02486
167.64424
168.80166
182.96413
194.35757
206.03876
218.01782
228.98451
237.15685
261.67173
267.62807
282.75551
10.12660
25.80738
39.38522
47.61871
64.47873
89.17649
99.23828
115.76596
127.08300
151.40851
152.23103
174.26004
183.05651
186.55792
205.84759
222.14709
224.34193
228.61573
259.14122
269.37082
28.94717
37.72894
54.52013
73.24815
86.61302
102.18244
110.35945
113.92495
140.19238
150.87024
157.19577
174.83318
179.08136
190.02820
211.48649
219.23978
240.50154
269.77082
278.95648
279.43689
13.32825
25.45564
51.64757
69.75948
83.84519
103.69301
119.56062
129.07320
133.88999
136.23175
156.10158
160.20804
168.87673
178.45096
192.09453
195.19715
208.97619
209.73297
212.84828
235.09021
10.96596
29.27528
44.29382
46.44706
60.46466
62.57973
65.86672
68.45642
76.52570
95.60216
107.07148
113.39366
124.80186
133.44961
153.73666
160.98844
163.92904
170.19769
197.98997
233.07798
28.90383
66.93581
98.96315
132.15979
139.95780
143.02876
172.60022
175.89250
188.47123
200.41199
201.23013
215.69591
221.09758
230.73629
235.81649
240.27380
247.49706
270.69651
277.81694
294.01666
9.46877
21.29858
38.97467
53.02382
65.58433
80.48502
93.60626
112.48694
122.06232
128.47471
133.69167
144.28070
162.60475
164.95676
169.65662
176.26895
178.75612
192.53429
197.43765
214.10574
20.10092
23.89630
35.93468
59.29513
64.52478
70.87298
87.09839
105.28355
119.99269
122.72333
150.30075
165.70045
177.38943
179.05563
189.79124
200.13674
207.21904
224.60229
237.58277
238.49612
13.40143
21.97494
24.68663
25.15959
65.08644
92.45467
138.93154
147.12477
153.92387
175.08652
179.69472
197.89645
206.04752
229.97200
242.21754
257.97793
269.69017
282.93719
286.82613
287.25165
15.39410
39.49237
59.09754
78.53562
88.04989
112.69531
124.83790
129.31105
133.74480
143.91701
160.86437
162.33217
175.61882
183.37667
193.96892
221.35696
241.00490
241.09622
253.28695
259.66925
43.08135
52.07783
66.58226
72.03914
85.35108
96.58310
96.97626
100.84896
113.79071
129.64480
140.51259
156.02948
168.69863
170.64921
171.33327
207.96684
209.17821
218.74154
222.23805
251.53564
31.87942
72.30138
78.30521
85.22946
97.33552
100.48172
112.51593
118.73324
138.31563
146.99740
174.81689
199.04649
210.18635
218.51005
219.62721
226.62718
235.12525
241.18905
242.12509
261.33921
10.54436
15.63216
33.02414
39.49674
44.82513
57.80549
72.23695
88.72978
91.02044
114.17310
115.19572
116.63485
121.95342
131.34993
143.20711
151.42421
154.18072
165.85869
175.61831
196.50683
