41.43962
79.23204
174.21387
175.22470
47.64932
85.45557
123.87032
125.12239
0.72781
45.42128
139.17066
141.05557
59.43282
72.44466
180.44666
182.64424
29.19175
52.43441
62.76819
65.41174
51.16396
88.23398
93.12865
93.51685
8.46823
46.38307
83.02682
83.14486
29.22413
42.08126
112.58562
112.86888
39.20686
75.29125
81.12063
81.57993
55.33855
61.95698
84.64018
84.72023
62.08625
70.53408
113.50726
115.04185
174.84852
187.38305
208.04511
209.00157
83.03284
159.11086
180.16984
181.10108
25.58891
68.02094
90.57363
91.34310
18.19135
42.34719
183.02784
185.74836
8.05475
138.53572
154.43925
154.64466
1.37356
45.94848
56.60255
57.39441
51.51632
81.37519
81.58743
83.33577
72.35488
74.39697
161.00460
161.24154
20.74977
38.85873
44.11892
44.19845
34.54794
45.70583
50.01074
50.79230
27.18580
98.38056
157.54888
155.14172
9.58415
33.00688
100.57075
101.14706
3.92707
29.17448
128.65912
129.54508
79.24014
96.56461
99.20299
99.80382
55.65953
59.65194
153.79672
155.06062
104.77912
129.92598
156.55052
156.76860
38.97865
48.06417
77.29372
77.43830
2.57097
23.33253
30.85322
33.08083
73.43581
107.06871
108.81352
109.51508
17.05908
113.83125
162.02914
164.52719
34.29194
95.98052
122.52383
123.86902
5.20076
6.64674
54.39064
56.99508
27.86635
65.75833
163.24210
160.12804
34.33642
40.62582
182.70439
183.14613
9.34199
27.19249
37.09430
38.73619
23.42952
32.89573
56.73596
57.13803
33.32892
64.40937
147.58635
148.15095
0.21637
30.69259
185.92229
186.35351
96.40552
147.29112
219.18853
219.67720
97.19047
176.87872
178.05713
178.60389
19.59049
24.03374
51.59230
53.30499
8.07942
47.56166
49.62673
52.83238
7.02304
59.99468
75.15527
75.32422
19.45484
42.31426
56.43977
56.95414
52.69195
70.52845
186.00073
190.88234
16.97940
21.21092
285.61303
285.63938
83.75026
108.57895
119.47630
121.89382
62.11134
133.36894
170.20344
172.73236
11.39382
49.56157
72.82041
73.26246
44.42386
137.30798
166.37469
166.46608
19.69718
35.77412
58.12812
59.63626
23.44793
53.42279
84.20637
84.54868
26.91765
126.56671
178.00789
178.28725
49.49779
124.91563
241.44959
241.45326
9.56250
24.46169
84.81759
85.59143
77.58316
153.36581
164.05710
165.09537
77.03649
89.84190
111.27632
111.52894
63.21928
175.54470
304.04835
304.03317
12.95118
22.77655
48.21913
48.56110
54.37489
55.85477
199.41058
199.86869
29.08112
157.95947
179.74493
180.37996
42.79500
60.34800
130.85801
130.87484
90.93683
105.45351
112.19267
112.23118
57.27311
142.96738
297.39923
299.15922
13.48111
40.57275
82.42136
84.05987
40.59101
160.27990
262.31255
264.97242
16.20362
74.09006
175.35758
177.05875
60.79306
75.67293
112.82992
113.56038
3.96304
41.32647
175.93948
178.07409
30.05590
37.43726
39.90121
41.07510
39.50539
41.49858
114.96993
115.02552
34.98706
82.37233
137.36014
140.04679
87.89450
90.85597
92.34803
94.18275
10.66988
79.69102
87.88609
88.44565
10.75719
16.56223
255.67428
258.27556
6.05286
58.45341
73.98685
74.15257
13.71176
35.66200
38.46799
40.59204
39.39330
47.37305
54.24345
54.62450
6.62779
76.02716
87.51482
88.00159
27.67390
99.67066
258.35593
258.44959
63.36558
152.42278
163.68167
164.06830
47.61682
67.50718
120.00463
121.78037
55.38197
57.45167
108.25527
109.23788
28.21214
87.03427
132.05385
130.03975
78.98697
160.01590
188.38674
189.11276
32.29167
52.55300
61.26274
63.31719
14.39146
160.67726
271.39849
271.73646
10.18693
156.99853
182.87825
182.90453
19.97978
23.20808
86.96506
87.40102
55.93433
64.51749
68.33674
68.50343
77.62506
126.09765
134.53872
134.60579
69.19286
143.91583
146.09545
147.55948
16.25927
59.86109
131.39989
131.97505
13.68871
93.19910
111.14479
114.33754
24.59836
88.58901
107.60927
108.40153
24.79988
53.46281
57.08453
55.36922
7.19411
45.88512
146.90353
148.64426
34.04249
64.92183
81.33420
81.77264
3.84562
45.30317
124.31966
125.51969
