1.95278
16.23629
17.99447
25.66040
28.89629
31.02483
34.56451
34.93412
34.98850
35.01335
35.40994
35.71747
36.09140
36.24588
36.44292
36.45710
36.51683
36.88431
36.99631
37.12117
37.46817
37.56500
38.03541
38.61036
3.79421
17.38642
27.68524
32.95261
43.03483
47.81538
50.44122
50.53154
50.64731
50.78698
50.96791
51.21443
51.67118
52.18202
52.40009
52.43956
52.47023
52.60181
52.69250
52.73044
52.89098
53.02265
53.29043
53.52650
5.18145
10.45357
13.83761
19.02833
22.14784
35.66027
44.42441
44.52950
44.71090
44.81543
44.92051
45.02476
45.15429
45.37334
45.39616
45.74209
45.86026
46.02608
46.44414
46.96916
47.28686
47.33581
47.48738
47.52978
4.80352
10.01613
16.03074
18.43379
19.09784
22.92705
34.69972
34.92904
35.25564
35.57827
35.60427
35.69852
35.72150
35.85342
35.88367
36.06596
36.16042
36.48251
36.49322
36.94727
37.00237
37.28199
37.44067
37.60482
2.20529
14.80731
20.39271
26.12064
38.04083
41.19944
42.85610
43.13264
43.59702
44.06106
44.14966
44.33192
44.52195
44.91048
45.06701
45.47337
45.74810
45.96405
46.19097
46.35503
46.51495
46.54779
46.63377
46.70412
2.50794
4.37406
33.26227
34.96849
45.04196
45.13563
56.54626
56.84056
57.14405
57.39620
57.77459
57.78956
58.05577
58.07587
58.26526
58.39743
58.66235
58.73427
58.87652
59.09261
59.17406
59.32388
59.76717
59.88269
4.92831
7.33973
18.33969
24.01399
25.91295
28.77949
35.55621
35.92082
36.32075
36.42706
36.45848
36.70568
37.33932
37.69508
38.01968
38.33307
38.38937
38.52671
38.70720
38.79218
38.88346
39.06514
39.39521
39.48311
2.12810
4.58131
12.14336
13.36317
17.02026
19.23748
42.16679
42.18572
42.18830
42.45987
42.76305
43.00014
43.22196
43.23368
43.27607
43.41451
43.45295
43.79119
44.18429
44.37220
44.83496
44.86130
45.02397
45.27269
4.96368
5.85357
11.79057
28.43033
29.96767
46.56079
50.75146
51.14964
51.19035
51.21379
51.26262
51.50131
51.68729
51.73658
51.93452
52.09804
52.26753
52.27329
52.36824
52.50280
52.61177
52.69881
52.99023
53.47279
13.88013
18.97860
33.79616
43.51222
45.27536
47.54283
49.20906
49.35922
49.44922
49.61341
49.98997
50.15328
50.37242
50.49980
50.61495
50.99068
51.05487
51.26941
51.45506
51.59792
52.01005
52.02574
52.16801
52.24400
8.26052
8.91737
11.40715
15.90257
22.74599
36.01833
39.51383
39.62559
39.75396
40.02756
40.16333
40.29086
40.54104
40.63236
40.88111
40.90067
40.92259
40.99075
41.14353
41.21017
41.32089
41.44572
41.55116
41.62497
12.25987
16.69641
17.45872
19.37109
22.32566
43.45444
45.83557
45.96314
46.06777
46.16235
46.56438
46.78112
47.23060
47.49191
47.66301
47.95645
48.03610
48.18553
48.31772
48.39513
48.49696
48.55395
48.61901
48.66816
6.28616
9.99924
12.31463
24.20326
27.53839
38.21741
46.48438
47.01514
47.22116
47.48921
47.54141
47.63671
47.96010
48.10734
48.14811
48.32704
48.51910
48.78118
48.89824
49.11397
49.34159
49.53646
49.72288
49.91764
2.15327
5.42528
6.02871
12.62559
22.77823
30.17671
30.58890
30.69447
30.86842
30.90002
30.93365
31.27331
31.40650
31.68718
32.22438
32.43305
32.73632
32.85321
33.04739
33.16840
33.57546
33.60368
33.86356
34.17682
1.65373
4.83059
13.99470
42.23668
44.51324
50.81560
53.77439
53.94466
53.98743
54.45424
54.53671
54.62209
54.78807
54.86076
55.10073
55.44542
55.79777
55.87222
56.08210
56.30100
56.43348
56.64173
57.10150
57.43767
5.32309
8.89373
16.19653
28.85387
30.05931
31.73855
41.80483
41.84949
42.16228
42.49516
42.63814
42.75698
42.76472
42.98443
43.18748
43.36154
43.51999
43.62860
44.32130
44.65969
44.96161
45.09636
45.32854
45.49298
7.06135
12.62166
18.84652
22.04562
23.78699
31.36194
35.15393
35.32688
35.50203
35.66647
35.89016
35.98537
36.12342
36.26908
36.58661
36.74841
36.74953
37.03480
37.40321
37.75580
37.90661
37.97863
38.04629
38.44502
12.29481
20.92471
24.17993
25.78393
39.44907
43.97963
49.10279
49.27862
49.41193
49.77757
49.97048
50.02665
50.16363
50.34267
50.45117
50.58169
50.71431
50.71515
50.96954
51.14875
51.27373
51.42721
51.43596
51.55972
1.40990
11.35019
15.23115
18.39344
19.73719
24.43228
31.17011
31.30413
31.58069
31.72316
32.18826
32.30006
32.56746
32.79115
33.32935
33.62242
33.81651
34.47875
34.54371
34.64456
34.89246
35.04414
35.73722
35.89906
1.62403
8.74280
14.41920
15.26130
29.67069
30.92807
33.64270
33.77516
33.97874
34.30030
34.40781
34.61508
34.75032
34.95893
35.03741
35.24983
35.50949
35.54822
35.55222
35.66566
36.45585
36.64315
36.85143
37.22990
2.98650
6.87027
7.78708
18.46294
20.10417
23.50449
28.79169
29.11393
29.22518
29.27945
29.29374
29.41409
29.50189
29.88092
29.89709
30.39179
30.44190
30.74544
31.10183
31.15400
31.39232
31.56888
31.57388
31.78694
7.79079
14.93951
18.65326
27.70125
31.08520
34.75079
35.81072
35.92520
36.02071
36.15602
36.20045
36.58697
36.83363
37.28851
37.34984
37.62204
38.00445
38.10841
38.32970
38.72426
39.14526
39.51530
39.58384
39.98401
5.11439
9.66475
11.49867
18.05147
20.80997
35.59600
46.40685
46.75096
46.79185
47.00122
47.07408
47.17490
47.31747
47.37723
47.53220
47.54993
47.66396
47.82337
47.94014
47.94643
47.97207
47.98657
48.09197
48.20098
2.16087
8.26183
9.26092
12.75798
15.46608
23.26902
24.81076
24.93028
25.20227
25.41658
25.52569
25.57635
25.60221
25.64902
25.93396
25.97951
26.44694
26.47240
26.48859
26.56083
26.65496
26.84528
26.88558
26.98712
6.65308
11.46874
18.66045
24.51126
36.80311
40.41040
40.72830
40.81302
41.06946
41.13338
41.24895
41.35713
41.66907
41.67016
41.88003
42.03635
42.27782
42.35947
42.58039
43.04588
43.13115
43.61217
43.88201
44.56251
12.06758
14.86461
15.10192
16.09170
19.53800
37.57146
38.11394
38.20089
38.34152
38.48209
38.58003
38.63408
38.69253
38.87155
38.99149
39.47031
39.67688
39.90511
40.22108
40.52493
40.64569
40.78018
41.00573
41.29430
6.43305
8.57016
9.31544
16.76600
19.51427
21.45246
32.05518
32.13367
32.30300
32.38715
32.53686
32.60173
32.91581
33.11039
33.34486
33.78839
33.89453
34.13542
34.58678
35.06042
35.23276
35.59255
35.73558
35.78973
0.72154
11.82613
15.98977
19.07654
23.37811
25.12846
27.90759
27.97249
28.12201
28.12557
28.25857
28.47235
28.55272
28.82638
29.14231
29.34573
29.84770
30.05111
30.16977
30.36946
30.37320
30.60332
31.00312
31.13868
5.30954
6.01677
28.62796
31.77626
46.24763
49.80243
63.40299
63.78449
64.04918
64.12890
64.19736
64.55592
64.58032
64.62432
64.73407
65.17347
65.38864
65.44089
65.46616
65.96491
66.17745
66.41000
66.71910
66.92886
6.38583
10.38064
18.60490
23.31012
27.85232
32.39557
42.09159
42.56337
42.89964
43.14726
43.33649
43.53131
44.07490
44.10232
44.70492
44.80957
45.06384
45.17576
45.37322
45.66056
45.76918
46.49631
46.52127
46.56565
4.13898
11.80502
13.79697
17.26959
17.39578
28.52640
30.01254
30.08526
30.36917
30.47808
30.65303
30.91378
31.09226
31.55637
31.96370
32.28299
32.31528
32.35477
32.49158
32.62161
32.90061
33.08449
33.35581
33.41650
1.97563
8.67030
19.36712
30.84977
34.76620
50.19476
58.55041
58.61063
58.62290
58.73219
58.83069
59.04671
59.20983
59.40084
59.70413
59.93220
59.96034
60.03962
60.15973
60.30673
60.54645
60.57173
60.86376
60.89833
1.71834
7.90218
9.86583
11.54839
15.77512
17.13637
21.22252
21.36630
21.58965
21.72517
21.81952
22.28683
22.39581
22.55827
22.69758
22.99998
23.42338
23.68714
23.76249
24.03203
24.39518
24.40387
24.64375
24.83215
0.37370
22.21854
22.31996
23.98937
28.38433
36.43091
40.67406
40.75886
41.47009
41.83780
42.08894
42.61346
42.81891
42.87199
43.00611
43.16298
43.21764
43.42157
43.56174
43.86827
43.94291
44.06157
44.51709
44.66654
1.64301
3.87300
23.23642
28.84027
44.67263
49.80944
61.86259
62.16816
62.29091
62.40219
62.56132
62.83976
62.85817
63.11580
63.22301
63.31029
63.75929
64.15166
64.24252
64.26457
64.40599
64.82357
64.98849
65.07738
6.83929
7.47386
13.68090
20.03506
21.40977
30.52200
35.53402
35.58369
35.80862
35.95198
36.04849
36.34749
36.42226
36.43130
36.79294
36.86696
36.86736
37.22773
37.67705
37.72183
37.79665
37.93790
37.99921
38.25068
13.88288
15.96715
23.65813
28.88849
32.71941
37.85931
43.99710
44.00583
44.19356
44.44563
44.55418
44.64519
44.64559
44.77802
45.89407
46.03310
46.39722
46.47794
46.86419
46.88393
46.97795
47.09313
47.13177
47.56796
20.54862
24.99283
28.41343
31.59666
32.38062
36.67538
47.91689
47.97005
47.97061
48.53048
48.98896
49.16182
49.48630
49.50554
49.58005
49.83381
50.25336
50.28179
50.39822
50.53362
50.61557
50.69188
50.98246
51.08247
7.50865
7.97601
15.45569
29.03656
32.61595
35.35720
41.19166
41.40254
41.56641
41.73702
41.75893
41.87740
42.18718
42.22075
42.40803
42.72432
42.87392
43.04405
43.22115
43.27475
43.33673
43.46411
43.61758
43.81473
1.33884
10.34692
33.10827
35.94399
38.68876
41.47147
51.09528
51.13024
51.48824
51.63006
51.74014
51.82352
52.05474
52.36158
52.50478
52.58589
52.62129
52.90048
52.90439
53.12351
53.29809
53.56057
53.70084
53.95102
5.14850
6.19662
8.06034
8.38730
9.10809
11.80041
12.67546
13.03463
13.13284
13.34841
13.44559
13.55376
13.57695
13.71651
14.11131
14.61230
14.71232
14.90462
15.07938
15.09323
15.27050
15.37219
15.70607
15.91468
6.13403
10.95006
17.40156
19.58306
23.33199
26.24908
32.09959
32.48687
32.81376
32.94475
33.16322
33.41476
33.49663
33.71254
33.76410
34.08237
34.18965
34.38231
34.51014
34.51926
34.68945
34.97571
35.04342
35.10864
15.31992
20.51384
22.37794
25.78032
26.76944
30.36766
31.03672
31.16917
31.29215
31.52943
31.73605
31.77448
31.88188
31.98878
32.04160
32.19698
32.29338
32.70879
32.83630
33.06988
33.24536
33.48281
33.98019
34.37851
2.57591
6.08858
18.55041
20.29404
21.90804
24.81249
30.10760
30.34051
30.41673
30.88309
31.16579
31.56478
31.71574
32.04751
32.27613
32.88393
32.88411
33.42694
33.89987
34.26472
34.77130
34.94331
35.17032
35.23688
10.03909
11.73472
28.59069
36.94039
43.48600
47.86837
58.10555
58.19170
58.23623
58.28176
58.44514
58.53147
58.64959
58.69010
58.91442
58.95017
59.00442
59.02864
59.39387
59.71169
59.95761
60.01297
60.43633
60.77599
6.84359
10.09310
12.53771
14.59764
19.45733
31.35239
35.70356
35.75514
35.97781
36.15534
36.37006
36.47173
36.60858
36.67365
37.33829
37.48139
37.69042
38.07570
38.14712
38.59916
38.77845
39.01979
39.07664
39.37232
13.52741
15.28630
18.17464
21.27076
26.44411
30.29238
38.58792
38.73907
38.74821
39.04438
39.31483
39.58791
39.68423
39.99652
40.05264
40.21212
40.62237
40.80774
40.93171
40.98323
41.51823
41.58619
41.75855
42.02746
12.44929
16.44713
31.05756
32.36410
54.76502
70.90720
76.55509
76.92257
76.96109
77.01324
77.60649
77.73723
77.88800
78.17032
78.27916
78.54496
78.57929
78.68997
78.74558
78.89787
78.96296
79.11330
79.41807
79.63941
1.67104
17.58975
22.08169
23.83100
24.28927
25.82726
30.55763
31.04228
31.72701
31.94880
32.30010
32.41624
32.71905
32.84746
32.98918
33.25062
33.50035
33.76567
33.83003
33.86472
34.18136
34.58729
34.72146
35.25947
3.48577
15.59378
21.36224
22.93053
28.44513
47.51467
47.96279
48.39278
48.67384
48.85720
49.13424
49.24179
49.35459
49.51890
49.53366
49.54860
49.63054
50.10053
50.14559
50.16793
50.40017
50.75332
50.91306
51.07885
3.19641
3.93976
6.42431
22.08418
25.35504
26.00663
30.23082
30.59512
31.02090
31.30815
31.37509
31.41082
31.50283
31.79973
31.97055
32.06370
32.27343
32.43683
32.49178
32.76924
33.14429
33.35998
33.54315
33.79625
10.79466
12.75072
13.63630
19.50587
21.08865
26.10548
33.41792
33.57559
33.70043
33.70541
33.73402
34.03203
34.10095
34.19401
34.29102
34.53289
34.86944
35.12566
35.37864
35.60039
35.68714
35.87860
36.08026
36.12008
0.65483
14.30536
16.14293
16.77047
22.35623
27.34298
35.57668
35.95962
36.55111
36.85464
37.00044
37.35638
37.53531
37.56292
37.65261
37.79035
37.91017
38.05866
38.60158
38.86528
38.93811
39.04547
39.53453
40.08658
6.59757
10.58616
12.26947
14.49389
20.44298
26.55238
31.11876
31.39217
31.60365
31.61722
31.76371
31.91814
31.95424
32.27109
32.46667
32.63521
32.89410
33.06317
33.22275
33.32975
33.33751
33.46043
33.63272
33.80199
0.55386
6.64062
15.63754
21.48743
21.81703
31.23916
33.83379
33.84669
33.98862
34.19896
34.40076
34.51282
34.61186
35.23311
35.39202
35.47711
35.49828
35.74188
35.89395
35.99697
36.07621
36.25432
36.46050
36.64556
7.16907
11.19810
18.13055
19.71880
23.60934
30.75878
33.89249
34.05743
34.09994
34.25536
34.61835
34.66664
34.87565
34.94148
35.37901
35.38329
35.52023
35.65180
35.74351
36.28245
36.52841
36.61505
36.81952
36.96208
3.21947
4.73766
11.55764
16.67565
38.57973
44.19063
46.32836
46.45129
46.66375
46.96075
47.08402
47.65214
47.82658
48.61885
48.84867
48.94547
49.30043
49.42663
49.56292
49.72974
50.19190
50.39089
50.50972
50.67212
1.56264
3.10203
6.00953
12.57137
20.93444
29.01900
29.35720
29.96779
30.47672
30.64556
31.05915
31.20369
31.55143
31.63962
32.10213
32.50406
32.51291
32.54017
32.58690
32.81074
33.07680
33.30340
33.64105
33.83492
14.71305
17.38807
29.10774
32.64583
38.43363
40.16143
46.43548
46.45293
46.99145
47.36099
47.58031
47.79775
47.87405
48.10689
48.30507
48.38386
48.41681
48.51698
48.89265
49.00724
49.27098
49.55676
49.57283
49.69601
1.02769
2.84674
5.78983
12.98615
13.73276
16.46432
27.38843
27.50581
27.59695
27.76902
27.83710
27.93738
28.07016
28.24261
28.41753
28.49568
28.99950
29.13823
29.15781
29.43255
29.45509
29.54598
29.67660
29.69623
4.02353
17.69761
20.46838
29.68392
34.34368
43.24733
49.93588
50.57847
50.99837
51.19693
51.43681
51.79494
52.13381
52.36340
52.77187
53.00649
53.11605
53.42398
53.47293
53.72000
53.77754
53.87804
54.18209
54.25068
5.07230
5.49351
9.99494
25.35666
29.36604
35.39111
39.06934
39.53284
39.91244
40.12293
40.72185
40.94182
41.04787
41.24254
41.55721
41.59055
41.69573
41.72869
41.80059
41.93306
42.07380
42.48395
42.65080
42.65830
5.71724
7.42180
14.19089
16.34669
18.42143
22.83661
26.44593
26.61995
27.02225
27.21114
27.52855
27.71945
27.92338
28.05351
28.08865
28.24969
28.53487
28.85561
28.94219
29.72628
30.04484
30.16959
30.52403
30.56611
15.23421
28.67679
36.95235
39.21024
40.28853
46.41603
47.92194
48.10569
48.21811
48.32666
48.33859
48.52258
48.68868
48.82489
48.86554
48.99918
49.09653
49.51795
50.06150
50.42342
50.65179
51.09788
51.56089
51.72266
4.85506
14.49670
16.80376
20.80412
20.90202
22.64570
29.17030
29.31436
29.50047
29.78870
29.78991
30.12471
30.33730
30.37332
30.66159
30.87456
30.94217
31.07988
31.39924
31.40078
31.75229
31.93614
32.02053
32.13741
6.90246
8.83331
11.09581
15.49384
23.29433
23.94070
28.69301
29.15473
29.43924
29.66707
29.81314
30.02285
30.13252
30.38690
30.82994
30.95581
31.17631
31.23925
31.24214
31.31630
31.50788
31.51381
31.84719
31.95134
3.94233
5.49713
13.35838
15.12145
25.05055
27.17016
35.75980
35.88384
35.91818
36.18167
36.49016
37.02689
37.10311
37.14550
37.18187
37.38568
37.61788
37.78728
38.31800
38.61964
38.62067
38.73465
38.84576
38.91363
1.93942
6.76680
15.74824
17.32916
20.32056
24.10088
24.89920
25.18108
25.39124
25.43229
25.48428
25.61521
25.72034
25.88816
26.17406
26.26014
26.26927
26.50864
26.78724
27.15435
27.54753
27.68272
27.79919
27.86600
2.46375
10.99491
16.86878
21.32535
23.09541
23.32284
31.63012
31.76563
31.90825
31.96983
32.08342
32.28940
32.42054
32.95342
33.00655
33.00782
33.15895
33.31385
33.38593
33.46389
33.69850
34.28325
34.28329
34.40229
3.28108
9.55710
14.61713
15.59467
18.66016
24.67953
28.51226
28.99966
29.03547
29.61177
29.79269
29.89502
30.05131
30.32166
30.42217
30.56854
30.74973
30.76814
30.83804
30.92845
31.12012
31.54428
31.61625
31.77146
3.39064
11.30148
14.88828
22.18169
34.25781
40.87696
45.45605
45.66669
46.24604
46.28220
46.47446
46.67448
46.82968
47.00957
47.05999
47.23223
47.73651
47.98589
48.10190
48.36386
48.94210
49.01291
49.49275
49.56098
8.56010
15.28276
15.37307
18.42087
22.21775
23.68989
28.44631
29.47697
29.56536
30.13505
30.54127
30.66736
30.90058
30.93600
31.00553
31.28231
31.38242
31.45784
31.54864
31.63303
31.88183
32.01109
32.38413
32.59786
6.72992
18.89675
39.69340
40.49947
41.66413
44.03859
47.53333
47.57689
48.08492
48.14898
48.55579
48.73708
48.81982
49.07689
49.35578
49.48644
49.66852
49.76182
50.04483
50.14902
50.42207
50.57207
50.96933
51.17222
4.81177
14.51396
20.06167
27.36913
32.84113
38.97124
48.36131
48.58173
48.67014
48.86716
48.88017
49.31290
49.60128
49.67259
49.80276
49.85729
49.98691
50.16771
50.44020
50.54517
50.88719
50.99808
51.15789
51.23156
0.63002
5.31128
9.11704
11.98282
20.93880
25.50379
41.79286
42.09231
42.23951
42.36713
42.46019
42.67089
42.67117
42.99825
43.40282
43.64040
43.91771
43.94772
44.48814
44.57221
44.79046
45.17610
45.45840
45.61195
4.04587
5.81136
19.93990
21.47132
25.60224
28.63590
34.82995
34.85278
35.43193
35.56579
35.63535
35.65989
35.67630
35.94168
36.02893
36.19684
36.23250
36.42794
37.02411
37.08217
37.21730
37.26920
37.71516
37.81049
2.58147
10.14497
11.75429
16.66648
20.72719
22.42271
28.50199
29.07080
29.30560
29.31326
29.55953
29.65966
29.87358
29.94903
30.11332
30.41570
30.41817
30.52873
30.86109
30.97957
31.32560
31.48345
31.55323
31.84065
3.09478
4.57385
15.23480
17.81110
22.30591
27.07972
32.48563
32.54286
33.18034
33.23681
33.47129
33.89969
34.16940
34.31601
34.40429
34.52048
34.56977
34.81085
34.86337
34.95947
35.24629
35.35480
35.52182
35.63579
4.94189
8.88025
12.67077
20.65218
24.40699
35.98233
45.61763
46.00623
46.23536
46.40464
46.56709
46.65191
47.26086
47.52917
47.62288
47.90066
48.05048
48.53329
48.57844
48.78504
48.81812
48.94247
49.05245
49.08429
9.57765
13.63585
14.98547
20.78402
20.98549
21.42832
39.38331
39.49421
39.51237
39.53716
40.10044
40.14870
40.37754
40.54752
40.64924
40.85856
41.03954
41.20296
41.29700
41.43253
41.84159
41.88161
41.99433
42.12608
6.28582
8.33392
15.38795
18.53680
32.51927
36.37410
40.12533
40.14864
40.25769
40.63562
40.94098
41.16159
41.33905
41.56948
41.66994
41.71917
41.92126
41.99152
42.08761
42.19757
42.27225
42.41632
42.60090
42.71112
2.31220
10.12877
17.92467
20.55327
26.59800
30.76473
37.33241
37.48562
37.61787
37.78429
37.94883
38.02542
38.57044
38.80714
38.96400
39.08448
39.16399
39.32539
39.46934
39.51255
39.57921
39.78040
39.79854
39.89771
2.50890
5.52944
8.34339
15.31963
20.49477
25.51493
28.00789
28.03895
28.12773
28.21050
28.27170
28.35562
28.48445
28.66167
28.66382
28.87297
29.03195
29.12560
29.40768
29.75308
30.19332
30.34433
30.66232
30.85179
2.12442
2.98453
8.45014
17.65776
23.20411
26.30631
26.56525
26.59936
26.80111
26.93286
27.01402
27.16508
27.30008
27.30688
27.42177
27.76284
27.78630
27.80554
28.12619
28.58727
28.84714
29.27686
29.65812
29.91279
3.32579
5.23267
6.40401
7.45806
8.27819
11.90680
30.55965
30.70901
30.73268
30.74045
30.86807
31.11097
31.18944
31.46024
31.77384
31.88408
32.03247
32.42380
32.63611
32.82886
32.89676
33.13206
33.17831
33.26121
2.30877
2.55062
10.83351
28.83274
37.08071
38.15412
41.31238
41.61066
41.72473
41.84921
42.19884
42.52841
42.67333
43.05519
43.11393
43.49746
43.60844
43.74049
44.17849
44.22849
44.39624
44.71543
45.13438
45.48721
2.40072
3.64962
6.14316
14.38275
17.68277
21.10650
28.92700
29.01790
29.03990
29.28283
30.01620
30.08425
30.26181
30.27738
30.58036
30.62358
30.76339
31.03219
31.23191
31.46343
31.61673
31.85147
31.90782
32.21493
7.15732
8.07203
12.74445
15.33723
19.20132
23.31783
37.20203
37.47098
37.57699
37.79502
37.80213
38.12439
38.42951
38.48919
38.87379
38.92564
39.33885
39.42746
39.54904
39.67863
40.00660
40.14650
40.17218
40.28117
7.15613
13.54206
22.86044
31.19968
47.18270
51.77745
52.90068
52.98202
53.23719
53.40450
53.48146
53.64119
53.96149
54.37434
54.61311
54.62930
55.22704
55.33496
55.35824
55.45991
55.81016
55.92901
56.01661
56.24092
5.63477
8.99787
28.74076
30.50337
33.51847
39.65041
46.09257
46.65215
46.72767
46.77255
46.94177
46.96895
47.01809
47.10224
47.26030
47.33597
47.51708
47.70489
47.94001
48.09932
48.17174
48.22700
48.54079
48.69837
11.18523
13.89468
23.91835
27.97649
28.82580
31.91423
35.40252
35.42347
35.44322
35.88098
36.18460
36.41751
36.66854
36.92103
37.21817
37.26001
37.52815
37.62941
37.74715
37.96262
38.03561
38.07331
38.47163
38.57183
3.01412
12.94705
15.75385
23.86164
25.81260
33.81252
35.77896
35.80399
35.87221
36.09412
36.39103
36.44119
36.78795
36.96450
37.12027
37.46247
37.94473
37.99214
38.20000
38.54798
38.83573
39.12304
39.35142
39.43199
1.55911
3.89262
5.72657
12.00636
18.64621
19.77207
23.90567
23.96257
24.17675
24.33692
24.40374
24.63504
24.75729
25.14450
25.15535
25.35384
25.48961
25.61533
25.64530
25.82651
26.20793
26.40288
26.50711
26.51219
0.73285
3.68819
21.12585
21.93516
27.34916
35.39361
42.30225
42.38968
42.49777
42.72721
43.01333
43.25763
43.38697
43.59354
43.69055
43.93546
44.59392
44.81787
44.97084
45.00866
45.02615
45.04520
45.07883
45.35386
2.54602
7.03995
9.68436
13.64939
27.97891
30.26325
32.03057
32.23499
32.61601
32.65089
32.76301
32.87825
33.16001
33.26854
33.27528
33.34652
33.57863
33.69738
34.06681
34.11917
34.33689
34.34293
34.63616
34.63701
4.61698
12.18690
16.15687
23.14427
27.72033
31.43794
36.79670
36.90673
36.94235
37.12668
37.24557
37.29033
37.51132
37.93677
38.14205
38.28554
38.35737
38.49811
38.51436
38.77127
39.30272
39.91055
40.13445
40.31955
0.51294
3.80826
8.04218
11.83074
30.56583
31.68873
39.22539
39.49801
39.61222
39.84630
40.03559
40.08204
40.45489
40.66504
40.68287
40.68645
40.86631
41.11479
41.49794
41.65268
42.10952
42.28097
42.41362
42.55957
2.13749
10.07493
10.29661
18.68638
29.45841
33.54788
40.38269
40.49016
40.57726
40.91453
41.19835
41.40852
41.63596
41.86963
42.08422
42.26523
42.53082
42.86441
43.02630
43.42101
43.51210
43.73175
43.83622
44.04024
6.77037
10.93795
15.41031
21.35538
23.06741
23.81572
38.56581
39.07823
39.14423
39.64809
39.90894
40.04465
40.05751
40.19801
40.24283
40.29997
40.33098
40.51135
40.59307
40.82194
40.97797
41.22010
41.22408
41.37609
7.62811
11.44232
14.26275
20.07383
29.60371
35.97152
44.25420
44.37244
44.55920
44.61866
44.99899
45.13245
45.36674
45.49108
45.56699
45.69339
45.86065
46.01737
46.20013
46.27943
46.61096
46.94055
47.16471
47.36863
