1.44697
1.44700
3.03544
4.61813
4.65247
4.68685
6.60776
7.99322
8.92140
9.87056
0.45276
1.23913
2.96387
3.34518
4.98411
5.77722
6.26220
6.88358
7.90591
8.24946
0.51624
4.15931
4.30217
4.33341
4.65661
6.69013
7.55416
8.88101
9.37238
9.39804
0.88574
1.09264
2.06713
4.23688
5.61475
6.59100
7.36322
8.09273
9.50897
9.94605
0.82765
2.93756
7.78657
10.02434
10.58264
13.26072
13.74702
16.06173
16.56347
17.52430
3.26459
3.66199
4.45226
5.61264
8.43704
8.47624
10.72149
12.13842
13.15216
14.37430
1.84890
2.15541
2.24070
3.31435
4.32190
4.63969
8.02378
11.16231
13.28485
13.41401
2.14262
2.69705
2.86013
4.38613
5.16607
6.62678
8.65234
13.08009
15.50375
16.61274
1.86119
3.25493
3.27145
3.56794
4.99888
5.75236
7.11742
9.19532
9.45825
9.54168
0.59118
3.23105
5.02164
7.10324
9.54083
10.25845
10.79187
11.29925
12.17736
12.24802
0.03105
0.28508
1.47797
1.51273
2.09567
4.42843
5.39937
7.69196
12.04807
15.36887
1.63660
3.04686
6.70330
7.06746
10.22570
11.24275
11.42484
11.43229
13.15375
13.29148
1.27464
5.78819
6.95440
8.33804
8.66548
9.41983
11.11697
12.63015
13.54565
14.16125
0.39024
1.46183
2.63058
3.18999
5.12256
6.36156
6.84563
7.35644
8.17442
9.23031
1.65948
1.87579
4.75377
5.45615
5.79182
6.13396
7.80024
10.43656
12.88371
14.49416
0.79633
2.08606
3.53932
4.38454
9.86588
11.99319
11.99699
14.40287
16.74170
17.02281
1.28130
1.40466
2.38832
3.18082
6.05603
7.98280
8.82857
8.90097
9.25144
12.83675
0.38283
2.39596
2.40155
5.67620
11.33260
11.82032
12.82683
13.56805
15.41460
15.96384
0.24462
3.89847
10.44787
13.88171
15.18489
16.97270
19.80827
22.15478
22.70036
24.63247
0.14208
2.68451
4.17890
5.40759
6.34459
7.44415
7.58362
7.61993
8.65843
11.34316
2.50829
2.66961
3.38195
3.81448
6.75632
6.88912
7.42811
8.96653
9.66679
11.44238
2.39153
2.93180
4.96852
5.64879
5.64893
6.45592
8.70098
9.39953
10.44591
10.53813
1.34121
2.55329
3.54155
3.54622
4.78799
6.77639
6.87677
8.68160
9.37408
9.78424
0.10952
0.37728
1.98018
1.98624
2.27339
2.45145
3.97609
4.68701
5.12911
5.43659
0.63793
1.01807
3.25074
3.81920
5.70498
7.07326
7.08586
7.09215
7.13750
8.05565
1.64835
2.91849
4.14209
5.28528
6.03958
7.37012
7.83917
9.59000
10.30167
10.81962
1.44106
2.22140
4.03113
4.20202
5.09510
5.46692
6.32931
10.95199
11.59979
11.92850
1.07245
3.59084
3.84945
5.90264
7.17661
7.59786
15.92979
16.15353
17.16978
18.32066
0.47561
2.41985
4.15282
5.80637
6.59079
7.52499
8.92618
10.07048
10.13836
10.96867
4.33180
5.07145
8.10075
11.85448
11.91202
13.75424
14.57850
15.59684
16.43571
16.44698
2.52720
3.44445
5.73355
8.39952
12.05394
13.24687
13.67486
15.03871
15.73913
17.66331
0.09055
1.05559
1.79358
2.99385
4.36110
6.18641
7.43902
9.01063
10.94274
12.88209
1.10821
2.35313
2.56569
4.84631
8.36503
13.34406
14.38980
14.68501
15.11662
20.44322
0.08765
0.53568
2.60913
6.75922
6.86696
8.26281
9.98546
10.83421
12.06296
14.50729
2.07975
2.22326
4.48989
6.78096
7.49636
8.72970
12.74058
14.57993
14.83672
16.35705
0.24420
2.52841
4.26566
4.38591
5.04953
5.48829
8.58000
10.99393
11.36393
13.10397
2.48505
3.47713
3.99370
4.69561
6.04602
6.39917
6.45937
7.47642
8.53567
10.44586
1.77517
2.23235
3.91277
6.71250
6.73064
9.16711
10.79666
10.84820
12.09168
13.45500
1.49985
6.26757
9.44901
11.18598
11.36743
12.01679
12.24251
18.27919
19.46222
22.40620
0.96115
1.11431
2.63204
3.72654
5.10258
6.51619
6.51657
8.79267
9.07495
11.03539
0.68722
4.18432
4.52856
5.01633
6.71674
6.91159
11.37248
12.02784
12.03731
13.06341
0.02658
2.57062
4.87612
5.16078
5.58036
5.79828
6.84786
7.46363
8.01133
8.10507
2.51274
3.59903
3.99340
6.30677
7.52492
8.67938
10.14693
13.89869
14.71232
16.91477
0.43288
1.83447
4.02102
4.74569
5.09380
7.67243
8.46225
9.75547
10.71309
11.55675
0.21255
0.77263
1.42673
1.49623
2.25340
2.28529
3.50587
8.57747
8.60630
9.83687
2.85549
4.15697
4.70159
4.77765
5.32526
8.09483
8.51708
9.58857
10.00716
11.74573
3.00412
4.76822
6.83597
7.29508
7.34769
10.82066
13.67751
14.02221
14.18486
14.63737
0.56645
1.49144
2.59865
3.17518
4.07560
5.14046
5.76675
6.28131
8.25459
9.08613
1.06354
1.63477
3.17655
3.46477
4.88626
7.06341
10.04392
10.23996
11.04017
11.31766
0.54570
0.55393
1.50990
2.58269
3.17414
4.85366
9.55237
13.99818
15.04623
15.63155
1.21728
7.76396
8.67396
11.12432
13.21328
17.52721
18.66406
18.99111
19.13870
19.84188
1.49775
2.61449
2.85364
3.37757
3.83189
5.10843
5.71811
6.25685
6.78895
7.28690
0.51908
1.37770
4.59281
6.13901
6.43231
6.92250
9.30762
9.42627
9.56400
10.91217
3.84822
5.04464
5.28658
5.71448
7.37074
8.35213
10.24360
11.24235
12.08382
12.59606
0.96584
1.72057
3.64608
4.38463
4.57695
4.99940
5.40218
7.65802
10.37461
10.63884
2.42537
4.79981
7.21063
8.53457
10.00138
13.93225
14.96636
15.25479
15.29335
17.26303
2.77857
2.90986
3.14333
3.26419
6.28545
7.99941
8.58336
10.57861
10.58462
10.75198
4.34133
6.47123
6.47626
8.02241
9.89039
10.33524
10.37319
11.01399
11.56363
12.28899
0.14776
0.17507
0.18260
1.44137
3.69897
4.59050
6.00588
6.46273
6.93813
9.00463
0.49200
2.62729
9.23880
11.65893
13.31893
16.97861
17.51231
19.63875
20.41979
20.80950
1.57305
3.41321
3.43240
4.38554
7.81896
8.59642
10.02067
12.02725
13.23030
14.55690
0.71999
0.96642
1.09206
3.54735
7.65579
8.74533
8.84783
8.94945
9.63309
12.33201
1.92626
3.67438
3.98690
5.10127
5.10350
7.20032
7.64343
8.89831
8.98923
9.42244
1.06391
3.12550
6.16400
8.69026
9.72449
12.48355
12.48359
13.00223
14.28324
14.55881
0.18233
1.33524
1.42941
1.55028
3.93941
8.23929
8.26534
13.38034
13.57223
14.92204
4.26490
5.30397
7.58111
8.56485
10.67929
15.21829
15.94807
16.33621
17.69234
18.44876
0.31313
1.86534
3.31947
5.02810
7.96499
8.58699
9.00074
9.28556
9.67670
10.76530
0.98392
1.72899
1.95064
2.19664
3.33748
3.95698
4.21924
6.43589
6.72992
9.70691
3.49360
4.35225
5.80888
7.06209
7.38299
7.89482
8.58410
9.16438
10.45052
11.64914
0.60623
0.62407
3.18580
3.59937
4.43971
4.92942
5.10258
5.26588
5.95672
7.71879
1.38738
3.62792
9.23994
10.12304
10.50018
10.96104
11.94394
13.71008
14.22549
17.16078
1.98820
2.01136
3.70700
4.92434
8.62163
9.15320
9.40285
11.79175
12.67588
13.96456
5.07991
5.27858
5.64629
7.24680
7.30075
10.40416
10.94105
11.14640
11.80973
14.09350
2.35359
3.99284
4.98880
5.38588
6.09219
6.43820
10.30040
11.10241
14.38430
15.26744
0.87455
2.48130
2.71677
3.99694
4.81686
6.10924
6.69472
6.82707
9.32039
10.24727
3.58042
3.64104
4.23417
6.40611
8.49006
9.00954
9.44036
10.33016
10.71050
11.94860
2.10554
3.11826
4.53135
4.82179
5.48691
6.67778
8.49342
8.99125
11.03487
11.82074
1.30457
1.59143
3.78391
5.64749
7.42764
7.99279
8.56937
8.63918
8.63918
11.78086
0.71700
2.23749
3.81691
4.09897
4.54465
4.83092
7.06384
7.13598
10.28689
12.66320
0.36647
2.06230
2.69186
2.81529
5.17738
5.97989
6.20685
8.23061
8.80719
9.41619
1.98642
2.39815
2.41480
3.64440
7.48384
7.48436
10.08042
11.01113
15.28082
19.38316
1.66141
2.33922
3.48745
3.48786
3.50259
4.15243
4.94303
5.35493
5.65492
6.44324
0.59400
1.74825
2.73780
4.45950
5.28080
5.39321
8.92280
11.12454
12.87687
13.08380
0.66775
1.65213
5.86574
9.52742
10.07141
11.32305
11.55690
16.14270
17.24033
18.15514
0.06007
1.50813
3.27336
4.07526
5.13362
5.53000
8.81864
8.98794
9.94743
9.96456
5.71662
5.74173
6.87208
7.27763
7.49881
8.43943
10.44498
12.89918
13.68333
16.15489
0.93040
3.78322
4.20975
5.50616
7.11367
7.26306
7.33947
8.79776
11.38660
12.89364
1.85188
2.48290
4.84891
6.77129
10.62968
11.98375
12.03819
12.23635
12.50095
13.89620
2.81568
5.96134
6.68631
7.49538
7.82306
10.93395
13.98261
15.42232
18.10894
18.22282
0.52966
2.95570
3.56188
4.87037
5.05706
7.11574
7.80071
8.19376
9.79030
10.13225
1.35477
2.25290
3.91156
4.64010
5.99670
8.96950
9.24822
13.73326
14.49645
15.15166
1.24809
3.34365
3.42895
3.61628
5.73608
9.20685
11.47717
11.82905
12.95689
13.54776
1.05996
3.85349
6.47201
7.61946
9.38779
13.06886
15.97847
20.19813
22.89256
23.18527
2.22121
5.17492
6.47927
7.08996
8.50407
8.56950
8.85293
8.86553
11.36945
12.10623
0.11771
1.00425
4.55723
4.78301
4.81128
4.98408
5.51293
5.63365
6.49112
6.90422
0.55741
1.08863
1.17426
2.05844
3.49600
4.78659
4.82109
5.17877
5.34527
6.75910
0.10657
0.66253
1.78472
4.98672
5.38952
5.77394
7.07065
10.69263
11.70557
12.22907
1.63037
2.15446
3.91468
5.51329
7.52538
9.00953
11.08240
11.76155
13.32514
13.72481
1.05449
2.46212
3.31755
6.39135
7.57784
8.43399
8.55919
8.69230
11.96461
12.73310
1.53476
2.43713
2.80415
3.85221
3.86662
5.36528
6.33859
6.79660
7.60197
7.66422
