22.10460
35.31554
56.15359
68.20289
76.39041
79.89450
87.61307
93.70038
99.43006
109.60547
4.61278
34.19779
43.30489
43.38628
43.88588
61.03016
87.49212
119.87060
-1.00000
-1.00000
1.54004
8.59943
20.82999
53.13872
53.84189
56.79069
65.39961
77.47008
80.62216
95.84012
19.86411
26.79773
27.24449
57.91225
61.77094
69.71922
110.05764
113.59400
117.25022
120.44919
18.41195
20.22748
-1.00000
-1.00000
-1.00000
-1.00000
-1.00000
-1.00000
-1.00000
-1.00000
4.72435
9.31781
7.27974
15.93069
33.47007
35.36771
41.94597
55.24662
59.03853
90.27236
33.78292
51.11036
67.60338
74.98060
79.84185
89.33681
103.85234
108.31473
136.75091
149.18810
1.85382
5.57598
6.95372
18.75473
24.26123
29.25385
47.30492
53.34020
64.48173
88.43678
3.37987
9.95394
25.85641
28.04807
28.54433
29.55522
31.00902
31.18160
52.07596
59.03185
20.79524
27.94533
52.34217
52.74303
55.29193
64.56727
78.97356
83.02320
85.91217
86.51601
3.93596
6.41996
8.28937
18.07593
31.11708
33.94790
46.10025
51.24635
61.02681
79.33862
12.40206
13.86681
23.35331
26.41028
41.80809
46.23856
58.35285
62.30349
68.12451
89.33133
4.47496
12.49900
29.00053
35.18130
35.73501
77.59740
77.72693
86.45382
87.06898
87.13736
11.82622
15.69915
29.41186
29.84310
50.70420
52.79703
63.41545
87.76172
97.45364
104.24411
4.11002
8.01668
34.80560
55.00424
56.29679
66.28289
80.69262
84.03959
84.64550
106.75856
2.74546
8.79236
9.57970
11.61840
25.06794
39.09023
49.10544
49.47151
53.45141
60.75071
22.86547
25.04603
28.17773
47.56082
58.77278
70.12241
85.32342
104.00019
133.23372
135.62018
9.78395
24.80032
26.15814
27.36134
40.88518
55.97556
64.04276
81.58147
99.56235
98.32211
32.96362
64.74150
65.88649
71.96382
77.41133
78.12660
78.61122
80.47102
-1.00000
-1.00000
15.50360
15.84133
32.84686
60.02562
62.08832
70.79123
90.57252
92.66218
98.71283
103.80665
16.66264
17.83775
22.34227
28.53157
45.86580
57.34246
59.52006
62.94360
89.65245
98.05651
4.53759
8.10540
21.24618
22.77670
34.32736
35.20032
72.97406
80.52610
83.99568
132.48748
12.43659
23.45041
27.42154
39.30963
48.86597
55.40383
66.54071
75.91547
78.17481
85.96828
8.32972
23.74448
54.64706
63.09353
65.62828
72.70665
81.47719
83.60618
84.57878
92.96792
6.04522
19.98597
34.20451
-1.00000
-1.00000
-1.00000
-1.00000
-1.00000
-1.00000
-1.00000
2.14647
7.93133
26.89479
27.17701
30.45934
30.91897
52.98850
55.34535
56.34301
70.71660
11.30832
39.33062
56.82649
120.27142
134.51291
144.27728
176.31473
175.64572
177.08236
196.25746
6.47776
9.68697
41.92157
47.08558
49.67135
55.25023
58.68957
86.35432
86.93050
110.08084
23.85984
39.32829
43.80858
50.28216
57.06267
61.95969
69.27538
71.59703
76.16752
81.15789
11.08890
18.12141
24.47309
54.22949
71.95586
73.53033
76.50677
97.02038
105.15420
130.81098
10.25078
13.39333
34.96261
38.41746
40.92473
54.41294
58.10147
58.50758
85.88546
107.71742
30.48751
32.88414
42.57512
63.46371
79.44617
111.42183
113.00946
122.95746
132.96461
142.96429
12.08942
15.91258
25.19654
28.64482
31.19186
53.29682
61.53189
67.93852
85.32742
97.24110
4.86950
28.48379
41.49470
49.98337
50.97829
58.59138
70.55123
72.29866
74.06039
85.40986
14.48968
15.24125
30.57843
32.64897
54.39368
69.75181
103.30101
112.69165
115.87613
119.84082
26.66841
68.80930
75.50779
82.38738
85.40113
85.63132
88.60217
109.01643
109.29552
125.07763
33.95482
35.10062
43.21844
49.82006
79.64175
87.16146
87.43052
89.41748
102.83648
114.29899
26.04127
37.47627
43.46746
50.98075
62.45093
81.17974
90.27249
112.27910
129.87492
140.13363
3.24206
11.43822
12.30478
17.75544
33.95410
38.60491
39.01361
44.71568
59.83232
68.52474
15.57573
36.22256
53.75197
63.19680
79.58573
95.32473
96.61282
96.71705
103.49505
121.08255
8.20751
43.04654
86.49196
94.57307
98.82371
104.98707
116.07379
116.67563
139.86089
162.48883
5.98880
13.85777
22.42556
38.79303
38.66152
59.76706
73.13198
88.42442
96.21444
112.72513
0.68125
4.76483
34.62600
42.20982
47.64432
53.25851
55.96504
60.69842
61.37968
93.07364
15.02285
31.53823
49.39390
68.25395
78.18966
77.41988
94.70268
107.45640
123.38988
123.62528
9.10697
27.54893
28.20711
50.69240
56.03538
67.96898
83.67946
84.84225
84.85265
85.15327
16.94254
18.61478
22.96514
32.39614
33.66080
39.39596
59.21647
73.86677
74.21762
82.66215
2.17433
10.03567
25.68889
38.79473
45.14223
67.48885
90.28673
115.06256
115.73170
126.74516
16.60909
22.88120
25.12273
32.17680
35.38873
41.48763
47.98592
49.41035
76.62966
77.89879
10.69207
13.89491
19.34143
20.51389
29.29259
40.94780
50.57013
51.95084
78.98347
79.24123
5.46845
16.73788
36.81122
39.68437
40.05091
61.62290
78.23833
84.48327
85.73446
96.21578
8.48348
15.16910
43.82757
49.42811
50.66943
67.68692
78.34638
81.37133
86.73361
102.89837
8.19414
10.49805
16.17032
25.29467
32.87203
71.78058
78.19929
80.61446
98.34371
112.81848
8.44570
15.28923
25.47549
26.40121
32.05424
45.63706
74.11392
74.54792
86.37287
90.32233
3.33273
14.62619
16.96834
31.93882
40.79720
55.43211
66.23296
79.48042
106.05033
127.33865
9.36368
23.61627
25.96063
32.68274
54.05623
66.49958
84.52924
95.21932
97.14321
101.76653
8.87485
21.27239
40.08282
42.29710
48.75316
60.61124
61.07036
68.88094
81.49517
87.76382
15.28369
20.97475
24.48892
26.82360
46.28411
74.48947
81.85080
93.72437
96.25779
120.15932
9.66149
11.24607
25.61289
31.12004
39.85469
60.11131
77.77894
79.22220
85.12958
107.63166
19.33009
20.38358
35.59862
48.49130
64.12433
80.93083
93.44709
106.07332
111.37285
115.89470
0.55265
12.64105
16.78622
21.48959
24.28850
50.50374
57.13213
65.05080
82.95706
111.08039
50.09420
68.96121
85.95129
86.70276
87.74726
90.28923
105.51142
116.16924
131.53802
136.00179
27.10044
40.43931
58.29389
81.64836
110.34216
122.79567
132.77144
134.12262
167.61879
200.71340
7.08142
30.86266
51.50626
59.84303
71.53091
77.00682
78.11068
78.79000
89.83964
90.48691
11.16443
11.83228
19.48829
23.63634
65.87151
67.52172
63.48025
70.08924
81.70994
85.86850
6.95986
12.13597
23.29666
32.44624
42.67236
56.45247
59.17068
69.64261
76.72825
77.55698
16.89627
27.54040
40.63596
40.80678
42.26277
51.88892
73.87984
75.04032
83.67286
96.66316
7.58274
28.87360
39.19545
45.10928
51.09855
71.80465
83.76101
88.27437
103.91345
115.51966
0.82642
5.43302
38.48779
51.79047
55.20263
60.86148
74.84408
78.45906
82.56032
87.53425
1.27565
7.01845
26.04729
27.56271
46.11099
52.66282
59.29275
64.78405
77.37058
90.40638
19.28698
63.94990
75.04783
84.87961
92.13989
101.13273
122.34051
117.82565
124.66746
145.24432
9.91866
35.43889
46.95512
51.72656
59.19359
67.04821
128.10683
129.52333
134.67986
138.84693
7.18501
19.21099
35.51042
57.35644
81.36330
92.24574
104.34084
104.83111
134.40300
135.59053
6.77482
10.52023
11.88750
18.47813
35.19078
50.30673
60.74602
82.74224
99.60391
107.27523
4.56041
7.54435
11.24249
11.64269
22.46375
33.60422
36.76984
51.07889
86.14184
87.45586
10.94614
45.05951
67.91306
73.74483
81.83817
84.21915
85.71477
86.08884
98.50809
109.12038
9.35518
14.10029
39.32719
42.62983
52.22706
57.85887
96.72950
101.25280
103.90111
107.99385
26.63314
42.55444
70.82176
72.33024
83.18498
88.24209
102.67260
113.03627
125.03392
125.28962
8.62932
14.76735
18.16355
23.44555
33.30689
63.85289
72.35316
105.16834
118.68596
161.43716
1.72449
10.78605
15.64317
43.73384
81.56948
151.52099
158.75026
170.11789
170.32485
181.30795
2.24341
20.81749
31.32531
43.00294
51.57837
59.16577
70.07034
102.74551
114.27586
116.11411
30.40313
33.32084
44.28682
62.15557
64.16481
85.43395
87.82389
104.50784
110.28596
131.32435
33.30844
49.95181
50.11084
60.27189
67.45702
70.10169
83.19881
93.83799
94.91613
98.06056
0.59484
2.69710
12.21258
35.31395
36.66803
55.11661
57.37839
69.17418
68.66171
92.03523
27.87157
33.31887
69.64671
71.95570
74.56106
80.83107
84.48894
103.80699
106.32947
106.56631
49.22164
71.66760
90.32013
101.12252
105.69021
123.95705
124.11262
142.43614
166.47956
166.67115
22.38926
28.75749
35.58034
47.12741
61.31254
70.18505
74.14642
114.99498
118.60171
129.33949
18.11715
27.72757
38.30148
49.99766
51.41422
60.13393
66.67168
74.10517
76.64311
103.10332
19.36410
30.35021
33.65953
44.98719
64.33066
65.88461
69.88816
82.29863
113.57795
114.96867
25.39022
37.91060
58.89752
83.15983
86.99435
95.02019
95.44658
102.47645
103.51946
114.74885
5.32907
28.40457
38.04559
42.47047
50.72989
52.69795
59.59991
76.15294
83.95812
84.32230
3.45842
39.23200
55.72267
73.34808
75.73814
87.88464
91.13221
95.39653
112.77757
116.15886
6.91405
34.14913
35.02902
46.96427
50.16436
51.30352
68.62748
69.05774
76.08767
110.27882
2.87298
19.10815
32.56350
44.33541
47.02853
55.94695
56.01758
71.71956
76.88443
82.49794
3.89146
29.21472
34.32625
37.61196
42.77982
53.39303
54.23011
56.08098
57.22870
90.34837
9.20652
52.88606
77.82293
79.50347
86.08031
86.68419
95.63874
123.80860
132.42540
139.98528
38.02984
51.06861
69.10358
85.75799
-1.00000
-1.00000
-1.00000
-1.00000
-1.00000
-1.00000
5.93789
40.18730
53.57571
73.15146
77.31672
91.14791
100.47098
109.12368
113.93230
114.34381
10.81281
11.74799
21.19904
21.15630
32.23894
44.27544
71.25146
71.66815
103.36227
113.05868
15.11231
41.78148
46.72468
67.04135
68.67691
70.83573
72.09993
95.55331
108.57843
123.41379
4.32056
12.85026
18.99527
23.21692
37.04494
55.68968
69.88404
71.34019
82.01370
82.11046
