1.79230
1.79232
2.07233
3.70475
4.58924
5.41088
5.75652
5.82549
7.36138
7.62559
7.62576
8.70236
10.35420
10.49208
10.52327
11.99170
13.53952
6.58492
7.17445
9.09012
9.49268
9.79648
10.61990
15.25690
15.86581
16.33309
16.60110
16.61311
-1.00000
-1.00000
-1.00000
-1.00000
-1.00000
-1.00000
1.79657
3.07840
3.91259
4.40873
4.48388
4.60090
4.88080
6.57608
7.37639
7.39313
7.45692
9.06091
9.81404
12.76472
13.98886
15.29071
16.16069
0.76657
0.85772
0.86525
1.36677
2.58679
2.96019
3.18040
4.49546
4.58729
4.58784
4.78214
5.26744
5.52030
5.52576
5.67197
5.67749
5.67934
0.08474
1.49924
3.02513
3.24171
3.85648
3.88300
4.49772
6.61074
6.72399
7.33869
7.98634
8.25989
11.39058
11.44111
11.44406
12.15276
12.32155
0.19226
1.18552
1.84718
2.00915
5.12575
6.36934
7.14398
10.15146
10.15151
10.16991
10.92477
12.21823
12.52075
12.54919
13.69250
15.51501
15.83115
1.42001
1.50052
2.62622
3.11188
3.66397
4.27499
5.75429
6.97731
7.52918
9.17675
9.70562
11.92401
12.98545
13.34134
15.69048
17.50411
17.58733
0.36202
1.76955
3.62468
5.48641
6.05677
6.10287
6.66211
6.85901
6.96645
8.73574
9.14417
9.79195
9.79197
10.70579
12.28643
12.75402
13.08839
0.62965
3.28188
3.46397
4.54400
6.36581
6.42855
6.47083
8.30049
10.99214
11.49521
11.87353
12.58672
12.61999
15.19854
15.37977
16.64194
16.79772
0.92713
1.74035
2.55386
3.26124
3.88755
3.91836
4.43290
7.10615
8.01813
9.55156
10.22711
11.07253
11.64066
12.97380
12.97653
13.07270
13.59059
0.00081
2.29136
5.32568
6.88289
8.25866
8.54276
9.05621
9.05913
9.39197
9.42948
9.78606
10.63465
11.06869
11.27123
11.29133
11.63127
12.10049
1.82333
2.26699
2.96691
5.29639
5.51268
5.73394
7.84775
8.79768
10.23660
10.45449
10.60820
12.99502
15.22909
15.24043
15.79277
15.82650
16.00305
0.36987
0.48306
1.26512
1.33994
2.35979
3.10951
4.33650
5.17547
5.20781
7.09632
8.23599
8.97201
9.75627
9.76332
10.47237
12.48070
12.58769
1.84580
2.02267
2.64210
3.03712
3.03725
3.05143
4.34090
5.36911
5.75449
6.49640
6.61554
6.63225
7.00771
7.82832
7.88670
9.60237
10.01209
0.78824
1.57873
2.33828
2.79056
3.29348
6.89042
9.01632
9.65135
11.24442
11.80385
11.86207
14.36512
16.53771
16.86715
19.85293
20.31032
20.72668
0.31335
0.36072
1.13441
1.13517
2.39675
4.64826
5.34228
6.14454
7.48616
7.58009
9.99653
10.81537
12.50269
12.60241
14.56151
16.54854
16.65598
0.75671
1.46841
1.59848
2.08653
2.87377
5.35618
5.86009
6.46658
7.11822
7.95765
8.66791
8.66952
9.49328
9.66459
-1.00000
-1.00000
-1.00000
1.67910
5.08974
5.19848
5.50038
5.68011
5.75978
5.76106
7.33037
7.93637
8.18602
10.53734
10.73871
11.44468
11.75149
11.95059
12.40108
13.40441
0.96221
2.34103
2.79654
3.79081
4.89784
4.90210
5.32187
5.50814
5.98434
8.56267
8.63988
8.78680
9.27621
9.70772
10.38104
13.39084
13.66336
0.00635
0.63971
0.86160
1.04355
2.98304
6.59310
7.43932
8.10921
9.19045
9.24693
9.32010
11.37743
11.68894
11.82020
12.27135
13.13741
14.29749
0.49206
1.13877
1.27839
1.45586
2.36125
2.53330
3.99755
4.09774
5.10026
7.57846
7.61005
8.02230
10.43280
11.39215
12.28113
12.39634
13.06276
0.35264
0.85914
1.71241
1.74897
2.73154
3.00060
5.52476
5.73486
5.89936
6.78520
7.02515
7.80319
7.91378
-1.00000
-1.00000
-1.00000
-1.00000
0.72301
1.58576
1.94025
2.27188
3.71412
3.77596
3.78019
4.80587
7.32113
7.86478
8.18965
9.62091
10.77954
11.00695
11.12957
11.82895
12.38473
0.36335
2.57342
2.83924
3.40893
5.66605
5.75421
5.75943
6.65594
6.97253
6.97274
8.80525
8.97083
9.40009
10.07267
11.33984
11.86014
13.27590
0.08941
0.32998
0.51863
0.87686
1.15455
2.33700
3.96361
4.07657
4.54858
5.52992
6.54134
8.75946
9.63835
12.11462
13.31268
13.32100
13.85927
0.06224
0.08684
0.53569
0.84528
3.74918
3.90617
3.99994
4.75873
5.01397
6.81200
7.55488
9.42810
9.74417
10.05181
12.09205
12.32200
14.18173
0.99851
1.02323
1.02783
1.22395
1.23302
2.78207
2.90677
5.14035
6.62138
7.09862
7.44045
7.44591
8.63551
8.99980
10.18243
11.65001
11.65045
0.04590
1.15628
1.53191
2.58631
3.54010
7.03301
7.37640
9.20031
9.81799
10.41173
10.52658
10.72588
11.04834
11.05362
11.09664
11.31682
11.57910
0.28849
1.17305
2.22966
4.21209
4.21931
5.05321
5.07790
5.19619
5.68971
5.70113
5.76151
7.21593
7.48772
10.32658
10.32696
10.63980
10.76599
0.01192
1.12251
2.67904
2.80656
4.65751
4.82143
5.03815
5.80625
5.96327
6.12765
6.77012
6.79306
7.07281
7.70020
11.55389
11.84564
13.48048
0.37243
0.39054
0.47977
2.93189
2.93894
3.00669
3.00964
3.56132
5.99136
6.46616
6.81801
10.59112
13.65328
14.21568
14.27789
16.06348
17.51075
0.41674
1.13095
3.02836
4.05491
4.70754
5.51003
5.61303
5.95752
6.74681
6.78362
8.38526
8.39565
9.12690
9.13272
11.01333
11.22183
11.22773
0.01072
0.78087
3.03425
3.17137
3.24874
3.82187
4.02273
4.06353
4.32868
5.30444
7.99180
9.85889
9.87051
10.01158
11.48141
12.28691
13.40145
0.19298
0.34796
2.56690
4.78092
5.46038
6.25216
7.12572
7.12589
-1.00000
-1.00000
-1.00000
-1.00000
-1.00000
-1.00000
-1.00000
-1.00000
-1.00000
1.37284
1.94240
3.41288
3.67871
3.83821
4.93396
5.18664
5.21541
6.27705
6.51652
7.29930
8.72654
10.43742
11.42057
11.44089
11.94284
12.59993
1.06441
3.31066
4.66247
5.10986
8.00365
8.86388
11.78454
11.88651
12.31974
13.70147
14.05727
14.85003
15.92653
16.15725
16.69200
16.96392
17.56193
0.81202
0.82194
0.91068
1.31111
1.39921
2.80649
4.97391
5.32197
5.32582
5.47298
5.68266
5.78376
5.83476
6.27694
6.40112
7.55378
7.59968
0.13736
0.62361
2.50260
3.85276
5.41665
7.63927
9.10709
-1.00000
-1.00000
-1.00000
-1.00000
-1.00000
-1.00000
-1.00000
-1.00000
-1.00000
-1.00000
1.41959
2.49991
2.50567
3.33798
3.93708
4.04408
5.68625
6.17811
6.59972
7.58758
9.88302
10.01654
12.23186
12.66299
14.32205
16.01863
16.05915
0.34755
0.87381
1.56506
1.67908
1.82862
3.18107
3.49055
3.49331
4.47077
4.61323
6.01754
8.46562
8.48245
8.52957
10.37845
10.48817
10.80016
0.91730
0.92527
1.09988
1.31955
1.35558
1.94574
4.92844
5.57450
7.20489
8.36629
9.83128
10.66348
13.86374
14.24886
14.30247
16.04437
16.63391
1.13167
2.37769
4.55777
4.56818
4.62633
6.15070
7.01822
7.83650
8.97131
12.07880
12.08020
12.77311
15.10470
15.45716
16.83374
16.89633
17.90163
0.65901
0.78902
1.48977
1.99480
2.35245
3.14991
4.34139
4.49675
5.26926
5.30274
8.49269
8.51140
8.94045
10.66348
11.95694
13.34417
15.03051
0.47202
0.48623
2.90668
3.58973
4.95735
5.49274
7.04173
7.14031
8.02562
9.26384
9.28133
13.03038
13.97401
14.06449
14.27715
14.29164
14.31675
0.48120
1.13600
2.44842
3.49583
5.37188
6.39768
7.78161
8.41774
11.66138
12.72815
13.04844
13.51163
13.89136
13.89350
16.70209
17.30204
17.32874
1.61273
2.54627
4.18961
4.20075
4.92073
6.17135
6.32324
7.15954
7.58419
9.09242
-1.00000
-1.00000
-1.00000
-1.00000
-1.00000
-1.00000
-1.00000
0.55600
0.80426
0.82809
1.05737
2.56336
2.63983
3.05808
3.91316
4.47122
9.38649
9.40708
9.85635
11.62144
15.21795
16.42792
16.42792
17.01724
0.26881
1.33271
1.70687
1.83795
3.19988
3.42469
4.59753
4.79064
5.07567
5.68454
7.11487
7.26468
8.12277
8.77154
8.77396
9.15055
9.15621
0.49854
0.57668
4.26556
4.28714
5.50511
5.95166
6.27007
6.96395
8.59850
9.36995
9.40522
9.43967
12.10428
12.71255
13.60874
13.66159
14.39601
2.20560
2.43548
4.50461
4.97293
5.04192
6.44962
6.88818
7.57908
8.42024
8.49959
9.82385
9.85910
10.60349
10.82838
10.82858
13.02802
13.61620
0.08171
2.54834
2.84474
4.46422
5.12583
5.21982
5.54191
6.02849
6.77151
6.85167
9.50414
9.70417
9.97469
10.45635
12.82381
12.85884
12.86582
0.05150
0.25105
0.34642
2.95247
3.48410
5.00006
6.13862
6.14328
6.40562
7.64426
8.19926
8.20281
-1.00000
-1.00000
-1.00000
-1.00000
-1.00000
1.36561
1.37196
5.28575
7.21315
7.41689
9.04553
10.09528
10.70035
12.90637
13.94288
14.10794
14.70447
15.65797
16.22867
17.53924
17.64763
19.57913
0.23916
0.79463
0.97721
3.16590
4.68433
6.10239
7.67240
8.43471
8.51068
8.85434
9.10859
9.64463
10.01780
10.20520
-1.00000
-1.00000
-1.00000
2.06407
2.52620
4.27008
4.84067
4.98469
5.99399
6.51037
6.64942
6.88954
7.30444
8.84722
8.94805
9.78253
11.14306
11.31999
14.10298
16.53234
0.70203
1.81875
3.21781
3.23394
3.52912
4.18032
4.18043
5.90983
8.34142
10.73115
13.36596
14.16419
14.92037
15.18739
16.96637
17.80903
18.17391
0.00830
0.60134
2.80856
2.98366
3.09301
3.24835
3.40737
3.62561
3.92840
4.15685
4.84133
6.43267
7.47304
7.77281
7.97308
9.14903
9.46514
0.36718
2.74145
2.93128
3.08206
3.75945
6.75697
8.73339
8.79652
11.06815
11.06961
13.32104
13.90219
13.96866
13.98213
15.15644
15.41202
15.76090
0.37780
0.37798
1.66471
1.82927
3.11869
4.41911
7.03529
7.55537
7.84584
9.67892
10.52814
11.00988
11.65421
12.20498
13.07718
13.92620
15.60588
0.28448
1.78648
3.07931
3.95343
3.97421
4.39036
4.80507
5.95320
6.47718
6.50878
7.20647
8.12084
8.44446
8.85496
10.38692
11.73467
11.73468
0.30367
1.10323
1.84856
1.85394
2.89706
2.89710
2.94112
2.95095
4.23129
5.03798
6.69321
7.00324
7.06153
7.61693
9.43840
11.12896
11.16009
0.01035
0.60792
1.79896
4.44393
5.24636
5.42436
5.82958
8.73490
10.03557
10.28042
10.72386
12.77936
13.20365
13.55301
13.55320
14.03630
15.43522
0.86843
2.71566
2.71571
3.05162
3.30567
3.98151
4.28165
5.84517
6.43553
6.79562
7.19808
10.92084
11.01257
12.90678
13.06564
13.22761
14.07597
0.00150
0.35591
0.43091
2.18623
2.72536
4.62400
4.75423
5.08347
5.08403
5.19283
5.41370
5.49889
5.50042
5.70677
9.99957
10.47839
10.79965
0.12100
0.20333
1.70037
1.76981
2.34822
2.91284
5.35735
6.38352
6.65731
7.90410
9.25805
11.33859
13.19489
13.74005
14.06000
14.46950
17.04826
1.22562
4.41633
4.51619
4.51635
4.97989
5.08274
5.66778
6.77183
7.18521
7.18956
7.35755
8.81089
8.81095
-1.00000
-1.00000
-1.00000
-1.00000
0.57183
1.98875
1.98962
2.13708
2.15660
2.61717
2.86554
2.89882
3.43691
3.88677
4.61232
5.98039
6.19043
6.66251
7.95532
7.95536
8.57145
0.47727
0.61785
2.50297
2.71528
3.15877
3.19505
3.20564
3.92093
4.37026
4.96328
5.76082
7.96716
7.98206
9.62554
11.07680
11.15976
11.28278
0.50040
0.63079
1.36862
1.97027
2.12008
2.22550
3.18149
3.38919
5.23295
5.62605
7.01520
-1.00000
-1.00000
-1.00000
-1.00000
-1.00000
-1.00000
1.73001
1.74438
1.94154
2.31911
2.93601
2.93613
4.39340
4.79845
4.92448
6.22984
6.85221
7.25315
7.32666
7.43613
8.38948
9.40910
9.42810
0.52653
2.09849
3.91186
4.59828
6.63739
7.74663
7.80715
8.79801
9.18197
10.00452
11.40522
-1.00000
-1.00000
-1.00000
-1.00000
-1.00000
-1.00000
0.72526
2.95008
3.46984
3.65497
3.70598
5.43006
5.64482
6.56463
7.37437
7.65666
8.36647
8.56739
9.60099
10.42511
11.14413
12.29302
13.05395
0.35820
2.13333
3.16415
4.10269
5.27042
6.41496
7.80181
8.88712
9.78080
-1.00000
-1.00000
-1.00000
-1.00000
-1.00000
-1.00000
-1.00000
-1.00000
0.00714
1.89446
1.96627
2.05228
2.34509
2.38275
2.73630
4.29125
9.15704
13.15487
14.10333
-1.00000
-1.00000
-1.00000
-1.00000
-1.00000
-1.00000
3.89915
4.04867
4.99595
5.47576
6.12153
6.64906
8.78458
8.88299
9.39073
9.70472
11.30366
11.79663
13.20332
13.80132
14.98204
15.54920
16.62102
0.07267
0.55286
5.21993
5.73492
7.57577
7.64246
7.69294
8.50487
9.20913
9.93831
10.21761
14.23352
14.82240
14.82367
15.84183
18.20179
18.57295
1.43801
1.52619
2.03247
4.16225
5.53655
5.53658
5.57115
5.82745
6.96341
9.85081
10.69957
11.36533
11.42639
11.58125
11.77491
13.12939
14.39560
0.44562
0.97573
1.03461
1.05582
1.08556
1.48136
2.08572
2.08604
2.56014
3.61815
4.23346
6.55774
7.10312
8.45971
9.18313
9.41503
9.45273
0.40672
0.82765
2.03048
2.10117
2.23904
2.77627
3.35255
3.64800
4.07863
4.09934
4.33112
4.49659
4.52554
4.64206
5.00198
6.13241
6.66770
0.86613
0.91863
1.78798
1.80860
1.96506
2.87426
2.95319
3.25532
3.53335
3.85830
5.44685
5.93504
6.06049
6.06734
7.50200
8.23155
8.23517
0.11792
0.50376
0.86161
1.27140
3.86052
4.79281
5.07634
5.09617
5.62203
6.02202
6.48639
6.77576
8.97689
8.97689
9.90017
10.12520
10.17282
1.58925
1.61854
2.52333
2.81680
3.25504
3.66517
4.28529
5.16721
5.45079
5.71924
5.99784
6.24134
7.70278
8.84335
10.17384
11.12520
11.62414
1.44895
2.98560
3.03088
3.03694
3.04665
5.52331
5.88494
5.95421
6.86565
7.99627
-1.00000
-1.00000
-1.00000
-1.00000
-1.00000
-1.00000
-1.00000
0.40332
0.41223
1.81753
2.76096
3.35089
4.10172
4.55222
5.51179
6.45552
7.24663
7.75673
8.46180
8.46412
10.21453
11.20493
11.26744
12.37042
0.23883
0.84103
1.16317
1.74121
2.22438
4.18427
5.45605
5.77497
6.23132
6.89007
6.94962
7.29940
7.75568
8.36900
9.36007
10.14508
10.28622
0.15683
0.23386
1.07010
1.53800
2.74844
3.90982
4.99247
6.37092
10.05301
11.38404
11.76193
12.28299
12.35837
13.09953
15.14690
16.70531
18.29193
0.51697
1.38455
1.67256
1.89284
3.89762
3.90091
4.12778
4.27348
4.60402
5.55270
6.00602
7.77180
8.93990
12.11187
12.40060
12.53256
12.55141
0.58484
1.61706
2.14184
3.13478
6.02675
6.04048
6.30804
6.52253
6.63287
7.17303
9.29649
9.44565
9.45383
10.23759
11.37503
11.99870
13.07789
0.63202
1.46776
1.46813
1.48176
2.12540
2.26838
2.51096
7.34789
7.58234
8.85368
9.15834
10.05849
10.15674
10.50796
11.82413
12.44013
12.68232
2.03622
2.78299
3.27305
4.57775
7.18276
-1.00000
-1.00000
-1.00000
-1.00000
-1.00000
-1.00000
-1.00000
-1.00000
-1.00000
-1.00000
-1.00000
-1.00000
1.03117
2.09928
2.18076
2.33114
3.52426
6.03290
7.55894
8.46277
12.26331
17.60668
17.67811
18.95694
20.88128
-1.00000
-1.00000
-1.00000
-1.00000
2.13189
3.14902
3.87199
4.90564
5.81792
6.24720
6.90045
7.06810
7.14695
7.47234
8.41352
9.58060
10.48904
10.99578
13.13254
14.97023
15.75954
0.74066
0.74370
2.04326
3.88374
5.59157
6.32147
7.20046
7.44573
7.48390
8.35647
8.78321
12.66826
13.32880
13.46763
13.55113
14.24690
14.66682
0.04458
2.17051
5.07249
5.27547
5.68611
6.90989
7.69500
7.89206
8.05600
9.45700
10.36025
12.00838
13.15847
15.18534
16.25122
17.64158
18.37665
0.52877
0.72064
1.68454
2.25098
3.37198
4.48639
-1.00000
-1.00000
-1.00000
-1.00000
-1.00000
-1.00000
-1.00000
-1.00000
-1.00000
-1.00000
-1.00000
0.10649
0.11976
0.12580
0.37848
0.81017
1.72853
2.20173
2.44317
2.46298
3.69233
5.29674
5.32718
6.08168
6.27938
6.39652
9.52972
12.24743
2.56615
3.26740
3.29468
3.58862
4.03257
5.83229
7.47025
8.96170
8.98811
10.04306
10.58878
12.10059
12.10066
12.66136
12.75767
13.12921
13.53735
3.12599
3.26539
5.38067
5.55835
6.25709
7.81657
7.86545
7.91030
8.23412
8.94636
9.95205
10.54605
11.68364
12.07986
12.69180
12.82961
13.70508
1.43332
1.57029
2.21586
2.71561
2.72045
5.42339
6.35402
7.77411
7.88101
8.75842
9.39948
9.98637
9.98723
10.85907
10.86736
11.61914
12.91965
1.53814
3.87480
4.90526
5.03509
5.31498
7.44538
7.59757
8.46054
10.47598
11.38850
12.14160
12.14659
12.39280
12.64686
15.35597
16.53135
16.56355
