12.91086
14.96961
19.02657
39.98488
40.78139
107.66580
109.52626
119.95484
119.96042
119.96078
122.39903
122.23959
122.58943
124.11398
125.41216
152.81852
160.03797
160.16865
160.72168
50.03500
58.25961
110.22776
110.48779
136.10802
138.01384
142.14345
157.28561
158.00166
159.19843
158.85898
161.32786
174.90511
178.78313
192.07464
205.93950
206.90562
222.24230
228.93582
10.35178
14.74324
16.53246
17.56457
57.96619
70.33254
74.21509
74.86910
162.95112
163.76898
163.86741
164.23009
175.45687
177.59510
179.70312
192.85720
202.21686
212.96320
212.53821
4.11968
9.91316
29.94372
39.31917
49.23687
51.03129
51.24497
75.20259
146.97113
148.00639
156.00373
160.13932
170.74527
186.41001
205.82622
206.55698
207.24998
211.42542
212.68208
9.90953
9.99657
29.40463
31.44458
31.73676
46.49278
66.18405
110.27753
120.21831
140.04378
144.90994
144.96443
174.62644
177.03435
182.20846
184.82550
240.77152
246.82834
252.22511
18.59645
19.27103
27.12881
28.25099
36.10680
45.63270
53.39280
54.57806
63.60997
75.73944
78.31476
82.57089
90.98318
94.29035
117.32838
121.37284
122.26456
132.73021
132.80554
0.12326
6.04120
7.99979
13.34549
41.83765
71.19717
76.24441
76.37857
83.19043
102.44489
162.38988
172.21693
172.63439
192.26288
-1.00000
-1.00000
-1.00000
-1.00000
-1.00000
16.16895
26.75854
46.45159
46.87351
48.77715
51.41139
79.61035
102.75047
106.77499
108.07643
108.67365
118.87470
119.13474
124.32757
134.13309
141.26738
145.42240
146.76585
157.43777
0.51575
5.02344
5.41402
5.89895
17.98457
36.76519
37.42120
44.87949
46.40914
57.02437
60.65774
126.67027
127.15652
129.40493
132.94428
140.63035
175.29880
178.44152
182.69486
2.91549
22.06030
22.85289
22.74155
52.80667
67.34667
68.19108
71.60064
79.73310
86.98474
88.37553
97.93484
129.76977
145.98755
149.01474
150.63621
176.07729
179.41369
182.54906
20.41602
28.10984
29.42093
40.98396
41.71273
43.84515
45.91621
82.15435
83.37706
82.89293
88.19860
104.10993
131.56626
149.16347
149.72824
157.16552
167.96390
167.78531
173.34376
5.19143
8.91525
9.82273
33.29583
34.40899
50.19615
62.63058
67.28548
67.40028
67.55449
91.24391
88.79430
95.28104
100.51915
112.31868
113.28000
119.12680
119.25776
120.33907
1.60869
2.67479
8.86171
15.32370
17.54336
41.96833
61.34239
77.70196
83.05548
94.59723
95.13273
117.83446
145.22316
145.46932
146.96713
153.69806
173.12716
183.44318
185.82545
2.77292
7.30960
18.99227
20.94293
40.30780
44.24093
53.61435
88.99123
100.82513
105.39627
127.60029
132.02105
166.78850
193.90063
198.49421
208.85529
249.23825
266.70033
269.20629
18.73780
18.97996
28.71067
37.00027
45.26216
54.68679
104.31048
104.63139
108.93867
117.19550
149.13722
150.06412
185.33791
195.31476
195.90948
196.05537
198.50212
198.85231
224.23592
1.04658
15.81081
65.66517
72.75054
77.79160
81.92139
106.70128
106.87252
113.11286
120.21631
121.97491
140.96112
164.26416
184.97824
185.66591
191.64625
193.10592
199.56142
207.28096
16.77499
27.27515
73.76123
74.21973
74.61484
75.91239
76.21028
99.19073
105.85827
129.56731
129.23929
130.78367
141.69138
156.96888
179.81152
179.31766
185.51192
185.52078
188.02772
18.42154
36.83032
61.81535
88.27652
99.29173
102.93347
103.82641
121.75111
133.84174
134.86930
152.33915
151.66215
185.27839
201.00848
201.69453
203.41033
207.77988
208.36234
227.30913
1.60448
21.99243
31.73424
31.77197
32.30691
65.85635
66.05972
83.59072
84.15597
123.56768
119.28229
119.90057
119.99009
120.01777
123.13521
127.52493
133.20606
139.07038
150.60499
4.59029
90.88166
91.37457
97.98356
102.83053
109.68679
110.23604
140.65775
177.82405
178.54728
180.18666
190.69676
194.26059
197.01084
196.66120
266.31102
260.47807
261.15419
261.18730
0.68708
1.38291
6.56132
10.52455
42.54672
47.97191
48.67000
79.96469
80.98058
81.14257
83.30937
146.19636
207.72812
207.99445
206.83878
251.98420
252.01662
262.50539
262.52141
6.87647
45.22602
53.37327
58.25163
60.50055
110.29389
117.83842
125.72041
125.90283
126.33555
139.38892
141.82069
154.74137
185.26714
185.82195
191.85708
190.90290
209.59819
209.74501
24.62267
28.61557
30.00710
50.66282
62.68651
94.40338
96.59487
105.57175
-1.00000
-1.00000
-1.00000
-1.00000
-1.00000
-1.00000
-1.00000
-1.00000
-1.00000
-1.00000
-1.00000
10.58874
15.76440
25.53441
26.78491
40.41798
40.79236
46.39063
52.27685
59.33886
60.02741
88.95719
104.75573
106.07229
109.11280
109.64694
111.51711
131.61904
144.53744
165.28555
3.39753
5.73120
13.87654
30.92856
31.33701
52.74015
48.44645
62.68769
63.06292
64.22251
65.36366
92.71182
92.96788
120.03464
125.91298
140.35028
140.35086
223.97896
230.69895
1.01293
6.57953
13.97944
29.61360
41.94494
-1.00000
-1.00000
-1.00000
-1.00000
-1.00000
-1.00000
-1.00000
-1.00000
-1.00000
-1.00000
-1.00000
-1.00000
-1.00000
-1.00000
6.41520
22.18887
24.50591
37.68935
46.53289
59.66502
64.78638
94.65899
95.40689
95.41440
96.63404
96.65975
-1.00000
-1.00000
-1.00000
-1.00000
-1.00000
-1.00000
-1.00000
2.07313
25.45250
25.90585
69.58214
70.96511
90.72802
94.72475
101.12390
101.33467
160.23619
162.51877
167.11488
177.62103
177.90449
183.87297
184.59599
212.48240
213.29183
213.88123
22.81682
23.66870
26.73227
37.22810
53.98299
59.13529
62.76265
72.99382
86.95182
93.44744
93.44939
108.00820
126.76182
152.02974
152.04466
166.20039
173.59476
198.84414
199.06935
10.38790
20.87770
24.18287
24.31286
24.89777
48.15399
52.23430
82.97088
83.39790
84.89962
94.86823
106.95982
107.43024
156.85367
169.19614
186.74699
186.88960
187.00559
194.77798
10.39510
15.10548
15.47537
17.76073
19.40918
115.32337
125.31426
126.38561
127.71088
127.71245
177.09394
176.21127
174.97368
174.24658
179.15395
183.03213
229.21713
227.68373
228.18337
18.61799
24.17970
37.64750
42.92055
148.90212
148.72298
151.52608
157.15114
158.87342
166.24639
178.33709
178.57384
188.28148
188.19363
195.20874
193.79588
252.10698
252.21825
267.61920
5.31768
5.32352
14.46214
69.48026
76.55502
93.45682
110.67184
114.80055
120.22554
165.88020
179.74308
184.92691
208.24070
208.03400
207.60419
233.79451
251.22640
262.31209
284.28989
10.29872
31.41029
31.49708
37.08220
41.03614
42.95742
44.57251
109.96506
130.04546
129.52649
129.56875
131.38522
131.95378
165.47969
171.88084
173.73042
178.25521
178.37880
180.30332
1.96868
7.88361
9.43509
33.79091
48.89943
49.15648
80.45217
90.97295
129.18966
129.61953
134.34947
185.89170
187.25423
187.60540
202.54566
203.40512
208.34476
236.10952
236.10987
18.75537
24.53959
27.37055
70.44510
71.75728
72.95045
73.07635
75.32298
74.24340
79.03252
87.17827
96.25915
112.87184
114.76986
115.79304
124.93493
131.78421
134.92147
136.01558
10.48225
17.56136
20.48746
57.85362
59.94584
65.47765
69.98798
78.84898
82.46907
84.19801
132.98733
174.37716
177.07595
177.08172
180.39413
184.23812
186.03996
192.04619
192.97503
6.09804
18.66587
19.44759
36.14783
56.12270
63.78232
64.14804
82.56931
84.02096
84.39537
109.16035
110.10136
109.58997
111.78194
116.74041
117.19685
125.39054
137.67692
163.37365
2.07140
14.67049
20.71117
35.56354
48.07057
60.31284
84.55341
85.16552
83.54197
83.59763
100.70632
101.93955
101.89221
106.37891
121.51932
132.08360
144.31074
174.73301
176.10966
8.45324
15.40798
15.81766
66.39857
69.89918
70.46486
96.03941
99.47668
109.91240
123.70666
145.24965
145.61289
146.02422
158.07609
158.21714
158.11826
163.55746
173.81368
174.33839
25.32679
25.51212
65.44196
68.75406
69.02695
-1.00000
-1.00000
-1.00000
-1.00000
-1.00000
-1.00000
-1.00000
-1.00000
-1.00000
-1.00000
-1.00000
-1.00000
-1.00000
-1.00000
12.05760
18.88757
19.19057
25.08477
27.24354
36.21953
47.33287
47.81013
47.84933
50.54836
77.09413
77.10106
73.78176
123.51506
143.51668
147.06015
188.69064
191.70320
196.47906
22.19753
39.15492
39.31323
50.11431
63.31208
63.32243
64.67824
115.90393
116.37331
124.13463
142.52325
156.77889
157.05598
198.87556
199.90089
199.47013
218.15268
219.75933
219.88416
1.90475
4.90692
13.42463
14.06862
18.08877
37.74845
39.80328
41.70072
76.55058
84.27298
85.97598
87.20129
87.68041
97.82953
98.19417
122.94998
157.33356
157.35725
217.66247
3.58263
20.58810
21.94566
23.34662
32.90967
33.83767
39.53347
41.76168
42.32545
81.88065
85.69477
-1.00000
-1.00000
-1.00000
-1.00000
-1.00000
-1.00000
-1.00000
-1.00000
0.12979
3.03426
3.97685
5.18401
8.95653
9.10254
15.52922
26.76640
48.52456
49.83026
111.49266
111.79778
112.54511
114.45198
116.72993
117.90830
117.91788
133.14485
150.75014
39.60012
44.14955
45.50102
88.02895
88.87235
93.22646
97.88973
98.51652
99.86636
102.24065
130.27953
190.36360
190.43062
190.75784
191.16357
195.31811
195.80798
223.93943
234.09688
8.37383
25.55848
50.16379
62.39400
99.28488
124.55240
125.71263
125.84110
125.98229
126.81863
133.42527
133.24370
134.11803
140.09535
148.23680
160.58984
188.46211
232.35448
232.45662
3.94060
10.49875
15.14475
18.93011
20.81254
22.61137
26.12312
-1.00000
-1.00000
-1.00000
-1.00000
-1.00000
-1.00000
-1.00000
-1.00000
-1.00000
-1.00000
-1.00000
-1.00000
9.77070
18.93029
61.41343
59.71284
63.70959
72.38591
74.23713
75.03105
87.20007
91.33882
95.19233
97.69674
102.11449
106.23972
102.69667
102.70798
107.78502
117.80732
120.18816
8.41154
8.60730
17.72583
39.79900
40.30382
106.35182
109.48438
127.74508
155.95384
160.75731
163.81172
176.59549
180.16916
180.22154
182.30582
184.25105
185.93570
189.06504
195.65753
1.80511
38.53501
38.75183
68.90260
69.71382
72.65952
80.96244
86.40835
86.40939
86.38484
99.46300
99.93803
104.01553
104.18086
108.32652
127.40124
127.55543
129.38974
137.39312
4.92699
6.79469
33.85210
34.70160
35.12503
62.62892
75.27018
75.74098
78.25169
78.45801
77.92293
78.01100
79.99046
105.50395
108.79462
108.80076
110.26433
112.39213
126.64092
0.48825
5.31962
13.37734
17.39375
19.02719
20.52501
21.23132
32.62249
63.76717
66.17327
73.38736
105.17065
122.18857
126.79569
126.43787
149.44437
158.65762
158.65859
179.54376
7.82583
9.85406
31.40375
32.92116
36.98226
47.75715
52.68759
54.46373
85.00916
96.20676
111.73782
118.41118
120.46766
121.39385
124.01714
126.44413
137.85251
165.79813
168.62104
14.63471
16.17151
46.15293
46.85859
64.80374
71.05759
82.75606
98.22606
146.98703
148.50540
173.74142
173.74177
182.79456
182.79571
200.60685
236.42401
274.93068
283.93455
296.28699
8.81861
11.45974
9.92766
13.61562
14.72634
15.41672
20.75089
25.67950
36.29007
67.54222
78.58538
97.00155
113.34693
112.60139
118.07338
137.33544
140.42649
141.26151
141.32488
6.45545
7.66317
14.97403
16.82031
27.35126
26.97821
50.51549
53.17801
57.34117
57.58296
73.61784
95.70657
98.93565
111.96673
125.05993
130.11249
136.68387
138.08350
138.35609
2.70266
4.32224
11.84517
55.48593
58.87452
62.06462
81.83849
112.47081
155.22622
163.98118
163.99572
164.05466
164.07797
165.49957
165.50620
218.71305
224.53995
224.59821
230.54729
43.41855
66.06174
80.68621
85.45639
97.67462
100.42003
102.89126
104.05284
102.93388
104.38169
101.12842
102.15477
102.44871
131.52501
142.43799
145.83798
160.03080
179.03302
196.84830
3.26268
19.06990
19.80354
30.67742
34.97651
32.57652
63.87868
67.82755
76.74134
98.89790
108.35121
109.91609
118.02754
126.26889
126.36334
127.73899
136.86360
144.68215
147.05088
4.80858
5.88736
10.68387
15.73289
67.55949
69.00455
98.81733
101.48720
116.67488
122.19825
133.43445
136.73515
139.11876
162.37124
165.94240
178.14217
189.77549
207.57712
208.51474
6.62154
76.60932
93.62447
115.43548
115.88547
121.39342
144.55152
145.85511
147.31160
220.87088
228.63382
268.68395
282.80519
291.32578
291.32645
291.36964
292.50985
302.69256
351.25312
3.41918
13.60049
20.61123
27.73818
42.94856
42.31780
49.07490
80.24130
94.88735
120.78350
125.80512
136.16888
171.91962
-1.00000
-1.00000
-1.00000
-1.00000
-1.00000
-1.00000
0.09008
4.79525
20.10560
20.45489
39.24197
85.00537
86.49440
91.17102
101.79234
136.91702
141.07565
141.57760
141.57926
148.54789
210.35440
214.28424
214.39778
236.39093
279.97901
4.03184
42.94863
49.31490
53.51451
66.48941
83.32208
103.32522
98.22385
127.78009
128.11761
135.71652
136.86201
137.16546
143.51198
150.25253
150.32579
186.47426
187.05325
205.10222
0.15506
19.30422
71.02916
124.88680
138.59376
146.57452
153.11380
154.41986
204.48414
247.11479
247.27524
255.71348
256.99266
258.83544
259.57513
261.51685
305.83313
324.63717
350.73415
1.74047
7.53253
11.52335
12.71820
30.02844
27.95701
28.94076
55.10890
59.50696
59.50696
64.43623
64.60999
82.44258
112.38439
113.82875
151.61266
153.24928
155.23911
155.19086
10.38262
19.73899
23.47945
37.01299
44.98630
46.52352
46.67617
117.79898
123.60168
125.05992
133.11936
144.07435
145.91968
165.16542
165.42297
208.33422
209.49657
209.61154
270.78931
1.23767
27.97974
28.47419
84.27861
92.94066
96.48414
109.17916
110.11273
110.20330
111.91156
118.91611
118.92494
130.04807
147.37467
163.76629
179.27905
183.12198
198.65590
201.16399
4.59230
31.89601
48.13049
56.89146
70.82090
88.80690
89.27186
97.79699
117.29538
119.01321
119.96742
143.60863
143.96128
150.51169
165.35450
165.43976
165.52970
165.54184
179.53786
3.42484
27.81099
30.34184
32.89669
33.24286
81.22713
84.24422
86.39836
87.17323
108.21961
111.86163
153.76580
154.22423
239.43085
280.56384
291.68212
294.69410
351.41095
357.07688
21.77680
22.40041
29.68227
29.58498
44.91935
57.05879
76.79007
86.41289
138.73628
141.59835
141.63352
160.45685
164.85404
165.12414
176.19436
199.43329
200.93620
201.70387
223.84857
13.07094
33.78342
34.84322
35.80010
54.22958
74.24261
75.44020
75.49655
76.98098
99.42807
103.85643
107.15225
122.56888
123.41975
124.17121
133.13401
156.13568
180.52347
183.14877
2.71168
20.08191
62.50165
70.73376
93.10282
94.29461
97.90793
108.67406
113.21540
117.64298
147.86170
169.25333
175.35076
185.28115
195.89632
210.83560
224.31769
225.78200
228.14132
0.94531
35.89795
37.89366
39.75765
56.53564
114.09838
116.97575
153.93911
176.60111
176.62279
192.73043
193.13523
193.39287
198.96947
199.07520
199.11145
199.11145
199.12305
204.22049
0.82082
13.83923
19.90674
26.38198
27.67584
51.31615
95.74312
97.41081
97.76048
102.85814
131.27709
130.82385
131.00143
134.23492
134.94474
140.37408
141.83182
161.45384
162.37090
5.89320
7.92291
9.84363
11.30732
88.19438
97.58817
120.81923
146.72106
-1.00000
-1.00000
-1.00000
-1.00000
-1.00000
-1.00000
-1.00000
-1.00000
-1.00000
-1.00000
-1.00000
19.20552
71.63340
72.45784
74.31519
90.04095
96.31109
97.15164
104.16074
128.52530
137.99685
150.02230
150.02281
173.99903
174.54145
176.20579
154.81683
157.15655
157.15780
159.22607
15.83455
19.96103
34.03990
42.39581
-1.00000
-1.00000
-1.00000
-1.00000
-1.00000
-1.00000
-1.00000
-1.00000
-1.00000
-1.00000
-1.00000
-1.00000
-1.00000
-1.00000
-1.00000
19.26177
19.55557
20.51894
38.55642
54.77944
55.57832
58.49019
72.38957
80.85320
107.65400
118.82446
120.28352
156.90721
157.38727
172.69591
211.50209
221.34884
221.34896
234.94050
5.83423
37.93354
40.08146
41.00298
78.56791
78.96614
79.60637
83.80912
84.94815
84.96947
104.08703
121.12128
121.52056
121.61951
121.77715
164.55737
171.85917
186.38480
191.22775
21.93397
22.32984
23.02436
28.89160
40.53126
40.55414
40.95672
41.76627
139.54847
166.04685
193.73401
212.37741
213.27658
213.31032
213.31032
216.20437
219.64789
263.38232
263.43150
4.41349
21.42214
22.38839
23.21348
24.95635
25.08314
29.46868
38.25409
39.89212
42.86216
48.26569
60.50478
68.15645
72.00821
72.00974
87.14453
102.84766
102.95752
108.60605
8.87689
10.37440
11.15732
37.99357
44.18767
49.78911
53.90942
59.58059
75.55731
78.29849
79.11538
99.24991
112.26606
114.99730
125.47715
142.73774
142.73782
165.93883
166.22966
1.30642
10.75192
12.28191
21.74459
24.82217
26.49099
46.11841
48.53744
48.56228
51.22837
59.95905
71.43665
77.54386
104.25513
104.28233
112.00714
151.06174
157.61125
157.67158
2.91513
4.71326
6.64757
8.12428
19.34381
43.53541
61.79005
63.44400
86.61320
87.28839
102.62799
102.98831
122.26457
149.20690
149.62670
149.63250
156.36848
160.83792
202.82098
18.47012
19.19162
51.97515
59.43658
62.50235
65.28579
65.42289
66.26667
80.97237
81.69709
84.75124
85.34590
85.35566
155.74977
154.15674
163.84059
163.54190
182.62113
182.68191
44.70980
54.62464
54.77043
54.90341
96.00553
102.71264
104.44877
104.71926
105.44376
-1.00000
-1.00000
-1.00000
-1.00000
-1.00000
-1.00000
-1.00000
-1.00000
-1.00000
-1.00000
7.15947
7.56958
30.75555
39.66103
39.93796
44.38599
47.62130
81.87957
100.02302
100.56226
100.61552
101.84078
107.10697
146.76393
156.69707
193.42037
207.17952
214.62039
214.63289
30.50610
56.40356
72.59744
74.29866
91.45897
100.66305
123.10970
123.46155
127.58030
130.25073
133.50997
137.27401
137.39046
138.61422
174.15618
174.17296
175.44841
182.68573
187.02580
23.88336
27.76965
29.26632
30.58310
46.97873
62.83618
-1.00000
-1.00000
-1.00000
-1.00000
-1.00000
-1.00000
-1.00000
-1.00000
-1.00000
-1.00000
-1.00000
-1.00000
-1.00000
67.24502
73.62113
85.26892
88.85947
103.70445
129.52675
130.55413
152.87938
170.65860
170.66811
176.76816
176.77278
228.99942
230.83972
232.23793
232.26130
233.11471
233.35766
252.27072
0.59407
17.38078
30.03582
38.57422
-1.00000
-1.00000
-1.00000
-1.00000
-1.00000
-1.00000
-1.00000
-1.00000
-1.00000
-1.00000
-1.00000
-1.00000
-1.00000
-1.00000
-1.00000
6.96343
9.35959
25.67301
36.34372
37.02615
42.80734
49.43020
79.78626
108.65987
139.34797
140.59023
157.46046
157.64581
158.18387
158.77567
166.65920
167.90379
194.39115
202.93741
12.62655
32.27598
39.50312
84.82594
104.39414
129.51608
165.68386
166.63563
171.42656
171.44925
173.63448
198.86178
209.45981
214.53038
230.51633
233.33303
250.27905
263.06888
349.23385
16.65672
17.98539
22.20836
29.61832
33.80456
41.26179
72.70624
85.99577
88.15798
93.23754
127.35303
141.50409
145.69131
147.13418
154.09725
154.14624
171.41925
171.68256
171.70853
1.92157
8.20858
44.76886
65.67862
133.15762
-1.00000
-1.00000
-1.00000
-1.00000
-1.00000
-1.00000
-1.00000
-1.00000
-1.00000
-1.00000
-1.00000
-1.00000
-1.00000
-1.00000
16.71408
23.84068
36.25327
54.83390
88.58882
89.17983
105.15895
111.83119
119.91827
120.52021
121.07166
122.06335
144.24990
165.05248
165.11148
199.30418
206.37362
250.36187
251.16316
20.32065
22.50761
43.22657
56.76191
63.49107
69.59744
117.01806
117.40107
117.92230
118.09038
124.88261
143.04757
150.83718
156.82403
156.85549
162.75721
173.29378
175.00232
235.94355
