3.47389
7.47092
10.57043
12.59161
12.69133
12.76667
12.87306
12.97990
13.05554
13.22655
3.85203
7.83337
9.45100
12.09328
12.18388
10.29596
10.42387
8.86868
6.99935
7.21363
8.20780
10.63400
13.28262
16.40047
16.50977
16.61273
16.70102
15.39681
15.45902
15.55618
3.02296
6.48508
11.09623
13.26293
13.33358
13.41253
12.17944
12.27290
10.45614
10.57265
2.97898
6.30345
10.20894
16.49427
16.58452
16.62909
16.68012
16.85346
16.92755
17.09293
5.32280
9.11546
11.88651
14.87955
14.93382
15.00659
15.08985
15.25905
15.30394
15.40915
4.29645
6.53133
10.73342
13.11353
13.22736
13.31203
13.34376
13.42639
13.52130
13.70069
1.69686
8.08629
12.81854
16.72744
16.76188
16.85949
17.06551
15.37355
15.49858
15.59093
2.43592
5.58792
8.15536
12.69861
12.82708
12.92605
10.90360
11.08080
11.17239
11.29838
9.66507
11.87276
14.92548
19.01402
16.59923
14.86481
14.91471
14.99462
15.10070
15.14831
2.09940
4.41627
6.52715
10.08883
10.13468
10.31765
10.40250
10.52133
10.65568
10.75978
5.54731
8.78429
14.73022
16.56342
16.64017
14.63329
14.72988
14.75480
14.96537
15.07888
2.29692
6.01016
9.90825
15.06812
15.11827
15.25128
13.37426
12.20954
12.28550
12.36188
5.03995
10.32119
11.29398
16.34299
16.41621
16.46535
16.54997
16.67674
16.71581
14.63884
4.96845
9.82485
16.36079
19.80041
19.88295
19.99705
20.13908
20.23934
18.00026
18.07189
2.70082
5.96750
9.56441
13.18852
13.23099
12.96887
10.27298
10.39405
10.48010
10.51982
4.05710
9.15435
16.33477
22.51146
22.58641
22.69491
22.86707
22.93860
23.06973
23.20522
3.56643
7.00033
8.74471
11.33764
11.51439
11.60981
11.70813
11.85416
11.95969
12.06960
1.28213
3.71685
10.34842
14.93412
15.04067
15.13420
15.21741
15.29916
15.38779
15.45964
3.28012
5.47247
8.18093
11.99536
12.04937
12.15955
12.38516
12.55002
12.70695
12.78208
5.18210
10.11026
9.15725
13.06995
13.24077
13.35331
13.39892
13.61276
13.68040
13.75416
2.99816
8.48217
11.29298
14.28765
14.52853
14.63002
14.78245
14.89456
14.98360
15.06891
4.88796
8.74595
11.34412
13.86275
13.98799
14.08632
14.26424
14.31529
14.39441
11.79115
2.55739
6.12097
9.86889
11.83450
11.86550
12.00417
12.16367
12.28516
12.38297
12.51171
2.83277
9.56899
12.99507
14.46536
14.56674
14.68414
14.75493
14.87776
14.98578
15.09497
4.46935
9.47363
12.12974
18.18714
18.26436
18.36365
18.43238
18.55674
18.62752
18.69261
2.13436
8.03183
12.36147
15.43258
15.46637
15.55343
15.70468
15.82456
15.94942
16.00742
1.84664
5.94957
7.20281
9.93767
10.11718
10.25019
10.32002
10.37803
10.40736
10.44974
2.62423
8.00991
12.33655
13.75240
13.80510
13.85685
13.94561
14.05611
14.14771
14.28015
6.85112
10.18092
14.34353
15.82751
15.91186
14.62853
14.78131
14.88469
14.97548
15.06878
3.86177
5.28558
12.39868
14.57272
14.66396
14.70747
14.81305
13.26404
13.37164
13.43810
3.39435
2.69537
4.19940
7.18152
7.33572
7.44185
6.11432
6.13359
6.27848
6.40102
1.54322
3.81512
6.48401
9.87158
9.94323
8.71314
8.74805
8.89146
9.03186
9.06241
3.48887
6.68004
8.76630
13.33619
13.49707
13.58544
13.75419
13.87760
13.98753
14.06671
4.13584
6.95661
8.92111
13.39543
13.55787
13.63104
13.81597
13.93889
14.01167
14.05039
2.86156
4.54878
12.33607
17.47491
15.70912
15.79939
15.90736
16.01025
16.15535
16.19642
4.59059
8.24681
11.98115
18.32250
18.45009
18.54646
18.72643
18.82538
18.87683
18.96678
2.90425
8.74886
11.86200
15.06692
15.13470
15.29797
15.43859
15.51656
15.58226
15.73196
3.06091
10.82490
14.08037
16.60513
16.69369
13.85686
13.93863
14.02971
14.10924
14.19324
4.77165
7.19140
11.24017
14.42844
14.51034
14.59116
14.66929
14.81540
14.90333
15.02413
3.57914
7.83182
12.46419
15.50499
15.57984
15.69186
15.82677
15.93188
15.97512
16.07259
2.70795
6.64914
10.56552
14.31766
14.44777
14.48484
14.61513
14.71129
14.80614
14.94852
1.09837
6.39653
11.78747
14.63540
14.72487
14.82681
14.91084
15.07352
13.02595
13.11446
3.86701
8.58060
12.05751
16.75047
14.96760
15.12837
15.34082
15.49763
15.58584
15.68910
5.48968
8.56447
11.14902
14.38772
14.53685
14.64045
14.69273
14.80259
14.88619
14.95443
3.49149
6.40627
11.87793
12.43493
12.49190
12.56985
12.61314
12.66593
12.78499
12.96687
3.97192
6.82394
9.97392
12.94828
13.01574
13.20811
13.29030
11.31225
11.53202
11.60382
2.31751
5.03946
8.55852
13.50096
13.59221
13.72242
13.84224
13.93787
13.97219
14.01723
3.57427
6.61670
7.78290
10.73599
10.86776
11.01415
11.13283
8.96758
9.02568
9.20530
4.45048
7.29171
11.31545
13.98829
14.17465
14.31780
14.51477
14.60913
14.70396
14.88508
3.84690
7.79740
10.40380
13.05090
13.14542
13.22115
13.33392
13.40203
13.52026
13.59049
2.56990
5.01903
9.88769
12.47506
12.58797
12.67988
12.71391
12.88852
12.96829
13.05419
3.27475
10.25259
15.19877
20.43432
20.50762
20.61587
20.76226
20.87681
21.00197
21.05117
3.39516
6.98245
8.47295
11.88650
11.98292
10.40587
10.47696
10.57452
10.64456
10.67281
2.47742
3.16936
6.19402
9.66880
9.72734
9.84919
9.90351
9.97039
10.09564
10.28430
2.26727
7.59310
10.30511
14.40778
13.55543
13.64492
13.74762
13.83029
13.98730
14.15635
3.57723
6.03434
11.18162
15.86245
15.98774
16.11662
16.17360
16.28928
16.43638
16.51654
3.23512
2.99146
5.24597
10.86075
10.88146
11.05237
11.16004
11.27061
11.33518
11.38731
4.18011
8.88325
10.68456
14.07543
14.17403
14.37028
14.42748
14.54046
14.58010
14.70114
1.98023
5.02424
9.36441
11.09418
11.19484
11.30517
11.41258
11.50477
11.59800
11.68787
5.16050
9.04965
13.27752
16.25282
16.32612
16.44264
16.47669
16.60853
16.70014
16.80213
4.94354
7.71490
10.38768
14.81958
14.95114
15.05881
15.20991
15.26420
15.40545
15.52899
4.06736
6.45504
9.12741
10.68772
10.81240
10.92695
11.02534
11.09603
11.17282
11.28170
3.48923
6.13225
10.77401
17.58866
17.67989
17.80792
17.89710
18.02980
18.08602
18.14139
6.84980
11.54316
15.97304
19.17955
19.29917
19.41017
19.45804
19.64722
19.78456
19.88718
4.15387
10.07585
13.29854
15.85172
14.23437
14.29846
14.43556
14.46073
14.58126
14.64531
4.95934
7.64704
11.20325
13.90720
14.01100
14.18939
14.30782
14.38136
14.50995
13.21172
2.74285
6.42783
10.57088
12.73819
12.97552
13.14845
-1.00000
-1.00000
-1.00000
-1.00000
3.38878
7.22179
11.81134
14.96141
15.05645
15.19507
15.26074
15.45980
15.59771
15.72336
4.57821
7.73333
9.20128
13.50560
13.57695
13.73319
13.83555
13.93519
14.10954
14.17649
4.32856
10.58533
16.19615
18.11161
18.22743
18.42798
18.52372
18.75777
18.84635
18.94177
2.15319
6.28980
8.35723
14.68455
14.84202
14.89924
15.00992
15.10518
15.21578
15.34338
3.27866
7.26817
8.43964
10.72128
10.88836
10.92145
11.00328
7.68267
7.75742
7.83866
2.73240
5.18821
7.05651
12.06151
12.19847
12.28162
10.62147
10.68548
10.78512
10.84868
3.67707
8.67641
13.22779
16.13651
16.29707
14.18629
14.33311
14.39588
14.46250
14.54392
2.73101
5.59561
9.13249
11.46575
11.62317
11.68568
11.74794
11.83671
11.92466
12.03076
6.41790
7.31089
9.09391
13.09950
13.19934
13.28235
13.37121
11.02365
11.15354
11.23270
4.57116
9.16606
11.78576
14.09105
14.14024
14.16880
14.22309
12.78351
12.87243
12.97031
6.07001
9.42443
10.73437
11.80817
11.88710
11.95169
11.98629
12.09185
12.26814
12.29689
6.08482
9.09886
12.22133
17.33792
17.39583
17.53582
17.59493
17.65180
17.75817
17.80929
7.46265
11.16478
13.21608
16.52348
16.62099
16.73933
16.79952
16.92786
17.08190
17.18838
2.73853
7.86543
11.31981
18.11603
18.22089
18.28713
18.46200
18.52992
16.29332
16.35180
6.36276
9.98277
16.16070
18.44502
18.55182
18.64478
18.69560
18.82584
18.92052
18.95165
4.07654
8.75789
8.92935
13.15336
13.25574
13.42674
13.48995
13.53921
13.64899
13.68118
6.81321
7.90255
10.86250
12.96379
13.15704
13.21574
13.27328
13.34320
8.86693
8.98478
5.62560
8.79782
12.84838
15.20056
15.24636
15.30720
15.41240
15.47152
15.63014
12.01334
4.29128
7.25274
12.13819
14.64131
14.81538
14.89549
15.01564
15.10409
15.17941
15.32184
4.42707
9.78039
13.98837
16.82503
14.53532
14.68973
14.82154
14.95555
15.04971
15.11621
6.27890
13.32662
17.68703
19.92226
19.98034
20.12920
20.24197
20.37433
20.49036
20.57521
4.81522
11.41739
16.87413
23.91956
24.00563
24.08838
24.16042
24.25511
24.34730
24.40726
2.91078
7.84704
12.98817
18.12317
18.21028
18.26695
16.68788
16.84023
16.90396
17.06323
7.27327
9.70889
11.63506
12.41244
12.52196
12.58808
12.68238
12.14293
12.16004
10.17012
3.32693
9.31695
13.44853
15.73753
15.87608
16.02100
14.74086
14.88121
14.97145
15.17311
1.98665
4.21206
7.92541
12.25308
12.31105
12.40835
12.55252
12.69836
12.78933
12.92187
3.33950
5.96704
9.87399
10.99464
11.09679
11.20634
11.29007
11.41972
11.51102
11.65717
3.63703
6.49844
7.84682
12.84122
12.90299
13.01103
13.17354
13.25434
13.30734
13.34544
4.15813
7.20408
12.35946
13.61311
13.90737
13.96620
13.99269
14.17905
14.38953
14.50683
3.91575
7.87219
8.90040
9.94018
10.06767
8.78988
8.90397
9.01941
9.10380
9.32850
3.86511
7.76486
11.18317
16.95863
17.13105
17.22924
17.38328
17.45404
17.54711
17.61490
7.09423
13.46399
16.38966
19.45956
19.50421
17.82007
17.87279
18.11170
18.19727
18.24123
