6.75431
12.16894
20.65849
30.35985
37.53510
7.91753
9.60098
17.41032
24.48562
26.56524
6.52408
11.25177
16.30234
18.79985
28.32294
7.21931
12.42776
16.19436
23.50834
35.54712
6.81512
9.46233
17.04612
23.55067
27.84609
5.43323
11.85438
20.39365
23.70827
32.76582
7.62798
12.30217
20.41615
26.46507
32.03101
5.18790
13.81907
24.58402
32.83559
38.48935
4.70712
7.84578
18.19805
27.85885
35.54942
2.90750
8.93880
17.20128
20.20289
22.43032
7.07367
15.35607
20.21822
27.30066
35.49359
6.01725
10.03759
15.01283
23.76040
33.62272
7.26948
9.57207
13.85460
16.42650
22.26704
2.93471
8.42588
17.21373
25.02529
31.58029
5.66359
7.15998
10.17545
13.73605
25.73168
5.08516
12.30415
18.01523
19.67499
37.63003
5.46616
10.91973
12.55531
17.75701
25.60831
3.15900
11.02068
15.28391
22.36703
29.74507
9.14700
13.60691
18.46310
25.74891
34.00055
5.40928
8.84564
17.24573
20.86720
23.37825
9.92353
14.76198
21.21820
23.97373
30.34827
7.67472
11.01547
14.36280
20.25908
27.19266
1.91998
6.06510
15.31466
23.61170
27.89914
4.42702
9.75019
11.25950
14.23450
22.96336
6.92261
10.91344
17.03699
20.71959
27.63193
6.51714
10.46036
15.22826
24.78399
26.52391
10.46910
18.92127
23.07529
30.44969
34.56868
3.99834
12.53116
20.72538
24.97050
34.71134
8.06323
10.37318
16.33552
22.02082
28.22267
4.12116
6.39285
12.23759
16.55274
24.79303
8.20492
20.90575
25.41565
30.46833
43.02125
8.21185
11.33590
15.09326
21.25949
27.16966
9.97858
11.47199
16.43228
27.02254
31.63436
9.63683
24.36617
28.44836
32.64004
36.14592
6.05167
11.25846
14.68426
21.81038
30.52177
8.04273
11.56270
24.18688
35.30434
36.15876
4.01940
14.50982
24.75043
28.88086
39.71431
10.31926
21.09260
25.88591
32.16997
39.56152
5.78003
10.90188
22.02279
29.97561
41.44932
8.89148
15.77351
17.42152
22.70972
30.83154
4.80146
8.85952
11.85550
19.20124
28.48641
2.18380
12.83753
16.60627
23.86442
33.94274
5.73386
13.94832
20.64774
29.21783
34.94087
1.63525
4.21416
8.18373
11.87646
22.03715
9.12160
16.31591
22.56457
29.53271
38.18628
8.40259
17.95128
25.71981
35.47263
47.66695
5.78125
21.40969
23.61139
31.33791
35.56558
5.93922
12.97348
25.53805
31.40128
40.97056
6.74552
17.31052
23.44083
33.53682
40.57099
10.52474
21.43495
26.37627
30.90050
39.14047
6.06714
8.41986
13.09273
20.92796
28.81786
6.32169
15.78794
30.28233
36.65294
39.08497
4.01288
12.18622
21.89183
24.71862
33.50106
5.76214
14.32139
17.94915
27.57602
30.82198
9.27857
13.37033
23.88925
30.19382
33.06107
13.54636
19.94631
27.81373
36.53390
39.03130
7.22327
14.60334
18.10296
22.93724
32.75805
2.25978
7.97423
11.14903
16.65067
26.11964
7.37197
14.90308
21.02034
23.23955
37.16307
11.23170
15.56763
24.45145
32.39810
41.99398
3.62201
7.59429
12.00910
15.80241
28.22889
5.68809
12.39795
24.56012
30.36080
37.01671
4.57160
17.72237
22.81793
27.62698
36.51104
11.07332
14.55032
15.59430
22.76286
32.84364
2.21622
5.27860
11.28142
22.75500
30.90918
11.09195
16.47659
21.14608
24.37082
41.24215
12.08054
20.87118
30.60482
39.55946
41.61206
8.97419
14.14365
21.18490
27.40756
30.07654
3.57677
10.80329
18.13813
21.56977
29.04122
7.06070
12.70471
20.91442
24.20581
28.42541
1.33419
12.71355
19.17128
25.92692
40.43652
7.76818
13.79019
18.65729
23.73146
31.36513
13.97033
21.06381
26.28976
36.59798
39.31695
3.70222
10.74250
21.31663
30.36186
39.02858
3.17999
8.08476
19.60663
21.79341
22.74796
4.96676
8.76418
14.79594
22.96933
30.59910
8.83055
17.47599
27.64213
31.97761
36.79451
3.27378
16.07921
26.42590
35.07228
41.58445
7.21772
11.37132
13.65654
16.91917
24.64234
6.00931
9.73889
13.26776
21.03420
32.23258
4.93601
18.61304
23.00279
28.04974
35.84580
3.71627
8.60981
13.66221
22.04484
25.82231
7.23966
17.78927
24.99949
32.64202
36.58239
2.75301
10.53468
15.35247
22.81918
27.29305
5.67024
7.33761
9.21887
17.13185
26.69997
7.11243
11.01119
15.11716
24.42753
30.53441
6.33756
16.41397
23.72535
29.78631
33.93891
9.49817
11.32256
14.24124
20.38550
23.63873
4.81116
14.11801
16.40979
23.14716
36.51608
2.94174
8.47507
20.61850
31.97228
34.24549
5.28076
13.26466
28.92149
35.13815
43.60993
8.87729
12.54691
18.56808
21.17900
24.58021
1.17402
5.81242
8.46853
13.79431
21.57411
7.78962
16.60510
20.55915
24.18367
29.00447
7.89908
12.20107
23.23426
32.17698
41.84520
11.81659
19.29350
21.54751
29.36535
31.64549
5.68036
12.25466
17.62057
22.92688
24.34446
6.10994
7.49039
9.74989
22.75550
28.74920
7.32712
16.70529
22.21583
24.87384
30.40237
3.57845
5.35199
6.76232
15.15426
19.62055
