1.18867
6.61340
10.54836
12.79483
21.41982
26.07080
27.63396
27.71242
27.90732
28.21526
28.64487
-1.00000
-1.00000
-1.00000
-1.00000
-1.00000
-1.00000
-1.00000
-1.00000
-1.00000
-1.00000
-1.00000
-1.00000
-1.00000
3.15233
4.20352
8.58762
15.53822
26.68906
27.51666
35.89852
36.02490
36.20405
36.36404
36.53404
34.04770
34.50345
34.80028
34.81495
34.98576
35.28884
35.45355
35.69869
36.04506
36.48891
36.66329
36.94548
37.24464
1.42533
9.08435
10.63136
15.32683
21.49380
21.93479
24.96591
25.03319
25.15363
25.66903
25.74414
25.88399
23.78403
23.96383
24.26069
24.53584
24.72896
24.90605
25.12205
25.27981
25.42488
25.42907
23.70096
23.91502
8.81554
19.88549
20.91226
22.26328
26.47251
42.60211
43.70303
44.02969
44.31543
44.44792
44.48503
44.69193
44.84134
44.92261
44.56814
44.62120
44.75077
44.78996
44.95987
45.14313
45.33628
45.39377
45.54771
46.17484
2.66719
16.25168
23.02003
25.32042
29.36092
31.23983
46.11449
46.35514
46.37450
46.49097
46.61714
46.64828
46.80518
46.98529
47.01602
47.18306
47.21596
47.35572
47.46520
47.88120
48.05385
48.16208
48.51870
48.71234
6.16485
7.24332
9.59622
12.38682
17.87654
17.99584
25.55393
25.89509
25.89509
26.02869
24.34430
24.50191
24.59801
24.80317
25.15969
25.19223
25.62955
25.76598
26.21291
26.31702
26.31879
26.78393
26.85010
26.88200
0.07407
3.88861
13.42482
17.02038
19.52172
32.09314
39.20288
35.68882
35.83742
35.96931
36.14398
36.14554
36.17238
36.26047
36.32729
36.48326
36.67147
34.37991
34.42807
34.46397
34.72268
34.92466
35.15002
35.66027
3.38238
3.59448
5.80780
7.78915
11.60453
16.05213
24.79392
24.84076
25.25755
25.47589
25.61514
25.62688
25.65558
25.95255
26.33052
26.45595
26.58177
26.76138
27.14281
27.43521
27.54662
27.64987
27.83119
27.84606
2.89603
9.30536
21.51183
23.98456
26.87671
28.35681
38.09114
38.20601
38.52957
38.68550
38.83895
39.47832
39.91030
39.95682
40.50897
40.68515
40.80655
40.83511
40.99808
41.17772
41.42862
41.72247
41.25886
41.43389
8.58083
11.22130
24.66000
24.99807
27.07826
28.84928
32.88603
-1.00000
-1.00000
-1.00000
-1.00000
-1.00000
-1.00000
-1.00000
-1.00000
-1.00000
-1.00000
-1.00000
-1.00000
-1.00000
-1.00000
-1.00000
-1.00000
-1.00000
3.02070
4.73208
7.09153
10.83468
18.86873
43.47676
43.68479
43.81240
44.03177
44.06737
44.13447
44.23833
44.32872
44.65179
44.78236
44.97935
45.27508
45.44140
45.49803
45.66096
45.74954
45.84303
46.74259
46.97722
1.43835
4.17380
5.62997
7.56540
15.26471
23.41153
36.35522
36.52253
36.64924
36.83522
36.27389
36.32185
36.59676
36.99868
37.17159
37.32150
37.49760
37.58687
37.66443
37.76547
38.19690
38.20989
36.92288
37.23637
13.77487
15.97221
25.36278
26.25843
26.56680
30.04179
41.17558
41.56195
41.96679
42.08484
42.38991
42.66914
40.81333
40.93644
41.25805
41.79400
41.97040
42.08006
42.10713
42.11425
42.20246
42.53164
42.84149
42.86662
7.86603
9.09993
12.56563
21.11011
31.74184
33.08004
44.40739
43.03115
43.42830
43.91207
44.21629
44.27787
44.31428
44.43044
44.51983
44.68183
44.70850
44.88398
45.11252
45.24498
45.36691
45.38967
-1.00000
-1.00000
7.87112
17.90695
20.44973
25.50528
32.50342
34.86714
38.85357
38.93196
39.10797
39.32704
39.73058
39.76128
39.86559
40.03900
40.15858
38.49019
38.93177
37.16313
37.38382
37.15458
34.41855
-1.00000
-1.00000
-1.00000
5.68693
6.96892
6.69003
12.71594
18.27822
20.47497
20.89692
21.33988
21.61880
21.86896
22.09978
22.22450
22.31855
22.61652
23.05379
23.17001
23.22002
23.47518
23.56399
23.79682
23.93754
24.01127
24.03672
24.37933
30.78247
32.78868
36.89603
48.41542
52.19977
52.68332
56.75935
56.76077
57.10566
57.11417
57.29837
57.93911
58.20327
58.51312
58.88293
59.37588
59.58378
60.12679
60.28616
60.40279
60.73598
61.32699
61.42700
61.49576
4.01763
5.65040
7.42919
11.03438
12.05554
14.86040
24.50305
24.66602
24.94741
25.07485
25.10688
24.03907
24.14799
24.24070
24.81742
22.22770
22.36648
22.57554
22.65477
22.84638
23.35714
23.43871
23.72780
23.88939
6.13395
7.78144
8.38027
10.69241
17.71014
26.62643
-1.00000
-1.00000
-1.00000
-1.00000
-1.00000
-1.00000
-1.00000
-1.00000
-1.00000
-1.00000
-1.00000
-1.00000
-1.00000
-1.00000
-1.00000
-1.00000
-1.00000
-1.00000
4.85799
5.64288
6.95065
12.47379
18.43845
24.20978
31.67748
31.77858
31.83243
32.01247
27.77592
27.89406
27.89877
27.97981
28.19224
28.20790
28.29088
28.71306
28.95578
29.06907
29.22086
29.44668
29.63250
29.97930
4.53747
4.80943
9.09917
9.53295
16.03059
19.99313
23.92960
24.07525
24.30886
24.42591
24.55788
24.71243
25.01101
25.10201
25.46643
25.50284
25.80447
25.84105
26.04126
23.78368
23.95097
24.20973
24.21391
24.38321
5.58832
10.68201
20.28046
33.89074
39.35889
45.22904
48.07568
48.16489
48.32893
48.46039
48.60219
48.78004
48.90347
46.74473
46.87302
47.04461
47.44326
47.64413
47.80483
47.89683
48.19598
44.90912
44.93572
45.14892
0.87404
2.74072
12.24902
15.75021
22.72703
25.06857
40.55002
40.93276
41.16066
41.21425
41.21477
39.62208
39.71268
39.81986
39.97389
40.28322
40.30182
40.70676
40.76329
40.89588
40.98208
38.81441
38.89877
38.89907
3.12315
8.26690
11.45999
18.84687
21.96048
23.02099
26.46868
26.86464
27.00099
27.14631
27.20553
24.84578
24.87594
24.95569
24.95700
25.08683
22.78667
22.98025
23.02202
23.09821
23.78058
24.09250
24.11619
24.32181
8.32865
12.25332
20.01384
22.11848
24.65368
29.39527
37.36874
37.89077
37.98294
38.08667
38.10473
38.28244
37.88368
37.98379
35.95749
36.03914
32.80510
32.91755
31.52661
31.57858
32.23033
32.59670
32.61414
32.68758
5.85053
8.73169
10.34074
14.89491
24.47460
25.70127
27.43118
23.96744
24.07812
24.52150
24.59940
24.75814
24.79927
25.27556
25.37888
25.51147
25.71994
25.72965
25.99469
26.21956
26.62553
26.80400
26.83421
27.06735
7.56463
7.76315
9.43253
14.89680
18.41177
19.44539
24.90688
24.94501
25.11624
25.47793
25.75882
25.81937
24.45492
24.52141
24.52897
24.85324
25.14607
25.49069
25.55131
26.03006
26.17500
24.57680
24.97134
24.04996
3.15101
6.88755
16.36193
20.31498
39.33495
46.66101
52.65206
51.09821
51.17085
51.29047
48.61091
48.83292
48.91200
49.35087
49.57476
49.64977
49.73274
49.54744
49.64325
49.22248
49.43493
49.47698
49.79263
50.05398
3.67355
15.64029
18.77682
19.78433
26.54754
26.56632
27.44585
27.48930
27.62005
27.65584
27.68660
27.75235
27.85463
27.87891
25.58704
25.80281
25.95804
26.02667
26.10750
26.42624
26.57086
26.67829
26.49450
26.60307
3.40997
5.70475
6.51208
20.65233
22.45081
28.96359
37.66623
37.76285
37.81222
38.06276
38.16635
38.30713
38.54137
38.84162
39.05272
39.13320
39.39367
39.61976
37.66552
37.89220
38.00215
38.22352
38.54617
38.67822
6.00328
8.77370
10.58982
12.62122
16.19240
19.12828
19.13546
19.36117
19.36713
19.61728
19.90120
19.94031
20.09857
20.33888
21.46459
21.68697
21.87339
21.91228
22.16141
22.17979
22.30701
22.37020
22.67399
22.80591
0.76304
12.46576
16.23037
25.25925
31.04314
35.72329
40.69013
40.85180
40.98948
41.03023
41.44865
41.51071
41.70297
41.85381
42.07005
42.10979
42.27515
42.06284
42.28517
40.56417
40.92289
41.11124
41.28339
41.47666
5.92474
19.87801
20.47350
27.70560
32.55572
37.57829
38.31729
38.35124
38.47416
38.79173
38.86356
39.04561
39.07184
39.08171
39.26017
39.27817
39.48846
39.72424
39.97503
40.31155
40.35934
40.41745
40.66025
40.82490
2.79702
6.24508
8.11839
14.88768
17.74088
20.44763
17.88345
18.15968
17.15229
17.55974
17.66380
17.31050
17.38850
17.38979
17.91807
18.33777
18.78487
19.01127
19.08926
19.15863
19.25129
19.53146
19.68397
20.07920
22.11665
26.77256
29.43085
35.61553
37.80665
50.20672
56.25122
56.38054
56.40562
56.49471
57.01026
57.15547
57.42675
57.55057
57.57815
57.61131
57.78899
58.13364
58.28518
58.51509
58.66188
59.00558
59.10307
59.21632
6.01067
9.38600
12.31396
17.46101
25.76495
26.10488
27.60704
27.73917
27.88360
28.15622
28.33484
26.73398
26.82017
26.89508
26.99935
27.15578
27.13413
27.26263
27.49384
27.66790
27.73405
-1.00000
-1.00000
-1.00000
7.92227
11.84114
21.58977
27.50361
33.29641
40.74483
50.29515
50.38365
50.41209
50.77459
50.89398
51.09590
51.34034
51.47898
51.72886
52.02169
52.14906
52.20848
52.21137
48.01941
48.29810
48.46511
48.65746
48.82875
12.30752
15.60865
22.03285
33.13530
36.93605
39.55755
46.25213
44.68897
44.83999
45.08498
44.41459
44.60939
44.85909
45.14313
45.50565
45.93490
46.01018
46.04763
46.16907
46.35353
46.47367
46.47707
46.97532
47.10302
1.16883
13.29516
16.55886
20.63562
24.41135
26.30995
33.03205
31.50721
31.77213
31.91007
31.98861
32.25543
32.30131
32.39385
32.51694
32.20312
32.38715
32.59552
32.72162
32.85480
33.06815
33.32275
33.50897
33.11193
2.27123
24.06770
27.42297
33.74761
35.54152
44.89378
49.72206
49.84914
49.94542
49.99162
50.50420
50.76675
50.90564
50.93831
51.31794
51.60231
49.88256
50.10655
50.59419
50.69035
51.00655
51.46674
51.65690
50.17985
3.24793
14.64226
16.64588
23.48248
25.35947
30.39162
31.86275
32.15145
32.42247
30.41321
30.67265
30.86003
30.98227
31.11991
31.50097
31.55293
31.68613
31.88000
32.00395
32.20688
32.20963
32.26871
32.49676
32.76869
1.91553
8.97374
11.10803
21.73820
27.34265
32.83225
38.98768
39.53134
39.63577
39.79908
40.01572
40.05549
41.12949
41.13405
41.34433
39.99694
40.04106
40.72859
40.90556
41.46028
41.65620
42.01172
42.29521
40.94235
3.16705
6.20496
14.83408
17.62637
20.21195
21.63197
25.51838
25.68907
25.69863
25.73708
24.65869
25.02721
25.03182
25.20482
25.21267
25.40367
25.92609
26.04230
26.09004
26.28048
25.25831
25.59090
25.70990
25.90675
1.25828
3.00845
8.95732
12.44927
17.28977
20.35870
33.08915
33.36880
33.43822
33.48844
33.81794
34.05731
34.33126
34.41960
34.47248
34.70851
35.06985
35.27697
35.46021
33.54445
33.62649
33.94207
34.18287
34.29281
5.10909
16.64354
18.05094
21.79685
27.77626
38.39950
39.71762
39.83983
39.91939
40.16250
39.78541
39.88468
39.95969
39.96905
40.04562
40.09364
40.25845
40.52208
40.65879
40.72193
40.83836
40.98368
41.05555
40.69961
6.63446
7.68537
9.63236
13.85648
20.61030
31.06296
31.94293
31.97338
32.20563
32.44743
32.69456
32.89864
32.08055
32.25167
32.47415
32.82586
32.93008
33.06917
33.45328
33.97816
34.20561
-1.00000
-1.00000
-1.00000
1.11630
4.15860
16.31166
18.54707
19.81982
-1.00000
-1.00000
-1.00000
-1.00000
-1.00000
-1.00000
-1.00000
-1.00000
-1.00000
-1.00000
-1.00000
-1.00000
-1.00000
-1.00000
-1.00000
-1.00000
-1.00000
-1.00000
-1.00000
1.34658
21.63472
29.12121
29.37196
32.94868
49.76918
52.42441
52.60687
52.80208
53.10087
53.49982
53.64851
53.90323
53.92687
54.09659
53.56090
53.70036
53.85717
54.19559
54.22107
54.86347
54.93713
55.16913
55.27146
6.36802
21.20046
24.94185
29.05310
31.89404
39.26810
50.77014
50.96442
51.35874
51.49705
51.53304
51.64726
50.09295
48.82337
49.12291
49.18721
49.26593
-1.00000
-1.00000
-1.00000
-1.00000
-1.00000
-1.00000
-1.00000
2.98233
13.14085
35.51789
42.17484
45.52900
55.68136
58.91959
59.00203
59.57587
59.98612
60.12758
60.29390
58.34171
58.61012
58.70478
58.94365
58.97152
59.04947
59.07373
59.08830
59.29809
59.47734
59.58397
59.73986
3.12787
7.92286
12.99073
21.33850
22.76658
24.16337
32.59494
32.95344
33.10714
33.40988
33.71611
33.85389
34.10835
33.03503
33.06171
33.12320
33.76501
34.14788
34.21983
34.46876
34.80325
34.96451
34.98856
35.31007
0.96329
7.04394
8.56391
9.19904
10.31061
12.33358
12.90754
12.97116
13.20423
13.20882
13.52781
13.81867
14.08617
14.34067
14.40355
14.71552
14.81543
14.99730
13.77435
14.08241
14.16762
14.55990
14.65177
14.73389
12.90401
18.56137
21.37870
23.47203
35.67073
37.83226
42.16674
42.24968
42.38740
42.41893
42.46733
40.52010
39.89534
38.68626
38.90693
38.98610
39.13877
39.35074
39.40157
39.71808
39.80088
39.85952
40.12640
40.22389
2.26742
5.80930
12.81614
17.69349
19.17194
19.98234
25.82661
24.41733
24.55993
24.73056
24.82572
25.55070
25.71654
25.71694
25.47370
25.53832
-1.00000
-1.00000
-1.00000
-1.00000
-1.00000
-1.00000
-1.00000
-1.00000
3.53490
4.47648
16.43154
18.99585
21.47259
37.86473
45.37175
45.65996
45.74252
46.03057
46.52257
44.77931
44.89701
45.46854
45.50865
45.67218
45.77437
45.91770
46.26936
46.35512
46.74588
47.08087
47.46788
47.59956
7.19260
12.76572
13.30042
14.08952
14.91609
31.18004
36.48820
36.52883
36.63324
36.69111
36.90099
34.18007
34.20844
34.22603
34.39205
34.62586
34.79458
34.90753
35.08532
35.13146
35.27878
35.28773
35.31396
35.43081
2.26323
6.12429
9.95981
13.08818
18.66142
26.69731
32.13123
32.61931
32.78595
32.97038
33.11415
30.97446
31.08585
31.19686
29.89506
28.86706
29.23875
29.62950
29.88507
30.62061
30.62195
31.32180
31.48852
31.59890
4.64523
5.52479
9.81394
17.65399
22.34730
29.61394
48.27469
47.82907
45.69981
41.91988
42.01414
42.17102
42.31221
42.42663
42.45377
42.56829
41.63749
41.71051
42.06590
42.16643
42.33605
42.54830
42.69160
42.93427
10.93671
12.31974
20.20607
24.30929
32.22952
34.65087
37.13537
37.30972
37.72612
38.14866
38.54064
38.60802
38.74233
38.95412
39.14873
39.17142
39.28790
39.62741
39.66178
39.66580
39.77459
39.79188
39.94261
40.00599
0.09764
0.93517
2.68946
7.07812
8.86405
12.70022
24.42601
25.06884
22.48904
22.55059
20.31919
20.73635
19.68804
19.81208
20.07029
19.04132
19.04875
19.18293
19.38409
19.80565
20.08389
20.26759
20.30376
20.35164
14.89918
17.46649
20.20165
20.79260
26.32535
32.32683
33.26863
33.45918
33.49469
33.62611
33.79064
34.53903
34.54458
34.60589
34.81469
35.02393
35.12414
35.31802
35.42059
35.47952
35.85282
36.03731
35.40424
35.46334
3.02342
13.68121
14.99717
32.44890
48.33109
51.32008
54.57500
54.58918
54.76526
54.93983
54.98282
55.12548
55.26115
55.32468
55.46933
53.64626
54.05482
54.17083
52.05677
52.06475
51.74875
51.91139
52.00897
52.16546
2.68238
8.09543
13.14073
16.59264
22.05962
27.25687
28.86659
29.01496
29.24254
29.30429
29.58441
29.72466
29.73868
30.21500
30.46760
30.51641
30.71817
31.14156
31.48913
31.59880
31.84893
32.28309
32.38196
32.46959
1.46122
5.40801
8.49686
18.18354
24.59242
30.17268
41.17681
41.28938
41.78279
41.92593
42.08402
42.19762
42.36929
42.59667
42.64179
42.93346
42.94288
43.19306
43.23672
43.27926
43.39809
43.41238
43.44529
43.50172
6.98745
10.48257
13.54778
17.48333
22.98622
26.63167
27.75198
28.34519
28.67871
29.04460
29.16884
29.33532
29.59820
29.85002
30.01090
30.11050
30.20737
30.32121
30.38922
30.60619
31.20166
29.85345
28.25038
28.35702
4.32590
10.63014
12.74290
15.11796
20.09591
22.34631
22.86467
22.88355
22.98993
23.03789
21.34685
21.55465
21.66547
21.73306
21.96645
22.26128
22.31706
22.59159
22.69485
22.86609
23.29334
19.68506
19.79953
19.99053
1.30840
5.35703
8.61126
14.77736
19.42962
33.26986
55.04033
55.14309
55.49977
55.74107
55.97687
56.04870
56.10934
56.32033
56.61497
56.88388
57.15756
57.40039
57.57243
57.81262
57.98014
58.16571
57.03491
57.16738
4.41507
5.59472
7.15396
12.25333
26.01609
26.86234
27.80868
27.86503
28.17310
28.54728
28.55909
28.74972
29.02876
29.11784
29.31877
29.34598
29.39854
29.56875
29.77648
30.09244
30.17790
30.41047
30.69036
30.85278
8.14296
19.10601
28.32301
31.63919
39.43893
42.78297
41.32100
41.33288
37.15287
37.34736
37.49279
37.53776
37.75051
37.93502
37.94430
37.94717
38.03474
38.50264
38.67590
38.72742
38.77602
39.29512
39.40620
39.48970
4.53749
9.38275
22.15004
24.34247
27.58859
30.77018
46.17213
46.27670
46.27313
46.43386
46.49200
47.00567
47.38849
47.46578
46.28544
46.47591
46.78380
46.94197
47.00777
47.39414
47.93629
48.00226
48.09557
48.59170
5.69494
7.07530
9.15182
11.34749
14.46114
16.91732
19.14149
19.21046
18.14378
18.23937
18.37909
16.76167
16.76844
16.90114
17.14160
17.25318
17.30611
17.42270
17.57615
17.58273
17.65162
17.76324
17.94022
17.99362
3.01424
3.27231
11.57337
13.54680
23.18293
31.57721
35.82484
35.92460
34.14313
34.45027
34.59648
35.03688
35.05173
35.14868
35.35246
35.35967
35.44247
35.70902
35.77987
36.05138
36.15082
36.75684
36.77584
37.07007
1.80241
9.74655
15.19413
16.19363
26.76390
31.57311
34.20677
31.47525
31.53789
31.71473
31.96971
32.12706
32.12740
32.26095
32.26543
32.51803
30.62742
30.72067
30.99646
31.18935
31.81356
32.16100
32.17114
32.21940
7.37497
9.24816
11.69039
18.17917
26.08100
46.41989
57.05758
56.00800
56.09102
56.25144
56.50255
56.58334
56.59216
57.09505
57.44375
57.47358
57.90652
58.15406
58.22789
57.41630
57.65607
57.66071
-1.00000
-1.00000
9.51549
23.32230
25.05143
28.43150
31.19592
44.59353
45.88811
46.26253
46.46221
46.50946
46.55332
46.65330
47.20394
47.55393
47.86926
48.05472
48.21557
48.39373
48.89798
48.99633
49.09909
49.37669
49.44618
49.71230
12.02934
23.11655
39.43953
51.47594
60.59067
67.14841
70.11397
70.51038
70.80940
70.92244
71.09237
71.21967
71.41116
71.53252
69.91292
70.01988
70.31977
70.38200
70.59672
70.71875
68.92010
69.43653
69.46958
69.57572
1.24152
6.36796
9.36753
12.66954
14.65285
21.26943
27.71903
28.05322
28.16481
28.49932
28.71590
28.77900
28.86310
28.94964
29.06538
29.28803
29.76509
30.05973
30.12328
27.61499
27.88812
27.96739
28.23637
28.32378
11.89555
18.46940
26.61754
27.32628
31.32746
36.84673
38.43693
38.62211
38.91986
39.15168
39.44627
39.58472
39.99655
40.19908
40.22642
40.48370
40.67451
40.79402
40.82668
41.09789
41.29760
41.81856
-1.00000
-1.00000
2.15866
6.32692
9.82424
11.79815
14.11845
28.36011
32.33742
32.74857
32.99793
33.08087
33.31680
33.58367
33.59436
33.74758
34.03270
34.07891
34.17599
34.22643
34.28323
34.49407
34.57560
34.68339
34.86343
34.98492
3.26166
6.86840
10.84473
14.04725
19.22366
27.76213
28.04107
28.15808
27.14863
27.34319
27.38047
27.45017
26.09860
26.21734
25.81840
26.11355
26.19509
26.22206
23.69803
22.02611
22.06943
22.65114
22.76089
22.83068
5.76116
6.97781
16.61035
27.98561
31.89496
40.70821
47.10845
47.42078
47.46739
47.52404
47.28743
47.67955
47.86394
48.08351
48.28523
48.70634
48.81805
48.87626
49.08312
49.15641
49.22431
49.45080
49.71848
49.92026
10.28758
11.90908
13.01771
19.60844
20.90192
23.08365
24.15028
24.26153
24.33989
24.37555
24.42954
21.54011
21.74963
22.02668
22.06952
22.17488
22.30753
22.56637
22.66105
23.04503
23.29114
23.32729
23.57296
23.59472
3.11212
5.13077
7.92853
6.67287
7.94008
10.71416
24.69565
24.80923
25.10599
25.29199
25.46887
25.48688
25.64335
25.67795
25.90779
25.94328
26.31161
26.53688
26.77110
25.22047
25.69506
25.69538
25.85651
26.02771
10.27843
18.01920
19.63574
34.08374
35.53625
38.05813
44.49309
42.99517
43.14345
43.62345
43.66033
43.83642
43.87525
43.91071
44.19292
44.32615
44.37918
44.44212
44.55735
44.66149
44.75498
44.99770
45.06303
45.08580
10.17117
12.24682
27.98633
40.60564
47.13214
60.22891
62.19512
62.48828
62.52589
62.41686
62.50227
62.83230
63.05077
61.65053
61.80832
61.85611
61.95679
62.20817
62.32367
62.45599
62.53246
62.95126
63.23333
63.30353
4.11930
9.40488
10.55134
12.43537
26.05136
28.95543
32.77894
33.04080
33.07758
33.31615
33.65230
33.66831
33.69077
33.92699
34.04288
32.74570
32.91770
33.16697
33.40904
33.81513
33.95410
34.73446
34.92424
35.23388
2.15593
6.67808
7.08717
9.87927
11.60751
17.02270
21.73972
21.74959
21.86229
22.02142
22.16037
22.21624
22.26973
22.72047
22.97436
23.16261
23.48968
23.61892
23.65205
22.02756
20.44810
20.63396
20.72640
21.39581
3.50784
9.83498
26.24391
34.50663
42.28023
44.22463
54.13435
54.20440
54.22367
54.45061
54.45560
54.58447
55.15698
53.26804
53.55725
53.74871
53.93873
-1.00000
-1.00000
-1.00000
-1.00000
-1.00000
-1.00000
-1.00000
0.42882
2.01212
2.63837
24.20794
24.75690
30.11022
33.36861
33.70724
34.01525
34.23600
34.69694
34.76354
34.81780
34.98079
35.11502
35.22340
35.38588
33.07478
33.25706
33.60008
34.08431
34.22468
34.41105
34.61791
0.65279
0.85122
2.77486
5.52265
7.63869
13.52055
13.98832
14.23158
14.40878
14.55898
14.95566
15.41847
15.77230
15.93037
14.40932
14.61772
15.35209
15.51562
15.94195
16.14759
16.17901
16.27467
16.75387
16.79306
5.56599
16.36623
25.79121
30.09785
32.31349
33.38376
48.89104
49.00758
49.54315
49.66362
49.75354
50.01816
50.50332
50.59306
51.14345
51.60306
51.75457
51.84764
52.19067
52.36625
52.40205
52.43981
52.84821
52.98985
7.15840
11.04403
14.79493
18.12025
28.48943
34.15038
34.98969
35.09820
35.41000
35.58883
35.68862
35.43488
35.47274
35.83886
36.05531
36.18323
36.27900
36.57070
36.65782
36.70781
36.77462
36.84218
36.86044
37.05067
16.87209
17.68820
21.27867
21.82792
36.59196
37.32975
40.65487
40.90094
41.28021
41.67300
41.91282
42.06221
42.38274
42.45570
42.56783
43.02021
43.31282
43.43747
43.86775
44.01946
44.31916
44.40935
44.43006
44.43950
11.17724
11.75795
20.21176
26.42659
27.53230
32.00627
43.67975
44.06165
42.53120
42.90278
43.14533
43.94577
44.25282
44.32656
44.41777
44.43081
44.70100
44.97037
44.97317
44.98294
45.01558
45.06855
45.35356
45.42152
2.11324
2.46206
6.75337
17.46081
24.56853
37.18903
37.34407
38.11536
38.34317
38.46722
38.72354
36.66600
36.92062
37.12463
37.29508
37.48532
37.50656
37.53294
37.71357
37.85700
38.15478
38.27092
38.28990
38.52290
0.78132
27.23051
36.02978
64.52150
67.03742
72.20701
74.23340
74.71654
74.82493
75.13204
75.22978
73.72468
73.78565
73.92644
74.06972
74.26631
74.61284
74.93170
75.13164
75.22684
75.31222
75.41112
75.55504
75.80645
0.66255
5.61997
13.36741
25.74512
35.28015
38.59680
42.25442
42.50635
42.55137
43.00475
43.06663
43.45330
43.55188
43.80226
44.08699
44.40094
44.90043
45.16425
43.74853
43.92652
44.00902
44.18297
44.24394
44.43127
9.22331
11.67376
16.16194
28.54488
38.55969
48.40426
60.06628
60.25846
60.39633
60.67620
60.87881
60.90928
60.93753
61.02315
61.19546
60.35260
60.51560
59.27188
59.35847
59.54643
59.55608
59.71465
59.89863
60.03099
2.48946
7.42098
13.88583
22.73401
26.13910
36.07081
41.60578
38.82021
38.93235
39.10610
39.35583
39.57801
38.02476
38.16714
38.21020
38.60600
38.93681
39.00955
39.37840
39.47399
39.63573
39.64701
39.67554
39.89385
3.00702
10.34934
17.28352
18.49328
26.57896
31.80751
32.90781
33.30144
33.32302
33.63002
33.67352
33.81958
33.94789
34.77305
34.84041
35.00980
35.13758
35.48480
33.72775
34.01229
32.35669
32.40027
32.91190
32.99152
