3.37802
6.21336
9.86581
11.51958
11.54628
11.61948
11.75862
11.84034
11.95265
12.02058
4.26183
7.19313
10.10079
14.01970
14.07022
14.20065
14.24122
14.30479
14.42471
14.44536
3.33678
5.80394
9.49153
13.09020
13.22447
13.31400
13.43594
13.60206
13.77796
13.86655
3.02703
9.12889
10.97340
17.26372
17.36485
17.50916
17.63948
17.78078
17.89644
18.07206
5.21563
7.79068
10.43126
16.60785
16.76174
16.82597
16.90662
17.01661
17.11086
17.18452
2.77954
5.88880
8.93685
12.68259
12.75677
12.80497
12.99959
13.10083
13.21993
13.32863
3.78782
6.69235
11.72885
16.20744
16.27136
16.42518
16.56100
16.78090
16.93174
16.99510
3.69177
5.77781
8.90072
14.26352
14.39093
14.46858
14.57153
14.70489
14.84312
14.98784
2.84353
4.92571
11.12679
14.49356
14.53664
14.61803
14.78098
14.86989
14.97425
15.07014
2.74291
5.06000
6.57266
12.36159
12.49538
12.54892
12.73068
12.86495
12.96335
13.09268
3.42759
7.96037
16.23652
19.04614
19.10822
19.18105
19.32698
19.42049
19.53901
19.61208
4.35631
8.20235
12.89174
14.41561
14.50504
14.60314
14.70575
14.89936
15.04088
15.08791
4.82784
7.60359
13.10389
17.92754
18.04725
18.17501
18.25868
18.39579
18.48765
18.56140
5.89475
8.87630
14.15427
20.15312
20.28156
20.41807
20.46908
20.48531
20.66689
20.76179
4.31441
7.68364
11.60486
17.79245
17.87344
17.95246
18.04710
18.18685
18.30182
18.41253
3.76432
6.13516
9.56986
12.56276
12.67952
12.74656
12.81449
12.92814
13.09564
13.15101
3.38034
8.73438
15.59002
19.82717
19.90260
20.02571
20.16838
20.38717
20.43576
20.59100
4.32842
7.95576
12.36956
16.58773
16.67626
16.77657
16.91303
17.07412
17.17142
17.32465
3.45776
8.37081
10.62470
15.04449
15.16154
15.26537
15.37705
15.43000
15.63119
15.78959
1.28507
8.40991
11.73793
12.99246
13.11642
13.18868
13.30493
13.40939
13.53125
13.60736
2.62713
5.57545
12.99560
16.97580
17.12678
17.25153
17.34221
17.41917
17.50548
17.59119
5.06343
8.06820
13.76178
16.68066
16.77344
16.82348
16.87353
17.00970
17.13510
17.21718
3.22372
6.89559
8.60362
10.84889
10.92834
11.08071
11.25520
11.36481
11.59755
11.76108
9.43887
13.81234
15.79069
18.16609
18.22017
18.33226
18.41630
18.56542
18.75509
18.94001
5.68413
10.06591
13.56098
20.51713
20.57478
20.59409
20.72500
20.77701
20.81023
20.88213
3.83629
7.96479
9.93862
13.34698
13.44955
13.52017
13.64981
13.81571
13.85658
13.90329
2.70615
9.21489
11.45538
14.30249
14.35580
14.50290
14.56228
14.64982
14.76011
14.86710
6.99231
9.87323
13.58264
16.35307
16.43030
16.56496
16.64571
16.77585
16.87183
16.98818
2.73262
9.82233
14.31125
17.98468
18.09510
18.13092
18.21665
18.28615
18.41605
18.46822
1.54192
5.79143
9.36663
13.24381
13.29550
13.37186
13.45941
13.56381
13.61998
13.74376
2.96951
7.46882
14.85444
16.70072
16.81527
16.87720
16.99012
17.13471
17.19682
17.33378
1.31182
4.36432
6.40335
11.70256
11.81712
11.92752
12.01816
12.15485
12.28247
12.43715
4.42422
10.79311
12.97089
16.62975
16.74084
16.89590
16.94457
17.12276
17.19888
17.27486
3.02489
5.55011
11.92148
16.59957
16.69489
16.74886
16.83603
17.06636
17.22111
17.29828
3.56239
7.85674
12.24492
16.74626
16.86606
16.97211
17.04967
17.14690
17.40171
17.46859
4.75547
11.19157
13.17529
18.67173
18.70108
18.75707
18.82344
18.94147
19.06114
19.19716
3.57843
5.52784
9.52118
12.99171
13.07470
13.23126
13.29207
13.49960
13.59771
13.71428
4.30956
9.83912
12.37605
15.85630
15.91790
15.96124
16.03292
16.19912
16.28298
16.36660
3.37357
8.97832
12.94327
15.64943
15.81914
15.86887
16.01376
16.12481
16.24846
16.41456
2.78234
6.04378
9.43213
13.78009
13.88110
14.02166
14.11589
14.15736
14.22334
14.34936
4.61761
8.14534
12.55990
19.06097
19.15094
19.22590
19.40120
19.46072
19.56306
19.62736
4.66210
7.41921
10.57056
15.12371
15.15550
15.22421
15.37704
15.50847
15.62975
15.74945
4.31824
7.54133
10.29608
15.89774
15.99635
16.09164
16.18760
16.26728
16.31277
16.45541
5.32171
7.55992
10.26319
17.51364
17.54815
17.66201
17.83452
17.89810
17.95020
18.09089
2.53337
6.92028
9.93239
13.93883
13.98391
14.11063
14.25929
14.32590
14.41828
14.54788
2.39252
4.22143
11.89753
16.20223
16.33605
16.53131
16.59412
16.75486
16.83768
16.93632
5.25202
9.37829
12.49065
16.07867
16.20686
16.28777
16.35814
16.45440
16.52039
16.56040
4.25059
7.99965
10.23997
14.63393
14.81139
14.96932
15.06369
15.13078
15.20121
15.32417
5.10311
10.47752
14.23095
19.08607
19.21544
19.35601
19.37279
19.44809
19.56304
19.68186
5.83641
7.59895
8.68568
11.51811
11.65720
11.76038
11.89528
12.12792
12.27280
12.32093
5.81718
8.74830
12.37126
14.79484
14.91157
14.99232
15.05896
15.15378
15.25787
15.36286
2.70854
6.28590
10.37348
13.12857
13.24942
13.31927
13.34867
13.50670
13.61815
13.69846
1.85332
7.81022
9.53454
15.13495
15.29352
15.47395
15.54981
15.59589
15.73989
15.83472
2.94476
7.38439
11.77992
14.55149
14.58902
14.70024
14.75256
14.78541
14.85859
14.95409
3.52080
7.08832
13.08842
18.18381
18.29184
18.31100
18.37391
18.42375
18.51640
18.60044
2.97392
6.88281
11.59903
14.35736
14.51379
14.63289
14.67878
14.76045
14.90462
14.97420
4.47124
9.97802
18.24360
25.14118
25.19722
25.34741
25.41365
25.53285
25.62946
25.71952
3.58993
5.72446
9.08738
12.36323
12.46030
12.54698
12.58812
12.74160
12.80094
12.89504
4.60373
9.12722
11.96636
14.52051
14.64962
14.76836
14.86392
15.00741
15.26208
15.33674
3.61750
7.76574
11.39176
16.08905
16.27387
16.40674
16.44973
16.56578
16.61663
16.70790
5.61450
7.19115
9.48323
12.91179
12.99034
13.08576
13.22493
13.37074
13.47117
13.57764
1.95690
3.72534
6.94330
9.91321
9.99163
10.09070
10.18350
10.38325
10.45689
10.61555
1.86715
4.37245
6.98553
14.39139
14.52429
14.57749
14.66780
14.82465
14.90396
14.97780
2.52879
5.65395
10.30961
13.59064
13.71308
13.77003
13.88143
14.12790
14.26740
14.32469
4.26481
10.94809
15.92609
19.06893
19.18983
19.28661
19.41832
19.52211
19.59575
19.67829
4.92793
7.30937
11.23067
15.16831
15.30286
15.43969
15.52919
15.63858
15.82793
15.95574
1.65043
6.88831
15.09759
18.02077
18.09700
18.26168
18.41745
18.50138
18.64266
18.89768
6.37471
10.10755
11.73320
12.69742
12.78693
12.94453
13.07220
13.18528
13.24536
13.35989
1.38831
4.07492
6.77054
8.57839
8.67299
8.74374
8.85057
8.95545
9.07584
9.19002
4.00821
7.25691
9.21324
13.04280
13.14243
13.20586
13.30836
13.42900
13.45193
13.53559
3.05838
7.41037
8.94044
11.30771
11.39281
11.46382
11.52591
11.57946
11.65593
11.79442
3.53200
6.54927
7.83196
11.30998
11.45710
11.50595
11.56393
11.64341
11.73954
11.87060
3.16672
7.54384
10.36460
14.05800
14.24575
14.36081
14.53054
14.67649
14.79491
14.87077
3.52076
6.69885
10.13176
15.68291
15.81114
15.89386
15.99882
16.10767
16.21277
16.27799
3.41219
4.49451
7.98617
11.26314
11.38903
11.48435
11.61657
11.72893
11.85585
11.97484
3.93008
8.73028
15.42598
21.46149
21.56433
21.71532
21.82336
21.92352
22.04748
22.06446
2.49756
4.35151
9.57464
11.37158
11.53955
11.59283
11.75483
11.82962
11.88784
12.00197
2.36331
3.57993
6.21552
7.50776
7.66729
7.81890
7.97787
8.06048
8.16234
8.29967
3.28493
7.98856
13.57850
16.82441
16.90108
17.08400
17.19812
17.34874
17.46208
17.59416
4.54570
9.23026
16.61204
21.79452
21.88326
21.93843
22.12308
22.25858
22.40683
22.49597
4.43000
6.90403
11.21491
13.54755
13.61651
13.72110
13.86392
13.89775
13.99830
14.13034
3.90682
7.77976
12.43109
17.51263
17.59683
17.74031
17.79524
17.92774
18.06041
18.20015
4.08717
7.57078
12.07032
18.93753
19.08058
19.21168
19.36351
19.45388
19.58238
19.65374
2.73989
8.38008
12.90320
15.65656
15.82483
15.90805
16.06780
16.21323
16.28173
16.41299
2.11612
6.13425
8.98205
11.00741
11.08829
11.21673
11.33058
11.42463
11.51731
11.63215
4.36946
7.37972
10.58774
15.90896
16.05980
16.22873
16.25604
16.39093
16.54753
16.66644
6.38790
11.23416
15.89005
18.75288
18.81464
18.96537
19.06549
19.14512
19.21528
19.29650
4.89263
9.30562
11.88879
19.00002
19.09554
19.20420
19.40781
19.50763
19.63815
19.70602
3.07178
6.02060
10.74238
14.88603
15.01328
15.15390
15.23503
15.35157
15.49923
15.57526
4.29390
7.22852
11.77329
16.01729
16.11111
16.17809
16.29299
16.41504
16.51348
16.64806
1.73327
8.46990
12.40752
17.24245
17.37735
17.53576
17.66898
17.70966
17.76655
17.83689
2.96874
5.18255
10.89693
14.76789
14.89631
15.03692
15.15293
15.23368
15.33887
15.42925
2.25604
7.42086
12.69314
17.57371
17.73108
17.79618
17.97706
18.13097
18.26348
18.32362
5.62669
9.48299
11.39733
16.57068
16.75212
16.90470
16.97835
17.04999
17.14137
17.21816
5.12616
7.82230
9.79905
14.51080
14.65071
14.74742
14.79223
14.90716
14.98698
15.17295
5.71730
7.68105
12.46948
13.62322
13.70072
13.76426
13.86713
13.98375
14.02354
14.12928
2.50838
5.11031
9.12348
10.83818
10.89072
10.93571
11.05005
11.12016
11.22025
11.25790
3.67859
10.63799
14.14144
18.65623
18.74154
18.83996
18.90577
19.00496
19.07187
19.14897
6.03178
13.05501
18.54282
25.26030
25.33158
25.40425
25.61055
25.68234
25.74965
25.79865
2.96695
6.02665
7.75431
14.09182
14.19742
14.36092
14.48597
14.61246
14.69706
14.78154
