2.32980
5.19668
13.09918
14.14861
17.50931
21.62015
23.83319
30.55595
36.48186
37.13034
39.45899
44.54283
47.05937
53.47610
61.02998
68.01467
74.95800
3.94461
14.36297
17.30426
20.69122
23.72385
40.36945
52.16905
52.36112
62.52412
66.59838
66.65942
66.86463
77.17049
83.60335
86.29338
98.51001
98.97813
1.53531
8.44065
19.13098
20.19269
35.40754
53.19715
53.60972
62.55976
62.80729
63.16014
65.85703
71.70301
82.25003
82.90357
90.43547
91.17372
96.19982
8.47376
11.27638
12.15272
13.07218
22.98309
29.77055
41.52347
45.06160
46.65374
53.20289
61.34557
67.17265
78.19012
80.32139
89.24503
97.89149
115.35471
36.68672
40.28989
45.19515
57.41707
61.55480
70.78654
75.03412
77.88060
77.80103
80.21450
86.79736
92.65719
92.53168
93.89493
95.92604
112.39788
116.65043
1.45617
9.54051
38.10849
46.56193
46.54449
53.76877
56.08241
64.80304
66.42471
73.67297
75.09103
79.99616
89.05646
100.89264
100.95033
107.70963
115.44327
2.96734
26.05500
36.06139
38.91596
40.82282
49.89297
50.51133
54.58228
58.42911
70.45964
72.36052
76.40818
77.00543
77.23932
90.17365
91.20271
92.32054
8.36253
21.52252
23.26994
30.57179
39.14408
40.63488
41.72092
41.86367
52.88113
69.67523
71.72830
81.63584
87.11260
93.70961
93.75466
96.74308
102.27253
5.45397
46.69741
47.71977
56.60078
62.68418
63.34004
65.72698
67.73038
72.61818
83.36109
88.39123
92.46172
120.14173
123.73062
126.47962
129.86762
132.15833
9.92856
11.32764
11.33551
14.87067
15.13843
34.85076
37.71723
48.95713
61.30996
63.70294
65.34838
79.03917
79.40417
90.19940
104.38040
109.58710
110.87727
6.41940
9.87292
15.17790
17.94477
20.62373
31.64581
37.64651
43.21033
53.06008
56.64838
63.15339
63.54512
72.03271
80.61209
80.80035
81.07653
81.30365
0.94780
3.21995
9.66774
16.04134
21.14618
24.56202
31.11419
39.85915
43.59774
44.25573
46.14016
46.63168
52.00810
54.30723
64.79940
83.33455
90.41029
1.17999
13.55655
16.81356
27.27309
28.10500
33.88054
33.97019
40.91385
40.93864
45.84070
62.05634
63.63651
72.18850
79.09328
88.02407
89.89104
95.82925
5.21094
11.38360
16.92617
24.97730
29.69906
39.36534
48.40149
60.91959
89.13847
100.93619
112.07901
117.38493
121.72476
129.15242
138.97422
139.07035
144.94126
3.33630
19.94002
30.63724
35.72152
43.34195
51.39461
68.71156
69.34748
69.48855
87.65927
101.35738
102.93449
104.56232
122.42854
133.31304
137.36087
138.05958
19.06107
23.67243
25.86314
33.50057
33.67133
40.99687
48.02886
50.04182
61.68887
66.04823
67.49445
70.40981
88.32271
98.07854
101.09612
107.67401
109.24199
13.35464
13.80838
28.85333
33.83283
55.65502
57.08966
57.84306
59.42886
64.65854
70.30677
71.73675
80.64014
92.64220
93.67722
97.55984
108.13094
109.67593
0.89311
3.90705
14.22894
15.35516
15.43036
17.92523
30.64757
32.06764
32.69171
36.76063
55.70295
60.96123
67.58801
69.45672
83.46491
93.06011
97.18532
11.73684
13.35658
17.81444
20.71657
32.75422
33.90749
35.08118
38.36913
45.67248
58.35926
58.97813
66.72126
69.06150
82.57936
93.47748
112.41987
119.94836
4.20743
8.19576
15.05496
15.69150
21.13603
25.33822
30.80316
33.97506
40.49315
46.49678
71.77227
71.62243
87.93309
114.81331
123.13915
132.78232
132.82696
5.31650
22.00578
23.07461
61.05960
67.65008
72.17442
72.30656
74.41993
83.63768
86.99133
91.82629
97.99298
108.86234
111.80737
112.61413
119.59116
129.42613
6.14070
13.28072
21.21503
37.43998
40.31264
40.48855
45.76072
48.35823
72.53659
73.00954
88.19930
92.37382
103.46727
105.37076
105.86196
109.36144
113.78482
16.65047
19.26548
29.54769
31.25313
41.62820
44.98836
63.39888
68.75498
73.52662
76.97797
78.80259
83.43457
83.43921
86.45581
102.18001
114.48246
115.32104
13.50306
23.84903
32.41541
35.18378
40.46793
58.90621
70.79542
98.13231
107.15401
107.22206
115.40424
115.56273
115.62286
118.56025
125.15535
132.73398
138.86657
0.63921
1.32555
10.73634
15.19210
19.46177
20.08209
34.59136
41.21987
42.76324
44.72012
47.92392
50.23602
59.54378
68.13743
68.44624
75.81644
85.28526
15.79505
20.89997
22.17672
23.40197
25.34377
29.79191
31.73510
48.13108
48.18669
59.35447
60.11460
70.62825
72.66980
73.43385
76.95438
80.97263
90.44608
14.99767
25.02413
34.65113
42.02267
44.53943
57.40000
58.09898
59.10997
61.80769
64.42887
70.53202
83.75794
90.02417
90.71530
91.51123
93.35569
101.31607
0.83671
6.06086
12.33062
21.78607
29.15065
38.29718
44.19657
45.43945
47.20577
58.89286
66.49270
67.54220
68.30173
73.46240
75.17263
83.02576
83.33548
6.85174
25.15085
26.38548
34.47763
41.82734
42.30514
41.86270
42.78277
43.93529
53.46101
56.97639
61.75710
70.07860
70.68099
92.36126
97.16180
101.10071
4.44750
12.08478
28.35938
29.69917
35.45102
50.87776
53.47179
64.98658
64.85229
79.50864
80.22402
88.71526
96.80781
105.70003
124.30688
132.19143
134.05292
7.38924
10.38762
22.79324
31.51645
44.17075
47.17256
55.39647
56.58562
61.60657
66.38235
77.63511
78.02292
81.34264
88.70778
103.65045
107.31561
111.34461
6.56208
9.64186
12.49217
15.00371
23.86286
31.04923
31.76006
40.17770
42.12683
46.46341
49.79144
50.40161
50.82098
55.66804
58.95546
65.40345
73.34156
7.66374
11.25986
26.17650
27.41607
29.62401
33.70612
34.82064
36.70201
39.33754
40.44114
48.36261
55.05902
62.00257
67.61885
74.93165
80.32173
95.39918
0.20901
2.57392
7.71527
14.71353
28.23427
32.56786
48.17316
51.38932
51.38936
51.73960
59.74855
59.78728
68.72629
78.56274
87.34218
104.83416
115.42729
1.72612
3.25054
8.64468
26.35079
27.20712
32.04407
44.70820
48.06469
54.97113
57.80628
60.53440
65.06262
71.91696
72.70338
78.76531
82.91418
75.13815
2.63989
14.74467
18.09167
21.09433
23.57775
23.98019
28.25781
39.97734
42.91550
43.23502
52.00468
54.12253
54.66176
67.74172
69.57027
70.52021
75.14265
29.77592
39.11529
45.01124
48.25285
55.45686
55.80956
63.20778
65.78375
68.09458
71.32617
77.17016
78.40537
84.37550
107.31266
116.74882
119.72884
121.89657
1.91073
3.69431
5.78692
16.60957
21.84955
74.93468
88.39292
88.40894
92.34524
93.85456
96.22350
103.47597
103.42904
120.38210
133.44200
132.14198
135.85525
16.35254
36.97814
48.30544
65.36778
72.51230
76.07810
79.38711
86.09555
89.72978
94.39136
99.15330
111.15787
113.91353
139.44702
146.43140
146.58119
151.54525
2.77261
5.67159
9.18512
16.04663
18.73361
32.43255
34.36710
38.30610
51.18515
51.93219
59.11789
66.77877
72.65529
81.18126
85.01231
90.24303
91.39625
0.40234
7.13514
20.26120
29.53523
35.62079
44.44589
46.44056
58.50884
61.08008
68.42880
69.43835
72.12558
81.03292
88.12372
99.77377
100.42070
100.52302
2.78728
8.33554
10.00223
10.13963
16.27989
18.25632
31.63905
35.34467
51.04128
51.98278
79.43146
77.85731
82.92686
83.95382
85.05868
86.26784
106.09857
7.06626
7.74865
30.87491
36.22018
38.13294
44.59285
48.66493
55.13125
61.64260
66.62799
70.71597
76.96035
77.28303
87.62211
91.84786
98.91842
101.72065
11.66853
14.81165
22.90273
23.11746
25.44543
32.45124
35.38423
39.52119
49.88807
50.22011
61.61556
62.98758
66.41831
75.42215
81.59852
86.01770
88.78415
6.10379
8.72182
14.14240
42.22126
45.98286
55.24878
67.03451
67.06077
67.96690
70.86010
72.31577
77.51846
78.00479
79.40346
86.30936
87.95427
92.93000
2.50406
7.04367
9.22835
18.03671
21.76213
22.61088
48.70229
50.31868
59.23424
60.48822
72.16621
73.52777
71.39827
73.90175
77.78969
84.65535
88.19704
12.52486
14.86478
21.86657
26.21741
38.19027
39.18320
42.71034
49.71838
50.25905
52.79182
55.88357
58.34379
59.92682
76.45695
83.64691
83.97214
90.86753
3.79932
6.71016
15.04111
21.80412
23.99460
26.23681
34.57186
37.55261
41.95641
50.80384
54.77897
62.99919
64.21121
64.69725
73.28265
79.85811
90.68532
4.80222
5.20399
11.06257
13.72658
17.18724
19.75461
26.52799
27.08643
32.63565
47.08341
55.24681
57.35803
59.98519
68.47536
70.51286
72.98422
76.03341
13.60938
23.43726
25.39451
26.38866
31.82916
32.74611
35.58574
39.38968
60.21655
65.96300
67.62400
71.79452
81.48604
86.53795
105.11129
106.01864
108.65664
23.67111
31.86049
45.08303
47.73721
56.31118
60.45302
67.51913
70.80802
82.96782
86.88220
93.17137
99.57872
103.08057
105.81875
112.93632
117.64446
126.46191
2.47952
13.65577
18.43536
28.65209
33.26185
61.30581
69.92368
73.75732
79.21426
86.19499
87.58937
92.14505
92.59801
93.12600
94.40751
100.43793
119.92584
9.44877
15.45519
23.63349
27.97840
32.72009
58.11575
68.49636
69.35882
69.65316
80.91310
80.93107
81.04530
82.68081
86.87967
92.16582
98.89094
99.68296
4.45016
8.42830
15.24747
24.59585
28.08868
36.84583
55.10937
55.75838
59.47895
69.34827
69.57685
69.67304
76.36966
79.72609
84.90718
85.38487
108.29166
1.09231
9.30409
29.21002
41.72398
43.11109
54.31869
57.44995
76.51242
93.91444
95.53414
102.09706
104.62461
117.50974
129.07355
132.01884
141.49005
157.99842
5.09134
8.58560
15.23180
21.17282
24.07122
24.36985
26.94812
31.77723
41.18494
43.28125
44.03852
47.53164
57.94322
58.00740
62.71861
71.90595
83.43901
4.53018
6.44638
8.59306
15.46051
18.18967
25.54431
32.86459
42.79240
45.44075
49.88062
57.19835
68.26556
79.65418
80.61325
85.33488
92.31817
94.52413
7.56146
15.21922
21.44477
24.47049
37.49172
39.20930
44.05452
46.53531
54.71016
55.62639
58.25241
66.26546
77.48302
99.62906
100.55116
100.81752
102.53374
0.24242
6.10532
9.46274
17.23743
23.38168
26.87550
34.62201
44.62797
44.79289
54.77877
61.42471
65.61822
67.11835
70.21874
79.00366
80.02321
80.01354
11.39131
16.32127
31.15852
46.83310
58.65912
62.96773
68.38256
70.66949
82.98905
83.94301
96.54622
104.39505
111.01268
111.40820
111.66209
115.41860
120.18009
2.62512
8.73839
8.94556
29.31689
38.97654
42.89669
51.29501
51.80648
53.16536
58.31132
69.61879
80.66626
82.06699
86.09835
91.76809
104.94642
106.71325
10.67431
12.10461
19.49822
20.04967
20.37589
29.94087
31.94100
33.92546
39.80862
42.94593
45.73699
57.59083
70.84965
71.04825
76.77327
78.96790
89.94269
0.24728
17.08598
20.81026
25.06519
37.38232
40.83348
51.33032
51.53955
62.95336
78.35119
81.07208
92.24941
103.36212
107.03064
129.37178
133.56028
135.60413
7.37817
12.75574
17.12763
28.07877
42.35773
47.82999
61.40105
70.29342
84.88787
119.79853
121.71701
122.39443
124.39800
135.19629
137.47369
138.48446
148.26706
25.08378
32.06263
36.70171
37.84784
43.03112
61.40065
65.67142
66.65516
70.91636
75.75254
80.50726
86.45533
93.23851
94.85056
99.62741
101.16700
110.25796
3.97457
9.18582
14.37069
14.76411
27.39802
28.03931
33.82597
73.80704
79.71367
101.01411
124.23052
125.44903
131.38791
131.69196
137.91846
138.52023
139.75703
1.72224
7.15288
9.20108
16.36645
20.71409
26.46953
29.70356
42.61787
51.46556
65.07463
72.47386
72.57305
72.99386
85.13433
88.98137
97.57510
100.99934
3.91769
14.57174
14.94482
21.46288
22.10492
29.50716
30.03924
34.87921
53.47510
55.46076
57.22079
66.51797
75.59125
82.30629
89.96452
100.64546
101.12429
6.39749
9.65684
14.52377
24.31660
33.16151
35.91115
42.55933
43.77095
46.49631
49.67913
57.18363
62.22310
65.85332
68.79826
68.67032
68.80181
69.00980
1.17256
1.66251
1.68825
2.50520
2.53673
5.16033
9.37043
24.30655
31.77372
36.58508
49.82539
62.41132
62.27075
62.32467
63.14374
63.25662
71.76139
22.59053
28.56846
28.76110
37.28669
52.25504
57.82327
65.51813
67.45908
77.95451
96.81675
105.47338
118.79016
125.14785
129.45137
130.98330
141.11544
150.95987
12.88258
18.38297
31.78835
32.82616
43.86458
44.41504
51.11596
64.92138
67.67480
68.05481
90.03486
92.01936
94.11516
104.45541
109.76346
118.23003
121.85379
0.06257
3.21080
10.76528
12.10006
15.22002
20.81172
21.98551
24.05271
26.60835
37.51334
49.49614
57.90038
61.03048
61.15772
65.41694
70.69965
89.46805
2.81755
19.05412
19.79249
20.07757
22.14143
32.68371
42.10997
57.21002
59.55195
66.05196
67.06841
67.61441
71.80816
75.37406
76.33623
77.88526
82.77402
15.50207
19.55495
24.72788
31.26298
32.55795
38.51773
40.41935
41.23808
46.86397
54.56390
72.16694
82.83624
84.23284
89.97269
98.11687
100.82046
100.91212
7.82018
9.41190
11.60001
16.92112
29.23858
30.55692
34.00288
40.34713
48.78217
55.84664
60.87929
63.89011
67.26964
77.62875
81.11021
88.46037
91.17364
30.04113
30.61049
38.36125
47.61289
47.88713
53.53976
53.56887
56.94520
63.78896
71.60232
72.93215
72.92272
79.04977
80.51000
82.64656
92.28034
112.85372
1.85002
2.08530
6.17251
11.06445
14.29927
19.29840
29.93993
34.57201
42.93338
46.89960
57.61493
63.28365
63.47676
70.18236
72.74856
78.30339
81.65788
16.81331
19.26393
42.36794
44.25004
50.37896
53.90955
68.04859
69.69625
74.54300
91.72548
95.84764
97.12572
97.85947
113.79328
115.66584
123.99108
127.16426
9.22640
14.24110
14.25111
25.09017
35.60169
43.81283
46.01719
46.14365
65.78994
71.11375
79.16529
81.44152
85.31114
87.07345
105.48721
116.44970
117.18905
17.61610
29.74028
36.52134
47.23559
53.88219
64.49708
72.14760
79.82241
93.54066
93.71013
102.81833
120.18292
126.70133
135.72403
137.55486
143.85556
154.85454
6.08911
18.75586
50.66046
51.53723
55.34143
58.66639
71.39731
74.17095
76.16889
77.43275
95.59927
104.87887
111.61137
148.68296
150.35649
172.76798
177.54368
15.97510
20.29708
54.21806
70.63518
73.06171
78.89185
80.88075
83.78648
88.42057
92.11531
93.22206
94.01792
99.43245
112.93616
115.07113
115.11909
116.26833
14.60532
16.65675
17.81653
17.97942
21.56206
22.35313
29.42670
39.19485
43.69943
50.73105
63.72909
66.61146
69.18144
75.32255
76.45868
78.56963
79.41757
5.16425
5.71837
15.75920
19.33521
20.89733
25.34460
46.41308
50.35805
52.73989
53.90983
77.21388
79.80320
86.29136
86.55839
101.13676
102.17563
110.63609
17.18224
26.03877
36.78414
36.81854
43.22291
46.31805
51.46623
54.41675
55.52089
69.16577
73.66614
79.51423
81.48256
82.74829
83.54011
89.77125
92.81675
14.84369
25.79473
46.74119
48.56154
50.15067
72.08736
74.97156
82.22507
82.20705
83.54314
86.44312
89.13345
98.81694
100.74293
103.23761
115.13991
115.44583
8.74170
10.00750
13.06260
14.84573
18.00372
19.49712
32.85477
38.41478
56.61397
57.61110
74.59465
91.34523
93.77159
99.52983
106.42886
114.66348
116.61780
9.77604
9.79283
19.77852
25.03531
27.94611
38.96703
42.59678
61.12156
66.31631
71.76005
72.71001
81.38270
89.94551
95.12746
96.77312
102.54276
105.59560
23.31167
27.71596
30.66535
36.66116
40.34889
44.76945
63.76305
63.99693
65.71767
74.35315
81.90739
83.56538
88.12214
95.73337
96.17809
111.76611
113.05743
0.08836
13.88736
20.11948
21.41191
32.94805
34.91933
40.24391
43.66941
62.84736
68.59684
92.18386
99.75553
110.66478
112.23246
112.19637
112.72469
118.59724
19.85280
22.57725
37.63061
50.13110
57.92710
72.24807
73.16974
80.37548
81.96364
88.32286
102.33825
112.90070
118.16053
133.18671
141.68216
173.59468
175.33686
0.38098
4.69055
14.17503
18.07850
24.70137
30.82820
37.92215
39.56533
40.12427
44.44109
61.37556
70.78989
74.29817
78.11620
78.26706
92.51683
102.23639
9.17015
10.65171
13.73668
13.76642
25.40861
37.79039
39.38757
47.54273
50.87783
52.84720
55.23993
66.52355
69.76664
73.94733
77.73172
77.78412
85.19436
3.15271
7.31087
29.16256
35.23394
36.30786
43.79827
49.34160
82.88544
93.25768
99.48137
103.30927
103.68729
108.12220
111.61149
125.57404
133.63563
137.10647
4.94575
12.41420
18.84720
27.41272
30.50664
35.02854
35.12320
44.98488
59.87271
72.27041
79.81518
88.70591
90.86003
106.88281
106.94235
109.18967
109.77824
7.25268
9.94662
11.90975
14.12830
16.70056
24.71147
33.94613
49.11042
55.17114
62.87816
65.26073
77.10752
79.02068
81.94485
85.32271
92.10203
92.75954
3.44729
5.94069
10.04770
18.06689
19.96005
23.59773
36.49553
44.03155
44.03653
50.50351
52.45167
62.30397
66.14215
78.44670
88.77211
98.25575
113.37753
1.66698
4.39668
9.20643
11.45065
19.04487
25.60849
26.71301
29.80283
45.77173
51.87670
52.97562
63.38218
65.85745
72.80538
77.89989
86.72230
87.83279
6.35816
6.56136
8.03518
14.37174
19.22959
30.85846
34.43607
34.74893
38.19653
39.11669
57.60110
74.03879
79.92695
91.26670
91.46351
93.93799
102.16665
