10.40706
19.60302
25.83263
37.61952
48.58142
65.85309
72.94881
79.68014
90.71409
98.50497
113.22245
120.52621
120.56626
130.97176
131.08470
140.59121
142.73654
19.13801
22.23157
34.61620
37.32088
-1.00000
-1.00000
-1.00000
-1.00000
-1.00000
-1.00000
-1.00000
-1.00000
-1.00000
-1.00000
-1.00000
-1.00000
-1.00000
28.46086
32.51346
40.60374
43.95499
50.93091
52.50373
60.16467
60.49273
62.61295
64.92762
77.90834
77.46128
78.67628
87.01482
123.77118
133.41250
146.46492
5.19023
14.40871
43.76390
44.78615
49.91542
59.14179
68.58276
70.88282
75.91124
86.35159
91.50893
96.88082
98.93173
103.16927
101.16293
103.59477
106.08762
10.93089
25.57137
36.17366
48.58864
56.31191
58.08550
60.62676
65.10144
76.80077
87.32643
111.77347
116.81564
123.51697
125.54694
131.50586
132.33435
139.36243
1.34081
7.09158
11.61109
24.09453
34.60221
41.98634
58.48074
68.50084
69.31857
81.89241
99.74971
110.44978
113.26457
120.46673
121.33405
131.80698
146.25071
9.71622
16.32898
26.65802
31.50875
37.33887
44.36496
55.61831
84.53402
92.91668
99.97139
100.78230
102.69134
111.78574
103.86430
103.51886
104.27855
115.08146
18.04410
30.37562
31.56841
40.57682
41.73973
52.45463
58.56318
58.59408
65.14935
72.94987
91.56179
91.56959
91.60138
113.17882
115.58038
117.07720
119.17435
0.94736
6.40182
11.92859
32.49667
37.85599
42.39051
46.91923
48.70914
56.36309
68.27495
76.40160
98.70880
114.04372
124.34215
132.72292
138.24431
140.41354
2.77324
16.90804
30.69933
36.86568
39.23871
47.01080
54.34684
55.53112
64.58107
65.67609
71.40802
80.30232
97.95698
98.54394
105.64250
118.62110
120.24020
5.22741
8.49963
28.05635
30.20696
35.04813
39.60963
44.84730
52.07771
57.04530
67.40803
69.54627
73.38318
74.49168
90.28290
97.93997
101.15326
103.89711
1.28199
5.47922
15.97240
21.09824
29.15391
35.86681
37.75351
53.29461
88.56840
88.56921
95.69407
109.83885
115.59723
115.63443
116.18641
120.42666
125.33343
7.08846
16.34596
23.49812
35.51661
47.80432
66.93918
68.83426
74.93532
96.67747
103.06567
107.38676
125.71585
135.86271
135.86271
141.96007
153.93768
155.14810
7.39819
14.53982
16.60821
26.47500
45.90621
51.91670
52.30389
81.03236
91.39778
100.30072
126.63070
127.94280
134.14697
137.02037
140.81320
151.80216
157.81789
30.87374
31.95812
35.81343
42.19139
62.91533
70.31314
80.51174
103.33805
106.68725
111.97044
126.20275
133.92576
134.18033
135.53219
142.48284
143.73246
148.26998
4.12285
21.38007
25.37497
32.53978
38.41314
40.11244
46.21478
49.46506
69.49304
80.59822
84.11934
91.25960
90.85651
94.51283
98.81711
102.27831
102.30994
2.65116
3.73760
4.41135
6.87030
7.89742
16.17510
32.02595
32.71744
36.21399
41.42058
45.62557
59.20529
61.47833
73.95437
102.92549
105.52869
115.11788
3.81045
6.64271
7.77025
13.81113
22.18243
31.47995
39.28426
40.92130
44.90095
49.47812
63.24929
67.64600
77.10094
94.08941
105.19901
107.07016
111.31183
7.35388
18.87426
25.14267
27.52506
30.76893
32.47607
40.42372
40.51286
44.45730
47.70768
58.46947
64.09618
64.75016
78.27145
88.17522
91.43893
96.63143
4.15518
8.61877
9.61354
13.14100
34.04269
47.76494
58.06206
63.58436
69.82554
70.43274
70.98882
76.29754
77.60343
81.39568
93.01578
101.27380
103.87121
3.42652
9.91124
14.05890
15.08274
36.68820
37.83541
38.89017
42.66372
46.28602
54.93346
65.42618
65.06359
74.45379
80.41893
90.73039
110.35053
131.74778
4.27977
5.22262
21.87274
21.39755
25.39700
31.24926
31.34124
47.16481
52.91268
59.22795
71.33381
75.27767
80.01142
108.65728
108.81212
118.22179
122.36586
7.79989
12.84236
14.42136
18.77817
30.37527
53.74285
63.98625
65.15442
65.28839
71.44810
71.72979
80.88061
91.23743
92.81292
105.08905
108.36990
121.57173
6.32846
14.58925
44.67072
46.50921
50.72250
54.97729
73.52040
75.96986
87.89279
93.59550
115.38087
123.16337
124.16614
127.05026
143.03620
158.86830
167.77304
0.94809
7.60511
9.80963
47.02200
51.86172
-1.00000
-1.00000
-1.00000
-1.00000
-1.00000
-1.00000
-1.00000
-1.00000
-1.00000
-1.00000
-1.00000
-1.00000
7.59743
8.57329
14.88273
39.23041
-1.00000
-1.00000
-1.00000
-1.00000
-1.00000
-1.00000
-1.00000
-1.00000
-1.00000
-1.00000
-1.00000
-1.00000
-1.00000
9.80701
11.26410
12.52416
17.42489
31.87067
33.61167
56.68825
64.92945
68.70043
83.66089
97.33132
101.55327
111.60016
120.93112
128.48897
129.68186
137.18749
4.13189
11.66133
12.75106
15.84096
26.33464
36.79377
41.72256
44.48222
51.70441
60.25155
66.06529
67.96897
79.07549
99.01797
99.29106
116.29862
119.87365
10.71062
18.33758
30.35785
36.59582
43.28091
43.37954
47.26584
52.62909
61.31002
69.73502
74.85210
93.49465
93.97034
95.08550
98.29213
119.12007
126.15012
10.24704
11.26971
17.23744
21.24699
38.18475
41.09208
47.86165
48.33816
75.38611
84.18063
90.24715
121.83788
124.70129
130.17999
139.39403
142.07121
145.30812
3.00891
8.87018
30.66547
33.44380
46.61700
49.27852
57.59747
73.17548
81.32669
93.41576
97.36510
106.21838
118.28258
129.84315
141.33898
144.39236
146.82283
20.27232
22.70649
26.48734
40.14834
44.10310
45.97343
45.92381
71.07309
74.61771
84.93595
84.55861
108.30078
120.17438
142.44589
152.81456
157.74214
157.79078
9.28620
9.93806
24.99812
38.87928
67.00708
68.10507
78.21255
87.94603
88.45241
91.94854
99.40511
99.59964
105.90496
122.97363
124.49285
135.70930
143.53759
3.23886
29.53202
33.91340
37.55007
40.02503
44.74901
44.75064
48.29902
55.80039
59.41656
67.44062
79.47868
82.21468
106.96367
109.53896
114.75969
116.66617
9.28826
16.98329
40.80326
59.98935
60.97797
66.50184
95.92671
104.51418
113.17542
117.26352
117.80554
128.98861
139.59684
142.60733
148.39076
161.77512
162.83029
2.95800
5.25163
13.58983
26.63980
30.64916
33.30041
34.62568
36.49998
36.61012
40.61791
52.93559
64.89080
74.73917
75.60468
76.81963
78.48412
79.17572
6.51316
21.12903
24.39336
29.18271
34.24151
40.60355
49.99771
65.70317
67.57712
67.70125
77.74071
90.18043
90.64824
95.97377
98.49355
109.16575
116.35867
5.17232
12.33995
24.01370
32.90213
45.00065
54.39574
66.00258
69.79626
73.06144
75.72728
83.33333
90.17239
93.66875
103.56796
104.82276
111.20149
134.39525
26.19111
38.71662
40.94132
47.30578
48.95842
55.51710
56.91457
60.75233
84.67651
97.67598
99.88785
100.58256
105.80290
108.60180
117.78812
119.24731
133.99447
11.83118
17.63831
24.75530
42.88021
48.67002
52.58922
69.89242
79.14673
82.21423
82.59377
82.68859
88.05904
109.63885
121.03335
129.47261
136.77403
148.95974
7.54669
9.26447
12.58251
18.39379
28.86597
30.17514
45.02113
49.64692
51.04314
53.11276
57.13728
77.70851
86.06898
93.83214
96.17578
98.58166
111.09372
10.01538
14.39856
16.47659
19.40502
20.64426
36.81455
41.49663
43.31513
43.45312
49.00237
55.98885
67.96756
85.14429
85.24532
93.82835
95.74714
104.32077
8.98339
9.20265
23.80493
27.30112
41.09834
43.35259
49.06789
49.83208
56.32517
57.03418
62.96081
79.32853
79.80313
85.93080
86.47579
86.90835
88.31194
10.41159
21.47834
28.36891
39.18763
48.23256
51.58657
51.88987
55.98965
57.19796
60.03708
69.65108
71.82524
87.08886
93.46813
95.75696
102.87558
104.09927
7.17800
16.05198
19.50885
31.21680
32.14961
37.49100
50.23973
57.92164
62.12301
69.76418
74.12014
82.94927
83.76009
86.72853
86.90081
95.46964
96.13969
1.57228
9.73166
18.89304
21.51115
26.37284
39.97970
43.13605
47.91374
57.01457
65.60315
66.17501
67.25302
72.44627
74.06950
74.13870
76.06216
83.03248
4.56758
5.37538
5.60195
11.43583
26.53474
27.66973
30.80368
31.33239
33.59944
45.00934
70.99360
72.97507
75.38304
78.19331
80.58610
89.35836
91.92158
22.59360
29.48701
34.84394
42.60136
47.80440
71.75952
71.85628
72.07611
74.13767
76.72383
79.78990
80.19058
100.36370
110.09933
114.60628
121.03754
134.21762
2.71448
6.69614
12.69054
18.40972
25.19093
32.76841
43.42177
54.10194
54.43817
61.84071
69.84101
77.32475
99.01661
102.79537
113.91938
132.84005
136.63544
2.28555
8.34513
14.05781
14.80326
24.80999
32.41370
50.73014
51.75504
53.81381
54.41139
55.84928
65.67207
105.04180
117.09151
120.82251
134.18129
140.51846
7.77907
10.89884
15.82391
32.22114
33.62640
39.99408
49.16848
58.31547
60.36258
61.93689
70.29801
74.20070
79.27898
80.97036
82.97715
87.89602
92.36297
10.54323
15.00679
19.39998
28.92090
42.55776
51.12747
58.89303
69.46221
70.64437
89.26684
93.40062
100.71444
103.16178
103.90664
109.64903
-1.00000
-1.00000
6.51842
24.36086
34.13471
41.49528
47.29046
52.81286
58.36799
61.14877
62.56504
66.65388
82.19971
85.16759
88.38928
94.76135
100.63175
104.22385
127.31115
10.67316
15.60325
21.43113
35.63974
39.86404
61.37028
63.57325
76.57072
84.52714
102.07257
105.77652
121.34758
122.65450
122.92132
127.77679
130.13202
151.95087
12.70849
27.30950
32.85163
50.52256
49.58096
55.55035
59.46508
70.72391
80.36469
85.49530
85.76397
88.41633
97.08186
101.76698
104.05254
115.49808
122.23706
4.94882
15.74822
24.16015
24.65453
42.45978
48.35580
53.54403
55.91018
55.67628
63.48086
63.60668
65.57164
67.81301
87.25552
88.58031
109.77524
110.33598
6.24789
13.12621
14.19981
19.82582
22.30988
28.29811
30.15208
32.09844
41.16611
41.78424
44.61305
53.96875
55.65000
59.55348
61.17275
63.36212
65.52470
12.11060
13.81337
27.23513
35.62560
41.70728
58.08269
67.65821
69.63643
73.05841
76.28802
79.23888
85.68868
87.73048
92.84455
102.82396
112.05046
112.32160
6.01003
26.25409
27.02157
58.64240
72.31237
81.68528
88.29775
96.58208
104.37720
104.67122
108.84297
109.91758
110.08799
116.23740
116.90025
121.71382
131.65861
10.13961
15.14794
25.37777
30.25645
44.39053
53.48191
55.93693
58.66736
64.75420
69.62789
70.86744
71.75497
90.91079
112.07370
118.88165
134.41133
136.57849
0.41062
10.69542
22.23115
40.38302
59.68338
66.45200
72.89809
76.80973
98.89492
99.55158
99.98708
103.27458
122.50094
127.12770
138.59170
147.86961
152.41282
4.07964
13.46740
17.90351
21.52295
27.38307
32.97662
36.14226
39.54036
65.80765
72.51875
77.72135
82.51566
101.77703
128.20398
129.06860
135.81694
137.50453
8.38997
18.97610
29.50043
34.94316
35.48700
46.53511
55.33149
55.29332
69.15136
79.56928
84.93616
88.35985
93.84652
99.31977
98.30014
107.87759
113.08550
3.81283
16.70291
27.79283
34.35954
49.95994
49.22170
66.12460
85.48900
86.28465
96.30090
102.25812
103.06024
105.45386
114.61630
123.20398
123.25635
140.17719
10.25217
18.86083
22.11313
23.12024
34.87809
43.14413
59.07240
61.92420
82.53169
85.91860
89.95272
108.55960
116.41139
135.71477
138.99826
140.61540
142.51916
6.17042
7.75820
17.02600
24.49243
29.24532
36.43267
44.43293
63.11061
69.51034
73.21023
99.14774
101.83460
114.75098
116.32071
131.58057
132.68582
132.68582
13.33433
19.55503
28.42962
29.91551
37.00376
37.51695
39.36798
46.66022
59.23241
61.74898
88.04341
92.52324
103.89695
112.97272
113.47524
134.32327
143.39138
3.83983
11.58021
20.07643
43.54374
43.92580
52.99947
86.91025
92.70092
103.82875
123.41298
124.53503
127.08666
130.72209
138.53603
130.59469
131.97072
139.24942
7.44210
9.89407
14.82432
19.64148
22.14596
24.79520
33.65877
37.70004
52.48588
63.77370
67.37311
78.01694
81.92063
98.64297
101.41533
103.83571
108.01001
2.15823
3.91587
11.31274
22.06199
21.92913
33.10391
34.32120
36.29519
53.35646
68.72863
71.34158
78.64912
79.46416
84.78182
90.32898
94.33231
94.97541
10.14435
17.64490
34.79530
38.56066
38.75930
44.44644
49.40839
70.62996
72.57319
77.12587
79.52815
83.03232
84.97585
85.55830
86.56921
91.82374
96.68423
11.61017
14.49407
21.08838
31.51036
39.01760
47.28716
53.40651
63.79269
68.75860
75.61550
76.13140
77.11825
78.01027
79.68545
98.01010
108.34837
110.59264
11.58586
29.09809
51.20681
50.54523
63.26015
72.68098
81.66941
94.08134
94.79213
113.98314
120.49915
141.44491
146.85158
151.21062
157.75534
165.88888
179.03367
13.30474
33.89253
48.40184
49.41072
59.12056
65.71639
71.60371
82.86527
82.15411
92.66291
102.72823
118.64310
151.67937
157.22929
162.54730
162.69649
163.44258
4.24662
9.99597
18.25989
21.37214
39.87397
42.53568
48.03416
50.33531
60.54480
79.78040
86.43512
98.59230
115.56012
116.89721
121.97311
124.06723
135.15177
7.65294
11.37603
17.88592
27.48626
27.87471
43.93856
46.52431
49.94412
51.82714
67.24836
88.64187
109.40022
109.57963
109.72366
116.10101
117.86089
123.43647
4.29666
6.98269
16.40453
19.24641
32.84356
33.55165
42.99473
53.40278
65.03727
70.25644
80.96641
85.14204
90.70983
90.89163
93.81720
96.61397
103.77686
5.52129
11.40318
17.35422
25.46556
27.53845
31.01868
39.99766
62.54843
64.98200
90.92009
104.47791
125.35156
132.98811
137.69781
141.41593
141.64715
144.25752
3.12473
11.25508
15.54629
18.95532
22.52398
23.24278
34.78834
37.59233
43.79165
46.71329
51.45657
55.44375
57.97487
71.02587
75.49751
75.49806
80.65201
39.84331
50.67088
74.31192
83.06705
83.21861
94.26895
95.62473
100.31932
109.95813
118.41482
120.59321
120.53901
126.45358
127.58694
130.18637
137.77841
137.55089
4.55144
17.19207
38.45516
41.31272
48.15486
48.90287
57.00684
64.69299
71.57216
81.23106
88.95175
88.95175
90.10930
91.95210
96.55006
104.04799
113.49398
17.53368
34.23613
40.57798
43.92357
47.25510
66.17882
67.33656
67.63470
76.67205
79.98410
92.20214
94.89198
102.59326
108.20259
117.48003
121.74618
129.44097
12.19636
15.50178
16.86584
15.69261
39.58684
44.90151
45.24364
50.97289
54.56634
54.12807
54.70468
59.63462
64.99037
67.96947
73.99404
85.39715
93.05225
13.66849
23.63048
26.03946
29.56577
35.20260
40.64050
76.37578
82.97544
86.67802
89.34805
89.87740
92.76797
108.43557
126.34826
128.19502
138.57939
141.62858
5.80908
14.02364
67.80385
69.33988
67.24122
70.12048
73.02253
77.76127
82.31443
91.33496
101.84956
111.53838
115.24739
119.27390
121.69485
120.01855
127.72472
9.25695
18.51902
23.66955
31.77625
39.29436
51.03149
50.80123
58.15396
64.40070
71.94533
84.64631
94.81072
98.48252
102.66567
104.79358
105.46928
106.78944
11.60037
20.58418
23.59954
43.86881
44.61192
52.99974
63.78439
75.52718
76.50813
80.27690
90.10420
101.18728
102.96894
104.26849
118.34064
129.13430
129.72591
6.95912
28.04774
29.81836
38.62880
53.37107
65.57983
75.35118
82.41877
89.97581
108.37668
109.34492
116.70867
138.65567
144.99494
156.06694
164.56887
174.46272
13.52480
30.74148
43.19865
47.03090
54.60498
58.34411
64.61475
66.97661
71.04552
74.25738
74.27036
96.78251
107.13623
110.07603
123.54150
123.61200
154.26394
26.47306
28.87804
35.48753
43.67148
51.49213
53.19269
82.68144
92.11838
94.34779
94.36390
98.77081
104.20835
109.19394
111.03136
116.92052
123.29295
135.36324
2.69457
14.13432
16.79623
27.10327
24.97539
27.90134
30.77940
50.46370
57.41912
55.93277
61.06572
64.83031
66.55053
77.70457
78.89580
109.90017
120.09766
7.40861
9.67492
16.89056
29.40280
32.54096
46.45839
48.57350
52.39020
60.00215
64.31524
65.16140
72.51987
72.71008
76.88029
78.67169
84.17493
86.27665
6.26415
12.95824
15.42068
17.42755
22.73898
27.49230
27.42849
38.23836
52.81779
61.56870
70.93146
72.21272
77.57042
81.44857
89.14689
94.03341
95.27707
19.51925
20.85939
34.71770
44.44473
54.33240
70.31873
74.45849
75.88548
80.07595
93.37509
110.98602
114.47437
131.86105
135.25759
138.29227
142.43073
144.94635
16.90231
26.72600
31.24478
38.41841
49.98621
61.30683
66.97386
68.79575
72.99527
73.14470
75.24274
81.38471
83.35739
94.27908
101.38487
103.79908
112.08742
12.85559
17.62869
22.75255
33.84330
36.78801
43.09879
52.22458
59.64460
65.70655
76.17912
80.58196
102.25064
114.16657
120.05952
128.17366
152.49633
153.00928
13.44477
28.90328
41.25818
50.43730
64.29779
65.02079
72.28473
93.29523
100.17649
100.52260
105.59898
110.99506
128.10203
133.77546
147.71292
149.74592
155.41189
2.72548
11.03132
26.63206
33.07864
43.76207
47.08010
56.40567
69.92070
72.14670
76.30029
84.72513
96.58230
101.15207
106.04937
112.58840
134.05621
137.56462
6.72826
22.82349
26.20870
27.98862
33.80144
44.06707
63.67068
67.90046
89.55117
101.50765
123.80719
125.38672
128.77927
154.73573
160.03238
164.16200
169.47572
2.80606
6.01601
13.52589
28.68839
29.73892
45.95336
53.06818
57.08112
57.76733
68.23818
75.92816
83.01387
84.36877
90.76961
102.22819
112.42347
112.23013
