18.64782
35.29493
51.98600
62.48907
71.94332
85.81970
95.44923
104.56137
108.01585
132.93236
152.93066
159.63030
183.40613
7.18855
38.07272
50.32464
54.09376
58.07406
81.28326
83.94099
103.03580
115.31736
120.06138
143.68963
163.02468
170.86004
9.94622
28.84926
37.17310
43.32898
54.47959
62.36170
89.76795
110.74706
118.57844
123.48525
136.90806
141.83377
156.73872
3.47262
29.64248
35.69039
52.39533
73.25500
79.89366
121.73708
145.33961
163.63025
179.43923
181.17265
193.43739
219.45707
6.55535
11.29345
17.71201
40.40587
47.33689
50.08134
76.15296
100.98041
138.59880
157.49786
167.33134
174.83158
189.46300
12.07616
17.02908
35.46411
44.38340
70.38544
87.31576
100.30172
114.86001
123.19153
130.08473
148.07322
152.58468
164.00934
10.79936
21.09636
28.42940
48.19515
54.07582
73.45285
78.72739
83.82731
86.31734
98.06372
100.98346
109.33496
115.25376
11.47374
14.88307
25.01716
45.49260
51.15872
80.47767
86.45549
112.60604
116.93723
136.00027
142.79401
149.38193
179.61755
2.42740
7.15764
13.35263
21.92486
46.43590
55.93606
78.02522
103.69381
111.79563
121.99100
139.77459
152.86003
160.60865
11.66033
20.99736
43.33777
54.77275
108.78193
121.14015
136.95686
155.57311
172.91529
175.70418
188.54083
193.83026
198.92098
8.29170
12.34367
19.80688
23.78804
25.55279
41.87444
59.00873
60.95863
69.50356
79.61877
84.93207
100.79647
103.66634
34.82960
35.62429
56.72068
62.50743
77.86788
82.26172
82.68993
97.38515
125.20316
132.80506
147.34473
159.68118
166.17781
3.23468
27.82775
37.01717
51.06075
58.47326
67.04149
73.17935
76.92925
91.75376
99.27008
114.48100
124.99160
133.54531
10.99814
25.45136
41.36085
49.11476
53.14541
59.72770
71.15357
78.83118
84.08571
120.94190
132.84792
148.27121
162.62357
17.22211
30.54871
33.25279
38.35290
57.89600
66.78973
84.78539
94.87437
121.03775
131.53597
147.91060
156.84209
161.81959
9.64470
19.55243
22.65393
44.39238
63.17855
73.64447
123.94054
140.23976
164.42622
182.15760
194.91396
198.66122
218.10362
10.95711
27.19748
37.54069
58.67780
70.81367
92.23406
96.41130
98.42842
113.49017
150.72051
190.55263
212.08357
228.59596
25.64850
37.88884
50.24852
60.00905
92.38096
122.82690
126.14004
131.21356
139.27756
153.08570
171.10067
206.46387
212.72550
13.14520
26.43714
30.63200
42.02571
43.94677
53.00608
61.06007
67.87643
79.61739
93.97748
113.73380
121.62247
127.78334
10.55840
29.61136
58.32233
63.27028
68.42237
77.01417
93.12237
103.43317
112.21717
123.19315
137.52995
137.93241
164.87255
4.41401
9.91782
22.74784
28.19729
52.43135
64.30266
79.02114
81.69286
91.91141
109.99725
125.33272
142.79419
161.01480
14.74296
16.95050
31.08664
40.22975
56.70164
60.11215
73.70392
93.61275
112.92721
121.65265
143.98258
161.84728
164.83183
8.90870
22.87735
42.00083
60.57191
65.05921
74.20307
76.83970
96.20722
123.37831
146.04305
148.85109
166.47525
176.75376
10.94000
21.47130
31.19110
43.94120
46.62139
51.00655
55.48388
75.41441
88.50060
115.59932
119.78886
139.43518
158.59368
13.23863
19.26154
40.05375
45.20395
53.90880
59.75994
82.49613
103.92138
109.78906
120.13509
127.97874
137.90277
142.96967
31.41761
45.27720
60.55712
70.99805
96.30696
106.85060
116.49751
144.54884
148.28915
151.20208
157.84131
163.15522
177.23396
10.62082
23.98104
38.89225
59.97114
69.11341
76.21335
86.27009
93.45265
98.11423
105.57371
113.22517
145.43255
145.81702
9.38015
38.93430
55.69285
74.17517
82.86278
94.48521
108.10921
117.32069
122.13361
146.84954
179.01802
181.53663
188.21367
18.39252
34.82948
46.37742
49.67700
64.22235
82.92064
92.23577
117.87255
123.67374
130.98402
142.82286
151.82503
165.23407
6.29916
22.08898
25.22651
36.11236
54.17529
58.78162
71.22667
100.71207
108.17702
118.77239
128.10548
132.56742
145.50429
11.69621
20.89459
46.86479
52.91978
58.83211
73.07085
84.37615
95.69107
109.91077
114.48075
131.30385
147.17542
169.18515
4.84757
38.03973
48.85331
77.92640
87.67876
111.07372
119.80443
127.92584
135.76924
172.99215
189.33757
210.41530
215.97609
22.22295
40.83493
54.76303
63.47618
77.94104
86.46520
104.55102
118.92852
142.13553
149.04000
165.48847
179.79028
200.49951
14.42978
37.51896
53.90954
64.37089
66.67429
82.56635
98.81743
102.79312
112.28841
130.10597
143.26800
152.49758
180.47270
16.71335
35.55362
45.31474
92.61658
95.90113
102.45515
110.52729
111.75223
124.58572
136.02343
140.17442
155.34942
167.66877
7.89596
11.82791
19.56903
28.13592
33.47354
47.85972
71.27442
77.57107
85.63194
91.04118
110.10465
119.07771
127.82787
9.21667
19.77073
29.01568
33.71869
51.60713
63.82847
74.48168
86.21242
97.87699
121.15976
132.10311
141.66066
163.57265
7.89605
15.46020
36.83420
50.97115
74.54790
86.18466
90.70749
93.25080
96.24848
105.47807
115.10393
118.33966
134.44451
9.92173
24.83556
29.96852
48.24673
55.77496
79.52734
80.56077
102.99381
116.47756
125.87326
129.74209
140.38636
150.04214
11.91658
29.57870
36.27197
52.64659
75.66041
89.43470
89.80274
98.40819
119.93189
122.16856
132.52798
151.87926
173.39101
7.43239
30.07564
37.60211
50.00965
53.60947
64.84720
97.43925
110.74723
117.24905
125.81965
143.93458
145.96074
165.76685
10.37343
12.78463
24.09935
40.54241
53.22096
58.17773
87.89805
105.62686
109.21305
117.60973
130.70378
150.95877
166.98186
11.82513
21.81702
39.45986
47.96648
52.74968
62.34893
64.02950
84.53627
98.28658
117.86588
120.93756
130.14054
137.80430
7.84963
17.57765
40.91931
52.54015
62.06480
79.60056
103.27917
124.43304
138.82238
148.13341
156.02057
180.67558
188.09344
10.31911
14.10144
21.65999
26.49459
38.00543
43.80086
57.03714
63.62169
82.15756
100.35079
103.61081
123.96056
134.79703
16.98539
21.46317
40.80391
46.86757
60.65218
69.80223
82.23269
91.69310
105.08086
114.76005
131.89307
145.38984
179.67567
7.54655
12.80758
20.89971
27.30160
51.87763
64.93378
80.93894
90.60396
99.08749
101.59986
108.94614
123.82002
133.96287
1.94090
19.17188
27.13669
60.49040
83.40244
101.13112
104.27780
108.17851
119.83971
128.93018
144.98775
158.15888
170.90465
7.50484
26.01376
30.17912
33.69810
45.94769
58.44123
65.50465
72.53866
97.79110
101.57384
120.74794
130.88512
141.32557
9.23851
26.10330
29.02602
45.64195
53.70261
73.54151
76.86328
88.24716
95.78362
99.75057
123.49499
137.59695
140.37128
6.76026
28.32255
46.56469
55.45036
68.96664
80.95040
86.55947
87.60243
111.77972
133.93464
139.66779
150.17962
158.28605
8.70971
20.54878
22.24233
39.70370
46.83591
50.02045
66.24887
80.60625
104.53624
127.51059
145.66638
150.65857
168.77107
26.87711
55.27852
72.83326
87.17525
99.65240
115.72659
119.74133
124.58230
141.07357
146.02416
160.35815
188.36522
198.70647
8.32637
22.16315
53.65336
63.49558
76.90917
80.80828
94.20391
100.21852
103.45989
132.86761
141.13843
157.12740
172.26994
7.98141
18.42184
34.57968
47.33355
64.30468
66.08906
72.66234
80.24216
81.41974
87.36717
112.74841
114.22431
145.75079
11.37654
32.24630
48.88128
49.57688
65.46377
71.87024
79.05848
79.59287
89.46681
103.29541
104.24409
114.64142
119.39924
17.78748
46.08585
57.90785
71.29474
90.42266
102.85492
122.68531
138.32669
151.06050
156.22072
167.34525
178.85229
181.59069
11.30745
24.73171
29.77802
42.75999
51.50806
53.99366
67.13051
71.85827
89.98024
102.79662
124.36787
133.81684
143.97911
11.34056
17.50567
26.85498
39.43194
44.46860
54.45119
94.85583
101.37940
111.43651
116.49862
127.45999
132.86483
137.46259
2.34213
17.85807
41.49022
50.13123
55.06444
77.10541
114.53211
139.33328
148.17621
177.19742
186.48911
188.05411
208.27801
4.39057
9.26427
33.15501
39.25602
45.03255
67.15134
83.78149
110.34906
131.21515
152.43782
157.71055
164.06805
168.00924
14.71554
31.47016
48.60368
63.54351
76.14725
82.13961
91.72558
99.49642
121.24356
131.94170
138.74896
140.97794
155.87845
11.16141
15.17510
30.33835
34.85373
55.84034
70.21023
71.39684
82.52331
86.51528
92.42380
104.38950
114.70839
117.71707
1.49982
5.87101
27.61892
34.32026
45.04077
65.91662
74.33857
80.25761
91.45529
108.65483
122.07875
127.27357
132.10175
11.42825
29.86522
43.19731
69.94176
89.88270
104.26173
134.04600
152.54461
159.37006
178.27384
182.76898
208.17059
233.67074
12.13274
21.28280
38.18312
49.35228
61.70987
76.10515
76.35448
89.76786
115.52172
122.87005
133.43634
157.02948
158.94115
6.77635
21.47284
43.19045
45.67748
53.49258
63.02636
81.32687
103.39763
105.62257
117.16869
121.78765
123.81294
140.72121
5.93661
10.31338
25.36461
31.86392
42.30474
60.08951
77.06218
86.69361
91.06024
96.25759
102.75465
110.54432
120.00790
3.51152
33.25121
52.35530
63.40480
75.29055
77.65029
90.40979
102.67345
106.80607
136.70187
143.47131
149.44924
159.82900
18.79112
27.85006
39.69081
48.64552
54.68546
71.21462
95.23040
113.40328
126.78339
132.59388
162.40309
165.12520
179.22519
11.03286
19.11949
24.31795
35.62470
52.54851
58.16685
63.26472
75.74515
80.40623
104.83385
116.75528
132.91135
144.83270
5.31588
18.73821
36.41980
62.42789
69.28561
77.99997
83.96941
103.11986
125.76537
135.82579
144.72674
156.61101
171.71931
11.84733
25.64500
32.22642
52.79499
64.86794
79.57009
84.60302
93.33653
103.18543
113.27095
115.84549
132.32492
133.96144
10.80975
18.48255
62.07681
75.20316
77.58198
90.57504
108.41412
120.60729
135.15669
150.66540
158.00923
166.32760
171.98411
6.59445
29.17736
41.66168
60.82352
70.60465
74.21391
80.41640
85.44507
87.02824
95.78457
104.45825
130.96988
156.91000
10.41438
17.45729
25.23517
38.13392
47.42126
52.04245
60.31553
76.72176
95.48149
114.91163
136.20233
148.80511
160.54457
2.62639
7.95656
18.55038
20.74765
23.75061
32.30160
49.95993
61.52695
80.26375
103.51105
117.97159
125.27404
131.65481
24.59544
46.00154
54.77240
65.74268
84.88498
89.05324
110.24545
115.21345
126.51221
147.55436
152.45099
155.51341
167.82696
7.58080
16.73060
24.42795
28.58572
42.98940
55.72274
79.76321
92.99639
103.78252
122.75799
124.43610
141.36702
150.30904
3.68835
24.28305
31.74856
37.49005
58.59082
74.93931
85.85962
110.24665
117.19266
126.14626
132.35145
146.73746
164.62066
16.70239
46.56938
56.37777
64.46824
69.26479
77.99788
93.29125
105.44666
114.38932
135.33078
145.62768
153.50859
163.27998
8.63753
17.28465
22.20801
32.30768
33.74393
41.07255
48.73603
66.18989
75.71663
86.93765
90.72601
100.77771
107.35553
4.02096
12.03128
34.93667
47.30936
68.39874
75.96895
84.06436
97.21292
105.58313
118.97980
121.56363
130.59300
136.12929
13.84930
32.00103
51.95525
86.27107
94.58068
122.41392
132.01870
140.39744
153.03968
160.41418
168.41209
177.39547
205.33783
11.07633
14.54746
25.83592
42.32621
57.52205
74.46378
85.16870
114.08996
128.23241
138.84277
151.83239
158.53994
169.36137
7.52594
14.47195
25.67799
38.30338
43.69610
45.22164
46.51693
67.29093
75.70214
98.02794
115.35205
121.27674
129.80914
8.17538
19.50202
33.00901
47.20572
55.24718
55.65720
83.56355
106.93842
121.22447
130.46012
136.17068
141.51831
155.06243
29.41765
38.29932
48.74054
53.53919
83.40875
89.13459
104.20706
127.14124
134.01103
153.82205
168.48155
184.51760
196.01861
6.59490
22.32992
32.10969
40.74210
45.83241
55.02417
61.32210
72.93588
89.63350
100.87976
121.92792
167.87412
175.73131
25.59764
50.04809
60.18234
79.18501
96.34060
144.22858
166.40413
191.80957
198.18554
199.98098
207.87833
223.25026
247.33535
6.28205
25.03071
48.15298
69.75680
74.70347
104.54639
108.05066
145.88122
150.04885
153.50119
172.34017
181.96267
185.71674
18.99353
34.55492
43.30280
58.59044
73.04018
88.82462
94.61202
109.59242
119.05685
144.66287
163.10664
177.94228
187.63684
13.89090
21.53300
29.60775
51.12054
67.72099
80.04576
85.88678
110.49147
113.90514
127.30763
149.88620
164.15713
183.61824
6.68967
23.07286
29.16266
39.38135
43.31040
71.28165
92.20496
99.98730
113.15987
129.87172
142.39188
159.59157
167.53235
6.81231
23.71870
61.52713
65.11798
91.77051
96.52296
97.35768
117.06219
121.61520
128.50079
132.68736
159.16342
165.31254
6.53389
22.82381
42.33890
44.82604
73.02584
85.02928
89.88899
105.24466
117.08613
122.35876
140.03555
158.82977
168.63710
3.96856
11.34017
33.52099
37.50218
60.79532
73.55152
113.52593
120.72441
128.48957
144.88471
152.53793
152.88753
162.78042
5.56433
24.19223
38.54233
39.33398
62.61735
70.38237
71.32006
96.56922
98.97809
113.35321
119.92565
136.89518
160.86444
33.18639
46.42212
49.48674
62.01674
67.46212
76.77831
98.99650
106.87876
110.53405
116.25599
119.58588
128.68032
148.32936
21.81493
43.72617
53.94787
72.63269
99.10421
104.16083
111.43398
123.36489
132.31425
141.10762
152.31040
162.68508
173.17954
