26.84794
39.66989
52.32857
59.16020
62.39734
77.08442
88.69209
88.97265
89.09536
89.81564
90.55961
91.09221
91.67643
92.14498
92.38460
89.21463
90.36904
12.41922
21.64611
40.51055
58.69912
-1.00000
-1.00000
-1.00000
-1.00000
-1.00000
-1.00000
-1.00000
-1.00000
-1.00000
-1.00000
-1.00000
-1.00000
-1.00000
12.46876
31.65510
53.88088
68.20121
75.19846
82.67405
91.08051
91.37315
91.79198
90.23785
90.42743
90.50054
89.35283
89.83979
90.59415
91.27106
91.73573
15.74141
32.94511
60.41888
73.44570
81.77641
96.14400
99.80644
99.99999
100.51970
101.15042
101.43137
102.15905
103.09013
103.63228
101.72882
102.54898
103.20231
12.12816
32.74418
47.48076
50.96686
64.03320
74.04859
84.46321
81.67190
80.49448
81.00307
81.04862
81.32793
81.73650
-1.00000
-1.00000
-1.00000
-1.00000
11.88844
53.71702
75.45418
78.30606
90.44073
95.15619
96.32148
97.23076
97.86888
98.24124
98.45841
99.34816
99.83930
100.34660
101.01085
101.58372
102.21893
20.27704
35.33036
75.02065
81.65730
88.85427
111.15880
121.15726
119.65073
120.99761
120.04162
119.53467
119.92274
120.24464
120.48276
121.07524
121.44968
122.41689
27.24558
36.70359
41.64320
45.47850
59.46823
67.14938
85.67910
86.52719
86.74034
87.78889
88.06437
89.19005
87.23974
85.21082
82.69386
83.03684
83.72222
24.00240
35.88018
53.85982
60.79464
99.18558
102.67292
104.71637
105.04593
105.59092
105.66574
106.28680
106.70964
107.28881
107.85047
108.25410
108.52572
108.76980
12.20064
14.73192
20.53957
30.93332
52.63459
55.44071
58.64852
59.40298
60.02223
60.19831
60.88381
61.29551
61.53577
61.53221
62.34729
62.61848
62.71744
18.55362
26.69051
47.85704
53.25651
57.65495
88.01869
92.80587
92.48019
92.84284
93.02917
93.47626
94.41460
94.92224
95.20974
95.70323
96.15412
97.04314
5.95835
23.95334
33.50485
36.69059
40.86492
73.71351
90.17549
90.20332
91.09926
91.88313
-1.00000
-1.00000
-1.00000
-1.00000
-1.00000
-1.00000
-1.00000
48.21856
50.42627
65.84974
66.15847
89.39529
126.65755
138.08419
138.27618
138.48166
138.94667
139.53253
136.92834
134.94165
135.70458
135.97638
136.01196
136.38412
7.44549
22.27618
42.11472
48.60844
54.04105
90.76374
98.57952
99.38848
99.85166
100.95211
101.50418
101.72270
102.35998
102.83750
104.12249
104.41411
104.54761
13.52053
17.36996
35.19093
56.65181
62.04411
109.60568
126.56649
127.13961
127.55545
127.79250
128.03089
128.84599
129.67995
130.32477
127.63306
128.01360
128.13580
13.33040
-1.00000
-1.00000
-1.00000
-1.00000
-1.00000
-1.00000
-1.00000
-1.00000
-1.00000
-1.00000
-1.00000
-1.00000
-1.00000
-1.00000
-1.00000
-1.00000
7.21397
46.69353
55.79441
65.54270
95.98887
119.87137
133.35336
133.55947
134.30990
134.82806
135.88581
136.08693
137.12609
137.51008
137.97615
138.67214
139.10070
10.38701
35.09327
42.39626
55.06040
61.10128
68.30454
83.19392
83.80638
79.52140
79.71969
80.19591
80.42764
80.59941
81.15863
81.37878
81.88992
82.54604
0.66951
26.79952
44.35424
66.56001
84.96817
100.44651
118.31322
118.51469
118.32448
117.24966
117.93187
117.78089
118.36729
119.14668
119.32038
119.80459
120.04578
22.92395
65.76086
66.28742
78.85608
89.75519
94.95730
103.98787
104.63119
105.30109
105.72160
106.30926
106.04901
106.29080
106.78912
106.91804
-1.00000
-1.00000
1.04968
5.69956
13.39289
15.76401
25.61608
30.03909
30.23676
30.74324
31.86651
32.29667
32.56396
32.95829
33.55194
34.50894
35.31226
36.03961
36.15355
13.76663
19.90231
20.63476
59.38481
67.60513
80.95860
98.03250
98.38849
99.18219
100.13768
100.77361
101.15116
95.19615
95.77909
96.57740
97.15145
97.66889
6.55769
22.30476
53.29547
60.21555
76.00840
89.83173
93.66307
94.50002
94.77342
95.02712
96.11022
96.60064
96.80937
97.47463
97.83805
97.85755
98.90495
15.45921
29.53019
43.23156
47.53319
73.87620
94.85958
103.53880
103.87878
104.06238
105.63691
106.22475
106.34081
106.75477
107.49419
105.35808
106.58644
106.60335
13.85254
29.91519
49.01207
71.78779
84.73789
99.55534
103.26184
104.35431
104.64959
104.71602
103.50119
104.32698
104.51654
105.13428
105.21048
105.52933
106.03602
4.73964
34.51806
42.22814
50.90717
69.23645
87.09881
93.22188
93.24354
93.37427
91.08303
91.89359
93.14833
90.51691
91.06559
91.34189
92.00460
92.66513
5.15415
11.88261
19.12324
28.86981
42.27307
46.38131
59.27685
60.11466
60.55466
60.74971
57.88276
58.09923
58.26301
58.75147
59.80117
60.31679
61.08297
10.37545
19.79029
50.38788
59.87854
81.61754
91.42446
119.86249
120.28963
120.61551
121.37009
121.78617
122.27051
122.84100
122.97106
123.36999
123.74540
124.26548
2.83894
5.41517
26.27664
41.13146
-1.00000
-1.00000
-1.00000
-1.00000
-1.00000
-1.00000
-1.00000
-1.00000
-1.00000
-1.00000
-1.00000
-1.00000
-1.00000
7.25004
14.44640
25.00780
33.39775
52.69298
54.03945
61.83212
56.86822
57.24785
57.67500
58.31926
58.80438
59.00981
59.73174
60.78625
61.06066
61.56579
6.11681
16.95855
51.70051
66.03915
75.66238
80.81718
87.22701
87.64955
87.71701
87.91717
88.36367
88.65058
84.04454
84.38103
84.61084
84.84776
85.24104
4.75372
30.63722
44.08439
63.67752
68.57747
83.68352
112.99914
113.22418
113.46326
113.85108
114.12588
114.26744
114.78031
115.85931
115.94438
111.32543
111.90623
13.05433
18.93591
48.80805
53.97770
62.47903
68.73536
91.10577
91.21346
91.81928
92.55838
92.92132
93.19825
93.85193
92.18089
92.39747
92.79852
92.97936
6.52471
28.93193
40.77763
62.05382
74.04913
103.99669
105.73255
104.49847
105.24495
105.58799
106.29820
106.63590
107.06169
107.55948
108.07001
108.73093
109.36519
2.97068
16.09371
20.70922
50.24006
73.61520
78.28232
79.15737
79.75544
79.96356
80.31203
80.62425
80.86766
82.17235
82.61657
82.76714
83.87449
84.62755
17.65902
29.14327
44.63339
45.89054
64.93262
81.71989
100.07452
100.29855
100.67069
101.07817
101.20927
99.87781
100.83104
101.65151
101.87557
102.15952
102.38416
5.26917
27.75474
31.69015
50.26194
57.10195
70.37388
72.38034
72.83852
73.13619
71.75010
69.84725
70.32067
70.98670
71.10631
72.01289
72.51517
72.58698
8.96338
30.29822
61.61757
82.52018
123.83520
142.31803
142.34937
143.01557
143.38272
143.88108
144.04569
144.15252
144.72282
145.10320
142.69208
142.93315
143.77981
10.13288
18.77795
30.34907
50.61482
59.78342
65.27442
123.28528
121.03160
118.20014
118.27496
118.46997
118.79861
119.40074
120.46796
120.66539
121.21058
121.48933
13.79695
35.72174
43.31694
53.67662
58.38620
79.19851
89.21864
89.46745
90.66142
90.81368
91.05688
91.38722
-1.00000
-1.00000
-1.00000
-1.00000
-1.00000
8.44639
28.06655
65.73903
72.84272
83.81780
89.23282
100.73352
101.30483
102.12293
102.16134
102.53647
103.47861
103.69121
104.07961
104.64509
104.87880
105.46631
5.05254
10.54880
47.53648
58.14781
77.01710
82.76871
92.51804
92.00577
92.14058
92.37794
93.01267
93.60863
93.86223
94.23397
94.67009
95.14353
95.13568
17.00124
21.51571
28.61695
65.22557
114.29177
118.73981
141.85313
142.41766
142.81989
143.00529
143.64310
144.21111
144.56883
145.13150
145.18688
145.60866
146.02315
14.63908
19.07323
41.84551
49.44272
53.37830
56.33227
59.74985
60.09083
60.83041
61.55163
61.99320
62.02774
63.06110
63.34946
63.72303
64.54526
-1.00000
17.01590
23.42630
39.18388
78.36585
82.99749
81.77041
82.53422
79.87551
80.50206
80.86009
81.13235
81.57626
82.38039
82.64968
82.88012
83.24045
81.81738
20.06629
26.25769
36.00650
36.59278
84.15115
101.52793
113.14776
113.28725
113.72391
113.80007
109.84339
110.72649
111.07705
111.10433
111.26185
111.40941
111.63156
11.04650
26.59669
53.32601
69.61814
75.71033
80.86834
99.15357
99.32714
99.62259
99.88660
99.98921
100.43536
100.98706
101.62678
101.75087
101.89137
102.54913
8.59670
29.33622
42.35772
50.02775
62.14049
74.98140
78.56693
78.83025
79.24866
79.57726
80.43730
80.84509
81.31061
82.15997
82.98464
81.28065
82.03885
20.19063
33.55035
34.46637
35.68458
63.67757
79.45827
83.32029
83.68003
84.07873
84.64330
84.81434
85.47148
86.05223
82.51772
83.15563
81.23338
80.05733
6.75912
41.41369
77.35239
97.80910
103.73103
110.74729
134.72113
135.10695
135.79239
136.12118
136.38096
136.69737
136.74741
137.51104
138.10658
138.64087
139.31785
8.82596
27.69413
43.75883
59.16479
64.13923
80.11817
108.87422
109.25787
109.43473
109.90678
110.20593
110.63325
111.91357
112.55619
113.03090
113.42213
114.09374
4.07273
12.34692
29.23448
40.02147
53.97660
66.63703
78.44660
79.46786
79.83457
80.29795
80.74363
81.34766
82.21769
77.54153
77.80677
77.95959
78.46055
1.77209
6.44194
9.77717
14.11473
15.45965
21.12875
38.24554
38.45310
36.13994
34.80591
35.29637
35.65373
36.05020
36.63384
36.81128
36.99345
37.73612
4.34002
7.75712
10.99075
18.99627
39.36611
53.05770
67.05630
67.88848
68.52741
68.58620
69.08034
69.65012
71.38684
72.48907
72.97923
73.48407
73.50922
16.00054
34.00911
82.03176
85.21821
88.31236
101.56306
112.06089
112.09620
112.31770
113.50431
114.03919
114.10693
114.10801
114.46689
114.58008
114.73181
115.24189
0.84918
3.77455
10.21486
17.16381
58.90726
60.06670
70.07773
70.31151
71.24525
71.46586
71.65047
71.95970
71.28369
71.66625
71.95817
72.79925
73.68088
16.03854
31.22325
39.52832
65.88686
66.43563
74.82025
78.52348
79.22742
79.64762
80.10687
80.43053
80.46462
80.77524
81.09760
81.54768
81.55044
81.80908
5.24007
12.93681
34.57460
54.96368
56.82298
77.77281
96.51181
96.70735
96.85418
96.18762
96.88014
97.53283
97.81360
98.51001
99.18757
100.13154
100.81244
21.46754
27.96560
41.79687
59.57287
64.75927
80.14345
92.55716
92.83666
93.52216
93.96640
94.09460
92.61887
93.44094
93.91730
94.31238
94.49292
93.17316
5.64474
15.90785
24.72275
26.79060
42.66676
57.49775
86.48868
86.63718
86.72443
86.91155
87.54360
88.40547
85.24940
85.48701
85.90247
86.18171
86.57784
18.03429
26.56103
43.32735
61.58959
75.64090
84.40048
102.01914
102.28170
103.61028
103.94067
104.20523
104.44333
104.88034
105.76039
106.20101
107.29317
107.42873
14.29326
36.21520
67.28075
82.03921
86.15948
114.62732
122.41183
122.89290
123.73589
124.44649
125.63933
126.50970
126.56245
127.06408
127.48190
127.55523
128.00567
5.02304
15.69133
29.03420
33.55295
54.42483
65.69141
68.32564
68.98213
69.18640
69.56991
70.00578
70.33830
71.64238
71.82639
69.48243
69.25162
70.25364
5.85360
18.95875
23.34197
42.97002
50.50089
53.66000
69.22629
70.06576
70.30585
70.92028
71.11458
71.72575
72.29736
72.85042
73.07711
73.46121
73.79473
10.13645
14.27635
17.99608
23.46644
50.45038
74.31134
79.14984
79.52202
80.76341
81.12558
81.21445
81.59748
82.23469
82.54088
82.81904
83.11548
83.43080
13.36025
21.22923
26.53525
32.13304
89.93340
106.79025
118.38018
118.60642
119.19530
120.05449
118.40226
115.71156
116.51291
117.53822
117.98526
118.63010
118.84915
1.67086
10.26389
7.50737
17.00356
37.09844
40.63192
51.36518
51.54567
52.33096
52.92309
53.19973
53.41217
54.21395
54.76862
55.20504
56.25735
56.93453
15.94633
32.24250
65.57876
74.36752
79.43745
84.96766
89.09162
89.42633
90.06087
90.46464
90.90977
91.48985
91.90847
92.88918
93.40417
93.62495
-1.00000
32.48945
41.22189
55.01781
60.76387
84.87997
95.17274
127.96922
128.50044
128.73706
129.60881
129.99809
130.16247
131.01426
130.77947
131.01875
131.50990
131.28513
4.34359
34.54548
35.86449
46.84643
61.04148
75.53263
103.07072
103.13554
103.17921
103.33387
104.20162
105.42805
105.73540
105.93455
106.17039
106.55413
106.99439
24.96476
38.52883
46.39978
74.31050
80.77458
81.79177
103.49966
104.07376
104.29767
104.48709
104.96392
105.05032
105.39335
105.69362
106.51641
106.31085
106.49396
3.08181
24.05504
38.44575
53.96311
57.78672
61.45109
68.35266
68.66458
68.94728
69.40899
70.20138
71.58517
72.60556
74.00929
74.16217
74.88660
75.45122
25.40559
35.37506
50.87250
56.89184
65.40464
87.89516
99.32528
99.83823
100.14471
98.67763
99.09248
99.69021
100.15144
93.68898
94.04232
95.08984
95.94567
14.11072
37.23420
48.63844
70.99407
94.78431
98.86352
103.97562
104.05120
104.55213
105.14118
105.27463
106.50745
107.21690
107.41964
107.83633
108.52780
108.96501
17.20218
42.26658
53.86732
61.67300
-1.00000
-1.00000
-1.00000
-1.00000
-1.00000
-1.00000
-1.00000
-1.00000
-1.00000
-1.00000
-1.00000
-1.00000
-1.00000
4.75432
6.66933
18.68868
27.49693
32.98233
41.32521
59.54363
56.73633
54.78190
55.74424
56.24189
56.65786
57.20757
57.24841
58.49192
59.06306
59.29196
10.26624
25.57157
35.52990
42.18863
66.90446
78.66898
121.45348
121.90464
122.39693
122.76587
122.95118
123.18451
124.05789
124.59849
124.95245
125.28273
125.36931
10.99237
25.39335
29.19477
40.56935
63.08767
89.51797
95.95511
96.37614
96.97163
98.32905
98.84589
99.69081
100.18661
100.48528
101.01722
101.72255
102.38971
21.23509
44.29523
99.49942
103.27884
116.87193
154.38104
159.19562
159.47751
160.44620
157.59615
157.92431
158.13340
158.61447
159.26415
159.41125
160.02325
-1.00000
13.56565
17.28190
25.35473
43.77273
61.38541
84.17033
89.99945
90.84412
90.96949
91.37118
91.42514
87.42901
87.96968
89.13772
89.50785
90.19603
90.66856
13.13143
21.64178
38.63636
44.58336
51.71069
79.93967
96.76889
96.95115
97.62399
97.90089
95.90242
96.23068
95.07489
95.88886
96.20133
94.05528
93.42123
8.78262
12.87526
77.71550
85.45529
135.45694
146.43157
159.90582
160.43037
160.54480
160.99685
161.84829
162.20575
162.55135
162.68611
163.10715
160.44415
160.82844
2.47409
10.71237
24.39594
26.51708
29.25897
34.02868
32.74791
33.64995
34.01640
34.37436
35.03757
35.99537
36.40298
36.54112
36.84341
37.74174
37.86882
3.50768
22.49856
37.36758
61.62958
66.51627
77.87598
89.05102
86.72347
87.14145
87.79013
88.03187
88.28285
88.52355
88.57754
89.05105
89.51655
86.14056
14.49541
63.82993
90.06681
102.23492
106.72543
123.62124
123.44558
123.57064
123.72620
124.36474
124.92455
125.48706
125.71221
125.96349
126.52901
126.78742
127.70367
43.84805
101.64921
103.88587
107.07056
109.88429
134.18931
140.38845
140.82127
141.21041
141.86745
142.31614
142.36676
142.59542
143.34945
144.65607
145.06707
145.21197
15.12894
39.45340
51.83066
72.98709
80.66795
93.11434
93.38810
91.01504
91.16047
91.56168
92.22603
92.84011
92.97928
93.49534
94.20452
94.37777
94.41569
8.60287
26.57095
38.23880
43.19586
46.95957
48.70028
58.48745
58.67150
58.83111
59.08570
59.32856
59.39553
60.20923
60.95732
61.56100
61.95995
62.42928
7.54269
39.37154
47.53045
85.12688
92.60813
111.93178
112.83505
113.32466
113.99412
114.15242
114.65950
114.89508
115.12912
115.54507
116.19918
116.38378
116.77606
10.24799
14.04070
35.92757
58.77324
63.72212
69.97875
88.92889
89.37756
89.79241
89.94056
90.42205
91.46220
91.95720
92.12292
92.24794
92.93064
93.29986
10.81183
26.72978
31.64535
33.57395
37.79314
47.18115
56.20389
56.59069
56.82093
55.09108
56.21253
56.40000
56.58114
56.76379
56.86575
57.14003
58.20526
1.59977
25.10125
41.28495
57.40478
74.06035
84.04064
97.14611
97.53058
97.82196
98.19258
98.40424
98.80976
99.13876
99.45463
100.82406
101.09196
101.77559
7.03572
11.00383
29.46540
47.78886
48.41694
53.80221
61.85744
59.39698
59.83355
60.60026
60.87902
61.40942
58.72940
59.02114
59.02647
59.32245
59.49082
9.19732
21.18704
24.31236
41.38103
63.65243
98.08750
102.39085
102.57005
103.14843
103.35356
103.89185
101.72117
102.42093
103.01508
103.70233
104.04285
104.52594
23.48435
32.46961
58.11747
73.39938
78.52414
100.85636
117.34196
117.44943
117.54474
117.74343
118.42691
117.24007
117.66842
115.86318
116.54568
116.76676
116.79944
41.27255
62.16071
75.21247
89.00259
91.23608
100.42923
114.65955
-1.00000
-1.00000
-1.00000
-1.00000
-1.00000
-1.00000
-1.00000
-1.00000
-1.00000
-1.00000
9.54463
25.87311
26.95136
52.47546
65.73365
84.61452
106.73487
107.26817
107.72819
108.02684
108.29961
108.76408
109.50241
110.22168
104.28333
104.51133
105.02083
7.93856
17.92967
25.88560
39.06834
44.15807
70.72086
96.52952
96.79065
97.14847
97.41727
97.83265
97.90746
98.28797
98.54779
98.77988
99.09717
99.69152
30.27663
41.35047
53.88946
67.09487
67.42501
77.79637
109.76003
110.01057
110.41162
110.85887
110.98723
111.21760
111.94094
112.13993
112.35681
112.71132
113.54299
12.15926
29.10274
40.52181
51.57491
58.21427
70.71589
75.16675
75.27870
75.61386
75.89031
72.87197
73.93635
74.40726
74.44414
74.98984
75.57196
75.77204
