7.69007
9.72635
14.63845
18.73741
24.50048
28.48753
36.06140
41.15326
48.77138
51.67203
57.95480
66.59122
73.42561
75.71519
77.98795
85.24056
91.84565
99.66026
106.48103
111.08477
114.39297
5.68530
14.79579
16.97118
24.05699
32.93877
38.96431
44.15585
47.19688
51.60606
60.01416
63.02633
68.28056
72.12045
75.83737
91.26813
98.56289
110.17755
118.85955
126.94689
131.27279
142.23770
3.09406
11.57294
14.95943
22.59192
30.17180
35.29594
39.33634
43.04119
47.71521
63.87998
76.70945
84.64228
91.39758
94.27603
97.15158
107.18399
109.70412
114.56423
119.84237
126.62508
132.35717
5.65871
14.07390
20.08142
28.44258
35.73656
39.64625
46.19098
55.40386
64.07075
68.96367
74.75657
77.52370
81.00890
84.53618
90.20328
92.67137
97.16072
100.23923
106.37103
116.20877
119.55662
4.42270
12.04836
16.75439
23.50990
28.23607
36.24612
41.67291
44.63594
45.97700
49.23332
51.74482
59.49649
63.12549
69.21257
75.56422
84.00781
87.12781
95.14893
98.77394
103.24531
104.70810
4.98133
11.17997
17.15281
23.02127
28.41558
36.43949
41.29308
45.74830
48.52754
55.72984
60.50823
71.10995
79.11062
87.45065
90.26357
94.74894
102.76312
107.48757
116.97674
126.68303
128.49763
5.89332
15.16840
17.42200
27.58212
39.33187
52.68934
58.66963
68.41746
81.51869
84.59799
90.54406
94.89018
98.54806
102.67404
107.23786
111.84087
116.63656
120.71777
125.72993
129.20135
136.34473
3.36910
7.65926
15.45977
21.64919
25.39885
29.38292
35.32815
39.64058
41.23401
48.07250
52.61149
58.20564
65.55156
73.78914
80.67303
90.01027
92.48125
100.47843
109.43042
110.99447
115.44768
7.16583
14.56815
17.36254
18.79914
26.58794
37.69946
44.87173
48.68473
54.45867
57.58116
59.71495
62.25791
66.31675
70.71751
81.64942
84.64226
88.31199
90.85454
93.14013
98.63461
106.86474
4.05471
7.55317
18.10191
23.12458
30.93764
32.56426
36.34061
39.55127
44.65821
51.16760
53.60428
57.11862
67.06263
72.26993
74.73222
80.61183
83.80506
86.64911
91.86591
96.28302
103.37837
5.99975
11.41671
21.51893
25.81959
31.06794
36.84616
39.79005
42.82894
49.52256
54.31745
59.50107
71.71883
82.25962
86.74172
90.78695
99.46383
103.05478
108.35282
114.36546
121.90050
125.59975
5.47565
6.96826
9.69597
12.12259
13.83215
17.96144
19.93043
25.47301
28.04715
31.97768
40.65822
46.72965
53.10818
65.00195
81.26760
86.37458
93.47506
101.53020
107.43383
118.85261
126.87344
6.42112
13.55472
29.79626
42.09917
49.15579
56.12975
64.33701
68.87438
76.20910
78.59423
83.97489
91.09464
94.64926
101.82706
107.51286
114.50649
121.47769
125.79388
131.00920
138.45607
142.66122
5.05835
6.14079
13.46789
19.17613
26.62415
28.76330
34.02161
35.61204
43.18466
49.70359
53.56006
55.80910
57.24212
62.65136
74.16472
82.06025
86.41060
89.57283
103.34209
115.36850
120.89955
4.88750
7.88933
9.22800
11.96538
17.43829
23.58709
29.90018
34.16799
40.36586
47.34183
50.93923
54.04408
58.11033
61.63643
63.92672
65.21286
74.44649
79.62687
82.40091
89.71371
98.47838
7.26274
13.77464
22.22495
25.46608
32.26992
39.26698
44.34481
48.14679
61.14999
71.53978
77.82563
86.83855
93.15667
94.54779
98.58351
106.44422
114.11304
117.77665
126.19927
131.47634
136.09345
2.55216
9.25626
13.05561
16.09955
22.05447
25.42514
31.54032
39.20833
48.33640
58.23902
65.42225
70.08655
75.19339
81.45233
87.87693
92.83115
99.17463
101.54544
107.07991
108.37559
115.09426
7.92711
11.57889
14.53643
21.76419
27.46399
30.84454
41.85335
46.98243
58.09519
60.31864
64.62809
68.22954
76.19747
82.59511
86.86463
93.30985
100.42235
105.58953
110.44460
115.75509
120.21944
7.68186
21.69237
28.45327
30.08215
32.69413
37.72156
42.42572
46.03646
50.62796
57.74197
59.71788
66.52821
72.35826
80.04453
85.80413
92.35563
93.43704
103.81286
112.43744
121.93697
131.65949
3.19315
7.37121
13.83085
20.38424
27.70294
30.52451
38.29256
42.89813
57.38547
66.75860
74.85185
76.78791
82.25292
85.37241
97.00402
105.57685
109.41753
111.70912
117.68098
122.59637
127.65095
1.95838
8.28566
15.86955
21.16650
25.06908
30.12403
42.45810
49.00959
55.94470
59.51527
62.75346
67.07426
70.15273
79.32889
87.57268
93.57330
102.86231
106.96350
114.14034
119.53477
127.31826
5.56714
17.37728
24.69537
30.02905
33.94222
44.03567
48.99103
52.62737
58.92642
60.27727
64.26868
70.14392
72.35604
77.29378
80.85365
86.65217
91.47332
94.64878
100.17307
104.00147
107.42431
5.16257
11.05974
15.69476
17.64274
22.14899
29.23490
31.86712
37.38724
44.60201
49.94307
52.85975
56.78205
61.99061
67.78687
76.32853
78.86904
91.86462
96.83478
100.35735
102.98296
110.17397
6.08239
9.69381
16.70912
23.82071
27.16113
34.09259
39.13665
44.13341
48.10407
54.07035
55.49079
62.58286
71.62986
75.84650
80.02367
82.42604
87.69617
92.08810
94.99135
102.13622
114.46728
2.66265
9.26981
16.81818
20.72757
27.67402
32.76187
36.87114
43.36478
49.74897
55.51109
58.87893
68.35849
70.38683
74.79655
76.75046
81.12988
85.71504
93.87730
97.81974
103.38765
110.00014
10.39466
19.41644
24.11950
28.64259
31.67351
40.79065
47.46835
51.43263
55.11272
60.05842
63.35667
67.35362
70.64117
77.19641
79.14187
81.47501
89.34110
96.84362
100.50492
109.35159
113.50993
5.54981
9.26812
13.59858
24.87236
31.87114
40.67598
45.87977
48.35194
51.60729
56.87552
61.06741
68.33835
71.99894
81.73670
86.91382
93.11060
98.52748
107.14303
110.33542
115.13034
123.21139
4.76914
9.24117
16.22048
26.77519
28.56735
34.40459
42.39601
48.84824
59.10716
64.86426
71.53820
75.51027
80.00299
87.05453
93.58830
108.95379
113.66225
118.68056
121.14470
125.03016
131.63326
3.02953
10.73003
14.30973
24.79032
32.55403
35.07248
42.81763
47.60379
52.75540
59.04988
64.07800
70.26008
72.06533
75.11448
83.59630
87.34354
93.11788
96.08157
100.99903
110.44584
115.62428
7.27524
10.66429
11.38226
13.03165
15.44636
18.31426
19.56576
23.68541
29.92165
34.21237
41.38886
52.63098
59.39625
67.98974
77.84123
84.59321
92.08426
97.95665
104.50278
115.17177
122.12574
3.48332
12.38107
19.63674
25.91446
30.67038
35.37803
38.93376
44.25711
52.32984
57.11443
65.24396
67.60279
75.47579
78.22146
86.46928
91.78001
99.03100
103.93300
106.05475
112.17512
117.74132
1.94084
11.32189
17.95904
27.45680
34.35297
46.15204
50.84469
56.59037
61.11075
67.24727
74.79960
80.52494
88.62981
92.19551
98.73225
104.13896
110.54784
116.61498
122.73748
128.70068
137.09917
2.07844
9.27171
13.02216
17.98243
24.26327
29.76984
33.08897
38.60515
42.60522
53.53261
58.19781
64.28903
74.96655
81.86271
87.97523
93.03788
101.34804
110.14717
119.79588
121.36823
123.28766
2.69412
8.02568
14.02990
20.10534
26.95376
37.15918
45.05071
51.34351
55.66225
63.26297
67.14740
71.24780
78.94972
91.69064
102.89818
108.63613
112.13943
115.21283
120.01179
124.83477
127.07775
11.60201
14.91907
22.85449
29.61333
32.50352
36.95644
39.03113
42.74586
47.24359
55.14126
61.27032
66.21858
69.85775
73.75112
75.98724
78.89348
84.61052
91.06451
94.94814
104.87423
109.47552
3.51503
12.72881
14.89795
18.85173
25.49758
27.97206
29.93872
33.17743
43.54650
46.77409
52.06545
59.19894
63.82815
69.68798
74.09547
76.15034
83.91271
87.60006
92.96813
105.34547
111.29272
8.29732
15.27186
19.45634
25.59258
35.01667
40.15002
44.61116
55.26805
60.72954
65.30877
70.64196
79.69799
82.75006
90.16433
94.15348
98.40826
101.47535
107.24334
110.70489
118.95176
130.78926
7.36850
11.35447
19.28344
24.46220
29.92932
31.63669
43.47360
47.46821
51.81711
59.35913
63.48727
75.22087
79.71012
83.66903
90.87832
93.98322
114.09373
116.94016
131.97565
136.69098
141.26425
7.44067
11.48773
16.13259
25.34623
34.12111
38.35191
42.48625
50.14089
56.27457
60.14193
66.34901
76.39675
83.17370
86.54009
89.25447
94.74143
98.49279
103.19799
111.98112
123.27164
132.33356
4.71684
6.56403
11.66189
16.30361
27.26520
37.24302
43.35685
47.35232
52.79494
54.55743
64.21573
69.39502
70.28755
78.14213
85.12841
90.88158
94.52109
96.73969
105.91803
111.95640
118.77687
6.29187
13.53642
20.09222
24.80321
30.17958
32.17891
38.73369
45.46946
49.80950
54.50516
58.69626
61.63452
67.21506
77.60281
85.19488
91.18103
94.52768
101.39553
105.46624
112.28688
118.57918
4.51451
14.54326
21.01250
37.48998
40.40192
47.57490
57.01149
61.60425
70.16026
75.34875
76.83508
82.51845
91.18864
98.67150
111.86323
119.51446
125.92615
132.41039
136.47897
140.21929
146.38708
3.24962
7.77043
16.42675
31.51376
38.07582
42.59100
49.26902
53.52821
56.79868
64.46322
70.48904
74.84286
77.12778
78.80934
82.12769
89.47151
95.60077
106.53740
114.24175
115.88900
119.21040
7.17424
9.17405
13.69243
22.80178
28.88038
34.47516
40.78507
50.27677
57.48875
62.69441
67.40889
70.80348
81.35271
84.03731
85.46415
89.64126
96.04112
99.38181
109.34306
116.32821
122.37950
6.15619
13.88829
20.03967
27.73033
33.13386
39.92590
45.93420
48.26523
55.87285
57.65700
60.87224
65.96002
73.79263
77.73219
83.05305
92.08504
102.57262
109.25064
111.08152
115.57796
122.59292
1.75537
6.13602
10.26925
15.51175
19.32717
26.52405
34.97181
49.71107
60.59977
73.38168
81.19541
95.36164
96.68630
104.31076
111.47543
118.67705
123.46645
126.69662
130.30935
139.05343
145.25292
2.84151
4.88848
10.39521
15.38176
22.61534
29.15583
35.42682
41.03409
46.20011
52.19504
55.74021
63.96069
68.91393
81.10960
88.80743
96.80324
102.65024
105.66151
113.70181
122.00040
126.84505
2.45808
12.92494
20.77016
23.44159
30.15923
38.01186
48.23066
53.12930
60.43410
66.22062
68.40582
73.64683
86.88743
93.26945
94.85954
98.35492
106.24722
111.58511
117.47777
124.72210
126.99728
3.07614
6.93048
22.38722
28.55167
35.31882
39.25397
45.35812
49.64429
56.87434
60.06014
63.74655
75.91727
78.74349
82.82248
88.16945
93.35492
99.04723
111.10175
121.04853
126.71636
131.47422
2.93616
5.64560
9.12893
12.35992
21.54883
27.15134
31.93524
36.51530
42.70902
46.78790
51.34324
59.24802
63.51694
68.82882
75.04057
77.78405
82.88802
86.98056
95.25054
99.88834
104.83328
9.46003
11.51330
16.72565
19.06285
31.06307
35.75677
40.54541
45.53911
49.14455
50.69859
54.47557
59.66356
68.02911
71.91070
80.68354
83.68018
86.30579
89.12731
94.50484
101.76546
113.59633
7.87093
20.73750
27.67744
34.08207
37.86265
45.67900
52.70912
56.06611
57.74261
63.85808
70.04856
77.88749
80.95577
84.94951
87.87144
90.71877
94.63099
104.07073
107.59318
114.97092
121.76046
5.54643
12.80651
15.32110
24.68697
28.42766
34.22260
41.23884
45.16225
56.90886
62.43585
70.31031
73.89732
75.44968
77.57879
84.45888
89.63211
103.21223
109.53122
116.44724
122.21733
132.45369
1.10204
9.36611
13.01757
16.22301
24.58947
28.53491
30.42336
36.11561
40.09177
46.72292
55.27381
56.86804
66.88997
71.44408
75.42154
80.06725
84.72853
90.84965
102.28563
109.65740
115.28475
7.32812
15.66965
18.31687
24.58882
33.21289
37.80947
39.83591
46.06590
49.72536
54.26708
61.76946
70.37585
76.78114
83.10294
97.31747
107.65513
114.21672
117.93691
124.26539
129.81533
137.11672
9.30438
14.15920
18.03255
25.49020
32.84805
35.76552
41.92342
47.75618
53.93668
62.06162
63.73911
70.21198
79.76529
87.59501
93.57413
99.19848
102.41224
106.95363
118.69280
123.56388
131.23294
6.40750
8.66253
11.94548
17.47428
24.91677
28.18358
33.99104
42.56357
47.76644
56.79691
63.32535
69.80810
72.64359
74.62572
79.92369
81.66023
93.08835
105.62302
107.30321
110.87674
114.23354
1.15987
6.73438
15.07816
17.09248
21.18035
24.76807
36.09164
41.94896
47.53591
50.10933
52.77233
60.48475
64.96870
66.86755
72.23241
77.98315
83.44803
89.57576
93.51814
103.46414
112.38990
4.21295
13.41590
20.14379
30.51063
33.67618
36.87441
42.15242
44.36111
52.35517
55.51169
63.60899
72.76227
80.41976
85.18518
88.70628
92.98315
97.48526
103.10642
109.37618
116.77323
119.24922
2.98790
5.36411
13.24752
19.37170
24.93070
32.97110
34.18704
41.67570
50.87477
53.49838
57.03977
64.03203
68.09174
74.89772
76.39131
88.06452
96.26786
106.77229
110.65260
121.53758
124.61558
8.20935
9.78498
13.36117
18.81727
28.35609
31.08681
38.98621
43.94987
53.46501
64.04966
69.90760
79.55023
85.42529
89.61527
92.58912
97.04281
98.74728
104.44267
106.58894
112.56400
116.15363
6.02148
13.30824
18.87258
21.70831
27.15949
30.64097
36.98572
43.77156
48.66325
52.77845
59.78955
71.14143
75.34587
83.94052
91.36365
98.35078
105.37397
107.31462
112.32427
116.78412
121.22096
11.47642
16.17437
23.36663
28.27982
35.05084
38.12498
41.74333
44.23648
47.77883
53.28895
56.96686
66.72654
74.37123
77.07056
80.01516
83.32654
87.38997
93.51952
101.47220
104.69161
107.06188
3.14792
9.33055
13.05762
17.46865
22.54622
31.65654
34.38277
44.41006
48.81927
55.15882
59.75939
64.70690
67.50264
69.87655
78.44278
86.47613
90.44742
100.23877
107.38688
117.27577
125.32287
5.67055
10.28257
14.99518
18.82588
24.95640
29.24262
32.80102
42.43555
50.85740
55.03255
59.97045
61.27853
64.10357
67.93604
70.80233
74.34150
80.12188
87.81142
90.73788
105.13209
107.56938
3.81034
12.24748
16.68850
28.04823
35.36454
40.01460
41.83361
48.57512
55.46708
59.93603
64.00679
71.06102
74.98287
79.44360
88.17021
93.26105
98.81258
105.01937
112.34139
115.64867
123.40680
4.76148
9.27013
17.87960
22.37710
28.13117
33.66696
39.92571
44.06921
46.06168
50.73858
66.07196
67.48163
68.54690
73.73000
75.39591
81.66186
87.03365
88.93046
97.50341
103.49625
108.47737
7.64106
10.13017
17.14710
26.21927
33.33181
34.59331
37.39965
40.12011
44.48834
50.46443
52.10215
59.02357
62.60561
72.02562
77.37663
80.87798
90.00561
93.69977
97.24488
103.17115
116.77238
9.54635
12.25891
18.47917
29.26998
36.32229
39.25968
44.16700
45.44188
46.42775
52.42308
63.24859
67.38662
72.82817
79.17691
89.75816
100.29739
112.45824
120.85204
137.23938
142.25795
147.78528
7.98580
19.48273
35.83221
41.28883
45.21404
47.00365
54.71241
62.90483
68.81236
77.49112
82.92218
89.23792
93.96026
95.57101
100.73154
107.60260
119.27047
128.43509
131.02590
137.43988
141.54584
6.13379
10.57247
15.05803
18.96191
22.33547
24.01700
31.93815
35.71752
40.07647
42.63000
47.49818
52.07606
61.50248
73.26975
77.03375
79.63524
87.08195
94.22748
98.46895
106.43476
115.21722
7.78825
13.36999
17.15661
24.84957
26.78978
32.30714
57.03999
64.21897
73.33345
80.23150
90.63322
94.54620
99.78127
105.69813
109.26800
112.49814
120.69409
124.49749
131.51408
142.64977
145.45879
3.46512
5.94531
8.50642
11.67084
19.61481
31.57216
43.68514
46.30645
56.69003
69.46917
78.09130
83.53334
89.37877
93.03017
97.00336
101.19196
103.92847
107.79668
112.32712
116.76792
120.81894
7.52065
12.05661
18.97807
23.02232
28.36419
36.55045
46.68688
54.07030
61.95074
64.25766
67.20953
69.60908
74.10678
91.05782
99.98179
103.66424
108.32049
110.86439
113.48037
124.26860
129.86460
4.83169
13.74287
22.90557
39.85880
44.10929
48.93493
56.08885
65.54027
75.66709
87.09028
93.69667
100.43557
103.87133
111.03508
116.90506
122.23191
127.29970
135.55587
142.90959
149.22101
158.03564
7.45495
11.64475
15.45157
21.18968
22.48099
33.31495
45.66470
46.46897
48.98894
58.66375
63.32776
69.28536
73.65810
77.79184
80.22404
87.93978
90.05003
98.59258
103.98523
108.67357
114.52010
6.36979
9.82636
14.70089
21.10482
22.73417
27.73091
35.78795
41.20107
45.61171
52.33222
67.78811
75.03940
79.65010
81.05427
85.75337
90.80043
94.39386
101.20653
108.25840
114.34772
120.85879
12.15583
15.02467
25.17429
34.56949
42.40778
46.44490
51.91262
57.55645
61.97694
69.26268
71.88590
77.37819
86.25564
89.37186
94.98608
98.59646
103.14967
106.62729
110.26542
113.40268
120.70238
7.15994
9.77639
20.27414
30.79894
40.28221
45.87275
50.74246
60.12754
66.15021
70.06532
76.82378
80.49019
83.40778
86.03558
92.31562
98.68580
105.40596
106.05097
108.71349
109.71175
112.53239
5.17631
12.82349
17.14467
18.72980
22.66167
26.26263
31.05108
40.31381
43.11805
45.87963
52.45735
58.40496
63.22233
70.60293
74.67481
83.77265
87.26736
93.71137
109.37913
111.46325
114.24147
7.30930
18.67261
22.91771
30.74935
35.62240
38.94726
46.60001
51.24160
55.04580
61.62644
70.11586
76.67386
83.85225
88.67958
93.50316
96.63188
109.98026
116.19327
118.21235
123.93637
127.00628
8.01961
11.23236
16.42399
27.59040
30.94330
34.91141
38.48531
43.24958
49.21435
52.87631
60.31965
65.37837
72.97571
76.77086
81.74819
83.04961
94.59158
100.81061
107.49087
114.65962
118.18743
2.64891
7.03759
14.41472
21.53721
28.58527
33.16939
40.50475
49.93596
57.43916
64.44381
66.61487
71.40615
78.44365
84.34129
87.14727
91.16804
93.55944
102.25171
112.61730
116.41611
119.58590
4.99809
12.53108
19.35579
22.31950
25.19818
28.96642
37.71911
44.84049
53.35471
55.27186
60.73742
67.21307
71.91885
77.98343
81.98877
86.88900
89.88271
93.63639
105.00362
113.13063
117.72292
4.53588
7.22570
13.12205
17.84844
24.41853
29.14599
34.07828
43.98225
47.95446
56.15231
60.69130
66.84091
71.36658
77.53704
84.28004
87.29628
91.26714
95.81552
97.08898
106.40527
109.98130
4.17372
11.79115
16.72031
21.36480
23.93828
31.55538
34.08146
40.65044
46.05130
52.24129
55.58169
60.90355
64.62769
72.69139
75.89395
83.20694
87.97909
95.63288
101.51150
106.58211
111.53833
4.09097
6.89311
12.62631
18.93731
26.79134
34.88823
41.49278
47.66513
50.81677
60.18128
62.05645
65.93062
69.21462
72.40923
76.56254
85.45101
93.70050
103.77565
107.14159
115.68607
121.13068
8.06036
13.84673
18.98038
24.44893
31.65496
46.46046
51.92511
58.77156
63.79779
69.31261
74.66210
85.59548
89.09903
95.26653
100.96937
108.58896
109.58660
118.71124
120.40148
125.93440
130.17706
13.62051
14.38696
16.41242
21.03264
26.50918
32.00238
36.49475
39.83604
51.06205
55.53643
62.38715
65.66204
70.86217
75.82502
80.71950
86.53003
90.05223
92.87571
96.88472
110.93404
120.11715
5.36093
10.53114
20.69188
27.97045
35.92866
42.46278
44.13422
48.33504
54.32628
58.05772
60.08000
65.26591
75.17149
83.20951
85.82560
92.79108
94.09083
100.61555
104.65465
108.59208
113.50242
2.46717
7.37216
13.00941
16.69521
22.29238
28.25393
36.97990
41.16181
44.42132
56.92215
64.97043
72.79095
73.31498
77.44096
79.54280
86.03894
91.43921
95.06775
97.89929
111.45493
122.13130
9.26058
15.25730
20.87989
27.81779
35.07564
46.29501
51.69782
53.98328
57.63187
70.43742
75.99392
82.57707
86.11442
91.78021
95.52590
100.98222
109.71967
114.32206
119.16283
124.01594
127.63448
5.58767
14.57367
19.35632
23.28137
26.13576
31.10800
36.93975
40.56970
48.90814
53.98704
58.04246
65.10306
66.83112
72.68298
75.90504
79.96129
85.89184
89.76998
95.27697
101.42967
105.60667
14.74495
17.73190
31.70062
34.54321
42.38834
47.89867
54.57493
56.94294
64.02111
70.87630
76.31786
87.77032
92.25678
94.22338
96.79292
100.84304
104.65184
108.81557
115.56425
119.21115
121.14341
10.79218
14.00125
18.80490
24.96220
32.02394
37.82596
42.68898
51.31192
58.15730
63.41245
68.45185
74.77176
80.48640
81.80586
92.45430
98.88999
102.57308
106.97489
116.62980
126.83615
130.42319
6.36537
9.64009
23.22795
27.58180
32.90289
37.18143
40.38868
44.98071
48.41182
54.38820
61.16590
65.78430
74.02089
84.68754
88.21471
93.34381
102.08379
121.04133
124.00642
129.80227
137.81270
6.19782
11.90238
13.52418
17.18806
19.21662
29.29040
33.92831
40.37493
47.67294
51.33893
53.03416
57.24337
62.58514
68.81792
78.14120
80.59870
83.90748
96.32296
106.26961
112.20195
119.40249
2.81459
8.31727
12.53548
15.14896
17.86053
23.68966
26.10636
27.88487
33.82261
36.36940
44.37711
48.66727
57.59849
64.44832
70.11930
80.38074
88.10171
94.58987
96.51128
104.14807
109.70422
4.20062
5.07144
8.61466
16.56100
22.85799
28.41918
37.19824
44.86492
50.95954
54.79142
58.43398
65.85162
72.71551
82.05493
85.37201
92.32420
100.06050
107.33275
112.39805
117.02224
119.12479
10.88340
19.51196
23.79237
28.39812
35.21162
41.23663
48.44723
51.90254
58.63253
67.15228
70.63563
76.03824
79.52790
84.49498
88.30279
91.39667
94.37438
104.39972
108.37103
114.66825
117.54534
