2.86024
4.89846
31.72942
33.64049
46.88402
56.79597
60.66268
70.79166
78.71081
83.53997
94.35917
101.64933
110.49002
114.90631
121.90418
129.59196
135.29115
8.40870
16.05879
19.09205
40.73839
42.57995
46.78159
49.69907
50.69304
52.53140
59.17214
70.80644
74.23563
77.32967
98.07111
115.20264
128.18279
133.39836
7.65496
13.50852
20.47454
32.02920
38.65464
57.91193
70.14438
81.24811
100.02322
104.11932
115.41189
129.98136
133.17997
142.15516
159.50792
159.54941
177.44692
1.50705
5.73972
12.90624
33.45468
34.89640
35.97583
54.10034
60.99526
86.69104
93.07638
97.76585
100.26768
104.81747
107.35573
110.89147
114.09287
118.77312
10.40086
25.36382
30.52048
35.36436
42.47876
48.58405
50.95812
58.88506
84.08264
89.25916
99.56853
109.35680
117.89763
121.96497
129.45086
142.72078
148.80663
2.47457
16.17573
27.29270
27.72178
33.29085
35.94929
44.29081
50.91245
58.55499
62.17829
81.15436
108.07199
114.19018
124.02988
129.45951
132.93490
144.17687
10.31976
23.40950
26.03489
27.86580
33.10356
37.66416
46.67715
48.42571
54.23343
69.88820
88.20124
90.13376
108.15311
112.55265
115.38241
115.38996
121.35451
21.68302
24.39485
43.48118
45.76375
45.99590
52.26533
54.80758
56.14173
66.10996
72.04412
74.25518
79.86557
86.29386
91.08962
96.96136
98.02010
103.09019
4.38464
19.61229
23.55917
30.23154
33.66958
35.19244
45.90882
56.89282
57.58915
77.53098
78.61597
84.72595
93.34611
105.72318
113.16478
141.02446
150.52432
0.69469
3.91347
4.80176
11.93479
25.66534
28.04565
28.46349
47.22535
48.13577
55.17751
58.12805
64.01280
78.54310
85.70629
101.99160
106.81971
107.27561
4.88093
10.70621
25.54180
32.07535
38.22017
45.59930
49.37210
61.23643
71.39488
89.04753
95.06794
98.49201
99.63965
107.09231
114.40312
124.76350
131.04875
9.67636
12.99360
19.82607
26.01870
38.24861
49.05516
50.77410
66.54998
71.67519
79.99101
82.23947
83.16609
83.67640
84.74576
95.44470
112.07933
121.08699
19.12910
32.36163
50.11735
55.02004
59.02172
61.79451
65.91845
72.06834
76.19855
86.71433
92.14166
109.56150
118.01553
120.14382
134.78831
136.59034
140.15016
12.16951
20.87362
33.37418
36.94214
49.75575
58.61497
61.43491
63.91609
67.80036
70.91214
77.51413
79.81679
99.93806
102.90380
110.90630
111.86136
118.55634
3.96007
11.82799
28.94845
35.92272
42.54971
46.27071
49.37102
51.78874
67.50218
75.56009
80.56610
94.44859
102.97259
106.68602
108.17874
126.35011
130.78422
2.20671
4.15224
9.18827
18.50291
28.76339
37.14285
40.13623
47.76157
60.44660
65.38224
70.93249
78.35388
82.18974
90.32650
92.90790
112.78455
135.36112
2.61749
9.48692
17.00840
35.40247
41.84607
42.48189
55.51870
63.16580
71.06119
73.96487
78.51497
92.64693
93.33187
98.49964
99.87403
107.79060
110.65691
3.69147
5.07011
11.01858
16.26340
16.65745
17.74669
25.11074
32.74522
45.35380
49.09975
53.22300
57.52158
60.16386
77.69135
86.57934
99.94703
112.65849
8.26129
20.36236
24.86237
30.11714
31.76156
43.13484
48.91175
54.60756
57.39549
71.52972
76.67856
79.61206
89.67267
93.12794
119.97572
120.12421
123.10260
5.62673
11.34115
16.82335
33.54072
42.84209
51.93099
56.55538
79.33875
84.16585
91.29118
101.02642
115.28456
120.68624
141.18217
154.93354
166.62793
181.14028
6.21547
14.70563
18.49286
21.38046
23.55946
24.81974
51.84923
55.28729
63.03048
75.67649
102.58790
104.58259
110.68538
114.78141
114.93594
124.09612
128.57291
11.78087
18.16449
22.37034
36.59195
41.24107
46.67181
57.24635
59.56838
62.98848
74.69480
82.13879
90.90139
95.82936
122.26760
122.67741
134.40420
140.38305
4.12900
8.68361
26.41194
26.70778
32.89615
36.54170
49.29211
63.30272
76.44757
78.69354
80.05687
84.55874
87.35274
105.58966
107.23117
117.61422
125.85490
13.43353
27.62570
39.11343
44.70872
48.04688
53.96085
55.63473
65.39335
86.12634
92.46323
105.62418
111.56152
117.82769
129.33716
135.60762
141.76051
152.36855
8.84539
20.96044
36.00361
41.41508
45.06930
51.51639
76.46993
80.30170
89.97292
92.86873
98.34702
108.08582
121.81324
125.03859
135.08978
142.85561
152.17377
0.34470
0.59169
3.03725
8.35343
21.47514
26.27958
38.81388
47.01272
57.17851
67.66037
74.95589
81.19303
86.31735
96.51250
103.72668
109.64343
136.18846
8.66573
17.07703
23.28549
28.10414
41.34101
45.29486
46.53107
52.76267
59.89963
77.28558
86.77068
98.07569
108.33951
110.42989
121.64841
131.86392
139.66843
9.47863
11.50056
13.24815
15.08835
16.87870
41.88230
44.02043
55.63488
63.60380
70.96674
80.93349
89.37267
100.47231
120.65899
140.02915
143.66057
155.92630
7.33626
22.50525
25.80331
33.93826
37.28587
49.83974
54.95966
59.38184
67.89796
75.60174
79.00211
85.11513
102.92440
106.91825
112.11881
122.74918
131.36493
3.59153
15.97459
17.66819
35.77340
36.13783
43.19179
46.99255
76.28805
81.68845
96.60051
113.89225
127.54642
151.65274
160.53294
174.58305
191.31948
197.40879
8.22922
20.79459
24.36743
43.17792
58.26357
63.26272
78.14437
87.27025
97.49131
102.14296
117.87944
120.86588
123.76981
129.50209
129.93993
134.26521
139.25095
14.13706
20.20247
27.38636
32.43605
42.98367
44.79007
67.43478
78.73571
81.38266
93.09821
102.33693
104.62429
120.86391
124.52641
130.55571
152.17676
178.42186
9.44461
27.78694
34.35566
40.86516
43.12840
59.03703
67.30339
73.80460
80.14758
97.18102
107.49705
114.67373
118.31471
124.48486
130.06102
134.44063
150.47957
8.13034
13.34866
26.58140
38.27644
46.83485
48.87374
54.46596
69.94538
77.54177
78.00946
87.89650
107.88569
121.04964
142.57310
145.26900
148.09579
157.94075
1.44058
4.28913
7.36209
10.11231
18.60065
23.68833
27.08295
36.00690
45.33922
49.72002
50.63349
55.81290
80.35460
93.84846
95.07391
99.54821
106.80775
16.37299
30.43352
34.41921
52.52977
67.74844
76.56267
91.71799
97.41120
105.78151
114.04134
125.31181
130.17095
135.67175
141.10108
149.83383
150.14293
151.16228
30.08874
53.71371
59.00822
65.98006
68.19807
72.80190
84.31650
92.69670
98.56131
105.24903
108.22151
122.13984
133.85213
134.62355
147.29022
149.88907
154.82570
1.55614
5.79183
17.13749
20.50791
23.86560
37.67817
47.76446
60.15691
81.36832
90.26999
111.70298
122.47955
127.84061
132.33375
137.20108
138.32474
142.92647
2.78946
10.40545
17.60698
30.71423
40.70745
50.35370
57.23451
65.53279
69.47194
70.50311
73.32406
79.45610
87.21361
112.16729
127.10914
130.11735
138.59013
6.94574
18.95321
21.05063
38.59867
55.98734
63.52446
74.65719
77.42280
78.91438
92.96423
95.34354
99.18075
101.29184
111.34757
113.30038
120.76427
127.28808
12.93430
21.94592
23.44311
24.81531
26.15300
28.42216
34.73624
38.22577
45.21356
59.92607
60.45359
70.57750
83.11418
84.37096
106.17326
120.49471
120.99341
1.33248
3.59681
15.72746
17.43555
33.33425
37.69333
41.68759
48.74011
50.89541
56.39491
62.38677
64.84495
94.85684
99.56006
105.11641
107.61748
118.10450
2.17516
10.05963
32.38095
38.48985
41.39876
43.59168
47.22588
52.40176
55.14267
65.19173
80.57055
88.20047
101.54132
104.45202
106.65270
113.07045
116.47759
2.60994
12.25362
49.32601
60.54243
66.44457
75.51808
86.87008
90.34641
92.75379
96.00066
106.04355
119.49929
122.32575
128.79278
140.31462
148.75274
177.95077
3.56371
25.22103
26.31979
27.38176
34.98186
35.41538
43.93124
46.19320
66.02580
96.17806
104.38023
109.80642
114.28707
138.44192
142.07842
148.01139
151.39799
2.85700
11.85556
16.13530
29.36035
39.81188
41.37217
49.56132
56.58037
60.43558
74.82551
75.61757
84.33689
87.80178
93.68995
96.95417
101.90783
108.21967
4.28815
10.80952
23.85212
26.48131
29.00263
35.30394
36.57149
38.37220
44.66065
52.54159
59.41577
71.65960
81.10171
96.25094
104.44934
108.41491
109.52567
7.58759
16.01344
27.93586
50.37780
53.90620
69.43390
84.79821
87.09914
90.00707
98.46243
111.98861
113.90868
133.56905
135.67330
148.40720
152.13067
152.13079
6.45827
11.72446
22.48757
31.72539
35.97461
40.40574
44.09657
57.24943
60.90339
73.82693
74.66362
79.32973
85.03086
103.65126
105.92773
107.85062
113.59119
13.15758
22.07302
23.39900
30.17524
36.47735
47.00797
60.51092
64.09736
72.02113
79.48369
94.57830
95.43831
100.37655
121.19787
130.06126
132.38491
135.67967
4.40837
12.63275
19.37985
30.12661
41.22108
47.76709
54.16891
58.77738
70.55808
76.13494
77.06206
81.13693
83.37917
90.57695
92.01902
100.59323
105.11196
3.42693
10.59178
21.81892
22.37387
30.52825
44.36044
55.32664
64.95792
70.09847
88.76242
120.06522
127.24855
141.55661
152.01576
155.17433
167.71394
169.66452
4.23987
13.51355
18.97230
24.50650
34.67799
52.03031
60.25861
63.48002
71.55679
74.89001
82.09125
87.88507
95.24768
103.71340
123.76409
129.83080
137.78676
11.51979
19.93493
23.32537
33.98262
40.88506
55.75562
56.67879
78.34817
84.19269
89.33383
93.66742
106.50502
118.60774
125.07550
129.73451
131.83410
138.81210
4.54823
17.72089
26.47381
28.33007
30.86872
36.23221
45.26070
50.27464
51.55107
60.43129
66.92429
74.65681
95.44025
106.02625
112.33238
114.23822
115.19111
7.02578
12.80785
24.18975
31.78437
39.84512
43.48566
52.01617
74.93571
80.25985
89.56087
93.52816
106.66166
115.24423
116.01808
126.17145
139.17254
144.58607
7.98746
13.03175
23.60121
30.91305
34.22325
37.08808
42.85359
50.90998
69.09468
82.54714
97.01625
104.84664
109.06275
109.41710
129.15738
129.96812
156.92305
0.82372
3.64632
4.80229
17.25556
18.54033
22.02598
26.18383
29.83914
32.62524
36.44927
40.41480
51.65075
52.59918
73.06747
80.36960
83.88236
98.17447
4.02274
14.97610
19.43169
34.02026
42.29950
48.56083
54.01113
64.52269
71.86585
84.89162
85.65237
87.15728
94.19608
99.82159
101.33855
103.38170
105.80271
5.13623
11.32232
22.26181
24.09136
35.16389
50.76477
56.78174
61.21507
65.89304
71.06101
78.61635
85.14971
92.64041
100.28239
111.75687
113.91161
117.75800
18.41501
19.68943
23.47238
42.16774
46.39353
52.81422
53.89808
69.08282
74.44772
93.88552
99.52573
118.79686
124.13463
138.71692
140.97680
144.09125
151.39516
6.40597
16.07825
22.66347
29.49880
34.36167
35.34551
42.89294
46.82250
65.57038
72.10566
78.36053
92.06027
93.71439
100.64829
108.23110
110.50074
122.35606
2.94807
12.02666
16.89949
24.56572
44.14727
45.77150
48.25874
52.19584
62.66987
65.51774
70.09136
78.03887
84.58439
90.83598
94.75586
97.45279
104.19862
1.53213
7.95316
24.26980
28.77144
30.60273
44.68353
51.87992
54.12883
55.37184
59.72315
63.90410
66.70666
75.24629
89.30820
93.95123
95.79434
104.30433
8.99662
11.10308
16.00789
25.48760
26.66859
29.98294
32.28270
37.62481
47.58380
58.19633
59.08057
74.05371
75.64766
83.31740
90.01785
96.01533
106.65694
3.11409
4.35578
25.10102
30.32655
35.02958
46.34478
52.08587
53.95203
64.10919
66.08473
72.57605
88.90554
91.77651
98.55940
107.02535
109.36442
114.00319
5.51755
9.03289
14.35545
31.84032
37.87560
46.90944
51.87750
54.47666
57.81182
63.10327
69.17352
83.96090
86.29528
97.36689
102.82928
104.25241
105.51561
18.15527
29.43902
36.74070
40.94598
48.59352
52.97195
63.21208
64.94751
66.70749
68.21030
72.23550
79.54767
94.38545
103.40321
111.00335
114.49115
122.68922
1.33805
10.74744
22.04084
25.00860
34.70335
37.53445
46.15514
54.06145
58.90031
70.20463
86.26584
96.82698
105.32232
119.24113
127.45447
132.08561
135.28007
5.42055
10.26001
14.66350
15.74294
22.48868
26.97829
29.46337
40.85595
58.64459
62.09765
71.55144
73.22366
76.89727
82.82219
86.04096
103.12343
123.24139
8.18594
8.91193
10.89557
16.24782
16.87240
22.54871
31.93378
39.43899
43.91246
51.97333
59.91049
66.84195
75.71364
79.55032
84.63881
86.77793
90.87665
4.81965
14.90113
20.63300
28.87329
36.38088
43.05060
45.89421
50.66988
56.13957
80.32485
85.62703
94.90011
105.97735
118.21887
121.28829
123.77128
133.09591
2.27815
11.44146
15.75091
18.35094
32.75789
38.85016
74.99587
82.66419
90.54523
90.61102
91.64313
94.37542
98.01705
111.00853
116.28249
121.16301
122.87536
7.41327
18.78022
47.70825
55.23816
71.80527
74.52268
81.22353
85.57536
86.64334
87.13653
89.32464
96.42091
109.76076
111.84845
117.85677
128.60515
131.95419
2.48555
4.44038
5.48971
16.44026
32.39085
39.69891
61.01175
75.22757
84.62538
86.98764
98.53769
99.61479
104.85536
110.75969
113.14056
117.92104
120.63842
0.75361
3.02346
5.96774
22.92983
28.46244
51.93236
67.84887
77.45565
86.98258
99.05744
103.91687
112.52020
120.74193
126.65905
127.67092
142.19097
149.04621
23.07606
28.31344
28.76172
36.92212
47.24124
62.30452
68.67351
84.43367
88.99743
92.60658
102.81671
104.16156
118.61519
122.76445
136.89133
162.08739
175.68087
6.56820
12.48591
13.15528
23.28385
31.74894
35.86477
72.68875
74.44871
89.82588
96.63457
102.68901
110.84359
116.77411
125.42608
147.23424
155.49564
159.41502
4.67025
14.70695
16.27974
19.20439
25.25385
48.20657
53.21854
62.40116
74.16112
77.91689
82.39414
89.53685
109.32535
120.97280
127.55749
130.55048
134.08417
8.42679
12.69889
14.37365
21.87664
28.31587
30.58546
34.21485
43.85408
49.03747
69.04021
72.80095
81.04818
93.39083
102.25977
105.47879
108.14209
125.05592
3.16267
4.15625
22.60012
26.10382
31.26223
33.57276
48.76143
53.85428
62.75838
65.99863
73.09976
79.67772
95.93142
100.92654
114.93508
123.38567
125.72603
7.59714
8.87541
14.73054
33.01895
35.28785
40.33943
43.00035
45.41161
57.52061
58.39008
61.21712
68.72809
74.95122
84.34277
85.69787
97.58003
99.74825
4.66905
6.11829
15.44671
19.62073
31.36232
34.96478
35.30808
39.50562
42.27146
51.79776
58.24483
64.74652
69.36475
76.01566
90.16674
96.97836
101.69389
18.92832
23.39915
29.93681
44.12078
46.81994
49.23201
61.08049
65.41055
69.97912
81.40060
86.41521
100.19342
107.28611
107.52344
118.67849
127.83144
143.29217
10.03315
25.53923
33.49660
40.91174
43.82425
53.77706
57.45803
71.22351
79.80067
89.89129
96.27483
103.14516
111.32825
121.37387
126.38912
127.04129
137.25213
1.37479
3.08984
4.26238
19.54693
29.07195
31.57669
48.48295
48.58465
53.20705
72.57166
72.99915
82.02792
90.69902
93.18364
95.94022
104.22267
108.59535
5.32233
5.83663
10.65585
26.28327
29.39027
34.34321
40.06284
42.02110
49.60002
57.87355
59.06909
60.66239
76.01158
82.80308
94.22323
97.43738
101.00754
13.22966
22.87064
39.44283
43.45995
45.89440
46.68135
50.21147
56.95771
84.85969
99.67198
108.27256
114.77163
122.52114
142.90346
143.77321
149.67756
164.81855
17.35736
24.57917
33.77363
40.75202
50.98342
56.31819
64.60640
69.55350
85.22720
86.84693
98.74800
110.92994
116.91605
118.19111
125.48877
131.11882
132.73568
4.37286
17.02536
24.48489
41.75367
45.43496
49.98548
55.01180
57.45836
64.90211
70.68583
76.49224
89.06643
95.35164
100.55049
121.27960
122.25162
132.70054
5.10380
9.73355
11.22244
18.41148
31.02512
44.34118
51.02006
52.00801
59.20205
78.29754
93.90549
103.68074
116.39713
119.36708
134.40667
136.07979
141.65235
3.09944
20.72328
24.82684
28.05680
29.24449
37.11952
47.61496
62.68007
63.56216
68.35115
75.82150
79.55910
90.92133
99.63661
113.80860
121.61772
136.79173
17.35345
19.03720
29.08332
35.41268
48.87099
52.17544
53.84047
57.84058
58.44002
61.12370
68.35114
80.33462
105.30015
106.78017
110.29366
119.34622
130.28177
16.17312
23.04785
29.88444
36.02285
40.76316
41.93098
49.72728
54.07365
70.83078
75.90663
76.89597
93.87458
95.52680
107.55824
113.98021
118.94945
122.17951
12.51733
16.00966
27.19082
31.18055
48.51227
50.46966
56.50689
59.01518
67.28050
72.74047
80.55924
83.78696
86.02789
94.14784
107.32847
113.96419
118.30550
6.52237
10.54057
13.62291
34.25828
40.26010
47.64659
51.58272
52.03053
54.17602
60.42445
67.41968
71.50321
76.30505
82.96358
92.93833
96.25075
99.82674
1.38937
9.42874
29.51279
40.02149
46.07844
58.16937
75.26555
78.24111
80.13407
80.72555
83.59163
101.25272
103.68710
105.43976
109.30240
116.81851
130.16102
17.28594
21.09787
26.74479
33.01123
46.54540
51.54612
59.76326
68.68084
74.88073
86.72692
102.62425
121.64639
137.72576
138.33135
144.86485
145.71803
156.37052
4.02133
17.03406
17.51809
31.49022
40.45991
48.27634
54.71650
69.24125
77.82029
84.57755
89.59926
95.55416
109.37394
120.82471
124.17280
135.38856
144.25270
8.33024
10.11949
12.82268
19.96450
34.38856
48.20702
59.67983
68.19393
75.19464
76.62793
93.06539
98.22690
103.26014
106.35341
113.13785
120.27966
123.04644
