1.12884
1.48320
1.68948
2.88464
4.99607
5.02326
8.05520
8.29660
8.70812
9.17556
0.00722
0.60897
0.95614
1.86636
2.00210
2.64654
2.65184
3.23532
3.56061
4.54968
3.75010
5.06975
5.67273
7.16972
7.30808
7.66210
8.72548
9.49368
10.12456
10.98804
0.71630
1.84959
2.12631
2.65206
6.31997
6.92901
7.51940
9.10312
11.83967
12.13226
0.31967
0.74097
1.93258
2.49763
2.65005
3.07524
4.11630
4.32387
5.74623
8.78542
2.42403
3.14577
3.60237
3.80900
4.12279
4.13545
4.17098
4.17164
4.17279
4.99226
1.86257
2.11418
5.30720
5.71299
10.09483
10.61757
11.60078
13.79800
-1.00000
-1.00000
1.26891
1.45981
1.76005
1.76346
3.18962
3.31696
4.74769
5.06598
6.20482
7.43360
1.30627
1.30646
1.59104
4.41310
5.17526
5.20704
7.34013
8.59296
8.64933
-1.00000
2.32069
4.20249
4.33967
4.83181
5.60006
7.22170
9.78906
10.82060
10.88455
13.28721
0.74912
0.75596
3.94201
4.45373
5.59938
9.08527
11.35484
16.33659
17.35130
17.62420
0.84549
1.35413
1.74319
2.04456
4.06838
6.86601
7.78039
9.35754
9.77773
11.08400
1.42905
2.91519
3.47611
4.03905
4.47165
4.96630
5.73072
6.05650
7.58666
8.62195
2.46946
2.85064
3.36360
4.59839
4.78960
4.92813
5.25151
6.06466
7.22029
7.90725
0.15737
0.17524
1.80557
2.50908
3.63956
6.39799
7.76996
8.83289
9.00436
11.25733
2.02770
2.62755
2.65126
2.65161
6.12683
6.67453
9.15240
10.20688
11.51560
13.20088
1.21178
1.58971
3.09327
3.12269
4.39180
5.97621
7.00454
8.14341
9.02121
9.36550
3.59700
4.18719
4.61679
5.64875
6.83032
8.98281
12.57321
12.59953
12.62712
15.39157
1.79974
2.02091
2.47940
2.64761
2.67914
4.46558
7.47427
7.99021
9.08254
9.16662
0.00171
3.71551
4.22056
4.35622
5.75641
6.15298
6.35227
9.16692
9.59891
10.01097
3.64053
3.84100
3.95077
4.86730
5.24053
5.24401
5.24733
5.68466
5.92456
6.26219
0.50743
2.36949
5.01060
5.52992
7.60698
8.35084
9.12298
9.66766
10.93647
11.01096
1.67428
2.33329
2.77657
3.05595
4.25934
5.57580
5.57796
5.87165
6.95504
7.26882
0.16292
1.01283
1.99934
2.76014
3.35954
4.33608
8.94971
9.96422
10.01462
10.49689
0.46831
0.98033
1.07878
1.35019
2.34071
2.84800
3.37635
3.41094
4.78682
5.11453
1.05145
1.13274
2.50162
3.59885
3.89959
4.19650
4.21272
4.63022
7.66167
9.21861
1.76396
2.92149
4.30277
5.68592
5.94874
9.06380
10.47010
11.06089
12.24890
12.84789
0.42063
4.68997
6.13617
7.76110
7.83363
8.17311
8.41435
10.96198
12.82242
14.32311
0.41659
0.84313
1.41160
2.50523
3.88145
6.33870
8.80627
11.41769
13.16886
15.41239
0.01360
1.20190
1.31003
2.27568
2.29860
3.62389
4.23170
4.33880
5.57649
6.89150
0.06641
0.12143
0.13581
0.25034
2.07420
4.38721
4.62450
6.82904
9.18425
10.69513
0.02375
0.51912
2.84467
4.09923
4.72254
8.06771
9.76865
10.62805
11.55909
12.04611
2.34985
6.15616
6.31122
7.26274
7.95555
9.80093
11.45972
11.54357
12.75033
13.35603
0.70435
1.73187
2.35859
3.09021
4.26144
4.53841
5.64177
5.97420
7.74574
9.99151
0.36724
3.39119
4.80693
7.79227
8.13521
10.27188
-1.00000
-1.00000
-1.00000
-1.00000
1.25677
2.41124
2.97065
3.04903
3.43270
3.65938
5.38479
5.80428
8.36830
10.54763
0.69738
1.18740
1.25095
1.72237
1.81251
1.83003
1.87881
3.10789
3.81145
5.38347
0.08705
0.53191
0.55320
0.87150
1.76712
3.17510
4.19198
4.81679
5.41918
6.00989
0.67035
0.67548
2.12067
2.78664
4.29390
4.48608
4.54118
7.98612
8.20217
9.03873
0.47038
0.60766
1.45363
1.91340
2.28712
4.39791
5.15848
5.81174
6.90431
9.10423
1.07089
1.55055
4.68083
6.00837
7.52574
7.95765
8.84558
9.27630
9.84892
10.76336
0.91425
1.69154
3.17569
3.39029
3.54500
6.26557
8.59259
9.79751
11.09734
14.09944
0.59646
2.06743
4.95811
5.48106
5.79975
5.82352
6.41642
6.80782
7.30130
7.78344
0.09628
0.50148
0.87645
1.40587
1.76495
2.78240
7.05108
9.58855
12.35105
12.50037
0.10093
1.72077
3.88426
4.17601
5.49136
9.65126
9.89987
10.05598
10.05629
10.23083
1.15651
1.33330
1.68260
2.54654
3.96756
4.08081
4.16457
5.52102
5.57526
6.78334
1.09152
1.92780
2.64840
4.78195
5.74264
5.77576
7.48068
8.09607
9.04172
11.07133
0.01013
2.09696
2.80802
3.32394
3.86620
4.61852
5.51630
6.03967
7.41323
7.76835
0.44563
0.47968
1.17067
1.29405
1.36896
1.72774
2.11643
2.12732
3.54196
3.97136
0.01619
0.57658
0.82472
2.92761
3.08290
4.15869
4.77607
5.27979
7.61122
8.77537
1.81933
2.99533
4.15804
5.43082
6.00645
7.54319
7.98311
8.26508
8.50885
8.68672
0.41141
0.48063
0.92725
3.73111
4.67926
5.57624
5.64994
6.90347
7.07787
7.53594
0.25119
0.68520
3.90596
4.14758
-1.00000
-1.00000
-1.00000
-1.00000
-1.00000
-1.00000
0.35756
0.82192
1.17133
3.54602
4.57492
6.90209
8.23078
8.26687
8.39499
8.63493
0.14984
1.15110
1.33096
2.80227
2.87424
3.04650
3.29173
4.53153
5.08377
5.13188
0.10277
0.75995
1.80815
3.83656
6.37148
7.22312
8.97408
11.43222
12.03126
13.53273
0.22302
0.36417
0.72600
3.20035
4.24924
5.27981
5.38188
7.51391
7.90789
8.19240
3.06682
5.42829
5.45981
6.40478
7.26346
7.51074
10.14138
11.77155
15.49250
18.76956
1.40587
4.77191
8.16147
11.23884
12.54047
12.97818
13.38860
16.01551
18.41467
19.03959
0.50020
0.89743
1.38303
3.54263
4.17580
6.10084
6.72329
8.56292
10.64830
11.45221
3.20682
4.06166
5.57420
6.53197
7.51520
10.39352
11.19258
12.02665
13.77676
14.25114
1.10441
1.50621
2.38486
2.44100
4.29353
9.70411
9.85248
11.85387
12.29806
13.13178
0.18763
2.17815
2.29116
2.90391
4.78591
4.79196
5.03232
6.72572
7.71747
9.41753
0.05958
2.72755
3.31347
3.35901
5.25886
5.28806
5.29121
5.47676
5.74586
5.97972
1.73007
3.56833
4.39651
5.51994
5.71921
6.09795
6.90323
7.56508
8.03922
10.67970
0.16976
1.38324
1.39306
2.58314
3.09975
3.36198
4.25086
4.75993
5.04351
5.48487
0.98258
1.54091
3.08807
3.60731
5.19514
5.49346
5.93462
7.64301
9.40771
12.45161
2.88104
3.42652
3.72970
4.57820
6.47628
6.67392
9.58329
9.69826
10.92546
12.16266
1.09558
3.60099
4.22599
4.37794
4.37968
5.31553
5.34497
6.21159
7.42381
7.58927
0.45788
0.91540
1.66209
1.66671
2.39018
4.40185
6.27162
9.36994
10.03874
10.58999
1.48015
1.70677
2.18866
3.21575
4.26543
4.43637
5.99466
6.82964
7.26996
8.12063
1.88508
6.09237
6.92014
7.84768
8.86642
10.03458
10.03910
11.29637
13.12811
13.30747
1.09360
1.23352
1.24402
2.17403
3.68645
5.47310
6.50040
7.28913
7.36915
7.85698
0.69019
1.51243
2.07071
3.76661
3.78702
6.01874
8.04612
8.17242
8.32646
9.82689
1.56555
3.27649
4.12773
5.75500
5.79041
6.92446
-1.00000
-1.00000
-1.00000
-1.00000
0.52951
0.74344
1.45056
1.81306
3.89257
4.22464
6.23292
7.10793
7.64631
7.91396
1.05222
1.43313
1.47891
1.72988
3.01125
4.16929
4.48211
4.66970
4.94522
5.73732
0.59975
2.06910
3.45291
4.23897
7.12895
7.13000
7.49847
8.04378
8.76285
9.17837
1.01707
2.28219
3.94684
5.22652
5.92477
6.50213
7.49985
7.50218
8.86307
9.47169
0.25514
0.63595
0.68177
2.58106
3.02953
4.29503
6.45905
7.02632
7.80236
8.98959
0.82121
0.83308
4.24455
6.20671
6.32715
10.04323
10.17917
11.14578
11.29616
11.49094
0.36463
0.41107
1.87424
2.46525
2.60195
3.18202
4.83086
5.77775
7.59874
8.62521
0.75235
1.48369
1.55020
2.74678
3.08213
4.48710
5.68430
6.63943
6.84701
9.45517
2.64112
5.22191
6.66729
8.52826
9.07031
9.54361
9.56953
13.25631
14.47644
15.92721
0.92331
1.48931
3.15076
4.10928
4.96556
5.21218
6.31752
6.54008
7.73088
8.08510
0.80078
1.07310
1.12239
1.76205
2.58375
3.09614
3.26480
3.78898
4.05972
5.26526
2.64901
3.43903
4.96094
5.95488
10.07455
11.51213
13.53423
14.07377
14.73004
17.28147
0.12432
2.80451
2.98964
3.36611
3.70029
4.77903
5.26646
6.48317
6.92365
8.39794
0.46064
1.16304
1.83800
5.31829
6.27037
6.91014
7.19492
8.84430
11.81048
12.69253
0.98652
2.86813
5.73690
6.50902
8.31282
8.33062
9.29974
9.54299
11.20077
13.83450
0.34495
1.61188
2.61581
3.38517
5.73432
8.77234
9.61610
10.70350
10.70374
12.37747
0.39686
0.73129
1.98228
3.63717
4.01772
4.29466
7.86544
7.89469
8.39893
9.13341
0.62425
2.53287
2.54763
3.87790
3.90073
6.06023
8.48254
9.01082
9.57211
12.38475
0.81296
1.44761
2.46858
2.68415
3.80106
4.15484
4.50048
6.22092
7.15766
7.52720
2.99081
3.17908
4.64342
5.46929
6.65789
8.62568
8.63304
9.90024
10.32977
10.69296
1.28490
2.13525
2.35762
2.82282
6.22894
9.29596
10.87812
13.28805
13.37289
14.89198
0.46021
1.02785
1.19152
1.95878
3.82061
5.19602
6.99639
7.28912
8.55153
9.41179
0.22935
3.64674
4.22828
6.02358
6.36506
6.67000
8.98468
11.13260
12.29813
12.54838
0.69201
2.39974
5.86965
5.98720
6.31861
8.00205
8.16736
9.76319
11.12239
11.92878
1.68166
1.93055
5.41944
6.46665
7.22851
7.23080
8.87162
9.47353
11.76665
13.22945
