24.40470
40.16129
48.69968
53.04704
66.48800
91.07967
98.06686
103.37058
110.83251
119.81457
140.03003
151.14698
163.81127
190.97812
199.80812
203.72968
206.00781
206.17462
212.83794
218.69041
16.47076
52.57556
55.45932
57.09657
66.67003
119.56637
134.89750
140.17012
152.24288
188.98829
202.40266
214.08689
218.29376
232.38830
238.85017
246.34972
262.47638
270.68281
272.72315
280.80252
1.93241
20.37168
38.59757
49.86462
50.70103
64.90132
68.39291
78.16761
111.37878
130.04149
136.79900
141.72091
156.41214
165.03482
189.81671
205.91455
207.72028
237.70485
251.01449
264.18480
4.49470
13.01154
22.66871
32.84615
40.05829
44.50811
70.22617
81.46696
93.28127
114.63066
132.38971
138.94936
146.36095
151.10619
174.89868
175.34300
182.00821
207.44265
221.96233
247.28497
31.71210
56.86843
62.20284
100.95955
101.82172
113.49044
125.54650
133.62844
141.33853
161.07965
172.75664
178.58020
188.62827
191.95159
202.02627
208.88707
227.57276
268.41329
271.88069
282.05686
4.60786
18.41113
26.27377
33.17844
39.63080
50.50036
72.65650
77.87288
97.44461
121.09081
151.11722
160.94331
160.94362
179.72315
181.66975
192.58508
195.22407
208.70017
212.78820
231.48987
41.75227
54.61332
59.66421
76.52891
78.68318
83.82230
87.09416
89.68042
89.74751
100.42666
133.00090
155.93807
170.94207
171.28959
182.23469
187.87279
216.66934
223.03720
242.43544
247.97623
20.19104
25.47889
40.07381
45.84350
57.61514
71.35035
75.53879
83.50446
107.36049
115.58883
124.32101
125.96705
150.53716
175.86661
183.26097
204.10555
212.23980
229.60241
241.02779
244.71190
13.39685
20.13859
55.70759
70.31793
73.90334
89.54231
95.03036
116.54710
139.20533
151.42520
165.25449
175.49600
176.78830
185.93072
196.50899
229.33978
230.59324
254.19644
282.40143
289.52622
34.43471
39.54769
69.20921
71.17474
93.75613
105.52116
115.49494
129.12698
134.31555
139.86494
146.70404
154.82474
158.94410
160.99888
179.63360
209.74006
230.03556
230.98312
237.31525
247.39831
21.44029
50.31076
59.48574
71.07630
81.48156
91.59362
115.38978
131.23018
139.31876
142.88670
149.82858
165.99595
178.74415
196.80784
208.58709
211.01962
219.34277
234.68936
238.55934
254.00232
23.28412
58.34109
69.75696
82.65107
93.77808
105.96473
122.50000
156.43634
165.32223
191.42686
197.76941
210.38045
210.60312
230.19822
240.18829
247.99074
250.34829
262.08249
265.39842
268.56487
11.29353
15.65123
29.76528
44.57068
55.69324
67.42140
73.74978
81.32612
96.54179
133.99802
146.23032
156.48427
163.11124
171.32842
173.86499
186.18038
190.22978
194.24136
210.22637
228.08861
13.25438
22.74684
32.54024
43.00733
52.84144
59.30740
61.58416
90.41671
109.20945
111.36907
132.77739
137.35228
146.93646
148.81432
151.17168
168.33784
174.52724
183.51285
202.53230
217.12473
15.55260
22.40249
25.40764
34.80066
40.87300
49.24680
65.87119
76.47974
83.13205
104.36915
116.59577
128.45032
145.88101
164.59478
180.95011
206.51899
214.80851
220.78745
234.91804
245.11092
17.08494
21.59077
44.26366
56.48773
59.74000
71.11588
93.17967
104.40958
116.72067
122.77896
129.10635
141.91486
143.46796
146.63263
159.37045
174.10713
179.16543
181.51671
191.35572
205.79411
11.43798
27.28112
46.44001
65.00779
81.68845
111.45291
126.32212
132.42822
136.90011
138.96583
151.80053
170.09098
179.50314
189.56613
206.58131
212.25911
219.83671
227.56535
236.41610
253.16177
8.46424
11.57538
14.26447
36.48266
49.54513
57.41369
66.11334
76.07567
93.55205
105.78718
124.00649
135.50708
141.40466
155.63939
169.45022
172.47053
179.80672
205.99696
221.48832
223.54388
16.99271
28.78548
46.68664
58.93566
83.21448
84.37576
96.17784
114.16278
115.52461
116.23742
138.55986
166.38231
188.97697
207.19223
224.09979
245.76831
257.05670
284.29066
294.64471
310.71153
10.62198
26.76328
33.38209
47.57472
82.71978
97.44319
110.28946
118.97303
126.39900
138.31026
152.30321
154.85476
170.51796
161.56778
175.26187
186.38246
217.22757
239.51526
240.68481
254.82086
15.17274
18.85680
28.51873
39.84878
47.63700
61.86254
71.35130
80.18100
81.98588
119.39844
134.39871
154.37168
189.06376
202.55323
213.54460
213.91050
220.84491
235.36007
235.37930
241.50814
21.06056
27.24019
31.82093
34.60621
55.82551
66.39022
68.92619
98.94517
115.17114
128.18749
139.56806
156.78790
159.08622
160.68760
173.93847
187.93704
187.45328
215.79210
218.93992
233.94250
9.21864
19.00933
44.11827
66.23232
72.99061
83.33445
93.56213
100.62932
125.14899
136.32746
137.05905
154.85165
158.66392
175.14812
185.71800
211.82424
237.59504
262.65053
280.90612
289.84217
16.18337
31.96350
39.54612
44.58277
46.91512
54.87371
56.06963
59.14037
68.64233
72.57605
85.13948
109.57941
116.64265
144.45867
160.98288
176.08096
179.50549
209.93371
240.43883
271.97558
32.30273
46.70989
49.24742
61.99550
75.97549
81.98428
97.96473
123.49387
148.66834
174.87163
192.50459
224.97447
232.74790
232.76532
240.14880
241.40456
274.64568
277.40067
280.14868
280.86565
15.90993
38.66983
47.50776
65.94391
107.29833
120.82847
125.27355
140.52834
140.72337
152.72313
169.09585
171.44543
178.59404
185.32397
192.67923
205.71892
212.27985
234.43795
234.66401
237.33214
9.51224
20.73415
48.44670
60.66381
74.59830
91.99207
95.98812
113.56332
148.59492
152.59311
167.61149
170.13069
189.07500
204.89443
231.47317
231.97671
240.10872
261.38762
293.16049
301.95403
7.44580
33.34467
57.37631
68.18098
87.77998
98.21251
128.25219
160.08889
174.57484
185.89967
210.99803
219.63954
237.93928
248.53805
250.68711
267.92763
287.28664
299.31247
327.42829
349.48595
6.90658
23.42565
30.67617
32.81591
49.67779
63.29260
64.67979
89.83566
94.70460
112.48219
128.12769
134.35755
135.23657
146.94835
154.09328
171.64574
187.47849
206.23183
246.44584
254.89834
3.17608
10.83209
48.16497
50.44127
59.64026
72.30365
92.42064
102.42094
120.45377
130.16896
151.92515
164.09916
177.48247
188.34160
189.91916
195.91369
205.32215
209.49644
224.06511
244.27019
22.92125
39.50790
59.08238
59.81467
92.00830
106.93886
113.74501
140.73942
165.15011
171.97261
186.75630
200.94495
202.95276
205.97474
222.62473
226.25081
253.43999
269.46677
282.44719
289.76785
14.18757
25.46971
43.51860
68.35815
84.94363
101.81020
111.00778
126.69765
143.12343
178.71641
204.57213
215.82766
221.98607
254.20739
255.33381
261.74061
261.74444
264.59212
271.67623
285.48278
15.87376
43.65841
73.86603
81.68043
83.82365
93.38222
115.16776
125.36363
139.81430
171.83745
194.30083
205.30950
218.70935
259.95530
262.62492
294.13622
298.05354
329.57857
332.02132
350.80757
16.79795
33.53159
49.71703
68.34422
82.83395
84.88292
97.64104
103.87738
119.55897
129.42920
134.15434
144.32232
149.11273
164.69109
183.84982
202.09416
205.72691
213.15646
246.57529
257.50906
25.42145
34.60229
69.32744
86.56441
94.20132
95.15996
91.41729
109.92227
117.60370
129.76358
137.01355
152.02459
159.34124
177.96029
192.00747
194.33319
206.15770
223.58793
227.39353
228.25814
19.61056
27.26438
41.68576
52.80207
61.09322
67.58542
87.42527
103.57039
124.00641
126.41443
143.97682
150.70865
169.52046
171.18964
177.49228
190.04195
200.97139
223.75284
226.51302
240.41730
19.36805
37.56207
54.19599
79.39707
81.30180
116.41969
128.96818
138.07729
140.21606
159.95550
170.90947
184.79054
197.43677
204.21029
230.47242
234.29662
259.30485
263.49333
278.47052
290.02822
16.11316
24.05065
29.48093
42.22613
61.18850
71.14455
88.32645
98.16742
110.02084
122.89957
146.29077
150.75848
156.39281
166.05679
170.33600
184.35866
195.94155
211.78636
229.11779
231.52530
2.06758
16.40840
25.04829
31.67711
50.54503
51.53550
62.85729
101.86508
120.05845
120.56704
123.45249
149.84402
150.84616
154.52629
177.95805
181.84894
184.04709
200.89462
206.44279
213.45794
17.94420
57.41548
61.90228
70.61879
94.27077
102.35608
105.33670
117.05143
135.50197
158.18101
206.22566
232.91771
235.07841
242.19956
248.65742
259.41122
279.81379
284.06883
293.30817
289.78515
1.73062
13.93316
17.72624
45.76015
60.71314
72.72480
87.35096
115.41951
135.38334
153.49634
163.42884
179.28115
190.47520
207.67205
217.44501
239.95191
244.96177
263.40078
270.24588
271.57314
12.39030
43.29039
69.25840
74.65698
84.22594
88.92021
100.02196
103.87595
120.83250
128.18829
138.72616
139.04251
151.41628
166.76516
194.51042
210.21220
230.70347
240.60074
242.87769
280.94227
8.49776
14.40182
46.83319
62.17504
98.62325
121.08424
131.47102
140.71459
164.80445
185.04027
191.98321
205.64171
221.65891
212.89233
228.35636
234.58649
260.95163
265.44414
271.63421
275.57279
4.59350
32.63182
42.62534
55.36514
62.69523
77.62224
82.39221
91.64639
93.38319
101.53204
113.08250
130.14024
150.05765
151.53858
151.90675
183.26158
186.76220
189.31951
191.68388
204.37135
8.14914
15.46253
31.78558
42.90904
57.68645
66.57347
71.24619
80.45164
92.64665
97.54211
109.36757
125.75550
155.27012
174.78409
181.84567
191.80708
192.72155
195.54422
201.46030
225.61994
33.43915
46.51004
57.39842
67.31627
93.73359
109.12462
114.29470
122.16451
146.82725
159.47935
161.25409
178.91912
189.69360
195.89451
211.96004
219.61024
228.66409
247.24851
256.33951
256.69070
9.48211
13.84644
20.37788
24.31083
35.01189
39.12873
55.08073
66.80748
78.43599
90.47281
99.10710
106.33219
109.39927
119.71032
143.18300
147.86258
162.69550
171.16725
186.01580
192.10289
4.58823
15.70151
42.67264
66.85395
93.00184
101.53587
108.68524
116.56642
123.17107
136.31659
142.74977
164.40128
175.57390
193.05458
203.96792
236.96845
257.90214
271.33727
283.58250
292.85719
16.01155
27.15832
29.96599
68.43056
78.65338
95.64149
102.33612
104.54218
117.51507
133.09494
142.93344
148.08500
158.90487
188.83451
218.69488
232.80108
240.60126
245.09723
261.81769
264.18462
6.11700
19.36340
33.86530
36.00498
49.40499
54.77253
66.53181
90.50034
101.78620
108.10013
110.74865
122.24222
123.05429
125.93694
130.79814
143.73516
162.27579
166.67307
170.51367
185.11097
24.47128
45.72745
51.32353
58.72471
83.89574
99.83068
121.05204
133.28368
144.62637
164.16533
179.46429
183.28534
192.09349
211.14084
223.87548
227.48318
247.30215
259.02965
261.60685
280.67572
15.23152
24.07812
34.75183
39.36648
76.98738
98.72765
130.45940
140.11898
142.16283
142.95406
140.80860
150.49456
150.49461
161.62087
163.15850
209.55488
246.68108
256.39000
267.03098
280.14649
16.46067
33.15813
40.80533
56.01220
59.87928
77.49747
89.19034
96.53182
98.25199
102.46179
123.30040
137.15405
158.17072
158.82130
171.04474
185.13761
195.62867
208.11267
219.75366
243.57511
15.48229
27.33156
59.51212
89.48546
93.87601
104.91710
115.93118
117.11341
130.31606
142.83717
160.11016
163.59389
163.62294
188.57406
192.56048
202.89747
212.94229
216.20550
234.43041
244.23319
19.19612
40.68556
47.48083
63.90779
68.52152
79.09695
88.74840
94.12121
95.78016
96.46439
109.49338
121.91846
133.37166
159.76842
175.07573
194.57571
197.06888
220.96239
228.03470
237.50250
4.95756
14.19254
41.57496
44.81379
50.09278
52.71786
63.29497
76.41430
82.81216
107.66770
116.02810
148.04370
160.70372
170.37664
181.99537
230.59181
244.88986
259.51203
266.35709
272.46568
16.39184
28.05826
31.71515
41.30201
64.46701
94.36939
104.74469
117.11994
121.37555
121.31309
137.87042
163.13550
171.64534
187.01418
199.92995
205.21427
231.80156
253.07150
264.24668
269.54039
17.58289
32.50169
40.45822
71.92221
85.39061
103.31574
105.34523
113.00979
141.53435
151.30322
170.00392
181.83066
190.90733
210.78591
217.11353
225.35366
255.07862
261.98101
267.66461
290.38765
2.34412
9.34129
21.85836
34.85361
52.62009
67.31382
75.22749
80.93448
85.22109
102.91542
119.73307
121.14788
124.53881
138.89471
144.99341
181.83427
200.72255
212.00980
214.53351
227.83812
12.17960
32.77945
36.88176
38.99117
43.73166
67.90630
76.01611
85.57135
90.28224
112.58409
132.03114
142.67308
146.20942
169.63763
199.23020
213.13161
222.87122
238.87147
262.04579
281.33390
15.33489
28.81008
48.72655
49.65724
77.75027
109.26483
114.60656
141.29351
153.81259
155.39782
168.99440
171.26805
182.87194
191.72445
208.54957
217.65770
229.04058
238.98890
250.95466
253.46059
6.75449
18.03382
23.98745
37.42481
39.56364
59.06016
86.02080
104.67533
108.51840
115.04520
121.23924
134.63808
140.86215
145.51654
156.33671
158.63532
177.95407
191.52795
208.53069
216.57376
4.30794
8.18135
36.23165
48.17286
88.16012
90.62928
117.30994
132.25446
141.91195
146.68056
151.53847
159.46568
173.43997
183.36164
197.34687
205.10738
208.92963
217.85779
225.26272
229.11286
24.21854
40.28667
61.71005
71.32777
82.44110
84.20528
103.67106
114.53481
121.86921
135.93699
143.24124
144.87855
153.02756
178.76518
187.53403
194.29858
220.57685
239.52936
248.03017
260.14423
14.40578
38.28383
49.77911
57.17954
61.51445
76.73019
104.59135
118.55858
129.25272
133.08672
134.28909
170.12895
172.01399
175.12010
197.24758
213.26974
231.35457
239.02639
268.40843
298.82174
16.59596
45.68847
52.78788
64.47210
68.86040
75.40160
88.40369
110.07865
115.94025
137.29563
153.41195
155.64575
182.20000
189.59295
206.74646
212.69497
229.52177
232.18787
250.82786
276.87998
24.15824
36.83783
48.36372
50.55151
61.71801
71.17867
73.60617
94.85467
119.57102
150.05601
164.23254
164.90560
166.33291
203.76565
216.87356
243.30839
265.61198
274.50627
282.99513
288.73365
26.30773
50.11572
74.76583
91.20048
118.75907
123.18437
144.38556
170.96549
177.56999
181.14537
194.84129
202.03769
210.30014
224.96422
246.12297
259.08249
263.40726
269.73302
279.57978
300.89335
8.78898
14.33919
35.77572
50.63432
73.00894
80.73955
91.75308
104.88072
120.54571
126.81709
149.27827
151.27840
159.98323
189.81661
208.55547
210.80503
216.54574
223.84956
232.83280
250.68361
18.85008
22.69384
36.51263
56.82666
63.44943
76.95005
101.53532
112.66524
131.92033
154.43086
163.18764
173.29520
190.84390
193.44019
199.17460
202.13383
214.40472
221.41699
239.65171
259.25753
27.18628
71.19261
80.28510
83.82700
97.42377
112.39150
125.14336
141.42274
177.06998
181.93951
215.27986
223.28047
234.71969
236.88004
239.99526
245.89264
268.74681
269.82407
270.30819
287.03756
8.63571
15.80381
39.89877
72.37857
81.79965
103.07234
122.78364
125.17555
148.59796
160.89287
177.73826
189.40554
201.49332
204.04215
213.41527
222.18318
249.65469
251.03897
259.79877
276.01962
6.65642
21.66037
33.48306
38.97987
57.05516
68.53950
78.11335
93.40913
101.50856
119.98881
131.37873
137.08010
142.78077
138.39395
138.90807
156.21112
177.81353
198.17493
208.25116
214.87413
17.62792
25.22805
35.75321
62.55971
71.61875
81.54970
86.92716
95.58157
100.49492
117.68366
125.98361
135.08497
160.82503
167.65597
186.16048
187.80620
193.59914
200.68108
217.87499
231.72738
13.11618
27.24547
28.11157
41.81604
48.13770
57.01089
60.28785
73.45422
98.01288
120.96782
135.07510
150.74457
152.48832
183.08497
191.02572
201.15752
201.26296
211.09838
211.49471
217.40606
19.19255
45.04726
61.85846
73.42737
94.55257
98.33013
103.20265
113.86858
141.85944
156.52828
180.31441
195.35029
210.55277
220.49320
235.45461
246.78416
253.29287
268.68367
280.94845
298.70320
37.46724
46.27742
63.86598
79.23779
91.13370
91.13789
130.52045
143.56711
147.56505
176.96345
183.30588
187.62874
200.54512
219.20195
219.84218
231.30671
238.35488
246.95034
269.97207
276.75680
17.09793
27.90750
35.52404
39.33715
59.64045
67.95705
77.79896
90.52871
108.57962
111.71267
120.35044
129.87956
146.43651
149.75233
156.97875
183.57716
197.78777
232.57038
244.37074
267.14724
15.91529
26.71300
32.45122
46.77900
61.17342
66.31876
87.46200
102.00306
106.44138
116.31720
129.77338
143.38688
147.30730
155.64392
175.34742
186.32660
191.26017
213.19130
225.34012
233.15147
4.23606
24.40781
47.52176
51.32128
75.91720
88.38051
108.61405
110.06818
127.80222
158.49450
163.21199
164.22794
181.02733
207.98804
223.28549
236.60468
240.97089
253.46352
260.60907
272.55981
10.43765
34.60106
40.70679
62.49740
63.29707
71.59553
76.47852
87.13226
115.69990
128.98057
162.25884
175.90040
176.96687
187.48067
205.15444
227.08761
234.36367
244.08140
248.79901
258.88222
15.11587
21.58377
28.81732
44.31140
44.83825
54.92443
77.47102
88.52488
98.49556
112.43018
133.65967
139.69969
147.38614
158.41016
171.52472
186.88563
192.87394
202.19670
221.48797
223.78568
14.99053
36.51432
38.89071
56.44002
69.62995
84.97454
93.86808
107.79919
116.33936
151.98455
156.23961
178.11675
186.97061
194.27345
200.73719
217.03673
223.44687
234.47824
235.91129
237.41192
19.73368
34.46048
55.27370
65.95152
87.45721
109.72641
131.79513
152.68649
171.97982
176.61843
192.56618
192.77892
202.97847
215.02245
226.30044
243.41747
242.95886
248.05123
254.15461
265.43444
12.44514
28.57903
44.73213
60.04859
68.90951
75.05396
92.89637
102.09815
130.80796
136.27262
146.61017
167.49559
188.20470
196.25799
199.89941
211.00227
211.01379
237.85048
259.32884
293.63083
16.36324
24.17240
44.05319
55.73894
65.72770
71.68395
80.02136
100.81936
109.78332
123.02240
125.98606
150.73564
163.01930
176.96511
196.77362
204.05324
226.45439
237.24555
257.62170
258.06568
1.43664
22.56866
30.02663
42.61742
58.93179
65.31389
90.44544
96.38551
124.15685
158.03737
165.73975
182.03927
194.01650
210.26989
216.08799
225.98070
244.04202
248.72030
252.70136
270.10233
16.91390
30.26293
31.62029
49.05988
61.87675
96.22228
109.20928
117.63838
131.43701
142.39046
150.31009
166.39557
170.82467
175.94860
181.02941
188.84453
200.28715
207.94069
223.41648
224.83012
11.06492
28.57611
30.00788
49.79305
71.82668
88.58460
108.12467
110.21157
145.69735
153.86793
168.60065
184.38504
185.49489
199.14751
215.32535
236.01021
233.60695
240.58185
241.48173
254.96493
7.27180
18.40528
29.62642
39.50117
60.60592
69.44958
95.04734
102.53242
126.54302
142.37415
166.63175
171.84652
173.93298
179.39109
195.78846
200.26579
208.26874
208.91331
224.52107
229.07319
24.17000
50.36567
73.92213
84.41221
97.24473
107.36674
121.61089
141.57247
153.93104
155.72315
172.52433
176.17583
183.27699
199.23762
211.20779
217.55756
245.72012
264.23947
271.31737
282.48141
8.04011
28.75869
36.17952
72.22258
85.02546
97.82445
108.54557
131.66533
148.11607
164.14525
172.72371
177.73188
191.86926
199.48031
211.32623
225.76627
229.91775
229.84869
272.22077
288.55207
17.27588
30.12405
44.92552
48.62535
75.71033
84.77770
99.29623
107.30901
125.68440
136.99979
143.02226
150.12018
153.14756
155.22606
156.34294
168.52328
175.30079
209.13390
220.55602
222.35523
17.85382
19.96368
29.83808
42.47761
49.73817
61.84860
73.52192
74.79464
93.35978
94.71773
122.30692
159.62335
182.75226
208.02671
233.73481
262.64038
268.04802
270.16394
291.65002
293.80544
17.99216
24.48232
42.98593
68.15387
77.89010
87.98376
111.35935
117.89672
121.56275
129.89113
148.99884
154.86600
157.57874
170.45124
179.06941
184.44281
192.82101
198.41896
208.40323
210.20435
8.32754
23.38678
38.63821
49.87840
57.33781
80.52507
107.86229
116.74773
124.67746
136.77082
142.22749
162.71833
174.22332
183.00371
194.07152
225.22090
229.27218
237.81620
239.10082
258.65060
16.15397
37.90238
55.38136
63.10613
70.15135
73.15795
103.41978
122.92754
123.74852
139.31379
153.68083
180.52786
186.82396
199.98550
205.41405
208.19814
214.98352
228.52436
234.39411
247.60664
19.43096
40.05052
52.44273
69.48856
78.16939
88.68322
106.85080
122.21315
138.25977
139.43961
157.37003
162.18768
170.60622
184.11227
226.31047
232.93004
260.53947
283.21860
296.53671
315.07630
11.20513
19.13157
41.83726
61.50901
73.01200
81.11397
104.76260
114.98330
123.96810
132.93961
136.16218
139.60792
148.68094
162.68616
177.80429
187.07452
198.55267
227.82841
251.29199
254.42913
2.58434
13.44814
21.89174
51.79555
70.62251
81.05147
95.21863
98.34315
106.96909
120.48597
127.98520
131.01544
134.37852
138.87267
153.37537
162.66288
172.40398
181.82572
191.85582
193.00490
