1.39492
8.63742
13.64956
15.25672
19.38713
29.05062
32.35439
38.90801
42.46958
49.13391
56.63340
11.35964
19.77592
22.06740
30.09048
35.65796
39.15269
42.38263
48.02368
54.71636
61.11851
67.08744
5.13855
8.36418
13.13327
15.10370
17.31001
20.84126
29.52852
36.93763
40.60749
45.78352
53.77056
4.35852
14.24939
24.22218
29.16971
33.04151
36.50984
38.95231
44.91441
57.34403
59.53695
65.71636
4.41571
9.30149
15.14264
16.52242
28.63258
42.75329
47.68401
57.28716
65.19498
67.86374
73.66678
6.10242
13.29467
18.86541
34.61671
43.25188
48.51143
56.60810
58.31366
69.79421
84.23796
101.32169
4.73323
11.44736
26.45249
27.15945
45.91765
49.24341
59.53295
64.81416
80.03570
85.12392
89.47772
15.42891
22.44730
26.11004
37.34711
42.40526
59.58717
64.72755
69.67238
89.18537
93.59966
97.84226
4.13988
8.42128
17.81012
29.66010
34.16392
37.54897
41.72759
45.68235
58.05354
61.84606
71.60834
8.59450
12.64438
19.57013
24.45369
27.64662
31.22657
47.13826
56.58224
58.07809
62.50408
78.52618
9.77292
19.10008
25.78891
31.99371
39.87972
44.59208
51.23925
54.90381
63.68584
75.38026
83.91741
4.10913
8.02056
9.08350
15.84175
23.84977
31.38169
40.55951
45.78622
55.71435
67.32844
73.57283
6.48759
17.86258
25.40498
30.82049
38.30306
42.13294
45.36579
59.60138
67.63765
72.37518
83.77074
8.01741
10.83315
12.86567
13.45232
16.37550
27.11767
31.27795
43.32854
58.73324
75.68495
76.11360
1.47781
11.01012
17.22028
22.32576
31.19964
32.86330
36.32972
42.43040
47.39177
49.82649
56.00865
7.45450
8.49992
14.71003
22.10325
35.33327
40.25713
46.56654
52.93002
59.26083
67.22899
75.32808
13.39102
19.15378
28.31931
32.22280
36.15414
48.06938
54.42414
61.23443
70.30251
76.27321
81.17101
3.91465
12.43400
19.90643
25.83443
31.38476
40.31086
54.37871
55.69272
60.32842
63.63204
66.53098
1.57335
11.51100
13.60726
23.79486
30.83146
34.41239
48.44820
53.32119
60.72317
66.41184
73.96983
8.63295
12.09135
14.76343
17.07091
20.42044
27.61053
33.46609
37.71249
41.12721
46.49341
56.49329
6.07010
10.31349
15.14289
22.72499
26.86598
29.70283
39.85390
42.22118
50.25727
57.95555
62.31866
1.66114
4.76176
12.33294
18.28954
23.54194
29.70590
37.67497
43.04449
47.53434
50.71429
58.77977
12.09705
21.98135
24.12153
26.19711
30.40222
35.88892
42.92736
48.45385
55.20585
58.33647
65.63101
8.17972
12.31181
18.63320
24.84476
27.67392
43.10276
52.57216
53.68026
63.23156
66.70926
70.33936
6.58537
9.25949
17.37491
23.61587
30.58778
40.41516
45.57123
50.41353
56.26008
62.98404
66.36423
1.48597
6.09828
9.62092
10.64001
15.29847
26.74993
29.57808
37.52476
45.46208
50.06277
56.41852
5.76335
16.86992
19.28592
26.06700
36.40421
42.67834
46.00839
53.01058
60.18566
64.62952
68.95844
4.18581
7.45253
19.41556
38.26428
44.14354
49.83214
52.38910
53.01084
68.12400
73.26057
77.23843
11.33525
15.81897
25.28448
28.07092
35.44683
37.02429
44.15149
54.96733
60.14460
77.09083
80.32098
18.43517
20.13417
27.00834
29.26413
44.82522
55.08530
58.28164
66.30022
79.28779
83.76335
87.49551
10.37156
15.55500
22.36520
34.24938
37.74393
47.45405
52.12333
56.74373
63.66221
69.25781
77.14959
3.14161
9.20864
14.63466
16.32915
21.10009
25.15985
32.85418
40.27230
45.41590
56.88452
67.82604
3.93896
6.88722
12.58254
17.62893
29.40904
38.20788
47.53509
56.68743
79.93536
93.13414
99.34525
3.25275
6.91476
19.12846
25.12837
26.44525
31.40779
41.08673
52.25002
58.23440
59.48505
74.83379
10.39886
17.38803
24.03982
29.92637
36.70278
54.49747
55.24193
68.95779
79.12744
84.42569
92.19652
10.71722
15.53116
19.10557
23.23927
28.44456
32.00286
35.80224
45.18415
49.13491
54.50713
70.88505
9.30964
18.28668
20.53593
28.70173
39.00390
42.58392
57.86044
62.51794
75.66022
79.47693
81.53000
3.37239
5.64926
8.08353
11.33517
28.72561
37.31353
43.39699
48.83514
50.20405
61.30440
67.08267
11.70881
15.79055
20.07105
26.82624
31.10184
34.26473
36.37389
40.28985
44.89123
51.87891
57.54758
5.17776
13.43789
18.72475
25.08103
32.25675
40.63500
49.87014
54.81423
57.38523
61.98682
67.45745
9.35699
16.66550
22.52924
28.23318
35.63742
39.22806
45.80265
49.51458
55.37206
60.18852
64.96703
6.40039
17.33256
21.06234
25.25751
31.48874
35.79541
38.46330
44.10509
48.88883
56.39052
62.70260
4.55546
11.70942
25.27859
28.11511
39.35911
52.83129
61.23736
72.10245
75.49030
86.45480
91.49813
9.78295
18.37345
24.04781
32.81886
39.66323
55.10064
63.82796
69.14323
76.77398
80.21944
86.87387
11.21344
18.57764
34.75949
42.58849
47.52698
52.06278
63.02355
73.41325
77.79607
82.41953
92.11847
9.31539
22.36956
29.74282
36.19515
38.24035
47.17145
54.60610
63.40729
64.88264
70.83013
74.78187
11.49406
24.33217
35.83816
39.89236
50.67818
55.69487
63.71818
76.95274
89.02877
97.56220
100.93245
11.59399
14.37099
23.40320
26.19481
36.01846
39.93192
43.54408
53.19914
55.60639
65.81379
69.97233
10.46253
13.16808
25.63097
29.79973
31.41986
39.81771
43.16283
49.40134
55.78225
65.98500
73.14918
16.86013
30.46081
38.45264
47.73761
50.45814
52.26743
56.50777
64.17814
67.06810
73.72377
80.83740
7.74633
13.64584
20.51711
22.73884
32.71549
36.07387
38.62129
43.61954
47.39815
53.80371
69.20288
3.35586
20.60759
30.32424
38.92369
42.46693
45.66524
47.95175
49.69091
52.62007
61.34483
69.49204
6.14482
14.91554
20.87133
27.43889
30.20879
37.82693
49.33511
54.39204
56.99205
62.08389
77.11933
6.06506
9.29918
20.07495
29.22545
38.92346
44.75518
48.27965
59.19601
75.55526
80.42554
92.68865
2.16402
13.93980
23.31038
33.17086
36.85669
53.03647
56.22896
59.79764
64.98452
73.55020
82.03368
9.46132
15.13252
25.10617
26.51296
35.30548
41.56645
48.45531
51.98527
69.71433
75.97205
86.07328
8.38955
15.14808
21.58938
23.80843
37.78860
49.20217
58.90529
61.44733
70.61578
72.35512
75.97202
5.18220
10.97630
17.91258
27.78503
31.12642
40.46302
51.72933
59.74356
62.83421
65.36257
68.99468
6.93826
11.37272
14.06085
16.77728
22.91368
32.58120
36.56227
41.07402
50.48555
56.50443
60.29114
9.30251
19.65674
24.21396
31.14910
34.84280
39.21264
45.47246
50.19742
56.93528
62.38563
69.73781
1.78084
5.96502
14.74428
26.83946
28.65119
36.37211
39.32445
43.46529
48.27512
52.64696
62.01648
3.89984
6.34441
8.63277
14.88276
20.66455
33.23507
50.59108
54.44562
68.25982
74.64872
83.89054
5.29440
7.01137
14.25535
17.91401
19.86710
21.58191
32.65230
39.47843
40.32388
47.48456
64.96017
6.00840
15.53004
19.93223
22.65394
34.32677
38.96824
47.67163
51.01257
56.40269
60.71715
64.17742
6.33157
10.09507
15.42732
18.05081
21.66008
26.51137
37.51636
46.27994
53.11022
57.70544
64.59615
15.14443
22.00493
29.36196
33.87197
37.61877
44.27616
51.54897
55.16073
60.87261
66.38841
71.78570
8.73198
15.67247
18.72579
25.06361
32.68989
41.97609
47.25823
59.02254
64.93889
73.22830
80.12479
4.87602
8.44127
15.53490
17.75620
23.86434
24.67714
35.95794
44.45329
48.24792
52.44908
55.52791
2.83061
9.98015
16.09372
21.24728
30.13575
36.15575
40.03324
43.13984
49.68655
56.02816
64.23013
3.25620
11.53980
19.61356
21.33036
26.58732
43.38954
52.06064
63.33875
76.09188
84.72314
93.41796
1.83818
6.13470
24.52184
29.99557
36.21513
41.90315
48.15749
54.35595
60.18449
63.63564
66.07808
15.46335
20.67086
27.53200
32.45614
40.26678
45.24946
47.38654
56.96134
63.68808
64.66741
65.47306
9.62429
17.72444
27.88713
40.23586
46.73060
49.67110
56.81478
59.56045
63.99930
74.47265
77.29834
10.93429
25.43704
28.00976
30.28380
40.28206
53.04925
53.69580
61.09694
65.29699
67.91701
81.54050
7.20006
13.68897
16.27896
27.75049
34.45161
38.19961
52.04659
59.27644
64.40100
67.60144
72.80351
5.39352
10.81100
16.26570
22.44430
32.88903
37.96667
47.91673
51.14629
56.10483
59.46645
67.73192
8.86268
11.99986
18.89295
22.43347
29.70511
38.22352
45.89243
55.08401
59.81992
68.68046
75.77040
2.40493
10.02901
30.24886
34.72300
40.27427
51.29734
54.81653
65.90202
66.52298
72.77327
81.95086
8.93204
10.90186
30.83282
32.57207
43.26426
50.78257
62.78564
67.46421
73.21373
78.12098
81.55605
6.41269
10.81830
17.88646
20.38348
25.84959
31.82467
42.46499
50.24374
61.22801
63.95995
68.70876
4.87741
7.74581
11.82719
13.90413
19.00586
23.89716
40.57146
45.54223
52.66989
55.27300
69.45848
9.16252
13.20364
17.26532
19.60117
27.50483
38.26010
42.84751
47.26451
55.51467
58.30654
60.15082
14.90727
18.61077
27.95638
36.04927
39.98052
44.70817
50.46765
61.34388
66.82377
78.14988
82.49881
2.16446
8.76564
26.69536
30.76220
44.62052
58.85782
70.17112
74.35112
83.18038
88.46954
93.54975
1.51394
11.07380
23.26506
24.78991
28.58327
33.69487
37.58986
47.78320
58.75412
61.05770
72.44888
5.07545
9.30268
21.92327
34.06857
40.73436
49.38227
54.35465
63.10744
64.98006
66.82252
81.05293
6.03276
12.13453
22.56462
27.54830
44.69435
49.75783
62.71575
70.67500
78.62810
82.36785
86.52268
5.20630
16.42675
20.27699
25.64850
36.95902
40.87718
50.14575
53.80064
60.87394
81.87748
87.84423
3.57566
11.58611
16.73487
21.83539
31.51772
36.50246
41.31145
51.32916
60.50840
67.61259
89.25805
15.42827
22.31180
29.57811
32.48964
41.27178
45.06450
56.61711
61.25545
66.43970
74.40901
80.82931
10.49596
13.26297
19.44946
35.53257
42.30267
48.43181
65.36006
76.14553
84.74537
93.97154
99.07832
13.02983
24.90135
37.17153
38.97099
51.60290
58.12315
64.70534
71.87428
73.31210
75.36960
76.67605
4.04768
11.90570
18.60129
27.26248
32.36602
42.08632
62.05759
69.94043
79.62468
84.28975
93.52345
19.75959
22.91862
25.29605
29.18251
37.17566
47.25428
51.67209
55.53468
56.71648
59.29234
67.25088
6.33384
8.79220
22.44782
27.98542
37.47815
44.30636
53.68725
58.97406
63.09851
70.26937
78.49334
9.97605
18.38985
21.36325
31.00973
35.27722
38.13253
41.89619
48.69001
52.46587
57.33917
65.18677
6.90042
13.94261
17.78056
19.27174
35.06709
45.30114
47.04751
60.47840
67.88210
70.75922
75.20097
5.72949
12.71636
13.31432
27.34552
29.33994
31.54231
38.17668
46.48592
48.46457
61.70781
67.27392
7.10634
13.24233
14.49354
16.36407
21.14158
27.24233
40.19755
55.58751
66.83839
79.39650
87.45292
5.03797
10.38853
18.83279
29.77117
32.32337
37.27896
41.76638
44.71672
50.76269
58.90071
68.21949
