4.75348
11.82792
18.17961
20.99543
25.64098
31.54793
35.58222
39.49766
42.55290
46.52323
48.77591
55.38533
57.36611
60.57861
66.31392
67.89920
69.89555
74.38073
76.41936
81.27779
82.36608
85.31442
90.55445
91.95854
96.07525
99.84225
1.56627
3.53912
8.62835
14.00007
17.99336
21.38992
23.22319
25.19551
27.25976
31.56220
43.35499
51.30942
54.43090
61.49549
66.75675
70.11856
72.61479
75.48851
80.33292
83.90230
85.60685
90.13259
93.43495
95.19087
98.42001
107.60843
4.26440
8.21573
12.55329
15.30111
18.43645
21.97471
26.61476
29.77352
32.28938
33.82102
35.10479
41.87105
45.31049
48.84614
51.04945
53.64686
57.85518
62.31881
66.44688
75.17309
80.52259
84.19925
87.93233
90.65668
94.54455
98.97037
9.52173
15.61574
19.00489
26.90752
29.31058
35.07504
38.15981
44.82054
47.36421
49.77459
54.00405
60.46179
63.79236
70.81979
75.49417
79.18033
85.64831
89.65583
93.32464
94.19753
96.84615
103.33631
105.54231
107.59121
113.05222
116.05317
4.64970
6.85191
10.48344
13.34312
19.24790
22.73667
25.16069
28.91129
31.42780
38.55995
42.19342
45.06150
47.76188
51.66786
57.56787
62.85453
70.38436
75.24174
82.86781
88.07644
90.64735
96.26107
103.53954
105.39897
111.26691
113.12561
6.31617
9.59552
13.51039
16.46541
19.48487
22.35706
24.98577
28.40597
35.56691
38.97572
49.87063
54.09645
56.03254
61.40609
64.64203
69.27670
72.33852
75.93496
77.95727
80.98667
87.99931
92.84489
100.22770
103.75057
105.53204
113.58940
1.89793
8.74478
15.33991
16.43175
22.76292
27.94334
32.03342
41.31102
49.98837
52.46592
55.54213
60.53889
67.65983
69.76396
73.90254
81.30330
83.94118
88.20264
91.05848
96.94793
106.70511
108.46682
112.02234
122.00528
126.76353
129.97587
1.73677
7.90068
11.16940
16.78283
20.04996
24.21050
26.51252
32.09884
37.96364
43.25573
45.74489
47.70852
49.94250
52.19527
55.18394
62.52420
74.22338
76.57189
80.71437
83.37624
87.54593
90.91932
98.75923
102.43346
105.28725
108.58963
4.15849
6.89258
14.66665
19.19578
20.97296
23.22416
24.10711
27.78622
31.77328
37.99957
40.92484
43.83794
50.75706
54.34115
56.56640
61.78736
65.20748
68.97100
75.21397
78.42354
82.22197
86.46426
89.57880
97.95686
100.75707
102.96132
1.47469
5.46441
13.41337
17.20865
20.57662
23.88347
27.79406
31.23150
40.98700
43.15040
45.41545
48.64372
49.63773
55.55734
59.61834
63.88411
67.65051
71.42249
76.20465
80.27981
87.02967
92.68966
96.91884
104.42583
106.61712
110.78904
6.97162
13.40268
22.36361
28.63539
35.78080
39.03136
42.69430
47.64137
50.94916
53.08987
56.19378
59.14220
62.38728
63.74933
66.76738
73.71625
75.71617
81.78857
86.50830
88.03129
92.12978
93.96777
97.64403
102.40337
107.18082
111.35104
4.68227
10.08058
12.02515
16.64810
18.28076
22.87979
26.58747
29.73917
30.26950
39.74653
43.52022
46.67843
50.26373
54.95179
60.27847
63.29306
66.20375
72.97385
76.14040
80.35747
87.28612
90.79239
95.20100
100.03493
103.05053
107.32731
7.71400
15.08016
16.78382
23.76122
25.56516
29.36269
33.97953
39.10526
43.65340
45.16459
47.92595
49.75914
55.83839
59.58308
61.74420
65.45086
68.25939
70.92882
73.40720
79.50049
82.97760
85.42074
87.44630
92.77204
96.89779
105.08690
7.07425
14.95654
19.49958
23.43990
26.09200
30.97091
36.34223
38.97621
42.08004
44.13033
46.33009
51.91217
57.03368
59.03675
61.95648
65.89307
72.29934
79.00930
86.87373
92.67496
94.79015
99.88719
102.52753
107.87306
111.54023
113.76460
3.54737
7.66459
17.20093
22.30101
26.29722
27.86225
30.63361
32.54372
36.39859
37.57506
39.12914
44.23989
52.87277
55.67921
61.01624
69.04774
73.82982
84.57024
87.11296
94.03410
99.35058
105.81209
111.53297
117.32707
121.31682
128.75961
4.01585
7.71909
11.02046
15.13130
19.63795
24.28914
28.30131
30.43083
33.83917
38.77731
41.20246
42.83590
45.94402
51.95306
54.79106
58.16605
61.62365
64.91808
72.59445
76.10802
79.08477
81.22738
86.21115
93.08832
100.24490
103.56155
2.04911
7.92041
10.03890
11.63974
15.28617
17.62511
24.77725
28.97075
29.95204
33.94066
38.40667
47.50074
51.69524
57.97919
62.42592
66.26274
69.71962
73.54011
79.98840
85.05236
89.59728
97.03675
100.62942
103.59706
104.79969
107.61704
2.67490
8.91809
12.67548
13.97990
15.57120
18.84619
22.50916
26.03535
29.13521
31.36769
39.72181
42.21010
45.72597
55.74843
57.54662
62.57622
73.00557
77.16027
82.94599
85.33511
90.39209
94.90321
98.42318
100.59571
106.14739
110.54397
1.60775
6.33664
13.17619
15.30372
21.47424
26.17105
29.32301
35.31003
37.57214
40.84980
46.03217
48.33667
53.12378
60.65587
69.57700
73.90472
80.35720
84.32180
86.92396
92.68045
97.62095
105.15331
109.64483
112.24935
114.55103
119.09214
5.36076
8.14280
11.22703
15.72664
21.17779
29.82948
32.74330
38.49885
39.99441
42.78195
46.20952
51.83628
56.35179
60.42004
66.16967
72.37503
76.19343
80.26376
82.94280
86.35964
88.21919
88.89372
92.87441
95.52454
97.07826
101.51888
8.18965
12.15725
13.72467
15.46093
18.96683
24.41573
31.22534
34.16084
37.56581
45.66110
48.72046
54.27332
60.36362
61.78125
63.00768
68.06767
73.21956
74.94872
77.33307
83.71793
90.11596
93.04509
94.83800
98.21317
102.02955
108.32565
5.40617
13.96367
18.65714
25.18279
35.19360
45.81734
51.16327
54.72166
58.38126
60.85813
63.88122
66.51575
68.78219
75.57409
82.09161
84.52423
87.56365
89.95043
95.34305
104.28056
108.62299
114.22705
116.61382
118.20637
121.97882
129.60378
6.33180
10.28106
13.09153
17.06249
18.69778
20.75135
24.27955
30.61224
31.73562
40.88842
46.23917
53.50616
56.58487
64.95501
66.27812
71.47096
81.24646
87.48895
90.97572
94.74120
98.29113
102.82571
113.22075
114.46809
117.30487
120.55358
2.48275
4.24306
9.09604
13.43907
17.63810
20.88894
26.83835
34.35384
36.67146
38.76005
43.97711
50.96621
52.44558
57.95325
60.22035
68.17068
71.06179
73.25029
78.44507
80.51100
84.79431
86.57420
92.02522
97.89336
103.37217
105.39991
5.24807
8.92345
18.46448
22.53038
24.91697
29.16955
32.32433
35.21656
37.85628
44.27958
48.72183
55.80378
60.71185
61.46389
64.27569
71.44853
74.47634
76.32316
80.00030
85.78769
90.20777
92.40340
95.58768
98.47649
99.83960
105.80066
3.30705
6.01296
7.77970
12.11655
17.42679
21.81651
26.46931
28.93458
33.74807
36.77241
39.50542
46.41953
55.72065
59.81052
65.52834
67.82376
69.36053
74.86571
80.26638
85.55431
89.75684
95.42086
100.10036
103.13273
104.38958
107.71159
4.01468
7.36996
10.85524
15.35829
18.36211
20.19707
22.48980
27.31369
32.12913
37.57181
41.81686
47.04512
49.49740
54.94317
57.10081
61.20773
65.85333
71.98942
73.73305
76.90197
80.56177
81.72416
85.69431
89.65386
94.70033
98.80261
4.12216
9.55493
14.67647
17.42379
22.54911
26.80146
34.26608
37.87656
42.32907
47.88110
48.71619
51.91446
56.75292
61.69942
65.89635
71.48181
74.74719
77.16283
80.34639
81.81341
83.98775
86.29070
92.63114
96.03978
101.01133
104.02219
6.04863
13.40164
15.52230
18.76233
21.99404
25.38217
31.80923
38.40688
42.47331
43.79636
44.96883
49.10861
58.45622
60.57487
63.20968
66.20661
69.71933
71.97255
78.29384
80.99064
84.66286
92.27798
97.28118
102.40444
104.90577
109.72763
2.58447
3.66173
8.52518
15.71798
21.46057
25.20195
29.67982
32.27528
34.29616
40.41265
42.88375
44.96970
48.28090
50.33699
53.70210
56.12620
57.71955
61.76199
64.25803
69.28611
72.50675
74.44000
78.92763
80.93584
89.65607
91.84644
7.23739
11.94732
16.47999
23.78643
31.82144
34.35265
39.48503
45.04917
50.94779
52.83212
56.38761
60.55352
62.79114
66.11980
69.72009
75.23834
79.16573
83.85572
89.95029
94.42939
98.99710
103.62844
109.67666
112.79209
115.09761
117.10529
5.92630
7.67964
13.31745
14.73518
19.48801
21.32887
24.13650
35.35197
40.02158
46.68705
49.33533
51.97326
53.20135
57.01131
60.52398
63.82623
67.25195
72.47294
77.78204
88.39102
92.50731
95.59845
100.09393
103.37703
108.20759
112.30942
2.19712
7.20577
9.84168
13.70001
17.99658
20.12254
25.06505
30.78556
34.04471
38.60462
42.67386
47.85541
52.26315
54.78534
58.65397
67.09181
71.08225
80.10543
84.12930
86.50313
91.86964
96.87242
100.46654
106.18972
107.90586
114.60775
4.64454
6.12450
9.46798
13.65997
17.91677
19.40489
26.85792
32.42095
35.22836
38.11043
40.18289
43.57803
49.37381
53.74549
59.42945
64.60003
69.49462
78.65515
81.43522
83.42457
87.08934
91.11360
92.58764
96.21760
101.35672
106.80125
5.64283
8.36745
9.59602
12.43439
18.68628
21.42416
30.80009
39.33762
45.74678
51.36760
61.94420
66.70299
70.84845
74.52436
80.90720
88.21187
91.44322
94.94680
98.98712
104.72765
106.21654
109.88449
114.25583
118.90423
123.90378
131.55243
2.27598
5.23179
11.65561
18.26481
21.74566
23.60202
26.29265
28.96233
33.29348
36.46432
41.14809
45.62942
48.10045
51.29700
55.40194
57.47264
59.58788
66.98228
71.48740
77.83469
81.27825
88.21804
91.30093
93.53717
96.32940
101.24019
1.25845
6.57731
10.30046
18.16427
21.44592
26.32066
27.70569
29.44131
33.45323
37.51871
41.91264
44.98223
51.07527
60.45310
64.82165
68.09296
71.05755
77.08887
79.75976
88.17771
90.84341
95.09006
99.86535
102.98072
111.25430
115.35484
7.34805
13.84191
16.50295
19.68563
24.16822
27.31155
31.96489
35.47738
43.01828
46.03721
53.73164
58.71071
65.63620
68.52416
77.31081
80.92841
86.16099
90.97480
94.21923
96.87444
100.47257
103.62307
111.67187
115.08514
119.68363
121.12957
3.66199
6.51137
12.17714
16.91891
18.46737
24.14425
27.12952
31.25992
33.21753
37.14175
38.01525
46.62553
49.55253
52.40341
56.95963
60.61495
65.47321
74.87130
80.99224
87.55429
96.09701
99.95464
104.92748
107.66903
114.89660
119.38039
7.41440
11.09125
14.90639
28.49474
32.45505
34.82423
36.28603
38.81623
43.86998
45.76796
48.36404
52.05333
59.18792
61.73887
63.49713
66.68774
71.10924
79.89118
85.51972
88.16841
93.35350
94.31741
100.16369
103.04931
105.96085
114.72214
1.44603
8.46906
12.34004
17.03852
23.72713
29.07442
36.27852
41.52880
45.86517
47.15057
50.76232
54.27697
60.38251
63.99343
67.42288
75.60097
78.60922
81.92337
85.04784
88.97334
96.04603
100.72274
103.50381
109.96568
114.05754
119.82004
2.55710
4.46393
10.61456
16.41642
19.32268
21.68627
23.28529
30.90380
32.77619
38.50654
43.96087
47.20205
52.30110
58.58963
61.20236
63.57055
65.70564
67.89686
72.25453
75.61869
79.73580
84.91844
89.29600
93.99168
98.66058
106.09473
2.94510
12.03942
16.76429
19.63915
32.35394
34.49920
36.81531
39.21403
42.09120
47.65425
53.75955
56.03993
58.72926
62.50084
65.74347
67.84676
69.49202
72.08321
75.38679
81.34630
84.42776
90.40199
94.32156
96.52019
99.26684
109.51134
3.66919
8.28651
12.40495
21.06357
26.70014
29.22921
30.70489
36.45775
41.40678
46.09870
52.25347
56.46304
57.27112
64.01014
67.20239
71.95663
77.58246
81.43154
85.31751
92.15456
93.79149
98.41364
106.98223
111.24806
112.86170
115.94117
8.69721
12.02231
13.99940
21.38066
23.90599
30.73176
37.28755
44.20047
46.96537
50.03275
55.71762
59.40939
62.86983
65.76354
71.50772
74.55161
83.52905
86.76200
91.42801
93.72464
96.19236
101.23480
105.33210
107.56492
112.09952
119.72703
1.90220
8.28425
11.37835
20.18866
30.16914
35.96243
43.14772
44.68739
47.36742
49.81994
54.64261
58.21993
61.92204
66.16518
72.52088
76.06109
79.88122
82.14858
87.01717
90.03196
95.47119
98.37765
100.63891
102.64648
106.25374
116.00291
6.93446
9.91862
14.13953
17.58437
22.24872
27.17347
31.47970
35.73285
41.13424
45.44359
53.32776
57.41494
61.63160
65.60802
70.42744
73.12574
84.03117
85.46362
91.64946
94.70881
99.24081
107.87830
117.26548
118.64499
123.06536
126.20265
4.93453
12.73911
16.95670
23.03809
29.03877
30.03245
33.30587
40.66471
45.25041
48.27323
52.41439
59.50931
64.02596
70.32153
81.54309
85.77435
88.84172
96.68648
99.96024
104.79522
106.97348
111.43771
115.52543
117.61476
124.34128
126.89265
3.98147
8.01122
10.19935
13.83049
20.35090
25.62979
28.61971
32.08291
36.86540
39.70859
42.34319
45.34514
48.88134
51.47023
51.93074
55.45199
63.26226
69.64787
72.70890
77.89056
82.23785
84.40962
89.91178
93.81915
97.75120
101.80094
4.61942
8.63770
9.47738
12.47313
18.01730
22.22632
25.99087
30.76940
33.25999
37.64020
42.22509
46.68858
48.17098
54.11141
58.70001
65.13728
79.25950
86.99479
92.42973
94.91765
97.81252
100.24173
103.19073
105.68864
111.68394
115.95994
6.28565
12.77601
14.49673
19.27133
24.13233
26.36165
30.25932
34.43807
35.69271
38.26868
46.08883
54.85674
62.71938
66.36006
69.04172
72.10366
73.84847
77.05953
80.17912
86.08066
88.15835
91.27827
93.84569
99.02231
104.57838
110.44660
6.81567
8.49851
10.07318
14.78706
17.70265
20.07624
26.91232
30.73540
35.33260
39.32320
43.87743
48.45227
50.95581
56.80421
59.31313
61.59016
68.77067
72.40918
75.48693
79.71848
84.79541
90.30607
96.82586
100.06569
103.68245
106.04925
3.61968
6.78834
10.49897
15.29947
17.92930
21.25303
28.30668
29.70286
32.99789
35.91769
42.63592
44.53725
48.69235
54.40946
57.45402
59.80526
64.64747
70.83753
76.16812
80.70947
84.46867
91.61502
93.10680
97.21821
99.12020
102.74967
2.82098
11.30489
16.59077
23.28381
26.97308
30.00796
33.47496
39.67031
42.43051
44.58762
52.34287
54.39145
56.40143
58.28525
63.61247
69.85431
73.30135
81.50167
84.24161
88.10388
90.27501
94.19108
95.21839
101.08210
102.77821
104.85624
3.06987
9.24500
11.37656
15.12361
18.91739
19.71234
21.98588
29.38496
32.27541
34.81692
36.74723
38.36276
41.78477
50.67885
54.36572
58.43612
62.21926
67.61502
71.08321
75.64380
77.69154
82.96572
84.26455
89.72692
94.93541
99.49848
4.57551
8.17538
14.37828
22.74390
25.97740
31.62163
33.64322
37.53858
41.28958
42.99034
46.58501
49.56975
55.09223
58.76857
62.93338
68.20518
80.30570
83.25307
85.00401
88.91236
93.85602
98.67068
105.06943
108.22029
114.93311
119.30636
8.15154
13.71276
21.04185
26.45058
28.70056
31.59896
37.22916
39.93020
41.86155
45.29811
51.78744
57.85189
59.92429
62.21125
69.50840
74.28471
77.68561
80.99151
84.94785
87.71577
94.52319
96.78465
99.32852
102.16735
104.26649
106.86399
3.00410
7.04225
14.14592
17.84775
22.85160
25.78652
28.75758
32.51312
34.92291
36.62811
43.89654
46.95709
52.25206
57.63872
60.31223
62.47336
65.20979
66.98727
74.39997
78.14076
82.06552
84.87863
92.50339
95.07377
96.53360
101.15871
4.31005
6.41016
9.71394
16.60611
20.46591
24.54342
29.15750
31.94070
39.51263
43.81029
45.99615
51.87037
55.72482
60.41479
63.60584
66.35251
71.34582
76.72859
79.32418
89.43556
92.78220
98.55962
100.66044
105.44804
107.36080
110.23526
3.30599
5.63977
10.53930
16.50106
22.42431
24.67265
30.34477
35.88544
39.38832
43.73052
48.00220
51.41350
55.44085
58.22265
64.68553
69.68368
71.31969
73.96606
75.42646
80.73076
83.00705
85.44310
92.85957
98.02982
102.47875
106.12722
6.70063
7.91496
13.85176
15.97182
22.09445
26.40870
31.11957
37.87640
40.28098
44.01781
46.77481
49.53560
54.33049
58.97738
64.61108
68.57362
72.39364
80.47892
85.54421
89.88933
95.89781
98.25211
102.21403
106.07821
107.35783
114.79006
5.34608
10.71369
13.05525
15.52324
22.41954
26.52052
35.81385
41.67862
42.64032
47.51663
50.11578
52.06942
58.47892
61.88741
69.12828
74.95897
77.52568
83.23410
91.83259
100.80717
102.72124
109.50401
114.94823
122.60682
130.34845
139.45947
6.79899
11.93423
13.28618
14.22871
17.32568
21.10736
24.29479
25.53297
29.87647
31.97197
38.54580
43.09657
47.11666
51.97480
55.20524
60.25226
62.91711
66.04190
70.85895
80.21948
84.65105
89.99552
96.13630
102.15387
106.43378
109.12200
5.38334
9.25985
12.03952
15.55884
18.96020
22.49456
25.76910
36.36366
39.10844
41.70673
45.78794
47.30848
49.95535
53.04818
57.39935
62.87569
66.99056
78.89173
82.74154
86.46630
88.26048
94.25055
97.27338
101.93954
108.66883
112.18108
2.90494
6.40926
10.26675
13.02186
20.21569
25.62233
29.99887
38.52654
43.28291
47.73366
48.76136
49.84593
58.08570
64.04570
70.53676
77.41326
82.29076
83.72328
87.89128
93.64337
99.13653
100.72110
104.51750
109.76712
113.58748
120.04153
4.06409
9.86964
10.81114
15.84467
19.22656
21.46169
23.41977
25.91846
29.03605
33.18497
39.77345
42.21271
46.63933
50.07029
54.91935
61.44592
65.44510
71.58617
77.07935
79.25180
85.68119
94.75436
99.93496
105.98205
111.11424
116.00552
7.47562
12.40540
15.26697
22.00677
24.46001
27.36618
30.24803
36.16864
37.32287
41.81929
49.73682
53.04162
55.66076
59.62060
65.71397
71.10555
74.45780
76.69784
78.27154
82.11080
91.55146
96.58540
99.90340
107.13500
114.85183
120.81346
5.60781
7.91827
11.12692
17.41237
20.67129
30.33490
34.66289
36.89754
38.78366
41.56124
44.49474
46.75301
50.15390
53.50277
56.61841
60.18683
62.71000
65.45005
70.00427
73.75629
79.68723
88.37579
94.89365
99.63553
103.20688
105.20403
4.93003
12.96842
15.43100
19.81228
25.99823
28.37373
33.80694
37.21797
45.91737
55.35568
58.60387
63.64063
67.60081
71.42381
76.98437
82.67196
84.88823
88.55119
92.15882
98.12297
102.28766
109.99124
112.10346
117.20010
120.30363
123.95605
9.08945
15.16732
22.48557
25.33488
29.61187
33.38081
38.43394
39.55740
40.88520
43.92571
47.59884
51.43369
54.78548
60.45780
68.46215
77.04075
78.51320
82.63216
89.27317
92.08282
93.91938
99.06527
105.85393
108.72439
114.98442
117.28151
2.78883
5.80515
9.81633
12.12515
16.92246
24.50353
37.09559
40.22452
46.30837
49.69151
51.82606
58.15160
63.99603
69.70435
79.96497
82.16744
85.23100
89.49313
93.29349
99.67701
100.91275
103.73276
107.17920
116.98420
120.76092
125.61288
2.62302
4.35602
11.85068
18.90222
20.52378
26.05951
28.85607
34.16035
37.64224
42.14048
48.27723
54.78179
57.19932
65.18455
69.87179
72.09727
76.89505
80.82064
84.32739
89.32395
92.61468
99.69105
103.72591
109.44948
114.94548
119.00029
5.39497
10.85298
13.82886
15.74099
19.17802
23.39187
25.94815
32.59836
35.73742
39.73829
40.25893
46.44197
48.38012
53.07773
57.38569
61.14695
62.47278
65.53074
70.44055
73.39840
80.48094
83.48019
86.81818
91.23304
97.03651
104.80431
5.93700
8.90479
11.30711
14.07888
17.62091
19.56933
24.08056
27.79280
32.09477
41.69618
46.39873
52.90943
59.87631
64.05465
65.52899
68.09987
71.20320
77.31640
80.43400
86.74593
92.01628
96.72330
101.15707
108.53902
110.32808
113.81560
2.30927
4.33299
7.25848
9.25557
13.68078
17.30334
24.90212
28.09586
30.89267
35.68506
41.16582
46.29780
47.29317
48.71376
52.00438
61.36009
68.84305
70.48407
74.76051
79.64186
83.13211
87.01525
89.88488
95.65015
98.45670
105.52345
5.41164
10.50456
13.67399
15.18018
19.92905
23.98487
26.70886
31.14502
35.84605
42.74941
50.30608
56.23340
58.04557
62.98095
66.13180
69.46903
73.13867
76.29971
79.98329
85.33498
90.13723
91.93756
92.84829
94.10472
96.59334
104.11595
2.80907
8.77749
15.27386
16.78174
19.90814
23.60795
28.30520
30.42090
36.46064
42.60878
45.77793
47.45664
50.52240
53.89666
56.93421
61.74485
64.40588
69.71226
70.52613
73.55720
78.07559
79.98645
88.63454
94.72163
100.09343
101.22032
2.14208
3.69770
7.32247
10.08511
16.37439
22.51579
26.92610
33.39659
38.77050
44.17186
45.99574
47.69978
55.19291
60.54193
64.87069
67.69632
73.38245
75.00673
81.65835
85.84527
90.01895
94.12151
98.13776
101.24700
108.00824
112.56468
2.87769
6.47297
8.23197
10.50405
13.84043
16.12604
20.37858
23.33638
27.44300
32.04000
39.60741
45.58028
52.16205
58.09706
61.90094
68.20576
70.07027
74.03053
75.88032
81.70718
87.05944
95.15129
102.66721
106.15555
113.83776
118.03785
6.09811
12.43952
19.94830
23.95586
30.40015
35.80926
40.45826
45.80250
51.29953
61.84183
65.89756
69.87120
72.71096
78.67357
82.39307
87.94958
91.15311
94.77294
99.74266
104.70014
110.22175
116.20343
117.86112
123.90958
129.34819
132.62432
4.30164
6.10688
12.76788
15.11256
16.45458
19.56357
21.81558
22.93551
28.19773
37.78825
39.47633
46.15871
54.04368
55.42675
59.23521
64.21357
70.95002
75.82016
80.31841
86.01863
92.01795
98.37856
101.43049
107.34361
109.66052
112.42753
3.98146
7.46683
11.72295
13.51157
17.97613
20.92707
22.16943
23.97792
28.88972
31.29989
36.03443
39.55597
43.59784
45.87555
52.26567
56.41721
57.87992
61.68741
65.48702
68.95393
73.16682
77.15162
79.37466
84.27431
92.39453
98.21632
4.02284
8.42961
12.08157
15.75852
18.48569
22.07631
26.27323
29.58615
34.54711
36.87231
38.44001
42.99389
49.03058
52.73301
56.36916
59.26123
66.63768
69.67853
73.81652
80.26423
86.77728
87.19901
90.20657
95.72560
98.06447
102.37275
5.34981
8.44859
15.03805
18.32502
20.20667
27.08113
29.19795
33.76061
36.25313
42.27197
44.01289
47.57271
56.37501
63.42665
67.13579
68.38918
74.01691
77.15402
79.25926
82.22392
90.17541
95.83904
98.63582
105.15972
108.53591
110.83866
2.15582
4.83916
6.21538
10.27286
15.23830
20.86947
29.11100
37.18291
42.38394
43.68401
47.48177
51.38508
53.37789
58.47352
61.24979
67.47631
70.18323
74.19472
80.59773
88.31479
92.94128
99.51342
104.56268
110.00051
116.65173
122.39071
7.15744
11.94934
15.93139
17.64312
21.16357
23.29038
29.26295
33.49564
35.75738
41.30578
44.93431
54.68869
58.67533
61.56222
66.24296
73.90720
78.91892
84.03156
88.29075
90.43304
92.89841
94.19908
99.26820
102.49231
104.02817
108.63124
4.90956
9.09387
13.96922
21.49527
24.97859
27.93677
33.10546
36.27742
40.69102
43.95096
49.11891
52.09027
54.17828
59.06802
61.69304
63.69014
67.03484
70.60901
74.58665
83.45553
86.33947
93.50865
97.43393
105.36566
109.37584
113.50030
4.14835
7.25293
12.13767
15.53103
19.20337
22.34050
27.43636
32.31983
34.20024
40.52904
45.55528
50.27455
54.53426
57.55749
65.62096
68.28282
76.56863
80.18963
85.42968
91.09604
93.50461
96.97749
99.67598
105.60521
107.91378
109.39962
3.28627
11.32216
13.57536
16.69888
21.66757
27.83157
30.68877
34.90628
37.82816
42.67956
51.04063
54.64293
56.03748
58.52230
65.11171
69.79665
72.37648
76.13991
83.24954
84.96936
87.92740
89.09021
93.03433
98.43525
100.13811
104.78690
2.91026
7.12065
11.64189
18.44078
20.66795
25.02876
25.97769
32.04145
37.90718
44.60990
47.50224
53.33106
57.82398
64.46353
66.82685
72.30915
75.94331
78.86036
86.16643
90.59684
97.00083
101.52465
106.08719
107.93377
111.87983
114.20836
2.53523
5.89067
10.06711
11.77565
14.44737
15.77570
18.24732
22.13946
30.97758
33.93156
37.23241
40.57048
46.45200
53.57030
58.63115
63.43695
69.28580
74.01319
81.23916
85.07358
87.72971
91.67915
100.88222
102.34362
104.59885
108.73806
1.67162
9.10466
12.64398
15.49000
18.03998
21.28928
26.35549
32.79920
37.42900
41.47083
46.63128
48.13928
50.73498
56.35288
59.84456
64.11789
67.16314
71.23016
76.87204
80.95902
84.13460
85.33051
88.85841
94.12224
98.25374
101.60159
1.18731
3.52390
8.67709
10.11129
13.31880
19.34593
22.64768
24.30716
28.51098
35.62070
43.22657
48.38133
49.07677
51.35618
54.52506
58.27261
60.78209
66.57035
70.68325
75.93738
77.85469
79.89914
86.30896
93.01113
94.00428
100.93981
2.65844
6.10094
8.50137
13.29231
17.17835
19.95742
25.13193
39.45964
45.43183
51.71606
55.87488
59.86466
63.96789
66.65777
69.12645
72.48603
77.59064
79.31624
84.76248
87.06120
93.95371
96.54855
99.76516
102.86261
104.92906
109.60122
3.82020
7.60062
11.53145
17.31480
24.02536
29.27858
33.10148
36.75419
40.42275
46.58923
49.64338
52.98149
58.63603
62.18213
71.19292
72.04726
75.33884
77.21427
81.92681
91.80869
95.61872
98.68478
102.08910
107.94682
110.03436
113.50168
7.80306
8.75643
14.88393
18.85590
24.71665
31.20551
35.74293
43.03763
45.84997
48.08712
53.49297
61.81897
65.24458
67.52020
69.79820
72.22672
80.13858
85.66395
90.66412
91.72408
98.07259
100.43371
103.73008
105.94348
109.47727
115.96481
6.60634
14.09891
20.35155
25.50987
29.35422
31.19983
36.04757
39.76276
45.26958
48.01835
54.99404
57.75004
62.66120
65.49479
67.84004
72.13689
74.66273
78.46786
84.60658
88.90838
91.64281
96.27471
97.30225
99.45175
107.38624
110.23012
2.82731
7.90749
9.86396
16.27348
17.84940
23.72537
25.41704
30.81454
33.93979
34.80528
40.95382
46.35090
53.06494
55.80875
58.61076
66.10662
71.59691
75.26974
82.31146
86.42424
92.73903
94.51064
97.17335
99.44155
104.48046
110.78675
5.67376
8.57277
11.10934
16.58957
24.37960
29.64274
33.66292
35.76088
41.89395
45.26817
50.82584
53.41091
58.37760
61.22305
67.70414
72.73703
77.59043
81.92378
89.18193
92.93275
98.37024
104.00083
106.95881
110.48494
115.46205
122.49501
3.16863
6.53357
10.81375
14.69852
19.92685
24.63855
27.79434
32.50179
36.56752
40.06887
48.47578
51.58324
54.39063
60.22764
63.91524
68.77013
75.03702
83.43327
86.07414
90.59152
98.81518
106.41299
110.95272
115.61703
119.70223
124.55825
