2.32980
5.19668
13.09918
14.14861
17.50931
21.62015
23.83319
30.55595
36.48186
37.13034
39.45899
44.97085
47.48740
54.51116
64.88727
72.81351
82.45662
3.94461
14.36297
17.30426
20.69122
23.72385
40.36945
52.16905
52.36112
63.45841
67.53266
67.59371
67.79891
78.10478
84.88975
87.89875
100.11538
102.28265
1.53531
8.44065
19.13098
20.19269
36.75124
54.54085
54.95343
65.01294
65.26046
65.61331
68.31020
74.15618
84.70321
85.35674
93.07053
93.80878
100.11183
8.47376
11.27638
12.15272
14.71743
24.56580
31.35326
44.02783
48.68933
50.85482
57.40398
65.54665
72.31306
84.52006
86.65133
95.65023
109.36920
126.83242
36.68672
44.32769
49.23295
61.45486
65.59259
77.83066
82.46667
86.05466
88.31797
91.13317
104.24580
112.79772
113.08630
117.99922
120.03032
142.08700
151.45641
1.45617
9.54051
38.10849
52.29937
52.94929
60.17357
62.48721
71.20784
72.82951
81.24923
82.66729
87.84694
96.90734
108.74351
108.80121
115.56050
131.32636
2.96734
26.05500
36.06139
38.91596
42.64446
51.68428
52.30263
56.73079
60.57763
72.60815
74.50904
82.45260
84.19165
84.42554
96.73632
97.76538
99.83426
8.36253
21.52252
23.26994
30.57179
39.14408
40.63488
41.74800
41.89075
53.11574
77.59130
79.64437
89.55191
95.79994
103.53633
104.61948
119.90710
125.43654
5.45397
46.69741
48.24300
57.12401
63.25660
63.91246
66.29940
68.30281
73.19060
83.93351
88.98135
93.05183
121.58853
125.17743
127.92642
131.31442
137.74001
9.92856
11.32764
11.33551
16.70125
16.96901
36.68134
39.54781
50.78771
63.14054
65.53352
68.64915
83.55499
85.08821
96.03027
111.17374
116.38044
118.90805
6.41940
9.87292
15.17790
17.94477
20.62373
31.64581
37.64651
43.21033
58.22401
61.81230
68.31732
68.70905
78.52155
87.10092
87.28919
87.56536
87.79248
0.94780
3.21995
9.66774
16.04134
21.14618
24.56202
31.11419
39.85915
43.59774
44.45760
46.34203
46.83355
53.71171
56.01084
67.72364
86.71733
96.71634
1.17999
13.55655
16.81356
27.27309
28.10500
33.88054
33.97019
40.91385
41.90363
48.13594
66.33937
67.91954
76.47153
86.98522
95.86595
98.04624
103.98445
5.21094
11.38360
16.92617
25.63189
30.35365
40.01993
49.79550
62.31361
90.53249
102.73371
113.90932
119.21525
124.53045
133.52625
146.55245
146.64859
152.51949
3.33630
19.94002
30.63724
35.72152
43.69164
51.69946
69.01641
69.65233
69.79340
88.43789
102.32010
103.89721
106.77034
124.63655
135.52106
139.56888
140.26760
19.06107
23.67243
25.86314
33.50057
35.54888
42.87443
49.90642
52.70045
64.34750
69.63052
73.52515
76.44051
94.35341
104.00090
107.01848
113.65968
115.85482
13.35464
13.80838
28.85333
33.83283
55.65502
57.08966
57.84306
59.42886
65.34706
72.01925
73.44923
82.35262
94.35468
96.36147
100.24409
111.51840
113.06340
0.89311
3.90705
14.22894
15.35516
15.43036
17.92523
30.64757
32.06764
32.69171
36.76063
60.91934
66.17762
72.80440
76.29947
90.30765
104.47733
108.60254
11.73684
13.35658
17.81444
20.71657
32.75422
33.90749
35.08118
39.45848
46.76183
59.44861
62.82612
70.56926
72.90950
89.86801
100.76613
120.72276
128.25125
4.20743
8.19576
15.61089
16.24744
21.69197
26.57183
32.03677
35.51491
42.68846
48.69210
78.44580
78.57545
94.88611
120.79436
129.60414
139.24730
139.29194
5.31650
22.00578
23.07461
61.05960
67.65008
72.17442
72.30656
74.41993
84.59095
87.94460
92.77955
99.43821
111.22179
116.91149
117.71825
124.69528
149.29032
6.14070
13.28072
23.23556
39.46050
42.33316
42.73966
48.01183
50.60934
74.78771
75.69050
90.88025
95.26596
106.35940
114.84991
115.71020
120.70448
126.69132
16.65047
19.26548
30.80497
32.51040
43.92167
47.28183
65.69235
72.23135
77.00300
80.45435
83.54814
90.08998
91.52537
94.54197
109.04309
122.10377
122.94235
13.50306
23.84903
32.41541
35.18378
45.35968
68.38087
80.30958
112.57604
124.84325
128.26365
136.44583
137.74732
137.80744
143.01670
152.08521
159.66384
165.79642
0.63921
1.32555
10.73634
15.19210
19.46177
20.08209
34.59136
41.21987
46.52135
48.47822
51.68202
53.99412
70.68502
79.27866
79.58748
86.95768
96.42649
15.79505
20.89997
22.17672
23.95602
25.89781
30.34595
32.28914
48.68513
48.74074
60.95589
61.71602
73.34734
75.38889
84.10345
87.89091
92.53063
104.17422
14.99767
25.02413
34.65113
42.02267
44.53943
57.40000
59.59783
66.04245
68.74017
71.30664
77.40979
90.63571
96.64748
97.33861
98.13454
102.22986
110.76018
0.83671
6.06086
12.33062
21.78607
29.90751
39.97870
45.87809
49.87647
51.64279
63.32988
70.92973
72.91282
73.67236
79.41099
82.04687
90.40187
91.81064
6.85174
25.15085
26.38548
34.47763
41.82734
47.99613
48.99447
49.91454
51.06706
60.59278
64.10815
69.63209
83.48836
84.77793
108.52134
113.32188
117.26079
4.44750
12.08478
28.35938
29.69917
35.56818
50.99491
53.58895
70.98759
71.93060
86.74073
87.45612
95.94735
104.03990
114.09627
134.22815
142.11271
148.69503
7.38924
10.38762
22.79324
33.11754
45.77183
48.77365
56.99180
58.18095
63.20190
68.80587
81.42078
82.35230
87.04680
95.41560
111.59909
115.26425
120.08048
6.56208
9.64186
12.49217
15.00371
23.86286
31.04923
31.76006
40.17770
42.12683
46.46341
49.79144
50.72160
51.14097
56.39547
59.68288
66.13088
74.71380
7.66374
11.25986
26.17650
27.41607
29.62401
35.37366
36.48818
38.36955
41.00508
45.59931
53.52078
60.21719
68.63002
76.39649
90.54599
97.04571
113.07993
0.20901
2.57392
7.71527
15.33877
28.85952
33.19310
50.26718
53.48334
56.85017
57.20041
65.20936
65.73274
76.45371
87.29216
98.68218
120.60058
131.19370
1.72612
3.25054
8.64468
29.92580
30.78213
35.61908
48.28322
51.63970
59.36945
63.46094
66.18906
70.71728
79.98050
80.76692
86.82885
90.97772
100.46718
2.63989
14.74467
18.09167
21.09433
24.63041
25.03285
29.31047
42.29323
45.52676
45.84629
54.61595
58.36593
58.90516
71.98513
73.81367
75.67356
80.61242
29.77592
39.11529
45.01124
48.25285
58.29910
58.65180
66.05003
68.62599
75.70780
81.42992
87.27391
88.50912
97.05036
124.73388
134.17004
137.15006
141.43988
1.91073
3.69431
5.78692
17.46157
22.70155
77.67715
91.13539
91.15141
96.45361
99.29435
101.66329
108.91576
109.27897
126.84416
140.86130
142.52179
147.76662
16.35254
36.97814
48.30544
66.30866
73.45317
77.01897
82.84764
91.01503
94.64926
100.85212
105.61406
117.61863
122.05989
148.64009
157.24651
159.10704
164.07110
2.77261
5.67159
9.18512
16.04663
18.62737
32.32631
35.45272
39.39172
52.27077
53.01780
61.25914
69.52329
80.16857
89.36763
103.96365
109.19437
110.34759
0.40234
7.13514
20.26120
29.53523
35.57067
44.39577
46.39044
59.67366
62.92786
70.27658
72.15882
74.84605
84.11637
91.48205
105.03266
105.67959
105.78191
2.78728
8.99006
10.65674
10.79414
16.93440
18.91083
32.29356
35.99919
52.80890
53.75040
85.47716
93.83440
102.48087
103.50782
106.46968
108.69345
128.73742
7.06626
7.74865
30.87491
36.22018
38.13294
44.59285
48.66493
55.13125
61.60788
66.59327
72.09864
79.02799
79.35067
94.03857
98.26431
105.33488
112.62045
11.66853
14.81165
22.90273
23.11746
25.44543
32.45124
35.38423
39.69978
51.24211
52.75269
64.14814
65.52016
68.97138
77.95062
90.33756
94.56558
97.33203
6.10379
8.72182
14.14240
42.22126
45.98286
55.24878
67.04119
67.06745
67.97359
74.04408
75.49975
80.70243
81.18877
82.58744
89.97922
91.62413
98.40288
2.50406
7.04367
9.22835
18.66233
22.38775
23.23649
50.32671
51.94310
60.85866
62.11264
73.79063
75.15219
75.63249
78.72685
82.61478
91.76346
98.21369
12.52486
16.04111
23.35963
27.71047
41.88263
42.87556
46.40271
53.41075
57.35397
59.88673
62.97848
65.43870
67.16279
87.57410
95.33210
100.13538
107.03077
3.79932
6.71016
15.04111
22.31884
24.50931
26.75152
35.88932
40.51497
44.91876
53.76620
57.74132
65.69950
66.91151
67.53428
77.24363
84.07066
94.99207
4.80222
5.20399
11.06257
13.72658
17.18724
19.75461
26.44567
27.03515
33.02403
54.28047
62.44387
64.55509
67.18224
75.67242
77.70991
82.39435
88.40370
13.60938
23.43726
25.39451
26.38866
32.35880
33.27576
37.30731
41.11125
64.13704
69.88349
71.54448
75.71501
86.29043
93.59525
112.16858
113.07593
115.97327
23.67111
31.86049
45.66973
48.32392
56.89788
61.03972
68.10583
71.39473
84.03181
87.94619
94.23536
100.64271
104.14456
107.86277
117.98439
124.09722
132.96857
2.47952
14.70525
19.48484
29.70157
34.31133
62.35529
70.97315
74.80680
80.50057
88.17617
90.72340
95.47318
96.50625
97.03424
98.94872
105.35084
124.83875
9.44877
15.45519
24.27692
28.62182
33.36351
58.75918
69.13979
70.00225
70.29658
83.45726
83.61120
84.19447
88.37749
93.18727
98.47343
108.15851
108.95053
4.45016
8.42830
15.24747
25.37149
28.86431
37.70292
59.50842
62.29289
66.01346
75.82208
76.78270
76.87890
90.20842
94.79712
100.13900
101.24222
124.14902
1.09231
9.30409
31.53259
44.04656
45.43366
56.64126
59.77252
78.83499
96.86155
99.76056
106.32349
108.85104
121.17940
133.32334
138.51422
147.98543
164.49381
5.09134
8.58560
15.23180
21.17282
24.56716
24.86579
28.79174
34.04949
46.27407
48.37037
49.12764
52.62077
64.37476
64.54353
69.58697
78.77431
91.81473
4.53018
6.44638
8.59306
15.46051
18.18967
25.54431
32.86459
42.79240
45.44075
51.27549
60.81058
71.87780
83.26642
84.22548
88.94711
95.93040
98.91485
7.56146
15.21922
21.44477
24.47049
37.49172
39.20930
44.05452
46.53531
54.71016
55.62639
58.25241
66.26546
77.48302
105.06475
106.64816
107.29142
109.00764
0.24242
6.10532
9.68100
17.45568
23.59994
27.09376
34.84026
44.84622
47.58093
57.56681
64.21275
68.36866
70.92594
74.02634
82.64560
83.66515
83.76334
11.39131
16.32127
31.79022
47.58861
59.41463
63.72324
69.13807
72.76502
88.31520
89.72818
101.85973
109.70856
117.79359
118.18911
118.44300
122.19951
127.56115
2.62512
8.73839
8.94556
29.31689
38.97654
42.89669
51.29501
51.80648
53.16536
58.31132
69.61879
80.66626
82.57958
86.83219
92.50193
107.52890
110.20039
10.67431
12.10461
19.49822
20.04967
20.37589
29.94087
31.94100
33.92546
39.80862
43.94237
46.73343
58.58727
74.31112
74.50972
83.17557
87.59077
101.24259
0.24728
17.08598
20.81026
25.06519
37.38232
40.83348
51.33032
51.53955
62.95336
78.35119
82.54425
93.72158
104.83428
108.50281
130.84395
136.71601
139.97636
7.37817
12.75574
17.12763
28.07877
44.19804
49.67031
67.96502
76.85739
92.15907
137.68088
139.59936
142.16851
148.93568
159.73397
162.01137
163.02214
172.80474
25.08378
32.06263
36.70171
37.84784
43.03112
62.01125
68.27142
69.25517
73.51636
78.98104
83.73576
89.68383
100.49739
102.10944
106.88629
110.47642
120.68551
3.97457
9.18582
14.37069
14.76411
29.20786
29.84915
35.63581
81.54267
87.58809
108.88853
132.10495
133.47286
141.03579
143.12462
159.47629
160.48385
162.21316
1.72224
7.15288
9.20108
16.36645
20.71409
26.46953
29.70356
42.61787
52.43282
68.80864
76.20786
78.42174
78.84256
94.76140
98.60844
108.35872
111.78296
3.91769
14.57174
14.94482
21.46288
22.10492
29.50716
30.03924
39.21323
58.77546
62.18448
63.94451
86.58651
96.14641
103.24305
110.90128
124.79817
126.40318
6.39749
9.65684
14.52377
24.31660
33.16151
36.64854
43.50119
44.71281
47.43818
50.62099
58.34908
63.47838
74.76517
78.88412
79.48027
82.70615
83.30327
1.17256
1.66251
1.68825
2.50520
2.53673
5.16033
9.37043
24.30655
31.77372
36.58508
50.93317
63.51910
63.71107
63.76498
65.08593
65.42984
73.93461
22.59053
28.56846
28.76110
37.28669
53.30459
61.34741
69.04227
70.98322
81.47865
100.33126
108.98789
123.13672
130.34159
136.28854
137.82048
148.34124
158.18567
12.88258
18.38297
31.78835
32.82616
43.86458
44.41504
51.11596
69.42437
73.59420
73.97421
95.95426
97.93876
101.66568
112.00593
118.68234
128.32105
131.94481
0.06257
3.21080
10.76528
12.76917
15.88913
21.48084
22.65462
24.93313
27.63755
38.54254
50.52534
59.93410
63.06419
66.71911
71.03060
76.29909
97.62310
2.81755
20.63800
21.37637
21.66145
23.72531
34.26760
43.69386
58.79390
61.13583
67.63584
68.65229
70.39493
74.58868
78.15459
79.55852
82.00812
86.89687
15.50207
19.55495
24.72788
31.26298
32.55795
38.62390
42.87215
43.69088
49.31677
57.01670
77.27261
87.94190
89.33851
96.39188
106.89590
109.59949
111.27990
7.82018
9.41190
11.60001
16.92112
29.23858
31.52878
34.97474
41.31899
49.75403
59.59791
65.10260
69.26743
72.64696
83.00607
86.48753
94.68390
97.39717
30.04113
30.61049
38.36125
48.02791
48.30215
53.95478
53.98389
57.36022
64.20398
72.01734
73.58650
73.66240
79.78946
81.24969
83.38624
93.28437
118.19028
1.85002
2.08530
6.17251
11.06445
14.29927
19.29840
29.93993
34.57201
42.93338
47.03100
57.74632
63.69893
64.85766
71.95237
74.75837
80.36253
83.71702
16.81331
20.78106
43.88506
45.76717
51.89608
55.42667
69.56571
71.21337
76.06012
93.24260
97.36477
100.42021
102.76540
118.69921
133.86753
142.83342
149.41298
9.22640
14.24110
14.25111
29.68362
40.19514
48.40628
50.61064
50.73710
70.38339
75.70720
84.07337
86.34960
90.21922
91.98153
113.57110
124.53360
129.57950
17.61610
29.74028
36.52134
47.23559
54.68679
65.30167
72.95220
80.62701
95.16180
95.80497
105.04593
123.74062
130.83456
139.85726
141.68809
147.98879
160.80864
6.08911
18.75586
50.66046
51.53723
56.07771
59.40267
72.13360
74.90724
76.90518
78.16903
98.01505
109.53250
127.77708
170.81259
174.56067
199.68319
207.58162
15.97510
20.29708
54.21806
70.63518
73.06171
80.46501
83.28618
92.28711
96.92120
100.61594
104.22245
106.35194
113.19296
137.49344
141.33186
141.72941
149.03559
14.60532
18.54818
19.70796
19.87085
23.45349
24.24456
31.31813
41.08628
45.59086
52.62248
65.62052
73.40835
77.49452
83.63564
85.67565
90.74963
92.41687
5.16425
5.71837
16.61194
20.18795
21.75007
26.19734
48.92998
52.87496
55.25680
58.85181
82.15587
84.74519
93.98099
94.24801
110.87225
111.91111
122.85944
17.18224
26.03877
38.03036
45.34874
51.75310
54.84825
59.99643
63.61777
66.38250
87.89543
92.39580
98.09321
100.06154
101.46007
103.46110
109.69224
112.73775
14.84369
25.79473
46.74119
48.56154
50.15067
72.08736
76.64348
83.89699
84.48055
86.92539
92.47493
95.16525
104.84874
106.77474
112.45764
124.35995
125.97408
8.74170
10.00750
13.06260
14.84573
18.00372
19.49712
32.85477
38.41478
56.61397
57.61110
74.59465
94.01007
96.43643
103.51087
110.40990
118.64451
122.23288
9.77604
9.79283
19.77852
25.03531
28.20484
39.22576
42.85551
62.53306
70.04849
75.49223
76.44219
85.16647
93.72928
98.91123
100.55690
106.82592
109.87875
23.31167
27.71596
30.66535
36.66116
40.34889
44.76945
63.76305
63.99693
65.71767
74.35315
82.80999
84.46798
91.02449
98.63572
99.08044
120.63802
121.92933
0.08836
13.88736
20.11948
21.41191
36.20034
38.17162
43.49620
46.92170
66.09966
71.84913
95.43615
103.00783
116.21513
119.38558
120.04588
121.02336
129.88922
19.85280
22.57725
37.63061
51.56842
59.36442
73.68539
74.60706
81.81280
83.40096
90.41493
106.65464
117.21709
130.80323
146.56946
156.09532
188.00784
193.19180
0.38098
4.69055
14.17503
18.07850
24.70137
30.82820
37.92215
39.56533
40.12427
45.24004
62.17451
72.13319
75.64147
82.95358
83.55575
97.80553
107.52508
9.17015
10.65171
13.73668
13.96229
25.60448
37.98626
39.58344
49.77228
53.10737
55.07675
57.46948
68.75310
71.99618
76.72923
83.66120
84.11328
91.52351
3.15271
7.31087
29.16256
35.23394
36.30786
43.79827
53.52244
94.08285
104.45509
110.67879
114.50669
114.88470
122.40980
125.89909
140.27261
153.22814
157.95071
4.94575
12.41420
18.84720
27.41272
30.50664
35.02854
35.12320
45.93705
60.82488
76.38329
84.58147
95.52301
103.69121
119.71399
120.31161
122.55893
123.88757
7.25268
9.94662
11.90975
14.12830
16.70056
24.71147
33.94613
49.11042
55.99098
63.69799
66.08057
78.80962
82.48956
85.41373
88.79159
96.26075
97.91014
3.44729
5.94069
10.04770
19.17425
21.06741
24.70510
37.60290
45.13892
45.14389
53.94081
55.88898
66.62467
78.82912
90.75444
102.72957
112.20651
127.32829
1.66698
4.39668
9.20643
11.45065
19.04487
25.60849
26.71301
29.80283
45.77173
52.37849
54.71397
66.35191
69.66550
76.06403
81.15854
89.98095
91.95484
6.35816
6.56136
8.03518
14.37174
19.22959
30.85846
34.43607
35.43619
38.88380
39.80395
58.28836
74.72605
82.02793
93.36768
95.22342
98.37644
110.62111
