8.43044
37.55634
52.82568
56.99966
66.34455
82.81138
96.74394
108.61629
124.46899
130.26202
138.19581
159.79794
168.87306
193.03470
205.14008
28.42834
34.97986
54.91068
71.76791
79.65299
94.77803
99.76379
106.34064
114.00038
154.55833
158.81706
179.37711
185.36143
194.49916
202.03697
8.96796
24.38267
36.01672
59.67832
68.02912
78.72595
87.36842
94.27878
97.60819
126.43380
151.22932
185.70139
203.91725
213.71793
225.28578
14.69829
18.85397
34.11283
36.30609
43.57389
61.80649
78.05735
84.18855
96.18439
104.88560
119.92753
139.50555
146.15903
149.17767
165.84666
11.67134
22.32149
64.74185
80.36847
100.65514
117.41821
132.70412
145.06968
161.57797
168.37838
185.82087
199.97731
214.77043
219.43789
235.51776
25.69113
55.37446
68.87582
86.20047
93.23184
114.78790
121.56640
146.53227
157.53633
174.95326
189.41142
192.18725
203.59922
215.71527
224.25678
13.44041
24.75810
33.22729
42.37853
54.96837
78.02274
88.90319
103.03926
118.75270
132.38124
144.08163
158.17984
177.33783
189.64704
197.19951
15.16568
28.49468
41.72394
61.46047
71.95675
76.79632
83.88230
95.05016
112.92908
130.77187
148.98873
159.86316
173.13555
198.72804
216.81299
5.59290
15.23936
21.31731
33.88953
44.24806
55.61034
68.93277
79.41336
98.09121
117.00723
132.62092
147.98852
160.44118
170.25951
187.82297
28.46309
33.94473
54.27612
69.04408
77.25974
88.24867
97.22626
108.05902
112.86124
121.92370
131.93075
144.35981
153.25489
161.86271
171.05730
5.74344
14.45773
22.33526
39.08822
51.00271
54.33225
65.11518
94.53405
110.73928
120.61755
125.64651
130.71453
147.75370
172.01115
184.58969
12.23454
20.20765
38.38026
51.90868
68.78530
78.45402
94.62471
102.99015
104.74780
116.86188
129.82744
142.75392
155.35131
168.66924
195.26452
16.63366
21.97332
29.41591
40.67964
58.59900
81.60381
95.34454
105.08978
113.85443
121.27834
135.14279
157.85248
167.12175
178.44198
188.71758
6.37012
15.50915
22.49667
33.91369
54.94999
71.12114
84.61510
92.98365
108.81559
121.74248
136.76977
144.61967
159.33786
195.34400
208.07502
22.70075
26.78172
31.89442
41.67757
60.46594
90.58683
115.14064
130.99406
137.84456
140.39642
150.87398
161.30214
167.90614
177.54743
190.10616
14.09116
16.08430
20.35526
29.60744
56.07363
70.29078
76.86895
103.78885
112.31527
130.17362
136.75774
151.04650
161.93794
173.53383
181.32035
10.04858
29.18987
45.31060
60.03753
66.71612
82.41818
93.49971
108.63192
110.24335
136.02898
147.27078
154.51518
168.97289
190.35118
206.49217
15.07248
40.06272
48.90045
57.47725
70.50802
78.85292
87.04761
97.70737
107.15229
127.26304
150.01215
157.97280
179.14274
187.59656
196.81620
20.95866
29.75961
43.66223
49.31420
65.95528
71.99827
87.71687
102.12986
116.01772
128.81486
139.15622
154.53225
165.64072
179.37896
195.12638
8.56022
22.90723
37.13075
58.45765
66.62336
86.42605
97.44206
114.82884
135.21720
153.21785
170.39076
199.33586
218.54453
248.31162
260.40670
20.44983
28.09629
43.87005
55.44231
82.03488
85.59296
98.61916
119.15086
130.33070
142.43112
148.38000
160.63808
169.79136
177.68793
193.41473
15.51443
22.79651
29.34030
41.27490
56.42138
70.57411
82.47158
101.88429
121.12004
134.21960
140.48796
147.68170
157.21872
180.94522
191.26368
11.57730
23.13368
31.23459
51.13494
56.34182
71.87316
95.48048
105.11993
119.39340
128.61571
141.25548
154.83818
163.50964
177.76973
192.06911
14.15697
22.54606
31.62936
42.01326
57.62575
68.33273
85.74046
95.73188
108.35709
119.78122
138.94820
149.56378
162.17557
178.46922
191.36122
18.42595
26.41617
34.83353
43.41822
52.98783
75.63924
85.76255
98.15713
116.97176
135.77746
143.38800
151.50619
163.89789
183.95671
193.62549
20.52782
38.92684
60.17395
73.17199
93.52940
109.48584
130.06239
141.74759
163.32513
178.43634
192.28513
209.90939
226.13583
235.79405
247.48877
8.80117
24.75577
30.73730
46.37071
61.27746
68.71413
77.98818
104.30821
121.71089
126.94722
135.16530
141.09288
149.46419
160.60604
170.05863
23.58086
40.46089
57.39258
63.02295
71.01048
87.74003
99.93651
113.17853
125.27742
141.92448
149.43225
159.18881
177.93262
183.23078
196.23151
4.36744
10.73267
18.41197
33.31176
44.80269
52.29178
58.83403
77.12827
83.49659
89.69656
103.29141
122.05326
132.97736
146.01439
165.62691
12.93259
22.52396
41.31510
47.93804
66.66655
81.33547
90.71696
98.22134
108.24533
118.39530
126.80413
157.23231
160.76238
176.02046
194.14134
15.86859
25.50556
39.84578
45.89149
62.80032
69.24870
86.61150
91.64023
95.92506
105.11141
121.57476
140.63509
167.63844
181.09334
194.89582
7.34115
19.74144
27.11107
38.99526
62.17236
72.78326
90.91932
104.17709
109.88905
132.52665
144.26063
170.02825
179.53980
191.32039
219.28727
17.09881
24.09238
33.84536
39.46568
55.58259
65.25669
75.73168
96.19500
103.91640
117.90459
127.63691
144.65918
166.92451
178.24674
199.75590
4.63010
13.29817
28.39085
39.38601
63.64589
74.65692
99.86026
122.00968
130.97325
137.96717
150.93772
157.20643
161.41036
183.50529
199.40569
23.74532
29.84961
37.32310
51.73437
58.94149
71.83028
81.29622
96.23590
109.79672
128.19002
141.04935
149.19701
158.99981
166.16989
176.18394
17.18440
34.49743
50.00499
68.71119
75.78432
97.71189
120.45319
134.47240
151.62550
161.06564
167.00822
173.82473
187.77787
194.05622
209.88255
19.00287
43.04916
59.63678
66.15751
70.35037
82.46134
92.55174
116.67971
123.21933
142.79525
148.00742
159.55770
168.79167
189.18974
200.74501
28.58810
41.37566
50.09454
64.66187
82.70351
92.65218
105.84072
116.17513
130.50187
138.19003
155.74337
172.94951
187.75408
202.74316
210.62573
9.22878
17.35749
31.73195
50.63807
71.42087
77.69040
85.91617
95.32444
123.48591
132.44778
154.50019
163.53702
175.09263
189.58795
200.76412
18.60100
25.78579
32.82785
49.59526
65.85108
77.82795
90.53561
98.12335
102.33068
129.01705
150.33877
161.51669
174.75273
178.62786
186.99529
7.67756
17.42662
37.44830
46.01569
49.62715
68.24106
84.22305
98.43221
116.91153
132.21743
158.81129
167.12282
178.33703
188.21187
199.69429
15.27820
27.39894
39.06333
47.31986
55.66568
74.78270
81.54237
95.58907
112.04961
116.34003
124.31987
136.76446
145.41709
173.86561
198.90002
4.90505
21.69338
34.31102
46.03575
58.90053
75.02502
84.06850
106.97727
110.85066
129.33531
146.46312
161.86321
177.31223
180.17936
193.61746
4.07741
9.56958
30.12899
43.39506
61.03806
68.61341
78.33582
96.93273
108.86172
126.78254
135.59727
151.75056
165.84598
197.53191
203.74449
7.80250
24.93760
39.11965
44.34515
58.83075
73.43725
84.16240
119.43077
128.72904
136.25488
139.84051
155.35295
174.93675
210.70192
228.97141
19.64878
27.75281
34.34341
56.87837
75.60603
92.58029
107.93989
119.22357
133.80750
150.46712
163.26930
175.47234
181.68041
194.17074
210.30588
16.84087
28.26292
38.19196
59.09895
82.45542
89.09271
97.58576
112.24320
123.25328
136.93255
152.75074
176.20951
187.37638
199.71632
216.94654
12.24347
28.47666
37.89153
53.98709
65.37484
76.70387
84.93977
89.35895
99.25885
107.17429
128.46852
137.06416
159.81093
167.99279
177.95300
13.87232
22.49149
49.69567
63.87824
84.62568
91.44462
103.38500
108.31814
124.88059
129.36791
136.89099
155.47922
163.38809
186.39737
203.75386
16.14066
24.00512
45.69637
65.46732
82.28546
103.17104
114.94597
122.34884
141.05461
155.39285
164.62072
181.04390
188.99981
211.78380
219.56297
16.02151
34.09675
44.62497
53.51982
59.32359
66.57403
84.25390
105.52199
116.46932
120.95675
127.07472
149.99535
178.31615
187.82555
206.38900
10.35427
22.88807
45.77400
63.23691
78.82199
99.37917
107.24749
120.87554
130.13987
146.84863
160.09625
168.71172
183.01472
196.10085
212.65148
5.62387
15.77936
40.00517
56.62163
65.89647
72.52558
103.24096
121.12000
129.52624
137.80999
141.47512
148.29664
159.24167
175.53421
188.55924
16.51238
25.02634
47.38536
60.21129
70.81800
81.87817
85.76632
104.61302
112.58978
118.65829
133.05682
143.48988
155.91071
163.34325
188.18196
12.83466
24.71088
30.19432
48.81772
62.84403
91.93585
105.74450
124.66531
145.29665
167.87803
186.21869
199.90895
210.55979
215.73375
247.02770
20.16502
38.24727
49.93052
59.94668
72.30399
82.79061
101.42654
110.26901
123.63264
147.43978
169.79849
171.12703
188.82056
197.99462
204.55623
13.25271
34.46725
57.61596
73.33414
85.20396
94.02468
99.02003
113.99553
131.33656
152.18711
163.75601
179.03016
194.19360
216.04097
223.05580
13.31493
30.52294
44.56982
55.62209
69.11779
77.12235
108.51945
120.25701
133.78131
137.03517
147.06435
155.59437
167.61702
182.62859
193.13312
12.56858
27.32290
43.05658
63.55745
86.77013
99.00594
105.75157
111.57963
136.01776
148.39890
160.04744
169.79034
180.88369
189.58230
204.99076
24.81204
43.88523
59.75035
69.82171
85.68692
116.18802
127.42629
137.26806
142.22904
149.43958
160.25463
172.88840
186.58780
196.16789
222.72455
15.37267
23.60535
36.86094
56.03765
73.20021
94.61881
105.47829
114.21086
123.44872
130.22402
142.57957
154.50735
168.40524
177.79244
185.88408
11.88627
19.86269
33.40782
42.73076
64.47029
73.75135
84.70163
99.44550
102.21825
116.82374
123.32852
153.61564
157.46162
168.14961
175.58629
17.66661
31.34557
43.78684
59.02384
78.33879
97.72867
105.88225
120.20568
133.12871
147.57773
153.29555
169.40132
190.23398
207.07228
210.80359
21.65679
32.88435
53.57325
64.35937
75.48905
100.52462
110.98124
134.14763
163.37885
172.82768
176.80068
183.65157
207.04113
217.63122
227.03083
9.90849
33.09888
54.32942
78.59850
95.69804
114.19268
129.77764
140.74341
161.70350
178.07383
191.31052
202.45807
209.03956
214.87098
225.25310
11.87739
18.95297
31.72424
37.15127
56.51452
66.82540
92.22141
106.79463
115.69211
125.94453
133.58200
138.98884
156.42698
173.23996
202.93340
10.71733
24.57165
44.57661
72.39605
85.10366
106.78016
111.83831
116.01399
119.63019
125.88112
141.90505
166.59399
177.19148
197.40056
204.31276
20.78035
37.47455
72.77971
87.97006
102.22576
120.92646
148.68730
166.59260
175.34806
184.12889
199.42078
214.02262
218.23515
226.51274
229.98900
13.12400
32.93468
52.94433
66.04265
88.04810
96.58867
107.93968
119.01703
130.51776
135.05153
146.67155
158.20655
167.61359
169.51342
182.09166
12.46196
37.79507
53.71340
63.70948
78.77381
90.44776
94.18103
112.07975
118.22100
137.32130
144.01175
159.19279
176.93487
193.94142
201.46091
12.60661
19.95060
37.47590
52.50782
74.47832
95.48756
104.38527
120.43523
130.69607
147.61366
164.33399
176.89014
184.65787
199.24737
211.58317
7.55611
27.59711
47.88063
56.40953
70.31092
85.63333
105.41529
119.42575
132.52596
139.62562
153.13303
170.57155
185.25122
202.41981
217.63862
25.07331
40.40331
46.77579
58.43814
72.07578
79.57287
84.85398
101.95803
113.08352
120.75526
129.68535
135.71588
152.25556
165.97302
177.42384
3.32027
27.75322
43.68203
67.59389
93.32917
103.85514
110.71864
120.29898
121.51634
133.24410
144.84330
151.88573
161.11939
185.16379
198.72440
11.86115
17.47073
33.92204
46.52662
60.82155
75.33488
88.60275
105.56306
123.68780
134.43040
149.17660
157.55554
177.00448
185.06599
196.90721
9.03276
38.72808
56.73334
75.30140
96.23511
104.99826
126.63606
141.01948
153.66877
167.87807
181.10296
204.37613
222.18128
231.96954
238.70359
11.21024
20.40367
46.30576
74.24776
91.40929
101.85592
127.88693
135.55450
158.18338
163.05298
170.89474
188.50302
209.01793
220.19521
227.16697
37.60620
51.29240
59.31886
69.80036
96.18541
107.69310
109.97667
122.34909
127.54376
138.49392
143.83364
165.69505
174.22530
187.79330
231.01291
18.88180
26.99971
48.65038
63.03352
79.32953
102.45218
112.85590
124.37534
133.51937
143.92551
161.01786
171.43682
183.34113
194.38150
214.82184
17.14177
39.01557
55.63304
68.17774
76.30061
105.80969
118.44068
138.41421
151.05973
171.18816
181.70969
208.48533
218.32016
228.67524
241.46106
22.55533
40.41457
51.07763
59.06900
71.19042
79.09481
91.82219
97.03831
104.86242
128.12633
133.24704
143.54282
155.49439
170.51861
178.99192
6.12070
22.78559
31.70710
49.71597
55.73774
74.94671
92.80444
111.92230
130.22708
147.82658
149.82420
161.75784
185.54204
203.23351
214.15779
13.00978
20.17557
38.37554
68.51992
92.09036
105.55507
118.01377
129.80209
133.03713
141.04695
149.41873
160.67085
170.94705
176.41706
184.31506
8.07551
23.41384
38.19713
46.11469
61.93642
84.18422
96.25140
105.70894
123.00818
144.55533
161.99409
171.30718
180.87792
188.90112
195.13447
12.12317
35.23103
66.71414
73.58617
85.50445
108.52409
114.36954
141.63393
159.29127
172.68057
184.32153
187.48186
212.94570
225.61491
252.27236
9.49516
25.07580
37.44532
54.19902
92.27776
107.87724
119.31362
129.07293
145.76502
156.52247
175.84177
181.12632
213.02535
226.05415
236.23338
19.91188
34.55143
45.39259
54.90050
67.86923
77.31007
87.41254
101.40068
118.34237
130.10844
139.19051
147.65166
161.87971
174.78097
184.27690
13.36025
24.79754
29.65569
36.39003
53.97357
76.82323
91.99752
101.58953
129.29640
150.17337
176.30373
187.67773
190.93911
196.69541
205.90436
9.45501
21.49850
42.88785
59.77492
70.77981
87.56352
101.54997
110.35947
120.05051
141.99160
148.92909
153.19418
167.64904
176.40723
191.83404
22.43413
31.59463
49.33808
56.35305
68.74118
81.29272
102.81632
114.59176
124.15603
144.83901
163.01584
165.55785
179.67616
184.94794
193.02918
7.67880
20.91613
33.16880
44.39464
59.72801
68.50156
76.69081
90.62378
100.22438
109.07433
116.58823
133.85515
150.58823
154.91997
165.33334
8.98540
26.23213
45.59705
57.71130
67.42571
78.47363
87.79622
113.35961
125.48637
134.14198
144.67527
154.85796
172.48204
183.34026
198.17067
11.71427
26.36798
41.45484
44.76624
55.24296
62.93193
88.25720
98.27220
110.09201
125.33243
129.43627
150.33504
170.18341
178.72168
181.36579
9.30196
20.33441
29.28138
42.20171
50.40927
70.41067
80.10571
84.26347
98.47312
108.54081
134.23756
147.40744
161.61418
175.29656
186.48455
20.57328
50.07275
76.60308
88.51403
106.88744
121.20914
134.71107
140.63297
149.13764
154.87867
169.30897
187.21768
208.24880
213.64467
236.83483
18.93426
27.50277
42.72448
69.81892
96.86250
107.56176
116.37640
125.08719
139.10522
145.04957
149.97772
166.78529
177.72936
195.96334
205.21485
11.90306
29.52574
42.31052
51.04225
66.87984
74.65122
89.99842
97.13800
110.74538
119.07141
125.36355
138.44560
155.62299
167.47213
182.01535
4.30195
9.61990
20.71257
32.76389
40.41680
50.55937
58.95659
81.84968
84.94119
110.17124
141.40446
145.44587
151.74350
174.53660
176.46276
7.19658
20.86878
35.87160
42.46594
54.61626
64.36396
74.75272
89.01027
102.94695
121.71531
132.77073
139.43790
153.82832
166.55743
182.77143
13.90810
18.34760
31.21950
50.91373
93.17657
109.35945
121.67356
130.21349
140.05146
170.12298
177.50226
187.79826
194.38490
208.43727
223.49122
