26.74153
27.06081
27.29201
28.17553
28.82827
28.87145
28.99751
29.00880
30.80290
31.82554
32.02399
32.06000
33.42075
35.48185
34.53605
35.12778
35.23115
52.46803
53.34668
53.38035
54.01443
-1.00000
-1.00000
-1.00000
-1.00000
-1.00000
-1.00000
-1.00000
-1.00000
-1.00000
-1.00000
-1.00000
-1.00000
-1.00000
27.95718
28.63923
28.85215
29.03672
28.87065
29.68201
29.31413
30.01293
30.39800
30.88787
31.22924
31.25303
33.76372
34.37044
35.25820
35.72206
35.72207
4.73268
4.91841
5.23287
5.64586
6.58086
6.92857
8.72007
9.68737
9.87134
10.35978
10.56644
10.83040
13.88429
14.62124
17.48227
18.29784
18.54837
18.95486
19.66743
20.92423
21.50246
21.77405
22.09394
22.12949
23.46781
24.60338
22.93842
23.64379
-1.00000
-1.00000
-1.00000
-1.00000
-1.00000
-1.00000
75.95426
76.34665
76.39244
76.78303
77.94748
78.57288
80.50228
81.27366
81.43751
81.75392
82.73295
83.73724
83.92784
85.16808
85.94926
86.19934
86.38360
12.41090
12.76977
12.79978
13.19200
13.25596
13.47635
15.01393
16.17221
16.17221
16.45752
17.20500
17.47303
19.91655
20.20252
20.93859
20.73608
21.86990
0.30031
0.53135
0.95009
0.95421
1.15020
2.07608
2.19483
2.22710
2.40842
2.79342
4.25249
4.76190
5.36606
5.82947
5.94136
7.06013
7.17575
13.40926
11.20089
12.61407
12.63802
13.34139
15.56995
15.67118
16.09957
18.18517
18.23759
19.61292
21.48243
21.65488
22.03660
22.69406
23.82757
23.65870
15.93592
16.01555
16.36865
16.49924
17.84193
17.84196
17.86215
17.87328
18.03591
18.44414
19.45519
19.64165
20.83908
21.36659
21.75914
22.81046
23.25180
36.11839
36.90678
37.44244
38.81683
39.53305
39.80924
39.84672
39.85931
40.63095
41.36254
42.21049
42.35849
43.57461
43.88155
44.17916
44.49649
45.13345
41.28987
42.66676
43.53519
43.89414
43.89427
44.57477
44.90270
46.73125
47.41663
47.88159
48.47957
49.45866
49.72234
49.95875
50.73639
50.98645
52.60753
48.16428
48.35425
48.66913
49.04728
49.13641
49.77161
51.52356
51.99748
52.75545
53.33949
53.91852
54.26396
54.49029
54.54489
55.96346
58.29471
59.31530
38.48980
38.79078
39.22016
39.54411
39.98571
40.34194
41.57328
41.95337
42.60923
43.56993
45.92222
46.57601
47.61458
47.80528
48.29590
51.25904
51.42865
3.38660
3.43070
3.43196
3.98098
4.54417
5.29952
5.86781
6.08569
6.11131
6.90132
8.09304
8.47229
9.38669
10.01805
10.21535
11.69019
12.16301
5.73076
6.06856
7.04389
7.97531
5.71261
7.05160
9.08258
9.23542
9.71801
11.11462
12.09465
12.21023
12.71459
14.46814
15.28530
16.40387
16.49344
159.87725
160.55824
161.56032
162.05572
162.13855
162.17492
163.79785
163.95309
164.48986
164.78021
164.82619
166.92883
-1.00000
-1.00000
-1.00000
-1.00000
-1.00000
1.64209
1.89360
2.15478
2.18129
3.50831
4.17046
5.07818
5.17175
5.38847
5.64091
6.10575
6.13679
7.08823
7.69178
7.78371
8.18816
8.93440
72.22079
-1.00000
-1.00000
-1.00000
-1.00000
-1.00000
-1.00000
-1.00000
-1.00000
-1.00000
-1.00000
-1.00000
-1.00000
-1.00000
-1.00000
-1.00000
-1.00000
72.86054
74.52730
75.16538
76.12979
76.55810
77.82063
78.41336
79.37601
79.76312
79.89569
80.32271
81.22868
82.66101
83.26203
83.81983
84.22517
84.66721
13.34110
13.67072
11.13084
11.33986
13.28221
13.33834
13.38094
13.50858
14.12961
14.15881
14.17883
15.25400
15.28779
15.64936
15.81383
16.38274
18.02965
15.07444
16.17356
16.62480
16.90642
18.38732
20.48065
20.71558
21.28540
22.56210
23.01623
23.01755
23.42182
23.66109
24.52196
25.16667
27.64226
24.58857
24.31565
24.52766
24.67830
24.86849
26.10960
26.30610
27.39034
28.38037
28.54020
30.32716
30.96390
33.00960
33.10617
33.77721
34.46964
35.12122
35.94550
15.45072
16.09799
17.43010
18.33685
18.38030
19.04639
20.41969
20.72558
20.92797
21.08113
21.44578
22.17992
23.56201
24.01796
24.01881
25.10971
25.55695
1.99201
2.74145
2.83047
3.04687
3.41183
3.47400
3.78992
4.49844
6.33721
6.98803
7.78517
8.78137
9.10394
10.12024
11.38950
-1.00000
-1.00000
19.06780
19.88436
19.88973
17.27123
18.45449
22.36808
22.82693
24.61358
25.62077
26.45853
26.90320
27.87883
27.99821
29.94011
30.71657
30.71959
30.96782
18.19932
18.63879
18.70264
19.16057
19.45202
19.70524
20.70614
20.81133
21.24824
21.33881
22.06447
22.33165
20.58889
21.15340
22.44777
22.82357
23.31441
5.11566
5.32321
5.58759
7.79371
8.10898
9.33029
10.59169
11.37773
11.54298
15.01426
15.91422
16.62603
18.34233
19.15569
20.71389
20.79524
22.25546
10.56478
11.88520
11.88787
11.94741
12.48473
12.70728
12.97952
14.01490
14.45852
14.90366
16.20487
16.31919
16.58260
17.18083
-1.00000
-1.00000
-1.00000
41.27145
41.51117
41.77529
43.12547
44.04981
44.59318
44.97975
45.18105
45.40734
47.07490
48.32532
48.35110
48.69771
49.86293
50.81558
51.03955
51.66538
16.01796
17.67898
20.46323
20.80996
20.89494
21.11465
21.33089
21.80872
22.36802
22.74482
22.79798
24.26493
24.33847
24.96340
21.53136
22.15781
22.48967
38.12485
38.64014
40.25127
41.49092
42.52283
43.01977
43.16179
44.06711
44.79951
45.10574
46.70396
46.87877
47.72371
48.05170
48.36077
49.39421
49.98554
6.61990
6.79125
6.99753
7.26226
7.98992
9.15968
9.65107
11.23842
11.69791
12.10114
12.22041
12.86103
13.72346
15.39126
15.39391
15.40155
15.58213
2.54828
2.70412
3.69797
3.77598
4.57416
5.30449
5.60069
5.75992
6.25033
7.61187
8.35608
8.36305
8.75668
11.15116
11.38185
11.38211
11.87190
1.05165
1.34500
1.69474
2.00060
2.04998
2.10128
2.10410
2.29604
2.80184
3.38164
3.45877
4.51822
5.94986
6.59946
8.05273
8.05373
8.09322
8.71780
8.95120
10.54457
11.57927
11.87912
11.88010
13.55516
11.56855
11.95105
14.53415
15.28407
15.31768
15.98934
16.24854
18.12261
19.35423
19.44849
7.58348
8.01801
8.78911
9.09195
9.42566
10.96972
13.21200
13.78089
16.77949
17.13010
14.25073
15.08270
15.20769
15.36019
15.57822
15.79549
15.90494
0.82830
2.11857
3.10573
3.87213
4.27760
6.20503
7.65363
8.68715
8.70020
8.84278
10.09565
10.31419
9.77429
11.03077
11.71325
13.16925
13.73839
27.53567
29.48590
30.36154
32.29849
33.88671
35.58761
36.38920
36.93809
37.19554
37.31966
37.57114
37.71274
38.25669
39.46637
39.91453
40.63254
41.30779
35.72583
37.65634
37.66122
38.43601
38.49608
39.21720
41.22696
41.48736
42.06833
42.37091
43.01819
43.90414
44.35688
44.85481
45.63378
45.74193
46.44787
6.15133
6.27763
6.30572
6.39717
7.06928
8.13707
9.06975
10.13656
10.73338
10.93481
11.20604
12.51448
13.08196
14.25720
14.59466
16.03779
16.38305
0.19444
0.48129
0.84679
0.87928
1.86496
2.22651
2.22667
2.90387
3.24330
3.72419
4.95281
5.69192
6.18264
6.33868
6.82936
8.21872
9.41932
33.30998
34.75350
35.03907
35.20826
35.45696
36.40220
38.07116
38.42040
39.39793
40.01357
40.09153
40.24057
41.16767
41.43334
41.97364
42.98235
43.47402
9.25939
9.73393
9.76150
11.76001
13.17904
14.28627
14.50327
14.94858
13.65271
15.23573
15.61136
16.12896
17.87766
18.93016
19.40577
20.41702
20.59089
9.26167
9.89523
9.99957
10.03039
11.00406
13.16735
13.36242
13.40178
14.44716
15.41502
16.02931
16.69076
16.76727
17.48531
17.49052
18.37874
19.22422
11.26203
11.48621
11.91369
8.52623
9.21943
9.30443
9.30480
9.79642
10.54182
10.77920
10.81246
11.55062
11.60596
11.99096
13.80733
14.08514
14.78013
22.75166
22.96830
23.63201
24.10401
24.82077
26.05580
26.09056
27.67162
28.58605
29.43095
29.50024
29.56676
30.08629
31.89703
32.41383
33.51056
34.10524
13.74818
10.09874
10.20166
11.11162
12.43444
12.66353
13.28151
13.38208
13.75514
13.85926
15.01684
15.32947
15.71661
16.56632
16.62000
17.19865
17.81854
3.88646
4.41133
5.30284
5.49152
5.85677
6.63650
7.35449
8.05272
10.26417
10.78347
8.39672
8.49091
9.44426
9.58786
9.80038
12.34875
12.44080
9.02781
9.31487
10.56460
11.03232
11.09651
11.78644
14.12946
-1.00000
-1.00000
-1.00000
-1.00000
-1.00000
-1.00000
-1.00000
-1.00000
-1.00000
-1.00000
9.69053
9.89274
10.30798
10.50776
11.28502
13.76055
14.03363
14.81338
16.16135
18.37988
18.44020
19.51884
20.62661
20.65558
21.93476
22.78449
22.91721
2.86694
4.91420
5.11617
5.59580
6.64626
6.95135
8.43090
8.79917
10.64704
10.99419
12.73560
13.03510
13.89866
14.23704
14.85102
16.29308
16.77308
6.11719
10.18344
11.77512
11.77524
11.99695
13.07452
13.39830
13.59893
14.24886
15.07346
15.09262
15.41135
15.47409
17.14280
17.65559
18.74564
19.71195
44.00794
44.65953
45.01195
45.04399
45.18350
46.21140
46.64171
47.07654
48.18401
50.14445
50.59066
51.24415
51.76353
52.68557
53.09613
53.67198
54.30929
7.89801
9.44975
9.47955
11.16416
11.56063
13.35102
14.69992
14.87432
15.03595
17.00747
14.90813
15.80343
15.98873
16.73732
18.30512
18.33441
19.97481
84.47208
84.57739
84.91110
85.75301
86.41779
86.41977
87.02789
87.02796
87.51735
89.65042
89.72389
90.18044
91.47308
91.64264
91.76203
93.31302
93.92529
87.40638
88.23688
88.71236
90.12060
90.25547
91.29177
92.01764
93.25180
93.45574
93.62957
94.60416
95.42510
96.82277
97.33244
98.04493
98.75629
98.88009
24.84620
25.67582
26.13966
26.35533
27.64708
27.65754
28.09489
28.53397
28.80669
29.73172
30.46045
30.97561
31.50261
32.65130
33.49256
34.02135
35.72743
1.03865
2.06558
2.14955
2.20007
3.16707
3.31758
3.75762
3.80792
4.67597
5.22299
5.33478
5.90436
6.81601
7.18659
7.26335
7.90097
8.56268
55.63751
56.97987
57.49369
58.02894
58.47545
59.07649
61.58233
63.70628
63.84498
64.37832
65.48108
66.36007
66.61627
67.47129
68.56518
70.42703
71.30494
139.36081
139.51548
139.51741
139.67342
141.24623
141.29083
141.80336
141.84302
143.67469
144.53698
144.99941
145.85181
145.85665
145.89291
146.32365
147.37565
147.72806
50.99447
51.31084
51.97917
52.54800
53.32870
53.64617
53.82488
53.96843
54.10201
55.50502
55.95076
56.78712
57.01719
57.34611
58.55103
59.05794
59.42687
18.35892
18.82149
15.79536
16.54712
17.85137
18.58100
18.78026
18.78983
19.08683
19.10184
20.21736
21.61347
21.74805
23.11723
24.14785
24.45584
24.86325
13.90631
15.12924
13.68717
14.14205
14.85727
15.27867
18.40354
18.49288
19.27658
20.19132
20.92009
21.74156
23.86148
23.96294
24.02803
24.34118
24.47688
7.77576
8.57360
9.84410
11.31518
11.33984
12.50619
13.14805
14.49342
14.53965
15.20145
15.61265
15.84804
16.22050
16.32906
16.60926
16.72557
17.83899
40.08521
40.16974
40.69972
41.35795
42.18569
42.46014
42.90077
43.10505
43.32290
44.60660
45.09921
45.42476
46.02750
47.09309
48.28468
49.81236
51.07972
133.91041
135.96817
136.24936
136.38003
136.75948
137.25814
138.69331
139.96197
140.69080
140.72136
140.97866
144.27523
144.57183
145.47807
147.37990
148.00052
148.11095
1.58721
3.00851
3.42996
4.00211
4.17582
4.58984
5.43921
7.84542
8.28774
8.35694
8.83875
8.96839
9.38867
9.83215
9.95754
11.28566
12.84688
5.86361
6.28599
6.94812
7.35324
7.82204
7.82204
8.14058
9.34921
10.59308
13.29637
14.68723
15.27818
15.50404
16.72964
17.45811
15.15282
15.39536
58.76925
58.83452
58.83987
59.04531
59.57998
59.70077
62.00736
63.03567
63.23940
64.39643
65.24751
65.93829
67.28364
67.83174
69.40205
70.06658
71.35147
12.25713
12.53824
14.06080
14.30375
14.77328
17.43061
14.09874
15.04227
15.17096
16.07058
16.48717
17.80650
18.24443
18.99019
19.32216
19.72372
19.80999
78.25643
78.30344
78.63870
79.44918
80.09360
80.74961
81.10778
81.63535
81.86325
82.83152
83.62521
84.25219
85.25593
85.56452
85.66018
85.69027
85.77621
63.02464
63.05485
63.88806
64.46269
66.09852
66.39120
66.41936
67.94390
68.12109
70.41052
70.49316
72.33158
72.99109
74.63732
76.51084
76.56529
77.08431
31.18360
30.44847
32.66818
32.95072
34.10778
34.75674
35.25701
36.20699
37.38119
37.53553
37.74982
37.78400
37.78440
38.98658
39.44396
40.25673
40.68451
83.59216
84.77038
85.12714
85.33107
85.81723
-1.00000
-1.00000
-1.00000
-1.00000
-1.00000
-1.00000
-1.00000
-1.00000
-1.00000
-1.00000
-1.00000
-1.00000
45.11807
45.60427
46.41724
46.95652
46.95715
48.55985
50.01337
50.42006
52.45304
53.48754
54.34125
56.91641
57.05991
58.16767
59.37020
60.01232
60.87694
31.93905
32.08890
34.64425
34.88706
35.37000
35.69269
37.01944
37.25016
37.67643
39.53885
40.86918
41.55146
41.82983
42.62425
43.11409
44.03722
44.30410
59.17863
60.62610
61.49093
62.39901
62.54737
62.77481
63.49274
64.17883
64.38287
65.65070
68.31851
69.64759
70.28759
72.37893
72.66761
73.73404
74.17274
24.53995
24.75993
25.48234
26.02368
26.86057
28.57342
28.74780
29.88764
31.15141
31.31145
31.65181
32.58456
34.18184
35.14960
37.98189
40.34116
41.27045
16.30938
16.84868
18.13654
18.28193
18.54996
18.93242
19.48335
20.12212
22.20703
22.34816
23.17378
23.99641
26.13561
27.11357
27.23750
27.87911
28.39777
61.27624
62.33251
62.93224
62.93492
63.11826
64.76108
66.05575
66.25221
67.71231
67.89663
67.98822
68.91738
68.94052
69.08899
69.50115
72.31353
73.41950
8.90338
8.94126
9.32525
9.59653
11.35505
9.55821
9.71976
9.75486
10.01945
11.70081
11.71398
12.01134
13.23390
15.11609
16.64320
17.29577
17.77412
43.82848
45.34607
46.71364
46.74968
46.74841
46.78975
46.79004
47.04282
47.24796
47.82727
48.07083
48.58177
49.31454
50.52021
51.53740
51.92684
52.18006
1.91728
3.77872
4.26522
5.22266
5.23972
5.72180
5.82557
6.06113
7.46859
7.97579
8.02156
8.21904
8.97279
9.21785
10.04695
10.09538
12.69952
24.42329
24.50010
24.98100
25.26939
25.27594
25.37832
25.44543
26.97383
28.75567
30.37990
30.67335
30.67335
31.17259
31.21437
32.58310
34.04352
34.82115
34.14369
34.18200
34.38401
34.99921
36.07036
36.38713
36.00705
38.68236
38.64769
40.02896
40.18284
41.63146
42.37869
42.47682
42.93003
44.02290
44.30202
31.36889
31.40041
32.31424
33.09671
33.77096
33.77394
33.88679
35.68625
35.99096
36.22944
37.22669
37.69697
37.85747
37.97013
38.39003
38.44114
38.68075
81.33647
81.52398
83.60601
83.85468
84.60505
85.21027
85.51016
85.63268
85.83306
86.88877
87.02481
87.34449
88.47200
90.82123
91.25711
92.74763
93.19348
2.73473
3.07217
3.46015
4.00486
4.01134
4.20804
4.84334
5.05999
6.61228
7.69825
7.98487
9.45757
9.87974
10.75760
-1.00000
-1.00000
-1.00000
3.95310
4.11810
4.85145
4.86787
5.19218
5.55112
5.86226
5.89197
5.93734
6.50997
8.14891
8.42090
9.62958
10.41447
10.90378
11.10023
11.22786
18.28054
18.97096
20.16271
20.50588
20.98939
21.34686
23.63500
24.06605
24.06956
24.09407
24.12147
24.30482
24.54808
25.23826
25.79023
25.91844
26.38562
18.94734
19.97990
19.29222
19.46598
19.83661
21.10466
24.23367
24.89379
-1.00000
-1.00000
-1.00000
-1.00000
-1.00000
-1.00000
-1.00000
-1.00000
-1.00000
38.40829
38.64139
38.87993
39.46162
39.78096
40.47688
42.24431
42.70937
43.27591
44.34269
45.39834
45.95393
46.12699
46.12735
47.30114
47.65528
48.23405
59.80733
60.04498
60.64175
62.19847
62.31284
62.62725
62.81423
63.31463
65.03152
68.51175
69.27566
70.47638
71.08666
73.27741
-1.00000
-1.00000
-1.00000
5.26230
5.47721
6.01055
6.22666
6.32964
6.81103
7.20825
7.20887
9.16746
9.20438
9.58629
9.63703
9.83568
9.95855
10.16663
11.11439
11.54997
2.16286
2.93623
3.04535
5.29494
5.38506
6.11933
6.30284
7.09442
7.89337
8.05944
10.09465
10.69088
11.38182
12.36071
13.50257
13.75221
13.75908
26.09127
26.28915
27.43176
28.70464
29.89478
30.20619
30.27467
30.36886
30.38897
30.97815
31.51619
31.87618
32.27294
34.07720
35.65690
35.76709
37.16999
9.27151
9.55296
9.76169
10.00066
10.24497
11.00148
12.92499
13.54166
13.84665
12.29425
12.40807
12.91978
14.82242
16.11282
16.59970
17.09665
18.85681
31.52263
33.78403
34.15978
34.73146
36.53393
37.32998
37.66998
39.12936
-1.00000
-1.00000
-1.00000
-1.00000
-1.00000
-1.00000
-1.00000
-1.00000
-1.00000
6.42124
7.39377
7.39388
7.79130
8.64819
8.65240
8.65441
9.36084
8.22462
9.11709
9.47692
10.61175
11.52530
11.59124
12.29456
13.40641
14.37514
