0.34723
0.39980
1.33932
1.80308
2.30947
2.38182
2.59976
3.23080
3.67393
3.80163
4.62782
5.36539
0.71383
0.77868
1.33106
1.33820
1.67432
2.35413
2.60839
2.92687
3.77844
3.99883
6.22140
7.55794
0.71240
1.67204
1.85080
2.16294
2.83663
3.45234
3.64089
3.66485
4.28190
4.94878
5.53221
6.02899
0.15627
0.64760
0.65301
0.76943
0.78092
1.74486
2.95128
3.02630
4.17747
5.30905
5.53956
5.90895
0.15466
0.76295
1.86713
2.00462
2.56506
2.76811
3.69124
3.80361
4.55880
5.46407
5.62434
6.92828
0.04645
0.31025
0.49892
0.72879
1.20264
1.38843
1.80042
1.95190
2.03266
2.36067
3.27231
3.85822
0.16553
0.21066
0.73599
1.43931
1.95335
2.09578
2.27660
2.57127
2.62960
2.92151
3.25040
4.21345
0.22611
0.77775
0.84243
1.57964
1.84936
2.12512
2.23201
2.59305
2.63197
2.86522
3.41654
4.11284
0.56019
1.34392
1.92813
2.49201
3.00266
3.13359
3.93484
4.81165
5.22806
5.74676
6.58149
7.36656
0.71813
-1.00000
-1.00000
-1.00000
-1.00000
-1.00000
-1.00000
-1.00000
-1.00000
-1.00000
-1.00000
-1.00000
0.54283
1.21047
2.21939
2.68950
3.00991
3.71253
3.86404
4.20648
4.85592
4.90987
5.07019
5.74609
0.08682
0.25805
0.85894
0.98627
1.82476
1.90574
2.23148
2.33959
3.16792
3.56464
3.93357
3.99074
0.05231
0.31642
0.65777
1.82240
2.52772
3.17105
3.61764
3.92500
4.10976
4.33665
4.95172
5.31909
0.97330
1.21442
1.94868
2.41559
2.45372
2.72574
2.82221
3.35348
3.66504
3.99089
4.26121
4.61121
0.76202
1.15830
1.49291
1.83387
2.13536
2.43080
3.91215
4.05700
4.80127
4.80585
5.11239
5.40587
0.10448
0.98100
2.14596
2.43582
2.54187
3.90316
5.21969
5.22547
5.76883
-1.00000
-1.00000
-1.00000
0.36178
0.52384
1.15119
1.80244
1.99243
2.48653
2.48897
2.87051
3.35314
3.42908
4.19941
4.43708
0.28750
0.45515
1.50372
1.98728
2.34491
2.59370
3.03142
3.75498
4.32478
4.96470
4.99571
5.20633
0.26804
1.15964
1.48804
1.72212
2.38976
2.63849
3.79045
4.15966
4.47887
5.18463
6.10320
6.95669
0.68407
0.78303
1.42616
1.61349
1.67719
1.80047
2.52639
2.77265
3.19463
3.37884
3.77813
5.02023
0.38971
1.20711
1.65061
1.79084
2.12955
2.79454
2.98233
3.30240
4.15975
4.55691
5.13439
6.34998
0.20073
1.27456
1.32690
1.47284
2.40232
2.73441
2.97588
3.39223
5.21739
6.22730
7.09946
7.33403
0.53885
0.76269
0.91120
1.10810
1.62597
2.51676
2.99140
4.09997
4.58872
4.70325
6.28188
6.55587
0.52510
1.42739
2.36293
2.97936
3.46844
4.25334
4.49581
5.09677
5.90524
6.39404
7.40501
7.78024
0.21645
0.27661
0.49509
1.27668
1.48711
2.21468
2.82244
3.30217
3.48796
3.99152
4.36610
4.45919
0.27900
1.08435
1.21490
2.61087
3.32145
4.41136
5.07272
6.35822
6.96571
7.13357
8.38537
8.41401
0.21755
0.22458
0.97049
1.20613
1.57611
1.70092
1.73618
1.92595
2.51737
2.54741
3.11381
3.23380
0.78872
1.05269
1.15376
1.81546
1.84435
2.30787
2.61571
2.67797
3.17714
4.05748
4.32961
4.57655
0.27652
0.63673
0.95745
1.05062
1.31773
2.12677
2.29118
2.32465
2.88082
3.48052
3.80385
4.22794
1.25265
1.28699
2.05795
2.51435
2.76869
3.53537
3.73627
4.13028
6.52765
6.60207
6.97493
7.52025
0.28854
1.09184
1.78401
2.05652
2.27347
2.40278
2.85435
2.90040
3.85289
3.92815
4.59925
4.88251
0.11309
0.95716
1.63789
2.62145
2.68674
2.82237
3.27986
3.58192
3.82744
3.91647
5.33506
6.26348
0.32911
0.47381
1.00736
1.77385
1.88937
2.94669
4.20512
4.75574
4.83859
5.85214
6.15566
6.50829
1.24539
1.33204
1.51203
1.86525
2.31498
3.08313
4.40632
4.40910
4.45919
4.56719
5.16644
5.56354
0.04761
0.38880
1.02732
1.27180
2.06006
2.10356
2.51934
2.69949
3.14133
3.56401
4.14240
4.46301
1.11558
1.25711
1.91221
2.03503
2.60368
2.71747
3.58287
3.83774
3.95374
4.65075
5.00487
5.61672
0.19179
0.53931
1.11394
1.67496
1.85961
2.47496
3.83711
4.09569
4.22102
4.60882
5.58836
5.84696
0.41591
1.07965
1.14063
1.90382
2.49185
3.03214
3.40529
3.76585
4.10832
-1.00000
-1.00000
-1.00000
0.47988
1.21984
1.44708
2.04411
2.09709
3.70625
4.07634
4.97383
5.55126
-1.00000
-1.00000
-1.00000
0.99727
1.73194
2.05525
2.72227
2.79841
3.00850
3.43710
3.56429
4.89661
6.46391
7.35550
7.57247
0.25583
0.58756
1.25625
1.80843
2.03270
2.57452
2.95584
3.53556
3.60345
4.05592
4.58945
4.64704
0.96238
2.06893
2.53039
3.43544
4.17383
4.49182
4.76416
5.39003
5.60163
5.69606
6.31161
6.42559
0.02466
0.10851
0.91868
1.28682
1.35304
1.89698
2.65286
3.28201
3.42794
3.71425
3.72298
4.46847
0.74970
1.06850
1.55173
1.79032
2.83877
3.19976
3.63542
4.10479
4.68831
4.73017
4.95753
5.26967
1.09915
1.37816
1.58042
1.67923
2.28633
2.99632
3.18491
3.64899
4.33576
4.69990
5.12566
5.49527
0.24799
0.95547
1.98071
2.15518
2.64531
3.36413
-1.00000
-1.00000
-1.00000
-1.00000
-1.00000
-1.00000
0.43818
0.77823
0.94161
1.30237
2.00474
2.48838
2.85565
3.23919
3.61892
4.09471
5.71977
6.39608
0.13933
0.50471
0.62120
1.32921
1.75263
1.79500
1.84666
2.51461
2.94784
3.49498
4.08615
4.57824
0.21327
0.43004
0.59071
0.77933
1.77113
1.88007
3.04125
3.24510
3.38778
3.75121
4.56315
4.77355
0.60279
1.02106
1.04467
1.11060
1.60775
1.72214
2.37807
2.44805
2.66866
2.68915
2.79019
3.23880
0.87433
1.13557
1.36911
1.94138
2.46964
3.21785
3.53236
3.89602
4.17881
4.29166
4.67760
5.03816
0.20430
0.70005
1.28364
1.86930
2.26827
3.14989
3.25444
4.08521
4.68787
5.10770
5.44144
5.64639
0.67986
0.72310
0.87162
1.12432
1.48467
2.74433
2.94165
3.53418
3.65260
4.75696
5.16486
6.13913
0.40047
0.52189
0.76162
1.23201
1.48687
1.75423
3.04541
3.96190
4.42838
5.04552
5.29733
6.51603
0.26259
0.68597
1.39281
1.67064
1.88853
2.17202
2.20407
3.00886
4.13161
4.25406
4.74774
5.28400
1.10781
1.45271
2.71125
3.77617
4.46250
4.49484
5.38189
5.58552
5.83156
6.40392
7.25548
7.78066
0.42735
1.34013
1.97332
2.18363
2.61595
2.89448
3.02923
4.23033
5.19515
5.82362
6.01364
6.54541
0.09728
0.40507
0.92020
2.08983
2.90893
4.26644
4.94864
5.44474
6.42312
6.81882
7.54039
7.64011
0.04144
0.17606
0.56927
1.20470
1.72021
2.31796
2.47678
2.54440
2.71425
3.63879
3.66316
4.09306
1.72899
2.07817
3.08956
3.51782
3.60516
4.18820
4.26284
4.49772
4.51980
4.66271
4.66311
5.81555
0.51043
0.60046
1.07404
1.47997
2.22544
2.85435
3.33843
3.56640
4.04065
4.48972
4.86704
5.13421
1.13135
1.34737
1.88504
2.68977
2.76510
2.98778
3.36858
3.79623
4.44293
5.02031
5.08358
5.47642
1.13365
1.81026
1.81753
1.95910
2.40259
2.63567
2.70207
3.34087
3.78045
5.07738
5.10053
5.14916
0.08827
0.37945
1.22519
2.13896
2.67754
2.97327
3.51106
3.82887
3.88650
4.82352
5.26317
5.70292
0.30085
1.35231
1.80978
2.20063
2.25741
2.48417
3.05138
3.10585
3.33590
3.51859
3.52712
4.19347
0.33632
0.77312
1.53333
2.25594
2.44846
3.52370
4.02732
4.27695
5.32002
5.51393
6.17942
7.48153
0.06337
0.32125
0.86257
1.10283
1.70382
1.85641
2.13829
2.16625
2.45437
2.74603
2.82939
3.43873
0.71831
0.74642
1.40381
1.48796
1.59990
2.67453
2.85230
3.46081
3.96065
4.28040
4.59577
5.78805
0.08913
0.82282
1.38333
1.43933
1.67869
1.79135
2.44580
2.70374
3.11823
3.54660
4.00002
4.16496
0.24939
0.95690
1.52449
2.83230
3.73857
4.52536
4.60223
5.50893
6.25650
6.39478
7.09194
7.22383
0.33684
1.01725
1.78264
2.18714
2.53123
3.27024
3.44371
3.50972
4.14146
4.43721
4.54283
4.56135
0.12864
0.32218
1.31128
2.09943
2.12688
3.04525
3.75821
4.34848
4.89030
5.35800
5.60031
6.15116
0.70904
1.09271
1.11790
2.14379
2.85239
3.05129
3.71583
4.19838
4.63173
5.51609
5.60835
6.24783
0.47044
0.76933
0.79032
1.79284
1.93151
2.59277
2.91952
3.23018
3.74595
4.03698
4.20754
4.39525
0.21093
0.66162
1.54930
2.42075
2.72092
2.95966
3.15863
3.48166
3.77874
3.92076
4.65739
5.38798
0.00212
0.91505
1.24031
1.35130
1.86304
2.65331
3.57596
4.22600
4.36116
6.18045
6.62468
6.84993
0.26716
1.49114
1.92859
1.99000
2.65980
-1.00000
-1.00000
-1.00000
-1.00000
-1.00000
-1.00000
-1.00000
0.57511
0.81482
1.38998
1.83099
2.76820
3.51094
3.75760
4.66415
5.26211
5.59915
5.66155
5.82477
0.40313
0.86728
1.51208
2.07888
2.40991
3.83714
4.49602
4.97112
5.43247
6.22844
6.71816
7.77895
0.04128
0.48273
1.29876
1.33513
1.78824
3.28478
3.90172
4.58401
4.63139
5.23541
5.59723
5.94484
0.66533
1.21979
1.84001
2.09671
2.30943
2.41212
3.06906
3.36124
3.64896
4.46944
5.50995
5.96405
0.25354
0.48378
0.76926
0.97945
1.24814
1.51178
2.52778
2.95409
3.47772
3.60493
4.07957
4.85341
0.40116
0.83302
1.18327
1.18910
2.51835
2.64554
2.88125
3.90595
4.77073
4.87900
5.38018
5.65109
0.24489
0.91844
1.60799
1.78580
2.20698
2.68646
3.11022
3.24024
3.26061
3.54563
3.62700
4.36650
0.44720
1.24052
2.00690
2.92543
3.00699
3.38453
4.43096
4.55121
4.99561
5.53221
6.48420
7.18518
0.08986
0.32964
0.50049
1.63318
1.74927
2.65068
3.34208
3.46830
3.80649
4.45757
4.72217
-1.00000
0.38038
1.59297
2.63633
3.13688
3.38836
4.13658
4.45691
4.74990
5.31039
5.77942
6.66789
7.86685
0.50003
0.51711
0.75195
1.22362
1.62761
2.22826
2.48459
2.90197
3.71306
4.26922
4.83371
6.49365
0.12776
0.34012
0.75469
1.51982
2.08249
2.25249
2.38310
2.46605
3.64932
4.53816
5.16721
5.74160
0.76309
1.40114
1.71703
2.03274
2.38890
2.62346
3.01431
3.18974
3.26550
3.51701
3.54251
3.70914
0.32322
1.35931
2.68383
2.90012
3.24489
3.41904
3.96973
4.20157
4.49799
5.83338
5.88605
6.67163
1.26385
2.19686
2.42135
2.81641
3.43441
3.70154
3.89903
4.40407
4.71317
4.89866
5.59721
6.57227
0.21865
0.55297
1.25364
1.49384
2.80576
3.06871
3.31082
3.40492
3.44773
4.29599
4.69774
5.21984
0.89678
1.57275
2.59523
3.48036
3.90196
4.30318
4.85934
5.42053
6.06012
6.14848
6.31510
6.69250
0.27294
0.52405
0.71176
1.12732
1.78419
2.14789
2.63506
2.99786
3.43701
3.50733
4.02899
4.29395
0.88686
1.28729
1.84111
2.09954
2.77202
2.87090
3.76601
4.40136
4.86613
5.36923
5.51108
5.72849
0.15728
0.69902
1.63895
1.92753
2.36952
2.50345
3.01644
3.18407
4.29801
4.85430
5.25425
5.50644
0.36334
0.53958
1.45908
3.53851
3.76266
4.13853
4.28651
5.09197
6.03376
6.34635
6.64708
7.13737
0.19664
0.42469
0.77502
0.81024
1.04144
1.07006
1.08319
1.29677
1.70840
2.27126
3.19873
3.37576
0.42748
0.86812
0.94360
1.10211
1.58190
2.70230
2.87363
2.87387
3.61412
4.24205
4.29958
4.94947
