10.62552
14.70460
20.57068
28.77960
42.05909
55.27731
62.03788
69.41831
82.54940
85.52297
94.49791
98.14492
113.74483
132.44810
139.16368
155.37555
173.70366
172.86214
189.17965
194.67789
20.71464
30.05262
33.62189
45.34469
55.86839
64.82802
88.74468
105.05400
129.08028
139.15638
142.58661
146.20165
161.25374
179.61210
191.20675
209.71798
225.18294
245.45746
249.18776
252.86797
19.54812
37.49794
59.78066
83.02656
89.76999
98.31849
118.05887
132.61914
139.90381
156.06840
174.04713
180.24605
189.30159
193.76566
195.69516
207.24091
215.46655
241.02672
252.60153
265.85447
12.69750
44.94405
48.60499
71.39156
75.15741
79.83367
84.30958
105.16206
110.93585
125.15636
134.06033
140.92983
140.97283
143.20036
149.50245
155.99210
174.31083
182.34314
205.60732
207.19833
15.58079
29.14177
55.35635
67.43340
82.25792
90.16722
105.39762
116.14304
139.00002
157.34204
182.73056
189.61564
191.81226
227.10835
252.27384
253.71210
258.14685
265.15034
272.79060
292.78536
18.47304
24.82865
32.60330
45.11883
60.33051
72.23948
83.03933
93.09733
104.81800
110.84946
118.00509
125.67939
127.20310
141.28731
164.97776
180.34145
179.26780
204.08117
219.51775
235.13334
25.06128
36.86397
57.37956
63.02380
87.60302
98.82415
122.09459
123.52151
128.98180
136.93955
147.63394
159.21328
166.06454
189.15725
215.11551
221.50593
223.71575
228.31683
237.23287
264.37451
25.67841
37.49503
50.85956
60.38630
70.54086
77.18589
80.62557
92.80573
110.45616
126.70360
146.71149
164.80241
185.08006
196.41918
196.82785
200.30420
204.93726
210.29811
220.26424
222.91050
13.30423
29.53727
37.12195
55.19644
71.80807
80.53016
85.08570
95.23055
104.53514
116.24811
130.06279
135.06383
145.02536
161.84143
182.10854
187.47142
207.15589
209.03819
221.91516
229.61131
24.45800
33.65434
49.33297
56.33176
62.67469
103.80126
126.58007
150.13170
164.80538
184.76176
186.32385
191.83345
207.17789
222.92469
245.88043
249.49038
273.54032
293.35191
293.65857
297.29297
30.58506
43.33335
58.22561
64.76793
74.69437
90.54274
96.87370
109.32109
117.10962
134.93487
137.48047
141.52783
153.15642
180.66791
190.88792
211.26265
232.34202
243.95823
263.38318
272.88355
18.74459
27.45893
48.45057
62.77988
65.89705
73.15227
77.56241
86.16141
110.83280
131.46752
143.49239
177.57042
184.56435
205.66218
221.02740
240.56669
245.30351
263.05731
263.79080
286.96662
20.80752
55.36492
69.53919
96.08635
97.92817
111.79747
115.04078
135.18047
140.60248
143.15107
162.55964
175.82870
202.68938
226.79299
237.53585
254.34836
256.13442
256.85715
257.28866
267.43793
27.18734
43.60853
57.98323
68.22530
76.84963
88.70337
91.20016
101.40053
104.60072
114.06345
124.89587
127.75077
141.75493
150.99932
153.38615
168.47575
191.67980
206.22555
230.22146
242.02344
5.25589
12.71722
26.93361
37.78749
57.14880
81.09937
107.80093
117.64373
131.05525
141.23430
144.82936
155.31498
160.28222
181.75492
197.31794
214.93558
230.95817
259.54291
267.78972
270.13403
37.78155
57.67925
56.74654
76.43731
94.76553
100.92448
134.70494
137.40261
155.74654
157.67719
172.98322
185.84208
190.22021
209.12724
222.95871
230.96283
241.95809
261.71568
264.64497
266.10104
10.25704
14.68843
29.37058
39.09533
68.51033
74.50598
86.69152
115.59821
119.37203
128.34057
153.39732
160.95418
168.99526
170.80723
174.96209
183.37259
196.91030
215.37997
238.91759
243.37603
8.91379
36.05499
36.55417
62.92576
67.18547
81.88950
107.26404
117.54399
124.43504
139.50841
143.38868
150.63685
157.75848
170.43646
186.65090
203.41252
228.59442
246.60209
267.99063
276.74973
20.79868
33.40055
48.15615
63.11171
89.03473
109.23088
113.83652
117.36567
127.12030
146.10234
149.10638
158.23237
159.78338
169.25367
176.20512
192.85622
211.86870
230.45228
244.53412
249.93946
8.01462
10.82749
19.50059
44.26403
58.99720
82.69653
103.86646
105.02565
126.14483
137.95217
163.22066
168.17855
187.37384
195.71350
202.70984
209.67009
220.76807
222.12887
238.28823
243.51438
18.66382
31.49791
55.12809
73.12921
90.99073
100.59351
112.05764
123.87222
152.36358
158.60911
168.54803
189.06486
197.36430
218.31392
229.63518
232.25647
244.42147
258.01414
258.91093
259.57885
23.47402
33.07310
43.64980
54.58528
65.38405
78.44588
100.95867
112.78409
116.33325
125.62135
139.63441
142.59438
156.49218
173.91777
178.06495
192.21271
196.03375
196.01824
213.60371
236.80885
6.40462
14.97880
61.89984
90.39569
97.99582
119.41105
135.97885
148.63492
151.18601
168.24994
174.97396
183.44967
185.32307
198.83351
208.17998
216.95898
230.02543
250.51584
265.39081
271.34795
5.41918
12.15179
23.57817
30.78128
48.40813
64.36535
72.97363
97.79821
104.36969
112.71065
119.80299
132.88505
137.12921
166.43100
179.35459
179.78016
182.66717
189.82239
198.56846
212.77162
7.55316
20.72352
53.68327
64.24280
87.42264
91.74149
115.56715
128.09864
139.75253
156.63960
163.99596
192.93837
199.81655
214.77999
223.78710
248.97102
252.38378
254.62430
257.18563
262.31288
25.43471
42.01545
81.02339
96.29645
109.77444
124.23349
138.76418
151.10351
168.99949
173.69025
180.14594
180.64290
195.52935
199.27374
219.55850
221.85985
224.88325
241.24929
282.93841
282.97284
5.72716
30.64117
48.64390
51.67823
66.96053
88.98591
102.72704
113.87527
134.75896
136.91173
162.60740
166.63792
175.57872
189.89006
203.01849
203.10941
211.28306
232.37170
233.69554
243.38750
39.53031
49.19558
57.28515
67.04863
77.09596
87.06600
94.43500
99.32530
113.53420
134.70694
143.68099
150.81074
155.07849
157.64261
165.07065
168.90789
181.04922
191.08557
199.03091
216.39135
15.56445
26.22233
34.83599
45.40595
64.35391
86.96784
90.95244
98.39922
107.87373
125.71665
142.07453
143.92325
150.34403
174.12866
173.20379
167.97387
179.49852
187.20224
205.29745
208.21553
9.01281
20.64607
54.53570
73.51550
76.54165
104.48476
117.90047
137.24260
143.65921
168.97923
180.87863
184.00557
195.37342
205.56583
215.51664
223.99158
233.48287
242.28536
252.56789
262.00119
4.55259
14.47189
28.45680
37.60041
53.81991
81.90335
108.99499
114.26124
118.28007
140.88162
158.57251
163.70852
167.44547
172.95914
189.40933
214.02628
231.82548
242.08563
251.32687
255.36608
32.68969
39.28440
49.35278
67.38375
87.35678
93.27222
104.66487
125.24763
137.66584
148.81473
160.60674
180.61639
183.33875
183.41344
200.10171
209.52511
228.87186
234.97602
243.96516
249.45235
8.71583
15.48315
23.80898
42.12032
49.64215
68.05458
87.08189
95.82448
108.79968
115.25106
122.94564
135.24902
151.99223
162.30055
179.48326
197.83809
199.41168
204.57256
224.68700
225.88112
13.55849
21.89611
31.50942
47.27138
54.45775
63.54025
79.54333
86.47011
95.17078
103.03427
116.52927
127.96333
158.90082
167.95515
175.90398
190.99971
213.81559
218.95458
232.41710
239.58128
16.71761
19.95436
37.16774
44.19427
62.19032
92.66961
109.93344
126.46954
136.39021
144.20568
157.76789
167.59710
185.71480
200.70710
218.44853
228.77395
237.14080
245.74163
251.38587
259.78793
26.11789
45.06770
57.22518
65.59350
70.47555
87.35883
91.52621
107.90471
126.50591
144.43677
153.33845
166.07730
184.78996
199.64513
225.41972
231.03710
242.69261
260.31386
270.85504
275.22825
22.62546
48.29299
65.67571
81.27623
85.45383
96.55265
135.45244
148.71580
177.99956
191.74024
196.76218
196.19737
202.54896
210.68719
221.10762
225.08677
225.12466
238.74116
240.10868
257.06734
6.98002
20.62706
37.03110
48.72560
53.75460
70.06735
80.14163
95.06608
112.28216
122.69561
134.30251
150.83022
152.26499
175.32198
184.03654
199.01191
206.37479
217.16962
219.92129
220.73635
10.60345
31.55436
69.47689
84.77263
90.80450
97.05801
115.10239
120.21883
125.54528
131.56780
138.48436
145.06991
156.21468
172.56096
187.14470
193.08929
213.96005
221.34586
227.95671
234.58757
8.09009
35.55137
59.48005
64.24817
80.79031
89.62560
117.34744
126.42917
145.35874
173.47245
203.25225
214.35911
231.76384
240.32834
241.98200
265.62574
272.70013
275.28000
304.66905
317.24412
18.52461
31.14545
42.48733
58.14853
69.20002
88.48204
125.65012
130.20307
130.46340
138.22016
155.46314
176.83359
183.53911
192.18089
197.55367
208.78406
229.59897
231.56084
256.71635
265.95585
28.33148
54.30961
67.32252
82.11757
96.68209
106.12099
110.37772
110.71351
136.14557
147.43922
151.77938
161.12296
165.11054
183.08212
189.81341
198.93672
229.52784
260.29760
286.10238
307.92113
18.88517
39.95959
45.74935
50.75881
63.29756
77.86094
84.30254
91.01851
103.26538
125.97493
138.39209
142.03191
143.49895
164.39108
169.13709
141.68153
165.59019
168.02468
230.54888
244.70458
7.49217
20.53757
32.82780
47.41181
55.83350
58.83073
63.90478
85.98553
89.20443
108.10407
112.38271
130.08603
147.99211
153.88003
160.52988
164.08886
180.14308
190.69352
214.35429
220.86038
28.91892
49.22257
54.70321
83.15773
101.70883
121.97038
125.73838
134.07018
135.69926
140.49588
143.77458
173.01171
182.44341
200.69901
213.02674
228.93092
231.12893
240.92062
272.94690
282.80713
18.96389
44.84988
68.83619
70.93805
73.16616
81.37379
97.84884
130.46836
135.72272
147.65076
150.89256
167.82007
193.28679
199.59005
204.31729
232.00142
236.44887
236.87581
240.45881
253.43557
12.85905
26.32398
50.71584
79.97540
87.08426
102.71536
123.43883
128.40742
131.47302
137.19341
156.30924
167.52362
188.79916
193.21919
203.23705
208.55674
215.16024
217.00470
225.13292
232.88894
8.91139
30.72161
33.95786
40.15178
59.01645
68.53861
79.14824
96.33278
98.99526
113.90982
123.97870
130.99142
136.81016
155.05377
170.49384
197.74835
215.13375
225.80743
227.63903
238.47011
4.22244
9.76372
18.89577
25.44313
49.82181
59.29503
64.36918
71.21246
72.90466
79.12908
98.70018
109.52715
112.14600
122.83984
131.62246
155.32105
157.54430
167.35074
169.98562
172.56959
9.62074
36.96090
54.63981
76.26046
80.31052
93.93100
115.67844
125.98897
133.42958
147.90757
154.88371
186.14324
200.21663
214.47923
219.68290
226.73438
230.53001
247.17877
254.24157
267.79462
15.64203
26.29606
52.28565
64.99946
82.49378
94.07156
96.52617
107.16549
131.84824
139.57157
147.91998
167.36162
180.72016
194.90624
200.62564
204.23515
209.54183
220.61449
223.47068
244.16255
9.89150
28.69145
39.90785
49.03264
56.33160
75.76023
94.57878
105.80737
115.97839
134.36112
141.08845
154.24183
163.49615
165.30219
172.25505
178.79978
191.51787
201.82930
205.46243
220.70058
7.90557
19.43558
35.30638
54.30777
54.50803
61.55696
93.28807
102.01160
104.85540
115.41792
121.79371
150.14295
172.51766
180.38152
189.14355
191.92728
190.54381
195.49022
204.27335
207.45908
7.23260
22.13300
44.36870
57.75756
69.41766
84.02561
97.03500
118.26430
123.98643
128.26298
148.04817
151.74997
171.97170
186.74946
194.30759
199.23260
202.26988
224.10646
248.12346
260.30114
21.01408
36.52170
46.31616
64.55470
88.70393
93.13205
112.54819
127.10131
130.81282
148.49411
159.23742
170.91678
186.63723
200.04593
203.19254
213.20077
225.86907
231.69943
257.23547
259.09168
18.42883
33.40341
49.21837
58.94828
71.12398
84.58323
93.40510
109.56510
125.15441
158.08633
171.61083
205.25964
223.96749
223.95792
234.06840
237.52203
259.89336
259.99335
269.59151
281.76392
9.41164
14.55945
31.50435
42.91328
49.12885
70.38111
93.67647
103.25791
107.24576
119.55705
127.07594
137.80294
161.34306
170.41505
179.40602
189.13464
192.99975
210.69970
231.90682
252.85919
7.73931
10.74093
22.85091
41.75167
54.11521
78.94225
82.57462
88.83804
97.52271
106.59604
127.27971
147.07918
164.03965
169.51749
194.57922
203.67603
224.49272
230.90455
238.25502
254.03097
8.84247
38.07277
56.13188
58.54398
77.55151
96.51817
104.69924
118.78628
129.05601
140.55854
152.86572
164.76557
168.32181
178.72961
195.66795
211.54702
214.06957
227.10808
241.81665
257.21120
5.69944
11.52868
36.06235
62.04964
70.67115
93.38359
106.34062
114.85736
117.78118
134.42714
142.42865
155.48109
169.77429
184.25398
191.86245
229.03628
258.64167
276.92972
283.71663
286.33927
18.36391
26.52547
34.05293
41.71104
63.62314
70.21565
82.85843
98.38576
111.60653
118.16391
130.57192
143.86746
159.61635
170.98057
172.70438
174.49482
179.14150
182.36229
202.87308
223.67896
9.21190
27.42188
30.49754
41.30457
51.12839
63.12011
84.61364
96.54080
117.16751
119.82315
127.22092
145.57558
147.27011
155.14143
172.71421
181.04040
187.31424
198.69031
210.51459
217.67569
8.29308
18.35651
33.78781
44.13438
67.78052
85.19235
89.85016
111.52259
132.37067
141.57124
166.24010
185.84854
197.79189
215.36827
217.71127
234.93606
251.81528
262.51276
274.06469
285.19780
16.20125
23.69079
32.85257
65.14883
87.48197
97.16982
111.52960
130.74236
135.69011
154.71512
161.84343
168.95582
177.49938
191.14655
200.23628
204.60370
220.67540
236.40812
240.12603
243.58847
19.01436
29.47992
40.27912
56.58397
75.41152
82.81867
114.87939
133.14489
148.80589
158.42331
164.85486
180.39442
184.24314
196.19124
208.14272
225.85354
239.19886
251.93507
255.19235
283.27843
13.69352
22.71292
31.65973
41.93423
53.90999
58.54516
101.50641
109.30611
110.90954
128.57821
141.27565
165.13275
181.00456
191.74140
200.70211
210.20915
211.16191
226.93804
240.27618
250.70883
25.49433
43.44902
64.32841
89.93064
106.80115
112.79891
120.81495
150.46105
160.46327
168.89770
173.34564
180.00781
181.97593
185.78411
194.50931
194.60940
195.29991
202.03389
209.82966
219.37858
7.68633
23.92287
51.65912
63.67948
72.71421
88.87509
94.97459
109.62366
114.78417
122.11484
136.14609
157.78436
176.71391
196.24127
217.70526
219.93920
225.36307
223.21388
243.75392
250.90644
26.26447
31.65324
47.21762
57.19795
73.88520
81.99409
88.37498
92.33859
108.29859
115.00092
131.25533
149.14660
156.07146
175.20090
188.46733
195.03227
213.73122
220.68731
224.33278
232.97435
17.10090
34.33640
51.39407
70.94322
91.83557
98.67251
116.15841
125.78683
146.72757
157.98979
173.68159
199.68090
215.59489
233.80611
235.34598
268.56575
280.24843
291.28140
305.51210
318.92159
14.11378
25.63338
40.70104
50.42720
63.04490
66.08485
73.80310
89.06924
103.38193
113.12661
132.18108
142.03068
159.66032
166.29196
167.42132
190.18089
209.71197
231.85295
234.64022
244.30860
19.85621
32.50119
47.14864
65.42618
82.20193
89.44541
108.70683
128.91866
145.19441
158.81129
175.77924
183.64452
192.80106
202.56583
225.77730
230.90630
225.51342
250.57932
269.73587
275.71906
21.52049
30.59649
45.49957
55.95348
59.29437
68.91525
76.97848
96.29148
103.70226
109.22340
117.61902
127.61629
140.99124
156.84869
175.58054
193.92725
205.20847
208.80011
224.91463
245.43088
8.62729
15.24718
26.75807
41.87502
62.89235
74.98857
94.11506
105.12844
110.20261
129.00455
131.66831
153.50054
169.47769
175.88128
195.33610
208.80256
226.52761
238.93433
248.84883
262.20144
14.92220
34.66581
46.39092
57.92517
68.67984
78.11646
89.04409
106.48386
128.23252
135.91387
147.22816
166.12885
186.55968
202.49303
217.53919
221.49101
222.49885
239.56888
250.20917
260.75889
17.32966
47.22501
65.26508
89.05589
116.68619
132.45214
135.92816
149.95315
156.37675
163.85637
186.64735
194.95636
211.30850
228.42169
234.64418
238.60473
242.88719
253.03795
255.46547
267.65163
15.45717
26.09630
39.48748
51.72354
57.22478
62.14990
69.09289
92.63121
103.59305
142.84177
159.37819
171.19762
192.96519
211.31098
222.55101
227.66048
229.09294
239.43184
239.46462
251.48600
8.92948
31.49895
41.30681
46.90872
61.05434
76.60254
86.69294
94.51525
104.26487
125.78635
135.58528
145.90609
149.54243
166.58247
168.55216
191.29321
194.86082
225.45069
233.49933
239.09142
18.89771
30.61192
53.28748
77.44958
84.32163
93.11638
110.70218
116.37765
122.85390
141.55510
153.65844
163.05693
169.97178
179.48715
184.99998
200.69915
210.16725
214.90615
221.75280
223.83968
4.56087
11.68922
23.74607
35.34896
54.00426
63.58361
69.34656
78.15776
89.38766
101.09384
122.00231
124.15899
133.26853
145.89278
161.00628
180.88591
202.76782
222.14524
226.12557
233.69487
12.29700
20.13576
34.29131
63.93760
79.62547
104.61105
128.82247
151.03662
163.06295
180.74284
184.37847
193.32691
209.32530
212.98456
233.96713
245.93331
259.89492
264.03619
279.12917
297.94767
18.51174
23.85492
32.21505
40.92792
42.17139
55.02533
73.16518
83.11319
96.25241
101.26230
126.91248
142.59309
143.22819
156.80045
163.88792
178.68449
188.90906
205.13724
217.77838
223.23125
3.95256
17.61200
30.89418
33.54120
44.93863
62.68344
73.03037
84.84510
102.92255
113.21709
118.87723
122.52052
146.65549
146.68185
150.03419
164.95995
173.11707
185.31102
192.21516
200.85878
17.36424
41.65335
56.72418
78.42211
89.09954
95.94044
103.72257
118.65608
126.23108
140.94423
153.62329
156.20438
172.10822
199.05532
221.42371
241.81257
244.27769
251.68347
257.00169
245.43488
3.61837
28.01495
37.40866
42.43946
56.65848
88.15435
104.04679
119.30641
140.38468
141.06099
143.83383
160.55729
165.03921
190.50415
192.91264
196.18796
201.66780
202.45588
217.66911
222.95287
16.61454
36.64658
49.08651
59.60385
86.23134
96.54911
104.24482
105.29826
126.76801
131.56244
135.75204
154.65211
173.18449
192.09225
207.73653
211.27618
219.80145
221.23420
224.40864
238.49179
11.54795
16.90316
18.80031
44.04945
47.21512
54.96971
62.90547
73.42094
82.47744
95.52673
100.60531
102.78880
113.88614
131.74658
137.82176
152.71131
166.78244
173.88551
197.11673
202.40252
15.43585
29.67155
44.19069
72.30704
77.99227
87.84776
105.73938
118.73776
141.00389
151.42524
160.20297
166.07807
174.06044
180.33737
184.72445
194.30844
196.44926
205.05795
216.03138
219.61419
18.72884
36.05900
40.70026
59.62357
62.16739
91.20367
93.20406
108.92776
120.87222
143.30548
152.40281
162.91572
170.21696
181.65542
190.85892
200.52663
227.22054
228.99766
245.42485
254.91955
19.67479
35.77621
68.54786
84.29943
89.03895
99.08793
109.55215
120.26985
139.81032
142.03627
148.52876
165.53500
185.45548
206.91590
213.18775
215.42021
224.63250
231.97807
247.51119
256.93445
25.25255
42.92025
53.44938
64.58729
76.36315
84.22288
96.60309
117.43080
127.59202
133.68016
137.26343
148.39645
169.51112
190.71139
200.19582
200.83587
207.88264
213.49755
222.79188
237.53609
14.16042
24.09910
32.75526
40.95637
61.89986
74.79810
80.70724
101.16555
125.34067
132.05340
139.37654
143.74133
172.73913
176.78470
186.21241
190.68947
195.52635
200.43975
227.20408
235.20727
17.34722
40.60955
51.54507
74.06195
86.67772
106.36692
114.01874
122.93252
124.56936
125.97993
135.06417
140.81077
161.85698
163.24428
169.77062
191.15119
203.94541
216.43678
227.11715
243.86710
10.95072
60.43025
69.84122
79.76548
90.86744
105.49538
110.14349
116.58082
139.62435
155.01525
165.36821
171.02932
181.54143
198.05400
203.65770
206.85740
228.87836
235.83849
237.00714
243.48174
16.40055
24.89101
45.58523
58.27161
71.23575
75.00089
80.05989
99.47858
106.17608
117.52246
117.12763
130.95145
141.98806
147.40683
160.33352
164.57655
172.45972
181.72183
187.48688
200.50433
24.77608
42.62761
48.48129
63.78647
75.11001
83.70527
85.42382
91.71429
100.45779
106.21732
115.22820
118.73004
125.84965
136.42297
150.23954
157.93387
160.86440
176.70069
183.69599
189.43063
14.79997
33.48860
36.56602
48.09808
63.88609
97.56227
120.58747
123.58609
135.38602
140.31108
162.32387
173.50877
184.74099
198.01076
222.72863
224.03118
227.49536
228.46546
233.37261
239.03366
11.33156
32.25301
41.76444
53.37117
61.44901
64.59187
66.86888
76.49231
86.76753
90.10932
104.53233
116.79100
129.24277
135.19210
148.22574
156.97498
160.87541
179.60912
197.45404
207.32773
16.50510
56.44043
76.01775
83.32757
91.78330
98.94004
100.34258
110.14757
121.81368
124.81970
143.39059
157.21913
159.41079
179.60074
183.71888
191.57590
220.70788
233.52156
243.07679
249.03854
17.21462
38.03203
74.99064
96.94193
108.67354
113.98310
123.82353
132.16086
142.77784
144.57578
166.68980
182.85574
197.27225
216.04076
223.57431
225.24222
236.14658
239.64621
246.94990
250.48389
