8.72626
19.71653
26.83810
37.24150
38.84543
42.39214
55.99402
59.52895
62.08959
72.28006
88.95214
91.17417
98.75243
14.95722
24.84280
41.34424
47.23445
54.64623
69.97056
71.81718
86.94417
98.28707
101.07665
108.38677
119.52568
147.24865
16.48113
25.58364
45.03021
48.56303
50.23481
63.05401
69.71651
77.88073
90.65101
104.10988
112.22200
115.58901
123.38230
4.31930
17.19563
34.10904
39.24232
50.02506
56.36736
64.35504
70.96620
92.35333
99.68392
102.70403
115.05793
117.69591
8.14554
13.96294
21.13256
33.64482
41.69095
57.76855
67.09626
71.31946
76.06124
98.28756
104.75303
107.64942
111.26427
5.42028
8.92338
18.20168
26.36335
36.11103
48.92129
56.58636
67.77323
72.20943
80.89250
84.88591
101.53792
106.64768
6.27626
17.44018
24.65247
38.21862
41.98541
56.59318
67.89559
72.95896
85.43618
91.00792
104.88293
112.08066
120.38714
15.33399
19.98892
22.69080
26.86500
28.29033
36.71617
39.98049
42.60587
54.94625
63.10070
69.26568
77.37220
91.64898
3.89828
11.80042
17.08662
31.60896
43.70550
49.13742
51.32128
58.71163
70.55575
75.62099
77.81694
84.32948
92.98251
8.35010
25.22649
34.05599
42.87830
62.96821
76.37241
85.13832
93.86629
103.26109
110.23014
113.15901
129.28081
131.14041
11.84159
18.12609
27.99811
40.69082
43.47889
64.49229
69.49329
71.59999
81.59142
85.08782
88.77652
96.57907
97.25532
16.50726
30.29978
37.63545
40.88009
47.24026
62.11142
69.68541
77.58972
87.09438
97.86573
99.06971
105.71535
116.78426
12.21548
12.29652
22.62275
28.78755
44.21465
50.17160
61.03796
64.19205
71.23396
80.55345
87.05501
90.50309
97.22132
10.23363
19.02458
25.44563
31.85896
37.61362
48.16081
54.52751
68.25356
71.17237
79.42578
86.48695
94.89361
107.48841
2.47399
8.25376
18.19668
26.39349
31.14491
43.40011
50.38846
58.73901
68.38174
84.13411
94.50426
108.88842
111.12267
8.05310
11.32597
16.11577
26.11137
31.71726
35.08894
43.58417
51.56600
57.38251
67.25577
72.23563
81.24027
86.70205
6.19149
9.23952
18.76888
29.20069
41.80409
45.54209
70.63057
83.92899
94.23238
115.79322
117.52356
126.10728
133.50063
4.16910
7.82496
18.08385
30.38561
39.57214
44.95101
46.28414
50.75026
58.50941
63.20431
67.86199
78.17455
87.46973
6.82961
16.04017
17.20808
18.04002
24.82579
36.68390
41.74625
48.01964
50.22991
61.80369
72.70314
78.83160
92.66886
6.84481
18.90527
23.71876
38.49830
48.47181
54.18704
57.92480
77.13000
91.59536
101.35933
104.94748
108.92199
115.09937
11.41716
21.46943
34.26482
44.16594
49.89550
56.61796
58.48805
68.10528
76.19937
83.38472
87.65051
91.12595
105.38322
17.90391
21.88274
29.81852
33.93983
40.57284
47.03844
56.46178
65.92130
72.17385
80.99062
81.82076
88.06803
102.76595
8.03354
11.13057
22.16139
25.89083
40.79191
49.23970
55.90281
60.91840
72.13091
83.24054
91.25552
105.50918
113.65189
17.59967
21.47963
30.86615
38.06340
51.78260
62.67699
65.71643
67.75864
75.55797
82.12427
92.13798
102.83708
105.56762
11.73108
18.50333
23.79541
35.86741
43.31814
51.88943
69.46922
77.42454
83.62304
87.68752
90.82448
103.51631
115.29906
3.23815
11.38563
13.30322
26.96974
36.39865
39.60819
46.83446
57.99250
73.15934
86.26293
95.10487
97.74151
104.04149
1.60031
8.72804
16.70505
30.51083
35.88862
43.99580
52.25630
66.40219
68.97796
86.61085
90.04678
97.61680
100.91341
9.69099
16.36583
25.59958
36.94528
46.03321
58.87524
61.90030
69.94908
76.08025
108.63594
130.06984
141.38036
160.81805
10.86861
23.06535
28.75557
43.17408
55.83102
63.14622
71.62782
76.42071
82.26714
92.51859
105.13668
110.05606
121.12923
6.01636
10.21187
16.23411
31.00425
42.67488
50.73308
55.83081
60.51481
62.44346
71.59681
77.40536
80.86642
84.97079
11.24768
18.11636
33.00087
54.85920
55.77604
61.75957
73.12858
91.98896
95.06082
116.92682
119.13280
126.03283
129.18820
10.83253
29.11925
41.78018
49.00257
56.60817
80.14332
81.03596
90.39638
99.38967
105.39556
109.03610
116.85675
123.21266
4.21075
9.58556
25.89057
30.45331
32.47506
35.18749
37.09820
49.49765
52.22595
64.80892
74.91363
92.76325
118.21268
4.59383
16.70011
18.31381
22.28454
26.96931
31.08530
39.70211
57.68064
63.21780
76.26578
83.77489
92.63932
100.03652
0.45512
13.09349
30.15966
35.11663
44.26631
49.72464
65.58554
70.02170
78.51446
86.75040
87.52410
101.06418
107.33349
7.94089
14.21565
18.62336
26.91001
33.20731
39.25246
48.12462
53.52292
58.34111
63.15613
73.75610
85.14296
94.59455
14.47058
18.03725
22.94994
25.57766
41.70819
47.73133
55.65588
63.19062
74.60657
81.24674
86.98148
109.02297
121.41959
9.62372
17.17634
28.92378
32.82212
44.44858
55.04475
64.66654
69.13809
70.99711
85.51055
93.37959
103.14338
110.73873
20.61444
32.81869
39.91144
45.09959
48.52760
50.64540
63.01834
64.38470
72.08914
87.23306
98.51074
107.38460
113.85883
20.92939
26.42923
33.79792
40.08540
47.93521
54.60685
63.55254
67.46518
71.00588
104.30993
110.86420
123.65448
133.43544
10.36087
23.47328
33.87843
45.62064
48.96917
62.10177
69.74455
74.21902
82.95514
92.75788
109.77129
115.88612
123.84654
6.63387
14.39164
21.99954
26.59683
31.15084
40.42093
44.75657
49.91390
60.24030
72.53421
83.23970
92.85800
106.26596
8.70166
22.64492
27.14436
29.51659
41.47822
48.28856
54.72798
64.30872
66.73075
69.05268
79.44800
92.64590
101.85034
9.12395
20.21575
26.66220
29.75974
37.89605
48.28556
57.31670
57.93996
64.58670
89.47121
100.15260
103.18654
109.48345
4.50047
5.52016
6.34498
11.11297
12.76444
21.00493
32.66114
46.88770
55.76778
66.53368
70.09210
84.00553
89.88627
7.70297
16.31949
26.33824
30.32942
35.67677
43.63167
50.40570
62.78783
70.89028
79.35295
97.68004
100.34578
106.73373
4.42360
7.44643
23.32125
35.39525
50.09525
68.20739
83.05892
89.71012
93.46034
96.57384
107.90712
116.33126
125.24671
13.86308
18.21940
27.49932
54.84383
68.25531
77.01987
79.84891
83.90088
95.10509
102.36238
107.29660
123.57409
128.72425
13.94262
23.27913
30.01159
36.70986
48.79000
54.62117
71.96046
87.62142
102.21220
107.83003
121.09613
125.75320
128.60500
2.71849
9.46494
18.90212
28.91827
32.11927
34.43013
44.77323
51.00836
52.07908
58.89760
69.17752
85.28133
95.84329
5.38070
11.98677
17.30788
24.55203
32.43356
34.41538
44.58576
45.87504
50.15368
60.68310
68.96644
73.01680
78.79924
3.92602
5.80515
13.12441
17.36226
24.53137
34.01435
39.31480
44.59507
49.88972
54.55698
70.82097
83.58399
89.52188
2.40915
10.81476
15.72338
23.30265
32.19282
42.79983
53.23419
67.02716
86.46412
94.12363
100.65352
107.93491
114.29761
10.92848
15.89508
25.56347
34.33230
40.24654
49.24315
67.05635
76.29390
92.35970
105.66220
112.77097
115.84131
121.77298
25.24195
34.44545
40.64046
43.78465
56.28093
62.24057
64.27872
79.93295
82.19271
97.81104
117.03659
119.85940
126.14030
9.15694
12.71786
21.03822
27.96744
39.06748
54.94790
63.13204
75.41543
78.24800
91.07340
95.65250
104.58310
115.56401
20.60174
24.04723
35.83940
44.43634
51.44761
57.54876
60.87183
70.76659
82.19967
98.07328
101.71330
108.69869
118.26100
25.89073
32.40706
42.46157
46.57174
53.03464
62.71393
70.39625
87.07977
97.08473
114.00410
129.43244
137.89544
151.40117
6.82827
19.45660
24.79173
34.28514
40.20114
46.21110
58.26901
59.28520
74.51387
81.04190
102.17644
107.29460
113.88161
6.61901
12.24847
20.60932
29.03805
30.85211
38.52878
48.50053
52.44113
55.01996
76.72470
79.63118
85.76470
96.53575
8.41456
11.52192
15.27468
19.27036
30.73987
37.13035
57.54321
66.73086
72.83710
82.63497
91.64313
95.93981
109.11709
10.21209
24.45219
43.93121
47.22799
49.65670
53.84262
70.40481
78.50003
91.73843
98.80995
108.90553
115.14853
124.17062
8.19089
18.36703
24.69074
33.22780
39.99084
42.20304
48.99524
54.91036
67.97666
81.31186
86.42470
96.22412
106.53294
12.01820
16.53045
24.41431
33.38998
36.75643
39.74870
55.01008
61.30782
66.51187
71.40843
75.97617
85.43734
88.37335
18.30362
22.76312
23.69323
36.14767
41.26255
47.54690
69.12067
76.18261
82.29180
87.44667
92.53997
111.28572
118.51000
5.80180
7.99924
24.70056
26.01680
30.91552
39.01980
53.28050
55.82864
68.17352
85.03705
91.36692
96.23985
103.40837
1.40402
7.66715
13.25584
16.43614
24.40636
28.00548
47.40231
52.14720
55.71426
64.60721
73.62401
84.18670
86.53804
2.68375
17.63360
35.53326
39.15514
40.68246
49.22694
56.84664
69.23464
89.38315
94.32423
98.30899
105.05098
108.95521
14.16688
19.62187
26.57520
34.49324
47.60635
56.53654
63.38079
66.66199
80.57947
91.03688
100.40458
112.28368
121.97752
1.20104
8.46237
12.02382
26.83655
34.41946
44.12471
61.19524
79.49909
86.41813
92.96888
99.58259
104.00946
104.65022
1.17659
7.02339
14.66083
29.56820
36.65986
42.20004
46.94409
50.04106
60.60084
65.40234
77.08875
93.16191
100.25948
4.31783
8.88004
22.00128
29.27969
37.54604
57.75313
66.71295
70.77022
91.46608
98.42153
106.28676
114.99893
128.54448
7.06300
16.13227
30.04557
35.07260
38.63758
44.99712
48.84223
56.68348
65.00750
73.09183
75.31488
83.75642
88.56442
9.36157
21.45458
22.75635
39.71288
48.42960
51.44704
60.36273
78.66569
86.48713
97.00403
97.85877
102.81153
115.49570
15.51677
20.50161
28.48771
38.55972
45.29003
49.58659
69.73923
83.97898
90.92986
97.68902
113.69040
123.45952
129.97817
4.38517
18.53686
25.04737
29.28257
37.78791
41.66741
62.47669
66.96557
78.93545
87.92860
92.78153
104.26328
107.52179
3.06270
10.45145
19.65911
25.97976
43.01044
48.98323
64.33200
76.45360
80.73898
89.46186
96.45820
103.33036
108.98023
7.14219
19.18157
26.85741
43.49928
54.99863
59.78951
66.10127
73.47996
87.85301
95.33272
99.29679
107.06583
118.05129
7.47747
11.63595
20.99318
28.77695
37.76353
52.50365
59.50123
69.94517
76.10963
85.48163
89.81656
96.17961
102.30763
4.94331
15.52917
27.81542
35.17846
41.78261
55.24467
72.30542
74.07783
82.62211
87.42901
94.16574
100.02259
107.63880
16.74748
23.49168
31.11193
35.18643
42.14292
48.10716
52.36897
68.07801
80.08294
98.47581
101.92868
107.13696
120.03285
14.63109
24.23372
27.94398
35.16345
40.04809
44.50639
49.40031
50.74902
58.02062
60.21154
67.58333
76.77708
84.33420
9.17979
19.03335
29.04616
36.34018
43.02117
50.91156
65.41330
79.66250
84.55892
88.13141
106.86519
115.43564
120.95844
1.88753
11.33803
19.80805
24.96653
43.82920
46.68449
60.03328
75.17671
82.55201
85.91398
93.24564
94.36618
98.99743
1.71769
14.50318
24.21291
29.97640
32.15575
44.60945
48.92041
59.18277
65.34018
73.50600
79.94083
89.41343
94.32745
0.46306
4.56226
17.30156
23.24057
35.08674
38.53749
44.98703
55.33791
59.50270
69.59206
75.15247
84.96307
90.50790
6.48008
18.31041
25.72741
30.75727
34.92718
41.42470
60.23835
67.34785
77.56184
83.78358
87.05213
97.53305
101.69491
3.00250
25.81592
32.89303
50.75541
57.40683
58.92592
66.32525
71.67244
77.28776
92.22901
98.56615
102.89950
106.43523
13.11393
14.27894
23.63240
34.45348
44.40084
51.31660
54.74209
63.66826
70.74507
81.34763
86.59051
88.43957
97.84980
6.50926
16.68344
22.44525
34.01396
48.70523
59.52489
69.35906
74.24988
88.47337
96.10913
98.30531
103.78655
106.81648
8.11605
16.07997
22.59539
31.65161
40.51811
53.74559
56.22538
62.97216
78.01985
84.63041
92.30367
99.01408
101.39768
8.78722
14.20624
18.76979
21.39071
33.55461
43.58635
55.62105
66.18505
91.52134
103.76127
111.05809
125.62291
130.01094
7.44796
22.58012
36.42235
43.67307
55.01175
64.40546
67.75684
69.82651
83.39820
86.11880
109.48803
113.29031
117.73086
6.94906
22.29173
28.35378
32.88410
41.80466
43.31546
51.56084
53.51605
70.36584
73.61531
79.20561
93.85495
115.64533
5.88787
15.65004
26.17836
29.85667
40.41464
45.98091
58.70810
58.85485
81.93816
85.37601
96.71013
108.75289
112.40753
10.44119
13.09879
19.28476
22.36120
36.19702
46.72339
59.42085
71.21822
77.58165
82.62800
92.10891
98.51789
107.69949
7.76090
16.14363
23.27064
28.29805
33.96485
36.87518
53.62695
58.35308
61.56894
68.75176
79.29913
87.04492
90.56060
9.35782
15.17915
25.35239
28.14289
36.63051
47.87907
54.32984
63.66517
74.59890
82.47387
86.53006
96.15510
100.20181
2.94475
12.04040
23.97631
30.19841
41.49248
48.32618
55.87509
60.05072
74.17366
77.70122
98.56182
102.24674
109.89723
10.43397
20.53055
23.52819
30.63494
37.40637
43.99715
49.50720
59.14340
76.64536
102.87640
114.33274
120.86826
122.84027
