2.63131
15.12175
30.90593
32.77613
34.15899
64.68605
68.74720
73.17878
76.97393
81.24056
7.84636
22.80052
25.80659
44.92878
51.96798
102.27422
140.12374
178.67316
190.29151
190.61932
3.03782
9.04494
30.30889
45.47691
59.66844
87.51124
95.08580
104.88712
124.64952
129.37420
26.67851
32.62905
60.64824
67.15899
67.85407
69.02550
107.08060
109.04817
124.53325
130.61175
6.52568
25.01977
32.71652
34.07004
36.97831
40.49434
43.12668
46.38624
65.84788
71.77590
13.41287
43.21927
56.41896
68.57391
74.59254
79.55281
94.16729
114.87528
128.15571
154.45501
15.44772
35.02437
39.09328
42.40376
45.31081
55.20191
77.55643
101.06272
109.45981
118.25149
17.80699
28.55008
30.23133
56.28344
58.67326
61.42548
69.60032
72.66394
80.72485
94.04775
1.72648
14.94213
19.98736
49.88538
58.53962
61.42780
63.44449
80.66491
100.04147
109.32284
3.97325
25.94137
47.20878
59.61859
83.60186
100.08082
107.26247
109.48938
118.80663
122.91393
11.21554
27.32825
37.98616
62.85853
62.45604
91.06272
98.89647
109.71303
111.19616
123.69566
9.34006
17.85787
24.55133
32.42769
33.49969
38.80346
40.06332
61.26091
64.87838
80.44926
6.22730
15.42260
20.48287
32.84070
54.63801
64.14296
76.14343
87.05827
115.24553
146.47473
7.28421
17.17252
22.15854
41.05102
50.34796
52.46724
78.74419
81.20507
103.18218
121.76031
20.76418
23.52911
27.14725
34.40881
42.90593
63.03949
73.12334
75.75754
78.97262
94.12429
13.94662
25.68126
25.59851
39.44255
42.16116
46.71936
51.23628
65.75007
67.54605
71.87591
0.95826
64.03348
74.62243
92.31993
95.26702
104.94115
109.99742
112.34653
123.33662
130.30043
31.68425
36.86032
101.28279
113.04017
136.03848
137.90566
162.25501
162.34064
166.93808
168.45859
50.87432
74.25724
77.91691
92.98846
97.68008
98.63808
106.12207
120.87271
129.38557
140.77316
4.71231
11.85494
13.70534
19.55377
36.06979
38.34144
47.40368
62.53648
65.10679
66.43775
7.17344
19.78944
20.65015
35.19025
47.89251
89.55842
98.76472
133.15571
144.98929
147.14896
6.89570
8.26759
20.44890
28.12303
-1.00000
-1.00000
-1.00000
-1.00000
-1.00000
-1.00000
5.56834
13.38182
27.99701
28.58911
61.27163
66.28368
68.52301
77.31334
90.88719
90.79089
8.63410
25.07041
34.64269
69.67434
69.78188
74.51261
74.53375
77.04889
90.19587
97.40977
4.29545
8.62328
19.64315
43.63443
94.56833
98.59450
109.73347
112.39396
113.59216
136.14680
6.52876
27.75840
31.93788
41.98133
57.05978
61.18585
61.59009
71.95353
80.23138
85.96098
27.65046
45.80306
62.84752
77.71058
79.07934
89.29797
91.24288
91.21201
116.21581
130.03748
6.77319
9.46509
8.67611
16.23329
22.92753
25.29214
67.91457
76.68891
78.84927
106.11199
3.85155
16.50748
27.22817
43.95838
44.14110
62.08624
70.80189
75.12753
78.85267
106.30745
8.01390
19.27427
30.23194
35.90373
36.38994
46.09940
73.72340
81.22214
88.19448
87.60542
17.99856
27.30764
38.49650
56.24214
60.07840
62.89210
71.51446
71.69510
77.64602
77.82088
24.24592
63.49193
64.70954
70.22800
75.86460
97.97571
107.89732
124.15139
124.40772
136.35656
11.70620
20.19165
28.53564
37.37045
49.43101
64.66198
74.69845
76.70404
89.07287
95.65359
8.91811
18.61131
37.66554
41.87238
55.58437
62.83310
84.30788
98.69328
109.65024
136.02669
10.28174
38.42566
48.50426
61.42162
79.33010
103.95668
109.34529
112.45454
122.18169
123.41931
17.72766
41.14767
43.79751
68.87158
89.85294
90.60106
92.81320
94.70597
99.78014
114.47248
3.92885
30.40182
32.38223
46.05282
75.87410
77.37884
80.34496
85.05296
86.06913
92.09967
11.18666
21.71383
36.80239
37.67822
41.67189
45.12811
58.88693
71.30381
75.40718
107.77203
9.97128
28.27705
41.93853
48.53350
55.99350
-1.00000
-1.00000
-1.00000
-1.00000
-1.00000
11.51178
24.93268
38.08663
47.02111
50.86549
61.98665
70.47279
81.81676
96.93579
100.24841
46.08408
49.47298
84.41262
91.75629
97.74480
119.43235
120.92888
133.77488
165.53337
179.31446
18.20891
32.61500
34.75815
41.76961
63.12441
70.20236
77.64396
94.93223
106.02564
115.13077
22.55234
28.09406
29.41933
38.48974
42.68586
47.17877
-1.00000
-1.00000
-1.00000
-1.00000
7.18403
13.59909
34.52769
37.79138
41.16761
54.24856
59.39929
69.69331
71.48010
79.76905
4.25202
22.53588
29.24481
32.41588
55.56829
60.62392
74.30028
84.50760
101.68467
102.04618
10.83633
18.33901
22.50234
24.41603
31.90708
58.06193
67.16198
67.16372
81.82900
91.12681
7.12321
8.04591
16.35865
21.81651
33.97652
34.16066
38.37665
40.46541
49.59029
64.07929
8.14210
13.90860
18.67600
37.03480
39.33776
40.74598
47.15799
60.70718
64.30561
97.09683
3.93005
8.03005
25.51781
26.38654
32.16649
47.36182
60.13859
61.13490
60.99103
77.22115
31.57930
47.63673
62.59464
70.56699
80.66288
84.04284
86.21998
91.22767
98.12047
105.95842
16.95853
34.31809
37.42781
47.36816
61.43605
65.49965
84.57290
98.15346
97.70355
107.23984
13.29964
22.46322
41.83386
44.98724
59.20662
69.23350
83.85990
88.59723
90.26874
96.27593
2.77749
4.24584
9.35495
27.89538
37.70622
46.32405
50.95484
67.44100
82.59231
100.21689
6.23757
15.64196
38.71480
72.79502
76.12650
78.03894
76.78073
76.83455
88.41222
92.58412
10.18286
29.13696
47.80724
48.91626
52.05905
52.90110
69.69725
70.44538
78.10707
99.07404
6.03787
7.77616
10.71922
12.69392
23.08914
25.87349
39.52038
49.16387
63.77630
65.57907
2.10111
7.09506
9.13713
11.00634
19.66292
22.86382
32.81822
48.68638
64.10925
68.94275
32.04097
47.36182
54.64565
62.21782
83.37209
95.86876
108.38712
121.95323
127.07275
140.69872
35.71522
47.68685
48.78974
58.70099
60.42367
67.10544
68.51755
73.24587
82.82046
99.64758
23.11964
31.62720
30.45740
36.85076
54.53316
66.69971
80.24666
88.11551
88.70232
112.22496
14.04474
17.40077
19.31624
32.83321
46.09735
51.75970
62.28028
66.88830
73.74650
82.64251
0.36137
35.92931
55.82649
63.73753
70.97860
73.40680
89.10485
94.47021
99.68856
100.15281
19.56399
26.50877
33.52753
50.14778
55.28405
55.81729
67.24517
77.85425
105.42749
161.59531
62.78575
72.01228
79.84443
81.29102
97.03639
101.81207
101.34284
106.28139
113.48670
123.70994
9.35281
21.01294
57.64553
66.65594
75.95802
77.36796
83.72262
98.49612
100.31029
100.49450
7.83207
20.69618
23.66077
-1.00000
-1.00000
-1.00000
-1.00000
-1.00000
-1.00000
-1.00000
6.67330
12.15098
21.58707
30.93570
33.43492
50.66251
52.78799
78.77478
91.71666
113.91875
2.04766
6.42808
16.88101
18.36793
29.92559
30.54542
46.39127
46.64955
61.42368
88.67983
1.34132
24.04155
33.19833
54.95691
64.85184
89.01279
99.65892
154.93980
171.14901
171.03815
13.08791
23.27341
55.37969
62.30438
75.07352
90.48376
105.85685
117.64902
126.61631
127.21715
3.39795
8.12864
19.04713
31.41089
38.16134
39.57016
40.78534
46.06479
50.59622
64.37055
10.67599
38.46302
53.37652
94.34336
101.19396
106.32100
116.67438
140.18950
143.27155
144.21808
0.55933
1.77589
19.11530
34.18779
40.74121
42.11972
44.33377
57.43286
76.58949
119.79836
12.81019
13.88791
20.64155
24.46628
30.04642
48.81551
54.79860
58.83341
70.12732
79.65606
4.90753
9.48685
20.84341
26.20860
33.66749
44.57346
46.09126
47.08001
51.58909
58.00792
12.05096
38.40150
47.11208
62.40277
78.97281
97.04613
105.69777
114.25947
128.04746
145.36527
10.96508
50.39956
82.94010
86.80277
97.62219
99.77987
122.32613
125.09032
131.29168
154.90445
6.29016
7.61019
13.14679
19.25274
21.49500
24.05767
24.69818
24.70745
27.73957
39.99263
7.15013
19.06796
43.93490
54.09901
81.64340
87.58273
95.45313
101.62071
112.42989
115.09571
4.82124
43.82014
45.16794
53.80890
65.42644
69.13216
73.04627
112.44804
115.17797
146.29048
3.62324
28.59023
28.83753
31.63174
31.96524
37.36071
64.36530
76.27262
79.82767
90.41878
6.74144
11.93149
14.48638
26.91176
26.47945
33.28459
72.45218
77.15826
82.27966
108.69160
20.48793
26.12734
32.51889
45.43885
52.60252
53.19046
56.62406
70.47747
103.63908
122.59616
23.01153
35.92538
38.00645
45.15608
47.46653
47.62917
63.87890
79.50567
102.39082
115.52814
18.23290
20.18327
21.52416
25.91771
47.17568
48.71788
54.74935
77.39711
95.61241
104.54120
6.82778
7.03230
40.05459
48.71590
60.28362
66.48554
70.00996
104.27998
110.72569
134.22349
10.80706
25.11408
33.26630
40.27240
45.24405
69.83295
80.69682
86.26908
95.40157
102.45316
6.44977
12.12306
13.69338
27.40676
36.14458
45.32804
59.55525
67.24729
71.78467
80.27179
7.54346
17.38936
20.91820
23.13219
23.86908
38.58869
48.32860
51.37918
65.66415
73.69310
17.76658
28.09307
32.26879
32.77806
33.13848
37.30290
43.10475
64.83557
66.58163
107.83421
7.79364
28.89800
45.90869
64.86528
73.18734
96.48767
103.48328
109.82888
110.97196
111.97761
50.38615
55.61806
71.24450
85.55132
86.17913
100.51051
144.41105
144.87306
145.08372
148.66259
10.11001
16.37295
26.51440
32.02512
39.01134
40.78071
79.06959
88.87825
88.94723
106.85574
10.59274
12.74830
18.19511
21.57716
22.41538
23.20037
34.83219
45.28447
57.44790
75.90466
5.89761
20.04816
35.75365
61.81036
78.77580
83.87828
84.67978
87.48117
93.99477
97.73552
4.03051
7.30212
20.35914
29.45261
55.53104
64.07567
80.37737
91.80430
94.42146
108.92185
13.69105
21.98652
40.23253
60.50550
63.63113
67.45312
95.33767
101.18891
108.30824
112.22032
9.70485
36.20998
42.49731
58.91434
66.30737
76.62970
94.23471
99.46927
115.50962
123.85410
8.36795
15.16997
27.01201
31.10416
40.39093
43.05993
49.80861
70.70773
74.49624
76.43955
8.32007
14.77127
18.69145
37.72236
38.36964
44.94128
68.14000
78.44251
87.09438
98.83863
