3.32641
12.62798
22.11980
33.87916
49.94532
2.26898
34.20861
38.16056
71.33307
79.58015
4.75050
14.26037
18.01022
26.82348
32.21479
10.84309
17.25819
44.63107
55.37019
59.16884
15.40631
16.77319
28.95673
64.35998
69.15538
0.06646
15.70650
30.82084
35.87325
45.20000
30.12600
37.17240
38.34213
44.22352
52.13210
4.77410
16.98320
32.18429
47.92981
77.01953
8.70504
13.13247
58.46690
68.85175
64.08270
20.11489
26.48716
27.29728
30.20079
34.59782
6.78557
17.55345
28.98908
45.11651
53.71261
16.53345
28.27462
36.45515
51.60951
54.20171
6.57341
10.05124
17.12373
20.17925
26.23790
9.29844
21.41263
27.47391
32.91949
39.72507
17.16964
31.79759
43.90071
56.81363
68.63544
10.91641
25.82802
30.06582
32.67996
-1.00000
2.21567
13.70150
17.72439
18.79379
32.85600
21.94746
30.70396
41.33784
54.35389
57.63957
2.18669
15.35735
33.65393
39.31276
44.97010
5.45030
13.06916
25.82097
39.62739
55.58340
25.75637
35.11772
56.72499
63.01093
66.35188
7.41727
16.99101
27.73323
44.00715
52.39805
4.98056
12.77136
15.76925
21.77783
27.58426
1.33404
3.66520
19.14202
34.25462
46.16158
11.46334
24.05504
35.08174
44.00743
56.06600
16.03293
25.47087
35.57306
42.31090
50.97419
9.33309
26.06318
50.50341
67.47514
78.37025
4.29986
31.55016
33.15608
44.94115
47.54438
3.89104
9.05075
19.07418
51.04661
65.21434
21.65065
30.14285
31.71569
38.02767
46.98578
10.03368
18.99411
23.95274
36.35186
36.69103
7.41519
13.05929
26.69973
38.61379
39.36461
16.53168
22.74958
24.38428
37.44951
45.28428
5.86233
7.23627
10.15648
36.32707
37.54887
7.69539
12.18706
31.85148
34.73220
45.57704
12.89612
16.70839
26.06956
28.74266
43.95890
4.44283
7.71717
16.43989
26.57872
30.92523
19.10619
27.66648
29.93938
41.88250
50.42119
14.20232
22.13616
47.64416
71.26425
76.15160
4.54807
15.16984
27.86362
37.77886
59.91680
1.59119
5.34063
7.08141
26.48260
39.11846
13.11258
25.52235
30.26576
30.92338
38.04140
12.63699
23.07269
30.90816
34.56575
44.93847
11.98753
18.12241
27.18617
43.21102
43.53152
13.40859
14.88569
16.12369
41.81561
59.72698
12.29353
17.36835
35.90935
47.35055
56.43625
7.41929
19.47837
31.04121
33.87429
38.19929
0.74177
16.91025
36.77863
56.27266
57.53029
13.40406
23.00363
34.02648
42.82139
44.00225
11.56581
40.31453
43.59370
44.72895
56.52960
7.21526
14.46513
22.67385
30.18956
36.43313
9.72133
15.19737
19.37041
26.11903
40.68628
22.49374
26.28346
28.07365
53.18958
53.76868
13.74637
25.64381
35.04140
38.35812
44.59632
17.19563
28.86192
50.18231
57.39615
59.91646
16.77043
20.77873
22.53387
28.24399
28.42715
17.77770
36.96393
50.05673
51.77109
68.95002
8.74608
17.20417
20.39395
35.49235
47.10457
6.68713
6.67574
14.85724
15.21479
16.89669
4.82072
14.05782
14.87806
27.18373
32.87701
21.59395
34.97634
40.80302
55.54656
61.31835
13.44054
26.59853
34.20521
51.65245
51.82028
7.10078
23.15080
32.50203
38.86805
42.58448
2.91154
8.77285
9.52644
18.00232
27.01476
7.18284
18.65884
32.57322
50.36733
61.84900
10.62242
26.75198
44.52736
47.66195
52.12674
3.11101
3.81043
11.54270
19.10380
34.42772
5.27179
13.39816
16.30526
26.47518
39.78837
25.42330
35.87625
40.37358
42.00716
51.62546
9.58985
14.09531
22.50737
34.45905
43.68457
6.20533
7.98322
14.42555
31.15871
40.04775
4.98362
19.27185
20.56259
27.82403
42.95286
14.14679
23.08512
32.16512
46.34186
53.27369
7.17614
10.53739
14.11984
16.15878
40.59030
8.40700
28.73892
36.36802
48.03696
51.89200
4.24275
9.06350
19.70498
23.81311
30.79172
10.57246
14.29091
20.79064
29.72239
43.87022
7.83515
9.22313
22.99886
44.77747
61.23463
13.42198
30.11682
36.07114
54.07006
55.20905
5.91625
10.18762
35.14810
44.84679
46.74095
16.68113
25.55954
30.02720
34.67297
44.51824
9.08548
13.27051
15.83655
23.11327
39.54599
3.83565
22.82388
42.55946
63.62754
70.59688
4.65981
13.71783
32.24154
40.66905
44.80229
16.66579
21.91435
28.34527
36.80256
43.35298
9.47129
19.82494
21.24206
28.65640
37.24996
12.75667
23.30742
28.88054
45.12410
57.96183
17.16009
20.50454
24.10386
27.36292
50.63747
16.92477
23.96093
26.38799
34.04407
41.17731
20.22724
22.21784
37.27358
41.24289
45.37890
3.44165
22.54838
29.27880
56.54077
62.86850
7.34893
21.17662
47.97172
52.17638
63.00474
10.29368
20.52289
32.98558
36.29387
50.30849
7.80640
18.04015
31.04921
32.49961
35.06124
6.28834
20.74577
22.81117
30.84807
35.56568
9.76495
15.69849
27.11334
32.19218
35.38081
5.48919
11.85046
18.58193
23.40305
30.80399
5.74849
27.85389
36.20999
45.41726
46.61191
8.75845
15.73728
32.51437
46.62894
58.10891
2.38265
18.88750
26.42734
51.43996
77.41115
