2.63131
15.12175
30.90593
32.77613
35.12491
65.65197
69.71312
74.14469
77.93984
82.20648
7.84636
22.80052
28.57118
47.69338
54.73258
105.03882
151.29932
192.64302
204.26137
205.63894
3.03782
9.04494
30.30889
45.47691
68.73387
96.42246
103.99702
113.79834
134.80227
143.19516
26.67851
35.50249
63.52169
76.59744
77.29252
78.46395
118.00770
123.28413
138.76921
144.84771
6.52568
26.49005
34.18679
35.54032
38.44859
41.96462
44.59695
48.64763
69.67486
75.60288
13.41287
43.21927
56.41896
68.57391
79.62974
87.90100
102.51548
123.28663
136.31807
164.22372
15.44772
35.02437
39.09328
42.47479
45.38185
56.07205
78.45125
105.88333
117.40203
127.42974
17.80699
28.55008
30.23133
56.28344
58.67326
64.01099
72.18582
75.24945
86.92469
100.24759
1.72648
14.94213
20.41071
50.30873
60.21526
64.47962
66.49630
84.47001
103.84657
113.54833
3.97325
25.94137
48.45425
68.80651
92.78978
109.26874
116.45039
118.67731
130.40999
134.51728
11.21554
27.32825
37.98616
62.87917
70.53164
98.45834
106.29210
117.10866
119.39938
134.96457
9.34006
17.85787
24.55133
32.42769
34.29810
40.32052
41.58038
62.77797
66.39545
81.96633
6.22730
15.42260
20.48287
36.91605
58.71337
68.21832
81.41696
93.66811
134.05082
165.28002
7.28421
17.17252
22.95956
49.20513
60.65183
62.77111
88.53075
90.99162
118.38267
136.96080
20.76418
25.69007
33.75217
41.01372
49.51084
71.23866
84.95317
87.58737
90.80245
106.15491
13.94662
28.08513
28.86380
42.70784
46.49857
51.05677
56.59380
72.17039
75.46024
82.05727
0.95826
64.03348
74.62243
98.93060
101.87769
111.55183
116.60810
118.95720
134.51090
141.47471
31.68425
36.86032
104.27938
120.50509
148.02420
149.89137
178.48120
178.56683
183.16427
187.90486
50.87432
74.25724
77.91691
92.98846
97.68008
98.63808
108.45799
128.12717
140.68595
152.07354
4.71231
11.85494
13.70534
19.55377
36.06979
38.34144
47.40368
63.29760
65.86792
67.19888
7.17344
19.78944
20.65015
35.19025
47.89251
89.55842
99.58648
133.97747
146.34310
149.54208
6.89570
8.26759
22.90472
31.15926
51.83327
72.03068
88.17161
122.10727
122.71624
157.43194
5.56834
13.38182
27.99207
28.58417
61.26669
66.27874
68.51807
77.07499
90.64884
91.08579
8.63410
25.07041
34.64269
69.67434
74.65054
80.04272
80.06386
85.21888
101.75549
108.96940
4.29545
8.62328
19.64315
44.86333
98.98154
103.00771
114.14668
117.00872
118.20692
144.26689
6.52876
27.75840
31.93788
47.03010
62.10855
70.27075
73.00880
83.37224
91.65009
97.37969
27.65046
46.45934
63.50380
78.12685
79.49561
89.71424
92.45139
93.86904
125.33363
139.15530
6.77319
11.94685
16.18236
23.73954
39.23389
41.59851
84.30180
93.88677
96.04712
127.35375
3.85155
16.50748
27.22817
44.31349
44.49620
62.44134
71.15699
78.86420
85.80016
130.50276
8.01390
19.27427
30.23194
39.16554
41.88070
51.59017
79.21416
86.92406
97.41907
98.49704
17.99856
27.30764
38.49650
56.24214
60.07840
62.89210
71.51446
71.91320
77.86413
79.87087
24.24592
66.79559
68.01319
75.05359
80.69019
107.02260
116.94421
133.19829
133.45461
146.86635
11.70620
20.19165
28.53564
37.55686
49.61742
66.26124
76.29770
78.30329
90.75652
99.06377
8.91811
18.61131
39.58673
46.80084
62.76554
72.27349
97.33313
111.71852
122.67548
149.15344
10.28174
38.42566
48.45239
64.05931
81.96778
109.83087
117.58065
120.68991
131.17379
139.21005
17.72766
41.14767
43.79751
68.87158
89.60143
92.51283
96.63639
101.75014
110.13458
125.90761
3.92885
30.40182
32.38223
46.05282
77.81816
79.32289
82.28902
90.04462
93.50073
102.93984
11.18666
21.71383
36.80239
38.60348
46.71390
50.96732
64.72615
90.13741
94.24079
127.01870
9.97128
28.27705
41.93853
48.53350
55.99350
58.42904
71.67740
77.78303
78.97130
88.37106
11.51178
24.93268
38.08663
49.20194
54.35443
65.47560
75.08303
86.42700
101.54604
104.85865
46.08408
49.59397
84.52291
94.04146
100.02996
127.11705
128.61358
141.45958
173.21807
186.99916
18.20891
37.56637
39.70952
46.72098
70.90438
77.96475
86.31017
104.25145
115.34485
124.44998
22.55234
28.09406
29.41933
38.48974
42.68586
47.15392
66.17845
74.60717
79.44610
84.05586
7.18403
13.59909
34.52769
37.79138
41.16761
57.15690
62.30763
72.60165
74.85799
88.06124
4.25202
22.53588
30.92127
34.09234
57.54712
62.60275
79.38044
90.82267
108.16684
112.42232
10.83633
18.33901
30.55124
32.46493
41.70887
67.86372
76.96377
76.96551
91.63079
100.92860
7.12321
8.04591
16.35865
21.81651
34.56016
34.74430
38.96029
41.04905
51.94884
66.43784
8.14210
13.90860
18.67600
38.57222
40.87518
45.22981
52.15637
69.29997
77.76980
120.72922
3.93005
8.03005
29.20187
32.04063
37.82058
53.01590
66.59018
68.78142
69.89286
87.87090
31.57930
47.63673
65.77095
73.74330
86.83791
90.21788
92.39502
97.40270
105.96406
113.80201
16.95853
34.31809
37.42781
47.36816
61.43605
66.83776
85.88655
99.46712
101.97952
112.44686
15.50047
26.43148
45.80212
51.69908
65.91846
75.94534
90.57174
98.70035
100.37186
106.37905
2.77749
4.24584
9.35495
27.89538
43.64560
52.26342
59.76588
76.25203
91.28147
108.90605
7.34965
16.75405
39.82689
73.90710
81.57610
88.81964
94.52357
97.65744
109.23511
113.40701
10.18286
29.13696
47.80724
48.91626
52.05905
52.90110
69.69725
70.44538
78.47918
101.19269
6.03787
7.77616
10.71922
12.69392
24.04547
30.41892
45.24589
55.77911
79.04564
82.48919
2.10111
7.09506
9.13713
11.00634
22.87225
26.07316
36.02755
53.11603
69.72420
74.55770
32.04097
47.36182
54.64565
62.21782
84.11777
98.54969
111.06805
124.63416
131.25859
147.85976
35.71522
47.68685
52.64317
62.55442
65.89392
72.57569
77.42105
82.14937
97.03270
113.85983
23.11964
31.62720
32.00241
41.18998
61.56813
73.73469
87.28163
96.99513
99.43562
122.95825
14.04474
17.40077
19.31624
33.39749
46.66163
52.32398
62.84456
67.45258
77.47308
86.36852
0.36137
35.92931
55.82649
63.73753
76.36386
81.54846
97.24651
105.52789
115.73662
135.02500
19.56399
26.50877
33.52753
50.14778
57.02039
57.55362
70.18033
80.78941
108.36265
184.61048
62.78575
71.97401
79.80617
81.25276
96.99812
112.28528
112.42330
117.36185
126.10143
137.16781
9.35281
21.01294
57.64553
66.65594
79.05406
80.46400
86.81866
102.68065
105.92300
106.10721
7.83207
20.69618
23.66077
72.51888
77.58693
91.76522
120.76712
123.37947
144.17601
164.69064
6.67330
12.15098
21.58707
36.17585
38.67506
57.52161
59.64709
85.63388
100.01403
122.21612
2.04766
6.42808
16.88101
18.36793
29.92559
33.91726
51.95294
52.21122
68.69514
99.22363
1.34132
24.04155
33.19833
56.81995
66.71488
95.80344
109.14375
164.42462
180.63383
181.65169
13.08791
23.27341
55.37969
62.30438
74.98401
90.39424
107.33795
119.13012
128.09741
129.53781
3.39795
8.12864
20.99323
33.35698
40.10743
44.43084
45.64602
50.92546
55.45689
69.23122
10.67599
38.44740
53.99135
94.95819
101.88017
107.00720
117.36059
142.44496
145.52701
146.47354
0.55933
1.77589
19.11530
34.18779
40.74121
42.11972
48.66354
65.40721
84.73709
127.94595
12.81019
14.83194
21.58558
25.41031
34.40056
53.16965
60.16593
64.20073
81.73989
91.26863
4.90753
9.48685
20.84341
26.20860
34.11964
45.02561
47.13621
48.12496
52.63405
59.22079
12.05096
40.71170
51.95478
67.24546
83.81550
108.30354
116.95518
125.51687
139.30487
157.98025
10.96508
50.48511
83.02565
90.31557
104.12176
106.27944
128.82571
131.58990
137.79126
161.87085
6.29016
7.61019
13.14679
19.25274
21.49500
24.05767
27.94297
27.95224
30.98435
43.23742
7.15013
19.06535
43.93230
54.09641
81.87353
87.81286
95.68326
101.85085
113.97359
118.89805
4.82124
43.82014
46.84658
56.31955
67.93709
71.64281
79.87728
119.27906
122.06828
155.12143
3.62324
28.59023
28.83753
31.63174
31.96524
37.36071
64.36530
78.69091
82.24596
92.83706
6.74144
11.93149
14.48638
26.91176
29.27783
36.08297
78.33266
86.78566
95.42037
130.20442
20.48793
26.12734
32.51889
45.43885
52.60252
59.27627
65.00545
80.78840
113.95000
133.15747
23.01153
37.86277
39.94385
47.09348
49.40393
49.74493
65.99466
81.66091
104.54606
117.61154
18.23290
20.18327
21.52416
25.91771
47.17384
48.71604
56.21586
78.85963
98.57749
107.50629
6.82778
7.03230
40.12900
50.34263
61.91036
68.11228
71.63669
108.09980
114.54551
147.54357
10.80706
25.11408
33.26630
40.27240
53.01245
77.60135
88.46522
94.03748
114.60601
121.65760
6.44977
12.12306
13.69338
27.40676
36.14458
45.32804
64.61572
72.30776
76.84514
86.32920
7.54346
17.77784
21.30668
23.52067
24.25756
40.51814
50.25804
53.97558
68.66160
76.69055
17.76658
28.09307
32.26879
32.77806
37.28604
44.55355
51.16562
74.37257
76.11862
128.34120
7.79364
28.89800
45.90869
64.86528
73.18734
96.48767
104.90805
113.25095
114.39403
116.75262
50.38615
55.61806
71.24450
85.55132
86.17913
100.51051
144.41105
144.87306
145.85512
149.43399
10.11001
16.37295
26.51440
32.02512
39.01134
45.73929
87.30053
97.10919
99.55972
119.64131
10.59274
12.74830
18.19511
21.57716
22.41538
23.20037
35.74735
49.49920
61.66263
80.09363
5.89761
20.04816
35.75365
61.81036
78.77580
83.87828
84.67978
87.48117
93.99477
97.73552
4.03051
7.30212
21.60212
30.69559
56.77352
65.31815
84.06793
96.67192
99.28908
118.54167
13.69105
21.98652
40.23253
60.50550
65.17423
70.47481
98.35937
114.11023
123.89532
127.80740
9.70485
36.20998
43.14918
61.86726
69.26030
79.57966
99.71716
104.95172
120.74171
129.08618
8.36795
15.16997
32.31280
36.40494
45.69172
48.36072
55.10939
78.30427
82.09279
84.03610
8.32007
14.77127
18.69145
37.72236
38.36964
44.94128
69.95599
88.22538
96.87546
108.61971
