6.42170
10.25738
15.96749
20.86435
28.05576
34.31478
44.73876
49.89459
56.23689
63.11328
67.96852
74.17730
77.38277
80.07112
84.13607
88.29309
91.33280
101.70248
108.49772
118.65919
122.58148
2.31544
4.55248
6.56915
17.21959
24.29742
28.56630
36.28867
45.17775
45.42173
52.67821
58.68689
62.25100
63.34511
68.19819
71.35994
75.25839
80.82282
86.15176
88.37037
90.77678
95.72614
6.43326
12.07542
17.15975
24.66707
29.57975
34.89059
41.60515
49.62904
56.49633
59.93165
62.48573
68.01638
71.51986
78.03776
83.05621
84.21458
88.33779
95.57488
99.82025
106.91773
112.52424
3.95250
4.88876
10.06869
11.44834
13.81856
23.08153
26.08168
30.47356
33.72315
35.03716
40.48319
51.73700
58.77872
63.01245
65.81295
72.91947
77.88064
81.88776
90.17592
93.20264
106.86424
4.20351
8.74833
12.62834
21.85186
24.51023
30.36887
35.84122
41.38447
42.09883
45.62610
51.54285
57.06378
63.40139
71.28079
73.41047
80.79136
84.95923
91.09339
96.25167
98.01168
101.39891
8.10633
12.24706
21.50141
35.31974
39.09030
46.70156
53.47217
68.57767
70.86733
72.49964
79.79769
84.98563
86.15400
94.57917
96.28314
102.34164
109.17295
110.39103
115.98502
122.30094
123.18259
3.60454
9.50725
17.57281
21.70785
27.92271
36.20799
44.26646
53.83039
54.03482
59.74839
66.22879
71.20297
75.94816
79.58784
85.62883
91.26432
97.72448
98.23461
99.25505
102.90890
105.82619
8.12090
17.49630
24.45588
28.06870
35.67836
43.44021
50.23504
53.53665
62.04013
66.18939
70.46250
73.48848
77.61304
80.53169
83.64633
86.21195
90.30587
91.18988
94.53634
96.84050
99.81516
9.71171
12.92400
25.50625
29.76697
33.93585
45.53026
48.00582
54.17408
57.64250
58.93733
63.84240
68.47816
70.81535
79.09952
85.29031
86.77909
90.30259
92.02527
95.73412
102.81591
107.15982
7.66452
12.22337
16.97651
29.04330
31.39404
35.76387
40.29184
47.28454
50.04653
55.89897
61.57681
65.91764
69.64339
77.77191
83.58753
88.93638
94.85288
99.97226
101.64644
104.41633
109.18629
5.07732
14.87693
18.10896
24.70155
34.68784
42.80312
47.77362
52.92222
55.64072
66.70716
72.33366
77.38567
81.25092
83.59619
89.68005
90.61317
98.01760
103.66281
110.07186
117.18543
120.61116
4.11021
10.07913
12.80587
15.54635
17.44481
24.28681
27.25629
28.08872
35.79242
37.42018
41.37016
45.07323
48.13090
59.40929
62.82194
64.77128
70.34710
76.35311
79.81708
79.38247
90.15860
10.77576
17.73535
25.26165
28.74378
33.69172
40.01692
45.26734
50.90720
59.23741
62.61999
64.95504
67.09750
70.37092
73.43339
78.44370
84.43891
91.85840
92.96050
97.83021
104.82022
111.06921
2.26087
13.16212
15.22234
19.03902
27.39607
32.58146
36.33393
47.39113
56.01029
63.15053
66.09020
69.89258
72.53892
80.58833
82.43262
90.07386
97.35547
103.03566
104.85441
117.04480
121.62909
7.27238
14.90738
18.33935
25.88506
31.59783
35.66322
40.75701
43.34926
47.77139
52.19045
56.50140
63.15378
69.15593
72.40971
82.06170
83.50403
85.30109
90.08826
99.47024
101.11971
103.08700
9.41962
21.30277
32.28415
35.84141
39.56931
47.34587
48.49608
51.37018
55.33706
60.73602
66.03176
70.48422
83.64462
85.23938
92.55679
95.02500
99.85765
106.45433
115.50853
116.87398
125.69174
5.35178
12.42245
21.48658
27.81364
35.02964
43.35527
46.85552
56.63808
60.59630
63.04948
72.09005
75.22904
83.28078
88.19773
94.23075
99.25979
100.29874
103.84136
108.08495
110.69032
119.01670
3.27566
8.10463
12.42566
14.93679
20.22253
28.53082
38.15818
43.09849
48.07728
51.28192
53.97936
60.75751
63.22569
67.94209
75.02958
77.93660
84.06822
87.76068
95.01604
105.06222
110.59185
3.89493
9.23181
15.15842
21.45579
25.78527
28.29231
33.37612
35.49443
39.54205
42.85147
48.00994
60.51613
68.01256
73.31468
79.99282
84.86264
89.35950
95.89917
100.76888
104.21444
104.13901
5.57440
11.76911
20.13309
28.66867
30.16407
36.95218
37.49610
41.56788
44.42243
50.61815
54.20848
58.25693
62.86259
70.28919
73.40989
76.00353
79.22009
81.86110
85.77361
92.09618
102.11706
12.53151
16.89788
27.07239
36.18718
39.67083
46.07257
49.52426
63.80615
64.06987
70.40912
76.83153
83.19779
85.51646
95.33372
96.51052
99.53714
102.67691
109.95706
115.56350
120.34268
128.06434
6.73700
13.06707
14.39876
25.35915
31.21879
41.27273
45.37965
53.67856
57.36617
64.73305
67.53911
73.49115
80.25238
82.70851
85.15128
89.93232
93.70769
100.13638
102.87019
105.20424
108.34798
7.33242
15.02490
19.79610
24.74840
34.02773
38.67475
39.37087
41.07447
49.95301
56.55941
64.51531
69.74736
72.40800
77.41390
83.59658
93.62614
100.56034
108.44912
112.28335
117.68793
119.31525
4.32746
5.12054
9.33280
18.40300
21.60851
31.73138
38.63965
42.43089
50.64934
58.59511
63.29938
68.63238
72.25056
75.79189
77.36550
87.78849
91.01903
105.49336
108.99191
114.13569
119.34104
7.66354
11.76745
17.74483
22.08717
24.99801
31.30093
40.56874
46.19740
49.43267
54.76534
64.67075
73.80608
80.37802
85.34030
91.08011
95.28436
92.04909
96.83342
103.20821
110.56052
115.19738
1.95634
7.37475
16.66367
22.74873
24.15668
29.37092
33.62061
38.52941
45.82150
52.16477
63.86231
69.76681
79.30574
87.47838
96.45455
102.66199
112.59295
115.66924
117.89616
120.92560
125.47950
5.51518
8.57997
11.59695
16.82968
25.38445
27.61392
39.36765
41.92207
49.69678
50.71021
55.29168
58.56584
62.20316
68.64233
72.72357
76.47381
77.91684
85.31457
91.46726
92.41088
93.63179
2.97200
5.28754
10.98236
18.79758
21.66736
26.73659
30.59987
36.38274
39.91526
46.47038
52.14504
54.93737
56.83731
62.16670
67.06773
71.96986
78.35570
82.02892
88.38729
96.77742
99.19891
2.09640
8.93407
10.79424
16.80849
26.79213
32.86737
37.93248
42.41461
46.55550
56.74064
62.43173
66.74545
71.90698
77.68390
85.01010
92.97959
95.82542
100.56145
106.35895
109.74095
114.19406
7.44996
18.63417
23.83323
26.99632
28.91780
35.85008
40.02750
42.23700
45.79748
51.36932
53.50296
57.13188
59.07821
64.26521
70.20645
76.52838
80.85462
86.70828
87.93457
93.28824
95.92067
4.17970
12.19101
16.75728
25.37373
32.98377
43.17999
49.35613
53.22965
60.18727
64.98648
68.16614
70.94219
75.09163
75.38084
86.21649
92.69121
93.70674
104.91983
116.10814
116.84181
124.14987
13.09519
18.23619
27.66794
34.54739
39.45535
45.41781
49.67990
56.33077
59.37333
66.21008
75.02537
78.30063
85.21447
88.42467
94.05456
99.25709
107.21806
111.67365
115.25753
122.86062
132.26289
6.29772
14.23438
18.93515
21.51160
33.72217
44.44303
46.31175
53.74090
61.35457
62.69133
66.81627
69.15558
79.38780
80.66566
84.30460
90.23898
92.28716
98.10487
103.38851
110.43018
120.85875
5.53653
13.86324
23.17244
27.93888
30.80451
32.67996
36.01395
42.44083
44.92435
46.86879
49.04435
54.22308
56.66137
67.60556
73.65594
81.90155
84.18108
92.16645
98.45518
104.55240
111.98335
5.08519
9.44465
14.66920
20.66824
23.48182
32.19935
37.08707
46.42332
52.15443
54.79226
60.01606
62.08757
64.01625
68.68776
74.61681
77.25473
81.45395
90.30672
94.95066
95.66371
98.66895
6.95431
10.91072
15.43170
20.80617
30.85804
33.38737
38.66530
44.71167
48.13587
53.06396
65.71418
68.84191
76.30378
77.58561
78.33902
86.19335
92.63992
95.31139
100.80149
101.95956
103.11457
9.73331
15.54605
21.12815
30.45703
32.00330
37.43724
41.30143
47.38998
49.41886
56.90519
62.89093
66.90162
68.74665
70.73660
76.98259
84.53856
87.72157
92.00870
94.02420
98.95259
102.03662
2.00267
8.61231
16.49027
21.89382
31.21742
37.97874
46.11926
49.11560
52.76012
59.90999
65.54805
69.63371
78.25559
90.85948
94.98679
100.58051
104.59999
107.03605
111.62756
117.35061
119.94105
3.45724
13.98183
19.22049
23.45288
27.13648
33.30508
40.43390
46.12444
55.08723
58.01981
61.79123
64.96307
67.82078
74.99329
75.00022
75.68872
83.56742
90.73160
96.55653
98.85969
105.76545
6.54959
14.78869
16.76681
22.55592
29.96017
39.33284
43.24517
53.32054
59.42286
61.01844
70.36568
72.69928
81.23911
84.47433
91.44677
93.02204
102.54911
109.70163
116.74364
118.26172
123.89152
2.61111
5.42838
12.38716
18.57179
22.83317
25.68391
33.07459
41.85717
44.96778
47.52932
51.15593
56.39119
60.77725
64.30857
68.22277
73.93962
77.13215
85.50086
90.10166
93.17685
94.93222
2.90047
6.56153
11.37778
14.40300
17.82629
21.09558
24.60953
31.39762
38.99702
44.49689
46.60785
55.07858
57.63383
59.89761
63.17688
67.60690
74.11923
81.88146
86.67337
90.41311
101.04746
9.72196
17.46657
23.86886
27.93882
35.49780
41.97454
49.18788
54.90758
60.68680
67.67146
68.93043
73.85250
76.50195
81.68275
84.30395
94.43101
105.78965
114.67042
116.85848
125.66947
130.33597
3.59640
7.33976
10.84708
15.98653
26.50609
30.35992
34.22946
37.81130
41.87586
46.13959
53.22571
55.94261
60.40582
62.51625
63.60666
69.58237
71.78491
78.40784
82.27096
85.93476
90.75820
4.85673
12.41585
16.49929
23.16215
31.29500
35.18643
36.64610
44.22161
47.40848
56.22008
65.81423
72.48176
73.93559
76.33882
80.27829
84.65024
87.07034
95.63391
98.95580
107.76732
110.60485
5.56438
14.72045
16.13312
20.81138
23.27887
27.12213
31.19902
42.03318
45.74986
52.22532
58.41203
66.47337
72.44161
76.56721
80.44647
85.93694
91.70323
97.50267
105.53337
111.85644
112.90186
4.25515
11.24773
14.40015
16.94652
22.94035
34.84873
40.07826
48.10177
53.08607
60.70245
74.99090
78.97326
83.98914
91.93705
94.46154
99.88741
104.64984
108.67604
117.39600
123.78280
126.47841
6.25337
16.72315
22.07046
27.18612
41.39734
45.97709
46.37931
51.11067
57.77703
63.77998
68.01405
73.50062
79.91862
82.73527
88.28560
90.81903
94.28398
99.28151
104.22407
109.70297
113.36660
9.54723
20.68217
25.12142
30.29156
34.58591
39.00490
51.69260
55.63801
59.22380
65.90475
72.98692
74.20689
80.53909
90.52170
93.88349
99.38303
99.55950
109.46872
122.95147
127.21815
132.33573
4.91347
11.29916
12.58613
19.06739
21.91029
26.27990
32.48395
37.15499
41.34336
44.58408
48.24677
59.14291
64.25907
72.14450
79.40554
93.62326
97.64346
108.16980
113.13557
118.66291
128.65644
3.99691
10.28102
13.14292
16.41562
25.59145
32.27875
38.02025
48.71348
51.50374
57.29590
61.41931
62.92588
66.58017
85.37315
97.35199
101.28371
105.56422
108.14372
117.59368
122.49661
128.28045
5.98009
14.66564
20.37725
22.93610
32.53164
39.41890
46.82178
50.29473
55.25515
62.36731
65.16725
76.13144
85.84344
85.97633
91.41135
96.46379
102.10855
106.93462
115.95085
123.29932
130.66536
6.98303
9.60147
13.93065
21.24037
26.48360
33.06750
38.84787
45.78531
50.66004
54.04953
57.87748
60.14157
63.61395
66.97589
67.55213
73.59529
76.25251
80.39515
83.32973
85.16543
92.23982
2.69058
9.13459
13.30256
21.17775
27.84946
33.30457
38.35301
43.22484
56.77514
61.29448
69.76772
75.67689
79.27770
83.96691
88.37739
96.58624
102.00788
106.69103
114.61306
116.80738
120.48409
5.42172
18.44911
27.03583
33.21404
36.70516
41.89453
43.13543
48.13092
56.00745
61.82031
68.12102
71.58424
77.16573
85.69013
87.85561
88.53426
95.38121
97.53917
99.14193
104.38000
112.06848
4.49924
8.99440
17.51731
21.35813
32.45786
40.36664
44.76756
45.94076
55.27757
59.85481
68.95030
76.83594
80.47316
84.79796
88.44465
91.17312
98.69015
101.97505
107.64864
110.82068
116.51809
5.52124
17.30432
22.77327
25.93082
32.82340
40.13543
48.87534
51.11511
54.16986
60.84405
62.65214
67.57185
76.31415
77.71417
80.59288
81.99660
88.78571
93.77145
100.64804
104.98420
110.51244
3.05206
7.06454
12.00124
15.37985
19.56114
20.38541
24.30397
29.78140
36.01327
43.60282
48.42149
55.34947
58.52017
64.14944
69.38425
74.90205
80.70326
84.45965
97.21288
99.18239
102.40069
2.96123
9.07739
14.60467
21.31430
24.92503
28.65624
34.06468
39.45648
46.24472
52.63328
56.33809
60.20566
65.18260
67.77913
73.95824
78.42653
85.35416
89.96682
91.84285
96.68146
99.53967
7.25305
24.08027
30.83574
48.15549
50.74642
57.89761
60.30559
61.32156
67.61245
71.09657
77.33247
84.53897
85.91263
95.62759
96.43783
99.66310
104.55798
106.21023
113.81434
115.50205
118.80158
6.67123
14.80022
18.99189
22.95167
28.34152
38.78844
49.33156
60.07719
61.87653
67.53531
74.63836
82.73844
89.04095
94.42826
101.04186
106.95044
115.19300
118.67843
124.19919
126.35318
133.39948
10.05531
14.57244
16.87557
23.07218
24.92324
28.42222
35.46685
40.80665
46.03177
52.77526
56.45040
62.58036
71.30267
75.20308
76.75535
82.84416
86.65490
88.97224
91.91966
95.91393
98.80284
3.21654
8.59449
11.46432
20.27486
22.73077
27.96964
34.95658
38.70379
43.42109
47.45124
49.76679
57.14295
67.82252
75.06098
80.87322
84.71473
87.58793
93.59352
100.31959
105.10745
110.98872
7.91692
15.65979
21.68632
23.65702
26.30482
32.19617
38.65052
42.86390
51.50570
55.36459
60.10325
64.13219
67.42511
71.05998
73.63452
75.18781
92.67293
100.70834
115.23819
116.76323
121.04646
3.62475
8.22637
19.13132
25.65695
26.71713
33.97601
36.57626
39.13351
50.41318
56.20481
57.39086
63.15310
69.08493
73.53693
76.43109
82.91180
90.72793
93.11919
102.50121
101.59628
104.74437
4.68697
8.34425
13.34560
15.42432
24.27268
27.39832
30.70100
36.46095
43.88571
48.18928
50.48623
55.68189
59.37374
60.37733
65.02748
69.30650
76.64399
84.59251
94.39412
95.04842
99.34812
9.00740
19.11446
25.06187
30.38166
37.77404
43.90917
47.89658
50.74304
57.50556
61.88015
64.20532
74.52656
81.26846
86.13983
88.27957
94.01733
96.08542
96.08817
99.86952
104.14477
107.26113
2.91281
5.76246
9.54739
14.50008
18.46452
27.64589
30.53316
35.45491
37.97072
41.67631
46.93671
51.26964
54.45712
59.23232
65.25652
75.01565
82.41163
85.57104
90.53214
93.48680
95.86459
9.66592
28.19194
35.19677
43.64227
50.71939
52.31909
52.22433
59.80674
68.07643
71.33962
78.04579
87.73417
89.44191
95.30114
99.24779
103.92141
107.67220
111.02549
114.32029
119.10551
123.44780
7.42114
8.49569
12.97841
19.26947
21.96970
28.68929
30.76198
34.90210
36.82635
39.52274
42.61167
51.75182
60.64746
64.77950
72.28320
80.73691
87.39158
95.57414
106.04511
109.49638
110.50656
8.09014
15.52317
23.29043
30.26990
40.11212
41.31142
45.46328
49.48020
52.59608
54.38056
59.41130
65.15253
67.14531
74.16166
76.04736
83.06805
90.38017
93.58534
97.54130
99.60821
105.18729
2.30404
6.56281
10.60403
16.30084
20.48607
25.84131
32.51720
33.68000
39.51499
42.45872
44.90464
50.88939
55.20655
57.94116
59.52976
65.54423
71.79395
76.54948
79.29968
81.71039
91.65664
3.86090
6.28937
13.26886
20.03495
22.34626
28.63132
32.11166
36.00595
43.65850
46.98057
54.05448
65.13747
66.73788
70.56018
72.68341
78.31549
84.69642
89.31071
94.20174
101.91131
109.79245
9.57156
13.73909
15.59264
19.85643
24.96541
27.44305
34.03351
41.68284
43.60774
47.79090
52.67886
59.01326
60.86305
64.70892
70.14688
74.79706
78.34479
84.97245
91.53310
94.78263
100.07181
16.35659
18.28703
26.64683
33.45393
40.25869
42.95917
50.67742
56.52123
63.13166
65.25350
65.96701
67.49717
75.10809
77.88806
79.43243
81.14702
89.40405
97.03101
107.72225
110.33578
117.97807
4.46999
10.16921
17.97118
27.69627
35.16044
39.56114
44.20634
50.58606
57.58252
62.98265
66.96419
68.25130
74.00296
80.73995
84.14050
88.75615
92.07389
96.65085
102.18566
105.05673
113.40772
4.80352
10.00843
15.24247
18.60836
23.30251
26.02056
29.55208
34.08782
41.87645
45.82790
49.72905
57.62861
60.26412
64.15393
68.02375
73.59206
80.73111
85.03775
89.42585
94.97677
100.46962
3.86245
14.32282
16.30083
18.79068
19.54550
29.10990
34.68903
40.12219
48.50032
54.61681
62.41461
71.16309
77.94281
81.65353
82.23824
87.75515
97.57032
107.29570
110.32360
121.85710
134.18879
2.02796
6.87774
9.15928
15.28569
28.01770
30.20300
40.35896
50.40998
58.07290
62.22835
66.85772
70.08293
74.85832
76.63899
84.44539
87.27334
89.83623
95.22722
102.48989
105.64242
110.08174
5.51965
9.30537
16.21110
23.45860
29.14054
35.75867
40.27626
46.77703
48.66691
51.60970
67.86632
77.31925
85.52163
86.96598
94.06836
102.40854
108.86083
112.84899
115.61003
118.97892
127.27462
1.44761
4.80170
13.06231
17.24910
18.14333
19.09966
23.00898
30.60714
35.34731
42.83830
49.13764
53.70836
57.12540
64.03052
65.31818
66.60947
71.06246
78.95967
80.71198
85.15556
87.41036
5.23714
13.63008
13.96199
21.68412
25.31555
32.91075
38.78500
46.50738
51.92046
55.26574
65.06877
66.64006
73.24168
81.36382
82.39764
85.17119
93.44825
96.16492
104.99387
112.34500
118.49563
2.47602
7.91715
12.29371
18.87124
25.25868
33.87023
36.99681
43.30756
47.13806
56.44677
68.01144
73.20167
83.63799
87.41328
93.84121
99.07439
104.10026
107.47627
108.42671
109.52378
113.87099
4.83230
10.12359
11.97935
22.09279
25.42806
31.64935
37.72394
41.92654
45.88479
48.58229
52.44409
52.66130
57.21311
65.52637
68.17802
72.31857
77.57732
82.22450
92.43946
93.61525
102.64922
5.49598
10.10569
16.47327
24.23721
35.76473
42.61121
47.69290
57.17611
62.70406
73.18095
74.54378
79.66082
82.12928
94.30772
99.17987
101.37270
105.52881
107.76247
112.13906
114.65576
121.98252
4.67954
10.97215
13.43689
17.95439
21.85097
26.16775
30.26260
35.59203
40.89342
47.71030
52.54489
54.17509
60.56431
67.09859
70.53331
71.89912
80.77039
84.31666
89.51718
94.29832
104.27616
6.07756
8.43705
12.98118
23.41663
25.80424
33.70978
39.18362
46.26968
50.58391
56.08567
58.46074
62.05480
65.56012
67.90681
70.29196
77.31413
84.02970
93.05179
97.80029
100.45253
105.75535
5.33541
10.59389
16.93256
19.76476
28.24796
33.35142
40.25318
44.53118
50.28031
52.31763
59.64238
65.16858
67.75653
72.54179
75.19264
82.99022
86.24728
89.00868
91.56448
94.83165
101.37639
5.95641
8.72320
22.26226
26.93191
37.77067
50.54768
61.22318
68.58749
70.38918
75.75934
80.23242
88.03174
90.79927
98.13118
100.37103
101.29955
106.16769
111.80372
113.30860
119.81745
126.95735
3.70259
11.13606
18.04334
23.01955
28.72946
34.89995
38.83134
43.13542
47.78219
51.76487
60.52916
66.67036
70.86587
75.43781
79.20871
86.19238
91.34149
95.23958
103.40896
112.17394
117.44096
4.52822
11.54276
18.03894
21.06784
26.11181
32.64294
42.12718
45.22074
55.86750
60.87141
64.79152
68.30121
69.75984
70.32172
72.11844
75.63087
82.45420
92.39505
96.17488
100.78278
104.68325
2.52795
9.24032
12.54493
16.18497
25.40652
31.34669
33.22204
41.19553
46.19425
50.90907
55.86940
58.52236
62.32640
69.13641
73.74730
79.12195
88.86775
88.20014
89.62196
95.59491
99.52366
5.69253
6.91559
13.23893
17.89912
23.82063
25.74127
28.84328
34.32467
39.95587
46.46877
52.22990
55.42379
58.45164
60.22309
61.45039
65.49006
70.60731
76.29986
85.01063
87.69881
89.51185
4.41728
7.58385
14.63435
16.99476
22.19611
24.47912
29.20947
29.82156
39.55356
44.45947
49.36106
55.24175
60.71825
68.98853
72.71707
76.24249
86.22426
88.72287
91.46780
96.09735
101.09997
11.47268
16.67446
27.10290
31.63568
35.51650
41.59168
50.18424
54.51902
63.64823
67.00165
71.78391
72.66658
75.91218
78.73961
85.79772
89.83491
97.89552
107.55088
109.72803
115.90692
116.77438
2.74320
10.66546
20.29705
25.10740
30.43167
33.25082
41.86867
42.62416
47.93778
50.80747
55.63511
65.09401
74.94244
77.74279
80.58771
84.51161
89.30489
98.14897
100.47244
108.59763
112.66755
7.49612
16.90104
19.28534
24.05383
28.63517
29.06051
36.21470
37.52508
40.74455
47.69501
52.79832
56.16851
62.06659
65.69961
72.07181
79.62727
83.22415
88.04023
91.99982
101.36955
105.06452
9.59294
13.68489
18.11148
25.33699
32.28395
38.77616
43.61336
49.43506
50.04590
56.29899
63.91174
70.45197
71.18398
72.86871
80.74566
84.94069
91.95233
98.66319
101.74449
105.14488
114.88323
1.26651
6.01590
12.50887
21.46297
26.99751
36.26515
40.34554
46.17396
54.36987
58.46607
62.23698
67.15690
69.35856
71.44951
73.66718
76.90246
79.63140
84.19313
85.58655
101.42175
108.12992
5.57777
12.72306
18.39581
26.76447
29.84169
40.84222
44.49286
45.67425
52.79294
55.53853
58.34573
58.88519
61.16756
64.72475
67.47056
71.81234
74.47553
76.67343
78.67856
88.35940
96.65606
