5.95645
6.75271
9.44187
18.77249
22.38763
24.41013
24.64013
20.87130
27.55664
43.43370
59.18736
62.80035
65.61451
65.80831
4.69823
7.99069
10.37031
23.68396
27.98824
31.35937
31.51677
4.19923
26.16203
31.76140
34.85930
38.98398
44.41108
44.41809
5.30095
10.97921
14.80629
34.01199
35.86121
53.75272
53.79467
1.40139
6.88558
21.39079
26.47926
36.22998
45.60827
46.08378
0.14237
5.97361
12.95442
23.58217
24.50237
30.20795
27.36763
10.17043
15.34586
42.40804
41.22335
42.38689
43.46233
43.69777
0.30574
3.14564
5.97110
12.57371
13.85311
21.25414
21.46768
8.92220
10.38563
33.91248
36.25908
41.26057
43.14322
43.29405
5.06587
6.36593
7.35002
8.11053
8.62939
23.75272
23.82634
1.91607
4.53006
5.13809
8.54222
13.97070
21.42560
21.46723
2.25895
7.97989
26.36385
25.73447
28.18205
28.65988
28.67189
0.14802
3.47647
9.27484
12.69001
21.40445
23.81355
24.13208
4.63877
10.03099
19.70681
25.13762
25.80382
26.20229
26.20390
6.38844
8.84313
14.22584
18.76116
19.19207
19.92726
19.94222
7.82859
15.97651
20.50181
20.62319
30.53362
38.65419
38.82460
2.63234
9.28264
22.73664
24.76630
25.20921
27.05996
27.18201
4.55836
6.40966
13.50375
22.64110
23.50538
24.52756
24.91749
7.50870
12.32382
15.71348
24.99735
28.59380
29.76710
30.03068
2.18080
9.07540
20.76311
22.09137
24.67751
32.07172
32.31905
1.94083
7.75832
9.45519
19.75701
21.22860
24.37776
24.47620
6.83619
10.26094
14.03792
15.89262
18.51839
23.81845
24.05869
2.46600
5.18419
6.22292
9.04630
10.49419
23.19192
23.34987
2.76119
4.27175
4.67722
9.07878
19.29078
25.88099
26.05212
10.68417
11.10598
16.67772
23.62260
35.40916
35.99001
36.07974
8.24962
16.47492
17.96603
46.50737
56.90147
58.27887
58.37914
12.07001
16.59440
18.72133
26.19910
26.98844
28.49690
28.61498
3.34558
12.22242
17.75847
22.41031
24.48687
25.20735
25.47707
2.29722
6.90348
13.34912
21.82318
32.16478
42.46353
42.49906
6.44329
19.78293
21.41480
30.84837
36.33179
35.38482
35.60746
9.54180
11.06108
16.04739
27.30135
32.72038
34.03312
32.39548
5.67560
7.53234
14.99330
15.77720
21.30502
24.69779
24.87458
2.21633
3.84523
5.11421
9.29013
20.43164
34.17854
34.35661
0.18341
1.42932
17.35180
20.06494
22.77135
25.27467
25.46079
2.62845
6.25589
19.65869
22.49750
28.30779
31.14699
31.22631
12.35736
13.85687
14.49305
23.45161
27.49389
31.33504
31.67235
1.22563
6.05645
9.23357
17.56805
23.23951
24.91795
25.02349
5.00282
8.30193
16.60987
19.01877
19.57606
23.23392
23.32899
5.81862
18.36759
22.90804
27.24011
24.25572
32.82634
32.88275
5.83594
8.84305
26.98976
28.45227
30.61922
32.40475
32.54642
6.46635
7.64307
14.97809
18.37865
19.91330
20.95024
21.43997
3.82363
11.11249
16.56808
28.23399
29.56969
36.09107
36.20253
0.47054
4.65908
11.01875
14.72895
24.64557
29.31290
29.32530
6.14575
6.96222
7.66386
10.96285
14.95563
37.14024
37.20053
13.69351
14.45654
20.07978
22.95861
24.62790
35.53348
35.69240
0.94417
7.49448
15.46789
30.97544
31.64036
40.12792
40.37466
0.81461
11.90581
16.81388
23.34864
24.37679
28.89731
29.03825
21.35862
25.27538
50.12067
63.97108
64.90247
66.20997
66.73184
5.42855
11.01003
21.14304
26.33562
31.87312
36.12881
36.44667
8.00369
19.68098
27.87028
37.91881
48.23488
51.69458
51.81080
15.81702
25.12359
29.89037
35.08666
37.73014
40.03868
40.12506
9.32805
20.17232
-1.00000
-1.00000
-1.00000
-1.00000
-1.00000
2.06088
2.14963
5.82847
16.25881
25.35705
26.87511
25.37607
4.82806
7.25070
8.27732
8.43431
16.20543
31.40059
31.62739
8.25488
10.58879
17.36635
20.58668
24.53947
25.45820
25.66137
4.58380
12.65897
13.96654
17.14407
18.71842
20.58688
20.78738
0.26362
11.57702
11.77557
22.70088
25.29422
29.96373
29.98050
10.78800
12.51062
18.44379
22.54694
27.06273
33.53727
33.71079
3.54892
3.93834
6.46262
9.62002
17.46298
22.76905
22.81718
0.91653
2.90123
9.73181
20.94604
31.09892
32.43182
32.50918
3.30037
18.23240
25.33677
27.81548
36.90422
41.35808
41.45826
5.31179
18.33179
20.40592
26.00258
52.29407
52.61502
52.87457
0.31878
14.77066
16.08029
18.72372
20.36618
27.95225
28.18470
2.35372
4.09910
9.88851
15.46774
16.17760
20.98482
21.07030
3.99034
6.63265
17.42445
22.40657
24.39033
35.15028
35.31147
13.85451
18.84133
26.37822
29.20680
34.03289
35.09626
35.21316
3.90246
11.54361
16.90714
17.21391
33.62294
38.37679
38.24644
5.64124
11.32249
16.57056
27.70366
38.27991
50.26014
50.34145
6.94782
8.15214
19.70534
22.37750
28.68473
30.93340
31.02615
13.18862
28.92889
33.54872
35.70829
38.99615
55.36437
55.58068
2.85151
6.92390
9.61537
14.04862
16.57378
22.60234
22.74123
10.05573
13.00572
30.71980
35.34490
37.55391
45.62932
46.02111
1.92007
8.74150
19.62259
22.97728
27.26010
52.23375
52.54775
15.03266
18.33718
22.92721
26.62609
27.76774
32.48144
32.69116
16.08608
24.49318
31.11297
38.44579
41.06440
38.86445
38.95507
7.09531
15.87892
17.00285
22.07784
27.40229
30.99689
27.68161
10.37417
22.15034
26.24252
32.84225
34.76425
42.47589
42.65127
0.15249
2.04411
4.38560
11.72640
14.36417
24.75228
24.86954
7.32066
11.76074
20.00088
24.81080
29.37402
34.15576
34.39580
5.27946
12.64863
30.15760
38.40423
38.85382
47.41416
47.42891
6.44769
10.30086
10.77136
13.69041
14.08683
15.13341
15.53828
22.05599
22.89154
42.25346
45.34735
59.72138
64.56355
64.61896
19.16061
28.70475
36.33322
43.82423
44.30952
44.06615
44.10009
4.31386
6.09745
15.38379
18.74558
20.12703
20.30030
20.35019
2.08175
3.85290
8.40636
15.88322
26.79109
27.64830
27.93859
1.45767
7.23815
8.76632
10.69883
13.60753
16.92848
17.10391
6.20959
22.50223
23.29421
23.77453
26.89481
29.11919
29.59845
2.66926
12.55812
23.28308
31.09499
36.38404
37.83324
37.84932
1.18267
12.73166
34.61723
36.46689
42.19925
43.84631
41.06050
6.64611
13.82856
22.32471
26.16707
28.41176
36.67254
36.68772
12.09142
19.31994
32.31344
39.88177
45.71167
47.46835
47.60551
3.99254
4.46127
19.44981
29.46991
41.22951
44.79009
44.92037
0.30081
20.42044
21.84339
26.20644
27.30161
28.78352
28.97916
0.11298
0.98886
2.45470
17.50106
31.41465
32.99125
33.00564
1.91798
5.41494
5.84279
7.97168
17.25927
23.33020
20.09755
3.77484
4.92721
9.88700
18.52479
24.64891
27.50435
23.49116
2.15716
5.02941
8.03929
10.10109
23.89672
56.73332
56.90448
5.92031
12.34296
16.37080
24.81536
35.67164
46.55179
46.73646
0.58076
7.07998
17.02550
22.76437
27.49831
27.64539
27.68187
