23.70912
28.80466
36.33839
46.59546
66.47891
69.78922
105.24910
111.52713
113.17437
120.52160
134.17738
145.67179
150.19170
17.59792
38.96740
62.09583
64.85061
70.07157
79.64686
87.47303
91.19249
94.12159
113.07409
125.77460
127.05507
131.73037
15.91513
36.38778
60.78468
65.67159
76.72070
91.06836
108.10424
122.60662
146.09960
152.30601
158.10416
178.80256
180.76082
14.08464
28.19720
29.48914
36.28456
49.81835
56.92766
62.83058
64.71647
81.10136
85.34195
90.10836
108.62062
134.01630
7.23220
12.70851
25.44550
31.46425
42.95595
44.17380
51.41223
62.01271
78.98410
81.05141
96.87941
97.71084
105.19901
15.90179
31.27400
44.59952
54.10624
60.07533
60.18881
72.26854
94.89100
99.12715
105.32059
107.59596
137.45767
152.53135
7.53362
31.24865
42.98430
50.24576
62.35363
85.90564
95.55765
104.69414
109.26636
112.31146
124.83586
149.77212
159.14410
24.19741
37.46961
50.86520
61.44915
71.21034
77.63909
96.53939
102.44913
105.47133
134.04954
151.10493
160.42331
176.98534
13.23975
49.04418
-1.00000
-1.00000
-1.00000
-1.00000
-1.00000
-1.00000
-1.00000
-1.00000
-1.00000
-1.00000
-1.00000
4.90648
17.00066
36.21386
42.72314
56.33891
84.13581
111.39228
123.91634
139.89648
158.49436
159.01507
165.85159
168.90870
6.65921
22.66965
31.45045
37.25628
41.70068
41.36034
58.37541
76.48031
79.68382
84.45275
94.98874
107.23992
118.70755
5.84255
40.95277
58.45908
60.55986
68.20914
77.84667
103.85508
110.61602
153.37047
162.94761
169.93107
179.66446
200.01024
30.34609
39.35802
45.28449
46.90327
58.45226
90.88667
108.64018
118.04871
121.26211
121.68553
122.60273
127.74198
152.71607
11.76923
40.61034
46.25244
46.54745
69.17263
86.06087
88.61047
104.04825
116.89735
128.51866
135.85797
145.49893
178.76109
16.58461
25.91829
31.83949
42.00982
45.70139
53.95915
68.04233
95.39396
99.38745
103.97138
106.50629
113.93274
134.08295
9.24373
21.21910
33.88577
49.38178
63.03162
70.33355
76.56513
89.52674
95.81642
109.58722
110.08207
135.92268
136.42875
21.30958
41.27402
79.08069
81.00760
91.09381
104.80054
112.01648
119.23529
121.60067
121.62014
131.29643
142.31997
170.21846
1.24257
3.97234
26.44453
32.96634
48.60674
53.77655
60.76789
79.77154
80.56976
85.41068
87.81114
98.05940
105.69870
17.47264
18.98183
24.06042
27.98966
35.35077
39.83945
54.60998
60.62144
64.36435
67.82400
86.48513
90.73023
100.76290
16.56343
26.86785
49.28541
56.97711
70.04834
76.73020
78.68639
90.22846
108.24726
116.58126
134.58278
138.61829
147.62533
33.30584
44.35063
51.40035
72.28313
73.74267
99.91965
104.01004
110.10942
118.23711
125.32402
138.07019
151.14923
151.59550
22.99042
30.67534
74.23961
93.64937
107.42972
113.67030
132.22958
147.81030
155.28528
170.65641
172.69013
181.18718
186.27879
14.15429
23.04724
37.53588
62.48739
84.18790
91.96465
114.98981
119.94223
135.98782
141.91203
151.20623
171.27528
185.75860
8.88833
15.36769
18.91660
43.61625
55.21765
-1.00000
-1.00000
-1.00000
-1.00000
-1.00000
-1.00000
-1.00000
-1.00000
18.55439
29.22276
47.21154
56.48130
71.74891
86.94157
94.33851
98.04151
103.46019
136.85753
143.79053
146.11221
157.72953
21.27169
28.53545
38.18609
39.35150
47.89050
60.34767
66.35278
70.08571
80.72020
92.58914
98.44451
108.59021
123.43309
13.72359
37.68764
44.47626
58.84279
89.07264
105.96596
127.13380
134.42439
151.74528
160.85379
175.30221
177.90308
217.10501
10.87322
17.75678
28.02492
51.55180
62.55078
85.47903
87.21337
93.24688
101.82221
120.85517
130.16819
148.33829
155.14586
5.83061
25.52214
31.61877
45.69229
58.32372
69.77741
97.30888
102.98067
108.80976
116.91299
117.19186
118.87530
126.93236
24.16943
39.09709
61.83181
67.65753
79.27535
85.77730
91.93399
97.52248
124.89807
135.43089
149.22785
168.65780
183.06173
10.67061
24.96377
30.06527
70.77920
89.75279
112.48518
128.30510
131.90715
155.97449
166.42846
171.87675
174.55624
187.88046
27.42450
37.09852
50.35296
68.01640
74.77669
80.77827
84.52611
106.32210
120.49221
125.71945
153.05098
156.52842
159.14498
7.57801
17.73734
30.51771
35.37169
51.95628
59.68531
81.30203
102.46585
120.30359
122.15870
125.71518
137.12303
142.60686
8.71420
20.20124
26.51168
37.29718
50.51537
56.29435
67.98169
68.92282
70.40900
78.94590
99.24109
103.65080
118.70344
1.75715
14.58280
22.73028
26.42075
44.39889
60.56243
67.14964
76.08143
99.23712
108.36876
116.01993
127.66765
127.83868
14.71572
17.34866
34.37270
60.91729
71.70629
81.51272
84.32015
94.31122
105.29000
116.24683
137.23277
161.33693
161.78958
7.86608
17.33340
25.93188
43.34703
47.78318
55.52711
67.57342
81.74018
94.16646
102.98768
119.92360
129.58770
149.83644
2.04919
7.78448
19.75051
25.68308
36.81094
62.17201
70.71697
89.72215
103.01052
107.58885
112.39472
127.05786
126.52692
6.84436
36.59344
49.03790
67.50326
81.50751
94.31536
96.19121
106.83179
117.02034
123.99548
147.16861
164.64296
165.30505
5.39906
26.30466
38.57997
46.03230
55.31723
58.90516
66.26007
76.39543
84.93341
116.83381
131.17170
138.17846
142.95190
14.40566
15.70394
54.44177
63.95761
89.27168
99.64799
104.34003
109.25818
114.11689
127.81643
136.29276
138.47272
145.20919
9.29567
23.51563
25.41810
37.31219
42.81649
45.64156
66.01282
73.36158
88.25012
96.16790
99.14931
102.92679
104.77767
5.69042
18.68006
36.44987
40.25274
45.41367
-1.00000
-1.00000
-1.00000
-1.00000
-1.00000
-1.00000
-1.00000
-1.00000
9.67620
27.12447
33.06722
36.87100
38.77654
45.21364
61.50311
63.64327
66.17673
74.98029
90.76592
101.35475
103.97713
11.92670
22.80852
39.90545
54.00592
73.56553
90.30551
94.71046
100.06661
101.67274
105.21705
120.08369
132.40500
143.96540
5.79663
14.22046
19.98322
37.89612
44.98455
57.59541
81.75244
91.50275
99.20092
106.04705
116.25045
120.58298
126.39494
1.94508
19.99365
20.68774
29.53811
36.14447
55.30177
66.41434
92.42476
96.35347
103.20733
110.78006
117.67450
127.49134
2.91391
9.11885
21.35005
27.75609
33.27215
37.60004
59.68357
65.58495
70.04354
84.41192
87.79029
94.23858
103.77102
19.80974
26.17187
34.10229
38.30621
39.09811
46.77096
53.22653
75.36859
75.36180
93.63613
105.05088
114.52559
127.40821
17.62166
23.78933
38.10515
61.13144
78.12110
80.64679
83.71809
91.00607
94.89893
98.25522
110.04650
124.30725
136.50295
5.39993
15.83292
27.39509
40.39453
52.14033
65.58062
76.71415
91.23361
88.90145
99.36335
104.07414
112.52686
120.96214
13.44609
28.63106
30.99152
41.77794
47.50582
52.61065
56.23532
81.77463
103.92006
110.22135
115.85196
136.88800
145.38586
6.06799
7.77053
19.65666
28.59645
35.42700
50.70898
60.74992
82.83857
87.84720
89.05851
93.86765
95.07921
113.38872
5.88950
18.27760
25.35686
28.56342
44.80340
54.73313
66.18524
71.22368
77.35862
85.25085
92.83490
94.34597
107.62822
6.40421
13.75870
20.36165
31.58791
51.33693
64.82414
65.86524
83.58427
89.01653
109.19808
126.72379
131.73890
148.89883
11.02805
23.39734
33.02779
42.47068
51.83290
55.93252
62.66595
73.59385
87.74258
109.22393
117.65690
119.74596
121.84154
32.03036
39.37752
48.66779
54.00437
63.57239
69.42711
77.64717
93.25418
99.50691
121.58567
123.84685
132.43675
139.69111
26.91122
41.96341
68.53310
77.40178
85.70754
102.98023
104.00963
124.65798
129.44145
132.27152
145.37256
153.17422
159.73877
9.26543
37.08670
40.27990
71.19230
78.53302
83.56864
99.50608
105.41922
106.11008
113.25891
131.92022
144.41550
171.94443
24.59236
42.55863
67.76464
91.40667
97.63793
111.54710
123.77882
124.51082
127.97472
156.58196
159.54384
199.79491
212.27366
5.61982
25.25574
42.84992
59.29706
77.86434
110.39076
119.24669
127.05729
129.31702
139.03111
150.35627
151.38865
163.62296
13.84019
27.18764
41.18099
48.57378
49.10740
51.48863
75.92569
79.67687
89.94535
105.67341
119.15306
139.13183
144.89441
8.33659
22.17292
34.98685
49.82894
54.96922
76.74775
82.07561
86.71420
99.55139
127.03599
132.38322
148.65800
162.78256
4.96779
38.54179
45.84965
51.45406
63.18151
-1.00000
-1.00000
-1.00000
-1.00000
-1.00000
-1.00000
-1.00000
-1.00000
1.84888
15.67127
20.55512
40.05873
60.08556
63.69770
71.20912
79.64015
98.52830
106.37240
127.81088
143.40554
160.08198
16.26594
30.10110
45.50493
54.08812
60.22787
72.47481
78.05598
81.13906
104.55957
106.82910
111.77103
119.27260
120.68934
22.25129
-1.00000
-1.00000
-1.00000
-1.00000
-1.00000
-1.00000
-1.00000
-1.00000
-1.00000
-1.00000
-1.00000
-1.00000
16.23880
29.61760
39.82946
41.53302
53.37294
84.61132
100.58197
113.82366
141.42820
146.38168
159.77161
159.82097
160.96810
12.26217
28.28436
28.69665
32.86071
48.01218
62.10724
82.52743
93.49179
113.67039
118.25568
144.60662
146.34090
157.94589
11.81669
30.12670
39.56933
46.69238
47.82260
59.81634
75.40860
80.10400
98.58042
100.92935
101.13396
117.97203
130.75268
14.83665
19.16722
43.06419
61.13912
72.09044
75.73292
83.07583
93.23823
100.90797
104.39460
113.41163
117.07587
121.68511
17.89321
22.11907
27.44800
58.40592
75.04985
80.81802
89.17529
103.16466
113.79445
116.54038
121.45528
132.09949
156.79875
19.54254
24.49063
26.23758
32.66154
44.14458
60.95363
70.01777
83.75108
99.93637
105.31023
106.71017
122.42316
143.78638
23.81029
28.46464
36.91366
65.98675
75.94677
101.23925
116.06517
122.55442
124.62274
138.89508
142.10346
156.99244
175.61572
2.97449
14.17394
27.96403
39.46409
48.61501
67.67478
81.36260
91.73865
94.88563
116.61562
123.66676
128.26450
142.32887
12.47094
21.94223
33.40319
37.82327
62.04562
71.01715
87.04040
112.66999
118.18848
127.63998
138.19970
149.29127
160.56844
15.18345
25.31656
39.13786
45.52651
54.96120
76.32509
81.63517
102.42675
114.11026
130.67153
135.01307
148.55515
148.78013
4.89254
15.99009
18.34438
37.99116
45.74281
59.95476
82.21621
100.75903
108.38268
112.91516
116.02215
122.99458
125.76419
28.66479
29.24265
43.73084
52.61565
59.84973
70.11284
70.33604
82.88918
104.01471
114.88210
119.30252
128.51224
131.94543
20.64545
25.16187
38.24626
39.49147
39.51425
49.62452
57.04615
62.61208
74.49452
81.89340
98.26872
110.24546
146.24574
21.71436
33.43772
42.65456
51.78207
56.54572
81.96083
100.79014
105.99111
113.79562
127.62311
140.20863
164.18664
177.65405
9.83094
19.20685
28.71557
30.92176
57.22101
75.21374
83.87922
86.39341
89.33505
92.26987
102.00396
108.37906
122.70978
3.22432
8.80557
11.15385
14.62054
25.47983
28.38502
36.60370
48.00569
52.23700
58.26498
91.72455
101.00699
109.14237
13.17274
30.17561
48.36881
81.31637
86.87517
101.58288
116.36254
130.92525
145.13453
157.44222
172.97022
175.23982
192.53303
22.64111
32.38192
45.00414
53.11088
59.95392
63.51044
77.11010
93.29443
108.07602
123.00902
129.10775
136.84690
145.16058
22.54147
32.53095
45.36602
71.90148
77.50082
83.53234
103.04530
114.77587
120.57891
121.74774
143.32368
146.40735
151.13758
14.17006
36.27394
39.98962
44.47964
64.05467
73.09125
75.99599
80.28102
81.98835
81.60291
90.20754
99.68045
108.05671
14.05026
24.88787
35.90376
40.78254
46.74406
57.58698
66.01824
85.99287
102.67081
109.61866
132.67070
151.52032
157.15674
16.67882
27.08252
37.48192
41.71064
59.10527
69.25403
75.16234
76.63141
93.54052
101.76330
103.02960
119.60044
127.46707
9.35729
10.57482
22.46868
25.12452
37.76127
39.08901
64.87721
78.29727
103.83608
107.05610
107.47533
114.07369
116.95518
7.65197
13.53654
15.96424
26.83129
32.63871
35.99220
33.21081
42.83143
45.97222
60.78586
60.66396
74.21863
90.68212
25.47851
54.14050
76.68303
95.36083
116.68192
149.44780
164.66950
180.51424
182.33963
184.52336
197.09873
219.20778
219.54452
11.48537
22.23727
40.15004
46.93130
63.25815
88.31760
114.74697
130.60060
140.64411
142.67265
142.96875
151.56737
157.67576
36.75799
41.77056
49.86972
59.92103
77.71518
89.27173
111.75634
139.45652
143.27878
164.58658
183.12298
189.42415
192.18724
47.47862
63.75925
78.69348
86.90439
110.51771
127.42232
128.31473
136.30032
147.94661
152.76449
164.94822
169.20121
177.08144
8.90074
19.81908
41.98073
61.70935
65.92862
78.73161
81.44455
87.35866
106.41115
107.97941
122.76970
131.53108
145.05531
19.51746
31.26214
53.94651
57.85449
69.23089
78.87585
86.00102
103.97755
121.17454
130.38468
141.76632
163.27873
162.82112
7.42697
11.62965
31.74169
42.05310
56.52787
67.23987
74.04264
80.00838
85.18771
111.00303
121.60188
131.49397
136.59773
13.55635
17.75800
34.86998
40.65782
42.68986
46.59454
64.83833
85.93204
94.57291
98.57218
103.42885
106.00611
115.67058
7.03167
11.30860
21.49077
26.94865
32.63225
41.48911
65.57945
88.61309
93.25368
112.33374
113.92897
136.78887
157.09818
