0.91872
8.32525
11.41542
14.08503
24.14509
29.67846
43.69728
43.91537
43.97688
6.67821
13.22955
16.80416
28.64674
34.76573
41.11962
42.63620
39.54877
39.61356
5.52133
8.67256
11.77590
20.60639
25.38592
32.10204
39.35020
39.54252
39.87330
2.95669
9.81572
13.14953
13.69451
14.57249
19.62035
27.53636
27.57955
27.61572
6.41067
11.03048
16.94468
18.96105
26.19438
29.26566
34.78372
34.80552
33.26559
3.62875
11.51011
15.51146
26.33677
36.11858
35.43053
37.95771
38.03057
38.23599
6.32381
9.46237
20.35148
33.77465
34.54488
39.64259
42.01627
42.26473
42.34538
7.19033
20.13893
23.37963
28.28109
29.93262
41.81086
46.51237
46.74118
46.86521
3.61994
4.95872
8.93799
14.12321
18.10004
22.00113
36.87468
36.91692
37.03314
4.35540
11.90227
17.38179
22.25157
32.49719
36.98491
40.86397
41.11257
41.34361
6.56215
9.16833
10.54456
13.65310
11.68718
17.87256
18.37919
18.59524
18.72019
7.75117
15.32862
16.17338
18.36501
20.93020
22.34821
24.63191
24.85877
25.01970
4.07276
9.06033
10.22750
14.37340
17.30661
25.92880
35.35188
35.52998
35.78912
7.83901
12.13448
20.55323
23.70278
29.80896
37.08031
46.73116
43.73891
43.79306
13.68871
14.71172
21.37517
28.57732
30.22849
34.15649
40.35768
40.54547
40.62794
9.53535
11.04849
13.29150
-1.00000
-1.00000
-1.00000
-1.00000
-1.00000
-1.00000
7.05821
13.60235
27.86129
32.73095
33.66291
39.03123
42.63444
42.77547
43.16962
4.46858
14.30655
27.47045
32.33378
36.01303
42.87591
48.51169
48.60897
48.72279
0.57247
7.94540
19.20572
24.58963
29.82095
34.37541
40.28120
40.62846
40.88598
4.94122
10.45472
16.96929
20.87396
25.02929
28.52133
31.59621
31.72283
31.83156
4.44710
9.77956
17.43039
24.52167
27.38949
29.47449
31.80128
32.21114
30.44343
8.66015
10.27286
22.71574
23.97608
32.16872
33.13990
38.86741
39.10239
39.42165
21.31371
27.30187
31.81647
42.01627
52.12170
61.66332
64.91121
64.93103
65.16168
0.96369
4.92695
7.14464
13.36906
21.34444
30.25807
34.35820
34.41970
34.50324
5.13007
10.66852
20.13885
22.11875
25.11299
28.51586
29.71802
29.93419
30.02249
6.46446
12.15895
15.08280
22.53694
34.17123
38.82444
38.97786
39.48588
39.81295
4.99321
5.81542
6.75460
10.15633
25.30781
42.57487
48.62195
48.78151
48.85687
3.96115
20.81325
27.63333
31.20831
33.09341
34.47382
37.52729
35.25432
35.42660
4.20964
5.95035
17.58062
19.41264
22.81440
26.23557
24.53525
24.62929
24.79297
1.00930
4.59073
22.38466
32.14718
43.27853
46.03284
47.65326
46.33230
46.39425
12.74421
20.12295
24.41844
31.18061
31.55651
34.17113
37.61740
37.95176
38.05329
11.69221
15.55284
28.27794
33.39406
36.75150
44.70300
49.46122
49.55731
49.71918
7.32382
8.48482
9.88358
16.67744
21.50335
26.68199
29.75076
29.88746
28.67500
2.05819
16.01197
15.59727
21.18190
24.58002
31.80727
37.08085
35.68434
35.76365
2.68774
17.19701
19.13175
21.93619
25.84841
37.35995
40.13636
40.19707
37.99440
6.38032
14.20655
19.38747
26.13056
31.86990
34.91259
44.49564
43.55249
43.38083
7.36393
12.42708
30.24790
42.30403
43.95185
45.28977
56.46835
56.65737
56.92834
1.00538
8.37650
13.08806
20.39650
21.61310
24.54274
25.96084
26.06485
26.30685
5.87879
14.02255
16.61311
19.20036
26.00843
31.86562
34.36801
34.45511
34.66333
1.74888
9.24213
11.40713
13.87391
18.16233
21.41410
23.48767
23.53414
23.75358
12.14588
15.50530
22.01267
30.94719
31.83756
38.58998
50.90765
51.03268
51.06112
8.40008
15.14516
21.07643
23.90863
27.92257
33.51285
35.45891
-1.00000
-1.00000
5.50239
6.27596
15.90891
21.63420
22.23495
33.73024
36.54134
36.72015
37.02454
2.02704
7.72574
10.73065
14.24833
16.26973
19.92049
30.89918
28.71642
28.80134
3.29522
5.90751
8.63405
9.75829
12.41852
17.16279
22.96074
20.83200
21.27513
0.76289
3.77647
5.66917
8.57526
11.60750
13.33271
16.98266
17.11135
17.27708
5.96134
7.35230
16.87842
21.81005
25.88673
34.30864
46.26876
46.40598
46.47461
4.84614
8.68497
20.54345
21.78607
25.24599
28.38778
30.59736
30.78641
30.89829
7.13725
14.10627
19.76237
23.23887
28.94388
36.79921
42.38820
42.65995
42.80055
4.12876
8.74011
12.80341
15.91554
22.25657
26.17767
34.43931
34.66369
34.86483
6.76113
7.85215
19.60898
21.17560
25.11518
34.01911
36.78732
36.87263
37.16755
5.29933
5.73188
12.19622
16.76165
18.93254
23.95378
28.65195
28.89007
29.04585
9.35641
10.44025
12.21048
19.89517
28.91575
36.02904
39.14046
37.58212
37.73239
1.65953
8.61740
16.08771
16.78745
20.49748
50.35317
53.12482
53.36397
53.50030
12.24739
25.00176
29.27712
37.48806
40.14806
45.07858
52.94806
53.02666
53.17571
13.16542
21.89489
29.10937
31.97703
41.75032
46.77719
57.59241
57.69722
58.17195
1.70622
10.80999
14.78032
16.68281
28.08047
43.95620
44.07873
43.09121
43.20965
2.81291
7.44679
12.64500
16.34881
24.63178
33.03240
37.45175
35.23252
35.33620
6.17044
12.17782
25.27313
32.73498
40.10524
37.82350
43.00645
43.38479
41.64281
4.00100
5.21757
12.86446
16.63693
23.82804
28.02015
27.27398
27.49609
27.77513
2.89736
4.51782
4.98454
7.93378
18.09273
24.56434
38.39931
38.64012
38.77203
8.55482
10.13608
25.24827
28.58262
34.49109
39.18627
41.42905
39.75241
39.97888
1.01646
9.71608
22.00366
26.17428
33.61955
40.23970
41.66534
42.12978
42.20401
4.47433
8.86660
10.82068
13.38432
20.55579
30.58339
39.16046
39.39048
38.18604
21.01902
29.02266
31.41375
34.57539
48.79682
52.04087
61.26536
61.45419
61.54378
1.52068
5.49136
10.08959
36.74317
39.93974
42.11409
44.58323
41.72710
41.81475
7.73352
11.95139
30.31165
31.14353
34.45608
38.46401
41.70417
41.82475
42.06668
3.03944
7.71328
16.72141
22.13454
26.96066
34.40821
41.45131
41.57815
41.77528
14.16605
19.04196
26.64908
26.96715
33.48650
38.45041
44.38094
44.43388
44.56344
1.89088
10.55548
21.31671
32.49968
36.88084
44.56827
49.75494
49.91536
50.07698
11.42203
22.53592
28.62040
39.94232
41.47903
41.94173
48.83024
46.82464
46.88525
10.35507
13.63488
16.14297
21.36545
26.94075
29.90813
32.46922
32.85163
32.85194
2.37151
13.53125
16.11094
21.43302
21.65322
28.18560
36.73598
36.77704
37.06301
6.41799
12.53590
15.08662
19.97209
26.86033
36.59120
43.68526
43.26911
43.38031
8.46599
13.41779
21.25639
29.04041
32.84957
39.15605
51.12081
50.35264
50.49309
3.03394
14.46682
15.49225
21.88883
22.47747
24.41262
30.20619
28.57088
28.78929
5.30228
13.50878
23.36126
24.65023
28.69003
42.38249
58.28490
58.35074
58.57257
2.90321
7.41177
9.07326
12.93076
19.32833
24.92759
34.89983
32.61867
32.81088
3.45013
5.98131
11.64562
12.17379
15.28108
25.80003
43.54865
43.60586
43.84635
3.09890
5.96698
8.60155
14.13372
26.67711
37.22710
40.61996
40.78646
41.05907
7.73993
27.21074
35.00320
39.93433
49.09413
51.54426
56.67506
56.68690
56.90407
8.31126
12.03700
19.29860
31.59949
34.68645
41.17470
44.56271
44.66492
44.70802
3.75542
4.42855
7.26697
16.45929
32.81697
37.34784
39.76727
39.93924
40.05902
4.85629
11.43255
13.09232
19.18246
21.64107
27.36782
29.15508
26.35419
26.49751
4.08591
13.99466
17.17355
23.01829
30.11111
31.62811
44.85518
45.25620
45.28656
4.96665
18.31213
22.04537
30.09094
34.43803
39.88039
40.62701
40.71312
40.82853
3.19564
3.83404
16.96458
25.07651
34.55989
38.49860
39.97055
40.04982
40.07981
5.13733
12.30949
21.79583
38.52487
43.47219
44.66867
46.62641
46.86018
46.97921
0.57258
2.84734
7.01602
11.71873
19.52042
24.22689
36.29894
36.31663
36.40154
10.89550
17.55722
21.82417
26.19427
29.67209
30.62874
35.69633
35.85614
35.96263
4.67667
8.33148
17.24736
20.63806
28.53659
33.51484
45.01523
45.10523
45.26468
6.81982
10.09913
14.97403
28.27527
32.97101
33.50239
37.52005
37.76770
37.82849
6.34349
14.58794
16.10540
27.21971
28.37227
31.52370
33.03694
33.08769
33.32099
4.28318
12.11685
12.83422
26.21297
33.17079
34.26141
42.71105
42.83576
42.92063
0.71536
2.61327
19.95348
25.36887
35.06460
40.44627
41.94221
41.96876
39.04459
2.63104
3.99583
12.56710
15.33745
20.29989
23.49085
25.88598
23.89611
23.97630
13.17173
20.38756
23.82659
26.10703
32.80131
36.14560
43.78381
43.86344
43.99033
2.45417
12.12839
14.38335
19.94567
21.92533
30.71562
37.82778
37.89185
38.13667
1.83873
7.49160
14.76246
23.69325
26.77157
25.14898
34.09079
33.36567
30.82391
9.16564
11.50954
21.09147
24.71649
27.89114
33.58534
31.88667
31.98721
32.10346
