24.40470
40.16129
48.69968
53.04704
66.48800
91.07967
98.06686
112.35493
123.21393
132.67719
152.89265
166.57989
179.24418
209.22542
228.41082
233.83540
238.43265
238.59946
249.70804
256.93105
16.47076
52.57556
55.45932
60.29101
69.86447
122.76081
138.09193
146.28482
158.35758
195.10299
210.08189
226.44351
233.49083
247.58537
260.74553
276.02462
292.67479
309.78030
318.48426
338.11416
1.93241
20.37168
38.59757
49.86462
53.87960
68.09435
71.58593
81.36064
119.24360
137.90631
146.53506
151.85962
166.55086
176.10929
208.70284
226.90485
231.62466
261.60923
276.28010
298.10785
4.49470
13.01154
22.66871
33.58006
41.13829
45.58811
71.30617
82.54695
95.78525
117.13464
137.26198
147.76111
157.58545
163.19336
191.24930
195.79314
214.13548
243.63310
258.15278
285.89282
31.71210
56.86843
62.20284
100.95955
101.82172
113.49044
125.54650
134.44781
142.39044
164.35247
180.33925
187.68090
197.72897
209.00783
229.19205
243.07531
262.10754
302.94808
313.23128
323.40746
4.60786
18.41113
26.27377
33.17844
39.64651
50.51607
72.67221
77.88859
109.96772
133.61392
163.64033
178.25983
184.80818
203.58771
207.06533
217.98067
227.78832
249.58386
257.17429
278.18193
41.75227
54.61332
59.66421
76.52891
83.24036
88.32271
91.59457
97.13331
107.51868
118.19782
152.88461
180.68049
195.68449
204.08678
216.14525
224.00216
257.25782
269.83464
296.99133
305.00994
20.19104
25.47889
40.07381
45.84350
57.61514
71.35035
76.50651
84.47218
108.32821
122.38741
131.11959
134.08687
160.91164
186.53369
193.92805
214.47545
222.60970
243.77776
255.14559
258.82970
13.39685
20.13859
61.91934
76.52968
83.09882
98.73779
105.50958
127.02631
149.68454
169.37189
192.29800
202.53952
203.83182
216.41665
226.99491
262.50647
267.60482
295.45983
322.56882
335.24970
34.43471
42.18915
71.85066
77.33590
99.91729
111.68232
121.65610
135.95449
141.14306
146.69246
153.53156
162.00573
173.35284
175.75275
194.38747
224.49393
244.78944
247.51814
254.85558
266.31228
21.44029
50.31076
59.48574
72.66809
83.07335
93.18541
119.10158
134.94198
143.72018
153.41332
160.35520
178.69714
210.49960
228.56329
242.14220
247.65505
262.47781
279.78217
283.65215
300.63633
23.28412
58.34109
81.52752
94.42163
108.00790
121.36834
137.90360
175.57746
184.46335
211.48625
217.82881
231.80355
232.02622
257.05082
271.20407
283.29863
297.69732
311.98133
324.85745
328.83234
11.29353
15.65123
29.76528
44.57068
55.69324
67.42140
73.74978
81.32612
96.54179
139.13579
152.54607
167.78530
174.41227
189.12518
191.66175
206.51845
214.94819
220.08075
236.06577
255.13005
13.25438
22.74684
33.78816
53.91098
63.74509
70.21105
74.37139
105.40298
124.02961
126.18923
146.84158
151.41647
165.92444
173.08277
177.80615
208.47964
214.66904
223.65465
243.01201
259.11149
15.55260
23.22623
26.23138
35.62441
41.69674
51.56026
73.34578
83.95432
90.60664
111.84373
124.16682
148.92846
166.35458
185.06835
201.66300
246.29348
257.35962
263.33856
280.71090
293.15625
17.08494
21.59077
44.26366
56.48773
61.00015
72.37603
94.43982
109.33996
121.65104
137.48179
153.70810
166.51661
168.06971
179.47825
193.52514
209.53656
216.93084
221.60826
233.01506
253.40092
11.43798
27.28112
46.44001
65.00779
81.68845
114.75368
129.62289
135.72899
157.65990
164.06280
176.89751
195.18796
206.58730
216.65029
233.66547
242.45474
266.84771
275.32254
284.85002
300.92571
8.46424
11.57538
14.26447
36.48266
49.54513
57.41369
66.11334
81.87245
101.14111
113.37624
132.75519
144.25578
151.45220
166.21666
179.48222
185.81630
193.15249
222.04341
242.77863
245.98759
16.99271
28.78548
46.68664
58.93566
83.21448
86.19213
97.85420
116.31273
118.96312
120.78629
146.52552
174.34798
196.48504
216.12698
235.31557
263.22891
278.30792
304.96217
316.67365
336.66053
10.62198
26.76328
33.38209
47.57472
82.71978
97.44319
110.28946
118.97303
126.76174
138.67300
155.89110
159.78230
177.45818
182.76463
196.16246
207.28305
249.12531
277.19413
286.50445
310.42387
15.17274
18.85680
28.92175
40.25180
48.04002
62.26556
72.52714
81.35684
84.61601
122.02856
137.02884
161.07390
195.76597
214.04841
225.03978
232.11330
242.87717
257.39233
262.65743
276.71037
21.06056
27.24019
33.54302
40.61199
61.83128
72.39600
74.93196
105.74561
122.86697
138.41686
149.79743
172.25230
174.55062
179.50348
199.18710
217.55930
224.17404
258.39931
261.54714
278.85294
9.21864
19.00933
44.11827
69.50622
76.26451
86.60835
96.83602
103.90322
128.42288
141.29334
143.66693
161.89429
168.01847
184.50266
196.95030
224.52216
250.29295
290.16783
322.32215
331.25820
16.18337
31.96350
39.54612
44.58277
49.40252
60.93725
63.88381
66.95455
76.45651
80.39022
92.95366
119.14510
129.12190
159.24546
177.97293
203.23266
208.70895
239.13717
280.53412
311.81293
32.30273
46.70989
49.24742
61.99550
75.97549
84.17583
100.15628
128.35280
158.19471
184.39800
203.00953
235.47941
250.51323
257.41707
264.80055
267.68493
311.87752
318.63000
321.37800
323.99128
15.90993
38.66983
47.50776
65.81303
107.16745
120.69760
125.14267
140.39747
141.76569
154.82407
171.19679
173.54637
181.72105
194.35489
209.06232
222.16787
235.76564
259.15695
271.21586
279.08596
9.51224
20.73415
48.44670
60.66381
74.59830
91.99207
102.39425
126.48512
161.51673
166.74534
181.76373
190.42269
209.35969
225.17911
252.83390
257.59657
265.72858
292.28936
329.23528
342.89520
7.44580
33.34467
57.37631
68.18098
87.77998
98.21251
133.05699
163.72630
181.21896
192.54379
217.64215
226.65204
252.80531
266.97516
273.30992
293.14340
313.58955
331.33062
375.56979
404.66471
6.90658
23.42565
30.67617
33.40783
50.26972
63.80865
65.19583
90.35171
98.23917
116.01675
131.83124
140.01157
140.89059
153.96912
161.11405
178.17735
193.70736
212.46070
268.30022
281.94000
3.17608
10.83209
48.16497
50.44127
60.38655
73.04994
93.16693
106.16676
125.41435
135.69264
167.56253
179.73654
193.11986
208.14265
210.99559
216.99012
228.98551
233.15981
253.31599
272.41264
22.92125
39.50790
59.08238
63.82968
96.02330
110.95386
117.76001
148.41825
172.85336
181.79794
196.58163
210.77028
214.35253
224.13789
239.99496
251.81981
282.60524
298.63202
311.61244
321.01148
14.18757
25.46971
43.51860
68.35815
84.94363
102.18266
111.38023
127.07011
143.49588
179.08887
208.74949
221.32724
233.34731
263.70041
264.82683
271.23363
281.14832
285.70569
294.69014
308.49669
15.87376
43.65841
73.86603
81.68043
83.82365
93.38222
115.16776
128.94577
143.66091
174.17793
196.64131
207.64997
228.12182
275.52720
285.50939
317.44120
327.07130
357.68557
360.12832
384.66989
16.79795
33.53159
61.77639
80.40357
94.89330
96.94227
110.34807
116.58441
141.05507
150.92530
155.65044
165.81842
171.43290
188.13641
209.75195
236.93651
240.56926
247.99881
296.97591
320.68139
25.42145
34.60229
71.01511
88.25208
102.33506
103.29370
104.00402
124.95128
132.63270
149.22069
156.47066
171.48169
178.79834
197.41739
211.46457
213.79029
226.48414
249.86070
255.72669
265.89485
19.61056
27.26438
41.68576
52.80207
61.09322
72.51017
93.39796
109.37089
129.80692
132.21493
149.43838
158.18476
176.99657
180.31217
190.83964
209.51816
220.44760
243.82746
249.85147
264.75584
19.36805
36.92271
53.55663
78.75771
80.66244
115.78033
128.32881
137.43793
148.41278
167.89040
178.84437
192.72544
206.00447
215.56378
241.82590
245.65011
271.14779
286.32814
323.95864
335.39265
16.11316
24.05065
29.48093
42.22613
61.18850
71.83343
89.01533
101.69229
113.54571
128.33751
151.72871
166.40659
173.13679
182.80077
187.07999
201.55827
213.04617
228.89097
246.22240
252.49495
2.06758
16.40840
25.04829
31.67711
50.54503
51.53550
62.85729
104.98810
125.39260
127.37811
133.73336
162.72062
178.00185
181.68197
206.69558
210.69790
212.89605
229.74358
241.01412
248.02927
17.94420
57.41548
61.90228
70.61879
94.27077
106.09944
110.75790
125.97344
150.70585
174.34514
231.46247
260.35404
263.17897
274.13525
286.08360
301.39930
325.99775
330.25279
345.54442
352.41661
1.73062
13.93316
18.76173
46.79563
65.06439
78.68152
93.30768
121.37623
141.47689
159.06933
186.17028
202.02259
213.21664
230.41348
241.52920
265.50576
278.21575
299.88936
306.73447
313.57110
12.39030
43.29039
69.25840
75.46079
85.02976
89.72403
100.82577
109.92353
126.88007
134.32549
145.10011
146.43899
159.51911
174.86799
224.24531
250.13700
270.62827
280.52554
287.21946
327.57924
8.49776
14.40182
49.88657
65.22841
101.67662
125.16868
135.55546
144.79903
168.88890
190.91818
200.67419
218.48071
234.49790
255.37459
270.20445
284.63964
312.17028
319.30872
336.25525
342.33704
4.59350
32.63182
42.62534
55.36514
62.69523
77.62224
91.47973
100.73391
104.35416
112.50300
125.83857
146.37727
168.51425
172.42146
181.60621
214.66329
218.16391
226.49480
239.88952
257.93991
8.14914
15.46253
31.78558
42.90904
57.68645
66.57347
71.59578
80.80124
93.93796
98.83343
110.63261
129.70630
173.79624
192.57662
199.63821
213.67573
223.80680
247.68029
258.48107
285.16630
33.43915
46.51004
59.48267
69.40052
95.81784
111.20887
116.37895
124.24876
149.72224
165.75499
169.41484
187.07988
204.14014
222.62594
239.99788
258.45839
270.96024
290.55324
299.64424
299.99543
9.48211
13.84644
20.63897
24.57193
36.09806
40.21490
56.16690
67.89365
86.35666
99.35209
107.98638
119.21956
123.85558
134.98670
160.20097
170.26977
186.13574
199.25454
214.71929
220.80638
4.58823
15.70151
42.67264
68.59308
94.74097
103.27500
122.45087
132.81672
139.42136
152.56688
163.70866
189.66986
205.58188
222.62277
235.18807
276.38453
297.37772
313.20178
328.69766
343.88768
16.01155
27.15832
35.91583
74.38040
87.16959
104.15770
118.43222
127.42471
142.20830
159.85691
169.69542
177.90737
188.72724
221.67784
251.53821
269.06773
291.76036
299.53108
317.34975
329.46509
6.11700
19.36340
33.86530
37.40212
55.68807
62.48650
74.24579
100.07835
111.36421
119.86889
127.16776
138.66132
142.03209
144.91474
151.61159
164.61351
187.18284
192.86299
198.03129
213.65848
24.47128
45.72745
52.86024
60.26143
85.43246
101.36740
122.98281
136.31376
150.06656
169.65076
184.94971
190.99119
201.44780
221.36351
234.09815
242.84169
261.92294
275.90907
280.42216
301.42851
15.23152
24.07812
34.75183
40.01044
77.63134
99.37162
131.10337
140.76294
143.82711
144.61834
152.91876
162.49184
166.99166
184.09864
187.02747
243.00878
280.13498
296.62266
314.00680
327.12231
16.46067
33.15813
42.42203
57.62890
62.78886
80.40706
92.09993
99.44140
101.16157
105.37138
131.72629
146.91227
171.62150
175.29542
200.57871
215.15112
234.18871
262.24133
278.61455
302.98855
15.48229
27.33156
59.51212
89.48546
95.67361
106.71470
128.68982
132.94084
146.14349
158.26790
179.92958
186.78071
189.21793
215.45950
226.72295
239.23002
251.70749
254.97070
276.05920
285.86198
19.19612
40.68556
47.48083
63.90779
68.52152
79.09695
99.90753
105.28035
107.93803
108.62226
121.65124
134.07633
146.99024
176.03589
195.59403
221.66438
225.99393
254.12700
261.90475
293.32635
4.95756
14.19254
41.57496
44.81379
52.77609
55.40117
68.14892
81.59421
88.69402
114.28823
123.38263
160.86958
174.78563
198.56878
211.21184
259.80828
274.10633
296.54811
308.51453
315.87896
16.39184
28.54018
32.19707
41.78393
64.94893
94.80978
104.96417
117.33942
121.59503
121.71407
142.66612
167.93119
176.44104
191.89433
204.81010
210.09442
239.66458
270.31987
282.80489
288.09860
17.58289
32.50169
40.45822
71.92221
85.39061
105.85322
107.88272
115.54728
144.07183
153.84071
172.54140
185.76617
199.31667
219.19525
226.35182
235.01180
264.73677
276.88062
286.22572
314.90751
2.34412
9.34129
23.98369
36.97894
54.74542
69.43915
77.35281
83.05980
87.87986
105.57418
122.39184
124.90290
135.85545
150.21136
156.31006
193.15092
211.40098
235.68711
252.94586
267.65986
12.17960
32.77945
36.88176
38.99117
43.73166
67.65754
75.76735
88.33789
110.73364
133.11949
153.76615
164.40809
169.58350
199.08102
235.04840
248.94981
258.68941
276.83620
308.54130
330.08838
15.33489
28.81008
48.72655
52.65125
80.74428
112.25884
117.60057
145.47761
162.24720
171.74681
186.35645
191.24297
207.37614
216.22866
235.20222
244.31035
257.22813
267.17645
279.14222
283.61312
6.75449
18.03382
23.98745
37.42481
40.08711
63.46338
91.93470
110.58923
114.43230
121.42850
134.92706
148.32591
154.54998
159.20436
178.89303
183.60690
202.92566
220.32901
239.21182
249.90540
4.30794
8.18135
36.23165
48.17286
88.16012
90.62928
135.08905
152.90028
162.55778
167.32639
184.78170
196.99409
212.73880
222.66047
236.64570
245.58879
249.41104
262.78211
274.91789
278.76803
24.21854
40.28667
61.71005
71.32777
86.76857
97.70898
127.15725
138.02100
148.07953
163.36458
170.66883
176.37125
184.52026
217.56771
226.33655
252.96919
281.68903
307.70424
316.20506
331.15735
14.40578
38.28383
49.77911
57.17954
61.51445
76.73019
109.08515
126.40731
137.10146
144.90041
154.23589
196.89238
204.60264
207.70874
229.83622
249.17221
269.56510
285.20106
323.92463
354.61488
16.59596
45.68847
52.78788
64.47210
70.02972
76.57092
89.57301
111.97004
117.83164
139.18702
158.58299
160.81679
187.24357
203.50333
220.56537
228.15781
258.28940
261.38860
279.91836
309.51545
24.15824
36.83783
48.36372
53.57569
64.74220
74.58312
77.01063
98.25912
122.97548
153.46046
167.63699
168.31005
169.73736
223.51600
247.16358
275.54927
297.53794
306.43223
314.92109
325.96695
26.30773
50.11572
74.76583
91.20048
119.95357
127.08882
148.29002
179.13149
187.85245
197.95657
211.65250
232.74719
241.00964
257.05185
286.03904
307.34125
311.66603
334.69672
346.95318
370.05566
8.78898
14.96885
36.40539
51.26399
73.63860
83.14297
94.87053
107.99817
123.66316
129.93454
155.93519
165.95918
185.85683
220.49047
240.63222
242.88178
251.21527
259.20794
276.93058
296.34224
18.85008
22.69384
36.51263
56.82666
64.01832
77.51894
102.10421
114.93153
134.18662
156.80740
167.02362
178.29969
195.84839
198.44468
212.51925
215.47849
227.74938
237.56565
256.29848
276.00995
27.18628
71.19261
82.01263
85.55453
103.90975
122.68866
135.44052
154.98025
191.26875
199.97812
233.31846
244.85248
276.25142
282.02096
294.57614
300.47352
324.44973
335.19109
336.60201
354.78275
8.63571
15.80381
45.63931
78.52877
87.94985
111.32455
131.03586
133.42776
157.76586
170.06077
188.36262
201.07041
213.15819
215.70701
225.08013
236.46520
272.34346
275.63641
291.40521
309.47208
6.65642
21.66037
33.48306
40.33848
58.41377
69.89811
79.47196
95.72822
104.14895
125.69896
137.08888
142.79025
148.49092
152.55112
158.55681
176.82850
197.68566
218.04706
229.59253
236.06648
17.62792
26.84358
37.36874
67.77345
76.83250
86.76344
93.76888
102.42329
115.27201
132.46075
141.88563
154.36411
180.10417
186.93512
208.86919
212.08823
222.21031
231.75562
250.78417
264.63656
13.11618
27.24547
28.11157
41.81604
50.27842
59.15160
62.42857
75.78852
100.34719
125.08981
140.44743
168.04011
171.79731
206.07354
218.56241
232.53160
235.26861
245.10403
246.67146
256.65691
19.19255
45.04726
61.85846
73.42737
94.75144
102.04530
106.91782
117.58375
145.57461
161.52238
185.30851
200.89646
216.27812
226.21854
241.32701
254.58066
263.16182
279.64199
294.31401
312.06875
37.46724
46.27742
63.86598
78.88652
90.78242
97.75367
146.18856
168.39617
172.39412
215.11398
226.05218
235.04015
254.20895
273.47540
282.40764
296.43358
303.89848
312.49395
339.45201
348.95774
17.09793
27.90750
35.52404
39.33715
64.82114
73.13773
82.97964
96.81453
114.86544
117.99849
126.63626
136.90626
168.28456
178.86498
190.34995
225.76828
242.32491
284.74996
296.55032
320.96389
15.91529
26.71300
32.45122
47.59657
61.99098
67.13632
89.70717
104.24823
112.32072
122.19655
136.74958
151.74441
155.66482
168.36404
191.74719
202.72637
212.75367
236.10750
251.07298
267.87105
4.23606
24.40781
46.95908
50.82199
75.41791
89.63972
109.95690
111.41103
133.59732
164.28959
169.00709
171.31607
188.11547
216.10420
233.00770
247.41113
253.30115
300.78900
316.91716
333.31815
10.43765
34.60106
40.70679
62.49740
64.94751
73.24597
78.12896
88.78270
120.59871
136.79156
172.41493
187.66663
189.50696
203.47157
225.91030
252.09726
264.92067
275.97297
288.45384
299.23865
15.11587
21.58377
28.75233
44.24641
44.77326
54.85945
79.78771
92.50009
104.53309
120.35433
141.42398
147.46400
161.25138
172.27540
185.71175
201.07266
207.06097
217.14637
244.67392
256.73497
14.99053
36.51432
38.89071
56.44002
69.62995
84.59946
103.64184
117.57296
127.83875
163.48394
169.38353
192.54583
207.18392
218.03897
226.20418
242.50372
248.91386
259.94523
261.85370
272.44848
19.73368
34.87342
54.78172
65.45955
86.96524
110.44807
140.71863
162.60241
183.81677
188.45538
204.40313
212.69799
227.08849
239.13247
287.67679
311.17887
318.88546
329.26686
335.37024
351.19624
12.44514
28.57903
44.73213
60.04859
68.90951
75.05396
92.44335
101.64514
135.85769
141.32234
151.65990
186.67524
206.48991
217.31492
224.78298
242.50405
247.75932
277.86794
301.38379
342.20960
16.36324
24.17240
44.05319
56.10642
66.09518
72.05143
80.38884
101.18683
112.46355
129.40115
132.36480
164.42700
176.71067
190.91635
223.25400
232.49147
254.89262
266.30648
291.90127
299.00011
1.43664
22.56866
30.02663
42.61742
72.96433
79.34643
106.47583
112.41589
140.18723
175.75616
193.81932
213.28437
227.88508
244.13846
257.70134
268.77269
286.38425
291.06253
295.08499
313.43876
16.91390
30.26293
31.62029
49.05988
61.87675
97.50716
111.10439
120.57142
134.37005
145.32350
153.98550
173.68924
178.11834
183.24227
189.81455
204.07569
215.96658
225.23141
242.57343
245.46551
11.06492
29.21942
30.65119
50.43636
72.60972
89.36764
108.90770
117.44177
155.33082
163.50140
180.71817
199.68502
202.61120
217.09247
233.27030
253.53486
265.74077
288.57703
290.96190
306.82036
7.27180
18.40528
29.62642
39.50117
60.60592
72.64972
98.24748
105.73257
129.74316
146.87692
180.34394
187.26659
191.31242
197.36415
215.07639
224.49933
235.19643
242.79910
261.66780
280.12488
24.17000
50.36567
73.92213
84.41221
97.24473
107.36674
124.35148
144.31306
156.67164
163.12629
179.92747
185.12418
192.22534
210.96316
222.93333
233.69696
266.63520
285.10391
296.34335
311.63432
8.04011
28.75869
36.17952
75.86565
88.66853
102.46976
113.19089
136.31065
153.40613
168.86558
179.01114
184.01932
202.29970
213.34249
227.19795
242.53243
249.06849
249.55927
299.57289
336.81910
17.27588
30.12405
44.92552
48.62535
75.71033
84.77770
99.19650
109.04826
128.67611
158.07633
166.15109
179.56562
187.42459
189.50308
198.65859
210.83894
218.86384
252.69695
264.11907
266.84760
17.85382
19.96368
29.83808
42.47761
49.73817
61.84860
77.45013
78.72285
97.28798
99.69069
127.27988
164.59631
187.72522
213.07582
245.39115
279.15383
293.36898
299.24996
325.02152
332.35350
17.99216
24.48232
42.98593
68.15387
77.89010
87.98376
110.73659
119.01332
122.67935
131.00772
150.64980
156.51696
159.22970
172.42099
181.77590
189.80237
201.55235
207.80328
224.53188
231.25431
8.32754
23.38678
38.63821
49.87840
57.33781
82.02766
112.87230
126.73121
136.98776
149.71710
155.43322
176.46320
196.28392
205.06431
221.01051
255.36754
261.90903
275.08090
278.54822
298.28942
16.15397
37.90238
55.01807
62.74284
70.99795
76.23845
106.50028
127.46249
132.52203
148.08729
170.93324
195.91706
203.83840
219.87093
226.80628
229.59037
238.46530
257.82024
266.21484
279.42737
19.43096
40.05052
52.44273
72.62014
81.30097
91.81480
123.22037
138.58273
154.77794
158.70024
176.63065
183.85127
204.88339
220.65848
272.10105
278.72063
308.78994
334.54277
351.48152
369.14476
11.20513
19.13157
41.83726
65.37777
76.88076
84.98273
108.63136
122.56609
131.55090
141.73761
145.78515
171.78886
180.86189
196.87315
213.19897
222.46921
233.94735
273.59948
297.06306
305.33790
2.58434
13.44814
21.89174
51.79555
71.91640
82.30892
97.94615
106.35151
114.97744
128.49432
135.99356
148.23415
152.12588
159.42596
178.31042
189.20296
200.67611
212.39390
223.40917
231.50996
