5.59613
20.22626
20.47439
20.59538
20.65360
21.54734
2.13627
9.00887
9.17432
9.25588
9.40636
9.74539
2.23274
25.80352
26.30514
26.92608
27.43912
28.81768
4.57300
10.77294
11.11969
11.37359
11.55023
11.65704
8.41318
21.98306
22.11427
22.54306
22.99461
23.38054
4.81408
19.78235
19.93313
20.24906
20.24966
20.48961
2.29772
11.80171
11.93046
12.34703
12.59394
12.83893
5.97364
32.69522
32.91685
33.14207
33.30545
33.74605
15.89441
22.01614
22.59792
22.99604
23.28176
23.63206
8.48361
15.80156
15.87323
16.02928
16.25268
16.47399
9.58555
11.62376
12.07428
12.24066
12.24429
12.44805
14.54053
22.35515
21.49972
21.90770
22.44993
23.03949
11.09348
13.48277
13.68901
14.11931
14.22952
14.95843
7.48745
32.74623
33.28072
33.48915
33.86524
34.32112
5.34423
9.62888
9.93373
10.07922
10.61860
10.69643
2.54825
4.64939
2.24894
0.42011
0.59656
1.24020
8.46082
15.43649
15.66414
16.13898
16.58206
13.87870
9.27617
20.42326
20.77138
21.07136
21.18220
21.25677
4.62325
20.36057
20.46397
20.60917
21.45628
21.50284
22.06874
39.39533
39.45928
39.52167
39.77572
40.06777
12.86477
18.72566
19.22023
19.77770
19.00601
19.53485
8.17853
34.41555
34.74321
34.85561
34.90871
35.65796
13.08145
24.81360
24.95190
25.49329
25.96805
26.27332
5.95898
19.64880
20.08077
20.14679
20.26921
20.35727
5.09647
35.54810
35.81098
36.10362
36.24437
36.57538
14.92557
23.21934
23.40208
23.43961
23.85650
24.14564
18.34459
19.27285
19.63350
19.97645
20.06516
20.33279
5.01441
17.31393
17.51724
18.00361
18.04751
14.49118
4.48426
37.10930
37.15569
37.33824
37.54585
37.76592
8.94774
18.09338
18.52851
18.78615
18.82890
18.91964
11.46733
30.49670
30.85461
31.14795
31.33624
31.79314
7.47359
12.76514
13.10740
13.26633
13.28934
13.38726
6.56813
14.24779
14.39776
14.56671
15.22090
15.49264
3.94438
14.08466
14.17627
14.61582
14.42204
14.55797
24.40353
26.16885
26.77035
26.87205
27.38620
27.52508
5.67828
7.25639
7.47618
7.54149
7.62167
7.83100
35.72625
38.95262
39.09686
39.22406
39.27162
39.37129
49.54865
71.59756
71.87269
72.11607
72.42465
72.67859
3.31919
8.06700
8.53851
8.66189
8.98637
9.18974
16.08570
33.37690
31.76352
31.93048
30.32894
30.69002
3.68966
4.61932
4.91026
5.07337
5.48491
6.01839
14.94639
21.66578
21.74122
21.80621
21.98493
22.22934
1.49166
14.36936
14.40067
14.53669
14.86063
15.26801
12.83273
39.22235
39.23355
39.52015
39.92704
40.29303
8.98340
14.63621
14.80108
15.40359
14.13563
10.87085
9.20007
24.38387
24.45452
24.92619
-1.00000
-1.00000
18.78344
21.60345
22.00275
22.13824
22.29172
20.17727
12.33870
18.94576
19.41625
19.83120
20.11594
20.47306
1.90094
7.94366
8.51629
9.14988
9.24534
9.30620
1.10786
5.03996
5.85911
6.29076
6.58526
6.88116
0.89543
14.07523
14.09456
14.64425
15.01894
15.25618
2.87077
5.65216
5.77421
6.36998
6.98771
7.37818
2.12310
17.90720
18.13232
18.58243
18.83475
18.93036
4.63851
14.66697
14.90351
15.31216
15.95244
16.57413
15.67608
29.20386
29.25833
29.30661
29.63233
29.93574
0.67231
10.08249
10.36193
10.37849
10.43892
10.56995
13.52089
29.76466
29.94288
29.99909
30.67946
30.77516
8.63151
17.28144
17.40985
17.44153
17.45370
17.71357
1.47875
7.70414
7.85118
8.69870
8.92950
8.97420
4.48352
16.11120
16.16869
16.33905
16.72250
17.16480
1.10170
27.93587
28.17230
28.29920
29.21460
29.38486
4.49686
12.63221
12.85248
12.92888
13.48624
14.08650
13.80537
13.68555
14.04418
14.21715
14.35459
14.43798
14.22289
17.66747
17.93370
18.39075
18.60602
18.84125
9.15681
11.22253
11.31433
11.48939
11.81652
12.06859
17.00556
27.55633
27.66915
27.95486
28.31918
28.39817
7.83608
30.25445
30.76874
30.95913
31.22599
31.96940
9.73318
32.77513
32.87257
32.98637
33.25210
33.28310
8.67690
14.30936
14.45304
14.78965
15.23823
15.53644
4.22952
7.22734
7.42269
7.70385
7.85721
7.90118
30.98070
30.90296
31.32741
31.43162
31.62671
31.70369
23.63468
35.52554
35.79545
36.14352
36.95626
37.30318
1.16694
15.53752
15.88094
15.89110
16.29824
15.94621
3.02275
25.53028
25.96359
26.24788
26.40872
26.54067
10.60894
21.81862
21.89991
22.11766
22.15210
22.56377
7.08213
13.19681
13.45804
13.55407
14.32718
14.71134
6.36023
21.47973
21.51304
18.33902
18.42437
18.58148
8.31580
22.10759
22.56529
22.60094
22.75194
23.16834
12.97983
13.86294
14.16529
14.48007
14.48683
14.65771
2.74184
24.18130
24.66277
24.76041
25.18253
25.19805
23.83100
34.60847
34.62821
34.99990
35.58529
36.03332
1.46313
3.39557
3.45617
4.00283
4.29566
4.69715
9.35514
39.96121
40.27519
40.33653
40.42652
40.54129
13.18586
22.25812
22.69224
22.93609
23.07717
23.29638
5.66413
8.00726
8.84108
8.88286
9.04162
9.67921
8.18411
12.54265
12.66356
12.70342
12.89865
13.10420
14.41526
19.14461
19.25638
20.10196
20.32949
20.56837
13.74835
21.00342
21.06069
21.49857
22.08997
22.43760
6.40913
9.41366
10.28578
10.36796
10.99543
11.22443
10.12505
15.79916
16.00041
16.32846
16.50135
16.76691
2.73524
17.98556
18.00236
18.10261
18.33241
18.84003
7.25786
11.47776
11.51208
12.60297
12.70917
13.07205
6.35026
9.57247
10.04572
10.35593
10.55209
10.68771
11.80645
22.76516
23.04538
23.06209
23.17177
23.45073
13.95734
20.94588
21.55750
21.61732
21.75897
22.18188
0.59548
5.04875
5.15904
5.72115
5.91915
6.19623
37.62319
46.48952
46.62587
43.86204
44.21405
44.61374
5.46293
13.65628
14.09964
14.31215
14.40302
15.02218
7.48909
27.53765
27.56906
27.88086
28.36638
28.42941
9.51270
34.54560
34.85499
35.10703
35.36667
35.60122
