10.62552
18.12892
23.99500
32.20392
45.48341
58.70163
69.42981
79.07949
93.38619
98.49828
112.07163
119.78234
137.33711
156.62052
170.65913
186.87099
207.28243
214.63296
233.00149
238.49973
20.71464
30.05262
33.62189
45.34469
55.86839
64.82802
88.52867
105.69025
129.71653
139.79263
152.82998
178.56470
193.61679
212.76689
224.84891
243.36015
261.98465
288.32728
296.26093
302.17045
19.54812
37.49794
59.78066
83.02656
102.70067
111.24918
130.98955
145.54983
158.58894
174.75353
191.82021
200.17084
209.22638
217.56006
220.92176
234.62867
242.85432
273.99883
288.17319
304.95558
12.69750
44.94405
48.60499
73.33651
79.49044
87.69933
92.25370
113.10619
121.23887
135.45938
144.36334
152.46721
168.92701
171.15454
190.18070
204.24385
229.81491
238.53341
261.79758
271.85150
15.58079
34.50085
60.71543
75.17897
90.00350
97.91279
113.32893
132.04797
156.55264
193.57233
218.96084
231.33230
234.59680
271.22481
299.92256
307.87972
319.01712
328.71947
340.01465
362.29301
18.47304
24.82865
32.60330
46.31991
61.53159
75.80154
87.70032
98.04258
109.76324
115.79470
122.95033
131.64467
140.25910
155.51481
182.63831
198.00200
203.35312
227.69107
252.72503
268.39404
25.06128
36.86397
57.37956
63.02380
93.08795
106.02511
129.63393
131.06084
141.93172
149.88946
169.22753
180.80686
189.80034
212.65522
248.01565
256.08581
260.98992
271.56809
282.90293
313.69691
25.67841
37.49503
50.81915
60.34589
70.50045
77.14548
80.58516
92.76531
113.74514
129.79977
149.80766
168.13960
190.18550
203.14579
204.72271
228.09900
238.61490
250.32259
260.28872
263.87178
13.30423
32.91886
43.01531
61.08979
78.64849
87.37058
95.46772
109.44582
118.75041
131.42405
146.83346
151.83450
164.22031
181.03638
201.30348
208.05486
230.76474
233.59915
265.06164
282.38493
24.45800
36.97951
57.03307
64.03186
73.87602
115.00260
140.88638
164.43801
179.11169
198.79448
201.81456
207.32416
223.41219
245.67074
270.42505
274.03500
297.40136
316.66709
320.34875
336.86982
30.58506
43.33335
59.33008
65.87240
76.39359
92.24196
100.27050
112.71790
120.50643
140.25792
142.80351
147.53341
165.66903
193.18053
204.64432
225.22003
250.13108
266.40111
287.38629
302.08169
18.74459
27.45893
50.03812
64.36742
70.32521
78.63018
83.04032
96.04946
120.72086
144.97464
156.99950
195.09480
214.48864
235.25467
250.61990
270.15919
278.76328
299.02882
307.11565
332.07441
20.80752
55.36492
69.53919
96.08635
97.92817
112.91176
116.15506
135.72765
141.14966
148.59555
172.60015
195.90888
222.76956
246.81252
257.55538
275.68058
284.58162
286.11184
292.55048
304.04693
27.18734
43.60853
57.98323
73.28938
81.91371
93.76745
97.72176
107.92213
112.23580
123.86375
134.69617
137.55107
153.31396
164.27108
174.53277
210.39755
234.64347
253.61027
282.77953
297.78024
5.25589
13.41254
27.62893
43.69083
64.91266
92.41451
119.11607
128.95887
142.65655
152.83559
156.43066
176.10192
181.06917
202.54187
218.10489
236.76739
257.04669
285.63142
294.47080
306.49555
37.78155
57.67925
59.44286
81.46161
99.78983
105.94878
138.18901
147.52636
165.00456
172.53565
191.22410
205.43707
213.38684
235.20624
249.37137
260.40236
274.10310
296.45178
306.35138
317.60770
10.25704
14.68843
29.37058
38.70200
68.11700
74.11265
86.29819
116.92253
122.14290
142.00103
167.05779
174.61465
182.83041
195.34472
199.93592
213.54178
229.30223
248.81021
274.82390
290.26339
8.91379
36.05499
39.16155
65.34818
72.89096
87.59499
112.96953
123.24948
131.30569
147.42343
151.30370
159.88973
167.01136
182.70346
199.72185
219.23138
247.25683
265.49576
293.91902
306.72697
20.79868
33.40055
48.15615
63.11171
88.98769
111.51754
116.12317
121.48153
132.69525
159.75664
169.54122
178.66720
182.79116
218.48546
225.43691
242.08802
268.07897
289.11881
303.21606
308.62140
8.01462
10.82749
19.50059
44.26403
58.99720
82.69653
103.86646
113.55315
134.67232
146.42940
178.09204
186.60834
207.99028
216.32993
223.32627
233.03358
244.13157
250.50022
274.44827
279.67441
18.66382
31.49791
56.42195
75.58369
93.95901
103.56179
120.57121
133.62638
160.91850
167.16404
177.10296
197.34876
205.89519
226.84481
242.27845
248.45152
260.61652
288.89492
295.47546
305.89815
24.66940
34.26849
46.65611
60.94583
71.74460
84.76333
107.27612
119.26768
125.31505
134.60315
148.61621
161.30570
175.20350
192.62909
196.77627
210.83661
221.29045
234.24639
251.83185
281.52542
6.40462
17.98876
64.90980
97.70299
105.30312
126.71835
143.28615
161.62673
164.17782
181.17212
191.25568
212.67624
226.27295
239.78338
252.13489
264.32313
281.15579
300.28143
316.73761
322.69475
5.41918
12.15179
23.57817
30.78128
48.40813
64.87186
76.87315
101.69773
108.26922
116.61018
123.70252
139.50257
150.02023
179.32202
192.98788
201.18248
213.21290
220.36813
230.66593
246.33592
7.55316
20.72352
53.68327
64.24280
87.42264
91.74149
115.58186
128.11335
139.26679
156.15386
167.84690
198.85418
211.18331
227.82714
239.96310
264.01702
277.52843
288.10315
292.29461
299.76122
25.43471
42.01545
81.02339
96.29645
112.15305
126.61209
141.14279
156.14530
174.04129
182.29156
188.74724
193.57818
208.46462
212.20902
235.16563
237.46698
248.01347
269.27505
318.96021
319.43794
5.72716
32.46836
50.47109
53.50542
68.78771
90.81310
104.55422
116.39508
140.11052
148.77582
174.62425
196.06021
205.63544
219.94678
232.69345
238.25607
251.40776
274.58275
278.53152
294.85951
39.53031
49.19558
57.28515
67.04863
77.09596
87.06600
94.63767
100.12012
114.32902
140.29328
149.26734
160.58739
167.36434
171.07277
180.29880
185.12255
198.65759
217.00557
224.95091
249.63486
15.56445
26.22233
34.83599
45.63886
65.04548
91.28127
95.26587
102.71265
118.93065
138.93874
155.29662
160.97053
172.34913
211.61291
218.50878
223.70399
242.13831
249.84204
273.90718
279.45402
9.01281
20.64607
54.53570
75.34225
79.72621
107.66932
121.08503
140.86342
154.86228
179.97791
191.87732
195.00425
206.37210
220.75016
234.50544
246.85493
257.59221
268.74161
285.68044
295.11374
4.55259
14.47189
30.54593
39.68954
55.90905
83.99248
111.04613
119.83348
126.06094
148.66248
171.18817
180.06430
183.80125
194.57564
211.02582
235.54039
255.47800
266.87803
276.11926
287.06834
32.68969
39.28440
52.38302
70.41399
90.38702
99.45955
111.53806
132.12082
144.53903
155.68792
167.47993
191.75842
196.54621
201.39985
218.08812
227.51152
253.64783
265.85676
274.84590
281.74171
8.71583
15.48315
23.80898
42.12032
49.64215
68.05458
87.08189
97.54468
110.51989
121.43556
129.13013
142.67179
162.17093
180.35320
205.55467
224.24604
227.70940
235.60950
263.52638
264.72050
13.55849
21.89611
31.71485
48.57717
55.76353
64.84604
80.42381
91.90973
100.89393
115.18639
128.68139
144.70536
178.86812
194.20501
205.08344
229.32496
252.70095
257.83993
271.30246
283.91542
16.71761
19.95436
36.32051
47.74135
65.59265
96.07194
121.26823
139.55781
153.65470
165.38743
181.84492
192.71860
212.15578
227.14808
244.88951
255.21493
274.82100
283.42183
291.38074
302.50694
26.11789
45.06770
57.22518
67.40374
72.28579
88.73459
92.90197
112.08403
133.07193
151.00279
159.90447
172.64332
195.03018
210.17218
242.79208
249.05040
260.70591
286.59112
308.84820
323.93703
22.62546
48.84557
66.17173
83.82891
90.57299
104.69096
145.62503
159.00642
196.73837
211.36032
216.38226
217.83681
228.69073
240.71113
251.13155
256.48899
271.26028
285.35199
290.42702
309.43634
6.98002
20.62706
37.03110
49.82795
54.85695
73.64532
83.71960
98.64405
115.86014
127.75647
140.17232
158.50922
161.85886
184.91584
194.89029
211.69447
220.53861
231.33343
236.01225
238.52391
10.60345
31.55436
69.42448
84.72022
90.75209
97.00560
118.50714
130.99681
138.64221
158.38674
167.70195
174.28750
188.66337
205.00965
220.64437
227.59048
248.46124
262.84599
279.87633
288.85495
8.09009
35.83108
59.75976
64.52788
82.08734
93.60900
124.02980
133.11153
152.04110
180.71146
208.93153
220.03839
241.47414
251.21006
262.79319
289.70688
298.17811
304.77425
342.09369
357.03921
18.52461
31.14545
42.48733
58.14853
69.16284
89.88894
127.05702
136.96680
137.45439
145.70052
165.74079
196.47891
212.46327
221.10505
226.47783
240.22516
261.37862
266.28792
293.70915
304.75928
28.33148
54.20928
67.22219
83.63623
98.20074
107.63965
115.63303
119.38875
146.60431
157.98875
162.32891
174.93446
180.46823
201.11723
219.23246
236.83122
266.27118
297.04094
327.15997
349.18465
19.59879
40.67321
46.46297
51.47244
64.01118
78.79766
85.23926
91.95524
104.09498
126.80453
147.02548
154.75916
161.21443
184.22088
188.96689
222.31394
246.22260
253.37240
272.34184
286.49754
7.49217
20.53757
32.82780
47.41181
55.93703
58.93425
69.96337
92.62303
97.94121
116.84085
121.11949
144.16925
164.90895
174.95130
193.89449
197.45347
214.34318
234.69431
259.86403
271.67207
28.91892
49.22257
54.70321
83.15773
104.69360
126.48221
134.10930
144.66612
148.07186
152.86848
159.14658
195.09117
208.19645
230.35606
242.68380
258.58798
265.45592
288.41582
323.61953
333.47976
18.96389
44.84988
73.76520
77.48284
79.71095
90.99628
108.99446
141.61397
148.88163
160.80966
164.05146
182.03434
208.98973
216.14946
224.05614
255.42308
268.38981
283.20077
290.23437
306.41273
12.85905
26.32398
59.51141
88.97048
101.72619
117.35728
138.05711
143.02570
154.72736
160.44775
179.56358
199.22683
230.35534
236.86240
250.04191
269.99013
277.78934
281.57544
292.99659
303.25823
8.91139
30.72161
33.95786
40.32699
59.19166
70.62583
81.23546
98.42000
102.03263
116.94720
127.95967
135.72203
143.04486
161.20964
181.25164
211.00024
228.38564
249.06127
254.91704
270.24815
4.22244
9.76372
18.89577
27.63999
52.41752
64.29781
72.06791
78.91118
82.81301
107.28948
126.86057
138.80754
141.42639
153.28753
163.56743
186.39083
190.91966
204.09807
215.48921
221.17939
9.62074
36.96090
54.63981
77.26861
84.93570
98.55618
122.54406
133.44602
141.86309
160.51117
175.08983
206.34936
236.63497
252.78436
261.49886
272.65253
284.02119
306.62567
315.83971
334.97624
15.64203
26.29606
54.38911
67.10292
84.59724
101.38565
103.84026
114.47958
141.31860
150.40570
167.02765
187.09040
202.66011
216.84618
223.92993
237.14762
247.03936
260.97456
268.57501
291.20363
9.89150
30.47085
41.68726
53.02928
60.32825
79.75687
98.57542
109.80401
122.75086
143.29756
151.39387
165.14493
174.39925
177.82386
193.75655
205.53679
218.82176
240.58043
254.19787
269.43602
7.90557
19.43558
35.62200
54.62338
58.73886
65.78779
97.51890
106.24243
114.54434
126.60356
137.84197
169.80520
196.17710
212.71220
221.47422
232.38889
238.60403
246.49954
266.41063
270.82560
7.23260
22.13300
44.49789
57.88674
69.54684
84.97406
103.30348
131.61646
137.33860
145.33304
166.80772
171.68726
194.04231
209.76521
225.83419
230.75920
236.97397
268.51504
292.95835
305.13603
21.01408
36.52170
50.02246
68.26100
92.41023
96.83835
115.22209
129.77521
137.44746
154.89476
165.63807
180.61714
202.57482
215.98351
222.79989
236.87786
252.25583
261.03121
296.01669
308.57104
18.42883
33.40341
50.83293
63.72707
80.29499
93.75424
105.63985
121.89915
143.77629
178.28992
191.81442
228.52386
248.68038
256.38677
269.82757
276.78653
299.15785
300.73415
314.35995
339.59606
9.41164
17.72746
34.67236
46.08129
52.29685
73.54912
96.84448
111.31482
115.30267
128.59443
138.88447
149.61148
171.89735
184.81331
195.80153
212.93228
218.07641
238.62784
261.16485
281.37826
7.73931
10.74093
22.85091
41.75167
55.00870
81.54723
85.17960
91.44302
100.12769
109.20102
129.88470
152.20120
171.29448
176.77232
201.83405
219.30025
250.38003
268.34506
278.03673
299.34789
8.84247
38.07277
57.19603
59.60813
86.27492
105.24158
115.37297
130.01239
142.91915
154.42168
166.72886
178.62872
186.95965
201.84765
219.83604
235.71511
239.49297
256.90479
272.46737
288.31110
5.69944
11.52868
36.06235
60.93950
69.56102
92.27346
107.82230
118.37878
128.80529
146.38265
154.38417
167.43661
183.43397
202.45090
214.70566
256.39771
287.43163
313.33938
321.90665
324.52929
18.36391
26.52547
34.05293
44.50283
66.41493
73.00744
85.65022
101.17755
114.85959
121.41698
133.43155
147.62891
164.64052
178.10568
182.75981
185.51718
197.33333
202.36562
223.40322
252.33971
11.61169
29.82167
32.89085
43.69789
53.52170
65.35706
86.85059
101.51760
131.86355
136.95269
144.35046
162.70512
165.81102
173.68233
192.57801
200.90420
207.17805
218.55412
230.77517
240.92102
12.02418
22.08761
37.51891
50.54028
77.65122
95.06306
100.76027
126.91974
147.76782
158.09767
182.76653
204.55346
218.35310
236.35597
238.69897
257.96012
276.62461
288.10327
302.89697
320.48944
16.20125
25.74960
34.91138
67.20764
89.54078
99.22862
115.45750
134.67027
148.72062
167.74562
191.90754
200.52680
209.07036
223.28080
232.37052
243.07850
263.33442
290.99894
298.21451
304.17231
19.01436
29.47992
40.27912
56.58397
75.41152
83.74504
117.62016
137.27706
153.75365
170.39718
182.76246
198.14115
204.31458
216.08574
228.03723
252.09098
270.89460
282.78961
286.04689
316.12400
13.69352
24.88143
33.82824
44.10275
56.07851
60.71367
103.67952
113.46852
121.71200
140.16095
156.75137
182.61642
200.12031
212.69224
223.06165
235.40734
239.83131
259.77279
274.34212
287.34250
25.49433
43.44902
64.32841
89.29330
106.16381
112.16157
121.21858
150.86468
163.63413
172.06856
176.51650
183.17055
193.94367
201.69987
214.77049
226.98305
233.10403
248.44930
258.67114
269.64991
7.68633
23.92287
51.65912
63.67948
72.79950
88.96038
98.43655
122.68389
140.61119
154.37883
168.41008
190.26115
214.05875
237.74239
260.09245
267.27930
272.70317
274.61523
295.65860
304.02777
26.26447
34.40603
49.97040
60.21014
76.89738
86.07777
104.60881
108.57242
124.53243
133.56224
149.42526
170.97829
178.64875
201.53363
216.52935
226.04682
244.92033
251.87642
255.52189
271.51588
17.10090
34.33640
51.39407
74.26133
96.60721
103.44416
120.39322
131.86942
152.81016
166.74763
183.61239
209.24024
226.29717
244.50839
254.38078
291.61884
303.47451
319.84062
338.69542
367.71111
14.11378
25.63338
39.90338
49.62955
62.09664
67.56282
75.28107
99.00678
113.31946
124.45819
143.51267
160.17942
178.39371
186.43609
188.37357
210.20449
232.05376
277.61537
284.47776
302.45275
19.85621
32.50119
47.14864
65.42618
82.20193
93.51422
112.40359
131.87351
148.14926
161.76614
178.34867
186.21395
195.75867
205.89893
233.24758
243.85617
246.47042
271.53633
295.43387
303.57159
21.52049
30.59649
45.49957
56.87875
62.92024
72.54113
80.60436
99.91735
109.00195
120.97542
129.37104
139.36830
153.21322
169.61617
188.34802
211.79138
223.49319
228.40309
245.91206
266.42831
8.62729
15.46667
26.97756
42.09451
63.11184
75.20806
97.96632
108.97971
114.05387
132.85581
138.07614
160.55275
177.22581
187.55757
207.33579
221.68919
241.14033
255.26694
275.21126
292.90592
14.92220
34.66581
46.39092
57.92517
68.67984
79.84967
93.77567
115.00643
136.75509
144.43645
155.64297
178.23931
201.24632
230.07369
247.55555
251.50736
252.51520
270.94663
281.58692
294.45532
17.32966
47.22501
65.26508
89.76995
117.61198
133.37793
139.34542
153.37041
160.50831
167.98793
196.57524
204.88424
221.39753
238.36872
247.16190
253.51806
267.35525
279.40203
284.69378
302.14609
15.45717
26.09630
42.97477
57.70754
63.20878
68.13390
75.07689
98.61521
109.57705
148.82577
166.64904
184.94960
206.47669
236.96179
251.36003
256.46951
260.33812
270.67701
272.86038
295.15512
8.92948
31.49895
41.30681
46.90872
61.63787
77.18607
87.27647
95.09879
104.84840
130.16990
139.96883
155.06804
159.34288
176.38292
192.23896
216.69279
226.77260
262.35666
271.70057
277.29266
18.89771
30.61192
53.28748
79.48541
86.35745
97.55895
115.84896
121.52443
129.50695
148.28492
160.38825
170.56798
177.48283
186.99820
194.13842
209.83759
223.67430
230.54333
247.08957
252.53881
4.56087
11.68922
24.55046
36.15334
54.80864
64.38799
70.95006
79.76126
91.18568
104.02576
124.93423
136.45310
145.56264
158.88886
181.84061
207.13755
230.71660
253.21467
257.99478
267.46568
12.29700
20.13576
34.29131
63.93760
80.90267
105.88825
130.09968
152.31383
164.34016
184.17475
191.13565
201.70788
221.37258
229.18976
260.59674
274.86293
292.18207
297.33193
313.10206
333.18755
18.51174
23.85492
32.66675
41.37963
46.60654
59.46047
77.90725
87.17133
100.31055
106.67563
133.86615
153.87453
160.40509
173.97735
181.13603
195.93260
209.53146
227.43244
240.74989
262.23544
3.95256
17.61200
30.89418
33.54120
44.93863
62.68344
74.38342
91.73674
109.81419
120.10873
128.02385
133.56201
157.69698
165.75038
182.37349
200.60585
209.02920
224.68368
235.72907
250.02154
17.55676
42.73051
81.45664
103.15457
113.83200
123.21601
133.87278
152.47223
160.04723
176.80206
190.97194
195.95590
219.17014
245.40905
267.77745
304.25642
310.15146
323.83358
329.15179
342.70276
3.61837
28.01495
37.40866
42.43946
56.65848
88.15435
106.42342
121.68304
144.18080
144.85711
147.62995
167.83211
179.57451
208.64304
214.63967
225.62234
234.46167
243.34281
260.21475
267.92299
16.61454
36.64658
49.08651
59.60385
86.39783
98.88569
106.58140
112.66903
137.80470
144.35043
151.61210
170.51218
189.04455
216.49317
233.35951
245.06708
253.59235
258.22454
265.24124
288.36866
11.54795
16.90316
18.80031
44.04945
49.21227
56.96686
64.90263
75.41809
84.47459
97.50815
111.81496
113.99845
129.64781
151.94659
163.17934
180.13003
194.20117
201.94793
227.96088
235.65389
15.43585
29.67155
44.19069
72.30704
77.99227
93.43716
111.56422
125.98692
149.42367
159.84503
168.62275
174.95110
185.60545
191.88238
199.43033
210.57624
214.21906
222.68287
233.65630
237.23911
18.72884
36.19723
40.83849
59.76180
63.79312
92.82940
94.82979
110.77825
124.42892
152.16887
163.51850
176.04288
185.29678
196.73524
208.32143
217.98914
244.68305
251.59350
275.38944
287.82392
19.67479
35.77621
68.54786
84.29943
91.14410
102.95781
120.85495
131.57264
151.11312
155.23297
165.33222
182.33846
202.44837
223.90880
231.94628
236.39449
251.74584
260.79358
276.32670
295.94556
25.25255
42.92025
53.44938
65.74346
77.51931
85.37905
103.57523
125.17709
135.33830
142.38573
154.00045
174.34885
198.78361
219.98388
232.48558
236.43767
245.98926
253.46820
262.76253
278.83077
14.16042
24.09910
32.75526
40.95637
61.89986
75.96346
81.87260
105.82911
130.00423
145.17556
160.08574
164.45053
194.21716
201.07897
214.38062
218.89016
227.98305
235.42682
262.04341
273.17531
17.34722
40.60955
51.54507
74.06195
86.67772
106.36692
114.89794
123.81172
133.69622
136.39949
146.37899
152.12559
173.51079
183.64328
193.41578
214.79635
228.99475
246.68135
257.36172
275.67673
10.95072
63.72733
77.85953
91.65263
106.52473
121.15266
132.84746
142.44556
167.63881
195.47392
207.65066
213.31177
227.95598
244.46856
259.96742
268.12731
294.95963
310.36970
313.34562
334.64975
16.40055
27.94195
48.63616
61.32254
74.28669
78.05182
86.40583
115.48119
122.17869
137.84450
143.47249
157.29631
170.17788
178.57850
193.38333
198.77071
215.89046
227.88432
235.99487
250.10073
24.77608
42.62761
48.48129
64.67901
76.00255
88.15297
91.60762
103.79251
112.53600
118.00203
127.01291
134.35908
144.87691
155.45024
169.26680
181.67437
186.08021
203.22232
212.18805
230.17788
14.79997
33.48860
40.93621
52.46827
67.51448
108.67322
131.69843
135.50377
147.30371
152.22876
177.38030
198.48884
213.67295
226.94273
252.33595
255.38353
269.28859
277.22551
283.67535
293.11850
11.33156
35.69472
45.20615
57.24362
65.32146
68.46433
72.65034
82.27377
92.69790
96.91134
111.33436
123.59303
138.92127
151.84757
166.79388
176.04670
179.94713
211.89285
235.35193
245.86141
16.50510
56.44043
75.92588
90.15486
101.34382
108.50057
113.19696
123.37048
139.81448
142.82049
161.39138
183.57320
185.76486
212.65022
219.30822
227.16523
256.85584
276.15831
285.71355
291.69900
17.21462
38.03203
74.97178
96.92307
111.05387
119.19165
132.77694
144.65473
170.74877
174.26525
195.93774
214.47209
228.88861
249.54842
259.21961
271.09215
287.16045
293.02683
302.91632
314.96041
