10.57964
13.86598
16.96269
20.25702
24.10096
1.22125
8.85498
15.25578
23.45532
32.70921
8.76225
14.63534
23.35098
30.54398
38.00815
1.14151
5.40990
10.52308
18.92220
24.32616
6.08028
8.45795
16.10408
19.98951
22.15900
4.71463
11.48237
21.19133
23.54689
30.11301
5.83359
9.42278
14.84988
20.40990
29.32483
6.69993
10.52028
19.39819
23.25556
26.94201
6.90554
13.49870
23.58329
30.97954
33.04401
7.08496
12.14834
13.11742
19.84591
22.77344
1.37699
6.91955
17.24000
26.56287
33.06648
4.31131
11.26831
15.15652
19.43273
26.51246
8.78404
12.87809
15.62994
21.67889
30.18385
4.90641
14.78407
17.98209
25.96074
28.52231
8.46224
18.70699
22.12913
35.41454
38.84253
11.30159
23.96280
25.63392
39.10219
44.85394
8.56648
12.07785
23.07786
28.03366
33.24046
4.80768
11.76111
14.69052
15.83617
19.76065
5.25187
11.78263
15.48637
24.42303
38.90987
10.11394
21.01670
24.92781
30.94036
36.47923
4.96953
14.89526
26.17021
37.10948
44.89181
6.45355
15.75150
23.27496
27.05875
28.02421
4.84832
7.65693
12.99414
21.59709
28.57529
5.27735
12.61691
22.09385
26.05127
29.34111
7.38177
10.52428
17.29668
22.37287
28.83233
11.10097
15.52723
22.37560
25.79591
28.91507
10.62599
15.99412
23.22020
27.21415
32.62185
5.40725
7.95282
16.30829
21.35454
32.53138
9.39591
13.83999
16.95137
21.02509
25.80760
9.11283
13.69402
19.45884
22.40979
26.12941
4.75645
8.78816
14.99591
20.05728
24.63306
7.13151
12.85152
22.20141
24.90078
25.84258
3.94647
12.63502
17.93499
26.75689
34.90718
9.27269
19.47438
21.38115
24.46507
26.63936
3.83757
10.27926
13.40632
20.90545
21.57803
7.54987
10.96514
22.78229
29.83265
38.58968
10.58195
16.93382
20.76926
32.85573
45.53194
6.81926
12.14145
16.60130
23.88446
28.00971
9.97764
14.57242
25.51819
35.27170
42.64442
2.44476
5.84897
12.05741
19.29982
25.38602
12.36913
19.84706
22.50073
33.52528
41.85247
12.08968
14.17971
22.37501
30.35988
37.76479
9.97452
17.32344
23.73327
28.53792
36.17155
5.79906
16.66144
21.51007
28.80062
37.30903
4.44182
10.23118
15.46123
19.93031
22.28258
9.81389
16.92663
25.69369
34.37196
38.92722
4.31644
6.24428
13.58882
19.32964
28.02659
3.26883
8.19854
11.74061
15.92011
17.46514
7.13809
19.08992
19.41272
23.47885
31.24827
5.79604
8.91275
20.79330
23.09710
29.18105
12.36326
21.29631
25.66130
32.37023
33.93066
6.11921
10.81754
23.51694
24.79028
29.87875
6.69775
11.23781
27.27561
33.53310
34.60924
4.65725
12.95225
18.54954
23.53332
33.02378
10.93139
20.45110
28.09569
32.41604
35.02853
4.01588
5.37396
15.43256
17.29785
25.03005
7.57469
9.57621
16.53576
22.47268
28.28575
9.73512
20.20199
33.56990
40.06646
44.24676
9.61231
16.82774
26.99518
30.56209
34.05029
9.23734
12.01949
16.20909
22.73392
27.44346
13.60739
19.87824
32.17486
43.21246
45.90774
3.16868
7.13266
9.96189
14.23031
17.65306
3.08487
13.03735
17.42386
18.07279
21.67299
5.49743
11.47717
14.74840
22.32275
26.90598
3.35338
9.47825
18.66151
27.34394
34.41693
7.40005
10.55108
14.44944
16.86556
27.07212
14.96198
23.32664
28.92482
31.71784
39.51007
2.47335
5.22323
11.65047
20.84738
22.66125
2.38205
10.87279
15.22939
21.87448
32.47639
9.71550
15.83747
18.66854
23.93314
29.30554
9.18305
14.58849
25.37814
30.80971
35.60638
4.91055
12.21072
13.96102
19.22697
30.48697
8.28739
14.34878
16.61782
22.51679
34.06630
2.80790
12.09339
19.18312
31.66476
35.12336
6.89026
19.12791
25.04222
35.04342
38.22529
6.60743
16.39518
18.27695
27.65662
33.74969
3.80733
4.13249
11.51007
19.28778
20.44750
9.56022
16.63611
27.95452
31.23593
39.65390
12.16784
19.88995
27.33824
33.78550
36.75216
4.81356
9.42806
20.66714
25.49147
28.90280
6.99408
17.34340
28.16901
35.53510
42.77232
8.00959
18.38649
22.86242
32.98219
36.27262
6.20690
10.72726
14.73424
20.74852
22.42908
1.51962
8.39375
8.50384
14.55798
27.19794
12.07848
18.58426
18.89891
27.43925
35.23037
2.95629
10.81775
17.45380
25.23128
28.72226
3.36507
6.39698
13.31194
22.30795
29.14970
8.19059
18.17182
23.17789
33.13029
35.01207
4.79264
10.00595
18.46183
24.96435
36.64331
3.39567
9.09039
20.84584
24.53807
26.02272
7.18433
13.78839
21.62742
25.54078
28.63323
12.14849
22.44507
24.94837
28.98106
29.10233
9.71796
11.98932
17.59312
32.23116
37.90761
9.19813
20.36824
25.51619
27.95308
29.99574
9.82185
16.68455
24.25391
33.01319
37.82450
3.81694
14.27670
21.10396
28.55308
30.59028
13.79596
19.59850
28.29252
32.17744
38.73167
2.63788
15.53945
24.81774
28.69201
32.99399
6.44424
19.62904
23.06694
23.44642
30.51018
4.59191
9.67328
12.90908
14.04489
16.60991
