9.15848
15.81623
16.13679
16.14632
16.27061
16.31885
18.84578
32.55790
32.92684
33.05484
33.33191
33.74292
17.95440
22.45108
22.57169
23.07268
23.28454
23.78534
8.42693
38.81411
39.16868
39.20343
39.94215
40.44971
13.42675
16.18745
16.26232
16.30954
16.84760
16.87502
11.46478
25.36612
25.58469
25.70354
26.03894
26.45214
11.53623
14.40837
15.05436
15.76263
15.83307
15.89617
5.73564
8.17255
8.39417
8.60891
8.79843
9.15250
9.82164
19.39412
19.53975
19.77484
20.39948
20.73663
19.56327
28.41638
28.96655
29.11996
29.43978
29.52531
3.92648
23.71488
23.88226
24.35380
24.97133
25.31863
7.03041
15.85838
16.78787
17.26213
17.39476
17.58867
6.46192
22.66060
23.12044
23.57980
23.83128
24.43130
8.69185
12.74546
12.85614
13.43796
13.64128
13.81726
4.20169
6.15552
6.54603
6.57346
6.77270
6.96577
8.01976
21.59699
22.01212
22.45231
23.36180
23.86199
1.31311
7.02616
7.46220
7.85400
8.33881
8.79435
14.31856
22.48319
22.55486
22.69354
23.76665
23.98667
12.95751
22.81805
23.14178
23.31079
23.58627
23.96098
28.55940
30.97548
31.49208
31.91928
32.47382
32.75593
0.26947
3.38263
4.15684
4.76786
4.87578
5.13812
0.99437
3.86311
4.30861
4.49320
4.56299
4.68302
6.60408
8.46003
8.62629
8.73506
8.92370
9.09658
21.64262
26.92171
27.00110
27.30689
27.84091
28.13779
21.48386
30.45744
30.63187
30.74565
30.82789
31.03016
2.57749
5.19057
5.43274
5.72506
6.05849
6.26615
2.15808
9.01767
9.17739
9.50946
9.58771
10.14910
2.41816
28.38681
28.70908
29.14501
29.29978
29.46646
17.37512
43.28193
43.33771
44.11305
44.20919
44.56880
44.60769
57.01631
57.30833
57.54381
57.67892
58.10938
15.73980
20.80207
21.54013
22.04681
22.39995
22.49222
3.58089
10.91561
11.00934
11.15068
11.47899
11.64027
6.41501
18.18220
18.29457
18.48835
18.73598
19.16861
6.39154
18.06750
18.35369
18.39650
18.70671
19.13158
8.42220
25.38944
25.49203
25.70315
26.10033
26.37952
11.18353
11.67731
11.70508
12.00532
12.55407
12.81037
14.45658
19.97870
20.05856
20.25541
20.68729
21.11505
8.67471
48.01687
48.07610
48.30749
48.52844
48.83901
6.55275
12.75700
13.54311
13.75244
13.98664
14.56981
11.70986
22.80034
23.31387
23.37739
23.85400
24.30972
4.90534
9.37730
9.46679
9.59713
9.84152
10.04056
0.94004
4.17113
4.48381
4.92514
5.10972
5.49124
11.10642
19.91931
20.42400
20.80218
20.86252
21.15171
7.33595
17.58157
17.90066
18.09685
18.42006
19.69086
6.89439
12.23788
12.29911
12.57598
13.03711
13.21403
4.69668
24.97511
25.20508
25.27137
25.51221
25.95257
10.24376
27.96000
28.24515
28.34645
28.39793
28.62814
7.66735
21.38396
21.84105
22.19945
22.63368
22.75496
20.23876
30.64579
30.82198
31.14416
31.41154
31.61376
23.95409
31.83299
31.87292
32.16106
32.48158
32.56948
2.09372
27.38883
28.06270
28.16923
28.19380
28.52594
3.81999
16.91985
16.92053
17.17972
17.44095
17.47736
9.89829
17.37609
17.76951
18.43714
18.49739
18.57730
21.17725
23.66822
24.16649
24.81973
25.69585
25.87436
7.90746
15.90501
16.39256
16.49970
16.80279
17.24152
6.25077
12.62792
12.76151
13.07216
13.10737
13.69376
13.74962
30.20005
30.28478
30.42203
30.85169
31.03297
13.06200
20.19373
20.53069
20.97166
21.10704
21.44109
0.17106
16.37268
16.65603
17.08263
17.08383
17.16864
1.70265
10.76440
11.27854
11.43903
11.46508
11.83889
8.15892
52.99247
54.01676
54.49422
55.10657
55.17572
14.58094
30.77737
30.96740
31.00184
31.26549
31.45435
8.29852
19.81325
19.86406
19.98777
20.07867
20.68214
8.84317
36.52224
36.76478
36.84474
37.09545
37.50553
3.25371
20.60023
21.14476
21.14511
21.54701
22.09891
2.04321
10.23331
10.37135
10.48075
10.55639
10.73828
14.44170
18.04486
18.45467
18.60075
18.96865
19.31814
7.29433
12.08010
12.26450
12.37891
12.64530
12.97651
21.04819
31.39426
31.89968
32.03047
32.06502
32.96190
7.27100
8.57391
8.74423
9.32316
9.77935
9.79828
7.67156
14.88805
15.06055
15.20354
15.23719
15.54589
9.34197
15.22028
15.60006
15.83892
15.86206
16.22386
2.64373
15.83259
16.26494
16.39529
16.71188
16.76545
12.85259
26.02656
26.65562
27.00054
27.25511
27.46068
18.45731
20.99346
21.19189
21.64012
22.10161
22.53552
4.57972
13.24739
13.46523
13.67406
14.27962
14.96027
10.54014
12.87776
13.50396
13.99625
14.14475
14.28468
30.97535
56.80588
56.96900
57.37362
57.78624
57.82557
8.91106
32.65485
33.00175
33.21403
33.42773
33.95636
3.15755
12.12056
12.23584
12.35523
12.58999
12.90799
5.40386
9.27987
9.92130
10.48105
10.70588
11.00621
11.35247
21.11410
21.55609
22.17172
22.66088
22.95346
4.39615
14.32232
14.61997
15.09781
16.12622
16.69511
7.35756
37.10654
37.47121
37.90466
38.25559
38.70244
10.47325
14.48919
15.04615
15.14502
15.42733
15.81357
19.72633
29.20058
29.34662
29.49101
30.55414
30.78885
25.13377
62.14562
62.66311
62.80722
63.10847
63.16000
4.03050
11.02595
11.17154
11.43727
11.81894
12.01007
5.90548
10.87338
11.31515
11.35245
11.60667
11.69467
7.40424
14.39032
14.42071
14.60846
14.93380
15.40983
19.08564
22.03206
22.51799
22.75005
22.94377
23.30608
4.21628
10.65527
11.21789
11.34235
11.64618
12.36952
4.85462
34.49408
34.73358
35.08364
35.26050
35.53219
7.74224
37.60507
37.98054
38.20413
38.42633
38.48745
7.97051
9.88653
9.96475
10.06844
10.43329
10.68280
14.02044
22.62926
23.22908
23.83515
23.99017
24.26568
9.91354
19.50883
19.57674
19.96986
20.80196
21.11786
6.47645
21.19906
21.31219
21.49811
21.97242
22.12209
12.05719
16.26488
16.29862
16.39169
16.53710
16.57769
1.09867
10.57324
10.62177
11.31008
11.50928
11.97224
