5.66795
9.54889
19.83552
30.50276
36.43789
52.89876
63.15067
71.57548
74.10315
83.83772
94.28630
104.74210
107.86405
111.14237
120.40503
129.42652
133.07604
28.82706
39.43305
51.56920
54.92590
71.04438
83.22956
87.58012
90.97900
99.69995
103.89109
105.85147
111.82860
116.78755
123.45392
123.90764
125.85927
127.58947
2.12694
3.18301
8.21404
14.63061
23.30006
27.87286
32.71381
37.24636
38.12112
42.57912
46.98225
53.95159
64.90215
67.52416
80.25665
82.41030
95.25001
7.16468
10.21251
11.31770
16.51414
39.87040
48.17313
53.09405
58.95514
68.58865
77.40934
85.26348
95.14544
100.09153
103.27091
109.37665
112.21549
113.62487
5.15797
14.59324
23.06763
31.89324
47.42080
49.02488
54.49208
61.02338
77.14212
85.55953
90.61727
93.79807
99.47646
102.95225
118.87000
124.83080
133.53580
6.30999
9.47039
10.96453
19.15382
25.24297
27.38015
30.94331
33.43570
34.44850
50.18265
60.39298
69.84372
69.95407
78.43104
80.71557
90.18130
94.82291
2.99932
10.36974
15.76622
21.45500
22.21577
27.40286
34.56624
41.25761
51.75867
57.52723
79.13702
92.60102
125.02764
131.83961
145.09045
155.19993
160.69503
4.42703
6.69111
17.22834
21.14575
26.76268
28.62417
35.28319
39.04956
48.67749
57.26707
60.41683
62.22697
66.27494
72.00820
78.84095
86.57822
105.09384
6.52026
12.15032
25.44962
35.93902
43.57154
46.36054
49.86699
58.00920
71.19570
79.18118
86.52975
93.35958
96.20260
102.30456
117.34407
120.02230
123.05507
5.99193
8.20686
14.81795
18.14920
27.73952
37.09503
48.78509
61.65906
78.71993
94.75878
95.45752
101.14315
106.50432
113.34285
125.70589
132.79120
142.20366
6.07746
11.83593
14.82824
17.49620
26.80966
31.40497
45.18429
56.53188
59.01139
66.33961
68.96287
71.87914
81.79396
85.86078
103.81015
107.53354
117.08615
1.53115
5.41098
7.42241
18.94586
21.68826
25.22936
30.07041
37.59388
56.45778
59.89213
68.00766
72.70574
75.06496
79.61388
83.07333
84.84667
91.49268
19.97698
37.07217
37.36359
49.26477
51.85391
53.53151
59.36784
68.26416
73.21719
76.95717
102.96400
109.91389
110.78241
123.93753
130.55565
132.58596
144.86236
11.97366
15.70745
20.76712
28.56763
36.34342
39.91544
50.70902
57.95889
60.81358
64.14232
74.44719
82.09052
92.71213
95.48649
98.29401
103.54683
120.08241
3.22129
10.06535
12.74790
18.21618
26.56495
39.06640
43.13281
55.42689
65.20812
78.10593
81.60539
85.06902
87.29232
93.74515
104.46911
115.31709
118.45341
24.06075
34.12750
41.12263
56.28880
87.95348
93.45741
95.76510
97.39320
114.43205
131.93245
134.43904
139.41107
143.62531
160.01279
172.31190
175.39867
176.53873
10.66372
22.06748
24.24215
30.01338
39.42015
59.24143
74.34759
82.42946
98.10176
109.93552
114.45703
138.97261
141.19337
144.39541
150.13226
154.64346
172.33082
5.45204
8.63852
9.65381
13.85239
29.64603
39.69334
40.53206
57.28644
58.90387
62.96999
68.92039
69.54191
85.86752
104.53594
112.92189
132.85323
141.04632
4.79819
7.63044
10.27758
12.72767
15.08774
29.54203
35.39407
43.44169
61.60605
71.27963
82.56714
85.54766
92.83970
100.51036
104.16949
108.57911
130.58109
5.90223
8.12967
14.84720
26.53203
34.91643
41.85953
46.85637
72.57221
74.40688
77.77569
79.65445
84.70700
94.58469
97.20271
106.28071
108.36901
112.36648
2.27359
13.71537
30.55021
34.46015
44.41282
47.83307
51.22341
54.59752
58.78266
66.74841
69.34941
78.24397
86.40883
87.03791
95.03897
111.32395
118.19548
5.71765
9.27155
17.67857
31.29725
34.87370
51.16921
54.76363
57.15345
66.16803
76.00902
88.35122
95.96996
104.92466
118.87344
121.54354
124.66976
125.22773
16.99042
27.71448
37.65969
44.25398
45.37588
55.54136
57.25632
60.23545
63.19469
73.32513
78.75286
105.34750
108.66705
112.28502
122.18666
122.73075
129.47065
11.72236
22.72063
28.35750
33.48668
37.10531
47.44136
48.72460
51.39816
54.39340
70.81597
81.73171
95.11758
98.08579
99.91140
106.17533
113.26831
115.50070
3.80265
5.97460
16.74082
21.15233
27.59554
35.04786
47.18706
55.00352
63.28837
80.97178
84.18951
93.99815
113.80543
121.90210
126.54464
128.73958
134.83412
2.42389
14.34099
16.41158
24.55851
29.65591
44.04506
48.24853
56.69105
59.73001
70.41358
71.74336
74.50963
78.96458
81.04361
90.24215
104.77286
111.87920
10.48437
13.41382
19.88454
25.19939
26.22515
31.97557
33.05111
43.98232
53.29941
58.45197
63.31463
76.85878
78.95678
91.91295
96.79650
106.85467
107.96679
10.67071
12.00572
15.45641
17.26636
20.60146
23.45519
33.89831
35.31542
38.40461
46.90422
54.52464
68.91292
70.96227
72.54945
80.61434
84.15245
85.34914
2.22839
4.09620
18.21207
21.91776
22.90695
24.89769
36.50917
42.39826
46.95059
54.51330
59.06277
66.57001
68.10594
72.80507
83.21338
85.83619
89.25527
13.22334
22.56326
37.42036
39.82815
44.10183
49.24567
58.53071
92.89972
100.15235
101.71382
113.75389
131.12477
148.81153
150.71136
156.91231
179.04443
190.76512
12.18751
15.65754
17.99931
23.50787
29.89643
36.18775
40.92907
52.56268
57.48145
68.98194
82.96241
89.16824
96.72249
111.70621
117.37289
123.40116
123.71064
5.75224
16.29227
16.91051
20.96341
31.35357
35.44737
44.27790
47.47180
54.68125
58.00148
65.23384
73.63825
76.51227
81.81644
97.88786
104.59132
114.73178
0.40288
13.03583
20.24268
26.98264
33.41164
38.29054
48.90448
50.54515
59.15996
63.58904
67.80928
86.29488
105.58493
111.30917
116.86183
122.54413
127.07713
16.43651
25.46248
30.93113
34.90170
41.16432
47.22964
50.67940
54.19417
55.60785
68.80521
86.18562
96.29493
98.37213
101.18146
117.67558
131.14542
131.80320
1.15646
3.47988
18.99381
21.13537
25.36498
44.45826
48.92922
58.17336
63.22459
70.17398
92.95240
102.12703
103.56502
111.39749
119.47113
123.26212
134.54544
1.02100
9.01447
15.99797
21.09045
25.99362
27.66853
34.32947
46.41293
50.70493
62.69940
67.47448
81.00625
81.91988
86.76611
94.92142
97.68911
103.88052
4.94818
14.69579
17.82138
30.64262
34.27305
36.87362
41.96560
47.07936
51.78555
53.97416
58.08053
74.24647
82.66896
97.30104
104.19376
106.14242
111.03903
5.72841
16.21758
18.58070
23.07349
24.56265
30.99907
44.90985
56.90536
65.62307
76.61656
87.08928
94.61184
100.05540
107.30688
111.24615
120.65189
130.37629
3.73663
9.78744
23.04732
26.79760
28.42651
43.10363
50.02025
71.50219
77.22051
90.13465
90.66843
93.20774
103.90241
110.54767
112.78818
114.14498
120.77351
9.42187
18.20904
19.40989
19.71445
32.23282
43.09310
46.61323
54.61281
63.34145
72.81903
77.08220
78.58738
85.72869
93.01898
100.57374
101.36590
113.23226
17.76915
25.45145
30.89506
44.34169
49.64411
62.40232
66.58274
69.92756
73.71029
81.48947
82.25880
85.86685
92.71716
95.66563
102.20904
112.54114
124.29605
15.47951
18.07659
28.20543
40.80233
50.61291
62.59704
67.04464
70.03215
71.04666
85.58478
90.39167
99.31475
105.64026
108.12785
118.55021
129.81039
132.02355
23.02444
31.91318
36.40441
39.37094
48.64816
55.52932
57.86558
63.50944
64.51323
67.41356
68.86294
70.34746
85.23509
86.34447
104.87247
107.76470
117.72631
6.89489
7.71831
20.24143
30.26051
35.20444
48.77704
55.91431
58.83706
67.64815
68.23197
81.34653
84.67426
84.89020
89.60493
96.10823
99.87758
108.31231
23.82964
34.25107
52.12885
55.71729
61.49440
62.88634
71.65709
76.40969
77.67914
86.31593
86.92388
91.46658
94.17871
115.37919
130.16712
133.68293
141.25428
17.40842
26.48043
37.37242
38.87292
41.81603
47.04016
52.87558
55.72688
58.94279
61.24013
66.92406
74.70490
78.01379
92.97643
103.79108
108.82131
117.75548
0.95560
22.42213
28.93156
42.79362
49.74197
52.97660
55.34339
64.28024
75.92068
83.17930
90.56841
94.75076
99.91664
103.12699
103.48535
104.76823
113.72616
10.65235
17.32968
28.01388
38.24868
45.72587
64.17764
70.25196
85.24041
99.82854
108.81709
112.94158
120.56443
136.87844
137.18715
143.03169
156.59351
160.02500
11.49690
20.33212
27.31760
29.82028
38.21855
43.77657
49.77324
59.84048
75.58373
78.01446
80.28341
84.46458
99.29603
111.47493
121.86249
144.00667
149.00552
9.91357
18.67001
20.09254
24.96210
30.05013
35.61521
37.48677
40.38973
64.35588
100.32393
108.89481
113.43754
116.05764
124.06462
130.31227
137.82575
154.41547
4.82558
18.94373
40.87986
55.45059
58.54013
66.74381
77.45219
86.11522
87.69161
91.58406
102.86446
116.74869
123.17807
126.39322
134.42948
138.13428
138.81225
6.28122
23.36455
33.37599
38.91733
49.79272
54.16016
58.98746
65.34573
69.09544
73.46505
83.32338
97.77876
100.97866
102.76820
109.67528
121.13617
125.17737
7.89750
9.01660
14.87676
16.50088
17.83566
29.84832
42.90255
57.51987
64.32342
68.16006
69.11024
74.07990
97.29932
99.09536
113.07734
118.85882
124.86020
5.16063
7.85858
33.81579
41.98625
46.91629
57.78839
60.78941
78.32938
79.75860
103.45192
107.79295
119.69434
125.13182
131.39613
155.52583
180.65124
186.50669
14.27109
15.31624
27.04754
31.99853
48.15369
55.21927
63.82558
74.56530
99.87631
100.96789
109.87608
114.55591
118.21092
143.03236
150.42679
162.56869
166.34144
11.41902
20.96027
41.50470
44.49883
50.67522
53.58018
61.59235
61.84259
71.36877
76.47417
88.14562
99.03527
107.71479
111.54775
117.12332
123.08046
130.44586
14.24364
35.64137
47.19287
60.85589
64.18547
70.64229
75.65629
89.39072
96.00286
106.33003
109.08341
112.21533
123.98702
132.38199
137.26081
143.71793
160.08425
8.16191
14.93304
26.65455
33.80411
34.81023
58.01018
62.55332
77.88573
92.33496
93.41547
110.51736
118.58686
123.72507
132.33076
149.42704
163.09332
165.31189
13.13582
21.44806
36.43547
41.12795
42.99210
44.02946
44.56172
49.20475
56.96195
74.12676
77.02966
79.10127
81.82397
90.70519
95.86004
108.86466
109.08038
12.63708
19.21562
28.23869
40.26242
46.97354
53.69269
56.07947
58.29697
68.34603
76.19629
83.78016
92.81435
94.80868
98.65299
107.89751
109.77232
119.28160
13.49378
16.08363
32.24945
41.95712
57.17357
66.41742
74.59517
98.78143
107.74917
109.36394
123.77373
126.68996
130.34523
140.79545
156.23549
165.80310
169.48188
1.83963
8.63281
26.35556
29.25611
30.63703
63.64337
65.67468
77.71914
82.88211
93.85543
94.63390
97.53428
117.06927
121.68977
130.87406
134.94864
139.12497
12.77362
23.43996
29.35944
34.67577
47.21777
56.24978
60.39780
70.23756
73.12912
73.69053
82.25411
89.87186
99.41732
103.96588
105.80798
107.58539
109.97039
10.63719
12.23883
21.72327
37.70767
39.42086
50.54042
55.08716
58.42648
64.74143
65.71699
80.02202
80.84791
82.92150
88.30107
96.36807
104.35946
120.93364
6.09124
8.31610
9.95837
16.95565
25.90376
35.82974
49.96139
59.82290
66.41494
69.42735
73.83703
79.52839
80.39774
84.24347
94.21349
99.90320
105.49433
11.34541
26.03182
39.12201
45.43596
55.91051
65.24234
67.39800
77.58868
92.09984
106.73401
127.93944
132.93472
144.65163
153.83350
163.41700
193.67837
200.44426
2.51354
11.53097
43.38043
47.72316
53.83499
60.76217
67.27168
72.34512
73.91276
90.34308
110.30072
119.45910
129.76989
132.35415
136.00914
139.05711
142.49278
1.16915
7.87839
29.11572
47.95209
50.75381
58.21932
58.27459
60.57605
66.37540
75.54867
78.49329
84.45861
85.56485
91.28729
97.22692
102.24409
115.19432
2.92556
5.23326
6.23193
17.29030
25.61175
31.57925
50.37161
57.64972
73.63066
87.38388
95.37732
103.10967
106.26401
111.14998
117.61622
124.01231
135.66924
10.30768
17.44228
26.49866
31.99403
48.56903
54.19963
60.67498
76.72192
87.98389
88.15218
97.43347
111.19858
129.89721
137.59187
142.70791
145.74784
145.81027
6.63055
17.15211
27.00157
45.69755
57.07812
66.87535
76.62593
90.27115
98.69273
103.98916
113.32184
124.67273
128.02315
129.79304
131.86114
133.64142
141.94140
28.28005
32.46866
39.92637
52.85645
53.88134
70.34046
78.14748
84.46785
86.60262
92.40272
98.16236
99.34555
104.42464
111.53299
112.11669
132.22100
140.59178
27.68603
31.46371
37.38263
40.20892
43.01814
54.36856
57.87839
61.81114
71.41088
76.91089
89.20099
98.66241
104.62636
108.70138
113.03525
116.45053
116.76911
4.85800
12.17031
16.58528
33.60596
42.56392
54.08812
59.58589
61.98061
66.20933
81.03478
85.96728
111.66337
111.77356
118.83661
127.86589
136.48162
139.41851
2.33532
4.63879
14.92912
27.29302
33.72778
49.42931
50.19405
56.17290
61.91590
82.04652
86.04539
99.39463
105.42802
109.73106
111.98435
115.13552
122.94388
6.35336
12.59843
25.03020
25.40240
33.44063
47.32038
59.40188
66.49763
66.97013
73.23813
75.11410
86.08953
88.38737
96.34104
111.86675
115.42198
118.34345
6.28176
22.17551
32.67807
45.31363
54.33576
61.19125
65.98317
79.80867
94.42010
114.99537
128.06386
131.13436
132.61902
136.63672
143.92786
150.65852
169.26569
2.67074
12.70665
19.23879
23.11248
33.84892
35.36469
39.26343
40.06224
53.23268
58.34109
72.46541
87.79943
94.05348
96.00604
105.94021
129.01911
155.45703
5.89061
21.56456
56.07326
62.30689
66.91903
105.64315
113.15010
132.09983
143.14756
154.13469
154.65179
164.07452
176.20366
183.49520
183.75115
188.05184
192.50146
2.06875
3.16460
20.75240
25.94129
39.70288
44.54291
54.01447
56.73592
86.80135
92.77423
96.82117
102.71902
105.33771
111.22492
111.64856
121.92775
161.54404
10.61011
14.23473
18.88461
29.67385
31.17833
37.27102
51.21796
55.41956
96.12916
102.89594
103.55372
131.76218
136.83436
140.91968
143.28985
155.81880
167.10526
6.57101
11.91649
12.78952
20.36087
48.48790
73.68092
83.04265
91.88522
103.35856
113.01102
124.31455
125.80542
134.54902
138.19893
150.93490
152.74986
158.07650
11.26463
19.92523
23.58024
33.16270
41.98576
49.59252
52.28924
76.68203
78.34247
83.93359
86.59725
94.25626
95.69511
109.16312
117.51367
121.33489
130.00971
10.72596
15.22816
19.88846
28.69606
37.72094
39.91437
52.22076
59.71033
62.13609
64.58564
68.55429
73.17582
76.00725
77.75115
91.71799
107.42266
127.59791
13.78479
21.40793
52.46090
68.67054
73.15132
89.22870
103.31035
104.28347
115.45772
117.83115
126.85774
129.59022
135.20872
135.78732
137.40367
142.32561
158.94019
2.77692
20.96366
40.85389
42.53675
49.95058
54.74209
65.83953
86.48743
95.58405
105.44552
112.10166
116.89327
120.13406
122.00388
127.92244
136.81305
146.06583
14.62105
26.72737
44.95913
56.73187
60.66954
83.39561
86.58430
90.92617
94.89957
96.94032
104.06672
104.47909
106.12874
109.28904
110.96643
116.65390
133.39034
13.77606
18.61482
19.91324
29.75398
31.00886
40.73405
43.66406
48.72625
54.85154
60.75269
73.57543
84.82709
116.59290
121.27151
123.31095
125.10343
128.01382
1.81741
33.97872
35.16993
38.04071
69.43608
79.51034
86.39297
88.98502
101.51443
109.37606
112.46028
120.44712
128.73400
137.58160
137.82242
150.34225
167.23792
4.40525
13.49022
23.21933
27.79771
36.04265
40.36866
54.82960
63.86183
70.34418
81.05868
87.00409
90.61272
96.91859
102.79059
110.44642
120.10305
129.06254
2.85870
4.38101
10.94063
15.96575
19.85219
23.17182
36.55839
43.73745
53.44795
60.88401
69.81824
81.43167
88.99085
91.85205
107.20534
116.94525
129.76697
4.61551
16.02493
22.92830
31.74375
43.64620
48.07546
50.42221
54.17042
68.78590
73.91401
77.48002
85.72045
102.72621
109.38479
125.66208
128.62156
131.90307
4.28036
20.58838
28.99730
32.33317
36.81140
43.56405
51.65070
54.66937
57.80271
60.50110
86.25409
87.41934
91.00306
95.86431
102.26314
107.25467
109.21185
13.54902
15.92941
16.43850
19.66343
19.81649
24.16548
31.72862
38.08418
46.26515
57.26794
60.71425
70.02566
80.84355
87.78305
91.28791
97.66335
102.99148
8.00157
17.60440
26.25943
28.47637
31.36785
42.34403
64.70853
69.11479
73.87246
79.61164
85.61943
91.03084
102.44383
104.96188
110.91141
113.41269
132.26370
13.62509
29.34091
38.46076
46.99657
54.58479
65.63607
83.52503
92.50415
103.52986
106.51197
107.98915
118.20055
121.37005
125.54535
136.32247
139.50861
151.51103
2.80899
10.06714
20.02322
34.41051
35.82318
41.36860
44.02702
46.37961
52.90477
70.24609
73.93331
76.93021
82.08386
85.52070
86.90853
87.53870
101.51253
3.02968
20.46206
33.80573
43.93040
48.74096
58.33762
73.44321
78.48784
96.90087
104.76796
107.95825
116.87216
117.90934
123.53640
130.55694
134.78320
135.40077
9.33725
11.04260
22.98090
27.27954
33.80636
39.53751
47.75490
51.73947
55.74262
60.29816
69.82550
79.87837
84.21466
94.51139
98.21820
105.49294
121.16921
6.88160
16.23710
21.73589
25.30010
30.41764
39.56766
52.30052
57.37222
66.03724
76.33590
82.88855
85.48749
87.89105
104.45349
136.16807
158.79311
161.43652
