0.61998
1.00347
1.74154
2.04881
2.61933
2.95274
3.26734
4.03531
4.65031
5.82281
0.47001
0.78625
2.10182
2.66895
3.24589
3.54112
3.64087
4.02535
4.83293
5.37849
0.84503
1.72073
2.63430
3.21157
4.03253
4.34508
4.72672
5.35501
5.85830
6.63995
0.40987
1.29413
1.44172
1.62089
1.79969
2.98654
3.63767
4.03510
5.17160
5.97939
0.35644
1.83331
1.92579
2.05827
3.09314
3.51175
3.82440
4.34033
4.53065
5.14554
0.99841
1.09669
2.23502
3.01359
3.44509
3.63605
4.09213
4.77103
5.52446
6.08403
0.79618
1.04404
1.41493
1.86474
2.58889
2.79727
2.98462
3.97226
5.59362
6.19803
0.44528
0.72217
0.93890
1.82602
2.59690
2.97660
4.13255
4.53118
4.94273
5.72041
0.30716
0.98776
1.78809
2.27239
2.85371
3.29066
3.58702
4.33726
4.47546
4.86270
0.77170
1.42976
1.73171
2.01580
2.66390
4.02034
4.78535
5.17953
5.43985
5.94286
0.46820
1.28042
1.67024
1.84690
2.44419
2.68842
3.25959
3.60147
3.91934
4.65923
0.67064
0.95148
1.43271
2.34437
2.75081
3.49281
4.13759
4.51905
4.78514
5.36205
0.62230
1.05297
1.47934
1.87260
2.59259
3.08444
3.29063
3.89208
4.14515
4.69940
0.67307
0.89128
1.28186
1.67064
2.08297
2.61210
3.00557
3.77620
4.02012
4.93340
0.09848
0.83846
0.96121
1.28841
1.54096
2.08006
2.57449
2.70433
3.32685
3.79222
1.06605
1.70636
2.06907
2.47660
2.64538
3.68195
4.36453
4.50346
4.76616
5.65826
0.55814
1.03811
1.70025
2.44797
3.02095
3.35762
3.44450
4.24383
4.72375
5.46373
0.34264
1.75673
2.38364
2.70044
3.59462
4.19376
4.89578
5.37882
5.53135
6.40386
0.64237
1.65048
1.91994
2.11273
2.44468
3.14908
3.67470
4.26166
4.83275
5.27607
0.53119
0.99922
2.01929
2.44957
3.49080
4.33394
4.90743
5.20726
6.18081
6.75400
0.58837
1.31555
1.55290
2.23040
2.88667
3.01458
3.54601
4.05185
4.84862
5.22780
0.26036
0.47267
0.64843
1.68299
2.33992
2.70292
3.27985
3.84803
4.61317
5.23612
1.33166
2.06064
3.08334
3.63165
3.92573
4.97515
5.07549
5.17318
5.68464
6.20577
1.40642
1.69314
2.13660
2.93611
3.48839
3.76114
4.48314
4.88813
5.33374
5.64367
0.20119
0.71112
1.51261
2.08678
3.00305
3.45567
3.62682
4.29819
4.63502
5.76419
0.93253
1.31160
1.63297
1.82618
3.16653
3.89512
4.02705
4.38019
5.14990
6.00565
0.22849
1.24224
1.31915
1.61042
1.76421
2.21830
2.31632
2.42249
2.73557
3.06152
0.29640
0.96375
1.10563
2.45390
2.64001
3.30695
3.51543
3.80205
4.30880
4.84618
0.90220
1.42177
2.09098
2.20699
2.75770
2.95337
3.51491
4.39283
5.00878
5.47879
0.65051
1.26048
1.65643
2.13711
2.63900
3.01359
3.18457
3.79561
4.21224
4.74906
0.59181
0.79916
0.93042
1.25084
1.72806
1.96893
2.40821
2.61229
3.01587
4.14573
0.89543
1.93064
2.55107
3.13935
3.46712
3.66406
4.30447
4.94680
5.01160
5.80941
0.19968
0.60237
1.67242
2.15474
2.56867
3.08576
3.86786
4.06319
4.17481
4.69501
0.69146
1.47555
1.69789
1.93684
2.84108
3.54204
4.11229
4.64561
4.73824
5.03950
0.56482
1.28772
1.57466
1.78274
2.33567
2.64305
3.36138
3.68463
4.00637
4.61008
0.19380
0.80022
1.44763
1.91801
2.71181
3.41581
3.91022
4.09936
4.36619
4.97589
0.38193
0.98192
1.33875
1.70693
2.54565
3.82935
4.38845
5.67848
6.03867
6.58918
0.66552
1.43583
1.63390
2.16634
2.20383
2.64265
3.86777
4.06110
4.39873
4.97373
0.59853
0.88822
1.53853
2.10742
2.13718
2.51829
3.03906
3.79989
4.09448
4.36341
0.46416
0.67788
1.10451
1.93464
2.26587
2.69107
3.05085
3.93549
4.69561
5.94361
0.65979
0.90766
1.11953
1.55822
1.90421
2.64464
3.05166
3.90319
4.02942
4.42457
0.47336
0.62439
1.66560
2.20195
3.05930
3.42972
4.21037
4.69101
5.12248
5.53338
0.51167
1.45850
2.22766
2.43619
2.58461
2.87918
3.61818
4.37014
4.95041
6.06760
0.72738
1.43769
1.82858
2.72282
3.22855
4.02507
4.43200
4.85437
5.29254
5.61873
0.57526
1.11995
2.27767
2.89900
3.45249
4.06067
4.64087
5.74367
6.58110
7.56034
0.45694
0.62333
1.55748
1.71648
2.09274
2.43626
3.38729
3.57128
4.19479
4.63286
0.70913
1.26619
1.66087
2.58402
3.32632
3.94201
4.20524
4.85097
5.17161
5.54216
0.44208
1.20157
1.48723
1.57260
2.38231
3.01258
4.03401
4.51711
5.84506
6.14044
0.46947
0.84131
1.21651
1.67690
2.03856
2.35525
3.01729
3.36879
3.73444
4.02146
0.50488
1.17115
1.69435
2.45605
3.30449
3.41950
3.58279
4.61143
4.94353
5.32579
0.31151
1.16291
1.87879
2.46804
3.38268
3.58376
4.14922
4.43668
4.90433
5.45765
0.46286
0.88371
0.97445
1.80214
2.31197
2.60813
3.13184
3.81867
4.18317
5.05238
0.30483
1.46477
1.68155
1.94530
2.31078
2.74978
3.45234
3.85487
4.77143
5.56152
0.38125
0.85609
1.17319
2.34686
2.77243
3.21550
4.31823
4.44992
4.82872
5.62116
0.87331
1.32764
1.75873
2.41287
3.56365
4.05850
4.61573
5.31029
6.47359
7.68819
0.64845
1.38641
1.74660
2.05919
2.53602
2.79268
3.08410
3.27685
3.55022
4.14766
0.23735
0.70846
1.14287
1.87301
2.00357
2.40395
2.51263
3.10500
3.55444
3.94372
0.45742
1.27053
1.69381
2.00130
2.94803
3.27302
3.27785
4.00570
4.46152
4.84325
0.14276
1.03233
2.32493
4.06288
4.45906
4.97325
5.63150
6.18950
6.63498
7.31520
0.60428
0.83910
1.13251
2.05231
2.18767
2.42445
2.86595
3.70653
4.02274
4.30894
0.29426
0.91027
1.36004
2.12789
2.22000
2.84974
3.61296
3.86046
4.50870
4.96253
0.80930
1.31175
1.78863
2.11363
2.59277
2.84017
2.95630
3.04841
3.58222
4.12265
0.86488
1.34050
1.88279
2.50612
2.91499
3.13871
3.88205
5.58554
6.20124
6.51535
1.20134
1.82300
2.44558
3.51615
4.01074
4.80784
5.41274
6.00827
6.36400
7.01085
0.28194
0.64015
0.89611
1.42142
1.60464
2.54278
3.04204
3.13801
4.00765
4.50845
0.67997
1.38913
1.63527
2.58378
3.75873
4.13431
4.73047
5.46978
7.57812
7.95952
0.60587
1.18850
1.61095
2.42498
3.11172
3.44498
4.34966
5.29600
6.37829
6.65247
0.22109
0.40310
0.60566
1.55418
1.97675
2.56916
2.95281
4.06910
4.81181
6.13330
0.82648
1.25187
1.53639
2.17553
3.01119
3.41856
4.07496
4.28944
4.67845
5.28267
0.67427
1.20815
1.59940
1.91861
3.13005
3.62261
4.09069
4.35407
4.61354
4.83776
0.47258
0.97913
2.13981
2.38193
2.94744
4.14941
4.85077
5.20378
6.13328
6.34399
0.62337
0.98181
1.54199
1.89816
2.77027
3.73583
4.57303
5.17955
6.09436
6.57810
0.22004
0.93209
1.31887
3.05241
3.47277
4.06416
4.81525
4.88534
5.54974
6.16184
0.89109
0.93041
2.14389
2.98183
3.52647
4.37911
4.95881
5.79119
6.08170
6.79361
0.77059
1.30579
1.81425
2.28154
2.77549
3.47602
4.57367
5.15306
5.57661
7.13837
0.70483
0.83035
1.16074
2.29857
2.81059
2.97210
3.29892
3.55080
4.14170
4.88875
0.80800
1.31550
1.63948
1.80148
2.02813
2.41498
3.60950
3.76607
4.32888
4.64807
0.89921
1.27742
1.80199
2.04492
2.14893
2.96665
3.60530
3.85149
4.02404
4.12745
0.07556
0.96902
1.39604
1.68618
2.27443
2.46074
2.97824
3.71738
4.04586
4.92617
0.92092
1.03915
1.34165
1.90456
2.48895
2.68144
3.66324
4.37357
4.94534
5.26351
0.25134
0.73269
1.17422
1.89019
2.61908
3.50010
3.91679
4.38520
4.75661
5.39862
0.58220
0.86627
1.75126
2.31879
3.05901
4.14441
5.05790
5.68844
6.16669
6.83058
0.10654
0.64779
0.96009
1.96519
3.06302
4.08282
4.20828
4.54835
4.85787
5.18102
0.99097
1.78706
2.18478
2.65756
3.95387
4.26716
4.84016
5.32284
5.68713
5.96342
0.92699
1.51647
1.84954
2.82349
3.28770
3.75817
4.53890
5.11729
5.57089
5.82620
0.40488
1.31453
2.05259
3.21040
4.11805
4.39995
4.63031
5.03161
5.68313
6.19246
0.80866
1.27711
1.97623
2.32449
3.08607
3.80344
4.31285
4.74281
5.20843
5.66748
0.51965
1.32283
1.76170
2.42671
2.72479
3.05057
3.51896
3.59153
3.77240
4.57303
0.34081
0.48649
0.97379
1.63864
2.33185
2.97655
3.82684
4.26589
4.63687
5.03813
0.61067
1.21179
1.58039
1.91925
2.65337
2.89297
3.73122
4.02718
4.87876
5.47154
0.67790
1.35303
1.76074
2.52185
2.88809
3.17051
4.43384
4.98813
5.53816
6.25938
0.38942
1.02461
1.72494
2.05147
3.25900
4.33107
4.69339
4.82552
5.32696
5.51396
0.34166
0.92823
1.53458
1.85778
2.37189
2.96242
3.78134
4.47472
4.52859
5.22408
0.43527
0.78872
0.96069
1.48770
2.39258
3.35100
3.90569
4.42225
4.77798
5.93736
0.37142
0.65989
0.89148
1.43908
1.93246
2.26856
2.52752
2.66172
3.52938
4.49994
0.49223
1.20704
1.61666
2.17676
2.38976
2.93377
3.43911
3.73412
4.25459
4.55319
0.31617
0.89553
1.22697
2.73364
3.52686
3.66438
3.90616
4.90977
5.21288
6.46811
0.68617
1.17974
1.32318
1.92671
2.22919
3.31138
3.59127
3.96641
5.02292
5.14863
0.36033
0.97163
2.13396
2.25546
2.60242
3.04707
3.55462
3.89910
4.68281
5.34272
0.43553
0.65039
1.12335
1.50261
1.77732
2.24106
2.81244
3.16508
4.08500
4.28464
