12.92309
19.97740
30.35556
64.52362
71.31113
76.56297
102.74283
122.19051
133.55909
136.60024
146.67621
160.13645
198.96705
216.06649
227.73321
244.53936
271.24827
309.80418
337.47063
359.91745
9.25391
16.21695
35.74476
45.82162
57.20364
65.53080
82.63087
95.96684
106.77010
127.73580
160.68649
178.24124
186.84874
213.74142
226.74581
239.73011
247.26589
256.28495
268.25040
280.90654
10.23980
33.33804
46.21525
53.80190
62.73481
77.35579
93.58209
105.66817
121.52610
136.01947
148.09930
164.39435
171.78967
193.74996
206.35964
210.50102
231.67170
243.26125
257.03220
266.69003
20.88702
33.82064
48.57377
52.48501
66.73847
90.46346
104.47614
117.75414
137.40248
149.75342
169.06125
173.15558
178.93537
208.24404
220.14881
221.22887
258.73365
277.64721
318.72135
335.45778
10.35680
16.85040
27.15465
39.82908
52.64279
76.41970
89.06328
98.70264
115.92283
122.33321
136.29916
158.56302
197.95637
219.43695
233.79095
262.71531
277.44388
293.29594
304.79481
311.42491
10.68485
23.97543
36.11599
57.65875
66.34404
99.12651
116.04821
121.47200
128.73205
145.74877
149.61575
169.67695
177.82959
202.79266
219.92376
233.75220
273.24118
285.10448
300.43899
323.19932
14.92063
26.74658
42.15921
56.97069
62.10456
78.45632
81.53364
107.87446
126.06584
147.02757
163.48767
186.83417
205.15392
237.14251
251.27936
263.74130
284.74077
291.53276
298.54346
308.54292
5.87407
17.53923
37.40775
47.00939
66.43855
69.40868
100.08542
113.00752
131.26353
150.92373
178.49026
197.16841
226.85047
239.93799
251.67564
271.44894
283.41582
296.59804
312.90030
319.38934
15.44778
25.28360
36.31163
52.01387
83.37875
93.98420
111.13081
126.26917
148.69143
166.19005
174.11487
177.73190
201.18645
208.41032
214.11458
217.27388
225.73028
231.93623
250.53140
267.75091
24.51127
37.81847
71.27018
81.02273
105.72631
119.64750
143.49069
155.93493
161.91133
169.24865
190.73613
202.32078
211.62907
222.50350
238.44636
250.99249
256.82761
273.74627
297.27019
313.83305
9.10615
20.92499
38.01254
48.41046
59.37813
68.93324
88.78137
109.74455
119.95872
126.29980
135.52138
158.26630
174.04522
178.30414
191.27677
209.05786
222.04053
237.95429
247.30646
254.83434
13.75828
17.88103
33.61890
36.54376
45.17156
57.84679
66.39298
81.75625
97.22069
101.67945
117.82576
141.55924
153.20804
169.29796
179.37730
195.92048
199.36705
211.84799
221.55977
242.80162
9.16518
19.57463
39.32274
52.91532
68.45172
76.92544
87.73039
96.92803
101.31873
109.94957
117.31134
124.49484
131.66954
147.89407
156.22604
159.43488
166.05623
176.72078
182.11001
198.14536
6.45550
21.93531
42.19078
55.07717
61.24086
83.62344
91.62569
94.32304
125.07601
137.67124
152.81284
158.23607
162.17853
172.47006
178.04640
197.39662
208.35662
213.69486
228.86351
255.40728
18.15141
20.99559
43.21502
56.13565
73.87741
113.60371
128.16786
143.72982
156.12572
169.98032
187.19772
198.56939
215.75259
226.09042
230.65617
244.81348
251.04736
255.31687
272.44940
289.30978
15.36132
31.20188
51.56776
58.53816
71.61232
84.50050
104.33860
111.95806
135.60663
140.38685
159.83078
163.41538
181.75540
190.11416
231.01925
236.37465
250.14288
271.03215
283.46626
297.56221
12.34324
28.15405
40.61108
42.30698
62.32025
69.86293
87.13379
107.85528
120.80981
125.06643
138.39783
153.21989
161.27587
168.07801
178.18333
191.32455
199.36589
238.11132
250.57762
264.93059
16.45189
37.53787
39.18421
54.25996
65.00688
78.30747
93.99483
99.26532
114.33061
126.85868
141.25521
144.75233
159.29066
174.93021
184.42775
192.02142
205.46871
215.30131
233.09054
256.09674
22.79060
27.96409
42.41473
61.05435
70.46733
90.94055
106.57887
137.01673
143.79615
162.35895
177.38339
182.75815
189.97418
206.32028
212.19816
225.70457
255.98241
268.95138
276.95952
285.37957
7.57371
12.04816
48.98683
62.48911
81.72885
94.84002
104.47127
116.81018
139.11637
154.98232
169.43371
175.58971
183.75803
194.31228
210.11197
224.41495
242.20317
264.04681
286.95280
293.35471
12.13428
21.57375
45.01495
53.99026
73.17219
95.66227
107.13165
129.29552
141.58553
161.32015
176.14137
186.74299
196.21059
209.11202
220.67669
239.12440
255.59628
282.75161
297.90986
321.08466
27.72491
57.02615
64.10594
88.80422
101.61429
114.25416
118.69343
134.27040
147.17541
158.21684
165.52155
198.29147
221.74537
233.20791
239.32709
256.93717
263.05717
269.52318
284.78465
294.63498
31.19386
45.03422
56.96254
62.98434
73.67160
89.59364
97.73130
101.97331
122.74961
152.97499
161.25429
181.82634
195.02910
213.34356
220.67312
232.65686
243.82825
259.48012
270.27545
279.29922
7.74090
14.04656
32.95010
45.29675
52.32060
59.31034
84.40091
85.59916
94.15185
103.45154
115.45023
123.35633
132.57726
156.84547
167.74824
177.43893
203.75298
222.71545
229.78926
234.01238
8.69925
28.17653
32.75215
46.77280
55.50341
68.07797
77.57997
80.82769
87.23861
92.75092
100.96576
106.97228
113.73207
122.33424
142.26266
154.08218
162.92764
168.29958
196.81495
198.20937
10.23479
20.19415
36.12852
42.27888
63.26520
93.15720
103.49267
122.68182
129.69158
150.45537
169.53472
170.29732
177.55041
201.08979
232.14925
245.39744
257.48850
271.50591
281.88851
299.76501
13.14040
18.67132
37.39145
44.09015
53.48078
57.43906
80.87635
92.66458
104.10921
111.11830
116.49988
130.33723
140.42750
148.25767
157.03562
180.66981
205.20366
222.56515
251.62282
261.63412
11.59840
30.70843
47.72737
59.61105
66.67482
69.02761
74.30763
91.64256
107.66088
115.46208
119.67020
128.85115
139.03588
166.49647
177.90886
200.75689
210.54619
217.52035
238.94325
244.00998
25.81830
43.88371
65.50188
70.11228
76.64861
78.90328
93.01668
126.22841
134.76610
153.57511
164.05032
176.87007
192.10116
205.78264
218.01644
236.67512
252.47625
272.18633
288.62263
320.90445
13.27473
24.38929
40.13732
54.75392
59.17177
66.81394
73.78292
89.82137
109.75834
130.65632
138.18019
162.25239
171.49930
178.86575
184.22301
208.94326
223.96310
243.17477
257.06545
266.59508
16.55147
30.50070
37.30670
67.23174
88.93580
97.34221
123.28480
139.95609
151.86589
166.15369
172.23286
189.08668
199.13734
208.99691
229.65522
256.53895
276.18804
294.74633
320.90110
357.74798
12.71247
29.40726
40.00489
43.00433
69.92796
87.31747
96.74681
113.29407
120.04380
143.71610
151.37443
155.07900
165.05239
177.46447
186.64060
207.64367
221.51553
230.14064
242.14818
262.52114
19.92137
31.31503
43.13969
60.40858
69.50988
77.05450
85.97496
100.30937
107.08625
138.44375
144.36299
158.75618
167.97077
179.51247
193.45267
205.40590
218.06299
228.60047
233.60631
237.75032
14.21505
18.34937
42.12061
51.48817
59.32056
73.13852
99.12012
122.52354
140.23043
148.12911
154.63960
168.41574
190.21826
211.46803
239.05300
244.64085
254.70395
272.83471
292.80704
314.95748
22.36356
43.39553
65.42247
72.90045
87.89064
99.91708
111.18571
123.65535
130.74515
135.39924
150.21271
160.53586
175.42950
201.71386
211.36782
232.00617
244.48023
263.70950
282.80647
308.26865
22.30625
36.82230
54.20756
60.89138
78.02575
87.44806
91.37056
92.91922
116.29805
149.36265
175.96435
183.40189
191.38380
198.41574
211.76974
234.41001
266.61684
298.78785
312.48396
328.37766
7.99622
15.52764
25.23872
40.58603
55.03165
61.34923
72.54159
82.70297
88.15769
93.66495
106.51730
128.57082
143.03298
153.31456
177.08376
192.84211
206.06127
215.05756
221.26354
228.22584
21.86853
26.41006
31.74680
45.91701
55.22778
67.68552
73.26961
87.04400
115.48511
131.87696
143.80395
152.02936
175.67021
189.98626
209.00474
218.62269
249.10078
260.27068
268.33223
284.69558
8.74885
31.76014
46.08207
53.88051
75.48251
89.77911
99.69940
116.20080
126.50004
134.50448
143.52122
148.49532
158.47535
168.91155
191.18165
217.44146
226.53486
250.74498
258.73364
274.95376
13.85955
21.04744
27.11088
34.82822
47.11458
55.07856
65.15339
78.99455
93.21330
101.25617
105.71970
123.39022
128.67514
152.70167
168.50035
184.27168
202.15986
205.24928
220.19928
236.44892
30.98641
46.06430
59.96185
77.62754
90.11366
113.97974
127.17877
139.68197
157.00338
178.60313
195.81979
207.28097
218.83070
228.54264
244.56662
261.83006
265.93800
278.54714
285.43542
303.76576
13.68232
29.27957
42.88504
57.00568
63.96666
81.24529
84.45554
88.22265
102.03564
103.92505
114.50948
133.60712
139.87717
145.24237
170.23537
178.67602
186.83450
227.49725
231.60029
256.21154
9.44294
20.34491
44.48305
52.18602
65.27364
85.53064
102.64922
111.08049
127.67027
138.16877
154.45457
161.08653
189.75731
200.93328
215.78616
237.27829
251.13641
260.89049
277.93704
284.25190
21.87872
33.58460
45.82119
67.07293
96.15926
107.73713
118.01914
132.63352
164.60795
171.56235
178.02011
193.54061
208.54397
217.54659
236.44840
244.47255
276.21965
303.19830
324.76467
360.84628
12.69499
29.65977
54.75247
67.69123
93.11655
112.57561
130.97747
133.19590
137.35546
150.71672
167.48201
183.74956
202.47791
210.78858
216.05172
235.10874
249.97669
267.11619
290.64248
296.76890
15.50885
30.95090
34.97981
49.69747
57.68824
77.32849
95.18691
110.15179
115.03532
129.81850
139.37195
154.80403
164.48973
176.62667
189.86569
201.98201
215.20764
228.94192
247.59661
265.10578
10.87951
20.79632
38.09910
45.84912
52.34270
68.33985
102.04628
107.94170
119.24542
153.38742
173.98331
188.26707
235.45288
261.27893
278.95580
316.30701
326.05689
338.38749
360.08935
363.85261
15.32856
31.06065
42.69957
49.36166
68.36123
85.69283
95.15244
104.72990
110.37043
122.79406
126.71823
135.05197
149.88388
170.93085
174.29594
193.44221
214.67703
231.72826
239.36788
246.69748
4.87952
16.73010
25.65250
50.87618
76.45100
93.50999
109.70849
130.55867
147.76221
166.10219
183.76018
202.55873
214.27757
227.00024
235.10400
244.54677
247.86592
265.71606
287.52921
296.08752
10.73705
15.56009
26.14312
44.92282
48.94772
59.02367
79.99471
103.19328
115.47409
145.20366
151.86520
159.39018
174.27258
196.69613
219.05924
241.41410
258.09682
261.33155
289.68118
317.48739
18.58932
37.40486
54.51468
69.90370
94.36350
107.00367
114.78948
135.64475
146.32795
167.48721
191.75778
198.86148
222.79600
229.18664
255.65749
266.27495
279.56501
291.58891
342.18614
357.72512
11.70891
33.11780
60.99426
90.86449
122.56443
137.63575
144.94663
152.85963
170.63567
180.74698
197.14221
205.17418
231.02737
240.40414
243.87890
256.95028
273.37872
286.51538
297.93945
304.90627
14.61169
20.55800
26.22677
36.20305
45.20351
47.00749
71.88812
78.85824
91.54240
109.48746
116.60503
137.84878
144.84191
169.63855
173.67227
195.99382
241.27031
268.00930
285.36834
298.50464
12.54957
27.54891
32.13892
37.27593
43.97700
53.69670
68.71679
82.34620
110.66551
120.31892
126.60908
139.44560
144.42909
151.75516
168.69865
178.54731
191.94947
202.54419
210.35464
224.88852
15.68996
22.97260
28.45925
58.06878
78.83352
89.54295
94.89510
120.53860
123.82659
133.96850
152.62923
164.39644
179.42961
193.89195
214.55128
228.02428
243.43461
246.51947
258.53480
266.80147
14.13967
39.73014
50.88516
79.86470
90.80941
93.06902
106.02561
125.74738
133.25747
160.40276
172.91797
177.43973
202.60885
214.15834
222.67727
233.38380
246.63955
263.27426
290.32877
296.80445
11.87328
26.30256
42.17902
56.77596
65.45201
100.18089
129.09001
150.46044
154.52639
173.35970
180.03661
206.47900
213.75050
225.91889
253.04686
263.53590
275.05104
278.41746
299.35086
323.43218
7.05638
18.12366
21.71993
52.61482
63.64695
77.14262
86.74608
109.91052
125.56760
130.89458
140.47099
142.90785
154.66899
158.53367
173.44291
176.86731
193.87899
202.95807
219.63136
229.29025
7.87572
39.55739
55.88707
70.46760
81.19921
118.17843
127.02964
139.32141
159.99158
172.88163
181.72210
193.40521
203.49696
215.11679
225.22287
238.50735
244.20163
270.07226
275.05223
283.47490
4.49986
26.44887
33.71378
44.83656
64.31302
74.16408
91.56026
96.65047
120.31965
130.37433
146.89013
158.50687
177.23779
205.33591
231.34155
242.31278
256.11109
270.18626
292.81764
298.07966
20.18275
35.47046
48.38348
53.08676
64.90629
99.03633
109.94375
131.03393
144.74328
183.12369
190.66595
214.21086
219.31166
229.88919
247.62978
257.17779
267.58983
280.45710
290.54511
319.71239
14.04142
28.82440
37.59473
46.69082
57.81488
77.21500
127.28532
138.27762
155.95227
165.32080
174.08871
185.06848
208.17164
215.32796
235.58809
252.44592
273.63925
278.82605
299.07286
300.86027
15.67508
30.84573
64.98781
74.77590
81.32420
114.31855
126.54170
141.46588
162.38361
177.46348
200.05337
217.53777
231.71984
245.87785
261.22590
276.97379
289.91935
309.05239
323.77156
329.65025
6.79969
23.05479
34.75185
46.51525
54.67756
68.19502
82.23481
93.80474
123.18508
130.75540
135.44512
156.20080
163.29775
174.73066
206.16644
210.00919
220.28488
234.77782
248.57885
257.30524
7.19427
20.52971
39.27115
59.57214
87.17542
100.10921
111.23172
128.36245
140.53500
162.15627
178.88188
194.84924
208.81330
218.30007
233.12367
236.84640
243.21741
264.53857
267.81582
290.44441
7.08085
12.98946
36.39870
46.37793
72.33223
77.71699
82.96056
89.94678
107.36124
125.64273
136.78251
162.42781
166.94778
183.60057
190.01474
200.44618
209.75874
215.39057
224.43513
234.52609
19.29376
29.89088
35.30495
60.74285
79.86409
96.17133
105.59649
137.64135
155.57130
161.07912
169.48006
212.24346
227.63279
241.31749
269.26424
284.29484
302.48147
311.37420
325.41038
342.74156
7.05592
18.17798
29.42794
40.71859
64.30867
68.85472
83.64926
94.14236
106.12982
114.98314
137.50332
141.69895
159.32087
177.28325
195.98019
211.82616
215.85681
217.55377
233.75662
248.00660
5.43821
19.02308
32.76182
50.40511
74.13739
78.76755
95.67469
107.21145
147.14925
162.76454
175.36183
186.16674
192.92567
198.13628
212.96434
231.90332
234.98608
249.91782
254.73661
265.17501
23.04125
32.96471
40.21493
49.47513
59.90659
75.63597
100.25093
114.81063
128.45831
131.86279
145.17561
158.92730
169.61589
184.39092
189.12231
207.21864
216.65378
222.81155
226.97927
268.29456
11.87763
24.49830
30.55644
60.26003
70.63791
102.80567
116.15526
122.01757
130.80862
151.62821
155.38921
171.10812
179.76269
194.14906
220.48142
233.05907
249.20431
257.65327
267.73464
280.28796
11.03872
15.04535
17.58787
23.91132
40.09222
48.22156
57.50781
75.44168
87.88493
100.60630
116.22699
121.99399
138.57960
166.54552
176.06141
207.94275
220.84083
244.61737
250.70352
273.88711
11.88805
26.71624
36.76542
51.84886
59.45258
72.58464
79.07038
102.36527
109.09363
125.23780
133.32064
150.74032
162.55905
176.90038
180.13559
199.23675
218.58372
227.68722
249.24241
270.47767
15.83347
51.40650
72.97101
108.73354
124.51521
138.67885
156.49965
167.44236
184.52478
189.38362
202.33309
213.35462
216.56888
232.45976
259.06632
279.62107
307.31779
333.97292
347.05565
356.10599
15.07952
28.98832
44.89486
53.20586
61.82265
84.49477
104.10618
118.03069
138.12068
158.07375
163.81544
167.85403
174.86570
183.29532
194.30426
239.36717
255.92794
270.40656
276.12161
297.79134
5.00384
20.95601
32.07178
54.19832
66.92137
80.60925
86.21292
102.16003
113.32806
124.25343
140.56152
152.46000
174.68226
188.98599
198.79582
209.58196
220.84858
245.57658
259.10309
278.19948
31.72005
44.42800
60.14271
69.09301
73.03098
93.11164
104.95843
126.71689
144.26535
148.04654
161.02374
169.25475
180.06114
186.26256
199.92397
228.85044
248.56329
267.87992
279.16773
307.07195
9.70144
18.02673
23.09179
31.12009
55.35653
76.28829
90.21042
98.82015
110.40216
127.52189
135.43085
166.97202
173.68946
189.77674
207.18675
220.00795
227.17630
246.49020
275.14377
284.06141
5.71098
28.56420
41.66500
47.06461
60.33549
73.48009
78.53578
86.92805
103.56767
123.85728
148.67233
162.38953
173.56109
185.73470
206.54838
213.97451
222.64424
241.97855
245.43829
251.28914
12.88758
24.25694
52.55038
65.51688
72.23219
95.93941
119.22754
133.44287
143.62190
149.03885
170.80210
178.61675
182.13373
190.08107
206.50755
216.56830
234.23517
242.40262
250.09308
262.56359
9.56207
18.57564
49.42248
56.73652
62.36607
82.98519
94.86968
109.45667
121.10202
148.40419
160.79600
169.02728
180.44950
208.61919
217.81483
233.51702
237.78883
247.90890
265.42903
280.67437
13.16381
19.90323
38.79022
53.38248
64.98078
71.22163
87.35634
89.46215
96.64881
101.37658
123.93507
142.83306
151.93148
173.65124
186.78524
190.36262
200.72952
210.01537
231.49642
261.45339
18.00925
30.88050
48.15119
50.53483
70.74910
75.52072
85.52974
88.90003
94.05558
107.88154
128.72936
147.27192
176.17163
185.06572
197.21454
205.78232
227.55973
243.14097
255.12360
274.31246
14.27665
26.58050
43.64455
57.01206
67.08797
75.09530
82.29484
101.38583
117.84087
123.14084
156.48093
170.72224
180.03760
193.60048
209.30508
212.21914
233.86842
253.91413
278.37823
284.48182
9.35498
16.25857
29.99147
43.32978
54.11890
74.10492
101.59566
111.45496
150.11692
162.67391
170.23420
177.68393
195.07426
207.19508
232.74117
242.35085
254.26500
275.51997
287.48729
303.36819
23.61517
28.97217
57.83578
74.64603
81.38768
100.26621
108.82990
121.72208
122.81451
135.51761
152.72051
165.71181
191.35304
203.74547
222.15867
232.67947
251.69754
277.79580
291.91548
308.02183
3.87126
17.37154
25.66583
65.83461
89.11998
105.14139
121.97319
126.13630
132.63900
150.86013
161.58595
173.26817
184.62325
208.89541
244.49946
280.75404
305.31652
313.45884
331.51273
347.16956
17.62175
26.90936
35.43715
53.12134
73.24759
91.70054
107.39299
128.51178
144.01791
151.77632
178.03448
195.32055
196.77354
216.26142
224.82289
235.26066
250.33664
257.68014
274.84140
282.64059
19.60236
42.46837
49.46567
55.45255
68.72547
93.43919
103.53019
122.15451
128.04975
138.09198
150.55191
161.29753
164.82122
171.16309
181.77113
193.04217
201.04554
210.32279
239.85468
263.42501
16.89186
27.56717
45.95683
65.28022
86.56323
93.19846
110.38655
137.10762
151.05988
158.74162
167.49561
177.85723
183.30465
206.31061
213.98680
232.23164
242.58849
256.61876
266.01521
271.34211
21.75032
39.08891
52.64258
73.46318
93.41928
98.96181
115.97915
123.16063
137.65981
152.99928
164.13918
168.24879
177.95210
199.95558
219.40412
225.74121
246.99850
274.70728
288.53207
296.47724
33.93821
55.02288
68.74390
90.31767
99.69674
105.48068
137.70012
163.06793
174.45026
191.65815
199.67211
216.33579
228.71807
247.28192
262.56256
279.67142
292.56457
310.61782
323.25332
331.00207
2.78102
14.36001
21.89941
33.09621
51.92034
70.03526
93.14680
104.24567
114.72691
117.58775
132.16644
138.83378
147.10249
166.76151
175.87931
198.20691
219.46932
225.04736
232.15668
233.96393
22.45161
34.29332
45.56214
57.20697
92.13417
102.89889
127.72462
132.60338
136.17266
139.40172
152.20825
168.51412
171.46740
197.69989
211.83427
233.07231
246.44705
271.90609
293.96817
318.40762
10.09530
20.03407
34.54596
64.35626
106.34030
132.15407
146.49103
160.79086
171.04567
179.42610
187.85313
196.04356
211.76155
229.58479
243.97931
260.05298
272.99696
276.34658
290.06946
292.78380
22.84147
43.31945
49.66712
56.31734
83.80968
97.60067
113.26227
126.63712
135.76869
156.14071
182.95873
200.42980
203.90708
227.62389
252.44536
268.76187
275.40923
296.26099
308.22733
313.10095
3.92904
20.01683
27.88611
41.25166
50.24149
55.36080
69.98636
75.21136
97.81067
111.31614
124.92906
135.75763
165.51793
173.70393
188.75015
211.14656
233.05575
241.65450
250.22025
259.82651
8.43260
17.01471
28.79378
43.36845
54.15695
60.24927
69.99666
90.32841
104.12092
115.51521
128.15490
144.74460
164.87042
177.05730
184.21532
204.03392
228.51681
245.68807
253.76355
274.11396
5.28324
11.98892
21.53647
31.65263
53.15374
62.43645
86.15898
90.38157
107.93234
122.35136
133.46224
159.13341
177.61224
186.02376
207.41620
229.12263
240.05387
264.35950
280.20995
294.38095
16.62204
31.21768
42.75610
48.50268
67.14913
74.90297
100.52315
117.84661
129.98955
136.98018
160.17600
171.86698
184.88211
204.45148
226.72567
259.79541
264.32847
280.03236
295.67765
304.54763
