3.78683
16.68088
21.94308
29.99625
35.65032
42.73311
52.37331
62.93153
78.06955
85.38748
97.86918
7.18954
11.40848
21.75046
29.61565
48.62510
54.70675
59.76522
66.97130
81.60821
84.81284
90.24662
13.47304
19.10157
25.60609
41.41338
50.77842
57.63546
59.22456
70.99146
74.92164
92.35736
101.24070
4.53184
16.08038
29.82346
48.58413
61.25258
70.01302
76.92833
92.02582
110.17658
114.70230
120.86671
6.72780
11.25674
20.90403
26.91690
35.32820
51.77644
58.50081
67.17721
80.84535
95.62125
108.30532
9.03599
16.84110
27.51885
31.56023
37.58253
45.80550
58.23750
63.25646
69.12676
73.75144
90.53470
5.99387
15.16688
22.09924
25.99068
33.03801
45.73594
50.13830
57.70348
61.67538
73.43348
78.18830
7.02422
19.56212
30.04760
38.84173
47.53480
51.27616
57.06334
71.88009
80.06525
86.59002
94.33113
6.79382
13.40078
23.55253
38.40358
46.03938
59.20760
65.32426
70.07542
77.29155
83.87255
91.27831
10.93331
14.40827
23.58338
26.01643
31.31603
46.49462
66.07937
68.79186
75.81227
84.24306
91.43499
3.33536
9.56766
19.74562
27.21969
32.65670
41.16683
46.86105
54.47737
63.23324
69.92756
83.80884
4.98497
15.48306
26.55994
33.84201
49.28907
54.15532
60.53587
71.41039
83.75757
99.03432
106.36249
9.22509
16.11550
24.13049
31.40862
37.21976
48.19835
51.22419
60.08891
65.08671
80.66728
88.39072
3.69744
5.57840
6.88520
17.54556
31.26619
36.96801
46.13612
51.25651
59.81568
62.84802
75.53896
3.88869
23.78000
33.86758
42.11916
50.52155
58.37596
63.94020
69.25766
80.03164
94.51845
103.15451
3.73814
8.98777
15.14177
21.23587
26.53947
35.49626
42.66488
58.02280
75.04258
83.49685
90.61877
14.45130
23.50470
29.50727
33.36090
45.28852
54.52361
57.85489
75.44566
87.26197
102.39922
109.19032
3.46162
9.55554
20.28663
27.62140
33.45278
39.78415
46.63905
49.48195
58.85205
69.05113
81.49006
13.74399
20.71049
23.20195
35.94158
41.28960
48.72720
55.39470
58.48758
68.92161
72.86398
80.08267
5.37446
8.49019
12.37570
23.93443
33.23892
53.54052
64.22941
75.33594
86.71213
98.91896
106.19107
18.12611
29.19424
33.76470
40.17691
49.83419
57.89882
68.88512
80.61279
89.86464
93.56389
102.04135
6.63528
18.38598
28.70547
34.69808
41.92033
53.36496
69.48140
87.48631
98.30995
113.19029
123.39658
20.76126
33.22181
40.01498
51.37733
61.91706
68.72545
79.85496
86.22641
94.85441
105.77776
113.58451
8.76629
16.70354
32.51563
37.59801
42.87266
52.78701
55.02593
67.41579
79.86566
93.67614
102.32393
3.71774
12.19394
19.45872
24.79464
35.90788
48.75638
59.93303
73.68512
82.52674
89.34258
96.87037
13.22914
17.10705
35.44384
43.05326
50.83258
61.04235
62.64621
67.92450
80.66772
91.47250
98.09058
2.50075
17.22044
25.99106
37.00712
56.85872
62.66138
65.51137
71.29200
76.95214
87.63687
92.90658
3.77231
7.65899
18.27991
26.26785
33.79133
47.15664
52.03899
63.21675
71.69144
81.45150
86.39944
14.12310
31.09116
42.59186
50.92235
57.97266
62.46039
71.42320
78.06024
83.34169
87.78758
97.95191
11.28048
14.94026
30.61831
41.63539
58.59628
61.28225
71.03610
79.02191
88.32984
108.78835
121.95072
9.20837
33.56371
42.67423
47.25275
54.39864
60.63371
68.88988
72.56535
81.94582
91.49618
103.23815
14.37709
31.33105
33.17217
49.34077
51.87406
58.26209
66.59370
72.85201
81.59810
90.87949
104.56065
2.97609
7.47235
23.69097
28.91110
38.86374
45.91463
57.29811
61.79998
77.00556
85.09887
94.66814
6.04286
22.00657
28.70458
34.40079
38.83475
41.44969
46.81570
69.03636
80.17516
95.56649
104.96524
3.04816
10.50140
22.23936
26.94567
35.98922
39.16073
52.09361
62.46563
83.83998
89.45451
111.72587
12.07692
15.70624
24.10607
34.61615
52.72387
72.78623
80.96718
88.03311
97.36109
110.72880
117.78240
6.20838
19.06205
24.27755
26.61020
38.03834
45.78980
56.96408
62.55306
69.98916
80.88869
86.54370
12.76887
33.59755
46.68876
52.75321
53.92850
63.05046
76.77723
82.64574
92.72732
110.56430
120.69777
5.79641
16.68558
21.10221
24.51354
38.10497
51.19762
59.34168
74.33892
79.69082
86.17262
91.37030
11.65352
20.47983
28.61816
32.82565
38.37464
52.20931
61.02961
64.71862
81.66927
90.60677
104.63306
11.58424
19.59333
30.35320
42.97933
45.03094
49.51377
57.00965
60.55202
72.26599
83.79633
107.54593
2.19792
10.38797
19.90658
21.41634
28.22195
42.67035
49.74558
62.72813
71.53109
81.12676
86.67577
8.56664
27.53798
40.31350
49.39361
58.21640
73.09475
79.44955
88.57020
95.09968
99.01613
103.98138
13.99878
21.16761
32.19223
34.32684
43.07925
50.32289
65.69185
75.62054
84.08683
89.67080
96.77667
9.09503
13.82500
17.25727
28.53062
35.65474
38.28685
48.53804
52.05576
57.56238
62.95616
66.58075
14.67687
26.23073
36.40576
46.01343
57.07593
63.71173
69.30464
76.65194
88.94187
92.93032
101.99488
2.50576
16.18654
28.00939
35.82627
38.88881
47.84741
53.56385
55.28836
67.86032
74.87891
81.99426
7.38605
13.94345
19.23304
27.02981
34.84211
38.17321
44.72849
56.74651
74.33684
78.33987
81.49506
6.91080
14.84773
28.12202
37.98166
47.67149
57.98222
65.33528
76.08807
84.30420
100.57562
108.53824
12.67875
17.91213
25.36444
31.31390
39.76476
48.41200
54.41344
61.65371
66.95141
75.65767
86.19904
3.20216
9.40167
18.31101
27.38352
35.43179
41.92522
44.07713
51.73503
58.04332
75.80704
83.07442
5.82540
13.16046
27.49920
48.41225
54.22652
66.37464
74.04216
76.61993
81.15843
102.02476
109.32312
4.77828
9.30607
18.61957
26.05660
35.07951
45.01336
49.73801
54.75652
69.38897
85.76017
97.19554
12.05019
19.04871
24.19903
35.63461
42.60827
53.23826
58.67664
66.41215
67.39137
77.72959
89.73743
4.87878
13.28554
18.63576
25.69208
31.70805
44.23957
50.81459
55.09969
64.11837
73.10383
79.04793
8.87600
23.29521
26.68740
36.17802
43.55892
50.61158
68.90537
76.85489
86.63177
91.16990
97.39812
4.27330
12.16229
23.79913
33.05665
38.96376
43.09042
50.38731
55.00031
63.19390
68.04006
79.94223
13.01067
23.61769
32.14910
43.51735
53.94228
70.37385
78.40759
84.67787
91.89853
100.09030
102.99901
12.83436
19.78343
24.18385
33.43830
45.59675
49.91846
62.70983
73.93508
77.63617
84.57883
106.74845
8.68395
24.65024
29.09791
37.09886
44.35748
49.91131
68.98520
77.47700
79.90949
89.23875
98.65530
4.60423
14.91941
22.38143
28.63730
36.28671
45.63345
51.03486
58.38203
65.89098
74.07621
81.80392
8.21960
14.36210
30.70524
37.06789
43.28133
54.59822
63.80059
71.12091
76.18932
82.90904
94.82983
8.42621
12.24303
20.10655
27.33307
41.10812
50.26653
60.20288
65.09163
73.18602
89.98162
97.58076
3.74623
7.62258
16.55521
28.25139
39.51209
56.14855
64.34147
68.34334
75.66634
90.15772
98.92811
3.70658
10.11066
22.69740
37.40206
41.24016
44.30123
59.59049
70.28504
76.71350
87.94743
102.37139
10.01266
18.20931
26.23933
37.44834
42.72057
48.16717
55.38692
62.72448
67.63239
79.33874
96.59085
4.03995
15.63438
24.04942
31.68483
39.54172
44.98471
58.37723
63.50170
67.22277
81.84387
91.66980
3.21521
12.19907
22.25062
33.47006
41.17472
70.01492
76.94530
84.91399
94.92464
102.28421
111.26539
7.12484
11.08784
17.47922
24.17738
37.11302
42.59930
54.92260
58.65282
63.58194
69.91362
79.54638
23.07385
30.34998
34.03505
42.12348
59.01340
67.32748
75.17877
80.78454
93.96281
104.02834
118.59509
2.13599
11.38614
25.07912
29.72233
42.63886
47.08359
53.90480
68.22734
83.76860
104.78362
113.08734
11.40118
17.03802
23.61879
27.12636
30.76931
36.88091
40.23156
47.29318
56.84737
75.86050
82.07473
5.63847
14.50671
23.48617
30.91796
45.34163
51.93012
61.45839
63.67552
75.50273
81.36809
90.70703
13.49893
23.17865
29.17572
36.85260
42.65146
46.25322
48.92810
55.45389
62.25963
71.88481
78.63512
2.37260
15.12942
21.16489
23.18179
27.73356
37.75926
57.41153
69.96823
79.44432
82.88649
88.26286
19.78378
29.97827
32.27630
45.09742
52.92122
60.29227
67.17286
78.63682
81.90513
84.23439
99.18745
8.91508
18.15557
30.01680
41.54087
53.46513
63.43658
69.51985
76.75154
89.65245
102.32398
111.71576
4.41599
13.81787
24.58856
31.71904
47.42672
59.43867
62.50332
67.54269
76.74514
82.17122
104.74772
3.68460
13.40931
25.37565
36.42292
39.46103
43.71217
51.00403
55.99519
59.29062
62.99087
73.59352
13.49413
17.86155
20.15589
31.14171
34.74426
47.02274
52.44008
59.88639
75.95456
78.92677
87.77292
5.19212
11.19431
20.00886
33.48278
38.34851
41.71124
49.49855
61.69391
71.39362
79.97209
93.25915
16.36721
22.67762
27.15898
40.10342
47.87036
50.27769
63.18750
74.49289
85.65028
91.99098
101.87149
6.09986
13.12429
22.93951
28.71492
43.33691
52.74477
64.33696
67.14193
87.54737
96.52342
110.23460
3.91913
16.95795
35.72256
40.88694
51.14162
55.85810
71.87707
77.14160
83.69579
87.56726
96.79720
16.79551
23.14781
40.55292
50.20795
56.38191
63.06591
69.49297
87.10345
94.51292
102.46936
104.38595
7.72706
16.41608
26.03377
32.45727
44.65536
53.16704
64.75207
72.88760
77.85041
89.60717
98.39340
16.28199
18.49810
25.73499
27.53048
39.06480
44.81439
47.92926
53.27725
58.85240
72.85508
76.00187
11.03003
23.77358
28.74258
33.05739
42.49035
53.68613
63.98966
72.30738
85.34355
101.65948
108.24570
17.39603
27.63328
36.46050
48.97470
66.10926
77.70905
87.00583
92.05780
95.70736
105.33444
109.07098
2.13709
11.63280
17.96272
32.30200
44.11772
47.74821
55.29809
61.31279
73.18495
77.60478
83.54164
16.88399
26.07510
33.64090
38.56344
48.90292
61.45524
67.26245
70.19393
81.36698
93.39436
101.98911
10.13437
15.89530
22.50369
27.55595
40.11763
46.86548
52.82105
60.06195
66.63101
78.07197
90.20278
5.34423
7.86926
11.79190
16.82882
27.11307
39.24336
52.87288
67.33932
83.19638
98.16230
109.98914
12.38013
23.16792
31.36339
37.91612
49.43950
54.08704
60.14314
67.87617
79.07964
89.80214
95.72213
8.06138
17.36529
26.90928
32.43871
40.36447
52.16226
62.95945
77.61727
92.91002
102.27234
112.82489
4.98526
17.55288
26.30137
46.99359
47.90809
56.37026
62.98565
66.01257
84.16776
91.56839
98.89868
13.13176
22.87938
32.42037
37.98147
50.64741
53.72702
56.67451
68.89649
78.67060
96.91608
99.18695
5.82005
13.64701
21.50313
26.24189
31.18247
43.37103
56.22443
66.17982
73.44988
76.69761
81.77297
16.03223
22.55791
27.70903
35.05973
40.37563
49.07850
54.54773
59.58985
68.86611
78.40321
88.91541
8.83941
18.00386
28.31347
38.69850
56.22954
60.03493
68.64858
83.26798
92.38461
99.59559
102.61759
