3.98736
16.29980
18.55477
21.81641
28.74392
36.87078
38.58255
45.44525
54.70654
64.37172
77.41079
92.28131
92.43920
9.56368
14.18219
20.44074
34.83361
43.79555
46.72515
59.59655
69.66635
74.38731
78.01575
82.07894
90.74290
93.35224
3.99844
7.65249
8.90715
18.95337
25.21344
36.11603
53.94702
57.83800
91.78102
100.94768
122.74398
127.43043
127.92601
1.61911
13.73338
22.62111
24.46755
31.34189
31.88269
38.84061
45.48418
52.48085
53.90525
64.07617
75.34328
94.34685
34.21526
53.50146
75.58017
76.55803
79.75316
88.54021
93.99543
100.37818
106.13522
113.17864
130.01790
136.87025
138.12783
7.46408
27.75236
36.78739
43.36596
61.88375
62.79807
65.17673
82.64691
87.67487
92.06698
101.34892
108.47623
115.63648
15.11049
21.96446
39.78769
73.73663
83.26367
90.29304
93.63746
115.31921
125.11649
135.54842
141.88365
167.10143
171.57449
13.60486
28.29224
50.72912
60.15107
73.91501
82.30021
90.07072
102.30718
110.25052
113.94301
119.35340
135.94297
140.02807
17.66202
20.58998
25.08684
31.58149
53.81737
54.02497
67.32085
68.52654
74.28027
86.13626
93.40735
103.78684
114.54915
8.65982
29.53357
38.47568
43.14908
47.67084
54.91054
57.18568
69.82300
84.89732
96.97835
138.05516
139.21574
157.19781
12.21649
23.90487
34.88658
42.75589
49.33235
52.12862
64.01652
76.17768
85.75474
98.39222
105.39355
105.94446
123.87760
14.93248
21.23149
23.57993
31.85904
44.87055
52.68202
56.97314
61.40152
79.07621
86.45240
92.42898
94.46504
101.44358
4.55661
18.08322
23.25787
27.99815
34.22153
58.73817
67.53445
74.23487
82.62809
88.87810
92.49516
105.58183
115.61174
10.82923
20.56475
33.52444
48.04974
51.60406
59.62632
62.21919
73.30528
80.83532
83.30718
88.20792
99.53870
102.38229
4.04037
11.39602
33.24219
52.39528
70.03196
95.50873
102.12004
131.37791
145.91712
149.87118
151.04315
164.52926
177.32540
10.14887
26.31669
39.73715
54.49037
61.83629
66.63952
70.96385
76.14663
81.73318
109.19319
117.76769
119.03118
122.72220
1.02598
4.09640
15.91601
19.17852
29.54809
47.62916
70.79842
81.58020
101.71915
106.73143
135.28008
160.33159
172.22795
4.34313
6.85171
15.35625
20.01749
27.83383
46.35646
50.63051
56.48106
71.14634
84.94958
95.41609
103.78726
113.40014
6.31768
20.81088
26.28672
36.56392
47.24495
71.07807
81.99530
94.65157
108.31010
118.88069
131.44128
134.07333
149.59732
17.07709
25.79819
27.39775
29.77615
42.52652
75.62332
88.17467
92.38216
95.38525
102.20879
106.41997
113.07650
118.79637
4.27310
8.73680
26.14008
41.99791
54.25686
58.86669
72.30149
77.94243
78.36890
80.47744
85.15340
93.52522
97.61428
6.93867
8.15853
25.88131
40.86645
50.94061
56.23152
59.28082
68.27674
74.87984
88.37452
90.13174
93.71186
114.09594
12.35589
22.21503
27.83522
43.21937
53.91824
53.93414
72.40957
81.34454
97.84939
101.09034
108.79276
117.31578
119.51298
23.73211
37.68637
45.87097
46.35498
48.20227
54.24798
62.10868
63.35228
70.33162
74.90797
83.85662
97.62906
104.62680
7.47227
14.78226
17.72432
24.65318
29.52697
39.39888
49.64256
58.96620
76.71696
82.14197
96.50721
117.83089
123.50721
3.03203
7.67030
29.07665
35.45162
37.24771
40.56361
42.49202
54.54370
65.37619
81.99619
89.15762
90.16982
97.17525
22.35755
25.73221
45.68954
52.83772
56.48408
63.38725
85.44258
87.65291
89.17885
98.35634
102.87821
107.30630
116.74074
15.19732
28.67770
33.67923
46.70432
55.49594
57.53079
67.23009
74.81066
78.33379
85.22743
99.90615
118.52419
131.89740
0.46025
10.98274
17.00903
18.32250
28.55352
32.73943
39.89422
43.94806
56.63277
62.67023
63.21409
74.55237
100.67423
11.97729
25.81495
28.45346
35.01688
35.26926
36.28184
47.95173
57.04376
69.14579
77.96772
99.35428
108.79821
123.81961
17.78645
24.12399
30.35581
35.79750
67.35915
72.35577
77.44432
84.97933
86.61959
95.36915
100.60029
106.85537
118.17948
9.11736
12.66499
24.43807
50.94874
54.00649
68.68759
74.76230
97.20189
101.37512
107.96418
114.94709
127.05739
141.64146
20.35481
37.58242
48.42759
67.69482
81.69485
89.37210
94.82315
108.67786
113.73281
120.41064
121.24624
121.71218
129.42299
17.05639
27.02977
29.49427
39.84028
49.40425
50.76860
62.13363
69.61544
77.10252
86.10031
99.69652
104.52082
110.31242
8.32646
12.25037
20.05895
26.22906
30.90619
50.13970
64.49808
65.46916
68.61401
75.01252
85.74800
94.55250
104.65588
17.66940
23.23691
29.58105
56.07052
65.60659
84.27140
97.69282
109.04418
121.22307
138.51747
146.28164
161.30513
166.33418
7.30833
15.28369
17.13609
32.32898
35.78521
36.62425
43.30129
46.39164
53.64092
71.73713
83.22880
93.34891
119.04700
8.29238
28.72419
34.57597
56.80244
65.48048
80.66012
86.56500
102.70739
118.73446
133.42088
136.02551
148.38181
150.29791
1.53447
7.19646
11.47442
15.09669
20.47476
32.01481
40.76775
44.11351
50.38807
54.92054
68.45646
78.55820
85.30869
18.97789
31.03528
40.05744
43.75549
49.29797
57.57805
65.62228
77.33525
81.39521
83.64279
96.05398
119.80635
131.66453
35.07271
43.97885
59.40948
61.71702
73.42955
107.18176
123.96293
127.07550
134.56004
142.42855
154.72777
163.45523
174.60720
12.86122
23.81252
40.89210
47.54144
50.57507
56.92970
87.52252
101.68182
116.60904
122.35119
152.64656
172.40414
174.53236
24.07431
32.58595
49.74793
49.97270
61.08894
69.56320
74.44804
83.96554
87.34562
92.50243
109.38508
117.03087
124.66242
11.27190
13.94551
23.36756
27.02069
60.46740
63.97514
71.58162
81.50514
86.77057
98.59571
109.20432
114.42969
132.01201
4.50650
13.76182
20.29848
21.71144
41.69383
50.31556
50.98595
64.91960
85.61684
98.09657
108.61966
114.01055
129.65083
5.81381
12.56398
16.58528
22.22918
29.98305
35.04905
50.52301
66.47734
68.96577
78.77368
90.82728
91.19246
101.00276
5.71216
14.00257
34.78465
46.19913
47.31961
55.83435
65.78447
83.87455
93.25422
100.90040
102.88762
108.87178
119.52943
9.09771
25.57668
35.89949
47.95124
58.25391
68.31766
72.89656
76.51807
78.73422
80.21425
86.65990
90.81604
93.10441
5.84513
8.69691
13.31385
22.30914
35.94866
40.25357
43.57624
48.35594
68.82012
73.39699
79.89126
86.51289
98.21807
22.63575
37.03621
39.58960
45.75496
60.02778
62.73175
79.44107
86.02978
87.29897
92.40896
99.01256
108.69934
115.60802
6.31154
12.03356
25.95577
32.80645
44.63370
53.80874
82.99218
87.15511
92.42104
100.86217
109.65208
129.42459
150.82252
5.67976
8.43002
17.52539
22.04891
27.28777
36.02131
50.00992
66.15306
70.35280
73.41429
81.67896
86.33398
100.58902
2.35262
3.81396
9.60770
14.61535
24.00499
34.65649
50.36239
51.33170
58.33634
60.87948
65.14416
76.97631
81.55543
2.21714
10.08232
29.12989
49.25586
51.45042
63.35943
73.94511
79.70841
85.12851
88.93581
115.89824
119.81998
126.65352
6.83231
9.84589
15.14514
19.53790
27.48168
41.11337
49.84481
53.65988
62.46994
68.26659
91.66523
101.39600
111.34305
4.21360
9.93458
18.79964
19.81686
45.39319
49.52022
50.75249
67.62737
70.76705
76.91912
95.08547
107.71043
118.65063
33.16970
35.41909
42.65812
54.01874
58.20334
72.41180
81.85117
95.38719
98.07302
112.54696
119.42708
123.36421
131.69624
17.61982
19.00281
28.24479
42.00404
46.04111
49.75111
54.45399
55.25534
65.72346
70.13317
84.23656
94.77419
98.02517
1.78131
14.17390
20.35338
23.96433
32.47029
48.75965
51.68911
61.79540
65.88696
86.00365
92.05562
100.47075
101.01381
9.42800
12.22764
27.36380
44.75756
52.56195
67.39468
76.09076
89.70954
91.77733
94.60754
100.40741
108.35448
114.79724
0.54087
2.81904
20.93511
35.12822
45.85184
50.74602
53.72116
58.12806
58.94086
67.88661
89.02522
102.70955
106.04242
19.28859
25.03010
26.42710
30.34835
34.26442
38.76447
63.09807
67.60207
73.24467
75.69038
83.34549
102.40132
122.76763
13.51868
30.34856
35.49788
59.75491
75.57844
83.01092
91.16376
94.87364
101.75916
108.71208
134.54753
142.04410
146.42383
1.26400
3.67820
13.03789
15.00910
29.39781
35.97234
39.68439
53.41886
63.12450
76.88527
86.37315
118.03564
131.50537
11.43290
14.79431
28.17176
35.31022
42.71561
48.17214
60.56013
74.51306
94.90973
98.40464
114.39585
118.75458
129.35315
7.70485
8.95409
13.84916
54.81613
58.51824
67.56084
70.57902
74.66395
86.31842
91.77042
107.88787
112.24006
115.97715
6.06469
16.35046
23.34309
31.40474
58.56253
74.97356
94.62263
105.07372
108.37495
111.01827
117.33947
118.49735
140.43147
1.53075
28.27266
42.15072
49.35447
67.18403
95.84414
99.43277
114.99732
120.53378
131.48552
153.31777
155.42960
174.49728
2.05269
13.38023
14.82285
21.32470
25.47914
34.76124
42.51680
51.65862
58.55392
73.69826
79.94198
81.32861
87.77037
8.60369
16.81401
28.75815
36.00763
40.48885
60.16339
67.24935
67.33669
82.75164
86.48571
90.66403
93.33549
100.50514
5.39349
14.96349
22.81462
29.86389
38.97737
45.87179
49.55401
51.66302
82.42998
85.06319
87.83411
108.54431
125.45823
5.29758
9.95407
19.15211
36.86460
59.98970
60.97156
74.48148
82.82784
87.78890
88.86996
90.81367
102.63096
114.93636
9.99053
20.71560
49.36029
53.03438
58.06551
62.05287
73.93816
78.89059
101.02302
112.16511
117.31598
118.90869
126.35990
14.49222
28.69299
33.31770
37.77729
42.40706
49.35159
57.64071
70.56064
79.38675
86.50014
96.70629
106.89223
107.39576
5.79178
17.37057
24.06950
28.02223
37.13061
39.11971
42.26222
49.50849
60.23509
69.51257
73.21220
83.41361
97.22612
5.13564
9.58309
24.89837
24.99317
34.02902
40.90040
62.56352
68.97527
90.97388
99.36018
108.39692
116.49090
120.13100
11.64517
19.23520
28.20683
51.80121
58.49269
64.22639
81.10771
91.48161
98.42985
125.79706
133.54193
135.43434
135.55863
16.72543
20.89809
25.54606
33.84258
40.67838
46.91745
53.93337
56.66537
69.49078
78.74338
89.77251
91.48569
92.82588
21.70640
34.05526
35.20289
36.70321
45.00969
54.32763
66.88655
67.79430
72.72977
91.51884
105.20092
113.38414
117.41713
11.63621
14.06834
20.58773
30.15413
30.36073
40.94852
64.17620
83.85351
89.14605
95.93586
104.52293
108.82773
118.37573
14.76501
21.77557
28.11418
28.83579
40.81579
60.01145
73.68650
84.71122
86.72724
96.40735
102.88014
110.42092
123.29257
0.71150
8.83903
13.58444
19.84199
24.33502
30.72721
41.17415
46.31004
63.96886
77.51971
87.11286
92.56974
97.77740
22.82824
35.62471
41.71207
57.18145
62.72531
74.03834
79.04037
84.47531
97.80523
113.61630
117.01620
124.63738
126.41685
11.95637
22.43310
28.49780
34.73185
46.92498
49.42312
55.22652
61.46941
66.05131
79.72546
90.03163
104.15530
108.97028
23.35686
28.86919
32.73891
44.49157
49.47251
63.02724
77.22196
86.69240
88.56952
100.86081
107.88270
133.18471
134.39900
20.56518
21.06579
41.33154
55.02890
56.78312
69.51441
72.82420
81.26691
89.12689
94.68222
98.78319
114.77409
124.59928
2.78478
5.11696
12.57179
17.89160
23.10188
31.32037
48.62701
59.80337
68.43962
73.64324
88.12661
98.58857
106.70759
4.59424
10.03273
14.56688
26.57224
48.71082
54.59210
63.44839
68.13895
78.91715
95.67619
104.59293
122.10762
129.45997
13.72052
21.97800
25.09599
26.52543
36.61304
49.21817
53.07401
56.35357
63.60681
72.57984
86.33522
96.56362
97.30949
11.06404
20.74010
53.43464
56.73201
67.39738
70.70192
72.25618
80.71994
90.82036
100.54848
109.36349
122.86966
126.85918
20.00514
24.44640
28.29383
35.16012
44.39554
51.74604
98.08903
108.73765
130.32454
132.24926
134.82186
146.69206
150.62755
11.60735
19.76482
36.98057
55.37033
57.28861
64.11374
65.89732
74.22884
81.29743
85.25555
87.41728
89.65105
99.36946
7.80766
13.95547
22.89854
33.77028
49.59099
61.82543
87.02041
87.82080
88.60665
95.88886
101.46403
108.00769
117.26309
13.06335
23.09415
36.28325
41.22446
43.77600
54.15599
57.46860
61.04817
79.87685
83.36132
94.13732
101.29015
128.19840
9.25493
30.48433
45.29361
52.87243
59.15742
72.78636
77.78376
97.10381
99.05813
102.99464
109.77341
115.83853
117.04196
7.57360
8.91201
16.40950
23.21548
32.74826
37.27988
40.46222
49.48470
61.81209
73.68263
78.01811
79.52313
84.40514
0.95247
10.44078
29.67566
35.73270
43.37844
49.61456
52.51727
62.25461
67.43710
83.63123
85.58109
99.06926
129.89981
3.23557
8.73423
17.10878
25.07757
39.37740
43.86340
52.91744
63.89852
64.75475
79.77534
88.93734
92.69161
119.24640
7.39351
22.84324
27.40149
34.70233
42.66535
66.41488
90.06850
105.31520
117.95628
124.29869
135.71208
139.76897
146.37001
17.13447
23.98451
31.13658
35.03400
48.68097
51.63246
58.08915
83.38923
90.71699
94.34632
104.06256
109.70918
110.52873
