1.39492
8.63742
13.64956
15.25672
18.91402
28.57751
31.88128
37.38252
40.57459
47.23892
54.73841
11.35964
19.77592
22.06740
29.24302
34.81049
38.30523
41.53517
47.17622
54.24631
60.64846
66.61739
5.13855
8.36418
13.13327
15.10370
16.84722
20.37847
29.06572
36.47484
40.14469
45.32073
52.50251
4.35852
14.24939
24.22218
28.29510
32.16691
35.63523
38.07771
44.03981
56.46942
58.66234
63.78826
4.41571
9.40264
15.24379
16.62357
28.73373
42.85444
46.76795
56.37111
64.27893
65.98211
71.40174
6.10242
13.29467
18.86541
33.53740
41.38278
46.64233
54.73900
56.44456
67.07823
81.52198
97.04515
4.73323
11.44736
26.45249
27.15945
45.91765
49.24341
59.53295
64.88030
80.10184
85.19005
89.62351
15.42891
22.44730
26.11004
37.34711
42.40526
59.58717
63.26366
68.20849
85.26287
85.81924
90.06184
4.13988
8.42128
15.42176
27.27174
31.77556
35.16061
39.33923
43.42198
55.79317
59.60969
67.81815
8.59450
12.64438
19.07758
23.15286
26.34580
29.92575
43.95449
53.39847
54.89432
59.32031
75.34241
9.77292
19.10008
25.78891
31.99371
39.87972
44.59208
48.67676
52.34132
57.45879
68.31345
76.64748
4.10913
8.02056
8.69855
15.45680
23.46482
30.99673
40.17456
40.18373
50.11186
60.20651
66.32203
6.48759
17.86258
25.40498
30.82049
38.30306
42.13294
45.36579
57.96553
64.43857
69.17610
80.57166
8.01741
10.83315
12.86567
13.16897
16.09215
26.83432
30.99460
43.04519
56.84744
72.30890
72.73754
1.47781
10.10916
16.31931
21.42480
30.29868
31.10341
34.14057
40.24125
45.18866
47.62337
53.80554
7.45450
8.49992
14.71003
22.35233
35.58235
40.50621
46.81563
52.61795
58.94877
66.91693
74.56907
13.39102
19.15378
28.31931
30.46711
34.39845
46.31369
52.66845
59.47874
68.23017
71.58239
76.48020
3.91465
12.43400
19.90643
25.44154
30.13882
39.06492
53.13277
53.47930
58.11500
61.41861
64.31755
1.57335
11.51100
13.60726
23.79486
30.83146
34.05705
47.25790
52.13089
59.25942
64.74052
72.29851
8.63295
12.09135
14.76343
17.07091
20.42044
26.96401
32.81957
36.15177
38.53126
41.34281
51.34269
6.07010
10.31349
15.01662
22.59872
26.73972
29.57657
38.37999
40.74727
49.05255
56.75083
60.47445
1.66114
4.76176
12.33294
18.28954
23.54194
27.90057
35.86964
41.23916
45.72901
48.90896
56.97444
12.09705
21.98135
24.12153
25.14273
29.34784
34.83453
41.87298
46.74017
53.49216
56.62278
63.41082
8.17972
12.31181
18.63320
24.84476
27.38289
39.57739
49.04678
50.15489
59.70618
63.18388
66.81398
6.58537
9.25949
17.37491
23.61587
30.58778
40.41516
45.57123
50.41353
56.23861
62.96256
66.34275
1.48597
6.09828
9.62092
10.64001
15.29847
26.74993
29.57808
37.52476
45.46208
50.06277
56.41852
5.76335
16.86992
19.28592
26.06700
36.40421
42.67834
44.50429
51.50649
58.68157
62.20564
66.53457
4.18581
7.45253
19.41556
38.26428
44.14354
49.83214
51.36057
51.37158
66.48474
71.62131
75.57187
11.33525
15.81897
25.28448
28.07092
35.44683
37.02429
44.15149
54.96733
58.85623
75.80246
76.67282
18.43517
20.13417
27.00834
28.57428
42.23125
52.49133
55.68767
63.34094
75.97519
78.97272
81.25577
10.37156
15.55500
22.36520
33.35848
36.85302
46.56315
51.23242
55.16530
62.08378
66.66409
74.55587
3.14161
9.20864
14.63466
16.32915
21.10009
25.15985
32.85418
40.27230
45.41590
56.88452
67.82604
3.93896
6.88722
12.58254
17.62893
29.40904
38.20788
47.53509
55.73820
77.29848
89.49700
94.54742
3.25275
6.91476
17.13576
22.73806
24.05495
29.01749
37.67183
48.83512
54.00399
55.25465
70.60338
10.39886
17.38803
23.10895
27.98227
34.09055
51.88523
52.62970
66.34556
76.87622
81.51492
88.89233
10.71722
15.53116
19.10557
23.23927
28.44456
30.53473
34.33411
42.31846
46.26922
51.64144
65.61058
9.30964
17.49329
19.74255
27.90835
38.19256
41.77258
57.04909
60.69271
73.27566
77.09238
78.02887
3.37239
5.64926
8.08353
11.33517
28.72561
36.51388
42.59733
43.30442
44.67333
55.77368
61.55195
11.70881
15.79055
20.07105
26.82624
31.10184
34.26473
36.37389
40.28985
44.89123
50.36326
56.03193
5.17776
13.43789
18.72475
25.08103
32.25675
40.63500
48.54665
53.49074
56.06174
60.46869
65.93933
9.35699
16.66550
22.52924
28.23318
35.63742
39.22806
45.80265
48.98582
54.60952
59.42598
64.20449
6.40039
15.15535
18.88514
22.06017
28.29140
32.59807
35.26596
40.90775
45.59459
52.60129
58.91338
4.55546
11.70942
25.27859
28.11511
39.35911
52.83129
61.23736
72.10245
72.12225
82.93511
86.24011
9.78295
18.37345
24.04781
32.81886
39.43729
54.87469
61.06118
66.37646
74.17707
76.11716
82.24543
11.21344
18.57764
34.75949
42.58849
47.52698
52.06278
61.17934
70.79592
75.17873
79.80220
87.96368
9.31539
22.36956
29.74282
35.23679
37.28199
46.21309
53.64774
62.44892
63.92427
69.87177
73.53254
11.49406
21.94941
26.33761
30.39181
33.29926
38.31595
46.33926
59.57381
60.99595
69.52938
72.89963
11.59399
14.37099
23.40320
24.24180
34.06545
37.97891
41.59107
49.30667
51.71392
61.92132
64.08321
10.46253
13.16808
24.32535
28.49412
30.11425
38.51209
40.02328
44.96889
50.66290
60.08151
64.69319
16.86013
30.46081
38.45264
47.73761
49.45149
51.26078
55.50112
63.17149
66.06145
72.83887
79.95250
7.74633
13.64584
20.35355
22.57528
32.55193
35.91030
38.45773
43.45597
47.23459
52.96625
65.35899
3.35586
20.60759
30.32424
37.66014
41.20338
44.40169
46.68820
48.42736
51.02242
58.67275
66.81996
6.14482
14.91554
20.41978
26.98733
28.96773
36.58587
48.09405
53.15098
55.75099
60.84283
75.87826
6.06506
9.29918
20.07495
29.22545
38.92346
44.75518
48.38741
58.72540
73.17866
76.06130
88.32440
2.16402
13.93980
23.31038
33.17086
36.85669
53.03647
53.33208
56.90076
60.74846
68.58839
77.07188
9.46132
15.13252
25.10617
25.51219
34.29497
40.55595
45.41722
46.65361
57.80829
63.82084
71.51641
8.38955
15.14808
21.58938
23.80843
37.78860
49.01126
58.71438
59.68863
68.85708
69.17054
70.47306
5.18220
10.97630
17.91258
27.78503
31.12642
39.70106
50.96738
58.11749
61.20815
63.73651
67.12228
6.93826
11.37272
13.35396
16.07039
22.20680
31.87431
35.81079
40.32253
46.89299
52.91187
56.69858
9.30251
19.65674
24.21396
31.14910
34.84280
38.23129
44.49111
49.21606
55.72468
61.20586
68.55804
1.78084
5.96502
14.74428
25.63448
27.44621
35.16713
38.11947
42.26031
44.46203
47.58073
57.32669
3.89984
6.34441
8.63277
14.02095
19.80273
31.44138
48.79740
51.31949
63.47378
69.86268
78.05099
5.29440
7.01137
14.25535
17.91401
19.86710
21.58191
32.08437
38.20054
39.04599
46.20667
58.71626
6.00840
15.53004
19.93223
22.65394
34.32677
38.77396
46.77780
50.11873
55.50885
59.09272
62.55299
6.33157
10.09507
15.42732
18.05081
21.66008
26.51137
35.57551
44.33909
51.16937
55.72276
62.61348
15.14443
22.00493
29.36196
33.87197
37.61877
44.27616
51.54897
55.16073
60.76743
66.28322
65.62850
8.73198
15.67247
18.72579
23.40540
31.03168
40.31788
45.18262
56.94693
62.86328
71.15268
78.04917
4.87602
8.44127
15.53490
17.75620
23.75137
24.56417
35.84497
44.34033
47.65335
51.85451
54.93333
2.83061
9.98015
16.09372
21.24728
30.13575
36.15575
38.52770
41.63430
48.29832
54.78829
62.50531
3.25620
11.53980
19.61356
21.33036
26.58732
43.38954
52.06064
63.33875
76.09188
83.91538
85.83721
1.83818
6.13470
24.52184
29.99557
36.21513
38.02025
44.27459
48.97720
54.61460
56.50309
58.94554
15.46335
20.67086
27.53200
32.45614
40.26678
45.24946
47.38654
55.29951
61.38475
62.36408
62.92647
9.62429
17.72444
27.88713
40.28659
46.78133
49.72183
55.56131
58.30699
60.90403
71.25987
73.28034
10.93429
25.43704
28.00976
30.28380
40.28206
53.04925
53.08995
60.49109
64.69114
67.31116
80.93465
7.20006
13.68897
16.27896
27.75049
33.61474
37.36274
50.82500
58.05484
63.17941
66.37984
71.59986
5.39352
10.81100
16.26570
22.44430
32.88903
35.41234
45.36240
48.59196
53.55050
56.61478
63.76148
8.86268
11.99986
18.89295
21.60200
28.87364
35.39863
43.06754
52.25913
56.73788
64.47535
70.84403
2.40493
10.02901
30.24886
34.72300
39.63573
50.65880
54.17799
65.26349
65.88444
72.13473
80.61845
8.93204
10.90186
30.83282
32.57207
43.26426
50.78257
62.78564
67.46421
71.51909
73.80489
75.71653
6.41269
10.81830
17.88646
19.56573
25.03184
31.00692
40.70373
48.48247
58.64549
61.37742
66.12624
4.87741
7.74581
11.82719
13.90413
18.65888
23.55018
40.22448
45.19525
52.32291
54.92602
67.31867
9.16252
13.20364
17.26532
19.60117
27.50483
38.26010
42.84751
47.26451
55.51467
58.30654
59.64418
14.90727
18.61077
27.95638
36.04927
38.28238
43.01002
47.43990
58.31613
63.79602
75.12213
76.14338
2.16446
8.04087
18.80146
22.86829
36.72661
50.56152
60.29747
64.47747
73.30673
78.59589
83.67610
1.51394
11.07380
23.26506
24.78991
28.58327
33.69487
37.58986
47.78320
58.75412
61.05770
71.41869
5.07545
9.30268
20.84964
32.99495
39.66073
48.30864
53.28103
61.92601
63.79863
65.64110
79.87151
6.03276
12.13453
22.56462
27.54830
42.45369
47.51716
60.03506
67.99430
75.94741
79.68716
82.66484
5.20630
16.42675
20.27699
25.64850
36.95902
39.49655
48.76512
52.42001
59.49332
80.49685
86.34748
3.57566
10.78274
15.93151
21.03202
29.84996
34.83469
39.64369
47.55687
56.73612
63.84030
85.48576
15.42827
22.31180
29.57811
32.48964
35.94948
39.74219
51.29480
55.93315
61.11739
67.43597
73.32968
10.49596
13.26297
19.44946
35.53257
42.30267
48.43181
62.32891
71.77004
80.36989
88.71134
92.70245
13.02983
24.90135
37.17153
38.97099
51.60290
58.12315
64.70534
71.87428
73.31210
75.36960
75.63771
4.04768
11.90570
18.60129
27.26248
32.36602
42.08632
60.68640
68.56924
78.25349
82.91857
89.78154
19.75959
22.91862
25.29605
29.18251
37.17566
47.25428
51.46133
55.55925
56.74105
59.01085
66.96939
6.33384
8.79220
22.44782
27.98542
37.47815
44.30636
52.76101
58.04783
62.17227
69.34314
76.68265
9.97605
18.38985
21.36325
31.00973
35.27722
38.13253
41.89619
48.12166
51.89752
56.49371
62.79438
6.90042
13.94261
17.26458
18.75576
34.55111
44.78516
46.53153
58.60083
66.00452
68.88165
72.48503
5.72949
12.71636
13.31432
26.78253
28.77695
30.97932
37.60717
45.91641
46.62696
59.74046
65.30657
7.10634
13.24233
14.49354
16.36407
21.14158
27.24233
39.06975
54.45971
65.71059
74.70123
82.75766
5.03797
10.38853
18.83279
29.77117
32.32337
37.20224
41.68966
44.64000
50.68597
57.18123
59.99860
