5.75006
9.81830
16.10724
20.60217
26.02991
33.14194
42.58962
46.54008
55.38882
60.31586
67.60775
2.67174
8.56006
13.17719
20.42292
23.80487
27.67754
31.05790
33.56984
39.32016
45.00627
45.27938
8.96880
14.12226
23.20306
27.16529
30.89312
37.24875
43.21080
56.95359
59.91578
63.40335
78.09474
5.62592
11.92346
18.90754
28.81101
35.35425
40.06708
41.56803
50.61128
58.07144
63.78320
70.73227
8.36606
16.91639
24.76704
27.71624
29.83038
32.66456
39.49160
41.32242
48.07305
51.33388
58.18051
9.12210
17.05100
22.54679
27.13589
34.36464
43.36029
48.46396
56.99835
59.67965
67.24471
75.20795
9.35429
12.88050
18.00486
26.52759
36.35780
41.27651
45.69205
54.16718
58.41730
68.40251
71.92937
3.86044
11.70315
16.49597
24.20304
32.17574
46.33946
47.60594
50.33483
63.10495
74.52004
77.99596
7.04073
12.86071
17.09777
24.52626
26.65009
36.29671
41.34020
47.07032
51.15711
51.12774
56.89158
1.78397
3.72372
15.61199
18.78924
29.15981
36.40322
43.71159
53.21241
56.44505
59.17923
62.29143
3.90128
11.78049
13.15669
21.19018
28.72135
32.03307
37.56764
46.04195
55.49087
58.86774
66.69413
8.88711
12.46812
19.60658
20.99250
26.51299
29.09040
38.31103
43.80742
49.17899
55.24232
61.13147
4.94353
16.72408
30.00466
35.39412
38.26025
44.52326
49.17173
63.03347
64.29837
65.58257
70.40127
4.66044
10.08999
14.78172
16.95512
22.03102
29.21603
33.89278
38.33030
48.83159
56.60117
60.81793
1.76539
11.36606
22.80112
25.24112
29.66068
32.26090
34.13307
45.91245
46.68587
47.93145
54.04030
7.83398
17.76977
22.23980
34.34569
36.77263
42.34997
50.10761
54.36201
60.60653
66.33672
67.04838
7.95182
13.22282
18.44268
27.75435
28.81292
38.61947
42.89182
48.83402
50.41565
57.27371
57.85501
4.07377
9.78395
21.66344
21.81096
29.01617
32.97416
36.64485
39.09060
45.49214
51.22136
58.20710
12.94046
16.83000
20.83872
24.49654
39.38406
43.08752
48.67546
53.79198
63.98938
71.13907
76.07778
11.03927
16.32353
22.08472
38.45678
42.25780
49.65063
57.60410
61.88674
69.03208
73.28236
77.53266
9.95905
18.13359
28.83363
32.25458
46.17558
47.12293
47.15499
52.47095
59.32834
65.66218
76.03095
4.52764
7.47906
18.30922
22.25394
37.37832
39.84759
41.56373
50.20812
57.22959
61.83869
62.76251
4.59581
8.07784
12.58773
13.71641
24.30642
33.14431
44.50404
52.75693
57.26490
61.45607
66.75136
5.98696
12.30907
23.36789
35.52108
37.31511
47.65447
54.91834
61.39217
69.37863
72.04304
75.92436
4.93036
13.15640
16.00181
22.94437
26.95879
28.44210
30.39159
42.87301
44.60753
46.72437
57.10963
16.09630
23.25784
26.41080
44.10857
53.42097
60.02066
69.40797
74.33596
77.81183
80.19809
85.92755
6.46151
9.81679
13.57087
20.68092
26.80237
31.11706
33.59948
41.03104
45.70981
45.47457
46.54133
11.03194
15.82491
31.33755
40.02531
46.26803
53.10503
55.43911
56.08041
62.41382
65.21388
72.26291
7.85344
10.01999
17.57324
20.82987
27.60648
30.94316
34.76061
46.86440
48.70676
54.29655
58.01220
3.89134
10.69431
19.25588
20.91322
22.64477
27.18438
34.99388
39.74948
44.25719
46.99983
56.76466
6.05961
11.15357
18.94581
25.17359
33.02177
37.36934
41.39046
49.05013
55.21970
58.92275
65.24438
10.12297
17.77063
26.68671
31.84623
35.60355
37.39455
50.63485
54.27518
56.00006
62.09088
69.40276
5.82697
7.18636
14.65696
16.67483
25.08721
32.11613
38.63538
42.82011
51.97826
-1.00000
-1.00000
3.06687
5.91712
14.16015
15.88806
24.54760
29.17736
33.21916
41.20523
45.80186
55.45762
60.61734
1.97692
10.45950
19.73402
25.41441
29.77060
40.93214
48.11597
56.78867
59.69859
70.79465
77.75654
6.74063
11.77752
17.89645
21.61376
22.54720
31.33371
34.22540
41.66523
54.60697
70.83704
74.35183
2.93394
9.56916
14.75766
17.44628
22.72990
26.91275
34.64505
36.70405
42.84498
49.18818
63.87680
12.96256
18.19086
23.28657
26.56610
40.34450
55.30797
62.37217
67.24102
70.55267
74.39369
79.98136
7.99204
24.05564
25.12531
35.10052
46.76078
54.26198
60.54631
60.71869
61.45836
68.77129
72.39337
8.30753
19.68643
24.18283
26.45724
40.42679
43.20201
43.74168
50.99635
63.15311
67.83093
71.47307
3.32697
11.40059
15.75434
19.91865
21.80589
30.37444
42.87340
50.96803
54.13846
59.76538
63.47329
11.00995
14.08060
24.88880
30.57726
48.40710
53.22782
59.05894
66.62902
69.61872
71.15743
84.53529
5.70533
9.54696
12.70602
18.64883
22.90998
28.35859
32.47491
40.10735
41.28292
45.17577
54.25983
6.08578
10.92335
21.63358
24.62230
27.99943
29.26452
36.31651
47.10342
56.36499
68.01032
72.95209
4.47478
8.14857
16.64784
19.34915
24.07519
31.42988
39.19186
46.86421
49.83777
57.66798
67.38566
3.49429
16.53613
24.80972
25.94453
30.51002
35.71069
37.25678
44.60225
52.02267
58.98278
69.60963
3.64279
7.33964
11.44753
18.63872
22.42775
34.58495
54.75263
56.33742
60.80873
65.14436
75.67412
5.01897
14.43786
23.35402
30.78873
38.43137
49.65647
53.17912
56.61367
63.97921
76.76459
81.11698
10.75031
14.47181
22.15257
33.33446
37.55716
42.31649
45.80379
48.07558
54.77564
57.30817
60.99982
12.95068
17.93881
26.78708
37.57291
39.91731
43.85314
53.23979
62.61807
66.62536
76.45916
80.62876
5.37586
7.55431
13.78434
21.86039
36.81842
42.01266
45.00102
49.57151
61.15686
63.81055
68.85098
3.15428
12.42275
25.57139
33.66365
39.93552
48.11683
53.68995
55.83075
58.80754
68.44358
73.95785
13.63685
20.32881
30.25445
38.37237
45.74704
47.57868
54.29342
57.64612
59.90915
64.41144
67.83704
6.53878
16.76292
20.85303
23.99154
32.76634
39.13871
46.80414
51.11975
51.93894
55.68108
61.17298
2.08762
12.80563
14.93459
21.24615
29.45148
32.89753
36.18227
41.42954
44.60100
48.85353
74.21034
5.00497
11.82753
19.33177
27.20417
33.93522
36.48501
51.10339
58.60703
64.91134
67.76449
74.79011
5.90975
13.29355
20.36997
32.27330
37.97723
44.85421
47.53052
58.31066
66.06803
71.15478
73.76402
2.21425
6.23293
15.73548
17.65034
21.44697
32.39491
36.98393
54.76312
60.51860
65.95234
66.90611
5.61066
9.98843
19.13310
25.47787
33.76141
35.33276
45.44909
49.11354
57.41611
68.82046
73.10841
6.71574
12.33049
18.39743
25.13643
34.61102
37.72020
50.80243
59.11615
63.21030
65.55151
77.69009
6.00902
7.37466
18.30059
18.35802
24.58472
31.89090
36.55757
41.73520
47.08272
54.43538
56.85227
7.06361
9.94569
14.87523
25.67187
30.41297
31.97701
35.26061
39.05475
47.30987
55.27110
56.93410
7.04273
9.80182
13.33994
16.69537
22.24969
31.27941
32.59139
36.52230
40.06235
40.81408
43.77072
4.54152
12.25616
16.23933
21.72336
25.38452
30.12286
32.57071
38.92935
44.91700
49.91640
54.85335
7.31352
10.47455
12.23393
15.17224
30.41432
34.77539
43.88827
47.51029
50.99921
60.27086
75.99796
3.72850
7.38157
12.47042
19.31548
39.84271
46.93058
52.68671
58.68062
68.05440
72.03612
73.68923
14.41481
19.81398
25.39863
35.72793
42.63152
50.33298
52.73755
55.37229
60.99671
62.77750
71.49495
8.99590
19.02368
22.90675
32.06873
39.59405
46.09731
52.18430
55.83862
69.30476
80.14559
93.85455
10.45463
19.92120
26.42796
30.98892
38.38801
40.82421
44.63401
51.21697
54.14336
70.80478
74.42464
7.02808
11.18606
19.10769
22.44450
24.74422
29.75621
38.16465
47.61807
54.99484
61.57709
63.57574
8.38420
14.76528
21.59443
28.32963
39.31329
45.04335
68.91904
70.59042
77.40637
84.65546
88.25793
6.78628
18.03141
21.30125
32.41189
35.65352
54.33058
63.83328
67.69215
69.64723
72.84284
80.85466
9.15166
11.14877
16.23158
16.99476
23.89677
33.16137
34.98979
48.80248
58.52365
61.47617
68.69139
5.14892
5.32561
15.85883
19.77564
24.83091
31.56910
38.15103
47.76707
56.13256
64.42901
73.68065
4.34039
9.00598
16.32145
19.73784
24.88725
30.54510
34.76133
38.70312
52.61425
57.61687
65.20219
3.45945
20.91538
23.23864
32.75321
36.51307
39.28071
45.04383
50.49336
59.69020
65.79484
81.66696
17.69633
23.24313
34.31934
41.55072
56.59265
57.67182
63.04722
66.91608
70.11849
76.36776
95.36607
3.60808
8.14396
13.18997
17.99987
19.51441
26.17401
34.38851
36.41323
41.52552
48.41945
57.13793
6.06026
6.22212
18.17610
24.94302
35.85322
43.37595
51.52563
55.70276
65.16759
70.12484
71.57056
6.06203
8.02822
14.27731
21.08262
25.34393
30.41627
38.75679
44.06799
50.48516
56.68288
59.54111
3.23994
11.90547
17.28329
22.06040
27.96459
41.42096
51.25129
52.09699
59.74768
65.04582
70.09871
4.16057
7.99390
16.72453
22.83105
33.65769
38.77999
43.96955
52.62781
58.35687
63.37396
70.04137
2.98831
9.76553
19.77015
23.13520
31.82774
41.36468
49.70541
51.57007
59.90390
62.88903
62.95455
5.60748
12.66166
14.07648
19.29812
22.25566
27.31480
32.77036
36.62840
45.01709
47.11970
55.63769
14.16489
24.23195
29.74585
33.10120
38.53605
43.17505
51.19828
55.76062
60.33013
70.14419
80.98569
12.12866
16.01463
17.22899
21.24836
23.49918
26.34628
31.86599
39.68134
46.83522
48.40993
50.30130
4.43110
7.56582
17.90708
20.02392
23.49753
29.68682
38.85771
40.07375
45.31768
54.61619
59.73280
17.95280
25.96178
28.88304
41.02635
47.45741
48.28832
56.33881
66.09957
69.45869
78.71053
79.71795
4.72513
13.15592
15.80339
22.24162
29.02676
47.88739
64.58970
67.75252
77.81972
80.61357
91.60135
4.84231
7.31482
11.66988
19.97530
28.25182
34.60598
52.58134
55.15883
61.15903
67.22739
72.63395
3.25760
11.89677
17.35383
28.53218
36.13047
42.00946
46.22120
53.06207
55.70320
66.50293
71.47450
10.71883
12.61110
16.21795
24.24084
25.30413
35.23272
40.08044
44.96175
53.38371
57.22244
62.60065
3.80404
8.22947
14.91138
21.77366
25.93849
35.84321
37.07927
49.20594
60.51733
65.07452
75.00776
10.49775
27.88360
31.33783
38.78162
43.59031
49.16642
56.09608
55.32589
62.66811
69.60007
74.96891
2.05279
3.44397
9.46921
16.47395
23.52791
31.64599
39.53052
48.16790
57.06850
61.67114
67.03439
3.64141
4.88482
12.12000
16.07261
20.74836
25.91593
31.37236
40.88006
49.18176
55.47287
59.55711
12.96327
24.44866
33.64049
39.43453
43.34039
46.53105
49.01259
62.90435
63.95775
71.15628
77.35759
23.87801
33.07808
37.83116
39.45198
47.63731
54.35515
70.78341
76.89601
81.60560
84.90906
89.99128
4.61943
9.05790
14.99958
22.76187
25.86641
34.32987
38.52233
42.71841
47.42750
49.93982
60.27191
6.06179
16.10865
20.50844
21.75584
24.83731
27.96093
38.93827
43.27789
44.00648
49.55109
63.51510
