6.28692
11.37812
15.62818
22.85067
26.92793
35.16593
39.59133
47.25465
55.53580
58.61445
64.09527
66.28632
67.93515
14.96957
19.21149
24.39734
42.06137
49.82193
52.28241
61.51749
68.44568
74.12742
82.59366
89.34028
89.84440
93.86455
0.87640
9.20860
15.10692
18.10357
25.44568
34.85320
49.03531
50.61887
54.94886
67.51366
77.79056
86.55748
93.34075
11.31325
31.98541
35.54789
45.12492
58.66114
63.55853
75.71553
82.59280
84.26205
97.57281
103.46370
108.36789
117.82815
19.80732
31.76452
33.62492
44.51970
52.62531
58.46091
68.30678
74.06554
84.07915
88.46889
96.54071
94.14334
100.05666
8.65345
19.58138
27.31649
38.25546
42.75584
49.35720
58.16575
65.36243
77.69710
82.62851
92.69536
101.47504
106.06330
11.65582
18.44492
24.06196
32.17870
39.39233
51.18689
55.93863
58.57136
58.86443
61.07829
62.28670
67.17981
69.91806
9.38381
22.74659
28.64022
34.80623
50.20691
52.92229
58.75959
61.13261
64.10006
73.52744
79.02319
92.13954
102.88964
1.63080
10.85802
23.16153
29.49505
32.62141
36.25747
50.07577
63.25893
78.16572
92.80225
96.84153
100.18345
113.84861
6.04814
13.63378
19.26860
31.25427
40.56950
52.25788
60.51441
67.22908
71.91736
78.35908
90.08797
92.60443
93.30233
10.13456
19.68293
31.96256
36.73974
46.11347
47.22855
58.29190
70.31296
75.07390
78.01990
82.60493
88.83910
95.18597
16.47152
24.56432
30.31686
35.62556
40.81374
44.81472
49.22809
57.66023
61.08870
67.32607
72.63538
82.51933
88.74314
11.18186
21.15774
26.47797
36.87406
44.50261
50.72596
64.45026
64.82534
65.97629
70.41096
72.45660
78.65860
88.51868
8.11937
10.77210
19.89492
31.19309
34.53187
35.37078
51.11788
58.44453
67.05757
73.04325
83.61438
90.70162
104.98100
7.55067
16.12563
17.23055
29.60424
40.66911
44.40116
51.41391
59.11185
63.63971
71.83035
80.12404
93.86466
97.19742
20.30766
31.23833
47.28060
51.92486
53.92868
59.97733
61.38270
65.03082
66.28502
82.88058
89.35616
91.75696
103.39040
4.52426
10.99149
14.45423
18.89661
39.43130
46.15009
56.81736
60.35060
72.96567
76.73297
87.02989
94.85545
96.80244
12.60046
19.41657
29.42242
39.57225
52.36939
57.47958
68.52954
72.81833
82.09154
92.91564
96.47917
99.14825
110.51262
11.62702
24.23872
28.55796
35.29322
46.05330
47.57283
54.70370
64.86453
69.32814
70.37479
78.16074
81.10498
88.46763
9.80506
17.77689
32.01790
39.91958
43.94698
63.56248
73.32729
80.61077
85.38195
98.46608
109.50377
114.04965
115.71788
9.71524
26.79935
29.67903
38.64445
45.99832
65.16245
78.03584
86.78109
91.38853
98.00822
99.00979
107.93781
124.69367
7.59493
18.75267
32.74021
35.08866
44.37633
51.67902
60.54790
67.37804
74.76501
78.53168
82.33070
90.62795
110.50678
7.41114
22.22595
27.85524
36.68028
45.76438
53.20533
65.42811
76.05267
78.87450
87.22196
99.81796
105.05677
111.75744
5.92390
14.13878
22.38054
23.02335
26.98606
28.57472
40.01778
52.59496
60.75678
84.84706
97.83634
106.11054
107.86639
4.46413
7.50570
13.01616
17.81159
21.86971
24.85933
41.56346
53.93415
66.31027
76.34009
82.76214
87.50589
89.35904
10.62803
17.09089
25.51035
34.27336
38.67335
44.45590
51.92481
65.98571
74.45682
90.19701
100.87628
109.60649
111.71412
3.09582
12.14465
15.61610
27.04435
37.31456
51.48492
53.75890
57.93671
73.04091
77.60542
98.68769
99.55969
102.82436
2.54170
12.56958
21.11562
26.50477
35.66130
50.54549
52.97792
62.69215
69.54083
82.90319
84.24831
86.05710
88.83368
17.78847
31.35410
48.32401
62.03198
75.34622
81.17349
89.77476
93.73078
98.36775
106.34787
112.22330
117.71543
128.46825
9.00770
17.06091
29.28217
40.09024
45.12075
52.34090
62.31225
64.78224
71.29188
78.96001
87.13470
95.13158
102.05129
5.06801
8.34526
20.03443
21.26890
28.81178
32.26927
58.94429
61.04806
69.16141
69.31189
78.66735
90.27527
91.72196
8.08193
13.76743
24.11071
34.82083
46.42354
57.65716
64.36354
67.87771
84.96413
92.98550
98.95615
114.99882
122.96819
4.22076
9.65652
12.33284
18.65815
23.75786
25.56515
31.93158
40.14652
62.46772
70.22074
83.40017
89.09336
101.75859
5.81085
19.98363
32.89195
37.59406
42.30340
55.75825
66.69276
72.08110
75.36353
82.82176
85.59374
88.29985
101.43361
6.77889
18.07289
28.42735
31.10449
33.77135
35.71759
39.68135
43.92924
47.27248
53.76525
67.17486
75.23733
83.28607
7.81218
23.42577
32.30547
40.94920
49.62833
54.88520
73.54377
76.43661
87.41442
90.01953
91.59996
94.07758
101.04846
2.83098
8.98999
12.04300
15.67841
19.52443
25.70128
33.89867
53.78592
69.65102
76.71305
88.21845
91.23209
103.68428
2.87317
8.63395
12.34827
24.60893
27.47852
30.64452
35.47935
38.76375
44.87397
52.83620
57.37947
60.57554
69.63699
5.18049
13.77617
24.59810
29.32515
31.94947
45.45314
50.00803
52.60792
61.89001
71.18495
80.81363
85.55250
92.48396
11.32255
22.91146
31.14906
36.61014
49.86053
54.22083
56.65461
60.69823
70.02338
79.30313
82.69757
92.57327
97.25146
7.01109
21.97953
34.10170
41.53716
43.94811
44.63534
56.12647
71.66538
72.26277
75.87699
97.06729
100.53463
104.39486
4.39732
18.58267
24.33972
31.02573
44.11211
57.92764
75.54983
79.20092
82.85524
88.99208
94.50834
95.70374
101.36729
9.11923
22.96726
32.44773
37.34959
44.71222
47.87652
55.59727
64.22939
66.83291
75.58801
83.15048
91.40286
92.92103
11.63979
24.80494
38.50656
40.15026
53.69208
63.98258
68.85993
73.26146
74.62671
84.63007
91.84281
102.17588
102.19670
4.80947
18.26900
28.60006
39.73660
46.22816
58.77518
66.86676
80.35149
88.73804
99.01951
115.35185
118.37041
125.67472
10.43405
13.60341
14.29762
16.40770
25.93893
33.17758
43.38562
45.63330
55.44975
69.08901
75.73110
81.21904
94.16804
9.58555
13.82053
19.64035
23.58148
29.25056
35.88388
48.73475
59.48442
60.59384
69.68351
82.60012
92.33964
98.04811
9.82434
20.10550
24.71950
34.45508
45.85596
47.69579
51.08733
53.13085
66.98444
79.14622
79.36473
84.77179
94.18042
4.69786
9.01935
12.82463
15.35251
24.65641
31.45753
33.79887
44.33389
53.35735
57.70609
73.39638
89.96776
93.80877
11.30253
14.85117
23.25500
29.17853
38.24987
54.98572
70.08958
84.30331
87.78782
101.08073
104.07453
111.94005
116.11765
6.27101
9.33085
14.00184
18.91593
23.73375
32.04035
35.32896
38.31859
45.45564
50.77246
64.04622
82.93889
87.99986
3.98431
8.06549
12.18949
22.51243
27.46178
30.36318
33.57274
37.09081
52.06460
70.48539
76.04083
82.81992
92.07930
5.10591
21.39863
27.92033
33.18601
39.84714
54.84513
68.12501
79.69825
81.56420
96.87917
101.23682
108.25525
111.23799
4.03966
12.92738
17.41834
36.47352
47.43816
53.20451
55.62846
55.95584
60.57923
68.33478
76.60256
84.29396
89.27667
16.54070
22.13271
29.64402
47.13250
50.67399
54.30062
56.85555
66.03588
72.26017
82.89283
87.97512
95.61358
96.11514
3.34941
8.63626
17.81681
21.46806
26.07817
30.03889
38.51331
41.99460
46.02013
58.11250
70.29221
77.15184
80.93511
7.19807
16.22085
22.49359
23.20353
32.84718
40.39803
51.94914
55.88006
60.08434
62.46815
75.41904
83.22012
91.00721
5.79101
11.89814
15.78564
21.33350
26.06370
35.19827
53.45199
64.32503
72.34744
81.21230
88.90563
97.86991
98.19936
19.74131
27.47669
28.85406
35.29565
48.37137
60.76858
61.60208
62.85159
75.62239
83.15117
94.55892
99.24020
102.01627
18.84588
22.72068
26.15154
38.18491
49.18181
57.14128
58.79570
60.62883
62.17194
71.94350
76.41222
80.26257
91.02909
10.85278
17.02752
23.26301
25.47273
29.60009
34.71465
42.46653
51.48536
60.71971
65.43586
77.10484
79.94446
88.06601
1.89834
8.30065
25.01841
39.82686
43.08117
63.89792
71.61472
84.47017
94.45231
104.97105
110.93849
117.54425
128.89860
15.45234
21.44828
27.83361
36.42848
40.78327
47.75476
62.46002
68.80392
76.13624
76.96703
82.96051
97.11758
100.60874
6.93407
14.73429
17.72981
23.70259
29.71502
35.93568
45.80471
59.89438
64.67804
64.92104
73.98251
82.98141
85.82126
6.24103
9.82638
12.42171
23.10912
36.04797
50.95512
59.55264
59.83816
65.55237
90.08014
97.73579
105.75152
117.83885
4.50018
9.63089
15.82575
17.49706
24.67339
36.41896
42.32184
54.95532
59.94307
67.57179
75.21635
81.10739
83.94714
11.40033
26.12379
45.80652
54.90541
58.19923
63.51523
73.64853
86.81634
96.36828
106.57141
125.61875
133.34988
145.06749
12.13504
23.38459
39.24722
41.67684
57.43559
63.04023
72.57800
84.21322
87.58282
86.64963
96.05052
104.37692
121.00000
4.35568
14.66951
17.91648
24.83337
28.53522
40.28543
43.04513
52.34875
58.00878
69.29372
79.52612
87.19978
89.94580
7.14283
15.42717
30.88780
36.70259
45.94702
57.74276
67.04056
77.93434
79.57533
82.53580
89.33207
95.68298
103.60039
6.55131
12.87977
22.14004
32.88730
36.02348
47.88162
55.12944
58.75345
62.59409
77.53936
79.47624
89.04363
92.68881
4.38526
10.88690
15.07474
28.81336
32.53133
41.38024
43.54420
46.96595
52.03340
68.25215
72.11833
77.17644
83.22380
8.92245
13.77390
24.94968
31.35395
36.90454
52.41435
60.12158
62.35868
64.77731
78.39897
84.99285
89.28198
97.30962
9.60922
15.05375
23.84154
35.36781
39.26261
48.64415
52.71608
55.76049
65.41601
68.90535
81.50919
95.28919
108.21511
14.34336
17.96519
26.32637
36.92238
49.86685
54.22290
55.48178
56.87995
58.86176
63.32720
71.59308
78.64170
90.24953
20.75594
30.23683
34.06445
42.27546
46.78073
49.63087
58.23923
59.82394
65.81592
87.47434
97.56723
97.85583
109.48436
11.08564
12.64417
17.42795
37.91789
44.92279
52.51393
57.61882
66.35804
72.56709
77.39403
92.41360
93.60936
98.55980
3.97533
14.53144
23.41639
24.53397
34.97641
40.74122
71.35790
87.26900
91.62023
99.37442
104.31200
109.92976
127.29394
6.73606
11.95376
20.47025
26.66204
31.53402
36.71183
39.10881
44.50959
47.48381
49.94506
61.74788
70.28279
78.31627
13.57142
14.12769
19.30017
19.88991
34.55707
42.83725
45.62331
55.92063
70.96132
74.89041
80.74710
91.01283
97.89968
10.20109
17.88917
28.52054
33.24453
46.12653
55.05728
61.58007
70.25754
79.10716
88.39318
103.59412
104.34350
107.04589
12.41325
15.56998
30.97060
33.83759
50.01678
54.09145
63.02781
76.00519
88.07432
97.31680
103.19890
111.85493
115.58888
15.59223
17.25929
20.75653
33.43137
39.16410
48.32488
53.42527
55.46199
57.05850
66.72783
70.65954
74.08011
76.37426
7.20396
15.70279
22.97294
34.13689
39.12226
43.26490
52.76039
55.58984
62.94429
62.29309
77.44393
81.24219
89.52707
9.07075
13.15142
25.85118
31.25353
41.27120
50.84544
62.17991
69.99124
83.20568
84.42692
91.66096
97.24861
109.11119
10.78963
26.98023
39.52445
42.73811
50.11068
58.51141
63.05215
69.43020
77.95545
80.39638
85.98131
93.81973
98.95278
4.96111
12.27549
21.28749
28.38133
30.12929
38.68592
44.02048
45.10566
53.70250
59.99339
61.63378
73.03964
79.00696
14.53702
27.16615
32.08001
43.22615
47.37545
49.02445
50.28839
61.57499
74.35237
76.89671
92.40642
95.34306
95.69023
10.79557
19.26850
25.66920
40.09359
47.50815
53.62134
64.93097
66.95052
69.55448
79.43897
85.17103
92.26930
98.12520
14.35942
20.15239
32.13675
35.93218
38.88046
39.41741
54.51108
67.13916
72.75159
76.60089
100.98792
103.24792
107.90124
8.93552
19.16617
28.16154
30.91889
36.82882
46.41432
49.69031
53.78601
58.26797
64.36823
68.74656
78.35905
83.45701
2.98109
13.30748
21.75461
30.95774
38.02263
41.02260
51.10683
60.60538
67.29033
71.68564
75.09298
86.68727
92.13939
4.99486
10.62463
16.94371
24.49734
30.96634
42.13435
47.98785
55.32404
60.06147
68.22125
71.81279
78.27110
85.10544
17.07769
22.10597
27.91593
38.74397
44.36057
54.52482
59.81995
64.59067
70.85018
77.88068
87.23048
105.97096
110.66948
10.45199
15.04785
34.13646
35.03688
62.17931
71.53500
72.69694
86.54939
94.16550
98.28725
108.37458
113.83018
115.08654
7.76335
15.71265
25.71835
35.19962
44.25282
53.10296
57.97770
58.93271
64.88653
75.05593
94.67144
100.34476
101.75307
5.09848
13.03254
24.40947
30.87443
42.56343
47.29538
49.36011
54.11881
62.70107
66.68967
71.63988
80.14796
84.19618
14.26399
23.55159
28.15225
33.41551
36.30347
41.21426
46.75817
50.52164
59.47098
65.43304
70.64587
72.87753
75.91667
1.51236
3.99674
12.00941
16.28158
27.77937
44.58201
57.51673
74.60693
82.93702
87.98778
98.44266
102.86729
108.60887
19.84705
23.42791
38.71299
45.27062
52.71125
59.59516
65.26127
69.65590
69.65590
76.31310
80.78524
86.72272
86.99819
