11.66420
18.85320
23.98358
28.18317
35.68053
44.73105
53.78902
57.84524
64.56335
86.55465
110.30183
117.80560
126.24212
5.50628
23.33603
41.16497
50.75835
63.94940
69.98199
80.09845
88.38745
105.51417
118.97126
121.81239
123.51065
135.12853
15.84714
22.87504
27.64417
35.96048
50.53874
65.05827
71.49884
78.25778
89.75329
96.83656
104.49784
114.99908
118.49895
6.83250
20.26781
39.33570
43.43386
53.86392
57.59955
66.86018
73.96880
85.62977
90.98805
97.65106
104.40094
115.43361
3.78457
14.65952
24.59350
29.82400
43.56258
51.14204
73.54289
78.58830
89.07313
96.71451
99.36986
130.14551
139.11108
3.23183
11.99205
23.40043
34.76811
50.16071
57.33979
68.13869
73.43445
82.19362
85.12292
91.62903
109.83737
114.29652
4.76041
21.66067
40.38058
43.40218
64.39948
78.05172
92.16491
94.46161
102.19976
106.10582
111.70411
133.07174
136.47951
1.46829
21.74866
28.32846
44.76426
63.99533
70.62527
71.42563
107.97748
117.82777
125.24858
129.16581
136.71308
142.32391
12.42797
20.08135
31.31986
36.49278
58.56269
70.13856
86.38789
90.31621
96.55536
106.49503
115.85665
120.25734
129.09571
9.39694
15.16073
26.55708
34.21255
41.96750
43.29668
61.44179
75.04749
78.80216
86.20138
93.94339
107.56203
123.45707
9.32899
17.90514
36.52671
39.67519
48.79329
59.69543
67.31586
72.34978
79.05962
87.52688
96.39209
101.70475
114.77091
6.09817
16.29297
23.49866
31.74570
37.96259
52.71388
70.17235
81.73869
112.38663
116.39457
126.45522
136.45352
149.82017
25.17294
36.37870
42.87210
57.78045
67.87375
86.46607
107.03949
122.23868
135.05517
154.04405
162.64613
175.31893
176.75060
10.67805
17.83332
19.30045
25.61560
32.24065
32.65614
58.66664
65.34524
75.48902
94.23916
107.41440
112.93496
127.68749
10.09684
33.09513
46.22116
55.70266
58.18248
63.81979
66.32712
86.71077
94.31024
105.56605
112.31294
134.14168
144.37070
26.51572
39.07191
51.10935
72.81668
84.45729
92.66370
95.48471
100.20129
110.03030
114.13699
116.35962
130.27704
145.24821
1.62804
8.52148
13.79009
20.29261
24.62505
43.11550
44.88353
78.58017
90.72452
106.95500
122.66948
127.49590
129.34074
11.34626
32.14074
48.04904
59.86868
75.93105
90.36100
95.32132
104.92394
111.79366
118.27609
138.39111
151.90923
159.64066
10.52896
21.76887
28.75945
34.59575
44.36469
69.43383
74.86755
86.76854
98.56835
112.62943
136.39789
159.28649
186.17150
10.30986
14.87578
22.07103
47.25277
69.27266
86.94644
101.46350
107.39746
119.51229
138.47840
142.12301
157.79639
170.66396
15.17114
29.69017
43.37448
44.71162
78.64109
82.93497
107.64979
119.14624
122.09178
136.29029
139.79984
155.09807
177.01393
8.93724
15.38152
23.05032
46.09431
62.99665
70.32631
78.06200
95.55656
98.00854
106.73949
113.43527
123.32927
125.66991
6.51428
12.35681
22.45759
41.12341
51.76372
60.58983
69.43281
74.07764
79.56311
90.87767
99.47965
102.54208
106.37479
10.17003
19.78331
47.21057
53.23026
76.14576
86.25076
92.01219
93.62779
102.51551
110.25059
116.03917
124.35481
133.90329
6.21761
12.07033
14.70917
19.05146
22.13102
40.99654
48.27787
52.93331
66.06371
70.14720
82.20591
84.68074
100.67569
9.09602
20.72742
37.91982
60.25403
66.11314
83.40637
85.99176
111.32104
119.99545
126.64801
135.09556
152.34283
152.61278
6.69673
46.94970
58.68716
74.65095
77.44649
107.76645
126.20344
131.86939
138.42486
143.97564
150.91498
157.17025
169.83186
3.25735
8.25276
9.65929
15.84433
26.58626
33.26046
38.60222
45.83946
45.95121
56.29473
67.42792
81.79166
108.69565
9.26579
13.03975
27.35004
31.56877
37.63996
55.00384
68.43228
79.34439
83.54857
94.86439
99.66011
102.97619
105.01807
13.18584
14.34524
20.48230
28.73433
37.05434
44.91469
54.37666
69.25903
77.99658
83.65337
99.37316
102.44525
105.28445
10.39700
22.96094
38.32067
50.85608
69.77307
79.17164
87.50242
101.46300
110.78467
118.21530
119.27835
122.12325
131.68312
14.64285
28.58754
35.97290
45.91739
55.71439
73.33124
77.64553
90.10188
97.87192
112.43619
120.35540
126.65774
138.82589
13.06363
23.62463
27.99842
43.35930
66.62809
67.03579
68.77721
86.51356
92.27548
99.64630
103.43423
118.81440
128.98133
14.26450
24.95791
31.51275
50.32219
54.02887
57.86320
68.35133
80.28317
82.36353
91.56102
93.86727
107.54813
120.35012
6.16365
23.90893
39.22432
54.16022
61.02176
73.29191
92.81690
109.38511
111.78698
134.19353
139.57404
155.27683
163.82704
11.77864
16.79422
27.17344
35.61428
41.14551
42.59708
53.51178
85.76925
99.67690
106.41524
112.35157
132.97656
138.11774
34.42922
43.94609
56.26367
69.94061
80.99122
114.15871
124.70179
130.01847
132.94452
149.90039
160.37899
172.72416
175.57078
2.11822
15.82701
34.39136
39.32557
47.42807
48.94427
54.84665
64.17548
73.92369
79.81421
91.69109
100.55283
106.10657
16.97705
28.98118
32.94293
55.05090
71.09051
79.69355
87.48014
92.15997
103.67904
113.68966
128.73686
136.07961
142.50268
15.24002
19.92757
33.11199
38.17470
47.39438
48.54738
54.88964
63.95241
79.33334
90.71557
94.95490
105.68673
126.37135
9.04705
26.44807
46.63235
49.45150
63.21584
68.00099
80.78298
102.12761
110.65128
122.00753
127.57093
147.68415
153.37578
6.86321
14.52244
25.44108
38.89780
44.17047
51.76882
57.63715
58.39361
74.28637
91.85943
98.42940
98.57129
102.00534
8.17010
12.13640
23.15822
39.96373
47.69705
59.70795
65.04170
75.13496
89.14082
100.72459
107.81584
112.56312
124.23492
8.50672
36.72702
51.92583
60.54064
71.75034
72.45215
86.10746
107.66047
111.34186
115.46094
120.34144
126.30539
138.46455
14.79557
21.33757
35.09139
43.81321
49.53777
59.00328
65.69103
83.82686
91.59319
94.75797
120.23703
139.24555
156.76720
10.22916
14.31854
25.53885
27.42085
40.72950
45.08048
48.66112
76.34392
87.80958
97.26078
114.06315
116.77978
134.79202
11.89239
16.26909
26.00316
38.74306
46.59323
53.48524
58.12298
68.13082
82.82572
93.89935
104.05947
115.10223
125.78106
6.27555
19.40911
34.46950
44.38057
59.15501
60.81650
83.12017
96.12110
103.62883
107.98808
115.83710
124.29707
128.69490
4.94420
15.24102
17.08994
24.40512
30.77994
48.75569
56.59453
79.76660
91.22384
97.86760
109.34586
112.91286
118.58196
8.41309
26.31674
41.06797
50.49383
56.99642
62.08017
77.36879
84.12820
93.99721
103.19168
109.76471
116.36787
122.65423
19.13038
21.40478
31.00422
38.56988
42.43839
52.67752
65.43458
81.42299
91.42299
102.90228
121.62306
125.41846
136.25975
16.91980
21.41308
32.27320
46.22791
56.75760
70.61608
73.60447
84.29792
104.36454
108.92248
117.23529
118.75677
136.61166
5.45760
8.07792
13.22546
17.63201
60.93572
70.55210
102.00047
104.33802
110.61454
121.26349
135.43269
145.11386
151.04643
9.86156
16.94790
22.94089
23.91944
29.74752
48.01089
67.49237
74.87755
85.55837
88.87118
104.12878
115.70023
119.47829
5.71048
9.54303
17.51925
26.92121
34.07272
40.39942
43.44487
56.73662
78.16246
81.96879
103.82707
112.93501
125.22915
4.50310
14.37181
20.10817
26.32919
39.57008
45.30094
62.93937
92.41450
98.83149
110.99728
124.74668
129.27044
132.84997
16.50187
34.29592
49.01552
58.38755
66.16881
77.86423
87.71648
91.67658
109.18796
116.51287
142.95321
160.62411
172.93018
5.12300
8.36239
36.19579
46.63446
65.46546
71.04254
80.80254
88.70881
98.17046
125.00462
131.21018
132.13530
142.60830
5.08956
8.27340
11.66532
26.08320
32.70687
55.58902
73.10280
76.75295
92.77074
101.44122
122.04040
123.23245
126.07378
6.36090
17.08403
22.37426
35.20229
55.59185
67.65247
96.75249
102.51532
112.36446
117.77515
123.08347
130.71765
140.91677
9.35576
20.20197
34.07227
37.39010
78.66194
85.37433
95.18965
102.92306
104.98915
120.91305
123.74380
133.40566
143.07310
12.59113
35.49298
36.84169
47.24488
57.19878
78.72171
84.39711
90.84582
105.24624
115.16016
119.53000
124.54415
141.64076
3.31152
11.38926
27.68555
30.99964
35.52913
39.41559
51.62853
72.89504
104.19995
115.47347
131.12521
133.24427
142.43371
12.76019
43.31675
48.99019
62.27098
67.99372
71.68178
80.98519
97.33056
117.22365
124.33765
136.32363
148.21552
151.86233
15.14479
21.87143
26.40025
32.08507
47.01523
57.84348
72.27170
90.77277
103.18148
110.73476
128.34352
150.10953
155.99474
0.99658
11.45008
13.81706
14.32597
19.53357
28.38597
33.97241
50.41947
54.79027
68.16240
82.95904
102.01398
104.14136
16.24521
34.81935
41.22247
50.25923
56.60069
63.02543
75.61120
81.27813
85.51690
111.36191
120.89216
124.07140
130.45785
21.86769
41.95175
60.00343
72.70410
95.54234
110.44435
114.34048
132.03353
145.87711
149.30103
153.12740
156.27609
170.17960
27.11036
28.45584
31.11935
36.75780
48.38829
52.15220
54.18106
59.97436
68.75306
75.08524
75.67563
89.81483
101.16178
17.91063
29.79944
45.99029
61.06489
69.43368
73.53125
82.54116
89.08005
106.19985
112.06127
122.29677
135.59089
147.74576
4.19926
16.60384
20.78029
35.94398
38.10860
47.06325
56.83575
96.86494
105.60140
110.74805
128.72759
133.34014
140.84922
18.24864
24.34560
30.68031
34.59071
44.64731
62.96683
67.98517
73.76113
97.40199
119.54690
121.26511
136.70572
149.40146
2.14289
13.12425
17.38400
20.80549
41.18274
44.83365
47.04695
53.18129
59.87488
77.05172
92.37072
98.75033
119.09501
10.65932
39.37603
47.97332
64.45501
80.16775
86.67858
111.39790
116.72175
130.83227
133.44582
142.39248
144.07890
155.70720
8.82846
34.64950
52.00989
54.96826
82.93696
92.56856
105.47064
118.34368
132.07438
140.91690
141.27616
157.15424
169.60128
32.04573
49.91480
50.81422
54.82614
59.12447
81.96706
93.32296
103.51965
104.71830
130.45326
137.02222
156.19727
160.43027
6.88915
12.35581
24.09891
29.96528
32.44694
49.80455
63.92171
80.58191
85.66999
94.39020
119.32859
121.72540
129.81423
7.94277
20.71009
29.13338
38.49504
58.16406
64.50125
76.74343
89.77264
94.59110
111.39191
112.85799
117.94682
118.54052
1.69247
13.18811
18.74703
29.09781
32.66787
47.30328
58.83544
64.50876
67.44650
80.15920
81.98002
90.13935
97.62631
8.19143
15.41058
35.31452
45.17884
54.98154
71.45715
74.30400
89.71750
103.86198
107.60282
130.77507
139.90301
162.67195
11.16599
16.61502
41.35030
43.01527
58.56674
61.27233
107.52457
117.91872
134.32880
140.86461
163.88042
176.01824
186.10798
15.70098
30.96476
48.15912
60.08709
64.22515
68.89259
77.92151
88.19248
102.17407
121.33917
125.17849
133.81262
154.42127
3.11161
16.83304
31.24735
53.23406
62.07844
64.48150
80.13460
88.26811
95.94984
101.71840
115.83405
136.11593
140.02030
14.03036
21.04207
32.69824
54.48013
75.73661
86.06141
94.45476
107.73799
119.92350
124.76553
128.70917
147.86170
160.45588
18.65367
23.00669
45.75107
49.33500
54.07160
68.90281
78.47507
96.76689
103.43073
114.32575
128.68335
131.02668
139.20114
6.77639
8.98893
28.30056
53.86307
60.98778
71.91649
74.73102
82.82357
85.35792
111.17440
127.09142
139.16395
156.63323
20.74307
30.55635
52.73863
69.92833
86.69832
102.43931
108.72164
119.72479
130.89166
136.64941
140.10866
145.72521
162.24512
3.90737
27.35524
33.39182
35.08032
53.67093
59.82129
67.54803
77.44743
95.20006
139.59728
145.04219
146.20465
163.50210
2.11043
19.28271
24.12992
51.52462
61.90461
77.71687
87.45466
92.80235
103.26164
111.58408
127.13130
138.90931
146.36659
15.20915
31.71945
37.98392
56.07931
66.61310
79.87823
104.03823
114.65894
127.94031
135.54449
147.37548
160.49175
166.37694
1.40154
10.05321
16.61692
30.02966
46.21189
55.60832
67.71857
70.62524
83.19672
91.93025
112.02638
121.33607
126.89491
14.08836
21.86224
30.44908
48.80186
60.88519
66.23127
78.63388
93.15088
97.16147
105.42586
108.49063
120.87357
135.50121
10.53365
24.62562
39.72445
50.64265
60.04288
64.75227
82.02683
87.05323
92.20496
98.78225
106.77036
124.79063
130.51798
11.62455
19.19335
51.27835
63.73162
78.83370
80.38499
86.86293
93.01575
101.47619
104.61901
114.71180
126.23889
136.12087
17.84299
23.74509
32.06873
40.81253
62.42524
72.40198
91.68042
96.51158
105.92859
109.46274
123.13344
139.94743
154.38339
14.46087
37.00323
38.85689
52.09954
64.48520
74.21852
85.65813
100.11923
111.86396
117.67918
122.07388
134.46937
151.31276
16.75921
31.19731
45.50061
68.84451
81.54039
85.05205
91.43105
107.51274
112.78740
118.89117
130.51159
145.08292
157.15675
5.51047
7.76427
11.05956
33.53146
47.71228
57.26950
69.23652
85.57351
118.04842
130.03089
138.08666
143.08621
149.13236
13.98228
23.14484
27.02849
31.95122
50.12007
58.95252
67.78668
82.53157
83.68260
93.52824
98.58374
100.56256
103.11229
1.34972
24.54818
34.69012
50.68476
60.74455
70.89931
82.58329
99.49599
108.43033
120.45030
124.21790
124.73996
142.52737
