4.35108
5.67070
7.36828
15.06770
19.65778
29.22541
34.80390
39.73981
47.85083
51.49762
53.02749
53.69785
55.57452
63.89239
68.66792
73.03010
75.79299
82.88440
85.80112
88.03880
89.80825
92.02459
97.82532
104.25452
1.45388
2.51379
6.68733
10.30554
15.90660
19.77081
21.34361
22.85158
31.97362
38.37255
42.81177
49.56425
51.07106
55.09598
56.17595
60.05134
66.37759
73.45572
78.42121
82.72906
89.69972
93.56709
100.69457
102.38021
1.25183
5.12194
14.99235
18.80124
22.17660
27.04562
35.19359
39.89018
53.42886
55.59363
61.88112
72.48224
75.26938
76.34013
78.26419
82.12445
83.38098
89.06446
90.67171
92.72568
99.78852
102.35745
108.88850
110.93939
1.99038
8.20490
9.93441
13.16271
18.38549
22.91102
24.31456
30.44263
34.27662
36.69807
38.35189
43.55310
45.23848
50.91387
54.40322
61.94390
65.89421
69.59743
76.36419
84.69035
91.15132
93.69072
96.33745
97.66425
3.92721
11.24175
12.76399
19.02773
19.50019
21.54038
29.28941
36.25777
39.68545
47.74006
54.64854
58.90546
60.08030
64.09371
68.18170
73.22948
76.01527
79.48543
84.10231
99.20335
104.02934
107.31996
111.72546
113.87271
6.70103
13.55467
22.55792
25.10318
26.07898
28.18675
29.44236
31.72096
38.51184
41.82697
45.00567
48.46180
52.68155
54.28806
57.39582
59.27068
61.57933
64.49903
66.33009
70.18772
75.27200
86.32492
91.39662
94.57351
3.67248
5.31974
7.79253
9.00659
14.75720
17.90305
21.83399
25.05751
30.70026
36.98236
43.99967
44.49098
46.84580
49.26428
50.93798
56.68144
60.43446
61.25813
65.68439
69.14403
74.80401
79.32272
83.88396
85.45727
2.32920
5.25004
8.16337
10.03316
13.76966
15.88861
20.29809
21.53278
25.56997
27.48808
30.44422
35.86209
36.72617
44.12850
49.35825
51.54172
57.98220
61.51734
68.74451
71.04349
77.96220
81.04021
84.83024
90.68672
8.45161
11.38008
14.77954
19.88764
26.10926
29.82004
32.30580
35.69571
37.39396
43.33611
45.24015
49.50904
53.30532
55.77247
56.42847
63.66441
64.31311
66.50865
68.27411
74.26492
77.62834
80.38144
89.00962
95.13237
8.11747
11.61019
17.51484
24.32859
26.68953
27.41056
32.18301
38.54543
46.37683
47.99926
50.59768
56.13304
57.61522
59.95925
61.09009
63.99343
67.60086
72.91826
75.93511
78.94519
80.75077
82.31298
87.98161
91.09357
1.87162
3.57621
12.11384
14.59261
16.71996
19.01213
19.75373
21.57720
26.69178
29.31834
33.01697
34.26245
36.27079
39.51088
51.10697
57.45651
63.79644
68.67125
71.12809
72.68224
79.11801
86.09764
94.64278
99.87738
0.78205
2.62835
8.92042
12.20088
13.70745
17.30815
24.19872
29.40075
36.15925
41.45305
44.24788
46.95383
50.44073
54.31980
55.87493
59.39217
63.27655
64.76021
74.69400
77.59176
81.16031
83.01265
85.54306
88.46195
6.11811
11.99154
14.55078
17.42502
20.26993
22.61635
27.00423
28.07641
31.73336
38.35652
42.30276
46.44369
50.23906
57.39747
60.75357
65.08084
76.04768
78.87171
82.01591
84.01686
85.66624
91.67508
94.24280
98.35747
2.52791
5.17627
8.10636
12.49947
15.48246
19.14363
24.60689
28.11070
31.58494
36.05963
41.66861
44.93652
47.81472
54.91494
59.91828
64.27388
68.98653
76.24109
80.04506
89.29771
92.36012
95.35127
98.51365
105.68287
7.57739
17.56894
19.51390
21.78746
26.14872
31.11427
35.99239
41.91233
44.27472
51.96526
59.06371
62.88437
67.32526
72.85144
80.20110
86.11133
88.00851
90.44036
92.57482
93.67088
99.06948
101.79885
106.40275
111.85498
2.39276
7.27919
11.28617
12.91205
20.75513
23.55536
31.11197
39.96711
43.75734
45.60147
48.53105
52.10690
54.99699
58.25574
62.26471
62.84093
65.78062
70.41068
71.30008
77.20477
80.53005
86.01001
87.44837
97.56877
2.85286
7.87280
9.33129
15.75612
19.06451
26.46018
30.12729
31.93201
41.77721
49.69646
57.36185
59.63062
64.66736
67.26805
69.79014
73.56791
80.15186
80.68793
81.91181
87.23844
92.30630
98.34257
101.26983
107.94916
5.94770
7.97827
13.55497
14.84404
16.00226
19.74462
25.98806
29.51271
30.71291
33.49457
35.85075
39.00202
44.10226
45.12670
53.18744
55.64130
57.50381
59.31896
63.28618
75.81750
79.09703
81.22261
82.76047
88.23615
0.98918
5.34633
11.94110
14.16723
17.38607
26.74187
30.14163
32.91192
39.81202
42.40490
48.72181
53.82323
58.41803
64.25115
66.51350
77.40064
81.11691
83.49625
88.16341
92.55821
94.77743
100.22079
103.34750
108.27799
4.12608
8.16077
10.43339
21.45277
23.11401
27.05456
34.11575
38.38220
43.83008
45.28228
46.47259
54.22252
56.80802
60.05239
62.96900
68.53194
73.47242
76.54634
83.16273
90.49175
91.61759
93.37489
93.87100
97.50390
4.06147
6.59416
7.80193
10.07189
13.33459
16.92676
24.12791
28.16124
31.08397
37.77151
43.16234
46.09452
49.27601
55.39403
61.63383
64.89081
71.52322
74.68640
78.29513
81.11414
83.80202
87.37128
91.95208
95.14788
1.95153
6.84791
10.56116
17.65573
20.87538
27.05243
32.34752
37.30417
38.19799
41.39992
46.86742
55.38283
61.47884
67.76459
70.17901
72.58818
79.17565
81.46339
85.01676
87.87072
88.34118
97.19992
101.28964
102.95341
2.78058
11.92070
15.86836
23.69782
28.60051
31.33280
36.98255
42.74722
44.16092
50.31645
53.93428
59.34299
65.24185
67.90612
73.85684
75.76205
79.77756
83.98292
85.61727
87.74090
95.30230
96.96531
102.88883
107.92639
1.86740
5.59624
8.29438
16.69381
23.04389
26.87644
31.51356
33.49457
34.64077
36.02672
40.38279
43.61833
44.96172
46.53303
53.22089
58.40588
61.11592
68.80835
73.28878
76.59893
87.33487
90.20557
99.54810
103.02868
9.11143
12.58646
16.96677
17.93187
18.98939
19.61495
20.50974
26.35587
29.72614
32.16623
37.12996
40.94141
44.64621
52.14464
55.96436
58.70201
62.66177
67.05034
72.98370
79.46074
82.58932
88.97332
90.52272
97.80688
2.03210
8.66774
10.66456
13.44397
21.58607
23.76536
30.08654
35.90471
38.43677
43.65847
49.82517
54.32039
56.68489
60.77413
63.12789
65.17191
66.06567
73.29587
78.08396
80.90994
84.18947
87.10217
92.58050
99.09471
3.22664
6.18094
10.83856
13.07508
13.33819
18.63201
20.56148
24.23658
27.66484
35.47102
38.20625
40.20129
45.13074
48.78561
51.60794
53.71394
56.70459
58.08960
60.40642
63.36871
66.08764
70.66514
74.44367
79.05460
3.68850
5.78182
8.34775
11.44421
16.81202
30.49274
32.13310
39.31840
42.62636
47.73154
49.87530
56.85969
58.92081
61.02417
65.56431
69.04240
72.93769
80.05317
83.81294
87.33423
92.30906
96.81261
102.13360
107.81672
4.86146
6.56810
9.66400
15.50527
20.81847
24.40747
24.97621
29.86776
34.32072
42.04407
43.34985
46.88899
50.29127
55.26828
59.37283
62.98694
63.82778
68.97557
73.75297
76.23966
87.54661
89.34958
92.48359
95.48877
6.61500
8.94799
13.12044
17.17535
19.89516
33.75547
34.82362
39.12037
41.81765
43.15766
45.62247
49.95051
52.65468
61.65224
61.83075
62.94403
66.65905
68.43372
78.34017
80.23707
81.60441
83.86262
86.28325
92.29613
5.56874
6.64997
8.09657
15.62897
22.33782
27.34335
34.64002
46.02892
47.94229
51.85183
54.33474
61.35596
63.94634
69.55094
71.47805
76.08583
80.18962
85.60171
88.77420
91.48194
98.31635
99.56336
103.71088
107.00240
3.43643
6.36226
9.62699
14.84018
19.68799
21.74681
23.28610
26.68057
27.08850
33.79814
35.46801
41.15719
44.47021
53.51331
56.02220
57.77780
59.11860
64.29162
70.81291
77.61768
82.15092
83.51072
88.45798
95.46885
1.82614
4.57923
6.98213
8.79630
15.77465
20.28247
24.27129
28.32179
31.59154
33.89573
41.40906
42.35475
43.97800
48.02838
51.66587
59.01318
64.89293
67.29642
71.91164
75.88049
80.81830
84.13095
87.38279
88.78728
2.96980
9.91041
11.90252
16.12302
17.84477
24.20171
27.30315
35.66834
40.32234
43.09179
44.34707
45.08723
48.11897
51.43496
54.01728
58.63510
60.08855
67.39868
71.49628
74.17938
78.13281
83.55684
86.37679
92.17221
6.03985
11.28721
12.18400
17.11030
22.88663
24.54144
25.91103
29.54138
32.88630
35.62775
38.95016
41.24945
49.40441
53.98652
61.27934
63.98682
65.24427
66.20653
67.40057
73.02304
73.93398
78.13842
81.63984
94.17925
2.75752
7.41668
16.62280
18.97164
25.38537
28.85556
31.62503
34.13850
35.14024
38.48771
40.57743
50.42382
51.99930
56.04787
60.71756
62.49576
64.55249
68.40225
74.38982
78.60984
81.00033
85.88928
89.98319
94.90402
4.03310
6.52617
9.11548
16.51746
19.55490
22.35546
29.16812
30.65600
33.47447
43.40235
45.53082
47.98491
50.30463
53.20176
59.23055
59.84139
63.58910
67.39954
76.76448
85.81893
90.69162
91.27540
96.43307
103.27626
11.82352
17.45470
19.84174
21.44342
22.50544
24.03393
29.10407
31.81350
32.76615
35.98916
38.18718
41.69229
50.44697
53.90942
55.98668
57.59314
61.58580
64.24580
69.80830
71.85967
73.94170
87.03435
89.41352
95.08454
1.34066
5.95900
7.65227
9.64140
15.62374
19.55725
22.52284
28.95191
32.41202
38.15157
42.05670
48.10200
50.69869
55.15030
58.70788
69.72832
73.36327
78.04639
82.30407
91.85508
96.21111
98.75461
100.69792
106.90418
5.32957
9.70230
13.63900
20.40064
22.61910
23.61525
30.20025
34.85907
39.16406
42.79634
50.02225
54.68655
62.84652
71.95949
74.19591
76.53808
76.81004
83.95981
87.65656
91.23758
96.12691
102.68608
104.88810
109.10978
3.51386
6.87027
14.98925
19.21826
22.34172
29.12060
30.12924
30.68328
34.83252
38.27491
42.89344
46.39083
49.79066
64.44205
66.89658
75.11141
77.77785
81.05284
84.72162
89.91876
93.81867
99.81844
104.58246
105.78446
4.74667
6.66002
13.78111
17.49749
32.07757
48.32809
52.91927
54.60427
58.52508
59.81538
63.99541
67.30409
72.25253
74.79899
77.50164
84.45211
87.00700
90.11908
95.07343
103.00465
106.47345
114.66975
120.99333
122.27632
3.90005
15.94002
25.47359
29.92025
36.43525
39.61688
42.49221
48.63567
51.88929
52.34445
55.25943
60.23419
62.32878
66.82911
74.30061
76.18728
80.69731
85.21450
86.15247
91.06494
92.34957
94.85653
97.41996
103.49847
0.86679
3.77084
10.25405
13.24414
17.73560
20.14502
25.42249
29.58135
32.57341
35.72483
38.50903
44.01131
47.52443
51.12260
57.12757
59.06565
68.15816
71.15084
79.70863
85.93885
94.86493
97.18147
98.45777
106.81348
5.76801
11.24102
14.10728
20.09718
22.03940
24.48475
33.93783
37.55278
41.68810
44.15278
52.32496
57.99333
64.10076
65.30718
67.43194
68.36668
71.18332
73.02314
80.09088
81.34661
84.51584
90.65523
99.55044
102.22484
5.72413
12.31621
19.40254
23.23099
30.79133
33.84025
36.68183
40.00515
42.73180
48.73636
50.06470
57.78208
61.40212
63.08918
65.12432
68.18427
72.33396
78.54939
80.74410
84.92460
92.04411
96.37662
99.95453
106.27249
6.99638
9.65222
12.71291
13.88081
18.75380
26.98842
28.77569
33.64248
44.57096
48.70154
55.79609
61.41768
63.11347
64.62701
68.50611
73.51432
74.31391
77.93003
84.48473
86.35865
90.35347
90.72254
96.40986
105.32585
6.85266
15.61280
25.07378
26.80893
35.45655
42.38796
48.44337
55.82202
58.48326
61.24477
62.43733
66.36574
70.57860
77.97615
83.32902
88.91405
91.94960
105.87265
108.24622
110.44822
117.08641
118.33603
123.46649
126.29193
1.70837
2.40746
4.13450
9.23011
11.04623
17.27146
22.42436
24.74223
30.71852
35.85100
38.32424
42.82961
44.91028
51.13774
55.72419
67.70456
71.65157
73.96526
77.09998
83.84238
93.31577
97.27603
102.23724
103.45900
1.97854
7.38982
12.00162
12.49199
14.50668
17.43336
25.56735
27.36475
30.84425
35.02220
36.78590
38.59028
47.77809
49.31001
53.38430
56.13966
60.01947
61.53401
64.10382
66.91086
69.10673
71.35384
74.54514
78.70458
8.26888
14.85163
23.55838
31.51406
40.78067
42.96947
44.82592
50.76095
53.27686
65.97026
75.77737
77.89404
86.64550
97.10166
98.10606
99.45701
105.48760
109.62052
110.26827
111.00888
118.95697
121.58406
124.53782
125.29097
3.02292
8.32518
13.31070
16.62762
21.01974
22.11566
26.52224
29.08682
40.34351
47.00520
53.49005
59.37324
63.15921
66.04358
67.71651
70.97731
72.64206
73.40175
78.36292
80.34180
91.45646
96.80096
99.69691
101.75920
4.12218
11.05135
19.99845
21.93392
27.21613
31.84337
33.05368
40.76459
45.61145
46.31534
48.10003
52.76537
56.64800
58.66366
59.99229
60.33085
61.60212
63.87981
65.53264
67.05089
70.48302
73.85087
79.15299
81.56987
7.46396
13.09129
15.16057
20.01815
25.72159
29.21664
35.94050
45.80668
50.47973
53.19521
62.64282
66.72698
70.41692
72.02496
76.50031
77.79840
85.31293
88.68052
92.78242
97.35019
100.93815
102.76099
105.74339
109.07598
4.46572
11.30302
11.99349
18.52563
22.10594
24.39526
29.17865
30.73202
36.01472
39.05363
45.47567
47.40521
48.20117
50.39287
57.15880
60.38445
61.49418
64.49959
68.61830
76.35952
81.58154
87.66949
88.64343
90.71904
2.41319
6.25436
8.85159
11.95357
13.75976
17.48001
20.04756
26.58950
29.48222
36.35998
41.49969
45.31020
46.10801
49.19948
56.79844
60.41513
62.68809
66.68055
71.48879
75.39995
80.15446
82.08860
85.09815
89.53831
6.17313
10.11306
16.17751
19.87317
23.02121
24.98866
31.51614
43.48024
46.65509
48.32602
48.91787
54.66030
57.29057
61.48889
63.26886
69.11577
76.53172
79.70090
84.35684
91.08643
93.23201
100.32035
102.45500
104.82317
9.58246
9.96671
14.94298
18.48118
22.04009
27.12262
29.10394
32.18361
33.57941
36.44952
45.57028
52.66551
56.98234
58.43750
62.35574
73.38271
77.23057
78.46822
81.50230
84.61762
90.12481
100.04863
100.76646
101.86802
2.16894
10.02761
11.62196
15.85335
19.28233
23.09094
28.13775
28.69480
33.80756
37.25827
37.61262
40.20255
50.94776
52.48128
55.12772
56.12825
66.57590
75.81088
79.76618
89.40956
95.21477
99.21460
102.16876
105.49331
4.41208
12.76263
18.24509
21.30659
27.31748
34.24643
36.21708
42.39363
46.21790
49.65888
56.63086
59.75361
63.66359
67.05582
67.74816
73.84861
76.46377
80.48571
81.58893
88.93118
92.52573
106.01087
109.49299
114.12380
3.61465
5.41313
10.39128
13.00424
16.83164
20.25390
23.86029
26.14929
29.76100
32.45509
38.05894
39.38261
45.45186
53.04993
64.64375
69.08248
72.26508
77.47626
80.97756
83.20007
83.67344
86.63688
92.05650
100.03101
0.57631
3.89176
9.44729
20.50741
23.50629
25.16968
29.19760
29.87036
33.74632
37.71825
46.03478
49.84580
52.19781
57.54080
58.31787
61.05284
62.74947
67.80412
70.11835
73.69540
76.07759
76.97281
86.55258
89.00545
7.65267
12.78814
16.16108
26.60506
29.71863
32.30029
34.22961
34.64131
40.65374
43.30589
48.22956
49.89498
58.09357
63.94757
67.37938
72.14526
80.33131
83.51209
93.68394
96.78672
100.17911
101.01593
104.42971
107.85264
4.82133
7.56112
15.80387
24.97795
33.16052
41.61141
47.82184
54.62127
61.33767
72.11490
73.66331
77.37789
81.97627
84.18809
87.51655
89.74582
94.98640
97.98141
101.72704
102.71315
106.13402
111.40407
113.09861
119.36570
3.48802
7.68439
12.44379
17.95620
20.63875
27.34459
34.33513
36.31086
39.99814
41.75847
45.14045
52.36487
58.16642
59.53660
61.67376
65.99122
70.09663
71.01354
74.73805
77.29526
79.09980
82.29505
84.52019
91.16657
1.73422
3.44868
15.53087
16.75872
22.70992
29.95649
33.53003
44.20017
46.70621
52.57397
61.37947
66.42595
69.32059
71.07024
72.65203
84.20873
91.09210
93.74863
104.52979
107.53261
113.71530
114.67095
119.86620
123.62175
5.14846
11.06755
15.23674
21.58700
25.77201
32.98437
36.09852
39.79358
43.02228
44.59976
47.49434
50.84781
51.46090
52.76426
57.68375
64.60621
68.18600
71.57200
72.88812
78.06952
82.43674
84.65524
86.17910
89.49873
4.29501
5.71074
9.65740
11.79605
16.11517
21.32546
26.50230
27.60190
31.77323
39.54831
44.67089
56.78094
61.06887
62.43419
67.16637
74.10885
76.68170
82.47437
84.61598
86.98118
88.35208
94.97471
99.51924
106.60931
3.54524
12.18226
14.14259
16.06693
18.29901
23.33814
24.51991
32.20131
37.59554
39.70390
41.15338
43.32953
45.79057
48.71736
52.55435
57.69320
61.60681
66.79171
69.56147
73.84709
76.10308
81.77153
86.31903
89.85724
4.50495
6.77420
12.51612
16.88118
18.74054
22.52472
26.86842
30.13571
32.57999
37.54238
45.68599
52.79222
58.07021
62.25592
66.38069
68.58377
73.31695
74.58950
77.73431
79.95188
86.03470
87.46865
89.81408
92.08387
6.02627
11.78607
15.19642
17.03837
17.74433
28.93229
38.51336
41.39936
44.02520
49.81863
59.84010
62.42670
70.72716
72.40006
76.91071
85.87369
91.85523
95.08589
98.32412
103.18129
104.05086
106.87091
109.59775
115.53981
5.64514
9.40504
12.82640
16.70029
22.69841
28.62248
32.85075
36.83895
41.80023
46.03048
47.68182
51.19081
57.39496
59.64332
62.86942
65.26122
67.62087
69.48180
70.96325
74.27217
76.54528
85.61411
89.67326
95.10134
2.41942
8.78285
13.23731
21.21319
22.86033
36.88661
40.63079
45.94959
49.37152
55.15971
64.08883
69.49103
71.66819
76.33117
80.44637
82.52679
85.49622
87.38514
87.80618
93.09050
93.93281
94.47393
105.03775
110.66389
6.49605
8.58418
13.14768
18.74847
21.65607
29.63731
34.85502
43.41952
44.90178
48.99998
57.70450
60.25259
62.09959
66.28441
69.22078
70.32800
74.43678
76.13388
84.28985
87.41058
94.38317
97.04534
99.84100
102.79120
4.74265
11.89253
18.81642
23.03700
26.28541
28.40959
33.03223
36.41517
40.07416
45.97091
54.09145
58.97048
59.27259
62.06478
67.26154
74.88653
76.38917
78.07506
79.51124
83.81005
92.05019
95.31882
97.28113
99.17659
1.80612
7.13051
10.26773
14.19702
24.19182
27.78531
33.50783
37.68043
42.53337
43.79656
48.97320
51.27138
54.39030
59.54904
62.54457
68.06485
71.20099
77.32264
84.58245
88.86476
91.52844
106.70879
111.16575
112.13924
1.00838
3.22420
5.29302
6.24513
7.50277
15.05124
18.85333
24.01571
27.39334
30.92663
41.29844
43.07434
43.74715
49.18963
53.52608
64.33618
65.08303
66.29427
67.50971
74.37253
77.90080
84.33549
87.32960
89.91912
4.91764
9.61777
14.36844
18.04999
23.91675
29.42385
35.11418
37.54902
39.89303
42.83137
43.76129
46.68857
48.07662
53.79790
62.63378
70.30541
74.26017
76.45239
79.34690
84.25265
88.68783
92.02500
94.45309
95.75645
6.07205
10.13763
11.02935
11.70848
16.04102
19.45165
22.20562
24.09041
28.55059
31.67784
38.50669
39.82971
43.03476
54.25518
58.53250
64.97722
66.31414
68.67933
73.51166
77.84187
79.31580
87.78437
91.47760
94.35760
3.46607
6.77119
12.85056
15.63779
20.01754
21.74994
26.20213
29.94921
34.62309
39.76499
44.33515
46.17221
49.45284
50.62795
59.86802
69.94860
71.00770
75.49344
81.59564
83.48456
85.95208
88.37748
90.13486
92.94154
2.08728
6.55825
8.31938
11.97093
19.85952
26.46508
33.57648
38.93870
45.95489
52.07237
54.47024
61.55250
68.64014
71.78788
73.31372
74.01270
75.95863
78.14157
80.79726
85.01473
87.09668
90.88535
93.29281
96.85956
2.27353
3.86282
6.29790
10.20275
11.19766
17.41741
22.50849
23.92449
26.12907
32.51430
35.44255
43.29564
46.17975
54.66050
57.23332
61.84317
62.77245
66.92053
74.12513
74.89625
83.68377
91.88927
97.34294
98.31678
5.07032
9.63771
12.64239
15.80578
18.73167
24.33255
28.82499
33.18771
37.27334
42.97647
44.46815
49.65981
53.45907
57.22212
59.01347
62.03401
71.55387
80.28652
82.76615
85.50985
87.15061
93.31988
94.17206
96.53293
2.63302
3.40171
11.46516
16.76005
18.94689
21.16345
25.38473
25.76816
29.95394
36.41807
39.83894
45.67142
51.13070
56.46215
60.80204
63.48166
65.74451
71.08127
79.85594
82.49971
93.60112
101.51103
106.13319
108.95808
2.74175
6.58921
9.80446
12.97473
14.13940
14.47849
17.55668
22.20094
27.82236
30.74984
34.71841
40.60055
43.38436
48.73982
54.89843
62.84060
65.32534
67.59083
68.37181
68.79403
71.44803
79.50763
83.92911
90.99010
2.47937
9.11732
13.71523
16.16458
17.19684
20.30171
24.43744
27.80251
32.71231
35.82622
41.85335
45.72870
52.96022
54.04564
59.31162
61.32342
63.19942
66.42642
72.71793
76.34053
77.62643
78.96090
87.88349
90.82419
5.49920
11.10770
12.21832
19.02592
22.62301
30.92766
36.46488
41.76583
45.65152
54.39875
58.80828
61.97628
69.32429
71.15969
72.64913
77.25264
83.53998
86.63973
88.22310
90.48162
91.51649
93.75848
96.20094
105.68651
6.05665
7.70898
10.28943
15.70917
27.03139
34.22709
36.22626
37.03398
38.66862
48.81438
49.66218
51.83630
54.02778
58.21100
60.39572
64.62747
67.03564
68.38864
74.42598
85.25111
90.44440
92.99844
99.64950
103.83757
2.97856
6.22283
10.56783
11.90628
14.39803
17.39541
18.08249
19.36076
27.18327
29.50132
32.18315
33.74097
37.60657
40.68922
45.80859
51.43375
57.87812
62.10243
74.16667
78.52683
81.43287
86.59204
92.42656
95.36515
4.97077
7.92915
11.28141
23.73668
27.97225
32.33308
37.59573
43.95049
47.05142
51.83861
57.28134
60.02526
62.34932
64.99785
70.38869
78.09738
80.92130
82.62257
90.94104
94.91416
98.07050
100.35731
105.02226
107.25949
4.31841
11.29295
16.85043
18.86482
19.58410
24.77437
30.06832
32.93125
36.17303
36.53557
41.24611
44.19284
51.47583
54.03336
58.81398
63.54317
67.32409
70.31367
72.30830
74.41774
78.63363
79.38435
80.87410
86.85205
5.16792
9.03417
12.37940
14.34411
16.53755
17.87990
21.28592
25.87149
29.53212
32.04373
43.67696
49.30371
52.78625
53.98278
58.28585
61.54647
65.73265
69.09601
71.90350
72.97195
75.56094
84.15025
86.24848
91.36434
1.88087
3.06155
4.77499
6.49629
8.85350
12.07078
14.45412
17.23199
21.91656
26.83671
35.65956
47.07381
51.47908
53.38604
57.62308
68.57560
70.20665
74.34828
78.30498
83.74589
86.67537
93.93419
99.97826
103.20755
9.04911
15.06945
19.36530
23.85783
31.09836
34.91689
36.71301
44.64092
47.08571
51.83783
56.83867
61.99142
64.86309
70.89385
74.98532
77.71457
82.66059
90.20942
95.81177
97.82363
99.83876
104.28061
106.91233
111.00977
5.63759
6.99347
9.01455
11.49881
13.17216
18.92945
29.30422
32.05466
33.38074
37.28127
41.89951
44.84739
49.40334
52.25872
59.93070
66.28858
67.92765
73.67528
78.05244
81.77026
88.76895
93.09630
104.72118
105.14368
7.40657
8.24454
12.56296
15.28666
23.34227
30.46199
32.41015
34.27514
38.52101
43.11378
49.31205
51.80249
57.26396
62.16460
67.26605
69.33756
75.51274
78.38538
80.29464
84.10408
85.35712
91.29018
93.21901
95.95948
2.71484
8.22019
12.35410
16.78322
19.27661
24.70383
29.11550
33.90164
39.71548
44.10949
50.66249
54.19715
58.01966
58.04076
61.74707
67.82011
72.83896
74.09613
76.76526
80.91062
82.26032
86.24392
89.11519
90.80184
6.93757
15.51185
18.73612
25.63808
27.62235
37.05294
37.78301
40.91407
45.27001
50.12111
54.59732
62.71460
66.50519
75.50250
78.90236
83.91838
84.39834
87.49512
91.75901
96.93055
98.63216
101.84832
104.90026
110.24246
5.72252
9.40454
11.13432
16.73234
18.23247
38.77396
45.43397
52.21939
56.33383
57.26176
61.83109
65.68978
67.18330
68.56481
69.69127
71.84758
76.16875
78.51060
82.50264
89.09959
96.62820
97.85467
100.08095
107.24551
5.93634
9.03260
11.43476
15.52528
17.92299
19.35631
25.09902
34.45037
41.01948
43.93506
50.10332
60.40647
62.60713
65.04614
70.75274
78.02866
85.05719
87.06560
93.53934
96.88782
101.30619
107.74276
110.67337
112.67741
