0.62582
22.98650
26.13973
68.66587
72.09863
79.65063
84.56943
101.00774
101.25425
133.61430
134.13201
174.15468
226.33204
226.63937
266.00549
268.53507
269.19497
269.13341
280.53547
7.30056
13.44071
26.66917
29.30561
29.36519
50.52538
51.97561
56.26196
64.44150
66.27425
69.52938
73.02518
73.48841
74.76448
75.32324
84.02576
105.89529
116.64878
120.56943
53.97199
71.76129
71.77511
134.45037
145.98009
173.56721
174.78606
190.85696
215.50356
241.62530
244.06776
253.07649
253.07674
271.53677
271.83907
296.12329
300.13879
300.15517
300.15747
1.91709
38.09889
48.69561
92.70196
98.63701
111.17381
121.11965
121.81703
126.58562
131.17529
131.94123
132.31363
132.31364
139.58062
140.88809
141.52976
141.53018
145.96555
146.46968
1.96450
15.67050
40.33039
56.62567
61.05950
63.34843
121.13936
123.25683
175.91708
176.03966
229.83346
229.86167
276.60455
280.40147
280.42048
288.88564
289.09919
292.70244
310.28938
2.72715
34.96859
36.52012
41.53035
89.46540
89.53186
91.12420
94.32624
98.29786
113.08305
116.35377
116.42808
117.07153
117.41520
131.72059
140.51058
140.74081
140.97882
195.97133
93.78423
93.86965
95.97374
119.87759
150.41341
197.05472
206.56706
207.70819
216.33900
225.74177
233.74462
246.04884
253.61046
257.07412
258.84258
259.51758
260.49902
252.06564
254.37000
1.75187
5.45191
115.63151
-1.00000
-1.00000
-1.00000
-1.00000
-1.00000
-1.00000
-1.00000
-1.00000
-1.00000
-1.00000
-1.00000
-1.00000
-1.00000
-1.00000
-1.00000
-1.00000
17.12662
68.88413
131.10713
145.01483
201.56921
208.30984
210.02377
211.69609
215.24523
218.35172
219.64586
220.30949
220.30950
220.31055
223.64326
228.16358
233.84858
235.31977
250.86988
0.81252
7.36791
8.59063
28.29364
43.18572
46.02931
50.55948
87.29798
114.44434
116.74575
123.35853
122.90186
123.81923
123.94121
124.98596
146.20470
174.81329
179.99224
180.02281
24.15314
58.80383
122.86158
123.04887
130.70417
185.67019
186.93251
196.86899
225.77859
233.73969
233.86761
242.09660
244.48166
245.42942
245.43852
250.01386
250.66986
243.30187
243.04167
14.65117
25.52424
55.82617
65.19328
66.09984
74.08889
105.37156
106.70472
109.90206
110.12809
112.43366
141.45469
141.51583
146.31374
161.39684
163.73636
165.17379
174.72590
177.51106
0.95183
11.65408
13.66888
18.90718
25.67570
28.80667
50.21558
54.12784
54.86236
94.13974
128.21737
128.73439
145.65721
144.60156
150.52671
160.34038
157.18120
158.20205
159.57128
17.46961
36.40021
39.84038
40.98945
69.42958
69.71694
105.20854
109.03392
115.25144
115.68805
168.15219
183.37770
186.00450
192.19533
192.29929
197.06944
197.06954
198.46257
244.54501
6.59238
7.65860
7.70899
17.86740
37.72965
45.47697
50.99325
53.94928
56.45639
57.59898
98.08899
101.20248
142.63547
153.02183
155.22775
156.80903
163.20124
172.54779
172.54856
4.84977
25.02749
58.08777
76.28682
99.86469
110.24458
110.74697
112.62774
133.47383
135.17185
167.21438
165.81680
187.43339
222.61615
251.03362
251.03957
253.52475
262.35215
262.35964
19.88235
37.11015
41.81138
46.12117
51.50547
53.25256
62.11688
70.82414
71.45104
85.04053
95.28978
98.28060
109.43536
109.44294
125.78297
149.06239
149.26607
178.63382
187.03144
23.62259
25.56821
63.34872
63.49878
63.79486
60.20460
60.83242
62.34413
68.24370
68.87520
83.89130
139.21416
148.97822
149.17938
151.64104
163.26449
165.45821
174.43861
202.03436
10.39030
11.66464
13.74185
16.31009
29.70168
45.52293
46.53771
57.09166
60.23107
81.11598
90.40862
99.11106
107.93232
146.99731
147.54668
151.18889
151.21840
151.48332
151.84013
5.86044
23.13760
33.79790
39.20498
43.90164
58.06047
64.48173
65.53586
90.27560
95.73586
108.19426
107.73570
114.00260
114.85513
118.02375
126.09506
125.90383
132.23991
132.29393
36.75011
72.70407
73.09993
75.71641
76.45111
95.11310
98.51218
124.44831
125.44537
162.47086
163.15005
167.79368
180.13464
216.69451
222.39022
223.39131
223.55486
248.14459
281.51643
13.70401
18.97799
23.70234
29.96937
45.53714
58.08154
63.23266
61.57355
98.33216
113.61344
128.22430
142.84637
156.48206
156.36011
159.63351
161.86757
199.40004
-1.00000
-1.00000
30.14016
30.29103
31.64897
41.18258
47.28663
48.10121
56.49134
61.84905
63.10517
78.58051
81.66068
89.69181
91.05315
101.33321
101.34053
103.14699
103.28831
120.49497
129.18745
28.30838
48.00997
48.50101
73.46600
77.63740
84.67379
93.16549
131.30053
145.81956
176.29813
211.46306
214.91387
217.32172
217.41760
217.42242
229.90338
247.61783
247.76608
253.54604
48.65662
55.22516
98.05480
124.66012
140.38348
143.30043
147.12092
147.20557
147.93315
148.98687
185.50639
186.66634
195.62973
195.68753
210.03005
214.14808
210.95965
218.09452
218.84891
10.75160
12.59344
14.01960
16.93573
30.92639
31.65161
39.54168
40.02662
42.33387
45.19125
46.76733
74.99786
86.67617
109.71903
112.02487
112.61016
114.92176
123.37977
128.66144
11.35279
15.42604
17.31766
70.49587
107.63891
107.91412
108.36425
163.02868
175.99416
187.62847
237.15982
258.29055
258.34278
258.36662
260.07639
266.67397
317.75448
330.33285
334.41374
3.43218
10.79048
27.56712
28.82797
70.91074
79.65009
100.03542
101.77295
102.20041
130.03662
191.93561
215.10436
215.26431
216.12580
220.03428
221.48074
239.03092
-1.00000
-1.00000
0.38164
5.35203
10.94999
21.22996
22.72619
33.66644
38.92370
47.34256
47.94174
56.01672
61.80579
84.83393
100.35576
101.78496
104.47840
117.05643
117.52706
117.57492
129.41123
2.68819
25.11143
26.12400
29.32751
29.48807
29.74939
33.15639
82.26907
142.39897
175.39838
187.99163
255.60000
260.73928
266.18113
267.25891
267.52625
276.43426
282.59557
300.92092
10.76789
12.35982
13.04826
55.52330
71.79007
81.59555
95.86846
103.32539
105.95296
106.23815
128.35189
164.24630
164.23605
199.53471
203.57939
228.32408
239.69101
251.57897
251.88384
1.09926
6.57612
9.99120
11.75579
18.82583
19.13620
32.90021
33.03419
44.01554
46.41175
46.26717
53.34701
54.56130
54.66366
70.57499
74.76648
79.46615
88.25781
108.65527
25.94979
69.06610
93.86372
97.53821
111.44502
112.42357
113.94712
112.15087
125.63216
146.23719
153.46063
182.67401
182.69759
182.40261
182.55934
182.58867
200.70434
202.92673
213.04223
7.71390
7.86883
12.53863
42.74139
57.57222
58.55392
64.67690
85.19743
86.03699
89.35470
89.47465
114.19472
132.26853
139.37070
140.73533
165.23709
191.18987
200.28716
207.95497
15.92994
21.46296
38.81080
49.10131
49.26802
55.75674
56.40889
58.83994
62.61674
72.62786
81.53188
100.56441
115.89810
117.05569
124.47938
173.13488
180.01962
181.41180
180.15104
13.23694
20.56224
29.27948
31.25026
33.95185
76.60413
91.75099
97.17634
94.57477
100.67859
119.58366
131.88636
132.49940
180.70998
180.90233
182.05476
183.65758
191.58006
204.18330
20.14879
24.08821
34.62873
38.56834
52.59434
53.30987
87.04209
95.94884
95.34828
98.85497
103.64463
105.38476
121.56874
121.91305
123.26643
129.85545
130.83400
127.66309
128.78402
25.82869
49.02225
59.23926
62.70962
95.09463
111.34656
146.47632
147.06370
148.70048
151.14006
152.44946
165.41721
168.00578
185.03075
194.65634
197.01207
196.83782
196.83784
198.50836
8.54447
13.97995
14.55921
30.23906
32.76124
44.82905
45.54783
47.02486
47.42191
57.45495
57.64758
57.64861
57.81812
64.02192
66.90789
111.86453
149.31950
150.88258
154.09435
7.58420
67.01910
77.16351
88.63144
91.43153
94.58032
104.67043
113.94996
117.04376
128.03090
141.52189
213.74128
246.64700
254.71598
266.23605
268.03629
268.14879
293.77767
293.81090
3.54963
6.02501
27.48180
60.44789
60.94978
61.87227
70.42399
72.59294
105.77201
145.49691
182.65162
182.89324
183.99504
185.83647
195.92961
197.02894
202.33941
219.26953
239.08362
25.80715
60.53924
66.04422
77.86131
83.47446
91.46161
98.11657
125.67184
129.18105
129.83119
133.24200
137.47806
139.79705
148.38622
159.22457
176.47288
176.72664
181.35374
182.19896
0.18686
0.23127
3.21069
10.70836
34.72874
63.84166
64.38073
74.28747
77.30860
88.00527
101.00692
114.19922
114.33967
118.19426
118.39774
128.50309
159.26794
170.90535
170.71158
3.88547
4.42423
14.54928
18.28175
49.54822
50.52439
58.70710
69.78903
82.46034
85.90903
122.30179
123.28695
146.86224
151.56441
151.63894
151.66621
152.13393
163.09344
168.02846
9.19043
19.71421
50.29173
51.31102
92.84899
125.91713
136.11757
136.21307
136.16013
144.17074
144.76860
145.41980
162.63075
172.83177
172.84376
182.40489
185.65515
192.77867
222.25857
14.60325
34.66751
51.99980
54.25978
78.82466
88.24425
90.63839
91.01302
104.62267
113.35242
114.64458
177.94651
177.95456
178.01850
178.36355
181.70134
184.00332
200.63409
202.47928
6.32047
40.87898
45.15779
74.19993
75.11556
99.48189
119.09337
157.29281
157.57056
161.35500
163.84649
186.33920
187.58743
194.04676
194.35773
201.06149
223.71005
223.74003
234.49714
10.44674
13.86187
14.67404
15.71666
17.02207
55.23289
60.35435
64.83393
60.69658
60.77607
73.31032
73.48763
82.18561
87.64854
89.57175
89.57210
106.86860
111.38573
145.81637
23.93923
32.72021
40.10087
98.61253
101.25992
132.50770
134.29244
145.62474
154.86329
161.77128
168.90226
180.57145
228.64280
260.22334
261.14497
264.05849
269.29782
288.31532
288.87279
7.67530
11.40136
11.46274
27.59048
39.32381
97.25364
109.89031
119.36153
121.14153
121.40564
173.02260
173.82768
173.82768
198.34828
207.70724
207.38540
207.02572
212.24376
218.57687
2.34365
4.54556
42.53829
50.37983
66.40808
67.70125
69.68154
75.16212
75.72105
89.61798
89.58067
114.77841
117.30965
120.50448
120.63020
121.40979
144.48951
145.07450
165.52324
30.89347
32.01226
33.54503
49.42440
57.59564
62.13569
61.78208
67.60419
92.79363
119.67458
119.67469
126.86160
132.47832
139.50134
143.71422
143.75755
165.72936
174.31225
173.95365
0.91170
0.94820
36.60181
39.70934
84.03270
86.07746
99.93596
109.11216
110.10747
129.19224
130.16247
131.06065
139.77700
166.88978
181.56328
181.65502
181.74312
211.46872
211.67827
2.11149
8.24792
71.47064
112.26233
112.52588
115.68663
121.81081
121.95357
122.36698
126.78327
150.58909
195.12286
197.12307
199.40027
199.46513
238.13415
238.96906
252.71438
273.47810
30.72475
36.61005
36.66571
40.22023
45.08826
84.52814
83.99158
91.22173
94.40558
94.41247
96.95910
95.83127
103.34641
103.89011
103.38103
103.38509
103.40816
104.65416
109.33665
16.85296
72.11517
73.17243
74.60610
77.29999
117.58734
119.58613
120.31954
129.64757
135.23440
172.46678
172.52273
196.43601
196.45988
197.90694
203.35355
204.45335
227.69964
227.79395
12.86884
41.71606
42.36515
43.10049
46.20080
46.50840
63.19058
63.07051
68.03131
72.91876
72.92417
72.49790
77.94848
124.75783
124.83542
150.75088
207.44601
217.20778
217.45608
7.33539
42.89899
82.26039
93.81610
96.27522
104.35517
112.71040
132.58796
165.73311
166.45822
171.18863
172.11934
196.74027
196.75061
208.86422
221.93631
223.06034
234.37951
236.26424
16.19261
20.23812
26.88091
38.72771
41.91617
76.50512
-1.00000
-1.00000
-1.00000
-1.00000
-1.00000
-1.00000
-1.00000
-1.00000
-1.00000
-1.00000
-1.00000
-1.00000
-1.00000
2.75141
3.01065
11.33779
12.72958
26.18135
50.36339
53.14310
70.99905
76.80420
77.05639
99.71493
111.69628
125.00082
141.48208
178.92670
182.34107
182.42923
183.74113
209.08967
1.64182
3.56555
65.50377
72.72265
73.36053
155.82984
157.05724
166.91079
192.04027
192.70270
197.51784
199.02053
198.18319
198.20645
202.46957
202.46169
202.99991
229.34068
229.46209
0.61988
1.23380
1.75116
18.92720
33.10403
60.40669
121.88289
128.76311
128.90063
133.09446
145.20548
145.44942
145.51620
147.69591
149.45020
153.32102
195.76396
219.09254
238.32286
46.39705
64.46364
64.79157
66.35573
128.95841
136.68703
168.62930
168.68233
207.68875
233.63891
241.39678
326.80113
327.03514
338.88507
352.16974
354.94239
369.41793
379.52477
384.75772
16.81121
48.76457
50.81691
54.61354
76.98833
79.07600
80.49405
120.48989
123.91079
124.41247
150.33802
157.49218
171.87637
196.20480
202.07561
204.49003
207.99609
226.05484
226.20564
18.77189
20.14172
24.71476
26.60891
93.31190
101.41174
123.34371
124.71173
194.12987
219.11616
218.98914
221.03461
221.78912
222.92238
224.61869
225.25100
225.95571
230.70650
230.82490
80.38090
80.39750
81.19057
81.61732
104.88724
116.18457
122.83101
123.84931
137.00618
154.77011
166.83218
160.67431
220.81029
220.81029
221.90549
230.81085
233.23918
233.24259
238.43872
2.28139
32.29048
32.96753
37.06711
90.99744
97.51354
103.20561
106.16949
122.15041
155.99997
164.59220
187.62583
192.50380
192.55394
195.88719
197.85898
220.11503
220.29046
248.90714
36.78063
38.79245
39.33395
39.80247
43.06192
92.76341
101.68561
101.90011
103.32525
102.66353
142.86234
142.96630
142.87046
166.79090
169.98164
179.66744
190.74624
192.77780
205.10392
13.46324
18.91743
30.94725
36.91882
38.67287
40.04123
40.34841
42.99507
58.73226
60.83430
65.80071
88.14075
101.52257
135.50711
140.95866
146.06157
146.17601
146.17608
154.66038
0.54915
1.59365
14.70461
21.03571
25.33006
60.69967
60.75876
71.26968
74.30707
77.88616
79.58515
91.52860
121.93823
152.50259
177.46329
220.22594
244.14508
248.08970
290.22944
9.15536
48.58229
77.33629
88.17996
89.85764
90.44942
113.93643
117.37013
118.34425
136.91687
144.65322
148.83420
182.96241
188.30300
195.25696
195.25765
216.44574
216.45125
215.99354
2.15380
18.24141
40.39370
41.39352
42.44549
51.71304
52.79116
59.02527
59.14106
59.21843
68.90566
71.18070
76.83573
80.40550
87.64489
154.94045
172.62677
172.63859
186.30383
0.15997
2.90053
9.43196
12.54487
22.42908
78.39254
80.30986
80.32291
87.25857
89.25142
89.46077
103.92717
103.93162
131.60360
168.08570
173.70406
174.93301
176.18963
177.68452
18.01280
19.32099
19.94854
26.80054
47.90273
52.35245
55.83525
61.58618
85.65042
96.40508
97.74239
119.73778
126.56758
130.95370
135.25902
198.25116
240.55461
241.13668
241.65670
2.92858
8.19809
10.51936
10.91482
34.61577
40.69615
51.97427
61.99803
73.75164
111.19881
112.69616
124.83787
127.60879
127.61339
127.61529
152.93396
159.18147
188.95162
218.93079
40.47158
53.78795
60.14589
61.89275
68.08009
113.84743
116.33549
130.41039
137.92735
140.89775
144.13965
158.31095
152.83199
161.26829
169.86006
206.28321
208.53154
221.69459
228.55877
0.81034
7.68423
12.96808
24.50918
58.62238
83.05110
84.13017
94.25285
97.34443
97.44352
101.75893
126.64300
136.71268
142.26073
149.59087
150.20927
154.19847
154.57352
158.35946
10.54364
21.18104
44.22325
56.25043
56.31292
59.75217
59.83495
66.52708
67.55827
69.65548
72.53428
72.31265
83.92975
84.10812
97.06177
97.39277
97.53024
98.46180
106.77841
3.05542
46.64575
49.13019
61.15378
76.89025
78.21322
190.17678
210.38215
211.63583
220.45849
225.38717
225.90004
226.77125
227.89391
233.79470
248.52289
248.92996
261.12627
263.12392
11.72447
45.84072
91.62128
91.63106
91.71479
91.90283
95.50912
98.39584
115.32498
147.41285
155.39611
155.39619
162.30219
167.51378
167.71312
168.58970
168.78256
174.67072
180.01511
-1.00000
-1.00000
-1.00000
-1.00000
-1.00000
-1.00000
-1.00000
-1.00000
-1.00000
-1.00000
-1.00000
-1.00000
-1.00000
-1.00000
-1.00000
-1.00000
-1.00000
-1.00000
-1.00000
14.99319
21.30199
24.06808
31.95260
46.61768
46.74097
56.24314
56.63489
57.93784
82.20104
100.53887
125.01411
135.43419
142.81589
145.78804
190.77638
198.43703
230.20736
253.65583
16.52040
29.59000
44.90701
47.24164
78.94695
93.63450
109.15097
114.70943
127.60429
127.62628
132.83869
138.78658
139.65747
139.65747
139.86068
141.83568
142.36742
154.55642
154.55642
0.69898
4.52547
6.54006
13.37086
23.17813
23.74412
27.91364
29.82864
34.90531
49.71573
58.61572
87.36327
87.42763
127.35674
144.70901
155.48288
180.89116
186.50102
215.61391
20.40259
20.45298
41.67129
64.91732
73.53379
78.69581
79.61761
106.39103
112.54861
114.65441
122.86735
122.89627
122.71371
127.21609
137.37706
150.70667
164.23546
179.29279
186.50140
0.40475
5.37899
18.37291
19.67083
22.13476
35.78948
70.35421
71.05539
72.24741
82.50482
87.96170
93.41598
100.22460
104.88441
114.71389
124.08550
125.17988
129.69149
129.72863
14.98534
23.08788
28.14363
28.49087
58.54630
66.60674
66.82170
79.38766
79.47069
-1.00000
-1.00000
-1.00000
-1.00000
-1.00000
-1.00000
-1.00000
-1.00000
-1.00000
-1.00000
0.34854
1.07214
10.31804
17.65388
24.98185
26.77974
30.08766
39.34990
40.08489
110.09515
111.70247
111.75238
115.52132
149.03646
162.33432
212.89541
217.57030
217.57689
240.39756
0.19537
1.06229
57.26972
70.97886
77.49106
109.58019
120.50829
121.84592
166.80215
168.53707
168.85842
187.51445
188.40269
188.41450
188.07523
188.25073
201.49808
201.54138
205.04072
8.64802
28.40355
31.85010
31.95271
40.49214
44.63776
45.51967
56.96844
62.59476
62.91843
63.33454
77.33793
77.34127
77.48808
103.44834
108.96068
116.46944
128.08667
146.67282
6.85306
9.13615
10.72271
46.33665
50.66356
56.56635
-1.00000
-1.00000
-1.00000
-1.00000
-1.00000
-1.00000
-1.00000
-1.00000
-1.00000
-1.00000
-1.00000
-1.00000
-1.00000
5.42565
20.71163
21.96033
63.22062
74.57473
75.07455
82.81691
102.42708
108.82265
116.30179
116.42874
116.70880
116.71081
119.49913
123.45783
125.44791
123.78631
133.35282
154.29193
2.08636
22.99391
27.04103
35.69524
39.09997
48.01358
81.72372
91.05884
108.34418
110.05834
111.84555
112.73037
114.95469
131.47887
131.47889
140.18169
140.44922
140.63314
140.78012
7.98622
9.48111
10.72871
25.19789
26.95099
27.63532
61.84226
68.37017
102.26249
105.10593
123.39815
135.90816
141.77977
141.92115
144.60503
153.03132
154.17005
155.98353
156.00721
2.78438
20.12797
20.96553
51.05541
52.24495
57.03183
66.77556
100.15425
105.71664
121.60633
131.00218
133.37634
162.88172
162.89437
162.89488
164.06799
183.81349
184.08485
187.08034
0.08809
5.55474
7.34545
21.47039
27.59398
47.74832
59.77624
70.47419
129.80593
130.99997
133.02340
138.88085
158.60692
163.60852
162.21647
210.08455
210.10011
258.78149
263.63818
23.44647
65.95524
76.71411
78.54142
123.60849
125.43010
126.54918
129.21336
131.27118
138.41991
139.35425
139.62391
142.31720
142.70804
193.49135
193.10009
193.17200
215.61629
217.94585
4.40075
31.72174
32.87199
33.47010
33.55953
50.67610
54.48740
56.18263
61.53322
71.22533
120.81345
135.84406
137.88777
134.00111
134.00111
169.62243
170.65256
179.15093
183.64995
13.86575
15.65405
18.34463
21.88210
25.26364
26.05643
27.07653
33.28422
44.29265
50.63675
53.82489
56.72427
60.22318
60.01202
88.72451
110.86424
111.41691
118.64887
119.93830
10.44418
17.87154
45.70462
46.60601
78.37850
78.51314
79.55221
76.79953
78.56973
88.51593
90.75357
123.29395
132.82832
137.66562
149.26852
149.28998
150.38098
158.33149
174.16737
