10.57964
13.86598
16.96269
20.25702
24.10096
1.22125
8.85498
15.25578
23.54617
32.80006
8.76225
14.63534
23.35098
30.54398
38.00815
1.14151
5.40990
10.52308
19.96181
25.36576
6.08028
9.23493
16.88106
20.76649
22.93598
4.71463
11.48237
21.19133
25.05843
31.75530
5.83359
9.42278
14.84988
20.40990
29.32483
6.69993
10.52028
20.28304
24.14042
27.82686
6.90554
13.49870
26.58765
33.98390
37.68362
7.08496
12.32690
14.38971
22.40619
25.33372
1.37699
6.91955
17.24000
26.56287
35.07481
4.31131
11.26831
15.63198
19.90820
26.98792
8.78404
12.87809
15.62994
21.67889
30.18385
4.90641
14.78407
19.30145
28.30860
30.87017
8.46224
18.64188
22.06402
35.34942
38.77741
11.30159
23.96280
30.00462
44.32139
50.07314
8.56648
12.07785
23.07786
28.03366
33.24046
4.80768
11.76111
15.32158
18.20018
22.12466
5.25187
11.78263
15.48637
24.42303
40.80738
10.11394
20.48812
25.42845
31.44100
36.88024
4.96953
14.89526
27.22752
38.16679
46.17651
6.45355
15.75150
26.89594
31.60028
33.94801
4.84832
7.65693
12.99414
22.30167
29.27987
5.27735
12.61691
22.09385
26.05127
29.34111
7.38177
10.52428
17.29668
22.37287
28.83233
11.10097
15.52723
22.37560
25.86794
28.98710
10.62599
15.99412
23.22020
27.21415
32.62185
5.40725
7.95282
16.30829
21.35454
32.53138
9.39591
13.83999
16.95137
24.22893
29.01144
9.11283
13.69402
19.45884
23.69750
27.41712
4.75645
8.78816
14.99591
21.88329
28.34089
7.13151
12.89097
22.24086
24.94023
27.23205
3.94647
12.63502
17.93499
26.75689
34.90718
9.27269
19.47438
23.72976
26.81369
30.02479
3.83757
10.27926
13.40632
22.00553
30.43933
7.54987
10.96514
22.78229
29.83265
38.78011
10.58195
18.38009
22.21553
34.30201
46.97822
6.81926
12.14145
16.60130
25.28129
29.40654
9.97764
14.57242
25.51819
35.19292
43.47985
2.44476
5.84897
12.05741
19.29982
25.38602
12.36913
19.84706
22.50073
33.52528
41.85247
12.08968
16.29299
24.48830
36.14499
43.54990
9.97452
17.32344
23.73327
28.53792
36.17155
5.79906
16.66144
21.51007
28.80062
38.27285
4.44182
10.23118
15.46123
19.93031
23.87191
9.81389
16.92663
25.70967
34.63999
39.19525
4.31644
9.42369
16.76823
22.50904
31.20599
3.26883
8.19854
11.74061
16.18294
20.99983
7.13809
19.08992
20.65636
24.72249
33.66682
5.79604
8.91275
20.79330
23.09710
30.04285
12.36326
21.29631
27.32988
34.03881
36.57353
6.11921
11.46040
24.15980
27.69663
32.78509
6.69775
11.23781
29.15943
35.41692
37.25715
4.65725
12.95225
18.54954
24.98564
34.47610
10.93139
20.45110
28.09569
32.41604
35.02853
4.01588
5.37396
15.43256
19.44509
27.17728
7.57469
10.33689
17.29644
23.23336
29.20171
9.73512
20.20199
33.56990
40.06646
44.24676
9.61231
16.82774
31.95332
35.52023
39.00843
9.23734
12.01949
17.09846
23.62330
28.33283
13.60739
19.87824
32.17486
43.21246
50.08857
3.16868
7.13266
9.96189
14.23031
22.46613
3.08487
13.03735
17.42386
18.07279
22.19581
5.49743
11.47717
14.74840
22.32275
27.83989
3.35338
9.47825
18.66151
27.34394
34.41693
7.40005
10.55108
14.44944
16.86556
28.08878
14.96198
23.32664
28.92482
33.55462
41.34685
2.47335
5.22323
11.65047
20.84738
22.66125
2.38205
10.87279
15.22939
21.87448
32.47639
9.71550
15.83747
18.66854
23.93314
30.05120
9.18305
14.58849
25.34323
30.77480
35.57147
4.91055
12.21072
14.87433
20.14027
31.40028
8.28739
14.34878
16.61782
23.80163
36.64750
2.80790
13.12071
20.21044
32.69208
37.03492
6.89026
19.12791
25.04222
35.49590
38.67776
6.60743
16.39518
18.27695
27.65662
33.74969
3.80733
4.13249
11.51007
21.85968
26.69201
9.56022
16.63611
27.95452
31.23593
40.54712
12.16784
22.84150
30.28978
36.73705
44.45454
4.81356
9.42806
22.52971
28.59661
32.00794
6.99408
17.34340
28.16901
36.07655
43.31377
8.00959
18.38649
24.03332
34.15309
37.44352
6.20690
10.72726
14.73424
20.74852
22.42908
1.51962
9.71988
10.78691
16.84105
29.48101
12.07848
18.58426
20.00250
28.54283
36.64541
2.95629
10.81775
17.74024
26.47087
29.96185
3.36507
6.39698
13.31194
22.30795
29.08426
8.19059
18.17182
24.01855
33.97095
36.90020
4.79264
10.00595
18.46183
24.96435
36.64331
3.39567
9.09039
20.84584
25.85964
32.04283
7.18433
13.78839
21.62742
25.54078
28.68004
12.14849
22.44507
24.94837
28.98106
30.06819
9.71796
11.98932
17.59312
33.33812
39.01457
9.19813
20.56005
25.70800
28.68949
30.73214
9.82185
16.68455
24.25391
33.73951
38.55083
3.81694
14.27670
21.87668
29.32579
32.98153
13.79596
19.59850
29.21731
33.10223
39.65647
2.63788
15.53945
24.81774
33.22425
37.52623
6.44424
19.62904
23.06694
24.65941
31.72318
4.59191
9.67328
12.90908
14.04489
16.60991
