22.10460
35.31554
56.15359
68.20289
77.47131
80.97540
88.69396
96.30842
108.57203
124.38745
4.61278
34.19779
43.30489
43.38628
46.36975
63.51404
91.77987
123.29842
133.80123
137.99123
1.54004
8.59943
20.82999
53.13872
53.84189
56.79069
65.39961
77.47008
80.62216
98.27690
19.86411
26.79773
27.24449
60.57521
69.55468
77.50296
117.84139
130.80490
134.46111
137.66008
18.41195
21.54493
36.46562
74.96370
84.32262
90.07052
95.72727
111.96770
123.96612
148.03048
4.72435
9.31781
11.28810
19.93905
38.16062
42.97820
49.55646
62.85711
66.64902
102.80714
33.78292
51.11036
67.60338
75.01306
87.47219
106.30036
120.84940
129.67805
166.42249
178.87184
1.85382
5.57598
6.95372
18.75473
24.26123
29.25385
48.93861
54.97389
66.11542
92.18480
3.37987
9.95394
25.85641
28.04807
29.45918
30.47007
31.98332
32.15590
53.05026
60.00615
20.79524
27.94533
52.69897
53.52758
56.07648
65.35182
79.75811
83.80775
89.54679
92.24007
3.93596
6.41996
8.28937
18.07593
36.51700
39.34783
51.50017
56.64628
67.27714
85.58894
12.40206
13.86681
23.35331
26.41028
41.80809
46.23856
58.35285
62.30349
68.12451
90.03786
7.72087
15.74492
32.24645
38.42722
38.98092
80.84332
80.97285
92.42632
93.42252
93.49090
11.82622
15.69915
32.07701
32.50824
55.73043
57.82326
68.44168
92.78795
102.47987
109.27034
4.11002
8.01668
34.80560
54.96390
56.25645
66.24255
89.03195
92.37892
96.91048
121.45062
2.74546
12.94073
15.27235
17.31105
30.76059
44.88190
56.10764
56.47370
63.14134
71.55100
22.86547
25.04603
28.17773
48.08553
61.81314
73.16276
88.36378
107.04054
146.99869
153.12395
9.78395
24.80032
26.15814
27.36134
41.57940
56.66979
64.73698
82.83220
100.81309
102.98724
32.96362
64.74150
65.88649
71.96382
77.41133
80.70786
81.19248
83.05228
86.75959
93.32388
15.50360
15.84133
32.84686
60.02562
62.08832
72.08263
91.86391
95.72375
102.77296
107.86678
16.66264
17.83775
26.04348
32.26652
49.60075
61.07741
65.51042
68.93395
102.16167
110.97691
4.53759
8.10540
23.59716
25.12768
36.67834
37.55130
75.32504
83.60006
87.06964
143.11499
12.43659
23.45041
27.42154
41.66846
51.22480
57.76267
68.89955
78.25873
80.51807
88.31154
8.32972
23.74448
54.64706
63.09353
66.92123
84.84512
93.61567
95.74466
96.71726
105.10640
6.04522
19.98597
34.20451
38.30436
46.28806
48.34077
54.23413
55.10103
70.83234
77.00941
2.14647
7.93133
26.89479
29.76801
37.02231
37.48194
64.32202
66.67886
67.67652
84.19516
11.30832
39.33062
56.82649
124.73964
138.98114
151.95002
186.86485
187.81827
193.05715
213.81255
6.47776
9.68697
41.92157
47.08558
53.00514
58.58402
62.02337
92.57201
93.14819
118.25157
23.85984
39.32829
43.80858
52.76007
59.54059
64.68707
73.03475
75.35640
79.92690
84.97761
11.08890
18.12141
24.47309
60.48385
83.51518
85.08966
88.06610
110.79421
119.67408
145.33086
10.25078
13.39333
34.96261
41.94542
44.45269
57.92785
61.61638
62.02249
89.36303
113.75800
30.48751
32.88414
42.57512
63.52407
79.50652
110.23294
113.64235
123.59034
133.59749
147.48046
12.08942
15.91258
25.19654
28.64482
31.19186
53.29682
61.53189
70.65987
89.03996
100.95365
4.86950
28.48379
41.49470
49.98337
53.92205
61.53514
75.09790
80.47815
84.42432
95.91708
14.48968
15.24125
30.57843
34.50838
58.08462
73.44275
111.79919
121.18983
124.37431
128.33899
26.66841
68.80930
75.50779
82.38738
89.66448
89.89467
92.86552
114.80516
117.09693
133.34804
33.95482
36.92394
45.04176
51.64338
81.45526
88.95982
89.22888
91.21584
104.63484
116.09735
26.04127
37.47627
43.46746
50.98075
66.17048
85.19196
94.28470
120.19612
141.91425
152.17296
3.24206
11.43822
12.30478
19.91995
36.11861
40.76942
44.48024
53.13164
68.24828
76.94069
15.57573
36.22256
53.75197
63.19680
80.37743
96.11642
100.71284
100.81707
109.94104
128.08146
8.20751
43.04654
88.22261
96.30373
103.77503
109.93839
121.02511
122.32426
158.72294
181.35088
5.98880
13.93689
25.20771
41.57518
43.12521
64.23075
79.41738
97.41194
107.05901
124.00543
0.68125
4.76483
34.62600
42.20982
47.64432
60.23271
62.93924
67.67263
68.35388
100.64047
15.02285
31.53823
49.39390
68.25395
80.39390
83.45596
102.17971
114.93343
132.46365
132.69905
9.10697
27.54893
28.20711
50.69240
59.26637
71.42220
97.66243
98.82522
99.39726
99.69788
16.94254
18.61478
25.16400
34.59500
37.33179
43.06695
64.51272
79.16302
79.51387
87.95840
2.17433
10.03567
27.85933
40.96517
51.32570
73.67231
96.47020
121.24602
122.98215
133.99561
16.60909
22.88120
25.12273
34.22779
37.43973
43.53863
50.88955
53.76609
80.97283
83.74259
10.69207
13.89491
19.34143
23.13409
33.95829
45.70862
58.63997
61.28405
87.60670
89.14074
5.46845
16.73788
38.40940
42.56491
44.20218
65.38946
81.64114
90.20156
91.45275
101.93407
8.48348
15.16910
49.07767
54.67821
55.91952
72.93702
83.59647
86.62142
92.53211
110.44121
12.56153
17.14161
22.81388
31.93823
39.51559
78.42414
84.84285
87.25802
106.40691
120.88167
8.44570
15.28923
25.47758
26.40331
41.02650
54.60932
83.05062
83.48462
95.70499
100.16630
3.33273
14.62619
16.96834
31.93882
45.33017
61.83198
72.63283
85.88029
115.62648
136.91480
9.36368
23.61627
25.96063
32.68274
54.05623
66.49958
85.52522
96.21530
98.13919
105.73204
8.87485
21.27239
40.08282
42.29710
50.80130
62.66057
63.11969
73.87740
85.97776
92.94314
15.28369
20.97475
24.48892
26.82360
46.28411
75.30798
82.66931
95.12489
101.48973
126.19156
9.66149
11.24607
25.61289
31.12004
44.23098
64.82444
82.49207
83.93533
91.50998
114.03660
19.33009
20.38358
36.32706
49.21974
68.35727
85.16377
98.31310
111.63160
118.31844
122.84030
0.55265
12.64105
16.78622
21.48959
24.28850
50.50374
57.13213
65.05080
87.99155
116.11488
50.09420
68.96121
85.95129
86.63258
87.67708
93.73478
108.95697
120.66767
140.48952
159.56477
27.10044
40.43931
58.29389
81.64836
112.96218
127.18804
137.16381
140.55128
181.87524
225.65061
7.08142
30.86266
51.50626
59.84303
71.97670
77.45262
78.55647
81.41345
92.46309
94.98267
11.16443
11.83228
19.48829
23.63634
65.87151
69.41335
73.27435
79.88334
95.46969
100.13837
6.95986
12.13597
23.29666
32.44624
42.59782
56.37793
61.18427
78.92764
86.82699
87.65572
16.89627
27.54040
40.63596
43.32873
46.06822
55.69437
82.15927
84.36587
94.69993
107.78528
7.58274
28.87360
39.19545
45.58203
51.57129
72.27739
84.23375
88.74711
104.79097
116.39717
0.82642
5.43302
38.48779
51.79047
58.95661
67.66048
83.75013
89.65130
96.84443
101.81836
1.27565
8.29344
27.32228
32.18572
50.73400
59.03372
68.23774
73.72904
86.31557
100.25607
19.28698
63.94990
75.04783
84.87961
100.98196
109.97480
132.51108
136.05744
142.89925
167.37511
9.91866
35.45384
46.74550
51.51694
59.26875
70.56176
131.62038
133.03688
138.19341
142.36047
7.18501
21.65373
42.70762
64.55363
88.56050
101.78269
113.87779
115.42896
146.58975
147.77728
6.77482
10.52023
11.88750
18.47813
35.19078
52.00733
62.60457
86.58780
106.53984
114.21116
4.56041
7.54435
11.24249
11.64269
25.48550
36.62597
39.79159
55.29387
92.51739
93.83141
10.94614
45.05951
67.91306
73.74483
81.97697
90.11721
93.48604
93.86011
108.62039
119.23269
9.35518
17.38346
42.61036
45.91300
55.51023
61.66327
102.70215
107.22545
109.87377
113.96650
26.63314
42.55444
70.82176
75.53354
86.38828
91.42257
105.85308
117.12169
129.11935
131.41751
8.62932
14.76735
18.16355
23.44555
33.30689
63.85289
72.35316
108.46506
121.98268
164.73388
1.72449
11.83768
16.69480
44.78546
82.62111
152.57262
159.80189
171.16952
171.37648
182.48656
2.24341
20.81749
31.32531
43.93511
52.51053
60.09793
71.54624
104.22141
116.64783
118.48608
30.40313
33.32084
44.42580
62.29455
70.14472
91.41387
93.80380
110.48775
118.69918
141.30138
33.30844
49.95181
50.44036
60.60141
67.78654
70.43121
83.52833
94.91040
99.79859
107.17342
0.59484
2.69710
15.66434
38.76571
43.12312
62.54604
70.50038
82.29616
83.50171
120.28047
27.87157
33.31887
71.95967
74.26866
76.92955
83.19956
89.49318
110.25988
112.78236
114.42277
49.22164
71.66760
93.59566
104.39804
112.28389
130.55072
132.63598
150.95950
176.69072
179.05493
22.38926
28.75749
35.21824
53.38203
71.49783
80.37033
85.76459
126.63581
132.11992
146.87063
18.11715
27.72757
38.30148
49.99766
51.41422
60.13393
66.98230
74.41579
79.47381
110.53573
19.36410
30.35021
33.65953
44.98719
64.33066
65.88461
71.33418
83.35168
114.63101
116.02173
25.39698
39.38882
60.37575
84.63806
91.06769
99.09353
99.51991
106.54979
107.84189
119.07128
5.32907
28.40457
38.04559
42.47047
55.88059
61.66449
72.14766
88.70069
96.50587
96.87005
6.74684
42.52042
59.01109
76.63650
79.02656
91.82842
95.36243
101.52605
118.90710
122.28839
6.91405
34.14913
35.02902
46.96427
50.16436
51.30352
68.62748
69.05774
76.08767
115.61180
2.87298
19.10815
32.56350
44.33541
51.69838
60.61680
61.76068
77.46267
82.62754
88.24104
3.89146
29.21472
34.32625
37.61196
42.77982
53.39303
54.23011
57.02323
58.17095
91.29062
9.20652
52.88606
77.82293
79.50347
86.08031
86.68419
96.56957
126.99710
139.13238
149.97212
38.02984
51.06861
71.97361
88.62803
113.03540
123.93712
127.88153
128.03307
148.19674
165.15209
5.93789
40.18730
54.51296
74.08872
79.60248
95.01587
104.33894
117.74185
124.03601
125.36561
10.81281
11.74799
21.19904
21.23268
32.31532
48.84619
79.01797
79.43466
112.11413
121.81055
15.11231
41.78148
51.07538
80.01785
81.64368
83.80250
85.06669
109.56501
122.59912
137.43448
4.32056
12.85026
18.99527
26.59006
40.41808
63.13374
78.91572
80.37188
91.04538
92.53427
