9.91188
28.80658
38.53317
46.56889
53.90228
64.59047
68.16265
68.35398
68.37662
68.45960
68.62515
8.19276
17.23929
26.37182
52.02743
52.65534
78.12255
89.95426
90.02268
90.27781
90.56609
90.91192
8.91699
33.38350
43.45354
44.99253
55.94342
56.62774
58.56300
58.64207
58.67237
59.11294
59.71853
11.75644
23.88272
25.34567
49.57458
50.41785
54.86055
62.03911
62.35519
62.70114
63.22049
63.42778
5.70851
10.66809
14.65783
39.56273
43.35698
51.64905
56.30147
56.75336
56.93747
57.61484
57.87949
7.79013
20.36761
22.28013
27.18302
45.54122
52.55620
96.37867
96.70838
96.73922
96.81758
97.10331
21.11235
41.35019
48.35141
66.85452
92.28091
100.23177
102.02034
102.14855
102.30479
102.39504
102.46999
2.09081
5.06633
14.83341
19.23980
20.62696
20.86286
35.88175
36.00501
36.00522
36.01427
36.22717
6.07873
15.72023
38.67329
42.02264
42.82847
54.61938
63.32423
63.58917
63.68152
63.80097
64.07686
4.84670
15.58705
17.87134
37.12250
45.41418
63.18965
74.39639
74.45048
74.51648
75.32382
75.32879
19.86877
25.81403
35.89148
69.28780
73.13196
80.53405
81.82780
82.44142
82.69251
83.29579
84.43008
13.59484
25.14278
33.84446
42.26882
57.05894
67.84004
68.10614
68.35044
68.63354
68.64636
69.37789
16.87048
17.01905
21.85153
27.34938
29.23131
37.69178
44.32919
44.62720
44.83291
44.95363
45.06537
41.12331
45.90139
51.86911
54.14994
61.43194
65.40803
67.77351
67.83777
67.99181
68.06262
68.34985
8.91049
13.55379
20.99154
22.42719
26.75740
29.76573
41.73241
41.84985
41.93051
42.11653
42.41477
14.15459
28.45294
31.93045
36.42160
39.51136
63.00903
77.67044
77.88802
78.08676
78.38031
78.54403
4.66869
14.34721
18.45187
21.53678
23.80819
26.25771
29.42851
29.75111
29.79927
30.10612
30.27564
12.04272
13.34543
17.97778
26.23205
26.83289
31.36213
40.08046
40.08264
40.08331
40.19956
40.28211
10.67866
25.34860
27.12656
43.56135
49.23679
55.90722
58.16473
58.35575
58.39653
58.44720
58.56240
4.24306
10.04334
12.46524
19.59268
20.47927
28.20033
29.85942
29.95763
30.27558
30.28008
30.33470
16.99343
22.92385
29.21284
29.77932
33.84092
47.76473
54.57151
54.84912
55.20076
55.75976
56.00001
2.04672
6.89315
12.40949
13.12803
20.21195
25.24438
25.40255
25.40420
25.69388
25.78451
26.15486
13.45132
25.32452
31.64017
40.00718
40.70604
51.10021
52.56747
52.79732
53.31009
53.87269
54.49499
20.78727
23.35758
29.66350
30.96131
37.13839
38.14581
41.13385
41.26895
41.47578
41.54448
41.65296
4.78324
6.03091
8.58279
9.17146
11.57731
16.44088
19.52878
19.57964
19.62851
19.89534
20.28380
6.60294
18.14787
32.00558
41.89046
65.08488
67.85815
88.29812
88.65601
88.77313
89.09989
89.13905
0.93192
8.75870
10.35670
19.83103
27.57811
35.59541
37.63362
37.94253
38.18059
38.39916
38.77492
1.51043
13.42650
16.50561
42.10014
51.97575
54.12965
78.00459
78.30938
78.48749
78.55231
78.70417
2.01775
9.33755
16.53025
29.77117
39.78854
49.59664
57.37825
58.00442
58.51694
58.76874
59.14617
10.81662
15.04374
20.60686
30.32960
62.45879
69.37621
87.22639
87.28571
87.48913
87.65418
88.08639
14.34904
21.25682
29.24118
48.33043
61.95656
67.77443
75.40667
75.49089
76.28816
76.73148
76.93757
2.30723
4.45740
10.90840
13.27611
22.37593
40.08473
49.95406
50.14743
50.28196
50.35734
50.46330
13.87008
20.85076
41.50872
47.66440
48.84656
55.75699
57.68584
58.33655
58.58655
58.76923
59.01879
7.41369
9.47323
17.27711
17.96979
21.06454
27.43411
29.33911
29.42161
30.09217
30.16673
30.35702
4.88393
23.08984
26.79605
29.32170
32.38488
35.20499
37.62768
37.93977
38.03889
38.23328
38.33594
5.54406
29.61854
31.91905
63.06955
69.40345
72.75456
77.52360
77.56116
77.80056
77.81578
77.92992
2.80641
11.79192
14.43908
17.27284
20.78501
40.76964
42.83764
43.36972
43.39293
43.56107
43.63559
18.43961
19.75424
22.41465
29.80280
41.11566
51.16131
54.61045
54.69343
54.85601
55.48249
55.57621
10.12160
10.19751
24.52551
36.00548
36.20149
53.07998
57.80975
57.84454
57.94162
58.25240
58.51042
2.82882
22.31904
23.36136
34.21448
35.93373
39.53664
46.50232
46.62932
46.64483
46.70553
46.89339
4.48430
7.75423
13.01589
16.49382
18.35483
24.06041
44.51703
45.35722
45.40326
45.88129
46.22758
5.74424
15.79314
16.19958
20.27423
28.19551
37.15201
53.14899
53.16019
53.20547
53.27665
53.40889
13.79931
21.73036
25.88408
27.21615
28.51574
34.30727
39.89083
39.96932
40.28096
40.90211
40.91983
2.68326
4.80056
28.38772
35.04613
57.67675
62.57956
64.53414
64.82601
65.17844
65.73930
66.14364
15.86154
19.53015
24.34170
32.77211
44.91237
62.40959
74.60851
74.73885
74.79786
74.90191
75.14309
3.43027
4.71095
5.80703
6.50674
10.10255
17.57362
22.02789
22.13211
22.86105
22.97873
23.23281
1.74191
11.68568
39.78405
43.32071
54.11288
60.55090
62.30440
62.66468
63.01484
63.60596
63.62688
4.65202
7.45577
21.14409
22.50518
31.59855
38.63248
44.31179
44.44198
44.63889
45.00968
45.01325
4.41693
9.84111
12.59433
53.29378
54.61349
65.72818
70.67688
71.06053
71.08411
71.08624
71.43481
6.23246
8.94605
23.01957
23.95886
32.61193
36.38130
36.73330
37.43548
37.47010
37.76573
37.90833
3.91444
15.99222
57.92137
58.55785
73.53504
79.33735
81.27555
81.94043
82.20929
82.33614
83.16847
12.04504
12.77632
16.01739
16.40894
25.48427
37.98003
44.00636
44.09230
44.16103
44.28711
44.58570
4.27230
5.03613
8.85652
11.72494
18.72555
25.74297
35.09448
35.14694
35.33044
35.77306
36.17776
26.65423
29.26827
37.12441
41.50529
46.34348
54.28669
60.64901
61.15862
61.27197
61.36103
61.80295
7.18136
18.51052
28.46902
35.49733
42.88263
54.72783
57.46285
57.56083
57.56433
57.62147
57.82559
0.68539
0.77646
9.89433
10.07120
10.73560
17.13487
28.48893
29.02706
29.28345
29.38423
29.42090
1.98884
4.51445
22.50255
32.19089
41.70201
42.85552
43.56369
43.74963
44.04392
44.36365
44.69448
4.37642
12.68567
19.81838
26.51573
28.10512
30.27088
31.47273
31.68070
32.04129
32.13735
32.28761
13.81422
21.12440
29.69647
31.93406
48.31193
49.25690
54.02318
54.37814
54.57659
54.79581
54.94812
19.30780
40.83979
47.54922
48.25299
55.36367
58.31959
64.35802
64.61578
64.84183
65.45087
65.61808
1.52081
7.67987
8.23107
13.89391
23.81105
24.64637
27.54791
27.61361
28.07475
28.22781
28.88512
6.23635
7.12040
7.16169
19.14989
31.75612
42.71746
59.04577
59.23579
59.36695
60.07502
60.16656
1.29677
19.73798
25.35877
31.68918
38.37072
45.79923
55.74198
55.88606
56.46479
57.19286
57.62359
5.61560
8.17457
29.83756
35.03609
37.42061
73.06208
79.56259
79.64430
79.71299
79.81987
81.08471
9.32943
10.16917
16.84927
33.94654
40.09131
41.60819
42.52583
42.61894
42.77876
43.44379
43.44874
1.60961
7.48105
10.22098
10.87376
12.02348
17.33494
18.37814
18.39834
18.67882
19.13171
19.16158
2.98539
6.12285
31.33966
34.00764
40.96683
42.78080
45.87849
45.98852
46.03947
46.34464
46.97791
6.94737
17.05347
22.16884
46.27777
60.45116
75.33648
79.73542
79.79557
79.84781
80.12316
80.54182
4.33765
6.11471
29.32524
55.36182
64.48111
74.88479
84.59677
84.73066
85.03509
86.76077
86.77552
0.73837
21.76746
27.94769
42.01434
54.86379
59.58391
73.69452
73.89151
74.14433
74.39824
74.51711
9.49979
14.62768
46.43372
51.35079
52.98128
67.00152
68.94341
69.08018
69.17776
69.43898
69.80509
9.02363
12.11811
22.32797
52.82813
60.44980
62.39611
67.84206
67.85167
68.45057
68.56503
68.81115
0.32317
11.51317
25.72855
32.38801
74.63746
78.42530
84.66469
85.36098
85.90854
86.36719
86.37979
6.57474
15.95025
18.65474
23.23700
38.15426
38.45551
54.01078
54.09822
54.22024
54.82036
54.91092
0.98385
16.86161
19.90890
22.64742
31.30098
32.68478
36.66822
37.19344
37.53542
37.67377
38.02929
7.65980
26.07333
56.03131
68.54677
68.84582
88.49802
94.55533
94.77721
95.02376
95.06445
95.24222
1.54441
4.62742
22.46226
32.24501
46.11289
69.70847
79.08507
79.25052
79.46475
79.71343
79.84308
4.64848
7.74440
22.40732
25.15826
31.46373
41.18166
42.60357
42.86773
43.18767
43.37337
43.37339
1.68964
2.10798
9.15115
28.69438
30.18850
51.47205
58.77476
58.86489
59.31455
59.79102
59.89513
11.65298
13.60876
18.17476
26.41574
32.16412
39.34462
46.68116
46.92585
47.64398
47.79913
47.86509
5.85349
11.99239
25.65835
29.06957
31.00996
33.16115
40.97853
41.34740
41.60718
42.09047
42.35513
5.39398
13.59389
15.10061
28.88224
29.09554
31.12635
83.70385
83.88160
84.38653
84.55518
84.90037
7.63050
12.57940
21.75100
29.09168
34.84243
45.74552
54.20847
54.52696
54.61273
54.81510
54.95126
8.46251
22.01668
27.26297
31.29089
41.36166
57.44240
66.78957
66.97849
67.40350
68.19696
68.25032
6.69347
12.26863
17.94645
42.30688
44.43718
48.73231
50.05246
50.45114
50.77181
50.95929
51.13394
2.69668
4.08214
8.32442
17.59872
54.86792
58.32084
62.62563
62.82447
63.00204
63.36575
64.20324
5.03521
8.38031
12.70754
17.21206
25.94421
41.58871
60.02355
60.10467
60.46422
61.15094
61.34320
11.66305
12.09587
17.62726
23.48728
25.66979
44.75197
60.20140
61.06944
61.06989
61.08514
61.52296
4.03343
21.23431
23.88855
36.41199
48.32506
66.40106
82.51806
82.52561
82.68230
83.29533
83.69762
1.46597
12.75815
27.89263
36.96274
64.17481
73.39650
81.78512
81.85215
81.89357
81.98523
82.52891
9.40942
21.41376
26.40400
36.65947
40.29057
49.96387
69.80845
69.81466
70.00663
70.42706
70.44070
22.50247
26.59366
30.94806
32.42762
76.85454
97.22059
101.49645
101.69110
103.09973
103.25014
103.39317
18.57840
19.22624
49.69637
60.87113
62.36487
74.47916
82.08993
82.57807
83.14211
83.29853
83.29854
2.06540
6.33670
19.14018
23.93453
31.07034
32.94271
34.71576
35.21559
35.30300
35.30514
35.74601
2.17878
16.73282
25.85746
30.87654
31.77220
37.97974
40.20192
40.58205
40.63556
40.90429
41.25988
1.27841
11.53422
26.40109
34.40886
38.11418
40.84847
80.53501
80.54530
80.80309
81.12244
81.29562
1.68874
2.75558
23.66283
32.11920
40.83718
45.47650
47.86128
47.96957
48.03252
48.23889
48.50930
3.28120
18.47146
24.03562
25.66082
25.94096
28.84816
36.87414
37.55874
37.97140
38.42016
38.59092
17.60129
19.94259
29.32227
52.54010
54.28460
70.35155
71.60457
72.09850
72.17965
72.27360
72.35787
2.36513
22.64514
32.41543
35.58549
39.48582
44.49564
45.52355
45.90763
46.24042
46.24658
46.41279
