0.17184
0.96226
1.22533
1.73340
3.48772
4.31147
4.37533
4.92751
5.92316
6.00168
6.48129
6.66979
0.86224
1.49986
1.71246
1.73165
2.06065
2.15285
2.32456
2.53353
2.56993
2.61786
3.27208
3.35311
0.58239
0.84649
1.20719
1.36989
2.57106
2.68242
3.20580
3.51450
4.61250
4.76450
5.25280
5.99600
0.15909
0.25012
0.36672
1.06901
1.06939
1.70104
1.98902
2.31984
2.48951
2.81836
3.05640
3.97158
0.60807
0.93124
1.37821
1.69709
2.06136
2.47260
2.67743
3.64625
3.92775
4.68758
4.86757
5.57708
0.41273
0.67004
1.50848
1.60092
2.09486
2.95741
3.56057
3.91308
4.33861
5.10345
6.01877
6.13799
0.66977
0.80146
0.82577
0.87353
1.70710
1.80304
2.13013
2.44603
3.56688
3.87118
4.21222
4.82216
0.21039
1.11391
1.15853
2.13119
2.44966
2.65383
2.65619
3.23231
4.34900
4.53659
4.82876
5.23365
1.45151
1.99450
2.73339
3.02440
3.53567
3.77046
4.21804
4.76343
5.07489
5.37065
6.07452
6.42675
0.66078
0.97130
1.01894
1.54436
2.28799
2.70200
3.11114
3.42072
4.84381
5.31749
5.49244
6.20841
0.31519
0.86548
1.11429
1.21263
1.88971
2.99300
3.36698
3.59947
4.34712
4.75061
5.00316
5.56324
0.41560
0.77187
1.63974
1.91399
2.47057
2.83354
3.81567
4.84850
4.85708
5.00150
5.01330
5.63378
0.78418
1.19450
2.17862
2.58899
3.50902
4.75063
5.75784
7.16474
7.16686
8.49594
9.03403
9.32387
0.08060
1.20478
1.92808
2.17173
2.69472
3.16460
3.16576
3.45833
4.34645
5.15405
5.29105
5.29479
0.38198
0.52360
1.21959
1.33605
1.37143
2.66926
2.83063
3.03410
3.43845
3.87302
4.12327
4.98000
0.69964
0.79273
1.07884
1.14557
1.43519
1.57884
1.82927
2.81190
3.60966
4.24110
4.57498
6.07007
0.02157
1.22072
1.32211
1.38829
2.31765
2.52662
3.91412
4.59653
4.78821
4.93039
5.37055
5.85706
0.30153
0.65102
2.12070
2.98461
3.83207
4.21086
5.92514
6.59124
7.41989
8.39162
8.83484
9.10680
0.26783
0.96969
1.68315
2.13654
2.83057
3.06879
4.24018
4.35298
4.67267
5.24132
5.72895
5.86401
0.23938
0.61771
1.13238
1.68125
2.05983
2.08277
2.19686
3.67474
4.79551
5.09546
5.59826
5.76027
0.24248
1.06587
1.51568
1.60201
1.68377
1.91095
2.04815
2.96051
3.73278
4.69938
4.70439
4.82592
0.56078
0.93169
1.18514
1.20509
1.20510
1.64087
1.88038
2.01431
2.36824
2.80604
3.72259
4.29176
0.43604
0.71215
1.57164
1.91104
2.52733
2.57860
3.14145
3.81104
3.99595
4.74612
4.84441
5.43210
0.19613
0.60067
1.92465
1.97262
2.37178
2.40284
2.64454
2.85992
3.47756
3.63571
3.79170
4.23189
0.25685
1.32177
2.01339
2.24862
2.51641
2.70430
3.23722
3.66552
3.69948
4.26763
4.51605
5.67712
0.14405
0.75702
1.12245
1.32618
1.49320
1.66673
1.81054
3.28405
4.65120
5.69379
5.78626
5.99001
0.98679
1.34705
1.85098
2.31600
2.33523
2.47656
4.25922
4.72041
4.86974
5.10137
5.30484
6.40878
1.21606
1.42064
3.16308
3.34211
3.78601
4.69908
4.95073
5.90764
5.99025
6.49833
7.18989
7.87777
0.15591
0.41402
0.66088
1.07273
1.35112
2.75229
3.04826
3.76267
4.44132
5.53725
5.81268
6.51443
0.37821
1.06883
1.45112
2.63850
3.32546
3.80371
4.16574
5.58967
6.22259
6.44200
7.60647
-1.00000
0.31765
0.84337
1.55276
1.56186
1.84013
2.21096
3.05580
3.45498
3.57932
3.86769
4.06224
5.44773
0.35142
0.72634
1.45578
1.77963
1.92100
2.35704
2.41767
2.44310
2.53454
3.22082
3.83842
4.48592
0.19778
0.25015
0.92917
1.19260
1.28091
1.52151
1.62792
2.11996
2.49793
2.78788
3.56956
3.71052
0.29810
0.33135
0.40350
0.54098
0.55500
1.35983
1.76036
1.76641
2.80331
3.14417
4.28685
4.32898
0.66289
1.09277
1.33444
1.39565
1.96081
2.46944
2.63793
3.14554
3.36919
5.00893
6.29410
6.89203
1.30860
1.93781
2.29054
2.49750
2.62090
3.47947
3.74443
3.81368
4.53870
4.73729
5.56089
5.97239
1.02434
1.56346
1.70792
1.92799
2.20763
2.96201
3.03033
3.62458
4.32393
4.84365
5.05906
5.49462
0.41189
0.50631
1.07662
1.47915
2.47464
3.01355
3.61547
3.95787
4.62698
7.29009
7.32995
8.66832
0.85659
1.17388
1.80720
1.97062
2.37912
2.65748
2.83932
3.09642
3.79047
4.93022
5.74887
6.00049
0.19385
0.46536
1.48271
1.69812
2.44623
2.72054
2.95685
3.08747
3.09994
3.48728
3.93750
4.64166
0.68494
2.01923
2.53236
2.76295
2.89183
2.98553
3.62157
4.01005
4.55726
4.79640
5.20209
5.32345
0.46924
1.02123
1.71803
1.90687
2.00459
2.49313
3.18075
3.94364
4.18477
4.37155
4.79039
4.83460
0.33117
0.97271
1.72476
2.28465
2.44170
2.88376
3.14195
3.95009
4.13203
4.46517
4.72469
5.08576
0.59040
1.07802
1.30656
2.18579
2.67946
2.86555
3.03119
3.09628
3.53170
3.78824
3.81381
3.87924
0.00548
0.37296
0.84438
1.22770
2.02027
2.37575
2.67838
2.90307
3.97919
4.05297
4.86191
5.97361
0.26901
0.72432
1.16011
1.38328
2.49196
2.65946
3.07268
3.71535
4.55924
4.58202
5.39300
5.49031
0.08433
1.24179
1.46752
1.94455
2.20606
2.63838
3.36185
3.81862
4.45095
5.05140
5.96295
6.72630
0.49983
1.59405
2.24024
2.64143
2.92036
3.20662
3.28577
3.97930
4.87692
5.18330
5.49598
5.77307
0.89181
1.95740
2.16486
3.28351
3.33759
4.47634
4.71680
5.21667
5.59508
6.11591
7.26647
-1.00000
0.87428
1.63559
3.40143
4.89716
5.37703
5.79881
6.62662
6.90817
7.69613
8.32459
8.33859
8.74832
