0.33624
0.48128
0.88853
1.20195
1.49190
1.49956
1.96296
2.33983
2.44106
2.49440
2.78426
2.92974
0.61107
0.72687
0.79865
1.24390
1.82337
2.19331
3.14871
4.15471
4.53007
5.00264
5.32344
5.68729
0.18865
0.50053
1.09299
1.46917
1.59908
1.66965
1.81707
2.21167
2.36407
2.55501
2.96454
3.54345
1.12406
1.33651
3.23547
4.40731
4.58783
4.74028
4.84856
5.12159
5.59161
7.00203
7.59119
8.46056
0.16199
0.33422
0.46834
1.00595
2.17680
2.77565
3.07069
3.09341
3.77237
5.97502
6.10646
6.45043
0.00074
0.81728
1.61710
2.05005
2.57611
2.71321
2.88656
3.72568
3.78677
4.24211
4.56158
5.07282
0.21251
0.84380
0.92272
1.11784
2.29696
2.64266
2.72453
3.29270
3.57497
4.13232
4.27923
4.30006
0.07933
0.67275
0.82511
2.27376
2.98488
3.29271
4.17938
4.97175
5.17367
5.51638
5.52662
6.28116
0.15558
0.29687
0.57626
0.86807
1.04515
1.13180
3.12656
3.48651
3.61542
4.29700
4.67559
4.86222
1.04875
1.17150
2.26788
2.84613
3.51675
3.96227
4.20662
4.72266
5.28842
5.64756
5.91553
5.99263
1.59851
2.90780
3.62805
3.82848
3.90968
4.61797
5.56872
6.69620
6.76366
6.82227
7.07787
7.11823
0.82914
1.44426
2.55515
2.84483
3.07718
3.12231
3.76888
3.83714
4.19858
5.09935
5.12124
5.18140
0.81539
1.54332
1.73910
2.33622
2.59392
2.59428
3.45738
3.97213
4.73559
5.46477
5.57255
5.73185
0.19112
0.38411
0.81075
0.99527
3.06286
3.80022
4.14301
4.28066
4.61210
4.99057
5.14510
5.97806
0.39598
0.52647
0.95384
1.07878
1.33849
1.60276
1.68508
2.11934
2.61036
2.88407
3.20428
3.25658
0.74517
1.17364
1.26074
1.84508
2.14912
2.91683
3.00624
3.97917
4.19024
4.68375
5.16107
-1.00000
1.02206
1.44172
1.63416
1.88578
2.19285
2.81663
3.30285
4.11417
4.29694
4.57627
4.79163
5.47045
0.43828
0.66378
1.54857
2.48460
3.19697
3.97580
4.37008
4.37407
4.53980
5.10175
5.43310
5.47209
0.68978
1.20479
1.75247
1.83519
2.45416
2.80960
3.11149
3.15705
3.16057
3.17115
3.68616
4.51808
0.36958
0.86177
1.21980
1.90214
2.20817
2.59182
2.90396
3.25360
4.07110
4.18294
4.57790
5.60268
0.04483
0.48703
1.73473
1.91283
2.20131
2.47605
2.51031
2.58897
2.62665
3.31981
4.15074
4.94837
0.82476
1.65792
2.08912
2.45294
2.87529
3.80082
3.80388
5.88517
6.35563
6.69103
7.34661
8.07037
0.15458
0.43233
0.58616
1.31252
1.52086
2.18726
3.00797
3.08650
3.45095
3.65988
3.89539
4.10365
0.38532
0.42999
0.72613
1.33213
1.56127
2.94967
3.76049
4.52705
4.69932
4.76976
5.50945
5.89604
0.63224
1.20803
2.09034
2.25674
2.37766
3.13181
4.75788
4.98964
5.24670
5.53495
6.05122
6.19984
0.65375
1.18591
1.30406
1.53084
1.83120
2.07139
2.38589
2.78463
2.79455
2.93516
3.28747
3.41219
1.33806
1.81795
1.94669
2.35299
2.58523
3.91501
4.27072
4.52956
5.19795
5.93688
6.21128
6.48427
1.23591
2.07327
2.23558
2.81523
3.07081
3.41164
3.62190
3.79261
3.98096
4.66482
6.66664
6.87426
0.14157
0.60687
0.98570
1.89179
3.15264
3.65112
3.99986
4.79790
4.99783
5.87493
6.18604
6.50015
0.59352
1.33565
1.71570
2.58736
2.92798
3.29540
3.73539
3.80945
4.23748
4.94677
5.44925
5.50610
0.12201
0.59894
1.39931
1.44430
1.54674
1.73992
1.89053
2.68620
2.72527
2.85137
3.21237
3.40911
1.18425
1.60078
1.97334
2.34818
2.58494
3.29906
3.36525
3.67461
4.58772
5.25764
5.46586
6.30030
0.19171
0.32792
1.21133
2.01993
2.32889
2.35617
2.99601
3.21052
3.33442
-1.00000
-1.00000
-1.00000
0.98369
1.03086
2.05199
3.12647
3.64168
3.77767
4.13589
4.29766
4.88521
6.09101
6.28497
7.16086
0.26713
0.34404
0.42019
0.77561
1.21235
1.54056
2.15048
2.36478
2.79500
2.96651
3.15473
3.30148
0.24551
0.48713
0.67391
1.13629
1.74639
2.25642
2.96350
3.42826
3.82257
4.07469
4.20834
4.29087
0.59427
0.94064
1.71549
1.91579
2.35602
2.66076
3.16227
3.54673
3.97146
4.00873
4.01078
4.68463
0.08382
0.57348
1.20617
1.95573
2.58234
3.02958
3.90394
4.39714
4.47481
4.65905
4.77251
5.45907
0.18764
0.56637
1.09110
2.03779
2.21276
2.49205
3.28705
3.55441
4.54510
4.86790
5.10938
6.05753
0.58704
0.72871
1.11127
1.25252
1.54352
1.72675
2.56170
3.35923
3.36696
4.29588
4.76586
5.01850
0.60170
0.64793
0.99117
1.21649
1.60006
1.77148
2.58452
3.18900
3.78206
4.27617
4.49697
4.52914
0.03730
0.30863
0.68050
1.03739
1.47551
2.39428
2.94660
3.35992
3.99046
4.63821
4.78244
6.17133
0.73774
1.11551
1.42951
1.49129
1.98277
2.78175
3.03318
3.94387
4.64163
4.76314
5.67994
6.19525
0.09620
0.77221
1.13283
2.00958
2.11709
2.26900
3.16032
3.24167
3.43823
3.81634
4.13580
4.74228
0.30397
0.82271
1.86071
2.38145
2.40141
2.92371
3.26303
3.57493
4.12748
4.62551
4.88530
5.74683
1.68558
2.81826
3.28617
3.38658
3.75989
4.40343
4.81162
5.58958
6.42576
6.80518
7.36233
7.62158
0.55848
1.07303
1.10742
1.59421
1.71575
2.42793
2.92179
3.54343
3.87113
5.08253
5.10053
6.31822
0.53829
0.67371
0.91343
1.47122
2.12798
2.17140
2.32618
2.51325
3.23993
4.15867
4.61746
4.78532
0.85070
1.32400
1.68179
2.42266
2.66820
2.80169
-1.00000
-1.00000
-1.00000
-1.00000
-1.00000
-1.00000
1.29794
1.52693
1.56792
1.67977
2.37616
2.80248
2.81895
2.91179
4.27667
4.92691
4.96562
5.35631
