13.57446
27.56907
36.41123
50.99303
52.13061
61.26994
80.64567
90.84655
105.30876
122.94467
152.69386
157.22404
171.19277
10.23989
29.84428
65.86208
66.55873
75.07325
84.68025
90.01170
105.06096
124.41635
138.59143
147.84892
154.91678
160.04275
9.98528
15.30076
19.46866
30.26570
31.77415
42.32627
76.88811
82.88842
104.12269
111.75377
128.78865
146.75654
157.50615
8.04471
29.73651
38.40443
57.00974
71.13956
78.31532
81.07432
93.18217
110.50582
124.52763
127.21838
129.40345
132.39352
25.26966
36.01078
56.08825
62.74695
69.95404
74.80196
78.86158
87.24362
91.23598
116.85646
127.53926
133.95868
142.56857
5.53924
22.08268
31.83080
39.99348
44.12444
51.19233
83.72497
86.38947
96.21508
102.50688
109.17092
136.57168
136.91284
13.99257
30.95210
39.91764
44.31502
62.64041
75.66147
100.76530
106.24372
115.97366
118.24293
120.90591
132.88062
140.87518
10.75693
36.50269
42.77429
53.38866
65.64504
74.67313
92.17488
120.82104
131.00084
143.37776
159.45738
164.60325
167.07005
5.07242
24.79891
46.44192
60.35610
66.33293
80.64303
86.69528
117.07708
126.63358
128.73871
134.54973
139.73263
156.74919
10.16707
31.74471
37.35015
41.94554
58.77073
66.80987
84.93361
90.02551
93.51722
95.91221
107.73688
128.45670
133.69156
7.83019
24.90221
31.19954
48.30907
61.65690
72.78268
100.21836
109.03341
130.72235
141.75042
151.93530
173.37528
185.34658
19.62899
30.26914
33.03069
45.67588
49.24606
67.53620
91.35818
97.00162
108.01982
143.36738
146.06171
152.69834
162.55520
1.85285
5.35844
7.59439
13.71910
28.11272
36.94959
43.96373
49.66434
53.68235
68.76465
86.67139
91.02817
99.93249
4.56944
14.50718
18.90494
30.38607
38.06294
53.87405
70.69752
88.23221
92.88699
117.57989
124.71002
128.39493
150.94362
12.99853
21.34039
26.30506
51.07258
60.31845
64.96367
74.12363
86.58114
105.08652
113.98909
119.46052
121.33301
134.15011
21.18512
30.46226
35.31938
46.52831
59.30355
72.21119
83.92181
87.00048
91.33600
92.53267
101.25813
116.12221
138.07335
15.11066
21.75501
40.68934
46.55725
58.98735
74.95976
90.59696
95.23267
111.41112
119.45103
125.84192
151.96115
166.02823
10.36173
15.80625
22.33804
28.31135
33.92754
48.62515
53.97730
63.97419
83.04690
88.79075
113.00199
124.08835
126.31594
9.15675
18.00271
31.71035
36.49511
40.27158
42.09461
70.66388
80.11020
88.03449
96.47672
98.04626
100.48824
113.54555
13.50388
26.69657
40.70669
63.73356
75.22219
75.98437
97.97549
102.89092
106.54352
116.94527
125.82226
130.49367
138.96302
11.35372
34.14498
48.46758
55.62231
64.43866
70.07163
82.57171
94.51202
95.73248
118.18452
122.03435
136.41018
148.72241
21.73294
26.42066
27.42258
35.72848
48.03036
62.49345
69.02177
86.97725
110.03152
119.79510
124.04250
140.07353
148.70980
10.42254
28.32501
38.28692
47.70675
72.16600
83.67477
100.46676
110.63937
111.64170
115.91250
136.05231
137.55604
152.26448
14.13211
20.78119
43.10705
45.80989
50.33428
70.98154
73.43039
103.21541
114.79579
135.39022
157.00727
158.03946
169.65920
3.66445
22.75387
29.34173
44.68205
62.77914
77.58041
96.22611
102.22365
113.03058
128.50080
131.55636
140.11738
143.47655
10.36375
18.75612
30.53131
33.11166
58.61623
75.75257
80.61114
89.49665
92.53068
94.00481
98.08400
99.72622
106.39994
9.08045
12.27707
37.01086
35.39262
41.75632
56.80936
91.44025
115.41550
141.06602
144.21460
166.12865
170.89563
174.93395
21.68724
28.92184
50.34829
66.84774
67.27145
78.34788
80.53542
85.23909
103.32142
120.57613
137.84313
150.02830
171.26139
6.48287
11.81767
20.51210
28.67930
58.76845
61.62154
63.74961
64.59998
73.46754
103.33711
110.97197
130.11291
137.94669
4.26483
11.77607
18.38359
21.51584
39.29285
54.18444
77.45083
103.71450
113.73708
137.91809
154.87650
161.74872
162.10419
9.43597
35.77761
39.47881
45.82567
53.57200
65.84500
79.49934
88.32432
111.16687
113.51155
122.47953
154.68377
159.14278
5.89259
8.81353
10.68946
18.69759
31.95609
55.18306
71.02488
77.53308
83.36282
88.56334
109.23946
119.57460
120.80276
15.32960
34.95798
57.62550
69.17633
84.94777
104.51694
114.87110
120.03904
134.38553
140.24885
180.70210
186.10801
197.47262
15.80632
18.20115
34.78510
41.52234
53.96723
59.19270
59.80546
62.23701
62.77185
81.23804
92.37318
117.36256
127.90033
35.54721
51.60343
89.17159
93.05630
110.05851
115.66251
119.07378
125.84749
143.43491
158.18532
172.21544
179.30242
183.63444
23.35090
43.07785
52.71094
67.63215
83.26750
86.22192
91.87302
111.80075
118.89456
119.11651
124.59138
129.81521
140.40997
9.67761
29.91110
48.02865
53.67826
51.93516
58.80614
70.47920
77.18413
90.30059
96.47034
115.11225
130.15195
142.53264
13.31857
21.77004
33.36646
45.82308
48.22437
70.76985
76.91964
82.43294
104.98180
125.71185
146.97572
161.19220
180.26018
8.07425
29.77858
47.17585
59.44835
69.05949
73.77765
85.52132
93.70946
111.96495
116.36324
125.38214
153.40591
163.99354
7.67629
20.64803
23.06875
38.16216
47.91159
63.28394
80.10564
105.74300
113.11444
121.20393
121.10851
140.49703
143.09953
7.33653
52.59651
78.06279
82.77208
105.43290
107.86183
122.83746
127.52139
138.36519
145.08440
173.32849
194.01281
202.89710
12.00561
18.93769
22.06530
28.03310
47.84910
64.10558
69.23855
76.88209
99.22778
98.90151
98.91572
104.70691
114.02685
14.16079
21.94756
34.73925
43.83746
64.06894
82.00943
97.74511
113.77732
115.15984
121.93660
128.43411
129.95020
138.93410
13.74081
20.64712
38.04179
49.08777
65.62618
80.39936
80.55560
96.46415
98.93935
106.42277
120.68472
126.56234
126.68514
9.54027
24.04375
33.93192
40.37277
49.38816
62.18242
76.84096
95.88753
97.57630
126.36401
142.14037
145.97353
167.49620
7.56618
25.56825
43.33999
51.29051
64.24169
63.76797
70.89670
78.58622
85.19578
87.53837
101.78949
110.38237
114.45751
19.06905
42.51252
41.50849
50.52287
58.00370
70.48183
72.76417
120.78225
139.17733
136.05723
138.01800
136.49662
165.08086
5.31065
33.36963
52.86325
55.02123
94.68806
98.43860
101.92918
116.19769
135.45100
153.43357
156.26463
159.27325
165.98288
13.69923
38.19469
48.41884
66.39743
79.03145
89.71662
110.39561
114.41263
122.38590
127.73402
148.85382
161.78188
169.37629
8.77985
23.09563
30.44764
57.77644
68.37914
75.17793
84.94979
102.01409
106.80353
124.64726
129.67375
146.36899
158.20632
