4.41801
5.82987
14.06812
21.70491
30.79363
35.06991
38.58285
45.23198
45.38977
52.03109
66.61705
72.06312
88.14946
86.55473
87.67351
91.97014
101.32811
107.21577
108.58816
114.46777
115.40167
125.66213
3.23875
9.50025
17.44550
23.19107
26.40739
26.26875
46.01017
47.01413
46.91153
59.12540
60.31750
60.60827
85.24995
87.64274
89.17041
93.62341
94.08273
93.28170
102.17156
107.11311
105.15637
108.55132
1.77560
3.00082
8.73393
13.49360
20.27162
25.80868
35.32751
39.80740
40.56850
41.38656
65.27934
84.68848
91.07029
98.25126
106.88511
118.04450
122.26316
122.00407
127.08042
145.28728
168.26119
174.04185
7.35261
10.76088
14.66636
15.38659
17.88375
24.16152
45.70794
47.85766
52.80865
60.25784
60.40500
63.20863
64.02186
68.03128
72.56192
78.04413
78.59480
86.88827
90.56009
98.48468
110.89530
116.17624
7.14777
16.14331
28.82571
45.76337
53.66829
54.20335
80.92195
81.40971
96.29360
99.54589
103.82095
105.15436
120.53999
122.30008
127.20061
132.95951
133.56851
136.05284
137.63200
139.87062
144.80914
154.11807
29.09707
38.61030
61.76034
68.32926
68.78386
69.51328
99.63779
99.99649
104.34615
114.37229
114.99336
133.17866
138.12699
140.28529
145.91334
152.41569
153.13556
170.50518
170.66959
175.13622
177.69179
179.96609
6.98800
28.61549
34.02813
43.11269
44.83845
45.24045
54.44115
57.07763
58.80201
61.53535
69.59656
69.99755
82.42918
87.68881
93.99717
102.45120
115.32493
115.34275
116.11547
117.22081
143.27107
152.44026
7.26391
15.84451
18.37607
19.19966
21.83658
30.96412
31.62293
34.03711
42.36633
50.73117
48.20598
57.34193
59.11810
60.70293
64.66133
69.29459
76.89491
79.17869
88.66941
90.22890
94.08102
95.90788
5.80509
8.41843
14.22825
18.23418
20.88812
23.17773
29.73251
36.16053
46.20439
59.37291
61.57908
67.77826
78.00312
79.05354
92.46151
96.56928
99.68189
98.69958
103.71503
104.46600
104.66501
106.27296
9.40237
9.45274
23.83031
35.45761
37.19615
41.58194
42.68383
54.92852
65.40212
66.83750
66.06685
74.20247
78.03171
80.83801
87.62071
91.20848
91.50526
95.55679
108.72207
114.23109
122.68090
123.42689
7.65563
19.01863
26.89262
41.78625
59.71005
73.05314
79.17003
84.35104
88.07902
96.06128
96.66274
104.20512
108.34541
116.37563
118.79402
127.04566
129.59727
138.30449
144.11434
145.65050
146.47898
147.58302
8.25246
26.89234
31.16362
48.83312
53.39954
58.80071
72.51414
77.44570
82.04269
86.54506
85.67573
85.26530
88.78215
88.88483
105.19678
107.27071
111.07894
112.54333
128.30544
128.94543
134.62674
137.12585
21.53537
32.91726
35.35435
39.18536
49.09377
50.14352
55.41726
53.94611
58.50666
71.32063
81.67513
89.23724
92.21498
93.62103
92.39933
104.30881
106.14180
107.50391
109.32229
111.63667
119.38405
138.59828
0.96561
4.39747
6.09398
12.60779
17.96528
24.99633
32.92830
-1.00000
-1.00000
-1.00000
-1.00000
-1.00000
-1.00000
-1.00000
-1.00000
-1.00000
-1.00000
-1.00000
-1.00000
-1.00000
-1.00000
-1.00000
3.07907
10.17399
15.40869
22.21192
22.98921
31.92699
35.16301
37.16571
41.55803
42.81599
-1.00000
-1.00000
-1.00000
-1.00000
-1.00000
-1.00000
-1.00000
-1.00000
-1.00000
-1.00000
-1.00000
-1.00000
4.17828
9.23074
9.79740
11.70331
23.87008
27.60898
40.78177
39.29816
41.49754
51.68087
73.30135
78.98751
81.06043
83.40299
84.61386
107.69573
109.62268
110.15772
111.62923
113.29130
119.34181
124.59169
7.50685
19.72640
22.81226
27.93117
33.02064
39.49081
59.10998
60.24884
63.61229
70.89781
71.89852
94.47765
98.88875
105.58842
114.84357
115.73973
119.24909
123.04212
124.10474
130.30069
130.34764
131.57254
6.63103
26.52961
29.72730
37.04639
48.84623
54.49464
59.13025
60.28231
70.49034
78.80814
81.67180
84.68466
88.81273
89.62445
97.55542
98.13387
104.03539
121.12764
124.36116
127.02861
128.48763
132.62307
4.66619
6.93250
8.34902
10.79019
11.08441
11.64933
18.62690
21.81914
25.54731
28.36085
35.63801
47.43455
48.31896
53.16556
60.38974
70.98101
76.35436
87.44957
91.40608
99.37584
100.78809
102.83666
1.22311
4.01982
7.92583
10.24052
12.26977
19.79924
27.01430
31.31565
38.54890
64.64388
77.30981
77.16154
81.04132
98.95252
108.44358
122.38346
124.74271
133.26873
133.85726
135.43180
138.33189
138.62682
7.93092
14.94340
27.04203
38.09050
38.20924
52.85909
60.08471
77.10482
87.85631
89.36724
94.80463
103.39102
107.67008
108.60399
110.20171
111.24749
111.87988
112.07865
114.10055
115.20197
115.20026
118.34943
5.18908
9.31214
22.05493
26.50971
32.58510
32.70494
35.07705
39.68475
39.80931
36.47585
45.32908
45.52924
48.16051
50.93621
56.82413
65.18370
65.69172
68.02630
73.36474
78.43864
78.43864
84.61550
3.91798
37.55344
42.33241
45.83794
46.69512
53.31707
69.37892
71.14431
73.17630
80.64485
83.86372
89.93966
93.80362
107.23071
112.95796
112.33578
122.04602
123.82811
123.83609
126.99017
136.16371
142.07260
7.43897
16.01044
16.52656
20.07879
27.50217
40.59530
47.51994
48.59341
54.12361
70.91701
91.50689
99.43881
119.22532
120.26251
123.95397
125.09685
127.71907
137.85810
142.09243
146.07210
154.34977
159.44530
11.96018
16.87067
32.03117
36.69271
34.72377
35.37415
37.51191
61.63736
67.23875
76.61268
78.21338
81.59876
81.81201
88.52569
88.53930
99.87054
105.62242
106.45876
107.16230
114.90211
136.80601
138.70315
5.10190
8.10351
8.51975
31.49013
36.99406
39.50610
42.08236
59.64262
62.53321
64.10299
77.15694
79.26233
81.09947
83.59124
84.26214
84.72851
84.27355
87.25997
99.00034
99.79753
105.83056
123.01548
8.49988
9.85138
31.82769
35.35076
34.92332
38.69391
40.85386
50.73836
52.80685
56.50243
72.49437
73.39600
101.05268
103.53825
107.80235
122.04218
125.04125
129.42342
140.08082
142.27171
138.35093
148.45937
6.27401
13.97094
17.89438
21.67111
42.10642
47.34917
49.15321
59.57602
67.05180
81.59881
95.16276
106.51932
113.47702
121.22840
123.80573
-1.00000
-1.00000
-1.00000
-1.00000
-1.00000
-1.00000
-1.00000
2.17711
14.96408
18.07353
20.87707
21.81994
30.29149
32.39258
33.55787
39.92389
53.89665
58.79161
64.56914
64.63619
71.24449
78.56601
81.72343
90.56200
96.55087
96.68530
97.78917
100.60142
103.68339
9.36516
13.69226
24.20220
31.28126
35.95569
37.21050
42.78704
43.87820
45.00191
48.62638
49.20777
59.31004
78.15798
99.32919
102.34050
109.82441
125.31019
126.81635
131.34917
132.21244
144.32081
154.36056
18.08782
22.25857
28.09103
28.63402
40.57791
45.84949
52.54802
58.28353
68.06707
76.19859
76.70238
78.79584
92.34154
97.65984
105.55379
105.94028
109.00560
110.79821
118.65516
119.99031
121.83850
122.23282
1.51472
4.66812
10.54984
14.74295
15.43150
18.49649
27.96617
29.56069
33.27193
38.87430
46.18545
54.10931
60.99664
73.90740
76.66355
78.89053
78.83748
94.92533
111.74083
112.37544
115.59551
116.76300
14.39723
20.28955
27.78518
39.00733
43.23312
72.81643
78.93674
85.27596
87.42090
92.98060
-1.00000
-1.00000
-1.00000
-1.00000
-1.00000
-1.00000
-1.00000
-1.00000
-1.00000
-1.00000
-1.00000
-1.00000
3.86688
5.28027
7.63284
10.39411
20.00489
29.31899
29.49963
56.83455
60.60835
69.02603
78.15399
79.31996
98.13828
102.33935
118.64887
118.64900
129.33977
132.20084
138.41296
144.35492
163.70024
164.04251
11.10429
12.47807
12.89235
20.71554
26.63379
27.41729
31.59064
35.16873
47.78721
49.08590
53.06999
-1.00000
-1.00000
-1.00000
-1.00000
-1.00000
-1.00000
-1.00000
-1.00000
-1.00000
-1.00000
-1.00000
2.04791
13.93772
14.08253
21.61286
43.00801
43.79532
50.74376
48.82636
66.94793
71.61882
73.31970
79.83488
87.92293
93.81592
94.76577
99.40834
100.60110
100.82760
102.31538
102.93470
109.80432
113.68335
3.31058
19.79959
25.73650
36.44717
42.78302
44.77244
44.00098
44.88123
46.25658
51.49059
58.35596
61.69056
71.34995
71.47709
78.21447
80.32597
90.32731
97.92355
102.36789
106.50575
108.07494
109.16807
7.65330
11.96007
14.67230
18.92123
35.16254
44.35470
55.90298
59.47744
61.72368
68.97063
76.07787
82.16401
104.69791
121.76136
122.64005
125.29825
135.52752
143.05245
143.52154
159.74837
168.64568
169.82567
4.05702
13.00204
21.44046
22.63087
31.39815
37.72260
62.64729
65.60757
74.99657
75.19073
75.97710
94.87433
102.23650
101.93581
104.54170
110.63897
116.12841
118.81486
120.82724
124.22357
127.50696
129.18544
10.61937
11.87221
20.63580
30.56040
35.30976
36.15512
40.06228
43.56771
56.49693
73.13977
72.08689
76.16514
87.44251
94.02329
101.96654
106.15058
118.20727
118.48709
118.48708
120.64309
130.91454
148.65691
12.11690
14.80687
21.85737
26.24792
30.07865
40.46664
63.96377
64.52261
70.10154
71.80457
76.38388
76.70663
79.95944
80.91006
83.01112
94.66941
95.23241
105.28197
118.00025
117.63293
128.65473
134.16124
10.04775
17.56129
23.69021
31.05586
34.34681
36.75672
38.33137
43.38347
50.34894
53.42013
63.50322
66.01913
67.05209
71.31332
82.17840
91.57050
113.04328
128.38943
137.90214
147.53477
158.64942
160.36807
10.93371
17.00764
22.26125
30.91053
34.58680
76.77786
81.59220
88.95455
89.60038
93.34434
94.38568
98.20529
101.31445
107.96592
109.87623
110.71382
113.79901
117.46610
122.83349
135.08959
144.16980
144.19583
3.74120
11.07780
24.29480
25.84676
26.52095
30.66334
39.28018
41.39804
41.22435
42.80239
44.47448
65.05653
66.20683
69.60520
77.92186
83.21509
91.97056
92.81300
92.47628
93.65210
103.58889
105.18977
11.19959
13.71941
16.90172
24.19416
25.43132
32.83738
36.36054
52.62498
56.29925
61.99984
79.44811
79.42479
100.61798
103.76983
113.33295
139.43555
146.54775
153.01477
165.42336
165.43134
162.85001
168.09658
7.49523
28.06069
29.43306
34.81341
38.04541
42.68139
46.26104
47.37492
49.38343
54.32212
62.12827
73.40955
75.90333
80.37352
89.79443
100.47501
102.71653
103.54902
104.37586
107.24316
107.28388
104.35476
19.52067
20.14696
23.61428
24.73400
25.33402
34.24573
35.12448
44.37492
45.68194
59.60568
63.46723
67.87681
73.60281
75.80478
79.59871
78.22497
84.07575
93.49077
93.75322
91.76541
97.97150
112.16994
1.93307
5.70205
6.15956
19.20558
26.33807
39.31235
39.44124
47.92242
58.06351
66.43881
69.72719
-1.00000
-1.00000
-1.00000
-1.00000
-1.00000
-1.00000
-1.00000
-1.00000
-1.00000
-1.00000
-1.00000
5.88794
14.54229
18.38326
24.21571
28.51381
30.82291
37.25207
40.13087
40.68910
44.54487
53.19436
53.41614
56.79795
62.51091
64.06652
64.97348
68.22986
79.04851
81.44660
86.86682
88.16178
90.19145
9.17469
19.19296
43.59725
49.23212
72.17502
73.08387
79.42224
82.23097
-1.00000
-1.00000
-1.00000
-1.00000
-1.00000
-1.00000
-1.00000
-1.00000
-1.00000
-1.00000
-1.00000
-1.00000
-1.00000
-1.00000
