7.26265
12.05057
21.16253
22.95361
30.07375
36.00168
38.01421
38.22303
38.51267
3.44971
16.13178
19.69569
19.86648
23.26230
25.52833
31.91682
32.09145
32.18837
2.29997
9.31602
12.58385
19.74933
22.08678
23.56290
33.04104
33.14975
33.23081
3.77599
4.23962
13.96635
17.48880
18.91613
35.94502
44.98792
45.30313
45.43241
1.98592
4.80960
15.44185
21.11524
22.67727
34.66672
48.14037
48.25667
48.60447
3.63245
15.95622
-1.00000
-1.00000
-1.00000
-1.00000
-1.00000
-1.00000
-1.00000
8.30476
12.49244
16.89343
18.50874
22.14837
24.70426
28.60607
28.63947
28.64835
3.69389
7.65139
14.94149
22.53661
30.09588
32.23918
42.38210
42.49004
42.57302
0.97681
7.41829
12.17680
17.12354
22.93240
28.05705
29.49180
29.75874
29.91170
8.08611
19.59505
29.31402
34.24386
39.87778
38.53479
43.88882
43.41478
43.70162
5.06096
19.91157
21.92215
24.76923
25.39559
29.41728
30.36384
30.41924
30.47230
3.56464
6.09481
7.93363
9.89768
18.15064
25.43620
32.49429
32.74765
32.92927
3.82486
9.60252
13.30967
14.09736
21.66268
28.59096
33.78035
33.82415
34.05634
5.06974
16.38073
21.38681
22.80221
24.65494
40.15606
47.26601
47.41287
47.61885
5.53224
6.47690
18.98261
28.54938
33.81850
46.94354
53.55507
53.66221
52.38455
6.38056
8.70864
12.00729
14.19131
20.73820
23.32954
28.86574
28.99770
29.15644
2.96190
6.39702
14.62889
18.87271
20.46091
25.17615
29.92204
30.42551
30.60163
4.14351
4.94796
7.94771
13.00156
22.52174
33.97631
38.65082
36.81890
37.13989
3.93204
15.76933
21.08592
25.70414
33.00157
34.75234
37.75854
37.97401
36.01791
8.50277
13.66733
18.30065
22.29021
27.21065
35.57409
47.52246
48.22931
48.34420
2.32075
6.06610
12.06766
16.52211
37.71246
55.47457
53.66185
53.77691
53.92655
6.37642
12.14221
17.95188
29.93442
37.27028
43.29827
47.65237
45.81440
45.94307
4.64844
8.73573
15.00990
22.16911
23.75189
36.74177
34.96198
35.03953
35.24417
4.01189
4.59579
17.42146
21.88893
25.33142
29.05706
36.61862
36.78623
37.06655
4.23296
8.14031
13.87419
15.11754
15.85328
25.37208
32.53712
32.75558
33.02062
7.09962
12.23759
16.35605
17.79973
20.92275
25.23623
31.83236
32.15229
32.60706
3.78643
7.55597
16.26338
22.87803
26.58681
38.48358
42.52144
42.53842
40.71802
4.34452
10.48269
16.49500
16.91719
24.45881
27.84605
33.15888
33.26925
33.48080
5.27370
8.63556
11.33746
14.86460
21.92049
28.49459
34.27189
34.73255
34.79161
6.39512
18.39224
21.27716
26.69173
30.25840
36.45212
41.93401
40.44142
40.54727
4.95383
14.80350
18.73787
22.73649
28.97855
30.76801
33.78100
33.93946
34.36049
2.75262
5.06753
13.33168
16.67690
21.96710
21.18974
34.01524
34.22340
34.61345
5.69764
11.06852
14.72067
16.06688
19.53837
22.30305
25.88727
25.62956
25.76264
5.37723
12.25628
19.29462
21.47130
24.88498
27.90378
29.03673
29.50370
29.66277
12.97073
17.24253
20.69114
27.14552
41.15140
48.02740
53.31379
53.40991
53.43763
4.00888
5.78425
14.53067
22.74874
25.82524
30.00137
35.97655
36.19633
36.32870
7.50874
10.06180
17.18189
18.72976
20.89543
29.79834
36.57111
36.79003
36.87417
2.72621
6.68053
11.34401
12.87807
14.15131
21.03473
28.64568
28.94475
29.09105
2.64369
7.42651
9.53894
21.81516
24.76950
32.60470
42.26516
42.46018
42.69645
3.30411
3.95922
10.98363
14.79831
18.11871
17.03768
33.31011
33.47676
33.59767
1.07328
9.60962
15.50580
22.87045
28.79167
38.72518
42.17836
42.73238
42.95722
1.95218
3.66243
6.52876
11.09443
20.10319
24.17881
31.45213
31.62220
31.79917
10.40084
16.85815
21.05873
31.79933
51.07311
52.50737
54.33061
54.47935
54.70996
1.89450
6.57907
14.70731
15.10202
17.03605
22.45500
27.04225
27.26860
27.81266
4.29542
7.54304
13.58345
19.48464
18.17701
23.92247
24.96747
25.10744
25.26241
8.75692
18.57473
19.72903
25.61608
30.27314
42.33574
45.87875
45.98196
46.14769
3.81243
5.86232
9.28223
12.78893
15.43244
20.48362
28.87258
29.04691
29.34392
1.84927
5.88642
8.81059
17.56319
28.96832
33.73819
36.60213
36.93952
36.99817
6.26976
14.05845
15.22881
24.97341
26.81457
30.04548
36.45471
36.65894
32.79166
6.08691
8.35248
9.55975
17.96341
24.61430
33.70824
34.50516
30.55713
30.57814
