3.33772
7.58114
10.21491
15.76626
19.55153
24.25907
27.47429
30.30097
32.55270
37.58180
43.01549
45.62137
50.08054
53.82655
55.22036
61.32974
63.55898
69.20521
72.81489
76.07553
76.37572
78.86513
83.55140
88.74503
93.52611
97.21338
4.70734
7.96699
13.14534
16.97189
19.63078
20.36531
24.61217
27.70437
34.04453
35.51666
36.19465
37.70846
40.93228
44.23468
50.45754
60.93019
68.23626
73.47428
81.18684
84.00022
89.31540
93.54398
96.11954
101.68993
105.12747
105.92218
2.65531
3.92803
10.36362
13.70902
20.40795
25.90845
30.23105
32.65553
41.84923
44.02459
47.62189
52.06509
52.33104
62.76582
65.38111
67.35493
72.28389
76.76915
79.58022
86.42339
87.87441
92.05152
101.31362
106.48979
111.35467
113.58170
4.25488
5.79725
8.27823
9.29046
12.13494
15.59710
23.22992
24.30005
28.31194
31.55155
36.46336
38.77059
39.44034
43.31896
47.80581
49.81275
53.06584
56.49693
59.20803
60.23124
65.96372
70.67145
75.58134
80.33569
86.04028
88.03360
3.40976
4.82927
7.80007
12.03766
15.05284
18.77744
26.71200
29.87909
35.84239
39.98208
42.02243
45.95387
48.09344
51.95170
54.33634
56.93802
61.30201
67.49605
69.54428
70.67154
72.60462
77.78534
80.80620
83.13987
84.98087
88.73484
6.06443
10.55202
13.32572
16.62597
20.23954
26.81261
30.12889
32.55839
39.23404
44.55682
49.01795
56.58020
58.74190
64.20321
70.15455
73.45056
77.99854
80.54969
83.15482
88.49471
93.02007
98.43118
101.92518
104.10808
107.28663
108.90693
5.49865
9.97630
13.26575
16.67178
20.78959
23.07832
28.62377
30.63884
35.15352
43.05709
47.64764
49.94533
54.60387
58.05043
64.06547
70.71368
72.40885
74.58643
77.26187
80.70279
85.95382
90.18830
98.08720
100.43232
104.14048
105.24251
2.26381
5.59966
11.01928
17.64764
23.54100
30.14675
36.75125
43.79505
46.29298
49.11880
53.41972
58.75586
60.23656
65.44812
73.00132
77.96023
80.55796
82.84694
88.03512
90.18591
92.99510
97.97258
100.63990
103.07618
105.37928
107.17956
3.59021
6.75702
12.46418
14.27513
22.55451
25.61378
29.39928
33.83946
39.40289
43.07827
49.19546
53.56500
57.67146
60.48215
62.68281
65.89212
67.11133
68.87687
73.73326
76.69760
80.13709
80.68993
83.75000
91.31192
94.56120
100.03708
4.23009
6.56405
11.36235
14.35765
16.85023
22.93570
28.15236
31.62750
35.52128
39.70504
40.66843
44.67419
45.85098
49.24406
51.65079
55.48034
59.46200
63.13067
67.34288
71.32280
72.88905
74.38365
79.22861
82.34562
87.01813
88.18999
3.56283
13.43602
15.06024
19.08614
21.36472
25.08916
26.40685
31.05441
32.76915
38.04383
43.37461
46.58874
49.19490
58.66962
62.06242
65.89158
71.96724
74.82146
76.13641
77.62610
80.00618
82.34236
86.50803
91.20547
93.82748
95.72217
1.58616
5.04174
14.01835
16.36607
21.05648
24.16347
27.97283
32.33354
35.08345
45.59687
51.12079
55.96545
58.12484
62.30218
65.87686
68.70025
73.30828
75.08099
78.56488
84.02330
85.81108
91.21560
93.73034
94.46435
98.98357
102.45451
3.74236
10.73027
14.42515
18.82961
20.81746
23.00875
27.89429
30.65726
33.10555
36.42278
38.39723
42.97453
45.26985
47.34477
50.58682
54.50872
56.59135
60.71066
62.27175
64.20447
67.56734
72.32815
74.46126
79.89069
82.24859
88.22707
7.25175
13.95648
15.43481
20.29329
25.62432
29.07397
34.49142
42.68341
44.50722
51.30660
55.42768
58.25819
63.71139
67.72402
73.85620
75.13207
77.28434
79.72506
82.07786
88.38399
90.21113
92.52965
92.93723
95.66048
101.40313
105.53588
1.75726
6.64689
8.50026
13.32752
14.81658
17.99389
22.45133
29.22567
31.94414
38.20663
42.76437
46.02456
48.69026
53.39727
56.38881
56.70802
58.17147
62.83523
69.37807
69.48463
71.94050
73.06248
78.55539
81.11459
82.54728
88.94834
3.88809
8.74378
9.63894
13.28967
15.58784
16.80826
22.05062
26.76706
29.01447
35.96920
40.63252
47.17705
49.83710
53.11470
55.15680
57.56372
65.59306
66.20390
71.07321
74.76096
78.58544
80.58615
83.53273
88.09292
93.17691
94.54581
1.47345
5.24199
11.54005
15.07505
19.31930
21.64626
24.22964
25.95875
26.35317
32.56182
38.93129
44.33336
45.74927
48.10178
53.94671
55.79646
57.64203
64.64948
67.90597
71.77596
74.42944
80.31632
87.08667
91.56201
95.65274
102.85730
2.31900
6.22105
7.61289
10.22856
12.48964
16.12350
21.31494
26.33717
31.00848
36.69490
43.35795
47.63450
49.43223
55.27397
62.76705
65.45055
68.17301
72.89984
74.78382
77.56563
78.69009
81.33035
82.08327
83.90424
85.20584
88.29663
3.02834
7.32919
9.73208
13.81849
18.14492
20.72183
25.07413
29.40708
37.77443
40.60555
42.62795
47.73034
50.48320
55.67617
60.80411
65.20924
69.06751
74.10467
77.42805
79.14408
84.37377
85.08535
90.22538
94.23739
98.05228
101.42866
8.45106
11.84379
15.29405
20.37829
23.77420
27.62851
31.90924
36.65407
42.35724
42.74677
46.46253
54.03684
54.26058
61.04573
66.27603
68.34633
71.11142
73.38469
75.80008
82.27606
88.13662
92.46733
94.73030
100.16555
101.74310
104.00093
4.11733
8.83859
12.49730
16.82727
21.07522
25.44293
26.59849
28.94610
30.94814
36.49992
41.13573
47.09987
49.07907
53.81715
58.49078
63.44808
68.30468
69.76271
75.28538
77.21145
80.11676
81.66688
88.55186
89.01961
89.77169
91.70194
5.34537
6.95453
11.85733
13.59164
19.71236
23.86130
27.85812
31.77144
38.40831
42.05136
45.88380
49.83419
52.50126
57.71129
62.71428
69.23874
70.23745
73.44766
77.27874
78.50586
81.47177
83.71632
84.63203
88.91022
92.81400
98.59493
2.11626
6.62147
8.90259
9.82298
19.28285
22.71211
27.72760
32.95730
36.24792
40.12785
41.87895
43.09630
47.74259
52.69360
56.59483
61.62423
67.60784
71.27835
75.14947
78.39182
80.77940
83.24199
85.65455
86.17376
89.24442
93.14932
6.51629
11.38592
12.78180
18.52894
23.04405
27.00444
29.60678
34.53733
36.41095
39.55006
42.78263
45.38402
53.33939
55.56914
58.40398
59.61194
62.04650
66.63687
71.20257
73.40880
76.78043
78.27582
80.96815
83.33750
87.68737
91.98524
3.51990
5.54436
7.46988
10.01031
13.09610
17.42935
21.65599
24.80843
26.60267
30.10409
31.20850
34.20452
39.37284
42.18389
44.36089
51.90282
55.33342
58.25669
61.93914
62.90622
65.86544
68.57526
78.78517
80.03365
82.57245
82.24694
2.21979
3.81114
9.94528
12.90786
19.21185
24.39459
31.96007
37.54525
48.09282
54.68967
60.81827
63.49236
70.11912
74.29894
79.61059
82.37444
86.14960
90.30532
92.43370
94.90793
99.51085
101.06623
101.70389
108.07282
108.73145
111.15395
4.76239
5.84298
9.15839
11.38123
21.92671
27.08597
31.56930
35.97551
41.30784
45.91367
55.88620
56.22791
58.84146
68.13573
73.75274
74.31049
85.73251
88.83517
91.15543
94.96493
101.29949
102.27895
105.10701
108.16353
110.62932
113.69896
5.54814
8.36453
9.95647
14.33874
17.67063
21.32570
23.87642
25.37550
32.53624
34.60052
39.13033
45.38786
52.39250
58.30708
62.29520
69.00495
72.23675
76.04830
78.61770
82.18628
86.15453
89.91365
92.33577
95.38166
99.38023
104.51522
4.95904
8.89708
15.38864
17.99940
19.26221
20.78364
24.96081
27.55565
30.37110
33.62194
37.58673
43.92707
46.16587
49.10987
56.82161
61.58975
65.95079
70.36574
72.95618
76.48376
80.33554
83.15888
86.83588
88.69970
90.34937
94.36913
3.00346
5.77486
7.52936
9.28195
13.02394
13.41307
17.68657
26.49651
27.69701
29.68363
36.17514
39.45998
40.07535
43.04220
47.12176
49.20207
55.62427
59.76097
65.95923
67.78461
72.66505
74.24171
75.20123
77.54539
82.23318
86.68232
7.53866
12.38430
16.36075
24.83541
28.84226
32.67999
34.06377
36.61174
39.85214
43.98821
50.43018
54.28883
56.36442
57.18936
59.55534
62.48204
69.07880
73.61121
75.64039
82.60118
83.66081
84.45805
85.06952
86.62264
91.64260
94.31387
2.35626
6.87050
10.22930
13.43499
17.47273
20.48424
28.89875
33.43402
39.18856
48.65954
51.45312
56.23680
57.43178
61.13311
64.69068
68.28345
72.44669
78.79540
82.32764
86.64279
91.21544
96.39357
100.45162
104.73991
108.06925
109.78994
2.34855
7.13761
12.10208
17.26371
20.81587
26.22021
30.56114
33.33002
40.11560
42.14361
43.58483
47.72490
51.53922
57.35942
64.73171
69.02625
73.43208
76.32120
78.17548
80.88429
84.52096
86.48893
91.28400
96.95553
98.58791
106.26193
7.05245
8.24978
10.67160
15.89493
18.19805
22.04629
24.36762
29.54817
32.47086
37.76800
40.17340
43.52517
48.54541
53.29552
57.87355
59.18643
63.14053
65.86363
70.78725
72.14378
74.16226
77.56343
83.28574
87.26974
88.99120
89.42429
1.93465
9.86485
16.09312
20.18379
23.79601
25.88345
28.73003
36.26142
41.63875
45.38749
51.07265
57.00062
59.66716
62.37712
66.85472
71.14625
75.62060
81.28315
85.08447
88.46113
92.86700
94.75723
100.22275
102.55835
103.87557
110.10985
6.36758
16.91165
21.13950
24.59390
29.32839
33.83639
40.67293
46.19860
47.26454
51.59188
57.82077
59.13262
61.91176
64.53323
67.83045
71.22128
78.25898
79.72833
81.37033
88.51273
93.96254
98.97504
101.89575
104.41449
106.76531
109.08921
5.54568
10.67588
11.91819
15.09006
20.10137
21.74219
26.67271
31.79225
37.84114
41.46045
47.47581
52.79052
57.67578
61.65173
65.25807
70.37334
72.18735
77.16744
79.40548
84.67055
85.10228
89.26487
94.06364
100.86201
109.30982
116.67606
8.16505
9.08140
14.32992
15.72703
19.53266
24.65331
27.90840
29.86529
35.95938
39.19027
42.86885
45.79704
49.81606
58.15288
60.61295
68.22650
71.36129
76.04374
85.56794
86.04619
92.16664
95.74839
98.63683
102.87017
103.69797
103.71573
3.60814
8.04554
9.90008
12.14971
19.54007
22.77772
25.93237
28.44544
29.82379
32.16538
37.74713
42.54679
46.24834
49.07868
52.78067
54.95836
58.28694
61.17655
68.20637
69.50695
77.18257
82.24535
87.24985
92.77305
94.39346
99.52544
5.81147
10.20559
12.71789
19.61341
22.58134
29.03254
30.35776
32.79409
35.21376
41.20071
42.55074
48.40025
51.48816
54.39126
62.72783
67.63224
71.03308
71.15252
73.83364
80.33950
83.44648
84.43648
88.05982
91.73264
93.77456
96.48282
2.96712
4.57106
13.33488
19.04905
24.12009
26.29533
27.65227
33.02730
35.38826
37.28887
38.77478
41.96806
43.62700
45.95111
48.80579
56.47186
58.58421
60.88742
68.17540
74.40548
79.73239
85.16560
89.62002
92.50568
98.67837
101.29288
3.56005
9.95987
12.93742
16.28476
19.22803
25.39994
27.23125
34.92219
37.89953
40.59691
41.86811
43.81270
47.06580
50.29479
57.27150
61.11561
67.03366
72.02817
76.26587
80.63889
85.81171
88.04543
91.68224
92.51269
96.31386
102.02247
4.23778
6.96126
11.59166
14.78718
20.28743
25.65894
28.47362
31.12932
31.14733
37.46740
40.46471
47.61508
49.61445
54.88190
57.79260
61.40899
67.05340
69.80193
73.45776
77.87824
83.30749
86.48926
88.32452
89.89973
93.09337
94.52607
4.52349
8.61119
12.48042
18.29819
21.39580
28.62740
33.50223
38.69266
42.38679
43.16001
45.26818
47.90607
53.12848
55.49111
59.63318
61.76151
67.48537
73.34130
73.93639
75.98529
84.91647
85.88196
89.55943
91.88943
95.95948
99.39098
7.15690
10.92176
13.46705
17.68241
20.40795
25.04726
25.54727
28.42198
30.84484
35.70739
36.33490
38.44360
39.86990
43.20428
49.28561
53.64804
54.89912
58.89010
64.57643
65.86491
71.45935
76.53322
83.13795
92.78496
97.99787
100.71329
3.20930
7.15289
11.39216
13.44627
15.63723
18.63638
18.96978
22.98639
24.27796
33.82944
34.75764
43.24401
49.01955
55.60786
62.49487
63.07133
66.34982
74.47938
77.59272
80.98092
82.09760
84.02798
87.82547
93.22252
96.06504
96.21533
5.69897
9.06811
11.20444
16.81903
21.30742
27.22999
31.37603
37.76115
40.30470
43.37857
45.49374
49.54949
56.19287
58.69131
62.15295
68.30540
71.72991
72.51972
76.53195
79.38325
83.64545
87.07421
87.45420
93.23971
95.69342
107.95729
1.21956
4.88712
9.18584
12.08470
16.72088
24.40056
33.70235
37.36163
40.45886
48.13479
54.95018
58.15155
62.61350
69.99725
74.25391
78.80423
82.07407
85.61921
90.95777
94.78893
99.35644
100.61321
104.75458
108.76724
111.96870
112.69680
4.18066
8.62957
10.87674
18.42612
21.94535
24.43546
30.11601
30.44191
35.79485
38.15116
43.23096
42.93410
47.89792
50.48469
52.39724
56.36883
60.09539
63.64652
66.26542
69.69313
75.11481
81.14725
85.56360
87.64114
88.53241
90.62070
2.25586
4.91925
8.44881
9.68235
13.68080
17.78122
25.14579
29.25455
35.70220
39.28663
43.85677
45.88085
49.74002
52.83165
57.69905
66.40077
79.70437
82.73363
85.40205
90.28261
96.70948
102.97466
104.68905
111.21812
115.20722
116.18976
