0.43479
3.49058
3.87581
3.90300
3.95919
4.09592
4.12331
4.54351
4.56017
4.56018
5.21545
6.70492
7.02191
8.81161
8.81787
9.27031
9.27791
1.29482
1.87008
2.07375
2.83745
3.14678
3.36735
3.90993
5.15941
7.36129
8.10221
8.27220
9.02364
9.15463
9.28101
9.46953
10.70403
10.73932
0.02172
1.97048
2.11634
3.12385
4.04050
4.20224
4.52120
5.01393
6.36498
7.03615
7.06496
7.14306
8.20559
8.89710
9.11224
9.89010
10.07779
0.01855
3.34098
3.82682
8.68369
11.14639
11.93987
13.37813
16.50498
16.70774
19.95081
21.59864
22.42432
23.16441
26.04007
26.87056
30.06352
31.12749
0.01543
0.49819
0.52701
0.89926
0.90522
1.54482
3.12863
4.35858
4.58248
5.91367
6.37187
7.61939
8.79189
9.01638
10.71954
-1.00000
-1.00000
1.59375
2.65309
3.62515
5.41052
6.18856
6.45066
6.63303
8.40073
10.25049
10.38444
10.41064
10.91521
11.56172
11.97937
13.09848
13.94024
14.83605
0.94008
1.10144
1.95831
2.28008
2.45045
4.32744
6.13605
6.58079
7.94645
7.95739
9.89316
9.92003
10.31942
-1.00000
-1.00000
-1.00000
-1.00000
0.99034
1.53719
2.26318
4.18364
4.31504
4.96223
5.15818
5.78320
6.42174
7.00354
7.02087
9.04014
9.10680
9.30393
9.63683
10.79096
11.01608
0.09444
1.51627
2.12474
2.72676
2.98394
4.02762
4.09757
4.32558
4.93009
5.27038
6.35543
6.61711
7.61651
8.29717
9.37278
11.00469
11.71882
0.00579
7.16774
7.36349
7.75259
7.94751
8.59271
8.63491
8.93190
10.65851
12.18675
14.36406
14.73759
15.08300
15.11640
15.23697
15.54847
15.63830
0.87009
1.58396
2.61558
2.87942
3.06460
3.48510
4.02392
4.06166
7.16653
8.04836
8.14529
8.63939
8.72588
8.87186
9.56159
10.24071
11.20921
0.41604
2.12201
2.97020
5.64646
6.52652
7.19309
7.33729
-1.00000
-1.00000
-1.00000
-1.00000
-1.00000
-1.00000
-1.00000
-1.00000
-1.00000
-1.00000
0.00090
2.35654
2.80590
4.63746
4.84810
4.89810
7.86808
8.17992
8.30176
8.58889
9.03905
9.11420
9.12847
-1.00000
-1.00000
-1.00000
-1.00000
0.47650
0.65552
3.01080
3.87037
4.01659
4.36583
4.37570
5.02964
6.89510
10.18443
11.08866
12.99479
13.55332
15.43222
16.79044
18.32331
18.67746
4.01035
4.17391
4.26008
4.50003
4.50003
5.76855
6.49987
6.77926
7.29695
7.67875
7.75149
7.75380
8.99826
10.00853
10.72634
12.18028
12.21979
0.05978
0.50485
0.79798
1.06471
4.79895
7.09732
7.75187
8.82979
9.00817
10.09535
10.66264
10.82677
12.68126
13.05011
15.68979
16.55198
16.79313
0.21689
2.18855
2.34654
4.74045
4.78119
5.05849
5.49506
7.16107
9.87760
10.20283
11.43744
11.61999
12.26973
12.55727
12.77906
14.29299
14.38392
0.46603
1.03784
3.10412
4.12565
4.13947
4.16674
6.94757
7.02633
7.07331
8.45400
9.65900
9.78123
10.16468
11.05514
11.56770
12.36385
13.63255
1.12978
1.16039
1.44480
3.26021
4.81398
5.65860
8.39209
9.19623
10.61000
10.79274
11.26558
12.47732
13.11315
13.24053
13.24068
14.42508
14.77014
2.38479
2.38945
2.68658
2.68733
2.74122
2.80042
4.29451
4.31974
4.94179
4.95455
5.23878
5.24037
5.44250
7.40190
7.48389
9.13077
9.79065
0.40048
1.90737
2.74715
2.79519
4.89032
6.73364
6.92430
8.58748
9.56509
10.87719
11.12310
11.55798
12.90612
13.09645
14.28905
14.35019
18.02127
1.11399
1.13352
2.57707
3.16286
3.19364
3.31734
3.74704
5.92937
6.85914
6.86706
6.89414
7.18758
7.45386
8.27281
8.39855
9.41239
10.46725
1.76630
2.61645
3.13102
3.37669
3.78246
3.86495
3.95048
4.45344
4.96955
5.01067
7.29802
7.54922
8.88301
8.96565
10.02138
13.99127
15.21126
0.45354
0.94611
2.08338
3.74459
3.79372
4.51831
5.13532
6.26230
9.57746
9.69494
9.69993
11.38490
11.89751
12.08186
13.01279
-1.00000
-1.00000
0.01913
3.09410
3.69928
3.80187
5.65501
6.06042
6.27669
6.35455
7.27379
7.61648
9.39870
11.17750
11.18588
11.62975
12.14339
14.41030
15.21421
1.78229
2.66297
2.97974
3.17315
3.89810
5.25123
6.35777
8.17128
8.30229
8.86756
9.31456
11.17598
11.38569
12.49869
12.51241
13.55226
14.56899
0.58725
1.77588
2.15834
2.15980
2.25223
2.25709
2.71316
3.46514
4.10653
4.79945
4.81324
5.39034
8.09518
9.50688
9.68520
9.68590
9.89219
1.80279
4.43729
4.66055
5.87755
-1.00000
-1.00000
-1.00000
-1.00000
-1.00000
-1.00000
-1.00000
-1.00000
-1.00000
-1.00000
-1.00000
-1.00000
-1.00000
0.07206
0.88141
1.43722
1.82246
2.12620
2.32122
4.17926
4.42614
4.90677
5.15757
5.16238
5.80211
6.02473
6.99078
7.12875
8.16317
8.82209
0.31819
1.14490
1.21205
2.04828
2.36030
5.28159
6.34373
6.54935
6.95699
7.54304
8.28064
8.28243
8.83115
9.55002
9.59794
11.42212
11.72875
0.10507
0.82101
1.36376
1.36976
1.42624
1.47849
1.52402
2.27283
3.25675
3.33823
3.51324
5.93297
6.19772
6.20850
7.50258
12.41363
12.58578
1.34177
2.13912
3.46221
4.51807
4.88305
6.23953
7.72758
7.91301
8.13281
9.04085
12.05954
12.97174
13.17840
-1.00000
-1.00000
-1.00000
-1.00000
1.13241
1.14644
2.11650
3.60154
5.20015
5.79141
6.40256
6.42930
7.32816
7.78234
7.99515
8.87299
11.80793
12.25513
12.57034
12.93584
13.31810
1.01767
1.38438
2.63909
2.69994
3.43389
4.12470
11.06890
12.31802
14.00821
14.85942
14.85943
14.91317
15.93026
16.63722
17.02351
18.69103
19.44458
1.63492
1.91344
2.92884
3.29896
4.38539
4.80014
5.27275
6.35917
8.27233
8.27241
10.70323
11.30981
11.99847
12.09147
12.10233
13.11085
13.27751
0.18897
0.71373
0.71901
2.54544
3.08315
3.53788
4.39922
4.83044
4.86772
5.02385
6.75773
-1.00000
-1.00000
-1.00000
-1.00000
-1.00000
-1.00000
0.04716
0.40629
0.47131
1.06715
1.06777
1.91990
2.36982
2.43430
6.41757
6.58713
6.59543
7.17095
7.51480
7.71539
8.81905
9.46157
10.29383
0.63484
0.68087
0.68092
1.11127
4.33945
4.81605
5.08326
6.50469
7.29266
8.24161
8.28112
8.28240
8.65826
9.03214
-1.00000
-1.00000
-1.00000
3.07142
4.32517
5.94603
7.64055
7.83125
7.92327
10.90656
10.93143
13.92224
-1.00000
-1.00000
-1.00000
-1.00000
-1.00000
-1.00000
-1.00000
-1.00000
0.55527
1.80075
2.21057
4.12076
4.89179
5.03067
5.48826
7.33619
8.10587
8.38135
8.51692
8.70414
8.98823
8.98888
10.43968
11.71538
14.68808
1.25404
2.65252
3.17971
3.23393
4.32806
5.82069
8.16200
8.29187
12.57637
13.39087
13.57182
15.19819
16.20488
17.23461
17.94435
19.69901
19.69915
2.26046
2.74772
3.05064
4.18309
4.32091
6.75181
7.26136
7.51209
8.09445
10.64832
10.64834
13.87003
15.13397
15.17575
16.09214
16.39223
16.71010
1.32149
1.72879
2.00239
2.39816
3.09022
3.65549
3.87763
4.10600
4.78074
5.06175
5.36292
5.57594
6.29401
6.29481
6.34256
13.79795
14.29912
0.31281
3.74183
3.77235
4.14757
4.89115
5.00260
5.88411
5.93091
6.01052
6.20596
6.90878
7.54408
8.77020
8.77409
9.42942
11.37885
-1.00000
0.80140
1.24903
2.72313
2.93622
2.93836
3.14776
3.75266
4.83306
4.83856
6.32798
6.75686
7.10859
8.00487
10.19977
10.72942
10.79727
12.21168
0.79415
3.94194
4.10934
5.05203
5.51530
6.65896
6.88182
6.89335
6.92809
7.20426
7.94236
8.08002
8.10653
8.82746
-1.00000
-1.00000
-1.00000
2.71907
2.84639
3.52516
4.58066
6.02730
6.80470
6.99233
7.45379
7.85376
10.34409
10.35188
10.40169
11.78512
12.17488
12.18735
12.19969
12.39994
0.12301
0.86615
3.16147
3.18034
3.24560
4.36958
4.36971
4.60445
6.41806
6.64571
6.67663
7.53953
8.96773
11.81997
12.24533
12.26513
12.32938
0.00079
1.91738
2.24066
2.89315
4.04392
4.70309
5.21893
6.48505
6.98784
6.98854
7.54517
7.54532
8.10263
8.48614
12.53496
12.55749
12.55771
2.89848
5.80733
6.35239
7.21848
8.50438
8.51179
9.51712
10.91870
-1.00000
-1.00000
-1.00000
-1.00000
-1.00000
-1.00000
-1.00000
-1.00000
-1.00000
