0.73043
2.90665
4.98431
6.38838
9.75355
11.66658
12.69124
13.44571
15.51165
16.46399
1.82110
5.26440
6.46154
6.56369
7.08111
8.53714
11.60792
12.21967
15.35808
18.37021
2.51667
4.47237
5.56846
5.62866
6.00383
11.60906
12.56074
13.35684
13.90255
15.02041
2.17553
2.31063
2.43282
3.09624
4.68986
7.02786
8.64142
8.94013
9.08281
10.07868
3.18562
3.60908
3.99977
4.61655
4.85227
8.76267
9.24731
9.85026
11.27767
12.33340
1.21576
2.21769
5.18256
6.58795
7.16195
11.12108
12.25095
14.57631
17.02493
18.56359
0.26315
0.54425
3.57782
3.83826
4.70293
5.36874
5.57493
8.25681
9.44187
11.02212
1.46669
2.42291
3.78101
3.90761
4.33627
7.10833
8.96324
11.18397
11.99950
16.75968
0.87665
2.43908
2.54391
3.35510
5.94130
6.59040
7.04063
9.60928
10.08720
11.81917
0.87665
1.61073
2.99151
3.04549
4.18356
8.66345
9.09227
9.91442
10.63366
11.65514
0.21287
2.48785
3.50897
4.15693
4.73903
4.79365
4.90463
7.32767
-1.00000
-1.00000
2.40587
5.16225
5.34367
5.46155
6.30650
7.29157
8.65277
8.87190
10.13251
12.68620
0.32908
1.44603
2.84411
5.30360
5.44705
6.17677
6.52748
7.08280
7.57973
9.62835
2.70917
4.60270
4.60276
4.96264
5.32121
5.69704
6.78583
6.95160
10.13665
12.03403
0.38032
0.48804
0.70653
2.45259
2.60519
5.70671
6.74335
7.75725
7.81504
8.72745
1.37232
1.81279
2.47458
3.96815
5.64076
6.13882
7.12944
7.70323
8.40709
9.62248
0.66971
0.73112
0.92208
1.32883
2.54310
3.39253
4.04729
5.24893
5.89562
8.48164
0.30195
2.47393
2.62502
4.60100
6.29643
7.40062
7.83932
9.28684
11.03397
15.41416
1.40377
2.37463
4.62717
4.99435
9.13986
11.51250
11.57120
13.72095
16.16011
16.67551
0.94032
0.94610
1.38880
3.03441
4.41935
5.70742
7.46789
7.60924
9.24621
9.48578
0.13305
0.86228
4.31357
5.23832
6.71867
8.22224
8.80096
9.62790
10.86222
11.76523
1.17241
2.69688
3.53416
4.67509
5.62964
6.48111
6.82355
7.76681
12.57914
13.70411
3.18545
3.70146
5.90463
6.14118
6.30031
7.33621
11.84901
12.72232
12.79047
18.43456
1.21223
4.73849
7.01589
7.58058
7.60222
8.23433
8.78050
9.34038
9.39582
10.07191
1.56638
2.88084
3.41120
4.92894
10.01857
10.30814
11.44893
13.34165
14.52493
16.95213
0.86305
2.16617
2.54843
3.03626
4.91195
6.72341
6.83841
8.88684
11.32715
11.38197
0.12613
1.26095
2.12229
3.16918
3.58775
3.88997
7.85689
8.91364
10.24990
13.69678
0.78595
0.89792
3.43534
4.00806
4.79084
5.21406
5.44737
7.15012
8.63067
8.95743
2.44947
2.94720
3.10532
3.22849
7.69281
-1.00000
-1.00000
-1.00000
-1.00000
-1.00000
0.73592
3.54787
4.42224
6.45499
7.95170
8.25300
10.59750
12.36175
13.46759
14.49038
0.73825
1.02170
2.42876
4.27126
5.97060
5.98554
6.10174
6.47898
10.81338
11.23764
0.29378
1.21888
2.51376
2.72974
3.72001
5.10274
5.12963
5.44502
6.06607
6.06758
2.12471
2.53011
2.54156
2.55090
3.24193
3.80056
4.01583
4.92400
6.32185
7.81568
1.85024
1.88091
1.97958
3.13283
5.61659
6.88385
7.71220
12.66699
13.08519
14.42208
1.35378
2.98416
3.19348
4.92361
5.73949
6.34139
7.39319
8.97982
9.13742
9.81883
2.19046
3.95403
5.06529
5.38142
6.86861
9.65022
11.25949
12.66415
12.76733
13.49878
2.62996
5.50139
6.70378
8.57329
9.57921
11.53796
12.78915
14.53906
14.54736
17.94568
1.18609
1.42510
2.51439
3.41295
5.04674
6.25745
7.78762
7.94716
8.20496
9.46250
0.47513
0.60367
3.21231
5.68029
6.13143
7.76196
9.89861
10.21289
13.89105
14.44979
1.00302
1.87156
3.30243
4.20525
4.24661
5.05725
6.55284
6.58093
7.36856
7.38980
1.12614
1.98424
2.87860
4.37559
4.60971
7.11237
7.75373
8.37246
8.41477
10.75850
1.04597
2.82630
3.31748
5.42569
6.06061
6.55602
9.07851
9.47713
9.63294
9.74456
0.61121
0.97180
2.36601
4.25639
5.16653
6.55421
6.92140
7.20330
7.51779
8.99873
0.96782
3.52304
4.02775
5.13064
5.58863
7.85385
8.62663
8.67264
9.43225
11.96923
0.11195
0.89472
5.02727
7.02640
8.15644
8.17910
8.18661
8.75990
12.42183
13.16374
3.63768
4.96610
5.39450
5.96819
7.25540
7.62706
8.16300
10.06757
11.83338
12.10138
0.43606
4.08616
5.24257
7.41059
7.54848
8.80689
9.27641
9.82407
12.94908
12.99796
1.80235
2.55319
4.31682
7.57264
11.12931
11.52750
11.67609
11.67638
11.84365
12.56552
0.37521
3.02337
3.07778
3.37545
3.80367
4.08121
6.29143
12.59860
12.66832
-1.00000
2.09523
2.69376
3.27673
3.67488
3.81517
5.29020
5.52153
5.77874
6.36854
8.05677
