16.76671
30.26499
36.51640
78.51858
107.67450
108.40289
119.02556
124.06513
139.41614
144.91843
1.32100
15.73881
19.76107
25.78746
38.41120
43.11053
74.01154
89.52950
95.21411
115.75991
1.60822
21.83986
63.72276
90.08436
92.02649
101.87140
119.80531
132.26420
141.26683
161.99794
20.66243
22.97139
54.07546
55.65924
58.90665
69.20047
79.27563
83.02779
83.73794
84.30923
8.34867
20.53070
-1.00000
-1.00000
-1.00000
-1.00000
-1.00000
-1.00000
-1.00000
-1.00000
14.30245
29.05916
31.19082
54.10990
61.44770
73.24918
87.12011
91.77492
110.81410
114.67115
3.69592
34.04685
40.85652
61.23787
67.14620
78.29289
82.38346
93.32208
100.18059
105.83318
12.18466
16.99937
23.02827
37.39047
40.40398
49.77878
57.77248
71.42920
85.12064
102.64765
16.29565
27.16817
65.64067
67.40943
67.71361
73.57647
91.62154
96.01349
115.47472
117.25973
4.86980
10.94615
14.64337
24.89384
25.79747
36.28263
45.30095
51.48729
59.15925
71.97020
11.49315
28.28663
35.56878
60.15224
77.69722
80.83536
88.68596
112.56355
125.04977
149.98631
5.94386
12.80231
14.68716
29.55869
47.50941
52.33363
60.13021
77.83795
80.88806
86.65497
7.96834
29.11864
48.32669
64.27634
72.17005
79.36517
85.57485
89.52440
90.95425
121.15976
10.83776
27.47820
42.81184
46.27056
49.71012
58.47190
60.01350
63.49294
83.62197
108.46430
13.37091
14.19857
16.02119
33.98833
42.15858
47.98994
48.11640
54.79845
66.40561
68.94660
4.32660
46.97948
49.52191
52.03222
63.07915
65.49069
72.96597
82.32016
86.48600
108.18468
5.04220
22.75296
37.00675
40.15911
47.47352
51.10872
53.81703
55.72551
63.57886
96.29435
15.06073
45.91580
61.57083
66.87972
78.64457
83.54693
88.50547
100.70274
113.70067
123.65475
16.67111
30.38262
32.46636
51.83755
104.07427
113.02655
116.41514
139.52369
145.06778
159.49230
10.70176
25.91501
48.21137
54.60045
70.11546
79.98778
85.33161
94.30428
112.96778
124.80264
4.22286
19.95625
31.45558
41.87846
51.25122
55.26445
82.66119
104.30128
113.44107
114.53316
5.10364
23.54699
31.43589
48.22685
71.22825
87.33240
103.40996
104.36152
112.58097
125.25891
18.28755
61.49012
76.26748
83.33834
116.25193
119.53658
122.80798
124.66913
130.61061
132.99045
17.69203
23.97568
31.87381
38.73799
37.24944
49.95881
57.55619
60.95241
79.61983
84.49745
16.22617
33.43303
49.30694
93.87729
100.78123
105.22747
114.64146
121.50990
-1.00000
-1.00000
14.49420
55.71540
56.24594
59.74562
88.69255
117.05268
118.65161
128.56820
162.28084
181.96059
38.88749
48.75199
65.34521
87.09067
104.75321
118.44087
121.88801
124.54619
130.67599
135.28204
22.82815
54.40512
63.13672
86.13305
88.29062
93.95744
99.75221
110.30450
116.25737
121.64565
20.54401
34.21386
55.87985
68.04656
89.54282
91.88894
93.31766
96.34989
103.34022
136.26468
11.30189
13.19828
30.72668
32.02301
39.80714
52.86331
53.27982
66.82691
73.80616
92.34814
18.62146
38.37370
46.34996
55.27730
58.73967
76.45798
90.41977
95.98366
101.03737
101.91100
4.87660
26.30246
37.39019
53.33971
56.21095
83.67421
89.20350
111.56796
135.19988
153.44946
10.60773
13.45665
17.33330
28.74738
56.84354
61.72403
63.57655
80.98940
93.72149
105.70830
21.13988
29.46323
31.45617
46.56981
49.42788
70.94324
83.79332
83.79803
98.54242
102.65951
9.84507
35.11581
46.47758
61.56303
83.29289
90.91825
90.85943
95.14579
111.12326
129.70876
1.49956
6.19265
27.93597
36.42100
40.57469
47.20987
61.58092
66.17872
75.54361
85.30043
17.04883
17.12737
32.29851
38.43266
40.22688
43.89043
116.21101
122.53040
129.69853
140.96117
0.75253
9.18146
15.61772
31.22742
64.02428
74.23868
86.60963
98.75259
98.49541
113.74745
7.13773
32.99214
34.36859
56.98265
60.26420
63.83431
73.56149
76.13097
120.13523
126.59522
68.87654
79.79399
115.28142
127.15072
127.65608
135.47588
136.90555
156.96645
164.80483
163.99444
1.71262
39.73810
51.12258
58.48145
64.05659
82.94727
85.75382
109.51003
117.79102
141.85314
11.65540
17.77569
25.14234
27.36067
79.45175
87.18592
91.36661
91.36853
100.81763
112.78142
3.55415
3.69588
9.02362
17.17401
29.70322
38.88071
39.61122
41.66137
52.16645
52.59204
8.98344
33.80363
43.06975
68.78637
75.16098
111.10948
117.58190
139.97844
151.39056
163.93562
51.47899
72.63213
78.28099
87.00608
-1.00000
-1.00000
-1.00000
-1.00000
-1.00000
-1.00000
4.95731
20.88176
45.81609
59.34159
65.20022
80.18746
80.60939
89.15401
122.39277
145.72146
1.04933
20.69971
35.11393
63.83540
84.68071
85.93656
88.38131
113.25609
113.51587
123.90783
19.25668
27.40539
38.42994
45.95002
59.61269
62.40104
75.77644
104.63976
104.97350
103.71820
3.24465
30.15072
31.70202
39.73689
52.95081
89.91917
92.48661
101.11474
110.98059
117.98242
20.17089
25.95979
35.98385
51.85428
51.00240
67.73594
78.17712
88.87982
91.47144
97.17116
