3.11112
5.45789
7.29423
8.32481
25.32198
28.95228
31.32424
35.38030
42.30313
47.89973
59.98636
64.46872
82.63170
87.52675
91.18510
96.44997
108.04330
1.74224
12.40959
16.11891
17.67669
18.45183
38.65157
46.46417
48.58178
57.02183
65.08123
70.03129
83.16497
92.51907
96.32781
114.79417
117.17635
124.47032
7.62834
22.31904
51.93340
59.27654
60.33255
69.93412
75.68284
81.87818
91.09169
101.12980
108.14057
113.51775
115.44086
122.95786
128.65498
144.16579
159.60319
9.36724
13.15755
16.43949
24.74213
27.75157
39.86437
50.77796
55.48544
69.40993
72.17508
97.75258
98.35798
109.71631
118.88830
119.62546
129.76780
130.53023
5.20757
12.22348
16.39980
30.93599
33.73403
38.35901
39.62170
40.99838
48.07330
50.08257
66.58025
69.60039
71.83495
78.84582
86.07161
97.21194
98.19000
2.25296
7.23798
15.20692
27.94517
30.65152
34.83770
37.35689
40.04243
44.60244
47.98156
51.75519
51.58194
58.22856
69.44962
69.61977
73.70043
76.84119
15.17651
19.71768
22.92344
40.70270
45.59708
54.41701
76.64509
78.58388
82.20997
-1.00000
-1.00000
-1.00000
-1.00000
-1.00000
-1.00000
-1.00000
-1.00000
6.08628
21.20260
31.31459
36.67536
39.44485
47.08088
47.98928
51.89390
64.41880
81.23466
84.91119
89.17106
100.79359
104.99791
110.77438
112.46525
114.48386
5.34533
17.15859
26.93093
33.06121
35.89124
42.00864
45.29374
55.70638
71.45621
76.70399
79.36668
79.59577
81.81507
82.82576
96.28722
99.91763
101.92866
3.96322
9.84562
18.34337
20.41110
23.75773
37.59424
43.16202
53.10660
66.64835
72.94424
70.28441
71.39511
74.60583
76.28595
80.87343
82.60999
84.61887
6.14221
11.46542
21.93832
29.73038
41.24875
41.97218
43.66162
48.89570
59.70822
63.28867
64.76289
67.84955
68.57028
73.99036
82.98155
87.35971
92.17909
24.01292
24.48037
29.97348
32.29322
36.24666
52.79489
70.62756
82.63351
87.67134
86.72691
88.90048
90.86318
98.98389
103.79561
103.54006
112.37885
116.65910
11.53214
20.81516
45.81629
46.87079
52.36172
57.53371
62.34133
63.71471
68.08913
68.86081
70.68251
72.99966
78.76033
82.90085
95.11480
103.56421
103.37250
6.88641
12.17580
16.17979
24.42184
32.87993
38.69870
54.04806
75.45794
77.34225
83.00643
83.51573
89.55169
98.62244
110.09887
115.40882
118.88593
123.04133
1.60236
5.76749
8.93789
26.60259
27.93684
39.68456
41.98394
52.36184
53.09611
69.36528
71.41011
73.33724
83.21742
90.93793
93.08917
101.93045
106.54963
6.60775
15.35089
17.79183
21.77097
24.59344
39.87563
46.17875
52.23828
57.29972
63.80412
80.77051
81.26523
83.11472
83.85501
87.12938
93.26563
95.52955
2.05455
5.29878
9.15658
24.29361
25.37298
30.70132
46.73156
47.13528
49.86557
56.71141
60.47286
77.68406
77.84546
82.15392
85.28908
88.39630
92.10766
4.39222
8.75259
13.60567
20.04694
28.54944
31.49093
38.34202
53.83324
55.40767
58.16009
72.37864
74.60596
77.17567
81.31169
87.63625
87.88755
93.06327
2.28027
17.45324
23.84149
27.45639
36.65618
44.93673
46.23297
49.19668
52.24011
56.13928
55.59534
67.52803
67.93019
71.56821
86.90268
89.21326
104.63349
10.86148
18.92832
26.25290
33.94304
38.99131
39.45485
41.61402
42.88815
50.84790
52.92461
52.56604
57.66935
70.04502
73.55224
90.85003
102.75174
111.92395
5.93676
17.70127
18.36959
33.24357
51.75424
76.62369
87.51191
93.15535
97.42941
102.78191
104.17843
110.04133
117.38803
133.36325
135.64416
137.07798
159.79326
3.98551
6.39800
18.35922
25.28149
27.85058
31.78164
43.64848
50.48494
55.93333
72.70898
75.47044
85.50305
89.46707
90.32028
90.72826
94.76874
95.44864
0.89305
6.21129
27.19977
40.47337
42.97682
59.65130
63.79639
66.12743
69.22642
69.37651
71.74145
78.54056
82.16897
85.55289
88.90185
88.21081
89.79300
1.86122
10.31853
16.40858
20.50073
30.83798
34.48309
38.85934
49.48884
55.75930
57.13786
73.57819
78.68922
89.44062
101.36059
101.58958
104.19576
110.26773
4.19703
12.98592
15.62998
21.58061
28.61095
30.08416
39.36911
56.74282
63.63737
71.30848
80.37716
82.70742
87.95571
88.13065
91.28598
110.95437
113.89609
10.73838
24.82212
30.26432
57.14120
67.34920
73.22539
76.02310
-1.00000
-1.00000
-1.00000
-1.00000
-1.00000
-1.00000
-1.00000
-1.00000
-1.00000
-1.00000
5.09487
7.54484
13.67791
19.88545
21.24515
28.24681
30.71174
40.84720
47.54158
64.74424
74.74607
88.64096
93.46763
102.38892
109.59327
113.21844
115.53360
8.56528
12.34110
15.04846
15.42697
19.97301
27.76270
35.87294
33.83871
49.30702
49.45255
55.55434
70.85289
81.31572
85.12496
96.84355
103.29337
106.24429
3.16731
4.41908
6.72902
8.47798
16.99961
26.05534
39.04401
44.40437
44.97588
48.64136
49.73453
53.38298
-1.00000
-1.00000
-1.00000
-1.00000
-1.00000
2.22497
7.91703
8.44382
14.55545
25.77610
28.22404
32.56351
32.57803
34.32490
38.79114
45.90714
53.76173
72.51957
75.84796
77.40317
78.03274
80.01636
7.51839
16.34698
27.13561
36.00791
39.52553
56.78679
60.80452
62.72004
72.00529
81.41781
89.25533
89.73602
92.58293
95.77553
104.44809
108.90229
113.12907
2.38561
13.74645
20.81675
23.16808
25.47370
30.67480
42.74230
50.68651
63.82076
64.94742
64.69102
78.43538
80.22052
82.52535
90.96155
103.34174
111.20791
8.85583
23.59918
30.80981
35.94226
54.49513
65.07348
66.82420
75.12668
84.19199
87.96544
94.78156
96.31879
99.42002
104.70051
108.90773
116.43364
121.03241
16.77623
25.71044
28.42776
50.97016
63.93332
68.49164
73.84117
76.20752
76.68180
94.89368
98.16020
105.34524
110.33907
114.70800
126.64345
137.71106
141.54914
5.11006
7.99168
11.72052
13.83996
22.89511
60.69530
61.44640
64.95412
67.03274
89.76461
100.81905
126.09321
128.05914
132.22233
133.81532
141.31869
142.85818
8.86533
20.99107
26.12488
28.35169
48.86241
51.02675
74.57196
78.05408
78.56724
95.72016
99.61289
105.15639
116.53695
120.30839
129.55812
133.86086
137.84956
6.18854
7.27807
29.42891
30.10064
46.69046
66.53475
76.44960
92.68970
93.07957
97.45709
100.69006
109.37246
109.47916
111.47060
133.28089
134.71409
140.70869
9.12867
22.26233
43.42994
54.82427
58.73630
70.55892
87.68771
92.38657
96.20196
104.85337
110.53673
112.68720
105.85360
112.25462
118.27867
119.59714
122.07584
0.73368
18.71534
24.14660
25.91324
32.70592
49.77684
58.34962
65.70052
68.53516
73.76870
81.77635
110.51383
129.76656
134.58881
139.34398
153.22447
161.22221
17.09404
31.71365
34.36382
47.92915
51.33660
58.66518
67.72489
78.05131
82.53680
94.01514
97.96551
103.81241
105.94811
115.92372
118.19738
122.94378
132.96577
13.05970
15.58495
25.07805
32.06963
36.63583
38.95304
42.77204
51.61992
51.84932
57.08380
66.24843
80.16503
86.46666
86.48433
89.22174
92.20736
95.15311
1.29029
5.22445
9.85765
11.57987
19.11717
26.32401
28.95333
38.59775
40.61184
47.09753
58.10466
63.80836
71.75666
81.52298
84.64990
88.58321
99.80824
5.29194
6.64817
13.91596
19.53300
32.84972
34.73887
42.06344
47.36581
68.68796
75.53386
77.87136
79.92802
87.10840
87.09693
108.14935
110.43787
113.22633
3.05112
10.89488
13.61234
24.82051
29.92676
37.97017
42.30164
47.56590
62.95229
63.37962
64.22420
66.70706
77.66609
82.02165
86.01769
88.78078
89.99660
3.79805
18.12911
24.14291
26.23796
36.60211
44.71176
49.60281
54.85432
63.69038
70.34448
76.86603
80.06241
83.54543
86.55635
94.43323
103.20938
108.07041
2.43447
10.45100
14.42241
15.61574
18.13629
31.63894
54.28360
66.64790
70.25681
83.51481
89.59718
88.79650
89.46790
92.33452
93.72497
96.00333
97.74974
20.52925
22.17657
23.93771
25.64035
33.00744
34.32199
45.90878
48.77765
55.26538
55.53061
61.45607
68.59467
78.68596
83.78956
101.13198
105.27944
112.71961
12.01022
16.67142
25.69858
32.82985
36.29077
50.26440
53.72856
54.97252
69.01561
71.79932
-1.00000
-1.00000
-1.00000
-1.00000
-1.00000
-1.00000
-1.00000
4.76691
18.10481
22.64940
33.32828
48.87946
53.94861
57.72405
59.46554
63.92012
70.10331
77.74176
79.70611
93.60280
95.78597
103.50004
115.38201
120.05958
1.60132
3.46443
15.01584
16.08922
22.55735
45.56079
56.76687
56.88716
67.14209
71.71297
77.06402
84.13385
88.87491
89.25468
91.99629
100.16836
102.65744
