2.21389
10.43982
14.21382
19.94770
20.92119
42.07067
-1.00000
-1.00000
-1.00000
-1.00000
-1.00000
3.70120
4.21341
13.64621
23.63773
47.42556
60.99343
80.74648
80.96515
81.19560
81.29529
81.43788
9.79482
12.96968
16.82532
22.31398
35.15680
41.43159
42.13257
42.17580
42.17877
42.24860
42.55652
4.92838
16.15761
26.09737
38.15850
51.59733
50.81528
55.45724
55.59674
55.64448
55.65958
55.69675
12.90757
16.43313
22.06271
35.11647
42.93678
46.44985
57.82510
57.35278
57.76988
57.81628
58.27909
0.84730
16.03702
42.21959
46.77301
47.53327
46.59006
60.85325
61.02260
61.16257
61.21310
61.46413
0.78602
16.21447
17.68732
20.32927
30.80671
33.97852
37.27832
33.36531
34.31083
34.90110
35.39318
5.17719
8.74893
23.13994
23.49594
28.20386
34.66128
36.40595
36.88746
37.51053
37.98691
38.01850
23.67294
35.36788
36.28507
44.40925
53.17403
59.91167
71.36277
71.91203
72.23087
72.30901
72.39345
3.54186
4.95568
5.84614
6.79137
26.69694
50.46097
52.44338
52.57350
52.70965
52.72840
52.73618
5.21031
14.18737
17.95488
18.71157
27.13692
24.24037
25.22384
25.36455
25.37937
25.42619
25.74798
12.10454
20.84234
18.29599
23.61140
29.12000
29.65674
32.47641
32.58870
32.66226
32.68375
32.76796
2.73859
5.83136
9.51957
15.04291
20.00933
30.16732
31.54781
31.65560
31.67343
29.45165
29.59202
8.99819
10.59464
16.67601
17.18037
20.91145
29.92373
32.01507
32.41592
32.42616
32.75466
32.83335
7.79358
13.96420
28.46025
37.31929
57.37449
60.48110
63.08397
63.19107
63.46912
63.82689
64.30189
4.93676
8.45411
9.20541
18.90530
19.02185
25.52451
39.14910
40.09368
40.63159
41.07242
38.82958
0.10496
2.45181
8.40141
33.37629
42.85886
42.67115
45.53233
45.76288
46.40432
46.74297
46.90079
10.76909
27.25510
36.67287
40.16304
48.40953
52.35751
69.42572
69.44504
69.45922
69.47140
69.57638
14.68939
32.66669
37.80760
50.30824
51.71101
53.47355
55.36331
55.62323
55.98871
56.02800
56.10274
0.12058
11.70093
21.47787
27.60950
28.25137
45.35650
50.52018
50.58617
50.38099
50.60752
51.03705
2.85300
6.07281
11.76268
29.19387
36.32502
39.91258
71.19892
71.61346
71.64102
71.89892
71.89908
3.98864
16.41656
16.74163
18.83537
20.11806
29.77768
38.91658
38.94990
39.01504
39.07023
39.39448
26.01808
38.66903
56.21221
64.80293
64.30443
71.74192
79.63007
79.90232
80.03943
80.19537
80.72929
0.75837
4.31054
28.72889
32.13628
32.78043
32.74672
36.54819
37.02758
37.51614
37.51825
37.97058
1.48678
4.49699
18.75933
37.95013
38.32148
51.84454
72.31094
72.31841
72.71923
72.25859
72.45556
3.35409
3.91440
25.04053
29.80669
37.85137
58.39816
71.66201
69.52753
69.84883
70.18737
70.32966
4.42006
16.00483
28.56529
32.25476
38.55475
44.72873
47.97039
48.11795
-1.00000
-1.00000
-1.00000
1.25686
21.86450
42.22346
45.98485
50.23281
73.61117
88.78991
89.30105
89.83029
89.01247
89.01807
2.10725
4.37015
10.58161
21.68419
26.19575
53.27190
54.50389
55.08590
53.77556
54.23949
54.28113
2.72649
2.85741
4.67407
21.78003
27.54237
34.62022
38.79088
39.19345
39.78943
39.79401
39.96323
1.74120
2.73607
20.82187
22.23058
37.99164
46.47609
51.69191
52.02517
52.82828
53.11781
53.31551
17.84903
23.20135
42.87684
46.65798
51.76155
57.16753
60.82585
60.94631
61.25645
61.33496
61.92838
18.10471
23.07874
25.06404
27.36654
33.19923
33.69366
44.62487
44.82950
45.21260
45.40909
45.71566
2.94390
9.45830
11.18883
17.49752
30.56954
31.66960
36.21266
36.30059
36.79119
36.84368
37.07567
4.57451
12.16860
12.81385
22.15051
33.99614
35.64457
49.30336
49.56844
49.66078
49.81788
48.43417
5.20607
10.60620
12.30094
13.09797
11.14503
25.57767
36.09720
36.09821
36.15676
36.23463
36.24220
1.04379
6.80691
23.33760
28.39156
44.24287
45.93202
48.62285
49.67280
49.87153
49.90408
50.37913
3.93701
10.05161
33.91443
48.43707
61.76791
75.34566
76.11193
76.66713
76.97265
77.26987
77.50037
8.89415
9.78497
18.20311
28.52205
34.60486
41.70600
60.13807
60.26224
60.44927
60.55612
60.59188
8.13788
22.36927
23.22565
28.40510
36.33056
38.71839
42.71004
42.78676
43.91937
44.38431
42.03744
13.20833
16.98560
28.55232
40.99174
57.90208
64.89708
77.26043
77.37204
78.05720
76.81137
77.69019
1.98388
12.64157
18.08777
25.55569
38.05505
46.91417
49.88800
50.32659
50.47762
50.50620
50.67096
1.99122
13.59212
17.75125
20.87095
27.17928
41.90694
44.44508
45.15483
45.52684
45.53777
46.61359
16.49051
17.65358
22.26031
42.78975
43.34968
49.12474
54.68692
54.76519
54.90070
54.95837
55.09159
25.73900
28.38308
29.03626
35.13893
37.40880
38.06908
51.53374
51.68450
51.70389
52.24375
52.33566
31.26675
49.11355
65.12011
90.19048
93.76112
94.84997
95.78556
93.81477
94.10247
95.10665
93.92999
9.69981
25.18726
46.21565
63.13794
63.22447
82.50579
87.78707
87.97974
87.98223
88.36074
88.43394
1.52662
18.61469
22.61379
32.28238
35.54535
38.84305
40.17304
40.43904
40.46270
40.83830
40.93900
1.27554
12.94103
16.56935
27.81373
37.87712
39.99086
42.71733
42.98634
43.06068
43.07377
43.07280
0.26792
2.71455
33.73974
46.86506
51.85307
51.64140
55.94434
56.32558
56.40458
56.40508
56.44139
