27.27941
28.14996
28.19868
28.26920
30.22506
30.23482
5.00999
5.06822
8.03385
8.11298
8.28147
8.28342
27.96881
27.98761
28.15466
28.41205
28.53697
28.73609
15.50375
15.54832
17.13427
17.32821
17.64880
17.69102
18.48648
18.50613
19.32234
19.36572
20.03173
20.07259
57.33805
57.47412
57.53386
58.50686
58.51215
59.35826
2.45759
2.56023
3.24209
3.70000
4.04210
4.28676
11.23521
11.61900
11.70872
12.37450
12.47123
12.51350
1.36494
1.63215
1.64410
1.76283
1.80007
2.43997
17.64358
18.05573
18.13387
18.24110
18.71349
18.72265
7.93148
8.18566
8.26560
8.36283
8.38264
10.29033
3.14951
3.35009
3.56814
3.92602
4.16439
4.47326
0.37807
0.98441
0.98458
2.70557
2.94789
2.95399
1.71008
2.42933
3.08252
3.75626
4.97528
4.98337
26.75763
28.37857
28.67544
28.70980
28.89607
29.08964
6.18513
7.51947
7.53216
7.53216
7.53093
7.65101
8.23112
8.74294
9.41840
9.89747
10.59722
11.70450
16.88578
17.19077
18.02335
18.20582
19.55921
19.71545
32.40016
31.71383
32.06847
32.50439
32.55691
33.29607
7.67184
7.73801
8.33380
8.42240
8.96285
9.03620
3.21416
3.21830
4.19986
4.20199
4.30255
4.30724
57.48251
57.59432
58.55819
58.80558
59.05718
59.18914
4.01869
4.20203
5.17603
5.24870
5.25533
5.47481
7.55365
8.71893
8.78137
10.35916
10.86458
10.96124
26.57313
26.96630
27.45262
27.62063
27.72873
28.16991
8.67209
8.82826
8.83886
8.86820
9.36580
9.36584
4.41319
5.84240
6.05130
6.06351
6.50337
6.93546
1.05494
1.55341
1.79078
1.93303
1.93304
2.06747
27.93672
28.60751
28.68067
29.53005
29.53667
29.82952
5.15188
5.20352
5.52490
5.65766
6.79764
7.59780
10.61671
10.89847
11.63383
12.33390
12.92071
9.17994
19.19749
19.33548
19.81119
20.10397
21.18605
21.57267
2.45766
2.85224
3.07104
3.87714
4.39774
4.67116
0.88363
1.26899
1.42997
1.90591
3.01379
3.06999
0.52114
1.77190
0.86565
1.04541
1.56215
2.00220
5.16867
5.26732
6.08149
6.93132
6.98084
6.98257
1.81515
2.18612
2.20795
2.21065
2.80147
5.50809
4.70941
4.97201
5.10086
6.87110
7.05803
7.53109
2.18264
2.18628
2.18703
3.34715
3.35808
3.35818
0.44720
0.50653
0.58285
0.79602
0.95001
1.39218
17.77155
18.11670
18.48024
18.74757
19.23886
19.42280
19.41597
19.58383
19.62825
19.70689
19.71341
19.71983
16.44720
16.74427
17.15205
17.27668
17.28735
17.30636
28.31317
28.34371
29.13558
29.43211
29.83087
29.86506
24.82029
25.10551
25.68868
26.22364
26.30141
26.94854
1.70751
1.92968
1.95519
3.39023
3.57341
4.32068
14.15667
14.22775
14.63887
14.97686
15.03246
15.43909
0.51502
0.67401
0.67470
0.73501
1.01393
1.24722
9.43958
9.98734
9.99191
10.06681
10.91165
11.71512
7.68001
7.72924
9.09540
9.27715
9.42855
10.59462
