9.56499
33.65213
46.07266
68.35830
92.15646
113.41520
138.97347
142.92243
166.36126
172.17468
187.49368
201.59983
206.70914
225.40348
230.50031
234.92394
240.47592
243.44079
251.40571
269.43763
21.16045
43.69567
65.43112
75.35702
81.06286
114.75724
137.39716
159.46582
169.40141
181.43574
200.25579
211.87403
224.79300
232.34071
241.62726
268.85746
293.39914
306.98011
315.33098
315.69873
12.91942
16.21469
27.46731
45.98395
50.28411
70.44562
85.58010
95.08445
100.86708
118.30337
121.17412
130.05130
150.05916
162.01955
162.84175
176.61070
182.45536
190.34511
193.00212
194.88466
16.57683
29.00325
34.67725
58.35458
62.11507
67.74914
70.29285
77.71645
89.76620
111.72130
126.37420
130.37261
149.48413
152.27007
153.48758
162.45422
197.18355
202.27542
226.67841
229.94719
10.03084
29.27207
42.98227
51.08119
64.66641
94.29285
112.79193
119.97801
121.97052
128.90284
134.52880
137.16972
149.11436
155.66373
172.64810
180.11324
190.44868
204.15298
204.68242
231.09095
22.01125
29.93949
56.46040
74.27378
89.46428
110.24093
126.01199
137.96739
146.57202
155.70499
158.53307
187.03089
193.98364
206.33967
208.07465
224.90773
232.71809
243.99549
252.70508
261.39121
16.82877
43.25751
47.43730
65.42825
65.47684
80.56626
97.42803
113.22633
147.54492
163.84059
168.59400
173.08809
187.79934
202.66480
213.62791
231.61285
251.96715
262.13304
280.66290
280.21983
14.36240
32.58285
34.83868
40.30675
57.35536
80.47567
111.33078
119.25483
139.51175
156.33108
164.57821
176.11890
182.79624
196.14942
205.03882
222.95517
231.35169
250.97850
257.25981
270.17472
20.68317
32.56145
42.52120
58.70905
72.50741
85.49442
86.85609
98.49361
103.24344
116.35746
128.37857
135.75839
155.77323
159.62025
172.74484
176.08627
183.83541
200.47342
221.55432
231.03754
15.58345
19.06222
34.15083
58.38419
74.99870
90.91217
99.07335
110.43586
131.94254
144.77951
168.60664
174.33018
180.87681
182.15783
186.29812
188.51425
204.96462
206.84622
216.23544
217.79516
6.15622
62.28932
82.04294
91.18629
98.21607
112.45403
130.59835
145.46159
146.81078
169.28541
170.31341
174.65836
188.22187
189.84910
196.57214
197.47134
234.28414
250.99066
265.82242
265.96693
23.19342
43.02286
61.52794
74.17380
79.37264
104.25842
110.35941
139.69777
163.21646
164.39924
172.27789
179.87727
184.96911
188.81638
219.21924
227.26030
231.46499
237.60225
249.69281
264.56519
3.00818
28.88357
64.57605
71.87604
80.19732
84.36806
88.02526
114.68604
118.84750
135.64047
139.37719
140.42542
150.88547
155.68186
166.75171
171.12888
191.69685
192.65352
199.85966
219.68953
22.59772
23.35506
33.10722
44.00351
53.11073
60.80173
79.25942
93.29928
105.88246
108.02522
140.68552
153.58330
166.60241
180.70684
184.34284
189.83733
195.01847
212.58736
213.66764
235.89503
6.35083
24.04843
37.64131
45.86996
62.81626
73.45124
82.90586
87.44408
91.95933
103.39317
107.84788
121.50371
169.24426
178.75422
188.49620
196.08365
195.86989
205.29313
231.24105
242.80859
37.70630
55.79485
74.08475
103.40183
114.87801
134.98284
139.35300
140.56664
172.09996
190.11195
198.51971
207.65901
222.69000
232.41538
237.17986
251.45800
256.54098
263.37198
272.76733
276.02171
12.38356
17.29607
29.81515
40.40744
55.47003
87.58322
97.70529
129.91069
139.47847
143.38402
159.50646
171.68167
181.95479
194.50964
206.54718
224.19252
234.07769
253.98721
259.92504
261.69409
1.63472
12.23730
19.30382
26.11321
37.50570
62.67419
70.56670
81.84046
93.20028
108.47292
113.22301
131.43630
153.34885
158.52224
169.26827
180.00667
196.77889
203.15978
219.96047
228.61651
35.84712
58.65643
81.28102
98.81819
118.82773
124.17497
139.57342
140.93231
158.02383
180.80171
203.30810
219.63148
220.00005
242.71343
248.24780
287.09524
296.83493
304.96378
312.71439
325.86051
20.72834
46.72695
51.19592
88.96191
112.59928
122.86463
171.98139
182.04387
191.83866
192.41305
198.60340
220.49206
229.52428
241.73760
241.68226
251.58023
277.67774
282.48826
290.97706
298.81242
11.19952
29.85573
31.08984
50.30581
64.09972
73.56859
82.75784
88.88973
103.20675
112.04160
143.03834
145.30619
144.28596
148.26660
179.14341
185.98197
198.99195
232.99410
239.95411
250.20930
7.84841
11.46954
19.09803
36.70347
72.20795
72.70004
120.35290
131.44382
141.67771
158.99485
175.14268
176.02569
186.74742
194.98783
202.00716
223.99617
272.89782
273.03352
296.64280
302.74644
16.32890
24.53933
31.09906
44.75500
49.73404
62.69069
85.21199
96.94589
103.61129
118.82026
131.53533
166.56183
178.93786
187.13131
193.35552
197.52203
197.75540
207.80901
222.56694
231.34912
10.97383
20.66022
37.55257
53.85035
61.67958
65.35920
86.63030
94.89354
108.08451
117.71305
132.42912
154.89408
168.88851
198.56356
191.72431
196.44830
202.43482
229.09299
241.38189
245.06380
17.70908
38.51822
55.28618
63.77852
80.54144
84.20987
86.01454
103.34341
112.35697
127.58425
132.74766
137.47399
151.70037
160.89239
179.26151
189.63135
193.46300
205.73930
217.71099
240.64749
12.58720
21.49890
29.07739
57.32134
64.95275
80.52933
83.43928
97.03018
119.70459
123.33575
152.48176
161.78799
183.57886
199.28932
211.77540
219.59733
228.74748
237.53370
254.16914
266.39224
29.79248
41.66924
69.04180
83.90131
99.12775
114.14647
128.81571
138.92140
163.45449
175.35665
196.60469
197.28297
209.47741
212.34085
226.84318
250.04051
263.57763
275.23572
279.09116
289.76612
9.96894
27.36781
37.13930
43.08495
49.94420
68.59302
89.56333
104.90536
116.93598
140.64297
156.49300
164.49403
175.20597
203.65091
215.79407
225.02463
243.98500
268.50338
279.51294
280.13848
16.31380
32.35649
52.76966
64.06863
73.57171
90.79784
102.90779
132.68429
131.64566
135.34114
148.93505
166.11532
168.45741
171.34219
177.69389
187.03198
188.12775
199.80576
223.58446
229.02184
9.99680
29.30134
43.77903
48.43218
50.77157
72.13907
97.74064
112.19195
127.60020
129.23913
140.88721
159.37341
171.21702
193.11096
209.42895
215.01131
229.82922
235.41403
243.30346
246.95166
14.94183
39.85563
55.96504
63.24635
75.72802
111.14475
113.91778
117.56062
131.39701
144.64312
153.89043
164.83620
168.45070
178.64181
207.05142
211.21592
212.87396
226.40791
238.98626
251.01207
11.34755
18.16923
24.52174
32.56195
66.31673
82.66764
101.30502
109.40667
125.34053
143.14288
165.75393
192.76529
215.03706
229.96219
246.17960
265.95368
272.71992
276.20227
304.70392
307.76093
7.50815
34.29030
60.57192
69.22997
82.48779
94.35857
110.55808
114.11415
115.58614
130.60712
134.96429
160.42205
164.09255
180.17686
181.31516
198.74151
206.69504
226.60174
240.50795
246.77224
9.78764
12.73227
20.57332
35.02537
41.47594
68.30773
101.25958
108.94040
125.59668
137.14573
144.54305
154.16271
161.45805
172.30342
181.78687
181.96110
182.23007
190.84473
203.85729
211.47386
21.51441
34.11904
39.18266
85.05526
94.21495
101.69152
101.35191
110.10123
111.59523
112.13941
128.16265
137.71984
146.50526
156.69942
163.72840
171.46525
181.29190
187.22673
189.92312
209.80741
18.04972
25.23008
54.85952
76.93478
83.80424
89.64674
95.40892
96.07120
116.42819
139.59646
153.97975
161.11212
163.99628
172.70768
189.43196
195.17384
208.15678
240.67227
257.58497
258.28063
10.90216
13.40575
44.82485
51.79307
55.08738
64.99855
69.30541
75.72077
106.53315
112.43659
134.48285
157.45267
157.67066
166.40045
176.19505
178.82688
189.42737
203.06428
213.20892
222.00390
15.39889
42.99055
55.38169
79.13756
85.43532
96.03584
108.62242
122.90813
124.18186
136.37358
144.33314
146.07217
160.42169
175.86063
185.67504
188.88806
212.45448
213.50404
226.89910
228.15745
12.06266
49.56372
72.64559
90.91013
101.98537
105.81665
110.08125
135.31611
150.46384
155.08151
167.07286
173.18918
176.43049
186.96064
191.40172
206.26605
210.45434
225.87305
243.80874
259.31207
9.21427
25.18920
34.40817
55.32743
86.61387
92.99462
93.09801
118.05753
124.49045
129.49684
150.08661
163.28552
165.58200
171.69203
175.32612
178.81813
192.89161
208.33778
209.40405
210.91070
15.54222
38.33231
46.07502
57.18714
92.70600
100.80927
112.85805
129.45263
149.93871
172.38315
194.42938
214.96270
242.21113
264.31356
272.18110
305.18592
309.25727
311.28682
330.69891
369.59517
15.92502
41.45715
50.16394
56.34029
61.03967
90.23307
130.79632
137.15732
138.50175
151.53457
162.41807
163.66311
168.16916
183.78768
184.78929
179.98390
191.32510
200.24787
204.80748
223.69318
8.63360
26.34243
32.98670
37.75509
73.11563
82.72179
84.73067
101.29894
102.77500
111.70646
120.06188
136.67456
148.16130
149.91003
170.99925
176.55449
179.92156
186.60747
191.62548
191.97819
9.74170
21.39228
25.44583
42.26630
60.46331
71.03146
72.53494
82.25671
95.68023
128.04050
145.30686
147.42196
156.97394
172.83094
180.01279
193.40934
204.25952
206.72187
208.22651
211.53333
13.90365
47.64692
61.43760
79.29206
101.09605
119.97806
127.11136
137.76625
147.09698
153.41252
160.05012
166.32315
166.34043
175.94001
181.43457
199.92848
202.55054
208.37730
218.99434
231.66370
3.94603
6.15722
15.32630
25.33861
34.19912
50.32297
66.21421
99.98767
136.42896
153.10161
158.91123
162.86705
178.49032
206.31751
214.75752
241.82835
246.56272
251.69364
263.68626
286.77662
10.04878
37.80622
43.61405
53.17688
57.54529
64.26147
79.21196
94.52800
99.82827
139.55714
157.65144
172.47925
177.62426
185.64093
199.93304
202.16331
208.20026
225.95757
240.58917
248.79648
42.03370
55.98561
57.35222
70.95370
75.48771
95.46375
99.96752
124.27625
137.93255
145.37585
157.28842
165.78712
185.02685
196.89291
210.86349
219.76824
235.71356
240.55231
253.82394
257.46817
13.07018
24.76664
30.26592
40.47401
49.36199
60.01037
63.01476
79.57857
88.23112
94.67674
123.57422
134.46222
134.96655
156.04551
169.32345
205.37411
216.48540
222.54321
226.72319
239.07688
18.39488
42.01538
49.70737
77.89856
89.46201
105.07513
116.40907
130.83263
139.26691
144.18300
151.03120
174.07161
181.33734
190.38573
198.89964
201.69478
211.34690
216.43283
221.05473
231.46957
