4.03600
15.72633
16.29538
16.40924
16.76997
17.25796
4.21148
6.54962
6.75591
6.86597
7.49723
7.76868
9.62818
21.98040
22.07230
22.16983
22.32363
22.39484
0.79730
14.32093
14.81081
15.23962
15.34378
15.64142
3.46027
13.42769
13.46357
13.78480
14.11117
12.86056
6.00157
9.39063
9.78256
8.21474
8.32668
8.45641
6.81914
10.30261
10.53499
10.88860
10.89221
11.01727
10.46972
19.30252
19.47430
19.63367
19.87357
20.16048
6.42329
8.42662
8.80167
9.08332
9.59514
9.65730
21.69830
28.83035
29.07440
29.07977
29.18411
29.16643
1.40693
14.86977
15.06207
15.32680
15.42061
11.31745
16.16646
18.92878
18.95474
19.40719
19.74471
19.92700
7.35295
13.80593
14.13595
14.24500
14.54778
14.86937
7.33536
18.22971
18.75076
19.04622
19.17070
19.41736
3.69653
17.97115
18.17037
18.36270
-1.00000
-1.00000
0.83386
14.45674
14.71679
15.12703
15.17090
15.34301
4.01341
14.48962
14.51753
15.04608
15.46934
15.71589
9.57560
19.89146
21.03011
21.20543
21.40910
22.20268
7.08401
25.33823
25.38745
25.76732
25.91753
25.97099
10.28667
21.34428
21.44094
21.77264
22.51280
22.72560
16.19350
17.53720
17.66710
17.84355
18.56717
18.71012
10.14273
23.22784
23.82364
23.84882
24.22595
24.76670
17.52532
24.06420
24.46884
24.96244
25.33512
25.35236
4.74428
43.89568
44.05348
44.19275
44.45395
44.64023
5.08535
18.65674
18.94514
19.15194
19.24903
19.67571
38.66897
46.24423
46.86539
47.27134
48.15403
48.48327
2.66113
3.57848
3.86194
4.04843
4.43702
4.71024
8.38495
30.70980
31.35134
31.89813
32.14875
32.88779
8.47177
17.12754
14.58963
14.85542
15.05027
15.21201
11.32443
23.04178
23.25651
23.29361
23.86071
23.88052
13.14523
15.22050
15.39327
15.78891
16.12029
17.06125
6.22977
31.17053
31.42602
31.96883
32.48569
32.77538
7.40741
14.57863
14.98794
15.78574
15.81133
16.05774
8.01363
15.73442
15.91456
16.33314
16.42941
16.84803
18.66796
36.75085
36.92559
37.26183
37.58164
37.64159
16.92499
21.68462
21.69153
21.94221
22.13374
22.22595
25.58547
30.26840
31.24447
31.38606
31.61348
31.80113
22.78180
32.74744
33.15751
33.19364
33.25596
33.82941
4.83690
46.20888
46.28583
46.50328
46.80312
47.03441
1.14699
33.96991
34.23245
34.32228
34.41943
35.05025
1.18401
7.81612
8.24536
8.32637
8.94010
9.07914
16.23426
15.98681
16.10457
16.18113
16.69924
14.28052
6.75463
27.51217
23.97172
22.57617
22.66708
22.91855
14.20540
21.03457
21.17887
21.37058
21.45653
21.82562
3.71326
16.50955
16.57800
16.86789
16.96491
17.30611
22.67107
30.26884
30.66760
31.21064
31.66133
31.80845
16.02956
20.03422
19.91252
20.01096
20.21277
18.57025
34.55022
36.69094
37.16736
37.96682
38.39648
38.81925
6.23732
20.11461
20.28616
20.39945
20.49685
20.97285
7.04978
15.06453
15.38260
15.76654
16.01345
17.20774
