3.08355
5.20159
6.59340
17.17076
18.40826
32.46197
52.66600
63.75402
66.56050
78.69582
80.88271
90.45380
98.93131
99.61496
110.94877
128.30796
128.68451
1.36440
8.47936
17.75389
18.84742
21.58381
30.13138
30.93116
34.15045
34.98270
44.95982
48.18811
55.86269
62.78861
71.36770
76.93967
85.06990
87.26617
7.44857
12.38000
17.01344
25.06805
31.22238
36.59484
39.97126
49.25839
50.80036
53.99581
54.50972
56.04337
66.31260
84.59934
89.28472
101.23121
110.76681
7.00325
11.75760
25.02986
25.72562
32.53194
35.88314
41.14392
47.96073
53.36722
54.55161
63.13936
84.39340
88.28930
97.14754
97.71924
112.39719
126.59519
1.08396
7.98582
16.29551
26.98584
36.92629
45.37270
47.11833
58.35733
65.31102
73.52414
80.59600
83.78148
84.75592
96.31455
108.19644
109.23500
112.33362
3.70018
8.58428
16.44945
22.24131
29.85369
33.36960
49.91388
60.55745
61.72034
62.18579
67.25527
73.00123
73.88347
83.23755
87.98689
104.27812
104.45418
7.59158
16.23200
26.57724
28.93573
30.08729
38.93870
40.12614
40.81704
44.29657
45.57008
45.87622
53.84989
59.32292
60.21258
62.56716
62.96698
63.62531
2.30932
3.09641
18.95517
19.83965
26.44931
33.72056
45.23556
50.05138
57.47333
67.56474
69.99377
75.84106
78.11528
96.12418
103.76469
105.59731
109.39204
18.70780
29.87336
31.18023
41.75589
47.49466
57.96955
62.03314
82.94591
89.55063
90.35097
94.67313
95.60530
103.20013
105.22195
107.92212
117.33153
118.16106
4.78389
17.29763
17.78839
18.66035
20.26065
27.81070
37.81051
53.27769
63.96171
69.40396
71.84154
72.12020
72.77354
77.56752
82.46110
87.21503
89.08401
16.38524
39.11659
43.55424
50.81226
53.09802
60.11685
61.53103
62.36103
69.52615
72.08151
71.61660
92.36486
93.00288
93.67274
97.95798
98.53120
98.94200
5.84784
15.23854
36.22522
39.46231
39.57849
45.84306
50.47662
50.91833
57.27005
57.27447
74.72989
74.34411
84.34041
90.30268
94.84294
104.33078
109.54086
6.58036
11.23724
20.94555
27.29341
30.68793
40.11495
47.98456
54.46700
56.81742
58.17886
59.50383
60.51590
69.59912
76.53038
81.32486
95.66835
101.83486
3.83159
15.85906
16.03661
17.26908
23.50571
24.13449
34.43629
42.77462
58.85752
61.65263
62.32127
64.22096
70.80298
80.38778
82.04432
92.81782
97.04565
0.85788
2.55345
12.46155
14.77847
15.65039
18.33034
19.06243
22.41147
22.55723
29.99405
34.33010
39.36553
40.20653
50.46699
58.80591
71.98032
83.14211
5.18629
11.65195
14.25968
16.83336
19.95323
22.89714
25.09701
34.93271
36.55344
46.44143
55.95053
57.88696
59.15694
61.50056
64.93599
72.31899
77.93611
4.57352
6.70794
13.14462
19.08622
22.85513
42.34085
52.46169
55.97598
56.38242
59.43239
66.53660
69.19924
72.24204
72.80173
75.40928
86.88373
98.39658
7.61000
9.19615
15.78290
21.78330
27.93622
27.96843
32.20409
32.75482
44.29177
48.59015
61.63903
69.81163
72.99549
88.70239
90.43694
99.32449
106.89227
21.36086
24.09540
28.54030
43.26662
53.26244
55.14156
56.76958
75.38420
76.35812
86.50091
87.98047
95.55565
99.32974
102.63458
110.62932
113.45581
117.54386
11.11676
17.55850
18.10110
28.90054
29.73081
49.68971
72.86629
74.49758
84.37509
85.46417
91.85656
104.75638
104.86586
106.24312
106.42698
113.54690
127.20861
13.00456
25.85019
31.62264
59.58731
61.16506
76.39444
82.86123
92.68830
96.96518
96.98177
98.36750
107.71808
108.35730
108.66101
123.80068
133.71306
148.77250
10.42417
22.57402
29.36758
55.80124
56.16238
70.78997
76.94130
78.50370
86.16924
91.32123
94.06999
96.03291
97.04450
110.05710
127.78189
127.82830
144.91081
9.33091
17.34242
24.03442
37.21512
46.90047
47.81781
52.63930
67.50277
67.88686
71.94146
78.57957
79.49273
81.34535
83.98099
96.46518
105.01770
109.80576
1.58504
6.85157
12.64214
17.59094
27.43773
37.48042
43.20635
50.66247
71.10803
86.43426
87.40949
88.68737
88.00754
97.28543
99.50165
104.47435
107.82274
4.23875
10.08093
13.93179
26.90552
27.80401
32.18560
41.40658
53.08803
54.01912
59.53552
63.87765
75.24954
76.63016
82.55833
87.35284
89.02193
114.66403
0.55529
4.15322
20.61433
31.18116
34.82663
50.40647
61.86543
63.83562
87.41550
102.41109
111.61517
112.60273
117.68466
124.15128
130.29770
132.27798
142.12700
16.82896
29.33050
29.50442
41.19847
42.34658
49.05585
50.22989
60.28230
60.48737
64.20763
69.58326
85.37200
85.60843
88.18496
89.62896
101.62029
106.35019
5.29292
8.31990
9.20537
22.56930
26.11386
29.11122
32.37019
35.34041
35.70686
36.54145
73.59665
85.34240
86.95206
87.35577
100.31794
102.94638
104.61340
8.55635
20.06065
27.63654
36.19216
38.85083
58.56045
58.66940
79.46409
81.80860
89.06750
92.75469
102.85326
110.57227
117.56786
117.92448
121.09903
128.00070
0.01296
3.38268
17.84650
38.24082
50.76421
68.46845
73.42776
76.94912
76.95012
76.97603
79.75325
91.84654
92.75419
97.06542
101.51130
103.21562
103.93026
2.73756
7.31564
18.33401
21.68583
25.01744
34.85809
44.38820
46.61642
52.30570
52.96779
58.72838
59.89206
59.94150
63.98804
69.43863
73.24952
83.84323
6.33189
12.62460
21.73166
30.84231
35.50550
39.62466
44.25031
45.46286
48.19150
50.75769
53.97082
59.77746
60.03029
64.06974
69.61861
70.69681
74.53711
4.68636
13.46282
18.79377
30.94992
39.10161
44.14757
46.06554
49.16477
54.16631
55.97985
57.50373
57.52625
57.72698
60.76032
61.85028
66.50219
76.67877
6.39089
6.79182
7.74101
11.74873
13.37009
29.60642
38.98813
46.70756
49.93717
55.32231
56.77970
59.76435
63.09469
72.26078
76.90361
79.38931
102.59232
0.30421
9.45852
15.94162
29.29600
35.27964
36.48388
45.97256
46.71008
54.02728
52.72289
54.47327
70.23836
71.85886
75.47081
83.52301
87.58570
90.97364
1.10970
6.17386
38.57665
38.79373
45.22063
60.13768
67.13232
69.51384
69.68905
71.87591
79.86504
91.03631
101.06292
108.75406
117.78215
127.45155
129.72338
4.69581
5.23462
20.11022
21.64464
34.45925
36.35310
37.08663
39.53084
42.54015
56.54778
56.70559
66.13102
72.95414
88.60557
92.41632
92.48327
94.17077
2.43659
18.93729
26.13402
28.22427
51.26435
53.50104
57.63043
65.81748
73.65042
74.21744
80.73316
82.38502
84.11247
92.58743
110.33687
112.93670
125.30845
1.95222
4.83365
25.12917
25.07771
32.45704
32.57996
36.50463
38.87534
41.69485
53.65031
56.08785
58.59319
62.84375
65.80210
70.34667
88.79281
100.21323
7.92369
16.46455
18.98338
19.95610
24.69901
34.88509
35.66650
51.99543
53.10110
61.14284
73.72040
86.82165
89.98368
95.56388
108.22625
108.38061
109.75740
1.30799
4.85288
13.49688
23.26287
33.41611
34.59402
41.32244
46.67041
47.57059
53.01105
58.84917
64.62333
73.76287
88.95215
92.67124
111.56816
120.66733
3.44979
22.51063
24.20802
23.93753
47.49754
49.98471
56.59777
58.10977
61.30678
84.71590
89.89930
98.62022
123.81753
124.04105
127.09080
127.43420
136.25019
4.61284
8.61688
9.19581
9.95569
16.94198
19.03248
26.24762
27.53798
29.08958
34.65017
43.46132
46.95746
55.11342
57.72226
60.76871
64.54764
65.50511
12.32564
14.10667
17.50138
19.73514
34.03679
45.89213
55.08945
58.31589
68.25607
76.63796
79.27451
88.73879
90.47025
112.68350
116.21201
125.49436
128.77160
4.93934
16.29995
27.62068
28.35364
38.18621
38.96582
45.00247
50.50913
52.53044
53.17133
61.65311
62.74568
72.16239
81.10657
88.70962
97.29678
112.74566
3.41798
18.39363
20.00639
29.21246
33.07013
35.42800
38.75013
49.24797
49.44993
51.42867
60.24500
67.54886
79.87411
83.62086
88.57180
92.51834
92.58276
11.26790
22.37534
23.82337
34.90668
48.10960
52.46409
53.99624
62.77110
63.74449
73.32134
82.56456
91.60711
92.35666
92.42099
93.45277
106.59710
113.11810
7.20438
13.95615
14.70418
17.70513
19.89701
22.74106
24.87103
36.64392
37.56870
37.61214
41.44359
45.79495
58.21860
69.40788
69.99460
73.03953
73.45727
3.68476
10.52064
18.08084
22.25727
24.26937
49.94706
52.95204
53.12075
56.54811
59.78937
62.90949
70.45477
76.77089
78.11737
79.92855
83.68634
89.65910
9.11519
17.18428
17.38135
18.72060
22.16226
39.12638
45.08722
53.47651
55.16072
61.48018
67.31507
84.24241
85.13486
88.51831
88.75124
93.22551
115.62590
