0.19415
0.30033
0.63071
0.85978
0.87243
1.38511
1.53749
1.69259
2.22188
2.47364
2.66325
3.15321
3.82584
4.34124
4.52332
5.12296
5.41277
5.57251
5.86017
5.93831
6.10882
6.47027
6.93890
0.72097
1.49129
1.52641
1.83642
1.85811
1.93802
2.05281
2.22931
2.39771
3.63255
4.11225
4.20359
4.75883
5.81655
6.19703
6.20783
6.49811
6.96592
7.27240
7.45666
8.33809
8.87861
9.99366
0.27892
0.98873
1.51318
1.62802
1.65298
1.95624
1.98021
2.68041
3.07464
3.12593
3.20893
3.46081
3.71993
4.06180
4.35258
5.03839
5.09511
5.37409
5.67863
6.14426
6.87545
7.14996
7.15177
0.69757
1.75110
1.88435
2.18405
2.73463
2.76704
2.82620
3.16072
4.10147
4.19272
4.25012
4.94108
5.21672
5.62086
5.62928
6.24684
6.44739
6.59195
6.78910
7.35598
7.53574
7.91540
7.99236
0.22676
0.46719
0.63097
0.87437
1.16855
1.20482
1.41441
1.88341
2.00112
2.05463
2.26716
2.36171
2.67209
3.20615
3.61056
4.29639
4.64578
4.93461
5.09578
5.80534
5.88839
5.96466
6.61382
0.04071
0.49883
0.82759
1.44178
1.91815
3.13555
3.58711
3.75665
3.82276
4.21352
4.31721
5.01567
5.51331
5.91894
5.99515
6.20444
6.33209
6.62171
7.55610
7.62490
7.94787
8.02584
8.02650
0.22113
0.36021
0.94498
1.18712
1.56521
1.80109
2.81379
3.08769
3.72300
4.09033
4.23250
4.40037
5.04847
5.14323
5.24268
5.82664
6.13689
6.22433
6.86699
7.33654
7.98709
8.61319
9.22268
0.22071
0.63410
1.56353
1.94295
2.03761
2.56121
3.14272
3.61531
4.02057
4.02451
4.38180
4.50947
4.59276
4.65502
5.04627
5.25599
5.61276
5.75719
5.75722
6.38115
6.62152
6.79707
7.20568
0.31154
1.33986
1.41111
1.66531
1.78450
1.86579
2.47398
2.47690
2.72554
3.14981
3.39426
3.46036
3.46062
4.17720
4.42940
4.49066
4.54889
4.62370
5.17248
5.46367
5.49567
5.62152
5.83957
0.08229
0.08412
0.69524
0.86852
0.97296
1.32533
1.60745
2.12747
2.48134
2.57889
3.57239
4.22257
5.05795
5.20640
5.42675
6.16944
6.40855
6.44907
6.89401
7.51055
7.75496
8.12376
8.57625
0.23356
0.46644
1.13462
1.45886
1.87189
2.50776
2.54763
3.55849
3.79204
3.82092
4.29086
4.42240
4.88476
5.65329
5.71436
5.75363
6.82974
7.23033
7.68184
8.04904
8.76216
8.92047
9.76217
0.51860
1.00481
1.27010
1.44896
1.49835
1.54477
1.96363
2.23790
2.26839
2.36496
2.77266
3.14591
3.26949
3.64153
3.82025
4.10786
5.28451
5.47826
5.52717
5.64819
5.86505
6.03442
6.15043
0.01538
0.37153
0.47143
0.72820
1.10237
1.47722
1.72924
1.80269
2.67831
3.13766
3.27283
4.47278
4.61955
5.05710
5.09152
5.31280
5.54977
5.55106
5.67815
5.87414
6.28655
7.43643
7.49289
0.02018
0.22791
0.47742
0.59121
0.62377
1.16828
1.33698
1.37026
1.50810
1.75489
1.75584
1.92492
1.98640
2.32176
2.79489
3.07341
3.36518
3.69817
4.08167
4.22177
4.28317
4.43795
4.78378
0.74011
0.94226
1.44368
1.58877
2.21764
2.36220
2.57780
2.71113
3.36814
4.38293
4.54160
5.31089
6.38871
6.74815
6.76276
7.75699
7.92029
8.23456
8.24704
8.62075
9.22952
9.49821
9.79051
0.24299
0.40596
0.51479
0.52348
0.58958
0.87622
1.01990
1.07133
1.26990
1.93208
2.46591
2.57211
2.90155
3.25321
3.35726
3.96951
5.20358
6.01710
6.14407
6.67842
7.25042
7.37794
7.55585
0.17720
0.49987
1.48469
1.56958
1.68439
2.07991
2.51927
2.79066
2.99375
3.44189
3.44661
3.68720
4.17837
4.65004
6.28791
6.53686
6.74754
6.80782
7.19523
8.24978
8.71783
9.66500
10.06447
0.64600
0.87598
0.94409
1.39163
1.61410
1.81444
1.87583
2.39602
2.92579
3.36649
3.65763
3.69952
4.54571
4.54587
4.70388
5.04070
5.41194
5.51669
-1.00000
-1.00000
-1.00000
-1.00000
-1.00000
0.09876
0.29025
0.57224
1.35984
1.53032
1.75785
2.07132
2.21403
2.75423
2.90700
3.66830
4.03825
4.29532
4.90302
5.32755
5.46950
6.10995
6.59321
6.74670
6.84954
7.62810
8.16234
8.18397
0.13467
0.20157
0.58622
0.68139
0.81568
0.88057
1.14230
2.52649
2.70611
3.24849
3.24941
3.48135
3.57094
3.63368
3.97360
4.43082
4.45603
4.88521
5.07784
-1.00000
-1.00000
-1.00000
-1.00000
0.14781
0.72135
1.81947
1.97378
2.07209
2.40415
3.08142
3.10634
3.71255
3.76989
4.13057
5.00352
5.00898
5.39236
5.53927
6.03610
6.12881
6.73559
7.08316
7.48901
7.64272
7.66794
8.03469
0.24983
0.60979
1.69643
2.31537
2.70916
2.84078
2.87151
3.79990
4.34192
4.68196
4.93358
4.94066
5.46408
5.62845
5.96427
5.98360
6.35061
6.94285
7.39881
7.63783
8.51266
8.83882
9.26351
0.77778
1.10528
1.21120
1.47014
1.62245
1.83785
2.65617
2.70193
2.90632
2.93989
3.59165
3.74041
4.28024
4.37221
4.39925
5.21318
5.60582
6.18009
6.73166
7.02597
7.60306
7.83020
8.06881
0.39132
0.43209
0.58901
0.66022
0.67114
0.68460
0.87516
1.17411
1.91745
2.20272
2.32980
3.54399
3.55606
3.55796
3.66965
3.98174
4.36655
4.95943
5.21587
5.47307
5.80337
5.86895
6.28854
0.43042
0.59727
1.22722
1.51496
1.78715
2.38758
2.54711
2.66051
2.84559
2.95474
2.99176
3.58028
3.86123
4.15570
4.48598
4.92955
-1.00000
-1.00000
-1.00000
-1.00000
-1.00000
-1.00000
-1.00000
0.22072
0.33141
0.44114
1.57335
2.29617
2.71833
2.88006
3.00544
3.20436
3.63782
3.97517
4.04744
6.31347
6.44332
6.51197
6.53571
7.29837
7.53256
8.03834
8.39946
8.73961
8.93158
9.53285
0.09940
0.46353
1.14112
1.50375
1.98125
2.04480
3.24642
3.68090
4.24897
4.63143
5.00578
5.34315
5.46945
5.83381
5.89738
6.34346
6.54173
7.23697
7.92548
8.42227
8.78495
9.08319
9.57904
0.05233
0.31514
0.42855
0.57684
2.20285
2.50316
2.98693
3.63139
3.81273
3.97248
4.05484
5.19762
5.24164
5.42842
5.89517
5.96431
6.73724
7.30310
7.38687
7.53210
7.92723
8.54976
8.55159
0.28974
0.58678
0.68659
1.30727
1.68127
2.10772
2.83551
3.10115
3.11784
3.31836
4.62622
5.29088
5.56467
6.02522
7.20755
7.60154
8.46909
8.82430
9.22393
9.47805
9.76105
10.17077
10.50909
0.84580
1.08417
1.10930
1.24256
1.59632
1.89888
2.23178
2.27639
2.72827
2.96230
3.05380
3.34297
4.21069
4.33382
4.63029
4.95936
5.02253
5.41261
6.12047
6.35716
6.43223
6.95723
7.26130
0.66728
0.74652
0.89948
1.05761
1.46986
2.82889
3.05091
3.12542
3.21845
3.21982
3.43342
3.66075
4.40442
4.61073
4.86819
4.88350
5.34068
5.58781
5.58859
6.16401
7.32326
7.86136
8.37519
0.02227
0.08233
0.19132
0.78402
0.83889
1.33010
1.49765
2.63201
3.82158
3.85072
4.10265
4.42098
4.47977
4.73649
4.76868
5.04220
5.11447
5.43239
5.60145
6.27569
6.42530
6.63994
6.77321
0.09587
0.47988
0.50814
0.74081
1.13927
1.16431
1.27379
1.74666
2.55334
2.56128
2.82758
2.95413
3.35665
3.38261
3.71710
4.09504
4.69673
5.27782
5.43173
5.72615
6.31500
6.77528
6.79011
0.04509
0.11573
0.29888
1.03041
1.29976
1.33186
1.43291
2.07304
2.42419
2.94499
2.94986
3.18985
3.45779
3.51562
4.41340
4.49759
4.73000
4.95512
4.96478
5.07318
5.17655
5.47056
6.00796
0.14302
0.50604
0.94168
1.29013
1.37723
1.75973
2.39169
2.43998
3.00476
3.01951
3.52163
4.24613
4.62325
4.80574
4.83794
4.92153
5.04123
5.09576
5.34319
5.85412
5.85428
5.99650
6.34080
0.61853
0.74245
0.80806
0.81859
1.45257
1.51536
1.78598
2.19569
2.41792
2.42391
2.99343
3.01043
3.40409
3.96699
4.03258
4.09800
4.43571
4.62178
4.62256
5.38807
5.40381
6.16874
6.18430
0.37049
1.14776
2.05663
2.30819
2.72402
2.96352
3.00136
3.56668
3.76206
4.18511
4.37395
4.74295
4.92230
5.05459
5.42765
5.82061
6.50041
6.76936
7.00804
7.09653
7.22166
7.63240
7.95856
0.43239
0.71677
1.16960
1.62656
1.99727
2.20704
2.65059
2.77959
2.81084
3.25208
3.32848
3.54626
4.60637
4.63555
4.69697
4.69831
5.07281
5.51907
5.70685
5.74314
6.25977
6.72155
6.72630
0.19245
0.44812
0.52632
0.75592
1.27769
2.29627
-1.00000
-1.00000
-1.00000
-1.00000
-1.00000
-1.00000
-1.00000
-1.00000
-1.00000
-1.00000
-1.00000
-1.00000
-1.00000
-1.00000
-1.00000
-1.00000
-1.00000
0.39195
0.40624
0.69723
0.69789
1.05643
1.54364
1.69014
2.03074
2.05354
2.38754
2.99612
3.67044
3.93922
3.98898
4.14367
4.45384
4.51542
5.84450
6.07082
6.26525
6.52712
6.70995
7.25805
0.20703
0.27504
0.65173
0.93482
1.45877
1.60237
2.11773
2.39318
3.15055
3.45200
3.64039
3.66124
4.13476
4.22426
5.20991
5.63128
6.29303
6.67912
6.94089
7.59062
8.25245
8.86540
9.22679
0.09658
0.16242
0.28599
0.45101
0.92260
1.88723
2.09604
2.55453
2.56080
2.95939
3.13272
3.56595
4.11286
4.34278
4.34529
4.68905
5.49076
5.51828
6.17500
6.22950
6.44612
7.03532
7.33279
0.16744
0.40070
0.47062
0.55050
1.30908
1.88129
1.98871
2.42448
3.28574
4.56253
5.70960
5.90045
6.17720
6.28958
6.60367
7.41170
7.44888
7.46526
7.82508
8.13717
8.81154
8.98895
8.98970
0.79480
1.15350
1.44551
2.38654
2.77592
2.95427
3.08341
3.49366
3.49681
3.70767
3.75519
3.96240
4.16214
4.74720
4.90418
5.24349
5.29823
5.49799
5.89106
6.03217
6.21740
6.37843
6.40383
0.50857
0.59225
0.67540
1.60399
1.92844
2.16631
2.68289
2.68371
2.83684
3.47947
3.49152
3.86450
4.09634
4.47343
4.56516
5.26000
5.46280
6.00446
6.62270
7.04945
7.40390
7.83391
8.60286
0.76365
1.34717
2.38244
2.84449
2.98094
3.06884
3.31247
3.43193
3.59677
3.64237
3.67715
4.06195
4.53181
4.62492
4.70691
5.33922
5.40232
5.42608
5.74611
6.18097
6.38555
6.68314
6.81006
0.76963
1.05428
1.20279
1.58374
1.97014
2.16031
2.23971
2.26677
2.66050
2.77350
2.89063
3.00445
3.12497
4.01623
4.42522
4.61032
5.33508
5.46228
5.78698
5.88926
5.98491
6.21285
6.30344
0.14803
0.87559
0.97816
1.26184
1.38990
1.47713
1.68941
2.18950
2.48894
3.10286
3.58817
3.79466
4.14714
4.14787
4.31764
4.32105
4.39258
4.40012
4.59844
4.78618
4.93750
5.12365
5.42384
0.32991
0.78172
0.99007
1.01036
1.25309
1.28870
1.63445
1.73938
2.04106
2.40155
2.59147
2.79300
3.17885
3.52697
3.76691
3.99915
4.07520
4.17623
4.35732
4.67567
4.73641
5.39880
5.76151
0.76269
1.05794
2.17522
2.88066
4.33912
4.54915
5.14937
5.47775
5.49404
5.68517
5.96979
6.21187
7.31263
7.98301
8.15672
9.17437
9.58910
9.84730
9.92880
10.10227
10.77276
10.88164
11.87539
