2.08263
7.19650
14.97653
27.13433
34.04091
9.64596
13.32535
19.07146
25.02363
29.90434
6.43277
10.17231
24.12915
35.46402
38.90963
11.48663
15.09248
26.66097
30.31310
40.16863
6.71187
7.67920
8.48199
18.31516
25.84511
6.51663
11.79726
20.13549
25.06878
34.40293
8.31736
16.62429
21.82008
26.76606
30.01675
8.53955
13.23361
22.54198
28.57138
34.72775
2.85817
6.79346
16.59417
18.86231
20.67912
7.23122
13.31608
23.93573
26.85445
32.62666
4.65123
9.09887
14.57633
21.97544
25.66856
4.05078
9.84750
12.78408
20.82310
25.15679
4.75672
14.49060
21.17892
23.57796
30.46494
6.87278
12.92712
14.73198
19.61925
28.63351
4.15037
9.33701
23.33258
28.60500
31.75305
4.55681
12.45950
18.35343
23.03991
28.45879
10.81000
13.82631
27.20476
30.91651
38.28044
2.57781
10.02107
14.31325
18.12618
22.19141
8.36576
14.71429
21.56609
33.37833
37.49820
7.28422
8.82972
14.25678
23.08071
31.95011
5.48537
6.83049
12.77588
23.03405
23.64768
7.83716
16.94084
18.07536
21.11737
22.54951
8.68021
15.53275
26.77810
29.01582
34.85983
2.80626
7.94045
16.25760
18.23590
23.56015
9.59781
20.02461
27.63000
36.85552
49.64583
9.72035
15.02485
25.14256
29.29271
32.06815
6.92754
11.39360
16.83956
23.25340
30.50485
7.64631
13.16230
18.68046
27.70784
31.41545
7.14478
12.85830
20.72928
24.26090
33.46217
9.56408
20.36591
27.01415
30.19946
38.45223
9.50699
19.97989
26.71868
27.64718
32.59179
14.47198
29.24757
35.62523
39.76705
42.94941
6.43933
16.11131
24.53772
34.30706
41.03620
4.43842
9.30554
15.14108
24.38132
28.56895
11.06754
15.58563
22.27506
29.27618
36.69960
6.42673
10.33248
13.52873
18.36641
26.27133
8.02528
14.08698
19.77917
25.73947
29.59403
10.17836
16.73809
23.23172
24.63609
27.94149
9.52931
14.61725
30.07890
33.17805
41.27099
5.18072
9.54086
19.62082
25.59610
36.40179
8.54846
18.10928
28.17711
35.67985
43.28864
9.03940
14.48801
21.21937
24.45584
31.79640
7.98773
14.94073
19.01520
24.87285
36.70940
4.44450
11.29144
15.80890
17.86856
18.48800
8.92087
11.28898
18.20212
24.75738
28.82254
4.31830
16.54442
22.81124
26.70569
34.15985
6.78957
15.93360
17.59166
21.31786
22.40278
5.85157
19.67487
21.73897
22.32744
25.77694
4.95913
7.07588
13.55702
24.45328
26.89606
4.66865
7.17306
14.58432
18.91707
28.73140
