3.42471
10.03045
16.28486
20.42069
32.15675
37.37663
39.22361
48.63147
58.64306
64.73589
72.02155
4.64256
12.05102
20.35961
25.51048
33.36927
37.89530
43.41020
52.14599
54.07232
56.86184
64.02253
4.25736
9.69047
13.55575
18.67129
21.15571
25.65376
33.32152
41.15702
44.71592
51.30323
57.96383
6.53951
10.48406
19.10546
25.82985
30.65026
35.10014
43.39248
51.25820
56.86718
63.94289
69.38065
9.59790
13.98931
19.87551
27.59533
34.72050
46.35683
53.94257
57.78540
60.53601
67.93487
72.27287
6.97228
9.24512
18.97463
25.82414
31.73784
35.40589
43.70961
45.64185
49.35015
54.80956
60.45746
3.77535
13.33911
18.89814
24.76126
30.27075
34.43582
39.79165
42.76521
45.66389
54.38308
58.49867
9.84888
15.96361
22.75455
27.05670
32.58449
36.77320
42.30858
50.60900
55.59284
58.80541
65.42823
6.55152
11.51066
17.18402
24.75951
28.93483
32.98395
38.70518
43.27303
45.39877
48.28791
50.65410
11.01668
14.98345
20.51495
26.43807
34.78402
40.57949
50.77056
55.37952
58.74379
65.33965
72.47259
3.59723
13.62329
20.65522
26.84761
27.20399
34.60354
44.80494
51.74214
55.37693
57.28714
62.71975
4.51573
10.80759
18.27084
21.29113
30.75093
32.84808
40.33671
42.45170
47.66262
52.46084
56.60181
14.96655
20.19837
26.30247
32.21494
36.26882
42.02881
46.42359
53.30174
61.66566
63.84496
73.95859
6.89269
13.53320
18.37619
25.55210
30.23557
35.58774
40.70096
45.93957
53.64024
57.53891
62.18430
6.79727
16.90521
23.65785
30.47480
37.88150
45.53576
52.38567
58.72072
64.86338
73.72696
79.24462
4.84399
10.25560
17.16373
23.53420
34.64823
44.34451
46.84398
57.19080
61.11219
66.23264
66.72970
6.36637
10.78300
14.68198
20.96565
24.29931
30.09668
32.59102
37.28319
43.92051
48.75707
57.58291
6.59704
12.91669
19.70156
27.01175
34.28389
42.83278
49.87078
55.75361
59.12550
62.54685
66.22966
6.82164
20.37204
27.54706
36.11234
40.17541
43.97268
50.96380
54.27911
57.02453
59.21277
63.82451
5.69491
16.05081
24.52562
32.06382
42.99157
49.27148
54.37730
60.02853
65.06554
71.11607
78.44777
6.46355
18.21525
22.94389
26.72594
32.93260
39.22093
46.06159
51.03459
58.39187
67.66681
75.57528
3.37642
12.22836
18.50933
24.90812
32.64500
37.44167
43.20187
53.90037
59.87979
64.78769
68.83336
7.30750
16.88364
21.18966
27.29531
32.64499
39.04775
43.16519
51.10629
56.24814
63.79897
66.69877
9.63143
17.02467
22.83960
32.04835
33.03723
35.59559
45.22059
49.76670
52.70324
56.42909
67.01970
5.91672
13.30659
19.49106
25.28855
32.50044
35.20254
40.62759
47.31871
50.48355
60.05943
65.11161
4.83323
12.48473
17.50326
18.84902
23.47578
27.35789
31.25482
34.68140
42.68835
48.37920
56.41075
4.74090
9.78029
22.44317
27.87535
34.69324
40.64090
47.06937
51.57176
57.77951
63.18476
66.56180
10.69614
13.33875
18.96091
25.51714
31.12055
36.54073
42.15737
48.19511
56.12580
61.18558
68.10672
5.89035
11.58177
16.35881
22.73016
26.03307
31.01722
36.81799
45.05263
48.95229
55.94807
60.65719
3.98988
16.30749
21.29465
28.66676
30.95263
38.89992
47.39114
54.92503
57.24712
61.49512
68.90507
6.43524
8.45744
12.97720
19.66763
27.29415
36.25665
39.21950
45.29374
57.85250
61.22578
62.12827
3.38713
9.05720
19.72388
28.90986
38.73407
45.47646
52.76679
65.18021
69.16379
74.93016
79.95046
3.45718
8.61364
14.86625
17.87925
22.42247
27.68358
30.47418
40.18041
43.09122
47.62181
60.58620
3.95135
11.25450
21.42212
26.89737
31.05705
36.56835
42.71156
50.43009
55.22973
62.80177
64.89493
6.89130
15.40212
19.87071
26.04574
33.40475
41.65395
43.68997
47.04516
52.12720
58.03459
60.43008
6.11639
13.53380
19.04463
25.67461
33.20920
39.19497
51.26763
57.65875
62.90615
70.26377
74.78569
5.74261
15.92513
20.19277
26.02553
30.72007
37.33686
41.12944
44.77688
53.64107
58.19979
62.76244
7.82613
10.95659
16.26044
26.75455
36.65351
37.78137
45.69383
51.05964
59.61479
65.87153
68.76961
7.15060
14.26853
22.30284
26.93946
38.25670
44.70987
50.00596
53.60870
54.42478
58.63986
65.53459
6.31635
13.90088
18.59610
24.59797
29.89045
35.05910
36.41387
39.99149
47.48524
52.80697
63.22740
2.93503
8.82741
18.15117
23.88762
27.96515
33.18519
45.11534
56.61678
62.41101
68.58634
72.04408
4.25272
6.58773
17.02534
21.81092
26.99852
30.49823
30.94019
34.49195
38.30231
41.26081
50.62255
5.26971
13.04583
20.14740
26.29681
32.51754
41.98518
52.33516
59.66982
65.65866
71.05952
72.88856
4.59322
10.69108
15.23711
20.49985
26.86495
32.92426
35.13933
42.37789
47.47611
56.67749
57.39875
6.56904
16.84817
26.76086
33.21064
41.94337
48.00928
52.57295
56.85896
59.64523
62.35505
65.59625
5.01166
14.02863
19.29964
23.00018
26.63300
32.89572
38.43518
45.12042
49.32574
52.72552
58.53858
7.90612
14.77646
18.22977
22.15040
30.47694
33.25023
41.34181
46.80617
51.78240
56.59059
59.69522
4.02801
12.54531
17.18452
22.54422
29.08192
36.92964
40.61717
43.80952
48.41295
54.07938
59.08710
5.63729
13.01413
16.84308
27.19374
29.80341
38.84771
40.29340
45.22743
46.50456
54.44929
61.90950
10.26046
18.11318
25.95602
30.33254
36.18222
41.23581
42.54329
51.63181
55.33013
60.48324
66.56586
