0.46320
1.85061
2.26886
7.18118
10.36752
13.40189
17.77508
19.07396
21.08556
26.81485
33.89065
43.49667
46.25821
48.79134
52.47126
55.73024
57.03800
63.52550
64.06168
69.09852
75.16599
81.35770
84.76664
93.75923
4.62900
7.64058
15.82234
18.56207
20.60385
25.01299
29.21702
30.50145
32.84224
35.33799
37.01145
43.32586
50.47917
52.34001
55.25341
59.17508
67.93973
69.90757
72.72404
75.07703
77.46572
78.26111
83.18510
88.81247
4.27161
5.86258
11.99346
16.52155
23.89599
27.60190
30.06168
32.12406
32.49682
42.09166
50.67510
54.23799
57.56037
62.52152
66.60396
73.08988
74.64556
77.48430
86.45217
91.44492
93.80671
95.57635
99.36094
107.06462
4.07538
7.02515
10.00996
16.34926
22.51331
28.49131
31.72993
33.45540
36.65343
40.93505
43.17256
45.00079
45.89914
52.04912
56.33846
62.22959
63.46976
65.61469
69.36236
71.78524
74.18321
77.13306
84.82565
89.32541
3.10257
4.18470
9.09599
13.79489
24.18941
26.88536
30.42002
34.76308
43.14179
48.74674
52.51750
55.53805
57.75100
62.42018
66.51801
67.83974
70.70742
74.44642
78.29426
84.34285
86.23152
87.29556
88.85178
90.11302
2.36245
5.07338
9.62377
13.43733
14.61906
18.54897
20.25701
25.41660
28.47244
34.74602
43.65995
46.12069
50.09185
53.58581
55.57728
59.88645
62.41066
63.80039
67.61234
69.84884
73.74095
79.05846
88.10779
93.33209
3.27512
4.78002
10.64280
13.88099
16.71802
24.11595
29.12246
29.81062
33.09715
34.16681
41.69912
48.89202
50.88735
53.50487
58.97769
62.51134
70.28291
72.05862
76.09075
77.45730
80.22824
83.77355
87.84456
88.84399
4.12916
8.80760
13.09886
19.77433
21.42106
23.83799
28.43873
28.94904
36.13911
43.40041
45.69878
50.82016
59.72303
67.61222
69.37810
70.15593
76.54245
78.70776
82.69109
85.65947
87.12017
90.20076
92.03464
98.40977
4.64557
7.13654
16.75255
28.20996
31.48888
38.56559
40.22441
43.10926
49.17900
56.13291
58.60006
59.86520
65.73450
68.57524
70.74691
73.90556
79.97651
85.44700
90.48771
91.11958
91.98784
94.46621
101.14626
102.95856
8.16634
12.74936
18.12066
21.62960
25.42219
34.49438
36.92191
39.68993
41.12213
44.13506
48.32832
51.12705
53.46300
62.49328
63.88368
65.91458
70.29967
75.73054
76.92340
78.90474
79.57195
82.58645
85.87621
88.10379
5.70059
9.82070
12.91375
15.74953
20.55075
22.61647
23.69848
24.61077
30.45129
33.52315
36.47300
39.77132
39.85412
42.62630
44.28987
45.09513
49.49422
54.65451
62.45907
63.06018
64.48484
67.74871
68.99884
74.43455
3.77804
5.31973
6.89836
11.51762
14.28572
18.29593
24.56917
26.22813
32.76552
35.25511
40.00022
42.09562
53.02722
64.60984
65.65802
68.90615
70.83164
74.98997
77.90064
82.54410
83.36847
88.41830
93.94693
96.30606
2.16146
4.07602
6.67324
9.16851
12.55516
26.63433
26.95137
30.54668
34.65145
36.65770
38.49818
39.90171
42.16923
47.14767
49.45353
50.57014
51.97763
53.35425
58.61069
59.99748
62.65020
71.60927
71.63424
77.55105
5.35756
8.84695
9.67829
16.47879
20.16840
25.00369
31.22087
33.73121
41.22700
42.68472
46.88796
55.93717
61.60379
67.17151
68.99123
70.56395
75.12886
78.26604
83.19821
86.20606
88.97710
98.97417
100.05662
102.48487
1.63920
4.48093
8.99130
10.79870
13.40834
16.71033
20.77344
22.52945
24.61629
28.24067
36.57355
39.80782
43.18441
47.27252
48.93428
48.93436
50.04397
54.88885
61.03400
66.19573
70.93746
72.66178
74.88767
80.87547
3.07277
13.39780
15.23366
22.08132
27.75043
32.21549
36.10665
39.22447
39.77506
43.67138
44.70531
45.53834
49.86172
50.55557
53.67088
61.71347
66.05546
67.22847
72.55942
73.30036
76.88001
78.64174
85.20881
89.05047
2.04550
8.79154
14.80750
25.10521
32.93514
39.25089
42.76760
46.67108
52.57130
55.15399
57.22988
58.39838
61.70206
61.74954
64.59523
67.06680
67.47169
68.20990
69.66238
71.82512
78.47491
86.61325
90.30612
96.29988
3.97929
7.26223
9.40578
10.92816
14.87893
19.98105
21.46594
23.91619
31.05579
35.31206
37.84044
42.30909
44.51992
46.18128
52.34090
56.65120
58.88574
64.55337
65.86054
67.95162
70.76691
72.64211
77.07296
84.57187
1.65194
7.34776
13.43875
14.67820
19.18039
19.99306
23.25511
27.70169
30.89351
46.13690
43.51855
46.97412
49.65087
51.33131
52.34628
60.84980
70.00211
71.16676
71.74466
74.31690
77.36128
81.31960
85.26302
86.27898
5.24357
9.46022
13.41076
20.00878
21.97877
25.28136
34.80757
38.41003
41.81866
42.51131
46.98841
47.93880
48.06877
51.25390
58.64236
62.06546
65.23121
66.73418
70.80074
75.09437
79.75280
83.79172
90.32251
96.69629
4.61370
6.20512
16.10904
19.91771
24.62709
26.90815
31.07327
35.66888
39.35813
41.12427
43.74241
48.04313
50.40684
51.07689
56.71490
65.42489
68.36323
69.19485
73.61440
80.68350
83.66861
87.57406
92.44023
92.68403
5.46907
10.59610
15.41836
19.00120
21.43906
24.24303
29.08381
33.94524
37.08802
43.21782
45.92482
52.59893
57.62387
60.24979
67.50485
68.35126
71.28751
75.37837
78.22839
81.94471
82.93200
86.08618
86.93827
92.89537
7.00695
7.66681
9.68463
13.48327
20.12399
26.75726
28.84542
30.71866
33.86758
38.85643
41.70953
46.02353
48.41214
52.07708
53.95260
55.94414
63.66874
72.45921
77.33437
79.12518
84.57075
89.44880
94.54972
100.35089
6.43760
12.81716
15.27718
19.47203
22.67616
25.37425
29.52663
36.58594
41.78181
44.17277
46.56176
47.50108
50.72985
54.59036
57.31586
58.43372
59.56356
64.53747
66.57151
67.08270
74.62782
74.57837
80.28108
89.87133
3.12322
3.97502
10.81029
13.15403
17.01964
20.25817
27.37866
30.85263
32.46110
33.77264
35.93030
42.11345
45.65485
48.68555
49.55365
55.16590
57.25187
61.71899
61.72038
64.18608
68.38464
71.86803
73.40321
80.62898
3.03540
6.36759
12.05733
17.52251
22.83800
25.32169
29.01804
30.44570
39.14532
39.66327
43.21774
47.16916
50.77612
56.76323
59.06808
64.07361
66.55608
69.57990
72.78398
75.90161
86.26464
87.44555
89.15446
91.35147
4.30888
9.29876
13.71097
14.64012
15.97633
25.89538
33.00421
37.27213
40.81588
43.46718
44.64369
47.67634
50.89681
54.34730
55.52523
61.81902
66.69944
72.72584
76.74420
79.00383
82.37330
87.34104
88.47636
92.54227
7.52853
10.95675
12.05874
16.82822
20.75123
22.62385
24.05965
29.57228
32.16796
42.34229
45.88986
51.90145
60.52125
66.94637
68.83689
81.56598
85.80191
88.04654
90.91554
95.60054
102.82613
107.41194
113.86397
118.15101
1.20011
7.15584
14.62842
17.17623
23.67179
25.59328
28.22372
33.66939
41.51035
45.43627
49.56854
56.95389
60.08996
62.97618
67.27236
74.22328
77.75218
83.85995
86.00970
91.61451
93.91454
96.13093
98.16934
98.93651
9.09367
9.60281
13.36669
16.93408
21.99376
23.36443
27.91093
28.93702
32.15216
33.50369
38.87252
40.32656
42.01860
50.39082
51.84381
56.17859
57.31822
57.65503
62.92454
65.21934
66.99795
70.95702
79.48216
84.12549
4.89663
6.76518
8.32919
11.73732
13.91934
22.81035
23.72787
25.50811
27.76242
31.05593
32.18302
35.37273
38.36237
42.15717
43.73441
46.17631
52.04617
53.47086
54.76478
60.90616
64.54932
69.13668
71.72220
76.62382
8.96673
12.35092
12.92820
18.77422
20.17374
22.22703
25.27321
33.53547
41.79868
44.06690
46.70261
51.28421
53.42840
60.24252
63.31025
74.55096
82.90642
85.19869
88.50051
90.29070
91.61324
97.19355
97.31957
99.33738
5.37110
7.93215
17.57888
21.75376
27.14245
35.18425
43.61460
53.63672
56.01134
56.95063
60.34988
69.94783
72.35608
74.14378
78.57514
80.21792
81.62347
83.02434
85.11013
92.43916
97.53097
103.54151
103.68541
105.54651
3.79305
7.34819
11.07214
15.01465
21.49098
24.89545
30.03508
33.26590
34.83665
38.90045
44.86360
47.80238
50.71974
51.44373
54.29034
56.88930
60.77610
73.09139
76.79026
80.36820
81.46573
84.08120
89.24322
91.37837
1.76651
12.17492
18.98692
23.72640
29.27300
33.84000
41.30000
47.33341
49.95761
52.77732
58.71463
63.27929
65.05020
69.39266
72.95262
74.26963
78.49165
80.78018
85.40962
88.64246
92.66134
94.05478
95.14162
95.98719
5.76957
9.76074
12.59653
15.74438
19.71589
22.29776
25.73052
35.40718
36.81127
38.36197
41.07122
44.22760
51.22261
57.98998
63.26013
73.33055
74.89922
78.55377
79.84368
83.27097
89.95138
92.07810
95.13782
98.38959
3.39259
6.40391
8.40746
12.40509
16.94316
21.12886
25.31637
29.28434
30.03801
35.09854
39.06243
42.13331
47.60427
51.17199
57.63624
62.31293
64.89023
69.47602
77.22641
78.99291
83.25047
90.56405
95.63846
96.09706
7.01704
8.37899
11.42319
16.99800
19.47567
20.54908
22.21283
30.88462
33.08327
37.93953
43.81807
51.88256
56.09693
60.21188
60.30032
60.93276
66.15777
70.11531
72.20004
75.67505
79.93053
82.36224
84.19532
87.09032
5.98897
10.02015
13.45332
20.14849
26.21209
35.48542
42.19474
48.16626
54.12211
54.48288
57.13360
60.68480
62.43749
63.49106
65.13028
70.70504
75.45215
78.98096
83.91058
85.67935
89.54517
91.07862
93.20331
97.72250
3.59496
5.34197
9.38631
14.94640
19.00512
20.77955
22.06061
32.83769
35.60960
37.04651
39.93983
43.79094
44.14569
46.01410
46.48162
47.82409
50.00048
54.45355
57.36760
59.45380
61.43779
61.44051
65.41363
69.02790
5.00173
10.39149
14.39557
18.54256
22.05932
26.15504
29.39136
31.40593
34.48981
36.83289
40.07311
44.30250
48.20266
52.58966
61.43037
64.00689
66.95278
67.23631
72.61130
79.99519
88.82175
93.34530
95.56552
98.74515
6.66628
9.68543
15.10567
17.11015
23.37225
24.53859
27.56359
29.91763
33.67142
38.00001
40.13712
44.46151
48.22274
52.90811
53.43896
53.79103
56.65158
60.43699
67.29609
69.78549
73.66285
76.45149
81.52934
87.17733
3.89824
5.21270
10.42285
13.57168
16.95914
20.31461
23.13368
27.28533
31.43075
37.22986
42.41407
43.85451
47.15396
47.70016
49.10258
49.37178
54.10912
58.71578
63.55369
72.48581
75.14647
79.99162
83.53575
88.67804
3.10784
5.47353
11.72321
19.46673
19.92734
29.80697
32.96925
38.36116
42.25472
42.31839
44.37846
54.29560
55.58094
60.41799
61.10602
68.80312
74.25293
78.60450
79.85801
83.19966
86.18355
91.66572
97.11596
100.45224
1.86091
2.59087
6.79628
11.56862
16.12963
18.69664
21.00982
23.81866
26.95172
30.97549
34.97521
39.28956
42.50806
47.97188
50.49543
52.19293
58.50169
60.22847
66.70937
70.53102
72.39097
75.92907
76.59389
82.11313
0.55296
4.53477
8.01459
9.25669
11.36843
13.10738
16.66679
19.30078
21.44323
25.35240
27.65733
29.74304
30.37439
33.06187
34.80521
35.09201
38.86228
41.35319
43.39367
46.34721
49.32212
51.85235
55.68405
56.71997
2.90348
9.02033
11.78836
16.73861
22.75811
25.33859
28.30587
30.26081
31.21062
36.05998
40.68110
42.18428
42.41128
45.73928
47.37384
49.84032
54.07900
58.63853
66.54028
74.58572
78.50977
79.14385
86.97417
91.31051
2.10922
9.20419
10.48096
14.82497
22.11551
26.81965
30.90009
33.67549
37.77732
40.56543
47.53296
50.89441
52.02432
53.99980
56.08897
59.45374
64.25569
66.47492
67.57318
71.06821
74.06540
84.51496
87.03272
88.41605
2.44230
6.08897
9.06380
12.29383
17.39477
25.12335
25.91012
28.72630
33.42272
35.63252
41.22568
45.13732
46.37591
47.42641
58.04477
62.60043
64.48255
65.56521
69.32661
71.95805
80.02484
80.78653
83.99983
85.81007
3.07706
6.27016
8.19471
9.38827
12.52669
21.66544
22.77792
30.43317
32.84665
34.91551
41.12524
45.97202
47.18736
55.52754
60.37321
68.19244
69.88959
76.45926
79.88047
80.91128
92.74408
95.79887
99.71870
102.56787
