1.86641
5.08033
9.90617
14.28560
18.84999
25.25269
28.19003
32.45203
35.65348
37.77652
41.20461
44.03933
50.79494
52.19804
57.73414
63.70389
68.95359
73.50509
73.95500
81.75447
84.46139
89.56609
91.02603
92.63591
101.56853
105.18893
5.50408
9.96291
16.45250
17.59888
21.29716
23.30725
29.93084
32.97373
42.68249
49.36526
52.37444
53.82803
55.26012
59.27174
61.79401
69.05480
72.05283
75.82319
77.05056
79.62605
86.18347
90.27959
93.35753
100.89581
104.96445
-1.00000
6.17364
10.46422
11.39996
13.89247
16.75273
27.68716
29.13745
31.66243
35.46512
41.83902
45.54867
49.01329
50.24185
53.27749
56.36025
58.94047
63.86955
64.55739
67.06322
68.22909
71.79435
72.17364
80.68053
83.40199
83.94494
89.76920
4.36915
8.18402
12.38073
15.92715
17.13566
23.43828
25.73936
30.66563
34.18666
36.01829
44.28515
51.25759
53.38995
58.90389
63.80958
67.63081
72.14589
79.51417
86.58816
91.15905
93.29566
94.40670
95.19681
103.31038
106.66792
114.59225
6.13364
7.66390
11.77583
17.61407
19.07030
21.27450
25.20492
27.48424
30.91384
35.41072
37.79382
40.83531
44.74881
51.14124
54.39228
58.88256
61.16012
65.15205
72.44394
73.66402
75.07546
77.79309
82.09272
85.03201
89.83632
92.49945
5.66470
8.24876
10.89123
17.65162
22.71105
24.67239
32.56814
37.08854
39.23592
42.40363
43.96642
46.75518
53.67189
58.28250
61.10574
63.70854
66.14177
71.96634
77.22084
77.79848
80.44048
85.36642
87.73812
94.38309
96.82401
99.69380
6.01432
9.68574
19.63764
22.59287
26.49564
27.92318
34.87460
37.00764
43.49782
47.14291
49.83019
50.45008
57.31887
58.76450
60.26113
64.32225
69.95648
71.41591
75.16541
77.44411
78.88419
81.29651
86.28701
88.66947
91.88199
93.62764
3.39630
12.43257
14.24646
20.61970
26.56607
30.00038
31.99602
37.12375
40.93064
41.21413
46.78277
50.18915
55.34912
57.95475
63.21730
69.12937
70.96289
74.94533
79.90470
83.36934
93.53859
97.40763
99.68827
102.45240
103.96843
108.17543
5.96127
10.81932
15.09314
16.81704
19.31548
24.89965
29.27502
32.72688
37.34815
43.81425
48.29692
53.04856
56.25558
64.33272
70.81661
72.62676
74.76978
75.97908
82.49634
93.03829
93.13173
95.27215
98.58218
102.38364
105.02095
112.59652
5.88299
10.21523
12.83945
13.99394
15.84361
23.11739
27.03015
29.33816
36.65652
39.65373
42.22730
47.99412
54.08617
60.23163
63.85500
67.85325
70.32817
71.89328
76.89192
85.74340
86.53038
88.95467
91.50295
95.86150
96.15893
98.49935
5.32842
10.75234
16.60804
17.12204
21.56956
25.31036
30.20153
33.85531
35.38705
42.60483
44.05733
47.76222
50.98431
52.43716
54.45612
58.39717
59.21533
64.25426
68.18259
72.22738
74.99321
82.36926
84.74526
88.23799
91.66958
95.39592
8.03167
19.77632
25.20844
28.69722
31.06405
41.55119
48.03150
52.83612
54.77193
57.54012
59.63100
60.83592
62.01129
66.15193
73.28952
76.49960
81.02307
84.96585
88.35095
92.71594
94.61218
98.72723
107.03594
110.20871
115.44825
117.94334
1.81604
6.46553
9.06578
13.10914
19.88308
22.67301
23.89975
30.83029
35.09887
42.28474
46.83708
47.11814
49.73293
53.90671
61.69844
66.57857
69.59214
71.49112
79.41232
87.27831
91.89837
96.99254
99.29309
101.11228
108.42071
111.61606
9.16203
12.09052
17.87634
18.89188
24.83783
28.19019
34.22901
39.14220
42.26989
46.89217
51.78727
55.78797
63.49375
66.87506
71.76828
72.29806
77.03176
82.19055
84.27482
85.73123
88.72303
91.54093
94.13981
96.50213
102.65438
104.08852
2.86190
6.09523
12.61342
16.34461
24.92660
26.77101
30.85148
34.58177
36.73189
43.77227
48.41973
54.03202
56.53347
59.06228
62.02999
63.53089
64.94317
67.78300
73.29735
75.79123
80.92446
85.36274
90.44450
95.29396
96.80277
100.78043
4.45514
7.85153
10.04923
15.69549
18.73979
22.16120
23.64652
26.43136
32.68555
35.58262
39.82455
46.79422
49.99859
53.35405
59.38472
61.69492
66.63824
69.87148
74.00034
78.10479
79.95046
85.49849
88.29832
91.91497
95.45602
99.55713
1.50901
2.87166
5.90862
11.33709
14.54317
18.44715
26.97020
31.41888
34.64290
36.27165
40.11844
43.64753
44.87671
47.25056
53.63062
56.11373
57.45424
62.81471
67.33981
70.33604
76.42904
76.79876
82.72336
86.38104
91.83316
93.93101
2.19179
7.04163
13.04553
19.31040
23.81584
28.95857
33.67907
38.76519
41.86363
44.76327
51.33904
54.46638
57.92464
59.75746
63.11087
67.77596
73.80087
75.73758
77.70103
83.37340
87.83060
91.47042
92.14786
96.22895
99.26326
102.08620
5.23412
9.24568
14.02675
19.46901
28.53728
32.64349
38.25292
39.30200
42.37219
44.26760
47.82872
49.94303
55.72768
59.84784
62.75376
65.47779
72.07135
81.65309
86.50580
88.29366
90.21978
93.21770
95.44171
102.50362
107.82044
111.87820
1.76754
11.28842
16.43307
21.46624
25.20614
27.96263
31.84298
39.51558
41.99296
45.12875
52.45096
53.71445
56.10196
62.29322
64.14894
66.34348
68.02291
72.97200
73.85931
78.68580
82.10152
89.13980
96.19848
99.13903
100.26223
105.09960
2.26923
4.21849
9.88557
14.58830
17.20781
20.35610
24.21592
32.22325
34.01074
46.24270
52.59886
53.62177
57.27692
61.80922
66.96495
70.42571
73.34141
78.78197
82.06917
86.82911
90.34239
92.07802
95.36544
97.87699
99.29078
106.84626
1.78324
6.68194
12.16805
14.88055
23.88653
27.47169
34.64720
37.83568
41.08814
43.89116
48.05101
49.75221
54.56570
55.74800
62.96119
66.27631
72.58428
74.87520
80.65440
83.09297
87.54000
88.67663
91.42454
92.32569
93.00431
96.82420
2.69193
6.16674
12.02876
19.04236
23.34976
27.09447
31.12676
36.41432
41.21775
45.63933
51.78094
57.30338
62.91303
66.69849
67.53020
73.48048
75.23098
79.17743
82.65438
90.20537
91.31959
99.78296
102.14325
106.51094
109.93320
114.76629
4.04774
8.03417
11.46554
14.61293
24.24152
26.98815
34.39198
38.31096
41.51672
44.14530
46.02323
51.79629
54.74329
58.31078
63.57917
70.21753
71.92955
79.47358
84.93901
86.86373
90.95895
94.10557
95.92434
99.27878
101.48745
105.13933
5.71157
8.12019
12.32251
15.26476
19.45429
26.30708
32.37575
33.23885
38.49296
43.18704
46.06705
47.99296
50.19384
50.86381
55.36144
59.11325
60.46703
63.98182
65.37386
69.71098
70.20421
74.90047
79.02772
82.03872
83.77606
85.98507
2.05639
5.50060
7.21638
11.81600
17.39914
20.14297
25.18282
26.56393
32.29816
33.85675
37.74528
43.67689
46.50690
51.51615
53.59302
58.47248
64.96174
69.26753
74.13363
78.02412
84.44232
84.47372
88.01159
92.42206
94.07045
97.87388
5.26962
5.39936
10.25199
15.26517
18.66213
21.93476
27.52578
32.14479
35.32353
37.33888
42.88629
45.42678
47.43116
55.16755
56.00866
59.39880
63.04664
71.45602
77.06548
78.68193
85.49203
90.71827
93.77756
100.18186
104.65605
106.97448
2.16135
3.34948
3.58929
11.09841
15.31437
19.38149
25.48083
34.40840
41.54866
44.17418
52.18026
58.59488
61.93832
68.63934
68.61123
74.94315
80.29572
84.67552
88.37535
91.57981
96.09601
100.97573
102.63532
107.18113
109.12854
110.98981
2.08708
3.91101
6.49854
13.88209
19.69719
26.48395
30.52518
33.01724
37.87533
39.79016
48.48896
52.66315
54.98513
55.49114
61.47670
67.18258
70.46868
74.47286
76.69164
78.48878
86.66474
90.11183
92.75195
96.06760
100.24445
104.85916
8.12637
9.93321
15.12282
19.06197
24.75324
27.95551
32.51097
37.04169
41.39036
45.06636
50.45473
54.94169
58.38682
64.04132
66.70112
71.55945
75.46077
76.79931
77.86580
78.86073
85.50505
89.42972
94.03968
98.59743
103.39841
105.94980
5.60313
7.44633
11.68551
26.78712
27.42194
30.81191
31.93906
35.64579
40.27776
42.73883
49.53671
56.72290
60.39095
65.98692
70.37682
75.94731
78.69714
85.35897
88.73199
95.39176
97.57537
100.73645
102.68641
103.50561
104.47413
105.85774
5.16790
11.56049
14.13010
22.97427
24.40367
28.43996
34.71008
37.53851
43.26244
47.13277
48.88417
51.54125
53.33177
57.21946
59.31155
63.76586
66.93074
71.71475
75.27951
80.32581
84.75933
90.56052
91.28306
92.42164
94.53587
101.22364
2.53389
6.26882
8.92653
11.48515
14.28067
17.08532
24.05639
25.25982
33.32344
33.83243
40.23595
44.49531
52.18963
56.18209
58.20529
60.68344
61.60753
67.67915
67.90948
70.89007
72.21763
75.23514
76.58356
80.04791
84.68616
88.41774
2.83526
5.17496
10.08284
13.79693
20.20805
25.60447
28.07730
31.12872
31.24973
36.05725
37.44354
43.77335
45.73901
49.46636
53.68923
57.20102
61.21689
62.59588
66.48323
70.08965
75.59432
80.05682
85.17668
91.45668
94.02155
95.58882
1.61702
5.48626
9.59478
13.95605
17.48692
20.97389
24.79900
30.94802
32.36286
35.95455
41.24436
48.16120
51.62421
58.14552
64.07825
66.69383
73.78249
77.32209
79.01277
86.61860
92.15790
96.70651
101.85455
107.02332
108.83192
111.35647
8.29479
14.49309
16.25843
18.19595
22.82519
27.48009
30.68019
34.11964
36.56535
38.18617
38.76965
49.45312
55.16480
61.24560
64.42262
65.30267
68.50929
72.05576
78.15586
80.99530
84.14872
86.40310
93.18162
97.54212
98.74885
100.95785
0.90483
6.06170
14.95290
20.87324
24.74935
28.66913
29.50073
32.20544
34.73344
38.00368
44.55248
47.57368
50.69760
52.67782
57.22439
60.41621
65.22929
67.13763
71.79214
74.07767
80.54825
86.21302
92.54405
98.48067
100.43223
102.96017
1.04735
4.77517
14.08781
17.10146
21.60246
24.11231
31.37552
34.14430
39.75596
46.14504
48.64964
49.88141
58.35403
60.46644
62.63542
68.26288
71.48601
74.38619
82.11029
89.05963
93.92325
100.60035
100.64174
104.97335
109.96475
121.99318
4.00156
8.06248
15.71452
20.72447
22.78614
28.05142
30.09750
36.43294
39.92911
42.38044
46.41905
49.80075
54.35366
56.22278
59.32217
61.62201
66.44611
71.00329
73.66467
77.17224
79.67686
83.57134
90.71045
94.43712
95.55968
97.47737
4.09197
14.97786
18.25293
23.07417
27.83320
30.73950
35.58518
42.00674
44.41864
50.63686
53.26666
54.45234
55.67730
57.61644
62.50085
65.70117
72.76511
75.98503
76.14287
79.90702
83.97628
84.08485
87.55998
90.96546
92.31656
94.15657
6.26237
11.92447
15.57621
21.69690
23.76734
28.82194
32.90774
35.32379
40.17346
45.93787
47.70728
49.54121
53.75681
59.97507
64.55801
69.24636
71.39637
76.29352
78.26209
81.34518
83.69812
86.38716
89.41896
93.35667
96.11357
98.91902
6.21654
9.74147
14.04837
16.18030
18.26714
28.52020
30.47046
32.53304
33.12262
35.47373
42.51446
46.12227
53.18095
58.48681
63.60901
67.03648
70.74882
74.29290
77.19179
78.00535
80.20758
85.34513
89.39537
95.50915
100.20266
101.27684
5.23467
7.54405
11.14963
17.68652
20.85880
24.17906
26.99546
30.94774
32.96362
40.17064
41.18056
45.44530
48.14535
53.29677
55.41498
58.04937
61.39532
63.36627
64.12435
70.92213
77.10757
81.23831
85.62424
86.16251
89.50982
90.54072
4.85543
9.48850
12.30914
22.13017
28.87111
31.29743
31.56609
36.77632
37.61322
44.74517
49.23162
55.95931
60.11515
64.17862
70.57442
72.01434
76.13634
77.69349
81.47499
83.09250
86.76082
90.29496
95.10315
98.39100
101.48078
104.46637
6.04565
7.21516
16.57488
22.70865
26.40357
30.10245
35.69974
40.59523
42.69691
49.40718
53.96641
57.02212
64.01462
71.36943
76.81622
82.67857
88.20434
90.16086
95.14048
99.99722
102.71022
103.76620
105.34779
107.75743
113.40380
115.86399
6.25691
9.06465
14.72338
17.63828
21.23081
29.45462
31.88889
33.96549
42.94656
48.72847
54.59618
58.12842
64.25515
67.41578
72.25055
75.01879
79.33850
84.77617
86.77136
90.28670
95.77535
99.50041
102.95763
105.86325
106.62897
107.76163
4.38364
9.30688
18.24777
20.69859
22.22574
27.11551
30.39253
33.51696
38.34553
39.70925
44.78064
51.99203
54.31369
59.20954
62.60367
63.84070
70.10029
71.50080
75.08472
79.44426
83.12879
83.83134
88.39317
89.90061
92.78365
96.28770
5.73273
10.67035
15.99944
21.73277
25.82527
30.44699
33.63367
38.29108
41.10615
45.45185
47.54737
52.34453
57.00356
60.93804
64.88486
68.52832
71.24124
75.90254
80.66744
85.66612
90.79990
95.29042
101.90841
103.63712
105.32274
105.57502
1.54203
4.01012
10.54622
15.84907
21.32571
29.95740
35.33291
35.77163
41.38059
44.54465
49.32809
50.96048
54.42804
60.59075
64.18746
68.45704
70.36364
72.57885
75.39856
76.73327
80.85303
82.98973
88.35236
92.71835
95.92049
100.36653
6.16972
9.12526
16.44220
19.32031
23.76137
33.65827
39.60224
43.06757
47.96170
51.45892
55.77453
58.13494
62.74500
68.61619
72.01064
73.59773
74.85151
80.20544
84.62885
89.24507
92.35542
99.43865
102.70925
108.49086
110.35702
117.02214
