6.28450
22.69741
36.96836
38.07148
46.19927
54.31297
83.02860
86.27818
90.04601
97.71058
106.28145
123.23110
145.00501
151.30898
153.06463
159.34989
168.16860
182.00963
194.49490
207.54310
8.56039
14.19965
36.79784
51.26165
59.06185
61.63269
64.55043
70.10050
83.12913
118.34344
137.97738
137.97763
155.52735
168.91556
207.66658
226.17353
238.48524
243.94624
244.80333
246.79871
20.82411
30.00984
73.41268
78.39157
93.91546
95.05902
106.46892
133.24533
141.46078
153.00444
160.24064
163.83130
170.29342
181.29384
190.22424
183.10051
191.88915
193.21573
194.41858
224.09792
7.96218
23.69951
29.96387
37.47831
54.05823
71.52175
75.83164
82.58947
104.94038
122.83423
139.09042
166.91763
169.88069
175.92615
200.11855
206.83486
208.62742
219.67917
232.81532
240.64849
17.12110
27.07142
35.59044
89.27720
93.42940
113.72262
114.40394
122.79043
142.22269
145.96462
157.49676
182.28227
188.63452
194.23166
207.21307
230.58959
232.07858
250.28324
255.46167
270.36281
22.91348
40.80609
44.80708
82.63590
92.94630
112.55448
115.89380
146.35840
160.20611
162.77238
186.33249
208.29166
218.89488
226.67718
240.03732
261.93778
269.56326
299.68839
301.55650
322.85387
11.20690
26.12692
33.61109
44.81467
52.91823
58.83561
73.08339
82.11091
87.09327
98.71842
102.72005
105.49307
132.92965
151.98275
165.93382
174.62374
192.95706
193.04874
221.22766
237.86003
10.09072
21.30583
25.57134
27.55430
47.12594
47.86898
61.69141
71.77266
82.47803
83.74355
131.57637
135.41402
147.72148
163.09175
180.16977
188.27654
206.34454
208.36019
220.19364
241.62729
8.95994
15.76733
30.45948
51.04682
68.59830
85.31103
94.16665
97.98797
100.88861
114.93129
119.51749
139.94503
159.39736
182.94688
184.25472
221.56190
250.85511
275.47850
283.40919
285.67531
13.03732
18.93164
23.59215
26.33752
43.44250
61.32128
68.52998
70.76313
76.03874
85.70049
93.65289
103.33559
111.12483
130.29297
148.65280
153.20114
163.52988
177.20790
187.56205
196.33976
24.54801
30.53459
44.19494
56.50149
87.91445
93.46875
112.57048
120.96837
130.32573
148.14556
153.67476
168.27538
172.19869
185.45170
203.27707
209.96775
215.66341
220.06455
232.00895
249.18453
1.37288
19.42502
26.24095
32.16811
39.92783
62.84054
72.69139
93.77805
118.96780
133.25006
165.96061
171.54425
198.03397
229.54923
236.53564
240.12488
272.18783
279.74352
279.11182
291.34712
12.28147
20.44591
32.14080
44.81820
60.48500
73.81963
75.42191
83.15700
91.16794
97.07847
110.96077
127.64338
141.64277
145.18970
176.12804
182.11580
204.95186
208.62959
215.66806
227.51833
18.56996
26.23835
55.86802
48.20351
57.80496
68.06748
73.13093
89.76411
96.73865
121.46985
140.72772
155.24706
162.83586
174.95080
178.35111
187.27088
216.19296
220.32122
224.04389
232.78611
22.73533
23.32449
41.91734
64.62536
72.35831
85.56655
86.15775
101.90023
151.05447
185.68434
197.39302
213.90456
245.07533
259.07457
264.98346
279.58819
288.56581
295.07464
294.16473
295.71073
4.66898
18.07081
33.60741
41.70336
46.74384
63.10797
69.09661
72.16858
86.03441
87.02736
91.33860
104.23457
111.35648
135.73109
159.31631
167.85752
175.19106
182.04053
187.24845
212.35101
24.80332
48.79535
58.81998
67.00850
85.04844
111.17968
123.43126
138.17904
155.68196
177.71744
195.42177
202.50795
214.94890
231.67137
234.94187
237.03113
237.05110
243.09228
250.78044
276.17623
36.18543
44.05663
57.27321
59.15985
87.20452
98.90500
101.00063
118.70132
147.06013
162.67694
164.68403
185.80649
196.88251
214.49218
219.95693
229.15100
226.38759
251.56116
275.70609
278.31676
14.17322
22.33420
33.57399
41.70067
48.99455
77.98664
84.40052
113.04786
136.47769
148.56303
154.24798
165.22383
178.94065
180.99069
187.89343
236.61252
229.28356
257.44164
277.09142
285.68465
15.74394
27.91374
31.58147
35.34915
49.88569
55.25085
95.23658
106.76652
131.44136
137.50124
156.57140
167.71194
174.99485
192.56712
193.51370
233.83810
242.11638
244.01355
246.64171
262.00649
24.66751
34.79188
44.20666
50.71910
58.82084
71.57248
88.02215
95.50715
98.77150
105.56636
108.78977
126.47559
145.95104
155.05524
165.57856
186.28110
190.52460
208.10528
217.24883
225.74512
10.07900
13.46355
33.54529
51.91304
73.92219
98.55668
100.52480
117.09878
139.35720
160.45745
163.87564
164.44182
172.33416
191.61218
198.73505
220.78561
221.68403
235.75942
241.07825
266.06477
22.78969
48.77000
65.21756
78.77099
83.08649
101.20268
117.86739
124.23537
152.33586
165.83046
168.10703
175.15114
179.76833
182.00817
182.01586
200.25733
234.04825
238.10370
243.56333
245.67086
8.16095
22.35284
43.72191
80.15784
113.93403
135.01320
144.28993
151.67790
156.44354
170.73662
195.18773
211.96315
230.73647
243.02948
246.21734
248.11856
260.58958
266.27316
269.92602
274.20842
17.57632
31.08928
52.62550
54.38777
62.26711
76.43535
98.10012
102.79187
111.85644
127.51631
143.78325
169.52259
181.28737
200.50065
232.74093
238.14505
245.07107
257.17425
265.50535
267.19775
12.92067
25.10654
30.58054
42.94300
56.39181
69.32194
83.66486
92.42316
95.49834
114.65668
126.90047
151.74146
159.23411
167.35316
170.65683
179.43799
218.85799
223.63027
226.04861
231.98842
5.15810
30.95450
33.68766
46.49712
55.68168
65.79071
81.78616
101.23630
106.52729
118.53483
121.63867
130.27027
147.33270
155.91397
169.70495
181.14679
182.85185
204.44920
230.29658
238.45603
4.12420
19.34119
35.88683
39.93790
45.96238
50.10343
70.57310
90.71456
102.94073
132.85328
144.66378
154.78372
159.59687
174.66104
192.72640
209.72169
213.29917
225.63772
231.52070
242.04101
1.96514
30.11288
41.18276
60.62011
81.25634
88.73423
107.63303
113.44262
116.19087
119.03275
122.13715
133.27329
144.75058
170.76751
182.60017
204.67183
210.58060
227.70834
234.66506
263.27830
7.87188
21.50977
33.74003
36.07196
53.40491
71.33573
79.05909
91.37526
103.80932
115.11474
127.00728
158.58544
170.74714
177.87027
194.64446
207.44020
211.13187
214.48889
228.41681
240.91361
6.28561
18.60957
23.32006
37.42296
57.95551
65.28946
70.70683
99.28707
127.05281
150.81563
156.87669
159.42666
169.75247
178.82077
198.98417
203.08875
215.65955
228.38050
237.11672
254.61758
10.78020
18.11777
26.01776
30.01602
41.48801
52.99953
56.67622
66.15526
75.68675
83.27292
107.43475
114.98712
123.80790
138.34348
154.92297
161.50019
174.32758
178.95494
191.02084
193.58820
12.60380
23.71390
47.67369
64.80780
76.97356
82.22523
84.25586
96.82979
104.80490
124.84582
151.46679
182.84355
188.43339
194.49082
196.16232
201.58123
198.71574
205.64928
211.94419
221.09909
23.50648
57.67681
60.31765
83.98437
107.94047
121.11785
153.39148
176.93094
181.87926
189.11715
201.83116
202.17916
205.61813
206.13044
208.35810
211.10523
217.39201
228.87081
241.82612
241.85258
17.70941
49.28236
71.12597
84.65700
94.17872
98.49824
100.63171
111.81425
119.12640
122.10676
136.09615
138.35141
147.18746
175.11038
174.97686
181.71905
196.52961
199.03281
204.77165
209.31590
20.83933
32.43792
55.13212
79.19424
80.94876
84.69775
102.09021
109.21930
136.72319
144.72936
159.74107
176.38406
203.50577
224.87503
242.29545
249.72992
252.54007
277.27466
295.91185
296.22263
14.57932
37.08845
64.26904
78.72045
82.22491
105.90229
134.11932
150.36515
167.15686
169.05424
198.60101
215.41706
228.77988
239.99006
254.16003
279.41532
280.11291
292.65523
313.22773
325.93820
4.85197
14.97255
28.22054
36.03549
60.99166
87.56170
99.73877
108.34454
128.97309
142.00137
150.66396
164.59924
174.41717
210.64760
218.15615
231.03962
248.42473
275.06809
287.89226
288.53235
15.48866
36.37425
52.39887
90.78416
101.38971
123.92610
129.14535
159.09107
163.01850
185.65106
188.83461
196.87243
206.58788
213.61846
226.62376
243.51448
253.31522
260.89280
272.08534
273.28829
5.58612
17.17734
22.38832
58.54927
71.77383
87.43756
93.93618
114.70100
127.75103
131.50188
146.10866
159.74933
178.23295
182.74659
184.52760
184.94799
204.03497
204.48868
220.54471
232.02362
7.40988
11.34457
34.23733
43.14269
53.68275
60.71115
63.67716
80.55788
97.15082
114.96630
123.52814
134.60215
145.09648
161.36500
180.97796
204.85300
208.32028
215.32865
224.54977
228.04290
16.31269
21.74734
43.93757
67.23780
71.97565
85.66414
98.47875
100.72729
104.07917
107.14221
120.99624
132.36554
158.01700
189.83728
192.59129
194.37769
210.58082
223.18075
232.77870
235.42177
21.84086
30.41144
38.69548
61.80045
64.24006
93.54311
96.09259
144.93679
174.85913
181.68883
190.89683
200.53341
211.01387
210.23645
213.03033
224.82106
227.45194
232.00068
233.37392
235.73759
9.89444
37.87130
43.90146
57.65032
70.49629
78.48336
78.72474
88.34560
91.60434
108.93295
133.44195
146.52941
157.79517
165.29474
203.68776
211.46600
212.94017
224.74841
225.41160
239.51180
17.04482
19.33317
28.99281
36.14758
38.08723
69.27250
80.99458
86.96936
96.66608
108.43535
120.45365
129.44165
129.66440
149.01402
178.72968
202.54597
219.43015
235.81504
242.75603
270.78785
15.23425
32.45080
39.63622
51.61870
90.45106
107.99736
113.69253
125.25492
136.64929
147.49887
158.69411
172.16318
180.30642
185.81739
196.32172
209.40430
214.04363
215.51030
218.92667
219.71399
6.20986
47.09668
65.98969
82.29948
86.82272
89.47362
102.56436
115.54876
122.27576
138.34907
142.66663
156.42716
170.87977
176.35544
186.91057
186.56146
193.54800
197.63542
209.77964
247.11599
40.14587
47.15885
57.11553
64.13399
83.33771
88.95001
91.45665
93.86634
102.96605
122.60660
132.57143
153.64549
157.15834
158.44281
176.61411
191.19035
195.41004
215.72557
236.64802
251.96215
0.97644
26.30375
28.71967
32.54656
54.63376
62.18522
75.34352
83.18509
99.86605
121.40366
144.87858
150.75044
171.19824
171.76574
175.57306
212.10711
213.10090
213.45208
222.41217
228.54630
23.69377
50.78186
60.89579
75.32475
88.77812
100.92759
115.36271
116.39448
126.12470
132.93421
151.87845
167.40099
172.24811
181.90446
192.56184
220.95335
223.17564
230.93917
268.80991
273.00639
