10.24771
18.87553
24.95316
35.32811
44.38058
9.16523
17.57769
30.09726
39.86518
53.50766
12.09555
18.89107
31.95613
43.89954
45.00750
9.95378
18.99465
33.26867
44.97368
55.14589
6.71576
16.84150
24.61764
32.06914
42.76891
12.75334
22.12945
35.68970
44.51102
52.51811
9.73789
18.63342
29.12212
39.02698
42.97798
11.43400
18.94727
31.61941
43.60347
55.88120
7.35108
18.68983
26.67780
33.79163
40.62707
15.60638
18.29552
33.97936
40.80294
55.48214
14.45911
25.96668
36.53677
54.46232
60.94871
10.27226
21.96562
30.22582
41.64281
56.22998
6.88493
18.25207
31.14082
37.10057
47.64501
14.19484
20.90715
33.55557
43.95946
52.46162
8.72817
17.92948
27.45692
37.23285
48.46780
4.92909
20.08250
23.92879
32.19441
45.84717
10.74612
22.05411
35.47588
50.36485
62.35516
12.42423
23.09301
33.05556
42.09686
48.93226
10.51035
19.76338
28.65679
39.41392
46.66210
13.70573
26.31078
41.86593
57.98549
72.30053
11.43825
18.68182
30.34174
39.00288
47.41799
15.33131
21.42172
30.54688
43.58081
50.70542
16.14344
27.26758
36.13862
39.47227
45.36418
10.61057
17.16376
27.33896
46.84528
60.09717
7.83016
16.58424
29.37780
35.03916
48.85359
8.44203
16.80888
26.51311
33.27767
39.32862
13.66940
25.08341
34.19232
44.52080
48.69080
14.00905
33.04498
47.41061
55.12740
64.01107
9.12405
15.75343
32.21331
46.50941
59.91512
9.18776
22.04305
27.39319
38.25381
52.03364
9.72662
24.53745
30.58766
38.28109
49.97989
12.50759
21.24392
36.90444
49.16173
60.52362
14.19266
29.13391
41.60137
51.75229
60.06091
12.74552
18.76404
25.72490
36.50208
43.86277
12.98804
17.38571
27.09507
36.36778
48.35781
12.25587
22.64786
37.82568
49.39853
60.45612
12.57553
21.48650
27.87432
41.68842
51.91309
13.14829
25.65685
32.18859
39.96840
49.83473
6.93432
16.68168
33.30305
45.10109
52.93804
11.64100
20.78056
29.58161
43.11678
52.13125
10.84987
33.82517
49.14878
57.72831
67.32301
12.10625
21.03818
27.24770
37.94305
48.75049
8.72762
19.61550
28.66619
42.09022
55.55188
13.49450
22.56068
33.34018
48.40001
53.07620
12.50760
19.67495
28.35015
40.26509
47.81354
10.24465
21.48989
28.80397
37.07988
53.25398
9.11593
13.38147
19.00442
28.95290
42.32155
15.46801
22.90584
38.97708
44.26040
52.03857
10.45779
22.79815
32.57725
39.97471
46.60847
11.92232
19.18534
31.23918
41.82162
50.54620
