0.06310
1.11455
2.47776
3.89457
4.78700
4.91669
4.95191
6.31856
1.63297
2.41224
3.34778
4.24086
5.08171
5.17087
5.83066
6.95855
1.49543
3.05045
3.47889
6.02273
6.95733
7.86445
7.97641
8.21405
1.85071
1.98641
2.52362
4.66299
6.04079
7.18183
11.42379
12.11677
0.08209
1.73850
1.74921
2.41090
3.31788
4.34946
5.10996
6.35727
0.55656
3.61236
5.08016
5.31059
6.33628
7.52628
7.58196
9.31765
3.08367
3.77036
4.20971
4.23172
4.43545
4.78829
5.70140
7.29003
0.26747
1.85718
1.92351
2.89677
4.06664
6.02957
6.09369
7.22329
0.20395
1.67951
1.86790
2.24184
2.64853
2.91544
3.01694
4.04141
1.06931
1.96831
2.28773
3.09197
4.65922
5.65888
5.93438
9.32586
1.79372
2.18073
3.17604
3.77698
3.80067
4.68771
6.51020
6.95237
1.64262
1.69690
1.88372
3.18066
4.28018
5.51814
6.01889
9.70303
0.01371
2.11256
5.23089
6.14119
6.25217
6.66365
11.79877
12.86317
1.14940
2.05609
2.47271
6.02963
6.31882
7.47143
7.74935
8.96828
7.55740
7.78039
7.90029
7.96200
8.72907
9.62420
10.56327
13.95580
0.69197
1.37123
1.48266
4.50936
5.38922
5.89159
5.97257
6.51196
1.26716
2.49473
2.61833
4.02337
4.16953
4.71878
4.79723
5.34371
0.01526
0.45857
2.58536
3.07923
4.92458
6.82646
6.89798
8.67873
0.90074
2.01663
2.44716
2.45045
2.61829
3.51407
4.28515
4.99876
0.18054
0.52501
1.09997
1.85311
2.60000
3.54759
8.40149
10.89542
0.14654
1.36017
2.33096
2.64920
3.24567
3.30538
3.62820
4.37497
0.31434
1.13849
1.33725
2.22318
2.23049
4.73046
5.05312
5.61101
1.05089
6.16780
8.07289
8.55562
9.46406
9.48997
11.77018
12.47228
0.07575
0.14423
1.66207
3.51609
6.74861
8.18733
9.41433
10.15643
3.78510
6.38998
6.57760
7.73855
7.91945
7.92576
9.25092
9.74848
4.30073
4.80494
6.96443
7.38733
8.09504
8.83271
11.80758
14.19939
1.58626
3.70860
3.87760
4.76198
6.92032
7.07530
7.35097
10.16659
0.00664
0.55328
1.28653
1.30092
2.50186
2.69362
2.96709
3.04757
0.17257
0.89224
1.48314
4.35371
4.78007
4.97250
5.60827
6.00075
2.01652
3.05780
3.45030
3.82742
5.23695
7.31576
12.13949
13.76190
0.87698
0.93940
1.03705
2.53971
2.82806
2.82837
2.92180
3.13358
2.36712
3.61024
3.99780
4.23223
4.58656
4.59186
5.21556
5.27889
1.90304
1.99985
4.25416
5.89456
7.55985
9.21950
9.31340
10.16756
0.41863
4.09205
4.09507
5.14281
6.37868
6.37980
8.04838
9.53995
0.00027
1.42762
1.69386
2.86794
3.44140
5.06147
7.52351
8.87778
0.72229
1.44482
1.63453
1.85652
3.73956
3.88833
6.37629
6.90550
0.23158
0.40394
1.04326
1.68278
4.78288
5.89710
6.88410
6.89298
1.51785
3.85182
7.35349
7.79884
8.06304
8.77927
9.00479
9.59102
0.00409
0.27189
2.02565
2.64909
2.80803
2.89811
3.37826
3.52734
1.76409
4.69725
4.82083
4.82421
5.34254
5.52918
7.82215
8.14806
0.81841
1.69549
3.95070
4.04965
5.05996
6.81504
7.58997
8.00272
0.02476
0.64334
1.11054
1.93712
2.13403
2.20615
4.94355
5.11822
0.39930
1.25251
4.64088
6.42878
7.11654
10.87010
10.87010
10.88113
0.16266
0.28733
0.65713
2.24814
2.53231
2.54741
3.59489
3.65455
1.88121
1.94726
2.54311
4.58535
4.80371
5.24014
5.34322
5.61956
0.31743
1.41858
1.51452
4.62003
5.76202
6.55514
-1.00000
-1.00000
0.97635
1.18310
2.77521
3.75521
5.55459
6.69201
7.78385
9.48398
0.82894
4.32748
4.46802
4.93543
5.68806
5.69449
6.65695
8.55716
0.17993
0.23539
0.66771
0.66934
1.45087
1.53324
2.22360
3.13295
3.89134
4.96617
4.96667
5.74594
6.31761
7.56035
7.82517
10.05419
