1.59640
2.02562
3.30630
5.93982
6.55117
7.06322
7.18643
7.55912
8.28315
9.40568
11.77530
12.45386
16.50081
19.99295
20.74362
22.32403
24.19770
0.04358
0.05494
0.56845
0.56901
0.76816
1.09463
1.60443
1.69033
1.69728
3.28165
6.56380
6.76980
10.02287
11.72661
12.04040
13.06969
14.97514
1.42506
2.79468
5.38246
7.68486
7.89405
8.82419
9.04937
9.06432
9.34817
9.60139
12.28898
13.24100
13.33329
13.85137
15.55613
17.15397
17.38291
1.56992
1.89800
2.98543
3.47236
4.60423
5.28530
6.12575
6.48730
6.53272
7.56868
9.88931
10.01124
12.67944
13.34298
14.54720
15.35779
15.47604
1.76455
3.51802
4.44266
4.62093
4.89614
7.32523
7.40521
7.64714
8.53148
8.56132
9.91002
10.51490
10.82045
11.25392
11.57713
11.57894
11.87907
3.78496
3.90473
4.76470
5.74035
5.78589
7.12179
7.84968
7.85829
8.22051
8.71980
9.81646
11.77839
-1.00000
-1.00000
-1.00000
-1.00000
-1.00000
1.06762
1.51193
3.84445
4.39829
5.88291
-1.00000
-1.00000
-1.00000
-1.00000
-1.00000
-1.00000
-1.00000
-1.00000
-1.00000
-1.00000
-1.00000
-1.00000
0.68417
0.83613
2.41242
4.10751
4.82436
6.88271
7.06652
8.15453
8.50460
9.47326
10.07344
10.13883
11.21334
11.78563
11.93811
12.22064
12.61723
0.67320
1.20368
1.66743
1.76588
2.69240
4.13810
6.54118
6.62115
7.02959
10.10391
10.23312
11.52125
11.74312
12.79432
13.16957
13.83058
14.27359
0.36083
1.35870
1.52827
3.92954
4.10106
4.57363
6.15831
6.76615
6.80243
8.36595
8.59206
8.59951
9.90778
10.15888
10.22261
10.39231
10.88212
0.70911
0.71451
0.89511
1.90018
-1.00000
-1.00000
-1.00000
-1.00000
-1.00000
-1.00000
-1.00000
-1.00000
-1.00000
-1.00000
-1.00000
-1.00000
-1.00000
0.63513
1.62178
1.89294
3.12646
3.76887
4.08121
4.82353
6.08158
7.52966
7.58508
8.33376
9.92984
10.17238
11.02123
12.62881
14.33966
15.20948
0.82739
1.93785
1.97642
4.17669
4.37029
4.42580
5.95958
7.04257
7.56094
7.56182
9.93395
10.94404
11.40663
-1.00000
-1.00000
-1.00000
-1.00000
0.02982
1.50256
2.43149
3.34623
3.80262
4.28161
5.12327
6.20256
7.21532
7.69816
8.78936
9.86387
10.95569
11.87185
12.04070
12.11408
13.14386
0.28656
1.83938
2.53477
4.06839
4.18977
4.61904
5.11009
7.66657
7.66680
7.80910
8.15748
8.88164
9.79648
9.81022
10.44906
10.45512
10.68514
0.29678
0.41567
0.46050
1.24162
4.27643
4.40927
7.46737
10.21605
10.50485
10.89294
11.74159
12.02899
12.27366
13.19618
14.07116
16.63779
18.30745
0.12095
1.50866
1.65738
1.68617
1.73142
6.12235
6.63387
6.71717
7.77385
10.18401
12.11811
12.12619
12.13481
14.87252
15.75243
16.65449
17.39711
1.44061
1.52777
2.09630
2.54917
2.57552
2.76282
3.24859
5.62885
6.07950
6.16463
7.19271
7.54244
8.08949
9.28950
11.20339
11.31086
13.31844
0.90153
2.15844
2.36769
4.47986
5.45894
5.68730
7.76829
8.45192
8.48294
9.75790
10.13903
11.81367
11.95660
12.48446
15.05206
15.06879
15.08898
0.11654
0.15994
1.56553
1.64380
1.92805
2.80444
3.44819
5.42072
6.56450
7.20138
7.67230
9.11099
10.59487
11.48969
12.57944
12.67764
12.68433
0.77893
4.15761
4.21952
6.32932
7.27871
7.54409
-1.00000
-1.00000
-1.00000
-1.00000
-1.00000
-1.00000
-1.00000
-1.00000
-1.00000
-1.00000
-1.00000
1.01313
1.53885
5.95543
6.11758
7.26947
7.44349
7.54791
8.52763
8.58378
9.62708
9.63765
10.71578
11.43633
11.53571
11.57303
11.90720
14.73475
0.57906
1.90131
3.40688
3.93483
3.95516
4.00217
6.66310
6.91901
7.32740
7.52465
8.32201
9.08730
9.35829
11.67041
11.67118
12.15305
13.74525
0.13564
1.16729
1.17286
1.17384
1.17960
2.26142
2.88693
5.76122
6.09892
6.10420
6.10430
7.89243
7.93153
9.59106
10.19409
11.46242
11.62299
0.05312
3.28438
3.28442
4.23740
4.40474
4.54518
6.62080
6.66905
-1.00000
-1.00000
-1.00000
-1.00000
-1.00000
-1.00000
-1.00000
-1.00000
-1.00000
0.46609
0.51253
0.73373
1.73785
1.95605
1.99192
2.64656
2.72202
3.44935
3.44937
3.75425
3.81546
4.82270
5.45990
6.71580
9.59265
10.91880
2.16189
2.53345
2.86121
4.39131
4.71863
5.05692
5.46659
6.71124
6.72832
7.33344
7.67372
8.37003
9.69320
10.15832
10.16707
12.55101
13.21866
0.06176
0.21983
0.22004
1.56601
3.04213
3.40881
4.66560
5.97120
6.32016
7.39574
7.73391
8.67873
10.06748
10.53622
10.82454
11.21916
11.27531
3.62484
6.24363
7.36612
8.10785
8.10799
9.12693
9.36225
9.93006
13.33853
13.47695
13.54947
15.10875
16.12040
16.55668
17.56326
18.32982
18.38353
0.94815
1.55096
2.30242
3.34228
5.48999
5.67993
6.65569
7.61728
7.76056
9.07074
10.23556
10.34726
12.77013
13.50087
13.56279
14.16943
-1.00000
0.88459
0.89750
0.96395
1.72171
2.37575
3.10614
3.11275
4.86275
6.38074
6.38457
7.75213
10.75257
11.68068
11.95935
12.86523
13.44156
14.10098
1.81795
1.96644
1.97059
2.28045
3.35686
7.18038
10.16889
10.90720
11.40353
11.46599
11.76684
11.98546
12.16396
14.09418
15.32507
19.22005
-1.00000
0.62571
0.70781
1.51876
5.12548
5.12916
5.30096
5.97808
6.55674
7.18318
7.40623
8.04407
8.90406
9.63291
10.48528
10.49644
11.36851
14.45335
2.83687
3.27349
5.30034
5.51772
6.10332
6.22219
6.43585
6.99686
9.06055
9.90899
11.48875
13.72695
13.85085
14.55542
19.06618
20.50584
20.51617
0.19580
1.78076
1.97262
2.01435
2.03096
2.03391
2.06122
3.50776
3.65622
3.69459
5.51050
6.37663
7.33601
8.35573
9.96015
10.83303
-1.00000
0.70259
0.73053
2.05119
2.69192
4.28997
4.37900
4.70310
5.05173
5.08185
5.47882
5.56780
5.57146
6.03999
7.14549
7.19235
7.95152
7.96192
4.10416
4.54238
4.87667
10.34960
10.62661
11.41170
11.87614
12.09175
12.27643
13.08959
16.97972
17.12583
19.98762
20.24604
20.32250
21.29131
21.77316
0.32397
0.47143
1.31084
2.48851
2.55874
3.12223
4.03752
4.05401
4.06322
4.97753
6.63017
7.78840
8.37741
8.66821
9.49833
9.49917
9.71187
1.11318
3.43143
4.49420
5.04251
6.60445
6.76779
7.46895
7.81574
7.81815
7.92528
11.99025
12.75587
14.78757
15.41212
16.25223
-1.00000
-1.00000
1.32991
4.81245
4.94382
5.22821
6.85299
6.90457
8.23173
8.65147
8.95966
9.34343
10.18929
10.63832
11.45531
11.84862
12.36452
12.88481
13.33110
0.16263
1.27935
1.53205
3.80490
4.79847
6.41523
8.43487
9.04299
9.18792
9.71237
10.27929
10.64858
13.51474
14.05007
14.33874
17.19020
18.40274
0.21289
0.84454
1.18120
1.19878
1.44311
2.25586
3.31353
3.48611
5.61230
7.37217
7.49909
8.27014
9.16423
9.35576
9.35621
11.12838
11.34715
0.15572
0.47665
0.64493
1.98673
2.26722
2.93086
2.93138
3.39290
3.81609
4.10688
4.84736
5.86780
6.13373
6.82824
7.53440
7.71874
9.31618
0.00229
1.40359
1.42728
3.48308
5.90520
7.81073
7.84022
8.06985
8.98128
9.08199
9.88367
13.34609
13.62399
14.37115
14.70997
14.76035
14.76298
3.28227
3.95317
5.21344
5.90032
5.94608
6.17993
6.20288
7.34981
7.61040
8.35472
8.73113
9.82967
10.54299
10.55752
11.00100
11.70322
14.65583
1.44749
1.95419
4.44368
4.55504
4.55611
5.65797
5.73289
5.90736
7.12429
8.27360
8.64805
10.21196
10.97484
11.97387
13.93227
13.93450
16.30174
1.16984
2.00262
2.32602
3.21511
4.73302
6.10498
6.84013
7.03222
7.68874
7.80155
9.83695
9.98690
12.15928
13.12229
13.12510
14.68479
15.30790
0.22461
0.31874
0.70034
1.47820
2.60498
3.07325
3.39720
5.13752
6.05941
6.10394
6.72049
8.12454
9.06667
9.73563
11.06676
11.09397
12.61655
0.17564
2.45861
7.04690
7.93412
7.95324
9.12129
9.89929
12.15654
12.86150
13.14186
13.91137
14.11221
15.96315
17.22636
18.10700
20.34349
20.69100
0.25566
0.30249
1.32462
1.99731
2.79971
2.88929
3.85984
3.97467
4.88007
5.19824
5.42282
6.85686
7.58126
7.65407
8.32762
12.14749
13.74206
