0.44012
9.98594
10.35664
10.46348
10.50514
10.56936
10.86069
11.71048
7.58986
26.40534
26.43313
26.39213
26.51638
27.06345
28.15897
28.93135
5.97733
29.41290
29.64863
29.87814
30.32193
31.13046
31.36609
31.57509
1.44122
3.66790
4.38913
4.40130
4.84417
5.35008
5.35920
5.39244
13.06225
41.91853
41.92777
42.25228
42.25672
43.15541
43.71652
43.71802
17.13363
26.42062
26.54218
26.59566
26.80989
27.25491
27.85348
27.96645
37.62759
46.85678
47.50571
47.50610
47.88583
47.97218
48.47949
48.62394
8.78839
14.14719
14.57865
15.59341
16.29213
16.55766
16.96512
17.36982
9.52630
62.26779
62.55918
62.67966
63.22291
63.60907
64.17603
64.33897
13.35802
20.72068
21.29411
21.92313
22.07000
22.50992
19.11044
17.40189
1.14283
3.38688
-1.00000
-1.00000
-1.00000
-1.00000
-1.00000
-1.00000
3.31499
35.83826
36.13376
36.46307
37.34728
37.79568
38.44171
38.53824
34.69593
59.46788
59.56840
59.70926
59.97089
60.27942
60.80763
61.05697
2.87143
7.37694
7.70671
8.03335
8.07062
8.43688
8.75313
8.86919
4.39935
12.35445
12.94870
13.03910
14.34838
15.01614
15.14292
15.57101
31.65123
33.25817
33.25350
34.56890
34.65194
35.56945
36.46874
37.90297
14.33936
17.91341
17.94606
18.04316
18.34446
18.68184
18.85312
19.09573
8.44382
19.00192
19.92215
20.03015
20.25294
20.46046
20.88907
21.51225
10.00167
25.10981
25.50877
25.59148
26.07675
26.75654
27.14152
27.45554
27.93900
34.90211
35.64295
36.17993
37.14022
37.34950
35.91785
36.20775
19.63159
21.91757
21.97667
22.60017
22.56410
22.83256
22.36448
22.79632
3.89222
5.12106
5.23681
5.85265
6.20538
6.94369
7.08435
7.20589
33.75479
38.20539
38.29112
38.32393
38.55618
38.63757
38.91455
39.20609
3.86710
25.17518
25.31620
25.40439
25.95603
26.01180
27.02451
27.26756
10.10549
12.83268
12.99578
13.07260
13.88203
13.94378
14.64927
14.85664
31.29868
71.36814
71.45340
71.96319
73.01846
73.05039
73.14915
73.70894
11.82112
23.78902
24.07624
24.25705
24.56337
25.30841
25.89548
26.00225
13.49156
24.77868
25.13057
26.05659
26.30360
26.56498
27.20917
27.52308
4.87951
22.32858
20.64692
21.72236
22.71088
23.11349
23.29862
23.49892
34.04516
54.17088
54.71270
55.22307
55.67925
55.75805
55.96320
56.11107
8.80815
10.89682
10.99067
11.04783
11.95056
12.63323
12.78133
12.97919
10.18139
23.59956
23.83418
25.12782
25.29190
25.78796
25.89084
26.57045
11.66548
22.69171
22.81978
23.31575
23.96531
24.28247
25.23301
25.25569
3.86652
6.93373
7.12303
7.66811
5.41790
5.57318
5.58168
6.45407
14.82480
17.69016
18.44868
18.53801
16.61683
17.08650
17.66615
17.73108
2.74697
19.41228
19.80062
19.96080
20.37178
20.82822
20.99739
21.16602
26.48877
57.96110
58.38106
58.70752
58.82493
59.15895
59.80783
60.85413
21.21256
39.08576
39.41842
39.53993
39.99955
40.00930
40.05180
40.11816
2.34489
9.64569
9.77592
10.04504
10.05014
10.48153
10.84971
10.98919
10.26879
22.07570
22.31882
23.00161
23.32506
23.42684
23.92457
24.04535
12.86712
26.35097
26.36179
26.41144
26.61711
27.07829
27.41723
27.74719
29.68221
30.32433
30.42059
31.20973
31.24456
31.85643
31.90484
32.71001
17.52211
18.21694
18.50625
18.56973
19.05642
19.19738
19.47370
19.48687
23.16265
53.53864
53.71688
54.44835
54.81086
55.59896
55.74369
55.89048
14.40661
39.30289
39.48629
39.72772
39.25728
39.36637
39.58497
39.63874
32.03193
58.21282
58.44375
58.48995
58.76872
58.85174
59.26322
59.43038
31.75183
34.81231
34.86439
35.25709
35.87818
36.14169
34.90450
34.98512
5.25605
70.17922
70.60259
70.76359
71.04943
69.59790
69.94866
70.09923
24.38587
41.32915
41.69906
41.97409
42.24583
43.62266
44.11997
44.12682
8.86388
36.21850
36.68679
37.51476
37.95751
38.22358
38.50496
38.75486
