7.02453
10.65850
18.74752
27.29638
31.25930
33.06689
44.03163
49.83189
52.06335
59.58505
64.18619
66.57027
74.23313
85.18008
88.12932
92.65579
96.12752
97.90784
102.06265
104.61275
108.88858
5.45623
11.17235
16.96183
26.33099
32.05423
34.76821
39.48766
47.37833
50.31203
61.27145
63.28211
69.64972
74.17915
80.43611
82.90350
85.50760
92.40655
95.83862
102.41691
110.47293
112.10128
1.38943
5.85250
16.69546
21.64713
21.64714
26.59810
28.98636
35.77617
41.06274
45.57733
52.83790
55.71525
69.74143
75.22474
81.95866
90.34990
94.59154
100.28125
107.23364
107.58746
110.28088
8.76685
10.46187
13.26925
22.05331
25.81527
36.41058
42.76633
54.01152
57.21770
68.00500
72.91066
79.48212
88.40968
94.34998
102.35186
106.59596
112.53195
114.38420
120.54710
124.23755
128.77267
2.62662
8.00827
17.71345
20.24002
24.26680
35.39295
37.95488
44.01187
46.85485
54.93970
60.89423
65.83006
70.87594
80.74152
89.42642
100.85362
102.04610
107.73430
110.28800
115.34914
123.42725
4.63851
11.02511
15.32630
22.80570
26.22385
28.30167
34.26351
41.99925
42.82916
47.65966
54.84349
64.00031
66.83460
73.37496
77.51764
82.68994
83.44002
83.75849
89.29129
94.92250
99.12656
5.85730
11.81541
17.91524
21.21226
27.43466
34.09221
42.36366
44.77706
48.65072
55.61537
60.56906
61.50724
65.77723
67.85630
71.50765
77.26838
80.79700
83.26172
86.53495
88.51762
95.27022
4.16507
8.74261
12.08370
20.24068
26.90405
30.46767
34.91457
43.09204
52.45375
61.27853
65.66867
70.66764
72.06564
85.61885
90.60698
91.33069
95.04738
104.42196
106.77480
107.18193
108.89706
4.41708
9.17129
13.78320
17.89791
20.83413
26.70984
31.15320
39.62947
44.95817
49.41686
50.96890
53.76229
66.17701
73.27937
76.54819
79.49923
81.78374
82.98020
89.56025
92.41465
102.64987
7.88180
13.87387
21.31547
22.15442
25.58227
34.55486
39.65219
45.54702
50.50599
54.17558
58.00737
61.95086
64.37449
70.11728
73.43252
75.80855
84.12020
89.88135
92.23578
97.43587
102.95985
5.93791
7.20597
11.63365
21.08496
21.59772
25.04368
36.20997
43.84430
53.28772
58.09133
61.73361
65.20386
71.46611
75.34901
79.44760
82.32905
89.92325
98.39266
103.49764
110.92838
114.93514
5.27466
14.57492
20.73741
27.97734
29.58631
36.49120
42.04376
52.64925
53.44468
55.36145
61.52039
70.32575
74.89343
78.86050
83.04810
83.73716
85.13936
89.25600
94.59155
97.97638
103.47843
2.27176
9.70257
15.60879
18.33313
22.70896
29.78040
34.32174
40.57705
45.31626
51.11935
62.04676
68.50003
70.99939
77.86508
82.97575
88.28914
92.55098
99.10353
100.28750
104.25899
109.55566
2.51152
6.51896
11.49735
16.73784
22.99199
26.51601
30.00732
32.91768
36.04459
39.94807
44.57909
51.96956
54.08169
62.44737
69.68243
71.73812
73.78566
87.49331
91.81947
96.87981
104.16173
2.76936
7.41832
14.35765
20.75075
27.27518
35.85837
39.96008
44.57691
48.00231
49.56348
53.24959
58.45746
65.68051
68.05827
72.87904
76.24692
84.86970
89.40360
91.83153
95.79276
100.64231
10.18706
14.86884
19.69430
25.09726
26.07872
30.14335
37.79824
40.26612
45.87078
50.57584
58.17712
60.65102
66.36246
72.69512
78.83877
87.92779
95.20203
98.20201
98.43663
104.09712
105.78442
4.53564
7.14098
11.33764
16.82919
22.76261
30.57279
38.94710
44.55596
46.35368
49.24607
53.20302
55.88289
67.19317
73.60228
75.74159
82.16760
88.78346
91.56908
96.24562
100.37415
106.33887
8.94960
16.88460
20.19573
28.59509
37.31165
40.68973
52.93500
63.80714
71.83047
80.31976
82.85070
89.77814
94.06582
99.34000
102.02651
108.73296
110.98390
112.37946
119.97290
127.90656
129.10262
4.42687
8.60283
19.76776
20.39259
27.02515
41.28925
46.55969
48.79269
55.53234
60.54744
67.17108
71.38246
78.40668
81.05821
81.73734
91.40547
94.67971
99.67332
104.57326
103.00150
103.80680
2.64219
12.01059
23.56108
26.33762
33.45914
38.77896
42.19221
48.00112
50.42986
53.17044
56.57687
66.30366
66.65120
72.23599
77.81732
87.24922
93.43298
93.91320
95.36748
96.00526
105.61878
5.28936
10.64141
19.41460
27.11461
30.51767
35.99259
40.98323
47.34240
48.43188
53.26061
57.77881
58.80048
59.58792
62.97441
68.77647
77.32695
80.13856
85.93578
89.78948
92.01700
94.88236
3.45238
8.42554
11.74918
17.05062
27.42509
32.82756
37.28970
39.52260
43.76553
48.55139
58.89879
63.08578
69.17018
72.03521
72.04429
77.72155
85.26759
96.66692
101.50857
102.94905
107.72128
4.27798
11.55369
18.10371
26.32002
29.21254
35.02629
40.74644
47.06510
53.60557
62.19387
67.72794
71.79807
75.69878
80.87469
83.52710
91.50773
98.95584
104.74851
111.08661
115.94384
123.63942
3.05788
8.40100
20.09424
26.15331
27.85967
32.61275
39.30319
49.38969
54.10078
58.32021
75.00217
79.68439
79.88752
84.54648
88.24278
93.75751
104.53741
108.82811
116.49978
121.28323
123.50324
6.03828
11.46780
22.81103
28.33472
36.21547
40.97352
44.31617
50.46999
53.27863
61.76527
66.39066
72.25367
76.14368
78.96108
83.30423
84.42379
84.83270
88.18165
94.81262
99.58434
102.00916
6.37567
13.03416
19.50046
23.91833
28.48943
33.00168
39.46058
44.01752
52.52673
55.70826
62.12894
62.67437
71.57946
77.63804
82.44049
85.34308
94.00362
104.52014
107.40128
113.82046
117.86862
2.89720
8.63530
11.77273
18.15626
23.25991
28.04427
36.56624
41.44997
46.94957
54.54980
61.07241
62.60534
72.79802
74.93703
80.56365
84.81092
89.48089
90.78480
96.19777
104.85651
110.54214
5.25287
7.69873
12.98940
17.36032
24.94354
28.13403
30.22848
34.58880
43.91871
48.48299
53.59790
61.78279
68.46240
69.08766
75.06137
78.57894
83.17673
91.21854
93.43754
101.73269
109.99359
5.32642
10.48704
14.10206
20.18046
25.73111
33.70188
41.40834
45.96371
53.83240
59.71579
64.52957
69.16412
72.17258
73.27496
79.93148
84.95416
86.73368
89.59836
100.58318
109.02620
114.76830
1.97814
5.32437
10.22685
18.03796
27.66871
31.83244
38.62347
45.60719
46.78366
52.47312
55.92822
64.15970
67.67798
72.27523
74.85521
79.18081
80.85225
88.83335
95.47357
98.58550
99.35178
4.03659
11.20618
16.04289
26.50049
29.21012
35.02597
44.47484
50.72480
55.69828
59.28255
65.39213
68.40234
73.48468
76.00105
79.10223
82.80375
85.85998
91.59252
93.73087
98.89718
104.13305
2.26987
7.02080
14.44791
23.66720
28.04614
32.89482
36.62404
40.55388
45.80712
52.91498
57.26784
57.57787
60.28484
63.67081
71.75059
81.66977
83.40429
87.70008
92.99585
97.08210
104.61073
5.24339
7.97393
12.99066
22.65260
26.41392
31.11975
37.13012
39.56219
48.16516
52.24489
62.38138
65.54599
72.23994
77.56563
78.29593
88.77483
94.77474
95.21076
96.09077
100.20574
104.34305
6.65963
9.83541
17.05309
26.29771
35.36847
43.22073
48.50363
53.76537
59.77723
62.45723
69.24666
76.30015
79.47500
83.41336
87.38304
91.39401
93.07587
102.97839
105.51893
113.28644
116.86893
10.26633
18.36865
21.75354
26.69365
33.35279
40.45329
45.41844
54.16224
62.52485
65.59769
70.86494
74.01566
81.00002
88.45432
97.68298
100.74974
102.50328
105.26081
108.21836
110.63216
116.03162
3.41861
10.44112
17.94749
21.71344
23.77337
32.60138
40.24821
41.86764
44.49104
50.51507
54.94931
58.11674
67.56039
78.07977
79.60929
81.15580
93.63230
97.19925
99.06439
104.61634
112.66543
4.07014
6.75701
11.93400
17.05462
18.80387
23.25797
30.92674
37.05879
42.85486
45.21401
49.44102
55.19407
57.30403
60.69228
68.72197
74.53002
84.48467
92.09473
96.12466
99.12548
105.64653
6.21446
9.11200
13.66323
16.99653
24.37831
32.31834
34.10200
46.54239
48.82349
54.00016
57.32012
65.29655
73.14142
78.36574
82.23582
83.69801
92.16034
99.96696
103.00375
108.17155
113.94313
8.02920
14.61292
19.39455
21.90252
25.57440
29.12424
34.59939
35.66216
39.57246
40.97238
51.74347
59.02600
61.53630
67.67860
76.27168
84.49875
93.40474
98.49708
102.48193
104.31854
112.92146
7.63096
11.43031
13.39483
14.25347
16.43227
23.34309
26.08322
37.67178
45.47192
56.40403
60.68315
63.89840
68.66160
71.44615
77.46350
79.24516
85.58436
88.38751
91.34598
95.25722
98.78312
13.05615
21.11195
26.40655
30.98564
40.52977
44.42200
49.82547
56.84972
60.05329
62.55234
64.14103
64.56179
67.90037
73.26657
81.66676
84.04162
90.21748
95.67310
104.84283
106.53533
113.37947
8.46671
15.62444
24.80319
29.93230
33.41840
39.65940
45.09998
52.52380
56.84313
59.36445
59.53046
66.96854
71.60906
78.04454
90.40969
92.38875
104.35934
107.12244
112.73462
116.26133
123.41499
3.85487
11.33624
15.80639
20.43584
26.91837
32.17357
40.58095
44.69507
44.82519
46.62093
51.31441
54.40024
62.89774
77.24036
81.40443
84.66653
84.91778
92.02084
95.78819
106.27657
107.34756
8.96694
11.74143
15.94989
17.86112
21.76274
34.50117
36.15430
41.81052
48.04513
50.55649
56.93390
58.69108
68.52652
75.28036
77.68119
80.44799
85.71406
89.37420
93.10808
95.32106
108.00571
5.00873
7.06060
14.33277
19.24683
25.08107
31.11139
32.76425
35.93480
42.76723
48.18886
54.16248
58.19954
62.87479
72.49149
79.04595
85.56039
86.81574
95.05526
97.95202
103.33032
112.85429
6.49638
14.23578
21.56349
29.18383
33.63564
37.16201
41.70236
44.95647
59.95992
62.76077
70.58373
73.70842
74.22235
78.02599
82.93191
84.85948
86.51741
90.56813
93.75206
104.27279
106.63328
7.54310
8.72419
14.99834
18.45997
22.82754
27.55873
35.01362
37.33562
46.00585
49.51054
55.11868
57.84529
59.87951
64.93468
66.35139
69.09668
74.43570
77.70528
86.56520
95.36779
102.07619
2.26833
8.27046
15.38269
19.20699
27.29374
30.92707
33.65284
40.56344
47.87475
53.92028
58.64873
66.32815
68.40844
70.55040
78.90863
84.60982
90.85731
93.00720
94.31276
97.72670
102.86326
3.55800
8.79986
18.09820
21.15730
26.65610
35.96267
37.37652
37.64703
43.96532
50.02110
57.46391
61.96618
74.24428
79.53218
87.14936
98.44063
100.82102
107.08736
114.14779
121.29234
125.85769
7.44950
10.82416
16.10797
24.45670
26.79334
29.05111
31.89177
37.62752
45.44077
50.48033
58.48897
64.31295
64.31318
67.94405
72.94766
78.67207
79.56898
84.85320
87.19029
90.19440
90.36852
