5.19848
15.31882
22.50221
47.72886
58.87662
67.63901
79.00273
95.91440
103.94622
118.77308
137.35842
159.71782
182.94701
184.57925
188.51406
11.91771
20.04775
26.36122
35.74742
42.18156
58.38354
76.94416
87.63709
101.50443
112.49898
121.60479
127.36901
133.57317
140.83134
143.15950
9.84106
18.38399
21.50384
42.26847
52.62035
75.90461
81.83928
90.99339
107.68498
118.67448
132.01376
140.61037
155.75024
168.22694
196.10741
10.66311
28.19178
36.36152
43.21547
48.36427
59.23740
71.79625
81.35241
97.13139
114.56683
121.32837
137.99311
137.58302
163.14396
164.78607
7.23729
17.14170
31.40533
39.40171
60.07060
74.74641
87.64352
95.61635
113.28928
133.57069
165.52768
176.95442
182.28932
200.63057
202.77623
21.49692
39.36107
54.68159
88.02053
100.54483
109.05658
124.51944
128.17505
135.44742
138.39570
153.99539
163.48570
170.51105
177.61804
180.96412
24.22978
39.48207
55.91881
64.98998
95.45515
105.14800
119.23522
130.21977
138.32013
145.64735
146.64541
158.12273
167.88821
172.26605
179.18293
16.86901
20.68340
42.92674
55.60908
61.67387
73.11868
93.26380
107.96749
111.59229
126.88151
136.14519
139.44843
148.39022
155.28392
159.62837
12.05878
27.52424
44.54043
55.67588
70.76730
82.56875
88.30461
93.67878
108.36448
111.28392
126.50661
141.61000
156.25368
167.80326
169.58091
21.27929
29.36672
35.84270
38.57011
55.23437
62.20612
84.91339
97.99783
101.19285
113.46824
121.61720
125.75240
129.14636
137.69106
147.34986
18.13263
36.16611
45.79341
49.36133
57.52715
68.17889
75.48671
87.59908
101.66521
107.51883
111.58343
116.38858
122.02634
126.05837
138.85155
17.75860
29.19667
47.11510
55.98896
73.78448
85.11778
107.73593
135.28005
139.07468
153.54236
162.64241
175.27544
190.55507
208.30946
210.05944
8.06559
18.31715
20.02503
30.59903
37.97724
49.95672
58.57888
83.27855
92.67130
100.50456
122.87248
144.52718
154.09218
160.39692
175.08880
10.49654
28.69710
29.44478
39.14844
51.85230
63.37452
89.66989
93.71031
102.03874
119.25102
142.67290
156.54616
174.49937
178.99128
194.74747
8.32412
14.13952
27.76091
42.82954
58.82494
84.40079
86.98053
101.12764
106.49911
130.53235
143.28453
163.73206
167.68315
187.41202
197.22361
26.17919
32.98790
59.17717
70.78324
93.24944
101.65066
102.87110
113.02786
142.62337
145.27491
166.12667
184.54384
188.13793
189.24870
195.88112
23.34100
41.43174
57.18304
90.33113
104.23994
124.44889
128.53962
151.32835
157.08004
161.13379
172.36979
194.16203
195.80762
201.91568
206.38169
22.71737
38.36416
44.68758
60.84726
56.56318
71.99208
78.00471
99.58145
106.61023
112.42081
125.29225
131.04338
144.16291
154.72161
166.28311
14.55788
28.98321
52.90559
63.14187
73.25660
83.79983
93.70716
99.79806
115.62367
118.94110
124.86781
132.41859
135.72869
140.05495
144.69962
6.29769
28.89867
38.44394
42.96810
52.60654
63.09440
74.52981
77.22572
88.84025
100.95963
126.04064
132.77236
156.12917
168.10747
176.29762
18.54931
27.48093
30.45811
54.21835
62.16531
74.72144
90.44193
101.03370
107.29326
123.20043
143.74597
170.48597
198.12975
207.39599
224.08524
20.05529
23.29365
27.86716
46.21606
61.37364
71.18730
86.69051
94.72561
110.61877
116.44252
129.23571
136.84556
145.14142
165.69933
170.73126
12.00260
20.19373
42.52720
52.87623
55.73280
66.22806
84.84147
95.71167
102.94965
106.54853
109.40745
122.42903
123.14606
131.30645
139.83640
20.64997
52.10386
74.39304
98.05113
99.11206
102.84547
114.13177
127.28217
145.03948
158.02839
172.17283
182.67514
198.75570
214.85447
226.14705
18.19374
22.36338
28.61844
55.06364
73.63763
86.62669
94.91424
106.14515
108.18590
118.67087
124.95468
131.73260
137.08112
151.99194
161.36846
7.81941
22.42204
46.72094
61.10237
69.84006
78.57083
88.03540
93.58906
101.99639
106.24041
120.64760
132.96723
139.85429
147.89825
160.69734
13.60069
31.71681
47.95974
60.96164
69.29728
78.64381
87.47222
99.03880
103.51390
118.78858
132.57213
143.08462
160.36781
176.31424
181.34269
11.89054
23.62249
39.00463
68.00168
80.23485
99.25914
118.10661
127.37052
142.61315
156.10402
167.02869
177.67191
184.39223
196.45639
206.40752
8.37799
10.26956
25.36417
36.29295
49.56849
51.34626
59.62289
71.79136
81.59451
96.55611
102.61867
111.17851
111.91278
121.13233
127.33343
7.67142
24.60304
37.37979
47.64290
48.29426
74.41088
91.60256
100.46074
111.11581
112.11363
117.95302
138.19379
154.55746
157.54479
160.66313
6.56739
19.10306
32.27650
35.10489
47.50953
66.74752
77.30525
94.00471
109.33896
118.92432
123.41785
146.29709
167.27367
170.34327
173.21255
3.67263
23.20264
53.22726
66.46306
82.11212
88.53489
95.26442
105.08933
117.20398
129.04143
132.96173
138.71143
154.28549
158.55898
163.28882
10.27723
26.61729
56.91299
74.70062
76.95157
86.05174
96.41407
101.15127
107.86491
115.88375
134.79901
159.76291
168.84995
175.18091
187.93446
32.52450
52.00243
56.56684
61.43257
68.65347
85.58242
109.46647
116.61265
135.35109
144.84143
162.52102
162.52102
168.18099
168.73629
170.10705
15.54550
48.61616
60.41406
75.10105
86.67779
93.13048
107.92484
140.88337
152.06556
153.32476
160.21864
182.93414
187.13413
194.00417
213.42252
21.61075
40.67429
59.19707
65.87376
79.53994
82.61295
94.40517
98.84230
119.09286
127.01960
135.58269
150.03664
169.60607
178.10563
190.31331
15.56942
31.83208
39.36419
56.71536
66.83267
80.93436
107.01309
116.60276
135.49203
152.87674
160.27395
163.63446
174.30543
198.94772
199.96715
19.95277
31.31788
44.70526
58.98233
65.76032
73.80550
89.76772
98.01363
109.62481
124.69750
130.51660
137.99047
149.91736
154.74274
162.59864
7.23030
22.92906
37.01765
55.75939
66.82774
70.33014
88.76502
105.37745
117.30899
118.98371
140.60074
153.89583
172.30460
188.11105
210.17015
11.97205
27.80160
40.04433
51.50303
55.98103
68.76629
71.57313
94.38362
102.33526
113.39867
126.50555
150.62381
159.73173
165.21617
170.26749
13.06065
37.83255
49.08929
69.83506
77.15979
99.06207
110.76110
121.13047
125.20148
142.18810
154.59350
169.86211
176.83710
183.05148
190.48802
6.93321
14.01689
27.56608
41.84529
53.96422
75.60673
82.15002
93.44678
101.36806
111.98064
121.58838
130.22490
143.38890
153.09653
160.27912
7.01127
36.45810
50.09884
68.14537
73.45216
97.55946
108.03857
116.53461
122.89162
147.57453
148.08805
163.47695
175.38919
188.47627
207.96533
25.41632
44.06007
54.37683
60.45879
71.93080
79.24613
89.25365
102.56178
104.21556
111.97139
120.43821
131.91462
134.60162
142.22295
163.22176
17.79949
33.59700
44.23966
52.19298
77.35671
93.13343
100.44688
119.38659
131.69281
135.58120
135.75783
143.21376
149.60616
157.36899
163.88559
19.84972
34.80346
44.49284
61.65030
69.80568
77.45162
79.73568
91.24172
110.30866
116.22929
135.24821
152.36384
156.34514
167.69542
178.61338
12.15146
21.34753
32.19109
44.17514
50.82621
52.23177
62.49729
70.78751
94.47168
112.51190
117.35804
134.34903
132.26916
137.40316
156.86836
20.47621
32.65154
48.68319
64.62338
78.49260
93.35471
106.71021
115.72924
120.79651
135.10032
144.05222
157.51265
171.36887
195.50249
206.46894
8.23263
15.34351
32.38636
34.95962
34.78178
36.40962
50.48859
64.13751
71.76291
85.15571
92.75821
95.37217
107.86396
127.17959
132.83799
20.96364
37.36790
47.55474
52.89490
66.97854
76.86465
82.68156
90.01231
102.46846
103.71021
105.71811
120.87470
135.90882
150.85018
153.48031
