1.17233
1.47999
1.78080
2.98850
3.79137
4.63495
7.11146
9.42720
11.72100
12.01896
3.23147
4.31272
5.07612
5.89509
5.93389
7.39969
10.33913
10.68073
11.56048
12.23577
0.79889
1.06413
6.37657
7.57358
9.55019
10.46700
11.74692
12.29060
12.90857
13.23627
0.29666
1.81117
1.85532
7.26202
10.97746
12.11885
12.35549
16.45109
17.69136
19.01086
0.38393
1.43771
3.15312
4.06801
5.34507
5.35709
6.60130
8.79127
10.45859
14.64618
0.09035
0.73998
1.92821
2.41240
2.97336
3.03809
5.23226
7.95949
8.54148
9.56488
1.51546
2.39784
4.67646
6.16537
7.83404
11.26762
11.66386
13.84779
14.43385
15.14329
0.54252
0.91262
1.80237
2.03469
2.04908
2.57456
2.58272
2.58468
2.99589
4.43686
0.08118
1.18939
1.42893
3.13498
3.77559
4.97091
6.72154
9.28449
9.75969
10.65968
2.65027
3.24686
5.53728
8.39461
8.96980
11.89478
11.98418
13.53273
16.91391
16.94834
0.56349
2.21573
2.47307
3.47422
5.53671
7.54487
9.72235
12.95327
-1.00000
-1.00000
1.64911
2.22384
4.01778
6.02743
7.36968
8.63389
11.81202
14.95021
15.22210
16.37988
0.13101
0.25347
1.35029
2.67174
4.40894
5.10772
8.01464
8.73419
9.06439
9.89891
0.13513
0.18657
0.87635
2.65914
3.61433
3.95267
4.83096
5.13411
6.85569
7.59677
1.41114
1.85498
1.98865
3.70189
4.38875
4.50719
5.17413
7.11017
10.38624
10.40942
1.21911
1.43648
3.97658
9.53823
9.54673
10.22098
11.74574
12.13565
13.59326
15.77587
3.33060
3.66528
4.40492
4.99835
5.09671
6.62047
7.77682
9.05576
9.26833
12.76080
0.95691
1.29877
3.83320
4.59618
5.49927
7.49638
7.99912
8.25571
8.99007
9.60347
3.37834
5.42658
8.12927
10.11011
14.56303
16.12438
16.71666
17.43092
18.59363
18.61498
0.62176
1.54685
1.65208
3.85193
7.07898
7.37527
8.97459
11.48062
11.75149
12.72646
3.97693
5.62345
5.63634
8.33559
10.25938
12.74138
-1.00000
-1.00000
-1.00000
-1.00000
0.78936
1.14775
1.88907
6.45290
8.58021
9.13723
10.60288
11.87822
14.08850
15.58677
0.92402
2.15150
3.53904
4.50800
5.47535
5.76658
6.73965
7.86878
8.00121
8.07684
0.04589
0.42588
1.09099
1.38684
2.01489
3.24664
3.58730
4.49172
8.20859
9.51147
1.68793
2.44684
4.90710
8.17471
8.68098
11.31461
13.23521
14.54785
15.22841
15.93614
0.84227
1.92735
2.01767
2.54425
3.24400
5.11475
7.37196
9.60947
11.77927
12.24820
4.33748
7.29462
10.19540
10.73288
11.56926
13.20407
17.06777
19.46545
20.36751
20.56840
0.86907
3.18672
3.54973
6.93197
7.01621
7.03584
7.26147
7.63702
7.69599
9.40991
0.05008
0.65472
0.98651
1.01489
1.04533
1.32506
2.60958
3.57773
5.37303
5.85393
0.06330
0.93902
1.03818
2.50182
3.73328
4.37000
5.21660
8.16431
10.76192
11.37712
0.00519
0.89049
0.95807
2.41120
3.61440
5.04538
6.32521
7.15430
7.35203
8.00169
2.68541
3.46454
4.97873
5.66996
8.91568
9.19910
9.52752
10.58665
12.09591
14.47938
0.57082
0.59646
1.92758
2.22778
4.27220
4.33497
7.15083
7.90751
9.05341
9.24449
1.01689
1.24484
3.07649
4.21746
6.36804
7.29912
8.69608
12.05069
-1.00000
-1.00000
0.77230
2.26201
2.45696
3.49780
4.29641
5.39541
9.62580
11.70480
12.59735
15.45733
2.30464
6.61675
7.46307
8.72598
9.23761
9.43115
9.56886
12.76247
14.54475
16.86684
1.19533
2.33934
2.65627
4.15631
5.90736
6.92441
9.72063
10.47078
11.05583
12.22942
1.78276
2.79356
4.70397
5.01435
5.34672
6.04973
7.60113
10.03835
11.99743
13.02050
0.58610
2.73948
4.37872
8.35458
9.65249
9.83501
10.39180
10.53240
10.96551
11.03259
0.00011
0.79087
1.86485
4.19710
10.18868
11.35467
13.62134
15.70442
15.70453
17.98382
1.90761
2.55912
2.64346
2.73933
3.63814
3.80607
6.91685
9.75427
-1.00000
-1.00000
0.31775
1.63304
3.49931
6.00681
6.41404
6.84286
7.03741
7.31000
7.34359
7.85068
1.39574
1.50769
2.59594
3.22710
3.52982
4.96085
5.19060
6.49841
9.94266
13.57006
1.28446
1.59149
3.52152
3.84372
7.01205
7.95629
8.31766
8.74095
9.32096
10.66422
3.69458
4.11204
4.99839
5.48523
5.91890
9.34571
10.88422
10.88525
12.70029
13.72703
0.60459
2.76575
3.95672
4.12017
6.38828
7.10213
9.13836
11.49337
13.09254
13.70309
0.47345
2.18315
4.35442
4.73205
5.26752
5.99153
8.33289
8.69658
9.15378
9.93396
1.71514
1.71582
3.52031
3.80578
6.30892
7.11475
12.04267
12.70744
15.68684
-1.00000
3.07495
3.86960
4.13998
6.57869
6.88571
8.21172
-1.00000
-1.00000
-1.00000
-1.00000
3.04162
5.66499
7.81826
8.88577
8.98201
9.69905
10.24333
11.04370
12.04043
12.69508
