2.32865
9.48985
23.45718
34.26023
45.86419
55.22284
62.22165
71.41301
71.70683
85.40648
92.39264
2.94730
12.37181
17.76848
31.66848
43.15306
50.70868
57.30723
64.00819
66.59394
76.45959
79.87986
5.44353
17.46533
25.29934
39.31478
51.77739
55.77891
68.23531
81.87250
89.57641
96.80456
107.01130
4.83856
15.22203
23.20248
29.00017
35.34212
41.13482
49.11147
55.36000
65.54305
75.57421
81.63645
10.28692
15.10668
29.12130
39.45755
50.36841
61.55866
64.46205
69.84414
80.95420
86.11400
97.72106
17.99214
26.08653
27.45610
38.04443
47.47098
66.15837
70.89143
84.55048
90.75827
93.36671
102.11087
6.10388
20.78044
29.89169
37.48068
48.97064
50.64826
57.91290
63.41483
65.03635
71.37457
82.93814
12.00991
18.22126
24.02785
29.29390
38.54376
55.01412
64.86898
86.62821
102.20174
106.05427
109.33207
15.06266
19.32627
19.36213
25.89233
37.45335
45.57545
54.11513
59.37615
65.15589
68.07886
77.27035
8.20720
12.74457
21.24014
32.55298
44.95643
51.55684
57.96612
66.23044
74.84466
78.34933
85.77850
20.61615
29.51214
39.39195
46.10005
50.02097
59.12560
63.20462
69.75601
73.19342
74.84745
90.20757
6.43104
17.02610
32.13667
37.07984
45.49655
56.15720
64.13889
68.35049
75.53621
78.98892
91.35786
12.99264
27.34380
37.27700
42.38746
55.26537
61.01130
70.96248
75.75830
85.03482
86.95670
93.14718
8.99432
26.07369
29.28304
38.10997
43.43614
51.24895
57.69357
63.33089
70.64784
79.22140
89.86295
14.66217
20.09006
29.45595
40.58363
49.06162
60.82290
68.39871
71.02384
77.02197
80.06880
94.73656
10.83076
11.99767
16.68467
28.71404
31.28953
37.48348
53.64813
59.96792
68.65023
71.75721
75.63496
12.66481
18.70269
28.74307
33.11649
37.21928
45.41078
52.49618
70.30576
74.14635
78.36824
85.45764
11.60056
25.79475
30.38172
32.92290
50.27919
54.14842
58.43922
66.39111
79.02971
90.59430
100.50932
2.82797
16.21815
29.09524
31.93210
48.64566
52.98698
66.25136
74.85078
77.74774
88.73594
103.65506
6.89375
12.93739
18.85439
24.28263
29.56435
36.73442
40.16214
46.80365
51.86080
60.57629
70.85954
2.86161
9.14612
21.21049
28.12962
35.48841
47.95954
54.04880
61.27756
66.52255
77.05230
85.79574
6.17803
16.03051
26.58851
36.64028
40.70698
50.70761
60.80296
66.07418
78.14249
82.10861
89.16611
2.15107
13.55284
26.18364
33.37807
43.36362
52.12221
55.66146
62.84871
65.63792
72.24765
85.33367
12.51563
17.06480
23.09406
31.36276
41.10228
53.45109
63.24125
70.36146
74.37430
80.58232
96.67895
3.39288
7.39849
14.88476
28.02453
35.38699
46.49323
58.33397
64.77623
74.92151
86.76979
89.87294
8.18225
14.85151
24.92694
30.80365
40.69284
54.16623
58.17506
69.34394
73.12031
77.20528
87.57983
12.99568
19.03196
29.10418
31.21970
34.17709
44.41707
51.99325
63.72025
84.03178
92.21177
101.05527
6.83289
14.02639
18.56734
24.20763
37.05070
49.22429
60.21902
61.14392
76.06334
84.21646
86.04651
7.06713
20.26775
24.71184
35.97432
44.42460
62.64468
75.53099
89.60094
93.54233
97.24553
103.11549
10.73936
23.16307
29.51204
35.35042
41.00200
49.74399
62.06696
67.26136
76.47146
83.37036
89.71780
7.39694
12.23959
22.91734
24.07654
28.68467
35.41824
43.65233
55.12679
64.01855
75.10803
85.33065
12.29603
24.26897
35.10898
46.49272
52.43486
60.69418
66.60799
74.35054
82.69809
84.54000
94.09931
10.49804
12.60574
25.26932
38.01349
54.70644
64.39746
72.02182
76.55075
86.75571
91.47489
93.44799
12.69417
16.93577
29.01073
33.24017
44.91408
55.95061
60.42590
67.80443
72.71686
85.52567
87.41401
11.69685
20.21193
25.51714
32.29312
39.53594
55.41933
60.61676
80.87103
83.81540
83.88977
86.50061
9.70850
29.84988
41.31684
47.24618
60.69580
74.33692
86.35746
89.01122
94.06245
101.33069
103.98930
16.86737
27.89072
41.08965
47.45968
49.03190
57.33976
66.81386
70.35761
77.04197
80.06374
91.35490
6.30276
14.72243
22.01144
23.12375
32.90309
43.59361
60.50187
67.16078
81.81749
91.13799
96.39051
6.07581
10.44069
16.00058
24.49678
28.82203
46.33030
60.07411
68.82498
76.60747
79.00423
84.22049
4.73765
14.55980
25.57288
36.98070
40.84493
45.20888
60.56655
65.78774
67.08893
72.18101
76.44011
3.48394
5.39660
30.74655
33.97328
37.30844
47.94117
62.28500
68.47412
75.26026
87.47469
91.43427
14.45503
22.10101
33.16466
46.21756
63.43987
70.50675
72.11450
73.92305
84.66357
95.74543
100.17739
5.58478
12.40952
25.60006
32.57214
39.10386
41.49168
54.09582
72.39497
73.92075
88.65716
97.98107
19.15693
29.51573
35.16724
38.88982
47.33278
52.20332
65.68378
73.97365
79.21882
94.78963
98.11688
18.57580
29.20873
37.09505
46.50435
54.55870
63.55039
64.46567
74.56157
82.24457
94.00695
95.30544
7.00483
12.76708
20.27657
30.65359
46.10838
56.90974
60.20461
68.63347
75.71467
91.36425
96.73314
2.13249
18.78689
23.04311
33.66759
37.24809
42.50750
48.16418
56.10998
60.42172
71.70382
79.87989
6.95451
10.96656
22.35414
27.74414
39.47525
43.65746
48.66090
56.36011
65.33433
69.84342
77.26233
9.02316
13.59882
27.55930
38.95993
40.27573
45.63360
56.73267
60.52275
59.29707
65.03056
76.96047
12.35807
18.07166
24.26515
31.53397
44.52155
54.76351
61.80805
80.85375
86.55590
103.08298
109.78276
