2.52148
6.11425
13.75191
21.51434
25.37009
27.52758
35.87932
34.13248
34.31565
5.11051
15.65293
26.15133
32.62082
43.94458
45.27971
54.76564
52.68496
52.89937
15.27200
18.47375
27.09661
36.27649
40.69530
48.25712
56.23062
56.34076
56.42445
7.15096
12.80679
14.24025
23.36432
28.74413
38.42223
50.70134
50.83844
51.02867
4.24344
17.34262
22.46230
26.75510
38.09502
41.08174
44.85299
45.03370
45.31776
7.90473
17.23547
25.16652
34.52681
41.74754
47.12239
55.62927
49.21323
49.38473
7.40341
12.45594
15.35102
17.70375
19.91454
21.66022
26.67268
26.76009
26.86838
2.78805
7.95639
18.33390
27.24960
29.32953
38.30280
39.89724
40.18537
40.26779
2.40791
5.48344
17.62304
22.17781
27.18575
30.51933
33.13538
33.35310
33.37982
1.99504
9.55312
15.01752
21.21570
24.76177
27.41392
31.68023
31.76536
31.90654
11.75633
16.71365
28.16556
32.68021
33.20053
34.84001
38.41594
38.46441
38.48425
4.84411
19.96359
22.42065
26.07671
36.76184
38.79154
41.65730
41.89255
42.07829
4.30202
17.04433
24.03141
30.69621
37.69315
41.53352
50.08062
50.32739
50.57958
2.95703
5.59113
11.66602
18.90820
26.31018
28.63413
30.32377
30.57231
30.57934
5.81080
10.02660
17.29324
21.82832
28.56179
32.64144
40.05658
40.09764
37.63517
5.79034
6.37864
12.25925
14.30729
17.09705
18.39954
21.01107
21.19728
21.25435
3.50221
9.03407
13.34091
15.55461
22.66653
28.59006
31.23204
31.62422
31.73090
11.86864
17.61101
21.00874
33.04883
37.54483
42.17715
45.52608
45.80962
45.98763
8.01218
15.56128
19.87384
25.25438
33.79886
35.29556
38.86710
38.96330
39.01895
7.01288
11.45895
12.41630
16.04169
18.18973
25.64514
28.75322
28.84096
28.93882
9.05350
11.64846
18.40230
19.63454
31.46860
38.16904
39.81325
39.87280
37.45820
11.25298
19.90751
19.95988
23.29742
31.12979
30.55669
33.56942
33.81175
33.96401
4.69771
10.40282
19.24411
22.11859
31.46853
32.70218
36.21803
36.29131
36.62684
1.26698
3.64459
5.51867
7.58111
12.20671
14.02372
16.11405
16.46036
16.72106
1.26175
3.67244
11.98780
16.55392
23.06436
36.05081
40.12416
40.24474
40.26297
7.68398
9.71155
13.81850
19.66861
22.69375
26.96854
30.80712
28.59630
28.84754
2.79312
13.13164
13.88366
19.30413
19.97774
24.42973
35.13644
35.28066
35.44032
1.45508
5.61015
18.55678
18.84781
22.90894
24.95322
28.45729
28.71870
29.06615
3.46712
6.86861
8.72246
14.99396
18.06455
26.52060
32.12080
32.18581
32.45145
4.42813
11.26871
23.73069
25.51197
30.67042
34.08500
33.44447
26.53488
26.60953
15.17325
20.09742
24.53850
25.79821
27.54198
35.07987
40.31834
40.61994
40.80803
11.66616
14.29861
24.14715
28.42053
29.50992
37.30929
43.35960
43.65265
43.83846
11.73389
16.44803
22.38700
26.72536
28.82553
33.05195
39.89962
40.02922
37.77250
14.15712
16.04360
21.33354
27.74340
35.94930
42.12512
46.42593
46.55302
46.91072
6.94910
9.14502
8.80671
20.49739
20.65468
23.21862
35.92079
36.23997
34.12014
9.14905
23.29815
26.02400
27.11351
34.97763
39.35716
39.98847
40.11281
40.29701
8.90095
9.92580
11.76465
12.87143
16.19076
19.34233
25.97510
26.11742
26.26820
1.33513
6.15397
11.06753
21.76009
27.30864
31.92644
36.36382
36.48654
36.63419
5.72007
21.59221
23.39384
26.96184
30.30209
31.68320
37.86848
36.72432
36.80222
3.94438
8.86402
11.39265
18.13440
21.93041
28.85851
30.32987
30.40629
30.57020
2.60933
9.30124
11.30703
19.39519
29.54869
34.48219
41.22188
41.34813
41.51381
8.59454
13.55871
22.96658
22.68347
28.81208
32.13002
35.38329
35.60661
34.61838
3.67554
9.95078
22.69361
25.52891
27.88559
40.28411
43.46187
43.70236
43.89256
2.19392
13.04031
21.92192
24.96958
27.75923
30.55571
32.68169
32.63847
30.60053
5.33988
6.96996
8.36029
14.61949
20.98005
27.85726
37.72295
38.01906
38.06895
1.72459
7.53272
8.07404
9.88964
13.01392
17.72395
24.13723
22.02062
22.15408
1.81207
11.03729
25.85226
30.60313
37.70337
42.54693
43.65954
43.76402
44.17068
7.21936
9.93073
13.82135
15.72455
18.15585
22.14693
22.62788
22.87433
23.14877
7.14690
13.82335
15.04432
16.23368
24.96052
32.42933
31.25011
31.36896
29.31624
3.78289
9.90590
12.36663
19.57296
20.83350
26.82955
35.55577
35.86156
35.90710
