3.22279
8.38134
12.26432
15.16701
15.31122
15.35929
13.11306
13.24281
13.34109
13.44185
3.72123
5.04037
8.27369
12.47573
12.59986
12.79540
12.90228
13.05380
13.19604
13.24506
3.89717
9.81141
15.54065
17.90989
17.95128
18.09294
16.75532
16.90720
17.05147
17.15292
3.49719
7.14652
11.85249
15.92826
16.02125
16.18640
16.31915
16.37761
16.55136
16.67850
1.56230
5.27109
9.28670
9.65385
9.72626
9.80133
9.96135
10.00545
10.10237
10.15534
3.43101
5.49714
9.03070
14.11074
14.25032
14.39553
14.55304
14.68236
14.73710
14.83609
3.23454
5.06548
7.84622
10.68235
10.78181
10.87984
11.00261
11.13101
11.19387
11.29101
2.24597
5.98912
7.77767
11.22782
11.41229
11.44900
11.52778
11.63164
11.71489
11.78191
4.37265
9.76858
14.01749
17.30115
17.36834
17.50790
17.61572
17.73959
17.87421
17.94711
4.97197
5.59271
8.22885
12.53214
12.62120
12.68216
12.74537
12.83488
13.02131
13.11956
2.98216
4.73421
8.83257
12.20945
12.29624
12.36753
10.35378
10.41613
10.52933
10.56629
1.70334
6.29949
10.44210
14.74391
14.82812
12.88255
12.94779
13.03334
13.10075
13.39296
6.56476
8.86354
11.24632
16.83413
16.86297
15.50206
14.08758
14.16088
14.21917
14.29975
4.55093
8.69165
12.04760
14.36762
14.53652
14.68745
14.75127
14.86839
14.96598
15.06714
3.55846
6.86784
10.97790
12.98505
13.08752
13.15599
13.23704
13.30936
10.38013
10.56692
4.17500
9.37639
11.28443
15.89331
16.01406
16.16110
13.68934
13.73601
13.88481
14.04081
3.72709
8.92849
10.74468
12.72501
12.80684
12.85769
13.04113
13.18337
13.27362
13.36711
5.91681
10.47822
10.01764
13.12808
13.22465
13.28395
13.39289
13.51692
13.58033
13.71381
3.07470
4.40711
8.89171
13.06714
13.20310
13.23320
13.29635
13.39970
13.43443
13.49642
5.04819
9.43042
17.22276
20.61673
20.65461
20.77816
20.88802
21.01117
21.18459
21.25519
4.91527
7.33674
6.90382
8.98569
9.06171
9.15141
9.19085
9.24116
9.30685
7.39004
1.80140
3.52474
6.72663
8.01214
8.08333
8.20155
8.32730
8.49581
8.56841
8.64687
8.73832
12.19861
15.13570
15.32733
15.43332
15.52332
15.61859
15.79379
15.91471
16.03374
3.21198
6.15919
10.11242
15.34958
15.56318
15.73611
13.72197
13.83734
13.94346
14.08818
2.48102
4.80737
11.25566
16.46580
16.53921
16.66399
16.72738
16.89991
17.15220
-1.00000
3.43617
6.45225
8.00238
10.41878
10.48250
10.61942
10.76140
10.89408
10.99710
11.06127
2.13071
7.17953
10.72351
9.55370
9.61136
9.73316
9.88716
9.99489
10.06303
10.24398
7.63072
10.45395
13.48338
15.60577
15.68206
15.93133
14.29918
14.40519
14.54140
14.68561
2.27379
6.39175
10.85717
16.85184
17.02791
17.13216
17.23494
17.32975
17.47946
17.51870
2.37728
5.31331
10.03877
12.88796
13.01127
11.24174
11.28717
11.36311
11.42567
11.56062
3.60115
7.60438
11.45570
15.02601
15.15109
15.29156
15.34700
15.40135
15.48527
15.55923
4.37670
6.76345
9.92316
12.31442
12.47624
12.59202
10.65999
10.77844
8.08442
8.15733
4.57262
12.84881
15.80410
18.32998
18.38994
18.46825
18.60040
18.67557
18.73567
18.90070
4.82474
9.28245
9.85309
14.20810
14.32289
14.45417
14.56158
14.71779
14.84108
14.98011
2.79923
4.50377
10.51704
15.04523
15.23076
13.69581
13.78327
13.83769
13.96087
13.46026
4.37784
6.13307
11.12287
12.80685
12.92839
13.02039
13.13503
11.01379
11.11364
11.28327
3.91269
7.24435
14.58237
16.03582
16.17259
16.33107
16.38797
16.48362
16.56935
16.68236
4.31874
7.54842
12.05892
13.80765
13.85653
13.98457
14.03486
14.10819
14.31238
14.40258
1.83934
6.47719
11.30005
14.08745
14.15625
14.26378
14.52721
14.62727
14.74973
14.88328
3.78532
6.88203
12.55997
15.72917
15.80625
15.98206
16.13452
16.16571
16.29126
16.43215
2.22416
5.48009
8.17859
13.84397
13.99954
14.04227
14.09872
14.15693
14.27305
14.38429
3.19067
5.38872
7.98183
13.24095
13.39811
13.49970
13.61226
13.71310
13.79184
13.91474
2.20800
5.85781
8.30844
10.21705
10.29455
10.49368
10.64086
10.77106
9.66655
9.76960
2.84044
6.37193
11.18107
15.08255
15.18349
15.26142
15.41072
15.51365
15.56872
15.68995
3.68673
7.61285
11.18152
15.26846
15.32624
15.48515
15.50378
15.61254
15.67897
15.74725
3.71885
8.85367
10.64444
17.16073
17.25213
17.34373
17.39044
17.43058
17.46497
17.54664
5.95157
8.66839
10.76994
13.83035
12.11339
12.23132
12.30339
12.40865
12.51455
12.66791
8.35053
15.12112
17.63598
18.07647
18.11352
18.29450
18.42942
18.52968
18.56559
18.71440
4.33881
9.50820
11.36987
14.38941
14.54241
14.64932
14.66306
14.79509
14.95411
15.07207
6.72504
11.89408
16.79779
19.66282
19.87241
19.99398
19.36558
19.45761
19.51435
19.59173
