10.57215
14.67524
15.09512
16.56955
16.94197
16.98139
17.36730
18.05049
18.14077
18.29967
19.00847
19.42318
38.86657
52.62120
52.92830
51.69638
52.76333
53.02715
53.65363
54.31571
54.70363
-1.00000
-1.00000
-1.00000
17.76838
21.66825
21.66874
23.91630
24.72982
27.93854
28.06124
30.25472
30.25594
32.27943
34.33297
34.90875
68.37795
111.75511
111.86662
113.57469
114.14343
115.77660
116.62868
116.63133
116.73175
116.86664
119.24004
120.45041
4.47446
10.48118
12.26534
12.65482
13.35494
14.04380
16.00035
16.21488
16.23973
17.80145
18.94264
20.71297
1.70855
36.88263
37.06695
37.06702
38.92809
40.56027
41.79567
42.62642
42.85289
44.73681
46.49307
48.26337
50.28094
55.94505
56.05764
57.79963
57.80067
58.00544
58.27144
58.27379
58.33838
59.37708
59.99914
60.51233
34.73503
47.10085
47.99810
48.00082
48.19939
52.35962
54.13419
54.16829
55.32177
55.47707
55.78914
57.02909
15.11077
43.31941
43.33516
43.69426
44.12809
45.27787
47.16175
47.46700
47.55378
48.71582
49.58421
49.60752
25.55627
33.08780
34.61332
34.66695
37.60926
38.65559
37.05859
39.12382
39.26333
40.27690
42.14418
42.17268
9.63239
11.19818
11.58060
11.91333
12.02122
12.14288
12.17907
13.67800
14.32508
14.32701
14.51038
14.52565
2.07065
8.72383
9.53250
9.70721
11.09691
12.37859
12.81166
14.10041
14.25086
14.55855
15.10234
15.32690
20.57305
36.06648
37.28990
37.55028
37.73955
34.89170
36.77043
36.77088
37.03955
37.11022
37.11082
37.62751
74.09747
110.72855
111.72147
111.98190
112.51794
112.69797
114.67663
115.00137
115.16469
116.76492
117.09787
118.43879
55.21839
61.82803
62.72897
62.74802
62.84382
63.18100
64.23541
64.82898
65.07476
67.72800
68.33715
69.20340
20.83763
23.94819
23.96725
25.14893
25.39435
25.39540
25.39866
25.64822
26.10333
26.66217
27.19510
28.98747
11.34399
106.56913
106.69803
106.96132
108.73715
110.28146
110.56652
110.59791
110.72127
111.12691
113.92103
113.99238
7.31966
11.98308
12.63413
12.67111
12.86119
13.06926
13.25325
13.56656
13.57474
14.41616
16.18887
16.32721
3.00421
4.79797
6.44910
4.53507
6.11822
6.32775
8.51555
8.55564
8.76152
9.32717
10.25368
10.79768
36.62825
48.41252
49.39524
49.40510
50.07738
51.90743
52.00315
52.08870
52.27442
52.27476
52.28047
52.82517
32.23347
70.09925
70.33076
72.97929
72.97943
73.27148
73.88701
74.24668
74.29618
74.43618
74.86983
75.52083
10.57395
11.85396
11.99130
12.79506
13.25274
13.32538
14.77786
15.58735
15.86458
17.38514
17.51886
18.32240
28.43987
62.80805
64.51547
64.61422
66.54989
67.52325
67.66981
67.71625
68.54666
69.01090
69.69079
70.29438
5.64720
65.79711
65.90896
66.88932
66.95620
67.29942
67.45277
68.23681
68.34159
68.83091
68.95233
70.94173
0.98746
71.94609
74.29826
75.68916
76.76028
77.42711
78.03538
78.42850
78.50590
78.57099
78.75367
78.90499
24.33423
82.03830
82.74079
83.78425
84.27887
85.49529
87.14930
85.72359
85.98072
86.59540
89.18374
89.35372
30.10621
31.07254
31.68674
32.06589
33.14516
33.24140
33.69165
34.44504
35.19346
35.31947
35.55249
36.56784
72.53913
89.44290
91.14758
91.41993
92.11796
93.54852
93.91477
94.38238
91.47753
92.11940
92.57139
92.60786
152.18938
152.40353
152.57963
153.23910
153.23972
153.50195
154.04616
154.16960
154.50752
154.68024
155.12242
155.93100
1.82957
18.57817
19.75599
20.46160
21.02041
22.35521
23.36848
-1.00000
-1.00000
-1.00000
-1.00000
-1.00000
72.47300
84.09079
85.66533
85.79129
87.95773
88.15617
89.37694
89.41771
91.36359
92.65792
95.14430
95.41163
22.33874
23.38181
23.42960
23.77742
25.08769
25.73873
28.00581
28.15971
27.13066
27.14529
27.14768
28.31442
64.37071
112.84526
113.63431
113.66178
113.82899
114.17032
115.23290
-1.00000
-1.00000
-1.00000
-1.00000
-1.00000
28.68484
62.10061
62.13929
64.16295
64.10608
64.44140
62.36861
62.77379
62.82284
63.57566
63.92595
63.93156
24.17820
58.01895
58.17312
59.80484
60.22476
60.50574
61.80296
61.11094
62.41446
62.80396
63.64028
63.72455
36.10395
37.79732
37.81626
38.06191
38.30002
38.57598
39.04015
39.50401
41.29158
41.28984
42.11368
42.34636
7.35698
10.31236
11.95034
13.97238
14.18496
14.47175
15.19033
16.59425
16.92634
17.56720
17.68078
18.99855
2.69565
38.36442
40.72112
41.56394
43.03566
43.06986
43.65020
43.71429
43.79394
44.83799
44.99265
46.07713
75.86932
81.07587
82.19122
83.13742
85.80802
86.04253
86.31528
86.33327
87.41788
87.94479
89.36328
89.48053
87.95067
96.88539
96.89281
98.94614
98.96166
100.98926
101.94124
103.09408
104.67818
105.90715
106.01233
106.13867
21.42006
39.53809
40.92994
41.26130
43.16968
43.68967
44.15286
45.21428
46.09410
46.09747
46.74770
46.97343
3.58238
61.19941
61.33218
61.87543
61.93832
61.97504
63.68506
64.32245
64.50887
65.38895
65.99790
68.44213
14.14416
87.41413
89.78174
90.00313
90.19324
90.47928
91.61962
92.27042
93.58046
93.80011
94.94555
97.99555
15.38038
15.41963
17.47285
17.64214
17.94785
18.64537
18.79928
19.40518
20.27955
22.03148
23.23267
23.32630
19.20533
146.14209
147.50661
148.47966
149.02672
149.03638
150.31810
150.49326
150.53115
151.25975
151.57491
151.53736
6.85337
25.99649
23.54358
24.12031
24.73449
26.66302
27.89655
28.06438
28.57583
28.57651
31.04654
31.95941
15.44114
36.54811
36.34954
36.71067
37.78614
40.85865
38.63089
39.17145
39.26680
40.04237
40.31496
41.23484
23.43745
41.97927
42.96257
44.32072
45.19100
46.73679
46.83045
48.78876
50.75580
51.84196
51.94794
53.79856
47.92372
91.46759
91.54551
91.69854
92.85551
93.71383
94.24467
95.25752
96.72534
97.56213
98.40682
98.45613
110.31801
117.55719
118.19727
118.86624
119.05099
119.54565
120.27413
121.52763
122.33396
122.59535
-1.00000
-1.00000
