6.75693
17.24437
35.36502
49.16858
53.10857
83.01142
86.15306
89.09099
115.31887
121.20281
124.65986
133.67371
145.06205
145.14840
163.48684
182.08311
191.69394
192.30584
195.74272
12.15156
24.15929
68.92345
76.70610
91.10468
116.93833
129.16758
137.38319
148.12372
172.92941
178.54273
181.75945
182.96785
183.31465
184.31587
201.53330
213.72102
232.14642
234.96554
22.52552
33.10555
59.94772
60.79058
66.00728
75.72912
90.74462
93.31878
109.85288
116.14598
127.90333
127.96519
137.95514
160.38911
171.32219
191.55707
198.06590
223.80657
245.31722
8.99344
22.82212
38.44154
50.19099
68.96577
78.08005
98.05565
99.23516
112.43571
115.64686
124.62037
126.08704
128.15008
147.00954
149.93767
172.05349
180.96069
194.91463
214.57493
5.55787
18.45961
36.77109
41.91016
51.03319
63.85948
84.52561
90.85001
93.44480
97.10430
112.83907
128.15986
131.01297
132.24104
151.64562
156.52364
159.89505
176.73630
177.81150
17.79040
60.64905
80.12823
87.40999
92.35961
106.48558
113.78766
128.08650
125.61547
148.75171
155.33500
169.16962
174.08065
189.83522
193.45342
194.68391
200.71052
202.36345
237.43169
11.14487
16.12030
33.64842
58.51783
75.71993
93.60840
97.98435
112.66864
-1.00000
-1.00000
-1.00000
-1.00000
-1.00000
-1.00000
-1.00000
-1.00000
-1.00000
-1.00000
-1.00000
4.50073
9.62676
21.33857
24.25957
36.29344
38.85585
43.55091
74.54950
89.99874
111.04902
136.27540
148.10727
172.06230
175.29336
190.01845
207.58285
207.58592
222.38503
230.33010
7.71895
29.32358
38.03992
46.76932
54.24901
55.74224
61.70496
70.98831
89.12149
100.73786
116.49213
124.20892
136.24735
143.76172
150.49288
152.21591
155.85457
177.58516
191.64907
7.58898
25.02727
52.88342
61.68851
70.43820
80.97668
90.00287
105.75610
114.05577
117.91932
120.95308
122.93351
128.21530
130.65107
139.46143
140.64804
148.36710
179.42713
190.56870
5.16036
16.67828
25.04740
58.30947
70.96120
79.23737
85.94825
101.18663
103.45733
104.93985
111.50549
122.17188
149.91677
163.39253
172.18399
194.71055
195.60608
198.72387
204.64342
12.15408
30.45900
37.17003
53.17814
53.96382
82.47371
87.69230
105.93009
106.33837
111.96479
124.84373
148.42326
148.78803
161.66741
195.96913
197.47825
200.95057
216.00180
231.44853
12.47118
24.57441
29.41583
48.34312
54.10606
65.01506
93.14739
95.72962
101.07736
103.94783
116.50261
121.82326
131.24161
132.61215
135.35072
142.84699
147.20528
154.27115
155.77852
16.78132
26.14146
42.07747
80.17779
119.39796
134.63450
139.01103
144.61572
154.30269
162.62889
168.99113
182.34284
195.44915
199.53421
206.59924
208.58016
218.12120
228.77043
244.60005
6.57771
9.08480
-1.00000
-1.00000
-1.00000
-1.00000
-1.00000
-1.00000
-1.00000
-1.00000
-1.00000
-1.00000
-1.00000
-1.00000
-1.00000
-1.00000
-1.00000
-1.00000
-1.00000
7.61826
19.69933
30.89287
37.99420
41.09378
50.04070
54.10673
60.65347
69.82919
76.34793
77.83621
94.33537
131.07600
134.31001
137.32521
154.57573
150.23839
161.22893
165.61481
4.80021
10.08779
20.69516
26.35340
28.49361
39.89019
44.73522
50.26203
68.54909
71.21927
107.04979
116.66603
125.93250
146.31307
160.89647
168.05900
171.70203
180.54066
175.75009
18.44639
28.83767
33.43360
70.66001
91.37810
96.36278
105.42835
125.92482
146.05434
152.59547
155.40229
156.67695
164.13125
173.73311
175.38864
180.96891
189.09741
200.59019
208.50040
1.84958
16.11401
26.95434
28.83272
31.76294
44.03954
50.28705
53.80689
57.06311
69.66419
93.30296
93.65853
122.95824
122.95937
129.83037
136.07737
140.64860
148.79539
150.54261
8.87249
9.71461
14.16032
25.86444
49.00016
64.96988
82.96456
92.79859
111.01853
118.08558
136.38753
156.48822
161.03586
186.06520
192.94257
200.93128
214.74137
221.11384
232.89442
11.93504
16.15669
17.53246
38.55778
57.01107
58.03251
73.61254
88.44186
96.55969
96.37167
97.34319
131.39841
157.13957
175.55735
187.76654
192.23824
199.92127
214.53067
214.53067
18.30970
47.83653
53.63711
58.98220
73.23752
77.47645
85.93657
88.55260
94.49613
100.03822
100.40270
100.80501
106.64107
109.38480
109.46028
111.85808
113.94185
113.28334
114.91484
10.63718
14.99523
43.83897
50.21907
63.32013
71.47509
73.32399
89.17747
102.50957
106.96617
123.45057
134.66211
140.05989
148.90498
150.55668
155.14909
156.52293
172.79897
193.34024
15.38026
28.34308
42.47431
61.13597
64.80347
72.36641
77.49098
85.73811
105.25095
121.63912
139.41166
142.17621
155.53521
159.25920
170.09208
171.30641
171.91038
177.98519
191.27891
6.82444
12.38684
14.73930
35.70757
37.36808
43.96760
46.68185
56.07369
77.47951
99.89569
107.88115
108.75337
137.50389
137.50689
143.54026
163.18703
163.93073
185.89612
188.63155
17.26708
37.72393
48.04877
55.76371
68.11448
73.22227
84.15374
86.51437
103.97634
109.27121
117.88591
122.01606
139.58316
151.37078
163.97558
184.44334
187.84750
189.75303
225.25575
9.59733
10.97724
22.94642
56.19446
66.22436
66.68942
76.16450
79.66687
89.07064
95.94482
104.27289
108.97356
108.34066
112.56250
117.92981
128.82945
134.64835
136.34646
139.15904
14.06057
20.15723
35.11727
50.82666
58.00924
66.20292
71.41075
81.67730
93.36883
108.74830
120.69427
126.05915
135.12344
132.14251
139.83257
150.73104
156.31284
158.43077
158.44347
4.62555
5.84890
8.29817
20.90277
22.48351
25.29380
43.11848
47.46778
69.54747
78.28260
96.88395
104.25643
106.08936
114.13013
127.80075
137.93966
144.14769
153.94179
157.83883
17.28234
18.38779
26.97798
31.18199
50.63983
62.26414
79.42558
79.48762
86.04953
98.71511
106.22765
122.90916
130.68041
136.29620
151.83758
159.34866
175.80130
176.46884
179.45560
12.91488
37.12449
43.77802
53.29573
55.78879
61.27047
65.46669
73.57720
91.47201
93.13285
99.11010
101.48187
115.20371
115.56605
133.84079
136.82194
139.04333
162.81249
170.55292
8.59356
23.26454
30.46598
36.77605
47.56443
46.67686
70.75472
80.03393
81.42077
95.86893
95.89279
99.23649
120.17072
134.59564
149.14644
164.36340
171.58353
172.49020
197.08971
11.34443
31.91709
52.46501
56.76129
64.27258
79.87155
86.05520
104.02090
114.91677
128.49051
137.74380
158.60473
178.88148
181.99307
197.88761
203.52997
203.87077
204.93674
209.05085
7.01838
14.67967
16.77347
29.43455
33.39002
36.50341
53.08548
67.91501
76.00572
78.23209
84.30732
104.90694
114.47000
119.13757
133.20682
138.89311
147.62537
155.97220
156.96722
10.91756
18.34942
28.14774
33.78400
34.62338
41.60170
45.06037
61.87620
78.35364
78.55777
87.09929
109.91082
126.28834
131.30432
147.11343
160.40111
174.99970
179.75459
181.44199
5.71378
9.30059
17.01373
28.27259
39.68153
40.82861
52.51077
59.17432
66.56498
97.51108
111.62996
124.22506
131.79255
144.12653
144.30344
150.32972
154.82183
159.46502
169.63526
5.30139
17.03727
29.89030
38.30845
47.71633
71.57414
93.42633
96.47020
111.52477
120.61482
123.81747
131.93602
133.38022
158.78109
173.80560
184.52711
185.08851
195.63537
197.25915
3.53300
8.83277
16.21149
29.91446
40.54446
54.08010
62.83604
71.01264
78.96890
81.88910
95.97546
106.58597
112.42716
131.74832
133.55231
179.96721
194.29625
219.66714
221.95650
8.01328
17.22016
21.02540
23.79576
29.94571
31.66881
35.87616
38.52213
39.33162
43.22909
48.12630
58.11101
111.02648
130.21276
148.34934
150.02389
161.18595
171.25874
175.82615
5.35329
16.14196
21.82724
42.59174
59.02509
68.72907
71.26540
76.81891
89.22855
104.14487
118.86249
133.13044
135.75317
137.00631
139.61143
144.30819
148.04915
163.64638
165.51500
10.37515
14.67426
17.74166
36.08526
38.51145
45.87909
53.39861
57.84083
66.59996
82.26578
82.89179
93.01347
100.02688
109.73216
119.50336
126.89233
129.92310
139.52543
152.56019
12.25350
15.08527
28.61579
32.38746
53.35970
60.56608
63.40488
81.25425
90.94356
101.05044
101.78379
106.10514
110.91866
116.67176
134.50991
144.38335
-1.00000
-1.00000
-1.00000
23.27735
37.58769
42.36095
59.54907
68.76512
84.36238
86.82448
102.47772
111.25961
114.66648
123.33266
123.43115
132.45007
134.72121
145.13595
173.68397
174.53477
177.63962
179.93708
22.88235
30.57374
58.84436
66.24893
67.99472
71.17757
75.00583
89.98214
98.45046
102.02259
115.50065
119.05390
131.92298
136.46234
139.12844
146.87683
146.61035
156.88502
161.32393
19.66942
30.83616
42.33194
49.35574
61.08467
67.53834
82.53542
87.82903
99.64467
115.24330
128.69094
131.75932
133.01092
143.97795
162.47615
164.11286
167.72915
175.65545
188.46459
11.85763
12.85958
20.49532
22.16442
26.25086
41.12692
45.85147
51.68114
60.00051
63.38479
72.44894
76.77674
83.73871
92.62297
93.29020
100.57979
114.17467
118.26987
123.51646
18.25867
49.44110
68.10955
72.47276
73.87697
85.38567
104.42368
115.26666
127.43096
150.14242
154.62043
157.04275
159.97221
169.66094
173.86178
175.21941
177.78423
179.14031
192.00607
12.86553
15.07329
63.47679
67.10987
80.08345
98.34820
116.74441
120.57870
126.54533
136.91831
137.15856
158.26169
162.11000
161.90183
165.65520
170.24146
173.36316
183.34538
193.31133
2.04077
11.45858
24.13589
32.15818
42.33616
50.72934
68.13945
69.69161
81.73989
82.12192
97.17893
98.69729
105.65515
107.04328
109.91612
120.12546
132.88726
142.52212
144.48887
11.85460
27.28399
45.88145
60.74953
68.93974
74.02932
84.62311
114.79539
122.25158
128.40989
134.47679
145.82600
148.12875
163.65759
167.51047
176.32681
195.49289
198.76904
205.12202
