15.82170
24.91827
29.88225
31.18953
31.52919
31.76084
32.20805
32.57604
32.96142
33.42437
33.87987
22.50932
25.23211
27.44956
32.38142
32.87732
33.11777
33.31585
-1.00000
-1.00000
-1.00000
-1.00000
6.43079
18.61346
27.67010
50.85497
50.97019
51.06309
51.38325
48.16171
48.63285
49.12851
49.43960
9.97820
16.81841
24.82576
32.68569
32.86382
32.99528
33.23641
32.88311
30.96625
31.01018
28.29606
17.67411
22.29238
27.33403
37.30993
38.16072
38.29885
38.48566
38.74072
39.16788
39.35047
39.92326
26.72312
39.65293
47.90885
58.30151
58.41890
58.68654
58.86187
59.08106
59.39631
59.83013
60.12943
9.68039
13.73763
15.14456
21.99866
22.71998
23.04635
23.41213
23.58203
24.03252
20.58645
20.64787
16.89222
29.95821
41.60032
52.44405
52.64628
51.02991
51.29291
51.51949
52.10671
52.56304
52.83263
24.93736
42.07246
47.31765
52.34893
52.63842
52.90990
53.32921
53.79752
54.04361
54.80436
55.32339
7.28370
9.29781
29.26308
40.40169
40.76580
40.99603
41.60012
42.13615
42.48088
39.54251
40.03455
16.78944
29.26110
30.20695
32.03679
32.37453
32.73783
32.47284
32.61491
33.05186
33.49190
34.14986
9.95332
26.27591
37.13610
38.40475
38.97423
38.98597
39.72579
39.88860
40.08394
40.85523
40.99655
18.42925
41.78871
48.09063
49.14421
49.41983
49.66949
50.22313
50.80326
51.16148
51.44334
51.85726
4.98719
6.30212
19.95145
23.94800
24.70319
25.18934
25.65804
25.96892
26.14726
26.31881
26.05894
5.48256
8.03000
12.00459
27.64835
27.75155
28.43165
28.93516
29.07664
29.61182
29.90436
30.16442
12.32802
20.53050
24.92075
26.87123
27.16459
27.57585
23.28291
23.67658
24.56268
24.70740
25.18314
3.25208
11.94328
12.51246
21.57975
21.89410
22.16084
22.67244
23.05980
23.54963
23.80994
24.03710
7.41530
18.62107
28.55223
34.44021
34.94208
35.55651
35.69222
36.36495
36.95422
37.51055
37.58623
22.25313
25.76046
35.26223
41.51792
41.62083
42.20574
42.47648
42.48732
42.89073
43.17060
43.34807
4.17200
10.16786
16.44343
24.70023
25.10505
25.26031
25.67431
25.95867
26.42927
26.54259
26.62880
18.68663
27.79939
29.72490
34.87115
35.23219
35.48198
35.97053
36.38374
36.53302
36.63787
34.11971
5.76508
9.31732
17.23861
31.70013
31.93831
32.32887
32.50615
33.15089
33.19686
33.39479
33.42278
9.03309
14.34019
17.15961
23.44182
21.23492
21.80378
21.95198
19.97035
20.38760
20.72792
21.12203
8.10957
28.16346
42.90019
46.48921
46.88318
47.23061
47.30400
47.67671
47.74570
48.10200
48.16022
4.40414
10.28063
31.32252
37.42001
37.85236
38.54827
38.65955
35.99221
36.25169
36.40344
36.67793
5.55724
10.02211
20.22942
36.05828
36.34812
33.58737
33.86192
34.01001
34.10620
34.33757
35.35399
6.04658
9.78580
22.94309
25.11612
25.27612
25.63921
25.82414
26.46879
26.70616
26.80206
26.78056
10.65293
16.21157
29.25975
42.27844
42.45675
42.95485
41.50258
41.53235
41.81345
41.98504
42.11386
23.93162
27.48000
33.80129
41.63985
41.73938
42.07393
42.57152
42.74969
43.40721
42.60506
42.80451
2.39431
29.42875
33.04521
40.26122
40.56344
40.61294
40.97977
41.33684
41.41487
38.86941
38.91810
15.55303
18.04404
24.94167
27.39128
27.86482
28.33185
28.60205
25.24300
25.33381
25.67509
25.98901
12.64061
26.41272
27.90359
31.54165
32.13965
32.44098
32.49853
33.64342
32.44986
32.68996
32.92313
12.25390
22.79832
44.08465
59.83036
59.96082
60.05706
60.50196
60.77792
60.97565
61.19671
61.43725
12.21653
17.65472
23.68650
31.07412
31.41577
32.11844
32.23657
32.47246
33.02753
27.74756
28.40672
10.16981
34.86924
45.80856
42.39267
42.79530
42.90187
43.28534
43.60850
43.78272
44.21083
44.58894
8.80827
25.69008
28.12209
43.13629
43.30101
43.70342
44.14031
44.75766
45.25870
45.67824
46.38169
5.27018
7.29913
23.83629
31.81155
32.12212
32.51020
32.92717
32.98012
33.42042
33.67487
33.89113
8.28026
20.50805
29.43638
41.68351
41.99309
42.09887
42.54903
42.61615
42.75516
43.29007
43.54453
4.00872
17.17829
22.71321
45.40752
45.66578
44.93782
42.23859
42.62941
42.76004
41.76728
41.83854
2.82150
12.34019
20.39435
25.51087
25.77445
25.09726
22.84019
23.25491
23.58704
24.01092
24.26293
7.69638
18.87713
34.86779
46.39842
46.84937
46.97179
47.22388
47.61247
48.00861
48.41713
48.67336
18.99448
23.05835
25.17202
33.25450
34.02603
34.66060
34.79665
35.03667
35.10637
35.45964
35.70539
16.91490
34.61096
39.97315
44.84269
45.14556
45.44355
45.89259
43.27629
41.34667
41.81601
42.92182
7.62448
19.31367
23.54546
38.01118
38.21092
35.40526
35.74844
36.38067
36.82117
37.41938
37.82056
0.95251
10.42670
31.08238
37.94781
38.12038
38.40601
38.77384
39.04254
39.18682
39.61150
40.32134
5.40424
14.94346
25.01542
57.52634
57.78404
58.23739
56.39449
56.73761
56.95806
57.14062
57.34570
6.87176
17.34906
20.59630
23.78632
24.02689
24.27081
24.85525
25.12286
25.36275
25.59800
25.78729
8.74980
12.16856
22.37259
30.58947
30.70744
30.73404
30.96224
31.18671
31.61217
31.75963
32.00097
5.75147
14.15686
14.70658
20.57958
18.89462
19.29114
20.14103
20.17728
20.77773
20.93805
20.95199
7.97960
11.03915
20.75583
40.01998
40.23305
40.55140
40.62978
40.89776
38.26595
38.43468
38.60720
