3.98478
7.51857
7.63940
7.82390
8.54400
9.08672
15.82594
30.04441
30.42541
30.50360
26.93065
27.11494
13.12329
14.52482
14.65385
15.85554
16.09986
16.27681
13.27646
17.61253
17.71435
18.04791
18.15825
18.49133
1.84382
4.47643
4.56735
5.22001
5.25156
5.55788
11.81241
12.93070
13.06741
13.21389
13.31653
13.89922
2.84105
9.08071
9.41878
9.73130
9.84550
9.87875
17.78176
25.32114
25.38105
25.60614
25.79610
26.44105
5.65397
30.31885
30.34254
30.63628
30.67767
31.21024
0.95922
9.77388
10.59722
11.03567
11.33212
11.85046
6.30945
16.84713
17.27105
17.46348
17.68220
17.69930
8.09436
8.19220
8.62492
9.47716
9.96146
10.40222
22.49019
23.23895
23.88641
23.89733
24.22687
24.33630
1.73936
11.83037
12.11059
12.30637
12.40006
12.71199
13.87614
30.98099
31.49545
31.58079
31.94747
31.97298
14.59260
26.96440
27.07027
23.87058
24.09657
24.70068
12.86117
17.44219
17.56863
17.80139
17.97298
18.36137
4.60530
24.56038
24.61151
24.88466
25.36188
26.11372
8.87145
13.67480
14.18845
14.75882
14.85281
15.08570
20.78625
27.54286
28.09421
28.40236
28.49081
28.71616
9.23450
20.08645
20.27422
20.31820
20.46147
20.67869
1.77035
5.45597
3.38129
4.03057
4.23585
4.51002
8.63363
18.42973
18.77008
19.04728
19.12865
19.32305
11.04262
13.76194
13.92770
14.17748
14.26532
14.32605
11.93510
15.59967
15.92811
16.11340
16.14420
16.20689
9.37526
22.81948
22.84315
23.42036
23.55252
23.70696
2.19715
13.51145
13.99880
14.67125
14.96963
15.48142
1.04700
3.84675
2.41089
2.62333
3.07639
0.55120
1.82259
5.13390
2.15145
2.39538
2.43832
2.49185
5.72934
25.13728
25.30075
26.00432
26.61201
26.65621
12.93671
16.92252
17.31785
17.79917
17.99056
18.58998
8.71243
11.68058
12.14420
12.47456
11.35440
11.58812
4.56094
10.49934
10.61679
11.19772
8.98842
9.18738
1.86580
5.55221
6.30149
6.98986
7.22295
7.34623
8.33186
9.64490
9.92886
10.11819
8.41058
9.02010
5.14610
14.17437
14.18985
14.29237
10.81015
10.98283
37.29969
61.39531
61.67136
61.80006
62.19145
62.24512
8.90063
22.29899
22.40932
22.55711
22.89473
22.96875
41.74853
45.92219
45.95055
46.41330
46.58724
46.69964
24.57379
36.50712
35.92511
36.80859
37.19739
37.39030
16.63129
25.09499
25.32006
25.59348
26.12942
26.42170
2.54947
28.31936
28.76670
28.84684
29.12350
28.97217
17.18281
21.45070
21.84509
18.77487
18.97664
19.41466
36.01786
39.55656
39.90687
40.10675
40.69750
41.30550
5.61541
9.04966
9.30742
9.54545
9.78270
7.21409
21.03106
23.90069
24.27083
24.40764
25.30671
25.45934
7.22460
14.30583
14.42610
14.80407
15.18262
11.67857
25.31777
46.73043
46.84311
47.08839
47.67403
47.72768
5.52627
23.47949
23.62101
23.76829
24.02451
24.02538
19.93796
39.18959
39.47838
39.85442
37.67543
38.32476
