0.71687
2.10410
3.84361
7.05441
7.29595
7.86582
7.96206
8.28685
0.00996
1.79535
3.42478
4.54177
4.83986
5.23620
5.60353
6.33060
0.44254
2.85987
4.17810
4.28199
4.46224
4.97555
6.99841
7.31446
0.57948
0.58019
0.58063
1.00822
2.44583
2.90370
4.10484
4.43707
1.77560
2.28481
2.90646
3.64135
4.13573
5.99105
6.02744
6.91183
0.76126
1.72513
1.99596
2.69005
3.68126
3.70811
3.94268
4.52828
1.76736
2.15987
3.89680
3.99358
5.14814
5.83889
6.40109
6.72819
0.97204
1.08079
1.78480
1.88063
3.20751
4.45193
6.73981
9.81761
0.15431
0.17438
0.24305
1.93548
5.89862
5.97669
8.85633
9.58457
0.72406
0.90613
1.72847
3.79645
6.98829
7.46544
8.34706
10.06896
1.68728
3.89799
5.58397
7.43389
8.52489
9.73017
10.79973
11.13800
0.44176
1.32201
1.35143
3.25611
4.03819
4.45500
7.28955
8.07730
0.92952
3.66667
5.86996
6.34670
6.64911
7.52151
7.52152
7.88807
1.00913
2.54481
4.66450
6.38932
9.09873
9.23552
9.65521
9.88330
0.27474
1.20617
1.72498
2.68281
4.28060
6.41449
6.62667
7.03448
0.31199
1.23638
2.40520
5.55789
6.20139
8.01466
10.08130
13.61063
2.09712
2.64688
2.80915
3.93915
4.97357
6.14623
6.91275
7.54127
0.55456
1.19085
3.56297
4.42318
6.70031
6.86688
8.06183
8.36905
1.32891
2.40617
2.81365
6.02771
6.51369
6.73420
7.30906
8.20901
0.27079
1.18335
1.88319
2.46873
2.98269
7.13207
8.65582
8.77191
0.41461
2.25878
2.80601
4.42262
5.69855
5.73129
5.73287
5.77667
0.32045
0.94630
1.94450
2.34643
2.64593
2.78866
4.49579
4.57726
0.07518
0.58706
0.92984
2.13772
2.35581
6.03103
6.12669
7.94287
0.08934
0.28248
0.70072
0.93052
1.38551
2.48885
2.64610
3.71030
0.29042
0.47664
0.50964
0.72306
2.80779
3.46713
3.87927
4.94920
1.39474
2.40909
3.74859
3.75093
5.81509
6.43702
8.10952
9.38050
0.26042
0.74718
1.50483
2.19441
3.98646
4.77028
5.41642
5.98946
2.15125
2.91398
2.99188
3.07034
4.94981
5.24226
5.72527
6.30644
1.11467
1.14158
1.19119
1.25268
2.57108
2.58202
6.13208
7.24036
0.01419
0.02485
0.09969
0.21939
0.28017
1.39185
1.94160
2.29018
0.26716
1.20493
2.42114
2.42380
2.43110
2.66197
3.31489
4.25874
1.40894
2.28212
2.75064
4.18819
4.25963
4.75772
5.75501
7.14076
2.75513
2.81428
3.59356
4.44661
6.35533
6.69719
6.69742
7.23883
0.65065
0.65802
1.60151
2.18432
2.89576
4.71909
6.41466
6.49155
0.84473
1.81321
2.38127
4.32460
6.22178
7.37236
7.58097
12.41464
1.71614
1.95083
2.30800
2.62948
3.43802
3.46338
4.53890
6.55391
0.00951
1.46116
1.46374
3.07911
4.28454
5.04121
6.52891
7.82542
0.04213
0.04482
2.65179
4.90151
5.43653
6.24719
6.51790
7.47941
0.18355
0.75697
2.27172
3.54468
4.82891
5.13184
5.51186
5.90673
0.43905
1.58719
3.19090
5.77662
6.16796
6.81791
7.14250
7.59995
3.29058
5.20031
7.13656
7.96015
11.12631
11.61189
11.65271
12.35405
0.78610
2.16177
3.73043
5.35268
6.76612
8.02378
9.54825
9.81298
1.68432
2.01600
2.61304
3.10268
3.71224
5.09951
5.12613
5.26905
1.46574
2.39216
2.58914
3.27347
3.76052
4.09519
5.04626
5.08890
0.85854
1.12373
1.66726
1.90868
7.45402
7.70540
8.66845
10.25178
1.03586
2.47406
4.59570
5.12547
5.23205
8.90511
10.92733
12.53220
0.61141
1.36391
2.17882
3.02864
3.48216
5.23811
6.57472
7.62701
1.11797
1.48119
5.16678
5.48148
5.72149
6.36640
6.70622
8.07660
0.53688
1.59084
3.12448
3.29945
3.53408
4.44493
5.85469
7.00502
0.26017
1.55051
1.63090
7.13526
7.21528
7.29227
7.74294
11.14331
