6.30725
15.16556
24.05171
33.91685
50.68995
5.63686
22.35192
28.52133
50.77242
58.09794
2.34629
11.70055
14.84855
35.62295
46.20117
25.02892
30.31932
39.66012
47.98798
50.91885
3.38782
8.78615
17.55032
29.23222
49.07535
8.75429
13.81710
30.88094
35.20287
35.42436
25.42126
33.93224
38.01189
46.02397
53.25006
4.56478
13.90089
44.75987
50.62812
57.87033
6.70797
14.14611
17.97986
23.26826
26.69189
14.65608
24.52065
39.04422
39.07910
42.38304
6.08091
14.67871
24.79106
28.81188
30.22825
6.75865
16.20342
26.54721
35.37884
39.66758
3.80983
5.97026
11.25201
38.02552
51.91347
1.73421
10.49423
17.03456
25.52950
31.02577
7.92159
20.08862
26.24155
29.46759
37.81251
3.87693
14.24756
19.69350
20.68608
19.64974
17.24875
26.91398
65.71984
69.33260
79.80340
1.45898
15.36577
32.83853
37.20924
44.42208
3.84811
15.82814
30.82532
36.51751
36.06226
26.54978
29.99307
34.12187
42.79092
48.80620
11.89008
14.07749
21.43246
32.02844
41.83282
11.68675
32.99215
36.95016
40.02976
81.51471
2.30017
10.81723
21.08813
28.62596
44.81934
6.02684
14.72736
17.74796
19.73068
34.32147
2.19835
7.95153
15.63787
23.21048
36.05246
17.35747
28.25379
42.09552
66.64521
69.80510
9.78402
16.30930
27.25106
40.75130
58.11511
34.79658
41.10012
56.71483
58.92780
71.81680
5.09370
19.90207
23.25124
29.79953
35.75503
14.87197
36.61774
55.48422
62.06315
65.24359
11.98098
28.69825
40.25917
45.35432
47.60271
41.20047
41.62399
46.63724
50.58883
65.09493
23.02067
35.29398
44.83989
50.14430
55.31381
20.72825
23.63786
27.37008
34.90992
41.09338
19.02519
30.60706
39.95621
72.76823
74.85012
10.80974
14.44911
28.43778
42.48441
59.07710
4.90395
11.89591
36.55381
44.23968
59.33728
6.21263
8.96591
37.99205
60.65369
77.13611
11.48233
20.57795
29.29422
29.36364
53.65907
3.06856
8.77745
13.82822
23.59553
27.16944
12.82578
25.22253
29.70133
41.41981
57.48483
3.95495
5.97265
12.92446
17.93749
46.22065
7.29697
17.31012
29.14422
34.97089
38.95813
6.91718
14.16069
18.17879
25.01889
33.16245
2.74501
5.71391
11.56807
15.13041
31.05960
17.13366
20.99323
34.62549
46.50604
48.95141
16.13283
18.51252
23.89858
46.95200
54.76227
14.81909
27.31862
36.56969
45.46818
50.50049
5.87778
10.62378
13.80443
22.46908
27.63969
5.09219
11.78653
23.53242
32.48637
41.25501
