9.18340
19.83278
20.40340
23.29707
39.71725
79.09261
82.20027
98.43575
110.91338
130.42294
135.43757
138.81762
140.30526
146.70477
149.41524
158.89623
159.21158
11.36614
16.19186
24.23080
36.98678
62.80835
69.12477
76.57242
83.52251
99.48586
104.34491
106.37038
106.92350
128.50652
138.15067
138.15537
170.17442
172.77404
15.93948
16.45790
36.28252
46.52144
70.19514
82.04578
82.31468
90.77750
92.53809
95.18947
109.37063
115.70427
122.75987
123.95209
135.37997
138.88555
141.79058
11.85718
17.17799
22.22677
24.61148
35.79694
45.21998
50.64305
62.50904
62.93474
78.95910
86.70499
104.56660
121.19797
133.48320
160.41918
166.25739
170.07622
1.76040
15.90305
32.90572
45.81105
56.83942
68.21120
74.78712
85.03996
96.63491
101.76734
104.65402
112.13639
133.99685
150.56894
170.57583
190.25033
209.68079
0.72150
17.37664
34.69707
52.66591
78.88823
92.44996
95.71057
102.84342
115.72011
126.29852
127.05386
127.05485
148.57288
150.15868
158.87331
169.51462
171.70139
6.88003
8.64890
21.11172
29.10587
46.64183
55.17447
56.48906
58.76869
63.47914
75.26256
75.66759
87.02941
104.00173
104.51154
107.98565
127.24866
144.03008
1.32747
16.02469
27.95326
32.51870
36.75838
53.17186
71.18075
83.41442
89.26473
91.31060
106.17974
112.26514
122.79890
140.50397
149.42714
170.77685
170.49568
3.15232
6.17547
9.12800
14.95075
21.23496
39.68239
49.19619
56.34227
63.94872
64.70915
69.02353
75.05847
91.17948
97.24082
120.03887
120.14694
126.25216
5.91531
16.47622
23.27058
35.19424
47.50519
59.85729
67.79603
75.05453
76.58702
94.35820
95.60480
98.53349
123.05861
146.29741
147.65058
169.63232
170.77797
19.64748
23.17539
33.44522
42.96619
59.70613
76.77719
90.44971
96.32318
103.93006
112.88027
115.73536
117.05762
120.54839
127.45959
131.39734
148.69469
158.58661
5.66509
15.55217
28.69591
37.77125
47.60946
55.39748
62.26674
70.81600
75.13878
89.40310
100.81392
112.62704
115.97735
137.98568
151.06649
153.82907
158.51897
13.72671
27.51755
27.56964
28.80356
64.64059
95.12456
105.30727
115.12706
135.82767
137.89518
145.70298
152.30453
185.23118
193.48961
206.11149
208.11664
215.30679
5.77688
19.50794
21.84146
-1.00000
-1.00000
-1.00000
-1.00000
-1.00000
-1.00000
-1.00000
-1.00000
-1.00000
-1.00000
-1.00000
-1.00000
-1.00000
-1.00000
0.87049
19.33594
32.64468
64.04195
73.43722
76.58848
89.95853
92.84922
103.26755
116.81851
137.79770
147.86491
161.09275
171.09263
181.08638
187.65998
191.08779
18.87650
27.14462
39.27873
43.54438
43.58933
47.43120
48.55559
52.01117
59.50787
69.46743
72.70344
76.80873
102.60394
104.67363
133.29570
137.98522
145.97981
30.55767
42.35518
48.47614
50.11485
59.06830
70.95555
71.85088
74.86650
91.49006
97.57214
102.45513
108.75998
128.21207
138.28957
142.10469
150.34005
161.55498
0.69207
34.38155
39.11121
50.21030
52.99742
63.76879
70.16049
75.97325
90.44593
113.78364
116.67602
116.94878
119.88794
138.61409
139.67892
140.99412
144.30219
12.26315
23.70335
27.64795
37.52876
40.50512
46.76891
46.89308
50.21413
68.85814
84.34465
96.13372
115.07676
118.44349
132.05780
135.84724
147.75082
142.58090
9.98048
30.68898
43.18660
65.33284
68.15906
77.98635
82.27351
92.55148
99.78901
100.38433
110.17075
127.94579
132.87557
135.23203
164.68525
176.15184
177.32386
9.68336
20.33535
23.19254
27.42178
48.49589
67.99572
68.25547
70.30895
79.31475
89.78230
93.79893
102.37076
105.33760
109.82506
111.80714
124.14342
125.69741
7.33027
9.51783
9.75058
11.82119
12.88481
15.32598
17.09199
26.08521
32.65582
40.97410
43.45116
53.29869
58.72835
69.81481
76.04898
89.02944
117.84367
8.02180
34.34077
38.02594
40.39107
45.53524
56.90561
77.23411
89.16981
115.14808
118.66002
119.07738
123.42941
136.39236
156.86841
159.00663
161.67999
178.90401
14.43861
31.38264
39.46842
41.63672
44.81493
45.17829
51.35739
79.91713
88.38217
91.15826
103.42403
117.84122
123.60240
124.15839
127.63417
128.19125
144.99807
10.20375
18.82798
36.52579
60.73000
71.74570
73.06231
76.57250
80.81456
108.25424
109.65493
114.12391
118.92800
124.04682
126.17499
142.32821
142.07915
167.69158
10.82935
18.94728
27.97814
34.01240
37.65961
46.62974
49.16757
53.38607
59.70120
65.71552
74.46375
86.58497
97.77982
121.80804
130.50066
148.60150
159.67150
4.50846
10.11260
23.27304
29.85959
36.07133
42.67418
44.53440
53.56850
58.47764
72.98874
95.10996
95.28218
98.53937
99.79110
108.43046
119.60494
124.25287
8.02639
22.56808
36.96039
40.90749
47.21389
65.29036
69.84833
99.29164
111.64533
113.66531
117.49552
122.49643
127.28594
130.56775
134.32549
139.49532
143.95496
8.09206
9.64428
40.24958
55.69726
59.69545
60.44822
63.43303
89.73954
107.48131
109.36107
117.07894
136.30517
147.85263
147.88367
168.66809
174.95436
200.61287
35.38357
51.34764
56.15615
68.11186
70.35544
75.11685
91.75021
88.92619
90.39220
90.83397
97.70866
113.85704
116.01863
123.39124
125.28843
144.01121
152.56181
7.47470
7.71685
46.29267
53.28640
62.01003
63.19264
68.91969
83.87780
102.33172
104.64937
104.85331
105.91184
116.29300
145.19633
152.62462
153.36944
154.83639
32.07285
44.56722
74.58124
105.42767
123.93040
128.45581
147.87561
152.86830
157.93698
172.45861
177.56285
178.65164
184.32850
186.80211
193.83865
197.95118
204.33993
10.24233
22.75329
29.97232
31.79092
40.84085
49.89060
67.25226
76.55568
93.31749
109.62674
112.57023
126.49087
125.83483
132.85929
147.06147
148.85412
162.64774
12.84240
14.38574
24.56833
28.01979
46.97352
57.65889
71.08593
82.69097
87.58146
90.13304
91.90060
110.30257
114.49532
132.36028
142.75922
146.12762
149.74965
12.01960
36.52075
63.78566
87.66399
90.45167
94.46857
105.05066
105.26465
118.35873
131.36978
131.61904
143.04003
150.00019
152.85945
161.90428
172.45590
183.88814
8.67524
26.35510
37.37218
49.00619
69.92724
74.85279
85.03551
94.73694
100.65203
116.77551
126.55728
131.63093
144.29949
147.50498
150.16652
167.27888
167.91494
14.36933
27.55872
38.59796
39.57460
82.59146
86.55274
88.48744
88.49707
92.04304
104.18581
108.19355
112.53970
127.32334
131.82436
136.26379
145.35274
148.52638
17.14865
48.06150
52.08260
67.55050
79.82918
90.82332
101.41595
108.33083
125.90701
161.94389
172.17308
175.38960
194.97880
196.69745
200.58503
206.07508
211.98319
3.96419
8.25130
15.93338
64.20029
65.67459
67.92608
72.35212
72.40695
81.60996
89.74337
91.66616
100.75966
106.62593
129.61144
134.74160
147.37555
148.33625
14.02573
15.68326
25.93850
47.89136
52.17761
56.12897
69.56200
73.42702
84.04977
96.26406
100.84642
130.59957
139.51431
154.60408
154.62453
173.46748
175.15767
7.16852
27.23916
48.26258
65.67620
69.78284
80.39792
90.97259
113.28259
123.98639
140.38502
156.29115
161.68982
185.55609
190.88242
198.42009
203.44862
207.99319
41.61519
43.22014
49.05225
57.06884
65.53435
71.54302
79.39085
80.73522
90.20448
94.68343
99.22786
104.39464
118.56377
139.82504
154.75501
160.98420
166.59737
3.13276
25.53642
38.90539
60.76164
63.87113
71.02245
84.42025
89.51137
105.03283
127.31585
132.53528
139.38227
143.33963
156.27822
173.44818
181.13634
181.15711
4.33847
13.29086
16.62663
18.30615
37.47508
49.88132
57.65011
64.37145
75.22168
94.71834
96.09205
98.57295
107.71221
119.00776
129.32070
147.29704
149.01336
5.18385
19.22070
56.63701
77.17960
92.72280
105.88199
130.94821
157.04729
159.48866
168.18377
172.90998
176.51016
177.09427
198.65842
205.43116
217.05664
218.10082
1.22967
15.43319
18.37395
21.40192
32.17938
37.18111
38.86116
43.50713
46.66647
62.80535
78.79416
100.61090
104.20424
104.93928
115.93633
121.59714
129.79283
8.97794
15.92933
54.89181
66.43209
67.18360
82.66539
103.25890
109.87785
101.60225
106.43188
109.71816
117.11599
117.67394
126.72806
129.93144
129.34439
149.94582
3.25966
11.11333
36.87738
44.37536
48.12230
62.82549
67.16719
82.26748
91.15712
99.83456
99.83936
99.85525
129.46053
131.33588
134.24991
158.65504
170.58396
2.46649
20.60918
36.68094
52.10893
58.03367
69.27872
79.22594
89.01134
109.12237
115.12629
124.65877
124.65877
139.86570
149.81691
161.65314
202.81079
203.43737
7.47389
16.88677
31.39754
34.70573
34.73099
44.37057
48.77171
50.99836
60.66748
72.54339
105.04864
119.67283
133.44222
136.77274
138.16312
143.47598
151.52477
