7.82010
10.30933
12.48256
16.35146
16.41904
16.49803
16.54860
16.65581
16.71192
16.84964
4.69796
7.72903
9.78455
14.41447
14.62973
12.55467
12.65699
12.74567
12.80087
12.88683
7.42078
10.97947
15.33664
18.15928
18.25585
18.35270
18.44524
18.62702
18.68237
18.79265
2.12936
8.03033
11.16135
15.21087
15.27908
15.32346
15.40820
15.58201
13.45959
13.59487
2.56859
3.79129
7.00265
10.71429
10.89474
11.05166
11.13973
11.19976
11.29558
11.43946
4.64829
9.35557
12.08227
15.50938
15.55021
15.62764
15.70780
15.91264
15.98704
16.12299
2.99000
5.04056
9.65449
16.40652
16.45624
16.60261
16.83382
16.92190
17.11378
15.79316
3.24634
7.81907
12.02373
14.83952
14.94125
15.06338
15.21847
14.15546
14.25170
14.35290
2.82953
6.70625
13.63895
14.10679
14.18545
14.28424
14.34970
14.44541
14.52573
14.62322
2.65883
7.57582
13.80112
17.17252
17.37006
14.14210
14.21694
14.27756
14.33160
14.42316
4.31336
7.90001
10.44754
12.35928
12.43584
12.50727
12.59480
12.68305
12.83166
12.90164
3.01315
10.59275
14.34416
18.73062
18.80429
18.17712
18.37040
18.45969
18.53118
18.55273
2.60348
5.31275
8.69632
11.55221
11.69219
11.76279
11.87322
11.96600
12.04350
12.27803
2.35534
8.61709
12.80806
18.80096
18.94651
17.02655
17.17103
17.37696
17.53081
17.64172
2.26162
6.40519
10.97702
16.35405
16.45265
16.61907
16.76333
16.83339
16.87922
16.94781
4.66615
9.37914
11.60776
12.04181
12.14053
12.26671
12.36782
12.50504
12.61485
12.69458
6.83040
9.96242
12.33161
14.63789
14.75576
14.88747
14.98582
15.13911
15.21525
15.34058
2.08793
12.50013
16.57779
20.31532
20.36360
20.52890
20.62190
20.76625
20.79942
19.83430
3.00269
5.02579
7.35018
9.92431
10.06230
10.14658
10.24115
10.38966
10.48946
10.65069
4.02454
7.18396
10.11636
14.30818
14.44531
14.58723
14.73643
14.89884
14.97944
15.06506
4.72137
9.27344
13.47110
15.29135
15.40959
15.57061
15.63444
11.84260
11.92667
11.96733
3.91838
9.54867
12.75194
18.20417
18.30753
18.41267
18.57470
18.78519
18.89863
18.95575
2.60640
5.56352
14.55720
16.22747
14.79481
14.94441
15.01885
15.05415
15.11283
13.30077
4.20453
6.28154
8.47973
12.47438
12.61118
12.69677
12.84567
13.01778
13.16772
13.23416
4.70595
7.87725
10.64260
14.81009
14.95023
14.98644
15.05821
15.13941
15.26412
15.46397
4.49172
7.69201
10.57849
12.95090
13.06903
13.21240
13.29018
13.34489
13.43954
13.52505
7.66261
12.26518
16.16438
19.38403
19.52531
19.64783
19.80513
19.88065
19.99379
20.07864
4.97238
8.17129
11.11704
13.73008
13.78841
13.89849
11.71213
11.82365
12.07938
12.21571
5.64738
8.22958
13.09620
16.17051
16.22726
16.34627
16.52639
16.62290
16.70851
15.21195
4.57490
7.05465
11.43302
16.26190
16.38679
15.07588
15.18451
15.33874
15.44848
14.09320
3.10397
5.10501
12.04427
17.44554
17.53993
17.68227
17.86419
18.01421
18.05281
16.41947
7.40542
9.69177
11.74891
17.13514
17.19342
17.30572
17.47754
17.50377
17.63701
17.73111
2.06183
5.89193
9.18297
12.09747
12.17009
12.27766
12.36570
12.45747
12.54285
12.60325
5.01388
7.82942
9.93615
14.19560
12.22683
12.32844
12.38767
12.46395
12.55706
12.64635
2.21435
8.37298
10.01585
10.67835
10.82131
10.91641
11.07305
11.26197
11.36824
11.54951
2.17852
6.09169
9.17289
12.27247
12.40411
12.52057
12.62100
12.79986
12.89853
13.01677
3.89625
9.37375
11.37658
14.41446
14.45626
14.74974
14.86274
12.70207
12.78694
12.83317
3.39748
6.21301
10.42668
13.00531
13.11398
13.21904
13.27906
13.41451
13.47751
13.58647
4.14647
7.97496
11.34671
14.04956
14.21154
12.72583
12.78514
12.84179
13.03449
13.28096
4.41726
6.44651
9.20926
14.38592
14.43503
14.48658
14.57634
14.76476
14.92706
14.98742
3.25625
6.12442
10.56841
13.73054
13.81086
13.97872
14.08043
14.18040
14.29144
14.42364
2.66511
6.22453
8.88594
13.47306
11.75346
11.85080
11.98763
12.10027
12.21709
12.29037
3.05696
6.48732
11.48144
14.21318
14.28649
14.35117
14.42813
14.55159
12.27747
12.38033
5.16354
11.07472
14.59703
16.42820
16.47791
15.78855
15.89665
16.03557
16.13091
16.27833
3.90123
7.20832
11.30714
15.88734
15.97459
16.27111
16.34425
16.40411
16.57965
16.71773
4.01270
5.89387
11.35367
14.94629
15.08220
15.17927
13.27870
13.34914
13.42286
13.49854
4.78683
4.97628
6.79621
7.72624
7.84470
7.93060
8.09998
8.27502
8.41967
8.54483
4.34611
5.23373
7.53274
10.89527
10.98995
11.06796
11.21072
11.36841
11.44529
11.55047
7.10187
14.85497
15.26091
17.73785
17.94408
18.08374
18.18546
18.25831
18.33983
18.49617
4.63722
8.00074
11.41979
14.48991
12.28977
12.45182
12.55760
12.61030
12.74458
12.87249
