3.41909
12.53499
12.71093
19.21683
29.85970
28.29673
28.50723
28.63647
28.59265
28.00899
28.33748
28.59172
28.67122
28.77435
28.98598
29.09728
29.52538
29.67902
29.70628
29.85942
29.88733
29.98563
30.06465
30.09088
30.24232
4.89230
12.10308
17.75810
23.69456
29.63437
29.95637
30.12523
30.34090
30.51486
30.68453
30.70123
30.87729
30.91721
29.24587
29.39048
29.64985
29.70391
29.75787
29.82025
29.96424
30.08186
30.21387
30.29394
30.54626
30.66876
2.63824
10.58515
17.20552
21.47596
23.00547
23.18848
21.49605
21.74567
21.77335
22.02859
22.30854
22.46017
22.83648
22.99995
21.17855
19.57613
19.69413
19.86038
19.93381
20.25856
20.30111
20.46835
20.68423
20.84016
20.92510
1.55023
4.46486
5.18496
5.46670
6.95073
7.27199
7.41311
7.49433
7.72407
6.09774
6.54182
6.67265
6.88259
7.04543
7.58876
7.68188
7.72629
7.84113
7.96440
8.14968
8.31862
8.67701
9.03368
9.07548
9.18627
0.42374
3.28595
7.95401
10.42253
18.76940
18.66732
18.76817
18.77990
18.92849
19.03808
19.30504
19.43231
19.48482
17.20278
17.32640
17.56219
17.88766
18.14917
18.17930
18.19376
18.31779
18.33162
18.40966
18.92283
19.41814
3.08019
7.67873
11.96545
14.47942
20.45216
20.66653
21.06041
21.20287
21.39385
21.48250
21.70330
22.01107
22.15549
22.16407
22.33541
22.45212
22.78637
22.81117
22.94530
22.94628
23.16051
23.18636
23.26269
23.39999
23.65071
3.56387
14.74408
21.95325
23.49934
29.77020
30.27602
30.50707
30.82973
30.91830
31.36214
31.67383
31.77115
31.79290
31.44275
31.80156
31.96465
32.06036
32.34211
32.53728
32.90106
33.19404
33.38350
33.71873
34.18715
34.20855
3.46717
6.34734
8.98387
16.43294
17.31306
17.51471
17.64324
17.82832
18.06737
18.20281
18.23230
18.42024
18.55164
18.74662
19.16569
19.26819
19.35889
19.74675
19.86312
20.10606
20.21317
20.38355
20.47067
20.66363
20.87949
2.24908
9.85303
17.85357
21.32703
27.07427
24.54825
24.71063
24.90023
25.12345
25.21535
25.41800
25.53637
25.90663
26.07293
26.08169
25.81190
26.16582
26.73008
27.14478
27.32797
27.65698
27.82196
27.83896
27.92800
28.23509
1.24040
13.06486
19.20360
32.82997
37.55349
37.71420
37.95486
38.39896
38.43065
38.86954
39.05018
39.18701
39.38508
39.47681
39.52986
39.68315
38.97001
38.98133
39.15823
37.73421
37.83037
37.94466
38.18273
38.52574
39.14413
7.54221
10.45805
14.20147
15.89929
16.87932
16.96144
17.64507
18.05849
18.33073
16.74364
14.33309
14.43269
14.59382
14.75807
15.00878
15.18774
15.29270
15.58836
15.76672
15.93724
16.08823
16.17325
16.36769
16.46898
16.57148
0.16409
3.46452
9.15951
13.37914
16.08667
16.15912
16.44898
16.63801
17.05420
17.07418
17.13647
17.47718
17.55588
17.63347
17.78906
17.82444
17.83930
18.30626
18.63739
18.97835
19.08172
19.22738
19.59769
19.93113
20.05730
2.52283
3.16025
5.41159
6.08554
13.08204
13.21384
13.24027
13.33190
13.54362
13.59418
11.72291
11.87563
11.97273
11.99927
11.92804
12.24288
12.57075
12.57186
12.95364
13.01583
13.12849
13.23342
13.23883
13.49523
13.64786
5.49798
8.16479
10.60960
12.73196
20.05886
20.12756
20.17616
20.19602
20.29997
20.31927
20.56269
20.66226
20.71818
20.89414
21.14423
21.30440
21.73122
21.90611
22.03807
20.42684
20.50315
20.65492
20.73724
20.96947
21.14201
4.46807
11.55633
20.19158
23.27485
35.87773
36.01793
36.07951
36.11370
36.21972
36.57863
36.62058
36.83107
36.92300
37.42983
37.50183
37.55869
37.72959
37.89031
38.32128
38.44888
38.66910
38.67136
38.88675
39.02422
39.18412
2.79556
14.84958
18.21349
19.78493
22.13663
22.34605
22.48580
22.67439
22.83211
22.94695
23.16124
23.19801
23.41680
21.76706
21.91194
22.24354
22.31173
22.35147
22.62332
22.88046
23.08227
23.18532
22.31846
22.45936
22.53712
4.11785
7.79129
9.16227
10.37825
10.61164
10.85312
10.93602
11.20507
11.50106
10.47909
10.62347
10.70357
10.85493
10.89100
11.14693
11.34935
11.46040
11.68236
11.73770
11.79806
11.93991
12.17701
12.26142
12.42168
12.57890
3.88684
8.36132
15.61549
22.73142
28.75079
28.83612
28.98019
29.11107
29.30348
29.59288
29.86963
30.00297
30.23153
28.29692
28.36014
28.45363
28.86283
29.01683
29.51137
27.98474
28.03744
28.25578
28.42098
28.49279
29.00990
5.93130
11.48791
16.75376
24.00809
29.90792
30.05058
30.23023
30.45536
30.72531
30.81489
31.01963
31.13526
31.41693
31.58776
31.87495
31.91560
32.05431
29.78465
29.84420
29.92376
29.98517
30.02609
30.23245
30.31306
30.39380
8.47637
13.97043
18.70122
23.72115
27.85753
27.93590
28.02789
28.21686
28.58725
28.90023
29.10135
29.64090
29.68718
29.72039
30.00847
30.06822
30.18020
30.36742
30.79122
30.92946
31.12766
31.33093
31.46270
31.87064
31.96475
3.85952
6.69656
7.36225
13.86857
22.17180
22.18058
22.43813
22.53466
22.66423
22.83111
22.96825
23.30730
23.51224
23.53178
23.81797
23.96022
24.08652
24.24187
24.29050
24.40940
24.58253
24.63623
24.86180
25.14872
25.27283
6.65547
10.41946
13.52984
18.56374
26.76061
26.93394
26.99664
27.12128
27.34721
27.35164
27.70003
27.94141
26.40495
26.60136
26.67976
25.32913
25.59447
25.65700
26.30826
26.48269
26.69586
26.95450
27.17761
27.27371
27.49289
4.60789
22.51542
27.39099
37.34189
44.53795
44.70229
44.78149
44.81727
44.91040
45.20657
45.45986
45.51754
45.75969
45.78409
45.93085
46.03467
46.13249
46.30607
46.39031
46.45310
46.75969
46.82262
47.11777
44.47853
44.82746
13.87766
14.92432
20.48502
23.17629
31.49223
31.51828
31.65435
31.76368
32.01492
32.22491
32.50318
32.58244
32.77049
33.01709
33.20881
33.29856
32.54062
32.76686
32.98230
33.02044
33.04750
33.20352
33.57133
34.03294
34.05685
10.93548
14.43747
26.59184
36.92808
46.62356
46.71130
46.87520
46.93392
44.82028
44.90766
45.05990
45.12495
45.18872
45.22159
43.75214
43.81863
44.18598
44.34032
44.49209
44.70022
44.87650
45.02947
45.20588
45.30389
45.64775
6.12541
9.05876
11.98682
15.24311
17.72018
17.89705
18.14141
18.68730
18.79787
18.82465
19.07334
19.14778
19.29278
19.57428
19.76370
19.89732
20.17988
19.10608
19.32920
19.52249
20.05775
20.22549
20.29080
20.37032
20.89263
0.34905
6.06209
13.65347
15.18280
27.65412
27.80608
27.83233
28.13524
28.44990
28.75064
28.86174
29.11540
29.21805
29.30454
29.71475
29.74074
29.94443
30.09319
30.27735
30.40120
30.57604
30.64520
30.92289
30.42669
30.71506
9.36000
13.80221
20.29680
27.96711
32.03988
32.29425
32.34892
30.96211
31.76939
29.92628
30.48738
28.58187
28.63120
28.81970
28.93286
29.24436
29.51534
29.53964
29.72383
29.76064
29.89454
29.18783
29.66073
29.75436
29.76783
1.65009
2.68381
10.64238
17.22717
25.08230
25.10049
-1.00000
-1.00000
-1.00000
-1.00000
-1.00000
-1.00000
-1.00000
-1.00000
-1.00000
-1.00000
-1.00000
-1.00000
-1.00000
-1.00000
-1.00000
-1.00000
-1.00000
-1.00000
-1.00000
10.40495
19.01289
21.49435
21.77568
27.96020
28.09835
28.32188
28.39006
28.47803
28.63143
28.81435
29.09789
29.29080
29.62393
30.04237
30.15745
30.27160
30.45230
28.39802
28.45170
28.66931
28.79821
29.00327
29.37245
29.54970
2.35753
3.18056
11.62745
19.07966
27.44661
27.49962
27.76578
27.81997
28.19434
28.36414
28.44392
28.46738
28.47777
28.67820
29.20283
29.37648
29.37919
29.64567
29.99015
30.13557
30.34975
30.78907
30.84727
31.00672
31.14921
3.10417
13.07214
20.25998
21.05704
22.39825
22.80375
22.97397
22.61964
22.82474
23.13412
23.36032
23.48243
23.79246
23.95537
24.15168
24.27602
24.30353
22.42494
22.54611
20.73875
-1.00000
-1.00000
-1.00000
-1.00000
-1.00000
6.39717
16.63803
21.39587
30.78648
31.88881
31.91446
32.12053
32.30815
32.47122
32.53433
32.78353
32.95446
33.14901
33.33646
33.65529
33.84859
33.99274
34.11415
34.21182
34.44395
34.55467
32.79963
33.01244
33.29057
33.53163
1.54106
4.06959
5.87011
7.33651
9.81806
9.85884
10.00929
10.20560
10.27762
10.48748
10.63690
10.89685
10.98760
11.11020
11.21100
11.32043
11.48049
11.56447
11.87609
12.24419
12.42023
12.48243
12.89920
13.11437
13.18525
5.02957
10.70918
12.10334
13.58368
16.34698
16.74638
16.99930
17.21655
17.49980
17.60947
17.80349
18.00610
18.22059
18.34250
18.49835
18.53137
18.75627
18.83628
18.92162
19.04306
19.45101
19.52486
19.71120
19.82246
20.12715
1.86785
9.52410
12.91675
20.01698
29.48688
26.89651
27.20769
27.38819
27.58622
27.80055
27.95584
27.99188
28.07600
28.35575
28.80953
28.85408
28.95300
29.46216
27.52605
27.65000
27.70908
28.22822
28.35126
28.59064
28.59065
4.59791
9.11374
14.16952
16.29970
16.86908
17.18255
17.32294
17.59397
17.80180
18.02888
18.18695
18.23560
18.59184
17.61627
17.76987
17.90472
17.96904
18.07684
18.21230
18.29656
18.47090
18.54027
19.03195
19.32354
19.49560
13.32666
15.04740
23.91697
25.09363
25.88151
25.99701
26.10676
26.35720
26.71708
26.92328
27.16386
27.20235
27.26008
27.44040
27.59429
27.82401
28.03006
28.27803
28.49220
28.55268
28.61188
28.78694
29.00911
29.15015
29.51238
6.61143
9.56640
17.24281
19.63182
20.70447
21.08473
21.55679
21.67502
22.12852
22.17195
22.28176
22.40960
22.45093
22.69391
22.91375
22.96035
23.43976
23.72869
24.23625
24.28022
24.28939
24.45478
24.58018
24.75006
25.13707
2.84834
6.93340
11.83611
15.53293
22.04556
22.16571
22.51516
22.40786
22.72872
23.03796
23.09394
23.24077
23.35443
23.47352
23.59216
23.60288
23.68082
23.91438
21.17730
21.33293
21.41905
21.47097
21.56925
21.86014
21.95385
11.19254
15.18549
17.27789
22.20772
26.46583
26.79402
25.90692
25.97701
26.30382
26.81956
27.20449
27.26425
27.26980
27.33036
27.65541
27.84862
27.90937
28.15249
28.30142
28.79647
29.00634
29.20792
29.24467
29.29660
29.32245
2.56657
12.95349
16.28180
15.26550
18.87961
19.13035
19.26314
19.40019
19.99744
20.19771
-1.00000
-1.00000
-1.00000
-1.00000
-1.00000
-1.00000
-1.00000
-1.00000
-1.00000
-1.00000
-1.00000
-1.00000
-1.00000
-1.00000
-1.00000
7.43435
9.09639
16.96864
22.30504
23.80588
24.02550
22.73868
22.92225
23.07936
23.13368
23.19309
23.45381
23.81307
23.87337
23.99806
24.09539
24.28596
24.65989
24.84143
24.92525
25.07960
25.28623
25.64780
25.98202
26.29657
8.20511
8.54739
9.56654
21.17411
25.89832
26.05626
26.35743
26.48196
26.55889
26.85115
26.87281
26.99614
27.37153
27.64716
27.72832
27.86702
28.01631
28.11212
28.25659
28.35131
28.46710
28.48533
28.69072
28.73628
28.86561
4.01398
8.46519
11.03157
17.95278
23.67274
23.90455
24.15982
24.28372
24.46427
24.79443
24.88630
25.24400
25.53770
25.73496
25.98302
26.07469
26.29001
26.55943
26.76796
26.95292
27.07983
27.40462
27.47040
27.54098
27.87031
0.89696
8.60189
9.94270
15.18739
29.50651
28.35538
28.50448
28.85041
29.00835
26.08537
26.18182
26.24384
26.05862
26.18284
26.31647
26.37298
26.46879
26.53888
26.69610
26.76387
26.94481
26.97766
27.24328
27.49314
27.65786
1.16128
2.81236
7.99637
12.29818
14.64947
14.83203
15.06436
15.55079
15.67993
15.81399
13.76835
14.01909
14.14784
14.50179
14.90974
14.95431
14.97930
15.45523
15.67891
15.76581
15.91237
16.09266
16.33562
16.44403
16.69579
14.45956
20.79885
26.67297
30.07848
33.25640
33.51018
33.76800
33.94766
34.14367
34.45931
34.47427
34.50652
34.58092
34.44891
34.77207
34.93973
35.12266
34.04031
34.38054
34.84230
35.10946
35.19605
35.25269
35.37565
35.87601
1.75496
3.76311
12.92398
22.15454
25.84575
26.00662
26.08671
26.42395
26.66814
26.75230
26.77238
27.01508
27.03594
27.18014
27.32638
27.62963
27.89568
28.20306
28.42769
28.67026
28.76649
28.51403
28.72290
28.83399
28.90003
7.06721
10.48195
13.69888
16.37658
18.61124
18.40979
18.67871
18.33977
18.52099
18.60219
17.51344
17.60838
17.73412
17.95710
16.42022
16.79694
16.98867
17.18205
17.31427
17.60413
17.65620
17.76335
17.96742
18.10845
18.24876
