0.19489
1.16838
1.50286
2.13110
2.44131
2.73877
3.06685
4.01771
4.48528
4.80458
0.42674
1.05480
1.47939
2.01473
2.37925
2.98984
4.14868
4.86685
5.74644
7.04094
0.22993
0.91610
1.21036
1.82490
2.47066
3.13162
3.31312
4.14459
4.77757
5.64942
0.45992
1.35991
2.25812
2.56798
3.02776
4.21351
4.56433
5.36640
5.96436
6.65916
0.68274
1.14155
1.80066
2.23570
3.40448
3.83139
4.34045
4.64319
5.23276
5.84437
0.67636
0.70549
1.30207
1.72290
1.86541
2.31604
3.08429
3.61903
4.41854
4.88448
0.41699
0.92334
1.78691
2.10259
2.29578
2.52530
2.68139
3.31263
3.43023
4.12591
0.52787
0.61347
1.35379
2.21213
2.53140
2.87897
3.74782
4.40023
4.84183
5.49168
0.67108
1.15913
1.37370
1.96057
2.57966
3.65700
4.63258
5.11876
5.51193
6.27978
0.69569
-1.00000
-1.00000
-1.00000
-1.00000
-1.00000
-1.00000
-1.00000
-1.00000
-1.00000
0.48166
1.15427
1.24747
1.63910
2.32131
2.65135
3.52150
3.85341
4.87248
5.33663
0.79839
1.46219
1.78686
2.17256
2.69850
3.15504
4.18363
4.78394
5.09923
5.27012
0.22594
0.78748
1.07195
1.17275
2.05175
2.47070
2.85048
3.21118
3.45011
4.31102
0.50918
0.80803
1.09300
1.40691
1.42055
1.70273
1.74185
2.32484
3.13801
3.61294
0.32834
1.11552
1.33431
3.00255
3.43918
3.64814
3.84325
4.82323
5.30548
5.90017
0.45698
1.07573
1.15401
1.95880
2.20555
2.54249
2.86940
3.13156
3.62461
4.00010
0.36386
0.95093
1.39290
1.50653
1.72926
2.25399
2.52925
3.23428
4.00537
4.50752
0.29288
1.04421
1.25742
1.63225
1.91383
2.49501
2.71857
3.42396
3.87262
4.41147
0.92506
1.07472
1.88784
3.10826
3.40157
4.12667
5.45153
5.76962
6.83637
7.85393
0.36136
1.15307
2.12104
2.52535
3.02213
3.48166
3.95877
4.37310
5.02974
5.75045
0.38475
0.72983
0.92031
1.39257
1.98088
3.06718
3.20015
3.70883
4.37170
-1.00000
0.53219
0.90762
1.22855
1.81781
2.17215
2.54108
2.74266
3.92585
4.04774
4.46698
0.26072
1.12194
1.96579
2.88407
3.41517
4.19429
4.36085
5.02397
5.39740
5.94811
0.38625
1.00081
1.51984
1.73226
2.49106
3.57227
3.83469
4.34415
5.20472
5.72615
0.70775
0.85631
1.61028
1.98890
2.02997
2.64924
3.42225
3.86938
-1.00000
-1.00000
0.49800
1.65694
2.35401
2.78922
3.86801
4.52543
4.79364
5.22044
5.82599
6.23048
0.16710
0.62147
0.96263
1.39345
2.32197
3.21263
4.06666
4.79462
4.90370
5.40479
0.68960
1.30120
1.83706
2.21654
2.81184
3.04667
3.42599
3.93016
4.39858
4.71937
0.23102
1.60977
1.78053
2.26313
2.58606
3.18780
3.85276
4.24026
5.52419
6.29102
0.13321
0.76177
1.10920
1.62989
2.10129
2.78446
3.50821
4.07343
5.30230
5.67532
0.27642
0.71597
1.32953
2.20629
2.60160
4.16057
4.48773
5.10676
5.75942
6.22135
0.31669
0.61596
0.80844
1.47947
1.59807
2.58201
3.10902
3.23716
3.85423
4.46717
0.32329
0.48852
0.97725
1.54544
1.62996
2.07259
2.28147
2.55972
2.80588
3.21074
0.50996
0.88621
1.15766
1.77946
2.37883
2.76343
3.21566
3.86753
4.28704
4.55767
0.72450
0.88620
1.56889
3.01652
3.22979
3.47969
4.17171
4.95827
5.66025
-1.00000
0.54001
1.13115
1.40994
1.89854
2.36743
3.37908
4.19370
5.06544
5.52848
6.24470
0.21830
0.93590
1.14873
1.40609
1.75528
2.22538
3.21131
3.50680
-1.00000
-1.00000
0.20269
0.60115
0.64485
1.39446
1.88987
2.64691
3.34963
3.85606
4.32360
5.25800
0.57235
1.68566
2.64332
3.04336
4.04315
4.77586
5.83835
6.01531
7.20381
7.61974
0.43618
1.32156
1.54476
2.06616
2.48084
2.62848
3.32397
3.36816
4.25695
5.05951
0.52251
1.19887
1.62546
2.41558
2.80894
3.25885
3.42951
4.31604
4.88290
5.27114
0.50651
1.49477
1.73065
2.72432
3.03519
3.70087
3.95243
4.20029
4.77646
5.01969
0.16038
0.56065
1.05113
1.90836
2.04832
2.50047
3.35403
3.89311
4.42121
4.52064
0.37231
1.30481
2.05161
2.86879
3.29802
3.97259
4.24515
5.07842
5.78670
6.03460
0.93334
1.18087
1.65131
1.76767
1.97444
2.58047
2.79235
3.30670
3.63386
3.78810
0.80894
1.39545
2.01946
2.36164
2.80691
2.93216
3.18475
3.83256
4.57862
4.87159
0.23606
0.78700
1.62139
2.20421
2.78707
2.81419
3.09524
4.03541
4.49024
4.88219
0.47908
1.18911
1.58046
1.63509
2.56902
2.71464
3.39233
3.68854
4.10351
4.81683
0.60438
1.54844
1.85456
2.49527
2.73635
3.03696
3.68264
4.18850
4.79041
5.51672
0.52614
1.14836
1.90951
2.45140
2.64054
3.15484
3.71096
4.36819
4.51613
5.46039
