0.19533
0.60044
1.33312
2.35797
3.00725
3.16797
3.87291
4.49439
4.72331
5.49180
6.17548
7.24668
0.05658
0.61549
1.19104
1.60550
2.09313
2.61922
2.78735
3.24584
3.78937
4.56420
5.04280
6.23771
0.39784
0.90629
1.76200
2.43772
2.69919
2.81316
3.21385
3.85725
3.88595
3.92601
5.39444
5.46125
0.00464
0.59565
1.07333
1.40736
1.69451
1.94307
2.01807
2.24070
2.89703
3.24133
4.04237
4.27292
0.07594
0.15097
0.56811
0.87064
1.15997
1.21432
1.71700
2.92566
3.17049
3.72864
3.76425
4.60654
0.15904
0.76653
1.64749
2.49605
3.08544
3.25797
4.37927
5.23467
5.67947
6.01948
6.39187
6.40007
0.38735
1.36785
2.27432
2.89996
3.23377
3.27363
3.91208
5.19698
5.67766
6.48747
6.74354
7.02774
0.17266
0.74248
2.16824
2.76829
2.85362
3.86473
4.29303
4.42400
4.44477
4.65337
5.79525
5.85064
0.32223
0.43357
0.51420
0.71972
0.91455
2.10242
2.38494
3.08575
3.55098
4.06063
4.58830
5.09580
1.02379
1.36501
1.57646
1.82620
2.05285
2.05842
2.24447
3.24856
3.38711
3.54974
3.56256
4.07860
0.44039
0.98672
1.27877
1.57043
2.05708
2.35006
3.28018
3.54952
3.94692
4.52511
5.00964
5.47558
0.31322
0.91742
1.51258
2.12776
2.71173
3.11143
3.41398
3.60599
4.35600
4.41391
4.65421
5.04558
0.53031
1.89995
3.37676
4.18847
4.21308
4.44481
4.54615
4.78107
5.35625
5.40726
5.55350
5.98578
0.31724
1.29955
-1.00000
-1.00000
-1.00000
-1.00000
-1.00000
-1.00000
-1.00000
-1.00000
-1.00000
-1.00000
1.03128
1.58778
1.81761
2.24905
2.49438
2.81036
3.19541
3.32638
4.52995
5.21899
6.16186
6.73176
0.10536
0.24768
1.00095
1.15880
1.29207
1.51336
1.64874
1.85142
1.97135
2.84294
3.76335
3.90469
0.49119
0.98944
1.40089
2.07510
2.13900
2.31634
2.69475
2.82477
2.88143
3.09476
3.23737
3.71986
0.12582
1.19383
1.47605
1.57274
2.35093
2.93952
3.33790
4.03559
4.08279
4.72447
5.26097
5.80303
0.04547
1.50413
1.72220
2.11871
2.28467
3.07146
3.46420
4.06402
4.36451
4.90421
5.19323
5.57135
0.11170
0.43194
0.86532
1.01007
1.10755
2.02579
2.23344
2.39902
2.53769
2.98713
3.15773
4.25137
0.99111
1.46684
2.21599
2.36192
2.52549
2.83990
4.33603
4.46154
5.23538
5.71856
5.83839
6.68088
0.41770
0.48754
0.79065
2.84018
3.03458
3.55084
4.05771
4.79966
4.95868
5.13407
5.15130
5.19170
0.07373
0.50131
0.65237
1.45314
1.87697
2.15979
2.81625
3.05202
3.68695
4.03809
4.30786
5.40178
0.36815
0.46205
1.07553
1.30803
2.08485
2.31833
2.72103
3.04896
3.75143
4.64377
5.47878
5.69871
0.25592
0.40966
0.73762
0.74455
0.99333
1.38930
2.28001
2.98623
3.35181
3.55042
3.72362
4.00057
0.77186
1.14918
1.56783
2.05161
2.19272
2.84079
2.95176
3.47390
4.21335
4.53296
4.56169
4.75518
0.80326
1.11275
1.85703
1.92291
2.19628
2.80003
3.24831
3.81507
4.16449
4.38705
5.66309
6.24212
0.51770
0.80595
1.85069
2.14231
2.79395
3.46245
3.95161
4.42752
5.02295
5.72869
6.73680
7.02953
0.48889
0.94024
1.93736
2.24260
2.31979
2.80905
3.20821
3.95060
4.03199
4.36648
4.57327
5.04082
0.76387
1.25430
1.55351
1.84593
2.09685
2.29646
2.82412
3.34038
4.62069
4.66689
4.95179
5.72963
0.43733
0.85679
2.12560
2.57949
3.13540
3.50667
3.83487
3.99814
4.48401
4.83821
5.24466
5.48515
0.41083
0.96130
1.79898
1.98424
2.21599
2.46367
2.74790
2.97469
3.23312
3.68253
3.72781
3.90287
0.25925
0.27974
0.92003
2.23685
2.50639
2.69831
3.45043
4.07470
5.39803
5.39866
5.70404
6.11292
0.50259
0.64282
0.86463
1.31701
1.56131
2.49762
2.55605
3.09289
3.23629
3.28328
4.04833
4.23516
0.17382
0.64012
1.09184
1.37274
1.59068
1.98826
2.02636
2.68206
4.10738
4.61729
4.83051
5.47215
0.20617
0.68644
1.82658
2.20476
2.53320
3.25755
3.31520
3.36118
3.88742
4.35466
4.93297
5.01504
1.20740
1.38908
2.04920
2.71671
3.05831
3.62050
4.62691
5.58349
5.60674
5.90664
6.60430
6.88892
0.03174
0.57941
1.64423
1.93248
2.04752
2.29355
2.94417
4.02842
4.07225
5.11844
6.08065
6.17830
0.41449
1.00184
1.57987
2.20417
3.20715
4.06015
4.82730
4.82752
5.28314
5.57724
5.57727
6.15179
0.32194
1.11938
1.75503
1.89249
2.03931
2.77350
3.28547
4.90411
5.33807
5.96949
6.01096
7.14876
0.23335
0.98677
1.55449
2.05039
2.31478
3.17458
3.68467
4.09331
4.51316
4.97413
5.28756
5.83750
0.20456
0.58261
0.58771
0.80316
1.43517
2.01925
2.52902
2.76470
4.29356
4.53773
4.64280
5.24466
1.32839
1.90713
2.42657
2.59903
3.48168
4.57030
6.26592
6.37754
7.10821
7.14107
7.37540
8.34640
0.54959
0.73888
1.25566
1.38226
1.70781
2.01625
2.40152
3.05708
3.34567
3.89710
4.30190
-1.00000
0.41595
0.83759
0.94250
1.18881
1.66848
2.13774
2.39820
2.83875
3.16384
4.92548
5.37333
5.66765
0.66835
0.91360
1.21267
1.73736
2.18360
3.00881
3.44046
4.12916
5.44645
5.88083
6.23728
-1.00000
0.26145
0.43202
1.35866
1.51391
2.77366
3.06353
3.37170
3.78586
3.91116
4.27119
4.72586
5.19176
0.00535
2.07015
2.78642
3.47088
3.66385
3.76454
3.85318
4.36368
4.93890
5.00132
5.32730
5.34617
0.08027
0.53726
1.49936
2.00609
2.29082
2.57772
3.16246
4.17045
4.59674
5.21346
6.50245
6.51527
0.05610
0.61338
0.66863
0.84548
1.27708
1.77384
1.84036
2.22492
2.73360
2.95001
3.23008
3.28273
