4.45782
20.57220
23.51162
36.94625
37.15461
37.29771
35.10840
35.52055
35.79066
35.93696
36.70309
6.44677
24.94729
40.35709
40.87596
41.21767
41.80141
42.01641
-1.00000
-1.00000
-1.00000
-1.00000
12.20304
18.84127
33.75408
38.50620
38.80088
39.22930
39.77978
38.01021
38.31659
38.41389
38.51567
9.48073
22.24328
43.01330
61.15672
61.60582
62.09159
59.88380
60.35675
60.38109
60.53636
60.82345
5.35218
12.06292
19.14306
27.97351
28.23156
28.68770
28.93897
29.53975
29.74449
29.96339
30.17406
26.93312
50.44307
62.01182
75.50423
75.78587
-1.00000
-1.00000
-1.00000
-1.00000
-1.00000
-1.00000
3.97488
14.33851
21.99699
32.97101
33.10775
33.35748
33.57562
33.71055
33.87629
31.57330
28.46551
9.59317
11.99253
28.41690
36.70926
36.86604
37.24145
37.36534
38.01373
38.55059
39.19161
39.36120
2.61100
7.78581
9.68683
11.34445
11.63741
11.89439
11.95785
12.07426
12.21869
12.47004
12.71420
2.81263
5.28022
15.02463
16.13126
16.48608
17.06284
17.26103
17.35109
17.50595
17.74407
18.15439
9.05681
22.81311
28.86394
39.24198
39.87847
40.79528
41.10372
41.50062
41.91612
42.40687
42.49785
15.84006
32.93712
38.64400
43.66653
44.31027
44.03722
44.61729
45.25567
45.67609
46.26435
46.78317
17.82941
24.16933
42.23607
47.57289
47.89489
47.98687
48.06270
48.11508
48.57407
48.67003
48.84437
12.58242
17.40893
37.10124
48.36857
48.66202
48.81708
49.11605
49.49212
49.51750
49.87285
49.97273
14.42871
27.28714
41.95033
48.27377
48.91883
49.17036
49.28996
49.58024
49.81908
50.09363
50.45024
21.16926
29.54140
31.65790
29.32177
29.48169
29.70520
30.55367
30.68815
30.86397
31.05383
31.60471
8.56468
25.15309
31.20337
56.22616
56.35317
56.36346
56.47515
56.81292
57.33448
57.46852
57.72354
2.73991
6.51534
24.63171
28.43438
28.63792
28.81411
28.85182
29.42776
29.55970
29.93632
30.32628
10.23501
20.84266
29.39331
37.93039
38.09027
38.36051
38.70082
38.99743
35.54601
35.74260
36.20130
24.61223
28.25208
40.13120
46.09926
46.26297
46.63611
47.26798
47.78665
47.93141
47.98732
48.22115
5.15390
13.93599
16.11381
21.91306
22.11771
22.29273
22.66895
22.82682
23.20122
20.95783
20.50037
0.70474
4.54676
18.49783
23.44796
23.72493
24.24365
24.55782
24.78749
24.98478
25.30651
22.78367
9.99210
11.48308
15.63092
20.85841
18.19817
18.54989
18.78686
18.95552
19.09916
19.31891
16.78298
7.39020
16.52045
35.51905
44.46833
44.63240
45.10878
45.44130
45.61181
45.94868
46.04390
46.28003
12.25833
18.96886
23.87099
26.10562
26.38534
26.77748
26.96839
27.46896
27.79217
28.07963
28.19672
11.52866
28.82335
49.59285
66.50392
66.59341
66.71144
67.21807
67.40286
67.48118
67.71720
67.71374
4.91906
13.34588
22.35065
29.58054
30.23572
30.52725
30.69368
31.15336
31.55077
31.84583
32.12028
2.82952
13.16790
18.64990
26.75356
27.52463
27.86828
25.06044
25.47897
25.52240
25.58582
26.12988
6.60840
21.57635
32.84563
41.75628
41.88267
42.14364
42.53662
42.78795
42.91853
43.38894
41.90064
8.95220
22.40673
39.21195
60.87386
61.53043
61.71974
62.18781
62.63867
62.82693
63.15498
63.58139
9.13573
11.19878
29.34704
48.58295
48.94520
49.47047
49.77124
49.89159
49.98790
50.21666
49.70280
9.02953
15.37250
29.38419
30.12569
30.83791
30.94958
31.07241
31.19186
28.16734
28.20562
28.36120
11.31548
19.10759
31.59185
61.55911
61.63626
61.97451
62.60854
62.85378
59.85023
60.06999
60.39021
6.07801
11.19917
18.89079
25.28856
20.93972
20.97817
21.47470
21.79621
22.07992
22.47891
21.59763
18.44684
44.70622
51.35936
54.47729
54.71012
52.65220
52.92717
53.15627
53.36509
54.22639
54.43372
12.26817
18.72760
26.24887
33.06568
30.63696
31.05868
31.38181
31.38578
31.54785
31.84034
32.46886
9.58064
16.48311
44.76626
53.95896
54.13767
54.32342
54.69890
52.28590
52.45962
52.86141
53.11694
2.43780
5.50204
11.59601
19.63419
19.96411
20.24267
20.42259
20.83796
21.30282
18.19906
18.54906
7.75209
20.94420
37.03991
51.71492
52.19205
52.56907
52.88839
53.35323
53.59484
52.98568
53.13803
12.66676
27.73738
36.95861
67.10659
67.42202
67.52851
67.58241
67.92028
68.10768
68.31825
68.80278
9.78541
18.94248
20.92724
24.78882
25.25237
25.72149
26.11482
23.57454
23.64366
24.03019
24.23024
1.86077
23.20390
35.54738
48.92974
49.39123
49.57088
49.85952
48.20903
48.36945
48.60010
48.93590
8.21934
22.81901
30.20000
36.06852
36.45153
36.56631
36.79351
36.90689
37.17261
37.40078
37.60079
13.81611
20.15800
40.68337
52.95572
53.31737
52.50606
52.78738
53.64379
54.18862
54.35025
54.57157
6.53309
11.60080
19.31588
29.71975
29.87367
30.09479
30.35352
30.61953
31.09352
31.24526
31.57892
20.91750
31.00643
36.03230
40.53459
40.22012
40.42471
38.86670
39.01518
38.85768
39.10744
39.29430
18.31502
22.43787
27.22561
33.34920
33.36373
33.48438
34.15693
34.40159
34.78484
35.34787
35.56319
3.24354
7.35409
22.36231
36.78502
37.19757
37.36608
37.62173
37.72492
38.14101
38.83834
39.22480
6.74561
12.10467
22.90440
40.63106
40.76202
40.96693
41.24753
41.86723
42.44896
42.75419
42.85221
5.64152
25.14226
43.53489
50.90981
51.49846
51.53977
48.57884
48.96870
49.01568
49.43718
49.63953
