4.16247
6.47091
9.29673
16.69341
18.30825
24.95688
33.80838
39.36507
41.47921
51.19982
64.97150
4.35965
6.18931
21.57836
28.70665
34.83621
39.37733
47.85170
54.31726
55.21041
66.54628
70.01294
12.74801
25.29092
32.73415
36.89102
44.85397
49.54690
54.16776
62.61601
71.85610
77.26103
82.14863
7.54829
9.72484
19.79304
24.24550
29.71762
41.06581
53.06335
57.51078
71.86404
72.72647
76.10617
13.32344
13.68869
20.25003
22.78894
31.34968
36.33581
43.29220
50.63176
53.32050
63.38525
81.51900
16.01401
22.92580
28.89562
35.47972
41.29784
42.37785
45.35155
51.90111
55.15672
59.87226
66.57452
7.67962
11.99159
22.86793
29.14160
31.07783
41.39964
54.09395
57.96680
69.35923
74.32164
84.80405
4.13326
7.62922
26.28428
34.49430
44.45540
49.83089
51.85237
54.59541
56.88295
67.53108
69.59455
14.69087
16.82829
28.77685
35.03280
57.32160
59.11121
62.77309
64.81390
71.14760
77.63729
78.31427
9.14170
15.39073
20.83737
31.90746
42.60482
52.09608
57.52602
62.64963
66.07972
75.52339
79.59173
8.00893
11.66534
19.08222
22.74264
25.28750
31.62259
39.86118
41.67563
44.24432
48.67756
54.26155
8.45644
12.86433
23.72230
31.45496
40.48756
42.09049
53.48250
55.65417
64.38148
71.28299
81.38944
3.20930
10.04716
14.57244
18.25147
32.48699
36.42618
47.02055
51.47821
56.59575
65.17399
73.06401
4.53894
14.08691
15.44327
16.79401
27.48444
31.66668
36.04070
41.75206
50.27871
51.92630
54.45980
9.25748
13.50405
21.94564
27.40889
35.62357
36.14275
48.49272
55.81858
59.82438
65.07356
73.13543
4.43144
11.61593
25.65824
34.30111
38.74208
45.02555
50.55626
62.43185
68.87096
69.10987
76.35582
8.49349
21.73157
29.53134
35.37560
44.11749
44.97190
48.69305
53.50915
59.32833
61.88541
76.36590
7.81197
12.22598
20.30473
25.92621
30.74152
42.28314
49.45927
58.93306
59.47281
72.13928
86.75227
10.11010
11.98782
20.55516
22.04833
30.25345
33.41633
39.00571
44.68582
51.76804
66.68933
79.48740
2.37289
7.33754
12.89524
19.48311
23.86868
32.11619
35.58808
44.15607
53.36063
60.62486
66.40011
5.37681
22.50394
23.53640
25.32128
31.97729
38.57447
45.65640
50.45101
67.93409
70.29160
74.64169
5.31564
11.42652
16.31957
19.86582
29.29319
35.61099
46.65944
49.95418
62.25014
68.64017
79.60630
9.39122
27.73644
30.20335
41.40085
48.45408
52.02354
57.86996
64.51658
71.32182
76.42117
80.95676
8.43377
15.18425
20.61008
30.45508
41.56439
48.51042
50.09192
55.98523
63.25059
66.71429
72.14636
10.10396
14.40507
18.04093
24.19887
31.35105
39.75540
42.97394
45.94299
49.28428
54.41008
60.62882
6.95626
10.94832
12.90338
15.65920
21.53638
28.35970
32.19369
37.50962
41.84729
48.27011
51.78563
2.89502
4.21530
9.85017
15.90487
19.89221
27.12831
35.54050
39.52367
43.92761
46.08447
48.97067
9.80163
18.50031
29.55802
32.19546
39.53610
42.09606
46.13727
50.63036
61.16047
65.91679
70.30310
6.01704
15.38678
23.92333
31.47048
35.27727
39.06282
47.99152
54.32625
60.63041
66.39254
69.40753
2.11650
7.54351
11.90507
18.69577
27.95982
32.99404
43.33195
49.29366
52.39340
53.97474
58.98299
3.47208
9.71141
14.86843
27.99019
31.83882
35.28955
39.86904
52.59111
69.33267
71.16277
73.67887
10.52021
15.89013
17.59784
25.88151
32.82627
37.78200
44.73408
47.48157
57.31908
59.82855
64.20422
15.05512
19.04091
27.33164
34.50588
41.40290
43.05530
46.20085
49.08899
52.31716
57.09792
71.70065
3.59557
15.36274
23.57120
24.52576
29.77914
36.82759
38.39952
43.43476
45.18875
52.39793
58.27264
12.76789
14.31167
17.13484
21.83202
24.59590
33.74517
38.30399
46.10169
54.57730
60.23943
61.90219
1.76061
15.32590
29.36690
32.09291
35.81470
43.91042
52.02804
55.84168
59.39648
62.66887
68.95697
6.87891
12.98804
26.26176
32.64510
39.51293
49.17587
54.48431
56.37247
59.69017
61.07978
72.78953
9.92691
14.80444
25.69245
29.03254
32.82352
35.59744
45.95872
49.96174
53.82551
58.84468
59.50684
12.53641
17.52110
25.11765
30.62287
35.57330
42.30741
47.61065
52.17239
53.43203
61.06805
64.19061
6.44211
15.42644
18.62430
27.92038
31.39996
37.99333
42.68493
56.58674
72.21286
74.60809
85.73640
2.88503
11.67162
15.26907
27.21806
38.45216
44.97778
49.87869
52.05696
55.04807
58.94878
72.00421
5.29388
13.15643
14.57406
27.60276
36.13497
44.15984
64.10545
70.80453
79.61782
90.05248
93.30418
4.24325
9.44406
20.94488
27.69149
31.97638
45.37747
53.34763
59.76203
62.29184
66.99747
81.80000
3.06120
4.87297
10.70641
15.50536
18.65030
22.13532
27.76909
37.71175
45.15488
47.47840
51.68614
6.23086
13.85221
15.21261
21.69954
25.77506
28.89325
34.31507
41.63711
43.89511
53.34859
59.11600
8.77659
22.97388
23.61307
33.13979
37.73006
48.30228
55.19727
57.93066
64.94911
74.97372
78.07929
6.82430
31.44872
39.94742
45.99725
46.55061
49.77080
52.98590
56.35188
57.03656
60.11693
70.15811
2.59451
14.95977
20.87910
25.83413
31.24627
36.97235
40.08794
52.60263
57.01085
67.12521
67.42195
4.17013
8.38864
17.78598
21.58190
27.18380
32.00765
34.02920
48.38144
55.29855
62.87153
72.72293
5.73078
17.04201
21.37463
29.45935
35.69662
44.23555
50.30116
51.97631
52.70713
54.13854
61.64276
