0.38651
0.93070
1.13575
1.19347
1.64659
1.75166
2.64478
3.03794
3.39669
3.80820
4.23679
4.31027
4.60695
4.75926
5.10045
5.31103
5.31865
6.07827
6.14735
6.62868
6.90138
7.39324
7.50374
7.74019
-1.00000
-1.00000
0.28478
0.33164
0.79751
1.08247
1.26411
1.54628
1.91351
2.08387
2.70967
2.74636
3.53788
3.79700
4.12904
4.35121
4.56403
4.84980
5.06617
5.25006
5.30500
5.76864
6.22262
7.50277
7.71013
8.27897
8.32024
8.43214
0.73160
0.87959
1.37813
1.68933
1.86570
2.03672
2.80879
3.04161
3.16851
3.21042
3.25057
3.58544
3.92773
4.26213
4.93489
5.76992
6.43881
6.48827
6.83441
6.89829
7.16469
7.32032
7.51745
7.61613
7.66652
7.94385
0.22119
0.72115
1.04527
1.05873
1.60119
1.90651
2.32435
2.46290
2.54978
2.61954
3.05409
3.12106
3.42656
4.14854
4.17395
4.42370
4.62550
4.91263
5.47275
5.52489
5.59722
6.04084
6.69286
6.81088
7.25309
7.33183
0.21291
0.64236
1.28795
1.49118
1.74356
1.78182
2.42032
2.64395
2.69668
3.04916
3.06258
3.14533
3.33037
3.38503
3.48569
3.60777
3.83570
4.28091
4.52313
5.52993
5.76888
6.19042
6.60773
7.15702
8.06260
8.17026
0.40026
0.62012
1.04949
1.11655
1.17453
1.68540
1.98694
2.43887
3.18733
3.67502
3.70797
4.15718
4.50357
5.03124
5.21044
5.40306
5.68502
5.75631
5.95035
6.06737
7.13136
7.24447
7.61926
7.98042
8.63134
8.85150
0.36788
0.51157
0.61200
0.94505
1.12250
1.51073
1.78146
1.96862
2.06954
2.12420
2.21579
2.39668
2.73382
2.74269
2.80408
3.35613
3.73673
3.98863
4.01011
4.26182
4.31708
4.80649
5.24772
6.25323
6.37417
6.94629
0.44578
0.65610
1.20607
2.25366
2.42396
3.06818
3.24974
3.43373
3.73379
4.11317
4.48622
4.67903
4.98611
5.02867
5.95322
5.96846
5.98332
6.09073
6.41028
6.72706
6.87963
7.13185
7.41926
7.90590
8.02824
8.25814
0.29862
0.64209
1.32828
1.61249
1.97895
2.34168
2.41029
2.45999
2.77785
3.02393
3.50713
3.62925
3.87126
4.01487
4.42412
4.48789
4.66679
4.78668
5.07212
5.12220
5.73361
6.01049
6.40461
6.79069
7.11332
7.21230
0.44578
0.70756
1.01007
1.42041
1.69850
1.92579
2.22862
2.52764
2.75821
2.94005
3.06302
3.52020
3.80356
4.04022
4.19129
4.81945
4.96629
5.07153
5.51797
5.64878
6.06354
6.34217
7.16213
7.42079
7.63537
8.18901
0.19970
0.43225
0.60205
0.92627
1.72696
2.23566
2.72855
3.06036
3.27457
3.42596
4.00818
4.28227
4.47423
4.62473
5.33326
5.60306
5.72720
5.81257
5.97644
6.62318
7.02788
7.26860
7.51849
7.80753
7.92323
8.18948
0.12808
0.33167
0.40657
0.61067
0.72289
0.93481
1.18513
1.30285
1.39493
2.26673
2.73106
2.99603
3.56063
3.88025
4.09319
4.43219
4.93952
5.11426
5.28449
5.91571
6.37489
6.55964
6.62996
6.92198
7.23895
7.45680
0.11307
0.28554
0.46233
1.10595
1.29432
1.43102
1.85834
2.57371
3.10017
3.14923
3.77979
4.04972
4.22162
4.33497
4.44215
4.60482
5.40864
5.72414
6.23987
6.47833
6.76589
7.40698
7.45557
7.62689
8.07493
8.28740
0.24561
0.64732
1.00979
1.29878
1.38484
1.51666
1.57294
2.13155
2.18725
2.60228
2.83101
3.23245
3.72566
4.15254
4.36992
4.57414
5.21182
5.94340
6.09418
6.84295
6.85204
7.03970
7.08467
7.53488
7.60489
8.05673
0.62826
1.26530
1.71135
1.86810
2.09310
2.45213
2.86504
3.18250
3.99657
4.15268
4.29750
4.53683
5.11978
5.66415
5.70079
5.89823
6.42061
6.76671
6.97307
7.33151
7.33555
7.56201
7.59848
8.33392
8.64508
8.70939
0.23201
0.60624
0.77553
1.06451
1.84522
2.24990
2.46005
2.56143
2.74850
3.14801
3.33842
3.74929
3.82803
4.35725
4.75082
5.13916
5.29009
5.29964
5.43555
5.79314
5.93317
6.08999
6.22166
7.08558
7.18940
7.37844
0.30691
0.46288
0.58042
0.90592
1.54631
1.74773
1.79117
2.01554
2.19006
2.37991
2.87916
3.34923
3.68841
4.37189
4.62079
5.23916
5.48275
6.12760
6.32415
-1.00000
-1.00000
-1.00000
-1.00000
-1.00000
-1.00000
-1.00000
0.08721
0.18314
0.51143
0.65449
0.93367
1.23934
1.42219
1.68949
2.43318
2.61489
2.80053
2.95778
3.34268
3.51181
3.92796
4.10912
4.49265
4.80783
4.87818
5.08614
5.34974
5.76225
5.96020
6.67553
6.83049
7.03201
0.22349
0.34540
0.67361
1.01771
1.06834
1.30213
1.35740
1.54891
1.77103
2.07250
2.37706
2.43265
2.63193
2.92316
2.97440
3.03774
3.15446
3.46537
3.53038
4.01681
4.15416
4.27278
4.73005
5.10357
5.29167
5.41971
0.18650
0.51555
0.86616
1.16780
1.41090
1.63338
1.91395
2.64766
3.70482
4.24372
4.39899
4.51573
4.58139
4.58468
4.80776
4.98527
5.14807
5.38108
6.42860
-1.00000
-1.00000
-1.00000
-1.00000
-1.00000
-1.00000
-1.00000
0.70873
0.87113
0.88501
1.15971
1.19363
1.39488
1.49785
1.89359
2.59602
2.69531
3.12411
3.80629
3.87913
3.90615
4.02370
4.28745
-1.00000
-1.00000
-1.00000
-1.00000
-1.00000
-1.00000
-1.00000
-1.00000
-1.00000
-1.00000
0.07514
0.21872
0.93850
1.48391
2.03115
2.77841
2.88772
3.10136
3.36640
3.59141
4.04943
4.12418
5.00708
5.01493
5.40801
5.70664
6.07634
6.48088
6.69088
7.53221
8.06133
8.82703
9.18425
9.22818
9.61724
9.68338
0.07686
0.08669
0.74754
2.11082
3.07761
3.56348
4.24828
4.62769
4.88218
5.03104
5.08268
5.35250
5.35396
5.68883
6.02415
6.14218
6.16579
6.28009
6.72799
7.10256
7.52194
8.14572
8.22071
8.27297
8.27311
8.55724
0.05430
0.26551
0.38097
0.90135
1.35548
1.74711
2.04619
2.06521
2.18269
2.18502
2.75582
2.97651
3.36404
3.54663
4.15476
4.81667
5.08985
5.17592
5.18816
5.32288
6.04778
6.20085
6.27335
6.41864
6.44832
6.73802
0.01706
0.33548
0.46155
0.46172
0.80560
1.80398
2.14457
2.34945
2.95623
3.61465
4.29016
4.62698
4.97008
5.32919
5.49662
5.90496
6.23209
6.46694
6.96465
7.35390
7.66234
7.72478
8.89724
9.14596
9.61057
9.65797
0.11318
0.17620
0.24041
0.38580
0.72735
1.37559
1.65117
1.91068
2.04409
2.15656
2.22166
2.27056
2.67851
3.18080
3.40341
3.83960
4.72687
4.84775
5.08983
5.12028
5.65236
6.04081
6.42267
6.52118
6.96080
7.15941
0.47277
0.60618
0.96238
1.02588
1.10630
1.36381
1.61859
-1.00000
-1.00000
-1.00000
-1.00000
-1.00000
-1.00000
-1.00000
-1.00000
-1.00000
-1.00000
-1.00000
-1.00000
-1.00000
-1.00000
-1.00000
-1.00000
-1.00000
-1.00000
-1.00000
0.20368
0.49663
0.66384
0.67012
0.72653
1.15913
1.19730
1.45551
1.74705
2.03179
2.35039
2.51231
2.60697
2.86409
3.04283
3.54217
3.95376
4.12917
4.58728
-1.00000
-1.00000
-1.00000
-1.00000
-1.00000
-1.00000
-1.00000
0.28597
0.67369
1.48255
1.58449
2.04857
2.11663
2.81136
3.25639
3.27672
3.46742
3.72542
3.76377
3.92554
3.95086
4.39369
4.86398
5.29392
5.44680
5.71900
5.97230
6.24262
6.44687
6.50342
7.32573
7.42541
8.04811
0.15419
0.53359
0.92563
1.42643
1.65441
1.88769
1.97963
2.38256
2.49621
2.83709
2.95813
2.99419
3.00677
3.21142
3.37604
3.51184
3.56383
3.62971
3.63630
3.80910
3.84853
4.13341
4.78090
4.93544
5.02609
5.36528
0.08145
0.34405
0.63806
0.68521
0.70354
1.33255
1.79999
2.22617
3.16031
3.19190
3.28030
4.22978
4.35431
4.70800
4.93223
5.11987
5.23435
5.41912
5.42692
5.51579
5.70016
5.98018
6.21777
6.58162
7.11846
7.13740
0.30955
0.78574
0.85400
1.10096
1.30967
1.81171
2.36692
2.50922
2.72186
3.12334
3.54992
3.55563
3.66921
4.05574
4.18655
4.55824
4.62089
5.00740
5.28997
5.88619
6.24448
6.37341
6.54348
6.55843
7.03225
7.19707
0.28740
0.85762
1.00619
1.44901
1.73759
2.00549
2.05872
2.36691
2.43205
2.70422
2.88448
3.21427
3.71735
4.12714
4.24041
4.50768
4.97473
5.02142
5.27262
5.38467
5.51341
5.59796
5.70700
5.90910
6.58735
6.86854
0.32066
0.33758
0.54448
0.69797
0.79772
1.01066
1.34432
1.72629
2.15095
2.20237
2.32858
2.61378
3.75132
3.94208
4.00586
4.63853
5.33095
5.53524
5.57355
6.38053
6.59085
6.91114
7.22401
7.30701
7.69190
8.27674
0.09235
0.12424
0.66001
0.73841
0.85952
0.90065
1.24050
1.53945
2.23763
2.63097
2.69899
2.86242
3.19456
3.51453
3.61066
4.14482
4.32378
4.84954
5.11947
5.32888
5.57062
5.99161
6.21720
6.38338
6.41588
6.53632
0.17709
0.32248
0.92748
1.60809
1.84507
2.27228
2.33322
2.52164
2.62018
2.83637
3.36009
3.68653
4.14245
4.75980
5.37388
5.39232
5.46886
5.98909
6.22655
6.34316
7.09372
7.25329
7.47125
7.75877
8.10452
9.04256
0.41140
0.41690
1.28637
1.48199
1.72211
2.10131
2.29476
2.51847
2.53364
2.90602
3.37770
3.38173
3.73627
3.87812
3.95680
4.25382
4.66346
5.43531
5.80943
6.23147
6.57636
6.72266
6.88644
7.09085
7.32467
7.52637
0.27030
0.39756
1.01229
1.39774
1.47102
1.54235
1.67530
2.07878
2.30509
2.31563
2.67433
2.96104
3.18795
3.60928
3.86051
4.56085
4.81990
5.36151
5.47421
5.56393
5.87742
6.09856
6.32186
6.45940
6.85685
6.98140
0.28757
0.35034
0.82146
1.12629
1.43871
1.64441
2.17308
2.20716
2.45504
2.70222
2.90056
3.16041
3.34397
3.55242
3.55770
3.76316
4.12969
4.29441
4.51742
4.89921
4.92894
5.32485
5.48094
5.95127
6.00777
6.18351
0.12241
0.50375
0.70842
0.81607
1.16135
1.49952
2.09293
2.56848
2.78596
4.04901
4.16446
4.51861
4.97376
5.31709
5.67653
5.77846
6.86973
6.94813
7.14062
7.51652
7.75283
8.21311
8.50617
8.86563
9.14831
9.46137
0.21795
0.30002
0.59080
0.88760
1.15941
1.75292
1.77044
1.83379
2.45763
2.80366
2.81748
2.99432
3.12354
3.28395
4.40193
4.61678
4.64044
4.91575
4.93721
5.85606
5.91826
6.39535
7.06305
7.61292
8.00696
8.75868
0.36761
0.47448
0.61082
0.70545
0.88510
0.92666
1.51321
1.60924
1.91043
1.93512
2.37944
2.52004
2.73460
2.81953
2.85176
3.53701
4.19458
4.80738
4.82264
4.83104
5.14411
5.37436
5.99467
6.58615
7.10664
7.42318
0.16087
0.32646
0.47296
0.53005
0.70955
1.18572
1.21924
1.39730
1.56994
1.81976
1.85129
1.92914
2.04222
2.52117
2.67531
3.14308
3.86047
4.47746
4.50557
4.51026
4.69476
5.39538
5.57738
6.40250
6.63442
6.85885
0.41857
0.78844
0.89476
1.12491
1.38833
1.77354
1.84934
1.89691
2.26859
2.34600
2.64914
2.82224
2.84029
3.50329
3.86537
3.97495
4.71477
5.11063
5.58004
5.79574
5.92885
6.05137
6.49324
6.77596
7.59462
8.00914
0.21812
0.47183
0.77685
1.13615
1.14866
1.59279
1.68883
2.15456
2.62973
2.64609
2.80385
3.26427
3.57070
4.03795
4.20439
5.13652
5.89711
7.53439
7.67960
7.90242
8.21963
8.87725
9.33416
10.13204
10.34692
10.78757
0.49612
0.67510
0.85862
1.48846
1.84448
2.21020
3.08839
3.42726
3.59818
4.07804
4.17176
4.28052
4.33685
5.12828
5.24154
5.32609
5.73632
5.97413
6.23425
6.81824
7.00727
7.22599
7.52092
7.59900
7.83983
7.96596
0.63323
1.08480
1.15250
1.46020
1.83883
1.96313
2.11332
2.50654
2.89555
2.89663
3.07823
3.86170
4.12606
4.69616
5.15185
5.27807
5.30925
5.51626
5.64095
5.79632
5.93101
6.35341
6.46274
7.27424
7.53219
7.71364
0.20820
0.28919
0.40363
0.69360
0.96874
1.38985
1.48716
1.54905
2.17625
2.21344
2.47970
2.79337
3.21229
3.21288
3.37944
3.72002
3.95311
4.13709
4.54488
4.68412
5.13193
5.20474
5.36213
5.45287
5.97934
6.17728
0.02127
0.28507
0.48285
0.53016
0.78249
1.04273
1.20842
1.95259
2.14648
2.60277
2.67033
3.19457
3.41599
3.98041
4.14341
4.40515
4.92541
5.59710
5.96662
6.11182
7.06277
7.21719
7.52847
8.71092
9.01620
9.05532
0.21701
0.78138
1.22412
1.93962
1.98932
2.24023
2.26346
2.83739
3.26400
3.76932
4.20709
4.78712
5.21753
5.36930
5.52191
5.74311
6.18932
6.32088
6.54412
7.19976
7.69102
8.19730
8.48221
8.52873
8.70194
8.85895
