12.55579
25.36041
38.19670
46.48541
59.04904
67.59433
74.70636
76.60232
84.41599
97.71337
112.75621
118.92905
145.43411
150.30014
157.73532
33.89797
61.71156
77.91393
83.85346
92.87346
107.60889
117.23482
128.37144
144.58260
150.54286
160.46646
164.89477
172.35434
179.28057
187.28255
13.18836
24.17921
43.51649
68.75140
76.37809
99.26651
107.05284
115.90081
121.38248
125.70570
133.75859
143.89193
156.31417
169.04039
170.40272
10.75253
37.95275
60.10001
73.99346
79.10931
94.82944
100.89081
115.34087
121.64528
132.90962
159.95151
166.90766
174.30732
185.31238
197.38600
12.61749
22.48124
51.56725
57.33909
75.65403
86.21520
106.55119
121.27448
130.18968
140.43250
149.98244
164.22452
170.16652
175.95682
186.28403
9.02530
28.39130
34.51957
49.13606
70.89231
80.27779
94.03894
96.92094
109.95087
114.38376
126.97564
146.86514
154.03411
168.85388
175.66133
10.97839
21.39686
26.31113
34.05166
41.62033
50.73566
68.70656
84.49217
99.73277
119.08490
130.01108
143.59255
154.35830
162.34741
169.26249
10.18535
23.33142
45.68092
67.10164
87.27912
93.61887
111.81199
122.65167
123.49772
140.11246
155.11451
176.23768
187.77257
199.66362
206.89641
20.25856
35.46766
35.64644
57.09714
88.07460
101.31889
108.80896
119.35365
142.97168
156.54121
168.32582
183.15037
196.75244
203.34824
198.93307
11.70208
18.87919
30.51148
46.31318
64.48731
87.58755
106.13532
125.26744
153.07612
162.89019
171.33948
179.74709
186.75677
196.89231
199.94878
8.76681
28.31914
33.92603
39.66315
63.94559
85.91374
88.33721
93.90351
98.72209
103.73412
109.96882
123.09066
130.23876
146.88402
161.08045
13.03408
21.88434
30.70176
37.88958
57.54082
68.46804
86.65301
92.33422
102.72355
108.73976
122.44769
130.45377
134.75537
151.34057
157.56298
4.00967
21.82515
33.62483
42.98394
49.72932
73.33372
81.29759
100.33947
107.88520
120.46915
138.02081
161.58269
178.91900
181.24763
194.98879
20.08677
26.40029
34.48383
35.85776
61.52822
67.03512
78.79599
85.63205
99.42614
108.75700
131.92541
151.98679
160.74518
168.22290
178.31625
26.25373
40.41198
61.38114
77.91499
86.70562
105.64693
107.62400
122.59833
133.96329
151.58934
153.95060
157.32593
157.95810
166.48881
171.39155
8.35585
17.60769
28.32701
42.05418
48.47869
70.10119
83.96722
97.08422
108.32227
120.33935
130.79407
143.03863
149.00603
162.22924
163.15931
4.95087
20.56424
41.98198
60.06250
67.96638
-1.00000
-1.00000
-1.00000
-1.00000
-1.00000
-1.00000
-1.00000
-1.00000
-1.00000
-1.00000
13.42507
35.59264
48.79984
66.94631
69.04607
75.59133
98.22792
128.37099
143.45566
149.21831
160.53392
179.87962
194.56419
214.51322
222.54017
4.43884
27.02992
55.47376
71.24401
90.94129
107.21924
119.14702
129.70651
135.33853
139.39788
155.19409
157.64737
160.34533
170.92508
172.46898
26.07798
36.77982
49.73737
69.94037
76.31854
83.10992
90.39196
98.79156
111.45586
122.54356
136.28456
159.91170
167.35941
177.12595
187.86559
11.68984
24.60410
35.13704
52.29926
75.08617
93.55113
99.39959
103.84897
107.87036
122.52704
126.73639
155.93208
163.57582
166.79151
169.08111
5.79010
11.62169
22.32414
61.62160
65.96712
85.48726
96.87865
106.29618
116.63440
134.94624
143.86004
161.38132
179.69799
201.11096
232.34884
6.71257
20.60962
30.20392
43.49137
54.90907
75.45363
90.92850
103.52438
109.33673
123.03333
127.45278
151.61859
155.37040
178.34626
194.04742
9.65072
33.70220
41.79631
46.71124
53.25445
86.45782
97.66203
104.30052
111.11259
117.95257
121.38948
127.04868
139.55896
155.59505
168.68748
12.45690
30.19757
36.67646
44.53932
54.64050
67.28837
75.12379
87.38508
92.21423
108.20738
120.01062
130.07900
139.64156
148.28278
155.96764
13.38633
25.88592
32.43799
46.90307
55.25115
89.98833
109.85877
118.55547
136.19377
156.39321
160.76756
167.04116
189.14024
193.09876
201.05842
19.48624
45.19712
57.24994
65.43042
69.10411
89.23161
91.15229
95.56108
106.75180
125.27886
135.03895
142.19653
150.58541
170.41573
187.19457
16.72771
37.38084
48.66856
66.80128
87.17645
95.98042
108.84396
112.59978
122.91173
143.98840
148.44452
162.26626
164.15060
173.07607
185.02549
4.10073
7.00392
23.42415
39.54967
49.18589
57.75886
68.80278
76.71598
88.39610
97.51898
105.34751
118.10663
133.84749
140.46626
153.88244
24.99727
49.20624
63.18324
77.35503
88.25465
99.78921
118.87060
124.89460
129.60951
136.98271
152.67731
167.81169
185.94782
196.09818
205.19893
24.92232
30.98521
41.32970
49.60564
66.62267
71.77536
83.83012
94.02440
108.03912
113.43317
136.93457
142.97157
163.55059
169.37544
177.93644
11.38729
27.36484
32.14949
42.20673
53.71361
71.63125
88.33487
111.39058
119.80601
136.30820
151.86647
156.81608
164.19948
177.59499
182.84273
8.56687
35.08425
47.87901
53.49090
64.36136
76.36508
84.98706
88.89693
95.44604
111.86660
123.86963
133.85927
134.78600
140.29909
153.36215
13.10475
35.92064
47.73947
62.35255
80.20275
84.98565
87.82609
102.94417
113.82477
123.53903
126.53684
142.37830
156.74155
167.28196
171.07256
8.19552
10.17513
20.25310
33.43387
45.96960
50.36485
54.47891
75.47981
82.32260
98.17408
113.68385
139.32724
151.15356
174.41131
176.72334
13.32395
23.18374
30.55373
47.11394
57.04088
66.51093
79.43880
95.72730
107.95907
118.05040
131.13028
148.81424
156.62448
177.28337
199.80200
18.96842
32.28491
44.84225
63.73046
71.91241
87.23974
101.99475
121.63479
130.82869
133.43861
144.87331
157.76102
170.66841
185.61541
191.57171
12.74570
28.76435
37.88173
43.68821
59.81370
65.89025
82.94339
86.34401
100.64650
114.41619
125.89564
134.65188
152.29995
159.55738
162.94234
23.12565
30.93947
56.24390
66.93337
73.60569
82.80997
95.26010
99.86177
114.40462
128.71210
132.47217
140.95241
155.46354
166.00255
181.87867
16.60844
24.62340
39.20568
53.58162
58.91838
69.54770
74.13712
88.13692
96.67784
98.35816
106.36841
120.68340
130.55316
139.54137
147.71387
18.75624
22.94677
27.90494
38.90389
56.67427
69.30603
82.87081
99.53721
119.03505
123.74984
132.86446
141.15660
146.74677
162.07366
176.94052
16.63987
24.92536
37.54193
57.68409
78.15836
98.79472
108.21539
118.35547
128.11997
142.40944
156.80270
168.05120
179.20814
200.95246
203.73911
22.26931
41.73106
50.34822
69.70566
85.02808
92.09283
100.30580
116.30118
117.24313
136.02054
140.01229
149.54945
149.72677
155.21423
165.52930
19.12490
34.07251
43.59982
66.38452
76.21687
80.94133
85.84909
110.73378
113.73499
117.81550
131.26944
147.72193
149.34754
165.63194
169.80726
24.63232
33.67769
42.64469
51.73469
56.61791
70.28457
79.51186
98.90264
111.43507
127.87903
141.78431
146.98139
148.53022
153.03442
174.41966
8.50673
16.37375
29.88757
37.40850
40.57653
59.80032
76.59805
88.10862
101.92392
111.22260
119.37488
130.11465
142.43187
157.76186
166.68950
14.45471
15.14258
24.10675
37.85567
44.71615
68.27378
89.92069
106.84509
110.38179
119.17521
129.92051
132.31064
141.08644
145.16216
158.82954
6.84948
20.63832
26.56909
38.57158
48.77796
69.43709
78.96140
90.24209
93.53504
111.66063
117.52591
122.27326
130.05429
144.92838
157.75118
19.18770
27.70212
28.46416
36.15245
51.29973
70.18939
80.41464
91.68647
106.90134
116.25143
138.25131
145.92653
169.25121
176.01986
179.09493
7.99995
22.46043
34.68200
44.71540
59.33841
72.58769
81.54952
93.36791
95.92580
109.69091
126.75593
142.21117
159.08318
168.10775
173.98069
