8.70822
10.46340
27.23575
29.82769
37.38934
35.88835
36.16268
36.30194
36.61485
36.64987
36.90802
37.03461
37.18153
37.31096
37.34373
37.47927
37.86939
38.10874
38.19373
38.32092
38.37598
38.73764
38.83459
38.93931
39.03002
3.86430
6.58463
13.75713
19.63664
21.09487
21.33113
21.58085
21.97510
22.08734
22.13587
22.51357
22.79514
22.84525
22.91775
22.93350
22.98533
23.08142
23.56147
23.68681
23.89659
24.22934
24.26883
24.43934
24.48338
24.78102
6.73986
20.23454
23.15325
27.18967
36.03293
36.25377
34.33305
34.80713
35.01933
33.81094
33.88219
33.91474
33.96928
34.09569
34.26102
34.42626
34.64960
34.79347
35.11697
35.18766
35.33247
33.68300
33.76562
34.07988
34.19620
9.04989
13.17264
13.63699
15.78891
21.17098
21.31312
21.46406
20.15284
20.36900
20.37851
20.46970
20.57695
20.65590
20.71685
21.09721
19.42911
19.49525
19.97562
20.16928
20.45490
20.79937
20.97993
21.17264
21.24398
21.38576
15.46438
16.76455
24.34242
26.60463
35.03473
35.08853
35.37781
35.61817
35.78180
35.79635
35.89626
36.01497
36.05061
36.16928
36.19210
36.33328
36.41879
36.45769
36.67002
36.84912
36.94579
37.02521
37.19200
37.43034
37.62360
5.01799
10.07379
29.05297
30.05840
31.93696
32.09979
32.51712
31.87996
31.96337
32.28258
32.43483
32.64028
32.77134
32.89757
33.06414
33.58048
33.65809
33.71157
33.75716
33.96650
34.12212
34.13893
34.39383
34.56974
34.80006
0.99475
10.03266
12.31085
14.67253
20.71038
20.75685
20.78621
20.92242
21.07836
21.19455
21.45341
21.53688
21.54598
21.80931
22.25394
22.34602
22.68347
22.82455
22.87329
23.04148
23.18076
23.35935
23.37990
23.42794
23.44537
3.11103
11.28956
12.70539
14.05535
21.95639
21.98717
22.25702
22.60409
22.82096
22.85569
23.03306
23.16388
23.21350
23.33707
23.50655
22.51014
22.55085
22.56958
23.47755
23.85438
23.94480
24.23339
24.42064
24.59024
24.80805
6.63125
7.26657
15.30304
23.32028
25.75137
25.77223
25.93761
26.09082
23.80872
23.96919
24.10158
24.24891
24.44356
24.54618
24.65847
24.86051
24.96245
25.29060
25.39760
25.66655
25.99860
26.05190
26.19296
26.24043
26.24765
4.58477
8.85836
11.28383
14.53616
20.06757
20.31566
20.42255
20.55293
20.73784
21.06099
21.35533
21.45585
21.59865
21.65300
21.78844
21.84551
21.93232
22.03957
22.09981
20.39917
20.52564
20.63616
20.70728
20.76795
20.86672
2.85925
10.83449
22.37566
29.45580
34.54933
34.62214
34.73113
34.84937
35.15085
35.15779
34.03058
34.13504
34.33034
34.41110
34.54432
34.77188
34.92409
35.02928
35.25166
35.28524
35.59758
35.86146
36.01899
34.65044
34.98017
1.92940
5.30231
14.43078
14.90774
16.58007
16.75753
16.89853
16.97624
17.43396
17.52617
17.53009
17.74402
15.82901
15.84395
16.00885
16.49913
16.75031
16.86103
17.13195
17.34028
17.43251
16.43670
16.60332
16.78105
16.93944
5.51108
19.10174
19.62904
20.16516
20.45974
20.71244
20.91954
21.03024
21.24840
21.44449
21.53846
21.66186
21.75807
21.89093
22.47476
22.64377
23.01624
23.28735
23.41144
23.63935
23.65648
23.74234
23.85291
23.94450
24.06965
3.58682
7.10317
8.17416
13.51567
16.44243
16.65560
16.91607
17.22387
17.74689
17.85191
18.03840
18.12318
18.27278
18.53888
18.70311
18.91823
18.99825
19.19580
19.55452
19.55782
19.75352
19.84344
20.64186
20.82711
20.96889
7.97115
16.67967
20.35385
20.63750
22.59957
22.79765
22.94269
23.25193
23.48013
23.57960
23.64160
23.84422
23.93997
24.32848
24.36570
24.40633
24.60390
24.74133
25.04308
25.12888
25.28983
25.41911
25.54730
25.81651
26.07870
4.15368
12.68543
15.64759
20.51155
21.20270
21.54759
21.58457
21.69687
21.90657
20.38208
20.66311
20.76593
21.02281
20.77177
18.18914
18.39333
18.53791
18.70977
19.31465
19.46021
19.57861
19.68307
19.84837
20.01611
20.07028
2.65635
11.64668
12.23528
13.25979
15.32765
13.28234
13.32999
13.37718
13.65975
13.88653
13.91219
14.01303
14.10155
14.35233
14.52736
14.69246
14.94967
15.05925
15.07080
15.07861
15.27143
15.94176
16.14054
16.35461
16.43543
3.92956
6.14880
12.66941
15.20022
19.89795
20.19559
20.31563
20.69089
20.81620
20.99281
21.13325
21.33530
21.44721
21.62208
21.69920
21.96362
21.97268
22.14713
22.41015
22.59782
22.67907
22.79789
22.96950
23.26762
23.54963
0.88443
5.48269
7.59906
9.43809
17.41385
17.80977
18.02446
18.09383
18.23100
18.39047
18.56482
18.89539
19.11258
17.49361
17.52009
18.01567
18.13535
17.98797
18.16050
18.37632
18.61365
19.06633
19.17965
19.30365
19.36087
3.05592
4.16976
15.33289
24.96064
33.73501
34.09824
34.43694
34.77259
34.99054
35.06716
35.28138
35.30701
35.44394
35.61464
35.86983
34.82527
34.85283
35.06163
35.16332
35.25435
35.45840
35.87936
35.94407
36.34810
36.39797
1.24221
11.52693
27.07567
28.58527
30.85553
31.09224
31.12514
31.34885
31.59927
31.93312
32.11448
32.30810
32.45119
32.13152
32.39430
32.68552
32.75739
32.91544
32.98330
33.24841
33.42708
33.55735
33.73417
33.82634
34.20320
0.41903
11.70031
15.95193
21.66385
25.36524
25.64625
25.82436
26.06646
26.16035
26.28063
26.40830
26.58053
26.62446
26.93756
27.00305
22.67824
22.95884
23.05114
23.28727
23.61203
23.81294
23.99572
24.28494
24.42182
24.57512
3.15209
7.36962
9.52644
10.47726
10.61875
10.89670
11.09233
11.18492
11.27677
11.44201
11.64578
11.72095
11.77135
12.11301
12.20985
12.36102
12.45822
12.55427
12.61305
12.81723
13.03803
13.18215
13.49370
13.62657
13.78759
7.80593
16.17070
24.58146
30.69529
32.95880
33.07984
33.44106
33.53554
33.89573
34.06607
34.14716
34.57988
35.07023
35.25210
33.19799
33.44604
33.50833
33.59242
33.73501
33.75984
33.81803
33.94354
34.19510
34.32302
34.37344
3.37026
13.10583
13.73919
21.90656
24.09467
24.13660
24.33057
24.38149
24.31474
24.52473
24.80234
25.12172
25.16855
25.31229
25.38840
25.42828
25.60662
25.82385
25.85437
26.00904
26.11203
26.26242
26.55722
26.78560
26.99976
7.55223
13.05472
21.05678
28.94968
32.08422
32.15225
32.43825
32.71513
32.96816
33.03289
33.50734
33.79261
33.90966
34.08075
34.23648
34.32462
34.40923
34.67361
34.75194
34.85299
34.86913
34.89211
34.95343
34.99581
35.09696
5.34130
10.01954
14.62507
17.23847
29.76839
30.02795
30.05045
30.17065
30.34159
30.38017
30.46104
29.08028
29.17865
29.68171
29.77859
29.83857
30.13143
30.37772
28.27780
28.33275
28.80862
28.92039
29.00649
29.63458
29.71660
1.25990
12.12490
15.16015
16.38359
25.06462
25.23009
25.49800
25.56018
25.62790
26.04066
26.17943
24.42548
24.51354
24.60594
24.67487
24.76914
24.91077
25.02167
25.19150
25.29868
25.53032
25.62210
25.70716
25.81914
25.87356
10.16536
11.02126
12.01066
16.67715
24.15417
24.20808
24.35977
24.49025
24.55279
24.60614
24.72999
25.05335
25.28099
25.34794
25.75979
25.88896
26.00142
26.00814
26.34920
26.58132
26.90510
26.97780
27.11865
27.48575
25.35932
5.18443
7.54334
8.19194
13.37361
13.13491
13.20889
13.28957
13.29132
13.57677
13.83514
13.90169
14.05410
14.65196
14.77755
14.82576
14.90748
15.00994
15.01843
15.03459
15.27121
13.29821
13.33032
13.49157
13.61726
13.75643
2.65817
5.55258
9.86269
15.00863
17.76930
17.86377
17.96343
18.18335
18.28022
18.37631
16.64759
12.17986
12.40785
12.71915
12.76194
12.99281
13.16656
13.18658
13.34967
13.41624
13.47621
13.67803
13.95874
14.19367
14.27302
2.77520
13.21187
16.74169
19.26546
21.10559
21.40213
21.75830
21.77694
22.02666
22.30365
22.43021
22.54846
22.81571
23.03570
23.29451
23.32030
23.53812
21.91849
22.11503
21.26352
21.45283
21.58208
21.68801
21.83659
22.06652
10.79282
14.05055
18.31588
28.96144
31.80472
31.88329
32.12088
32.13774
30.31681
30.37400
30.43459
30.66455
30.96078
31.05609
31.32838
31.78254
31.84998
31.93564
32.06145
32.11780
32.63951
32.77516
33.06684
33.24173
33.37976
4.92928
7.48994
8.59611
11.66697
19.06441
19.09812
19.22918
19.47699
19.55679
19.68020
-1.00000
-1.00000
-1.00000
-1.00000
-1.00000
-1.00000
-1.00000
-1.00000
-1.00000
-1.00000
-1.00000
-1.00000
-1.00000
-1.00000
-1.00000
1.77090
3.55988
12.48707
15.21281
18.67262
18.68127
19.01299
19.21138
19.27458
19.43971
19.55535
19.69194
20.20874
20.25787
20.35940
20.63766
20.66096
20.91022
20.97319
21.34764
19.67259
20.00956
18.85556
19.10340
19.38852
0.30770
4.24884
18.71591
20.19266
21.55683
21.78072
21.96414
22.03554
22.07264
22.35894
22.53478
22.61016
22.93781
20.99455
21.23737
21.54951
21.97933
22.29599
22.46670
22.62411
22.95509
-1.00000
-1.00000
-1.00000
-1.00000
5.96744
8.71629
12.52814
21.22585
32.19038
32.47957
32.59303
32.68030
33.06686
33.20117
31.44798
31.52441
31.79136
31.85513
32.07768
31.97424
32.04987
32.37633
32.54512
32.63861
32.78882
32.85226
33.55624
33.78520
33.89359
3.28815
4.37644
9.60283
10.62783
14.56932
14.65721
14.70982
14.81921
14.86169
14.95071
15.38404
15.45952
15.55075
15.83766
16.08930
16.45372
16.67936
16.98771
17.07961
15.77425
15.90726
16.35219
16.73033
16.92978
16.95244
4.23767
7.53418
13.62252
18.66381
19.70234
20.05431
20.31711
20.34596
20.83244
21.17035
21.27083
21.35604
21.41477
21.86066
20.87093
21.03291
21.57133
21.75320
21.89975
22.13858
22.52175
22.74220
22.93124
23.12505
23.25617
3.15213
4.04562
8.69846
15.74094
19.20061
19.54460
19.66913
18.25914
18.44457
18.77719
18.94217
19.17259
19.38309
19.47358
19.61944
19.81107
20.08944
20.20558
18.64535
18.79827
18.82991
18.89849
18.99750
19.20725
19.55451
1.45514
6.56440
12.16234
16.11321
26.65951
26.82905
26.98151
27.42676
27.51929
27.67246
27.76208
27.84684
28.06126
28.22882
28.29419
28.57383
28.71026
28.82555
29.17973
29.26188
26.70046
26.73742
26.88417
27.25681
27.32191
3.48649
7.01426
14.60420
15.07892
18.53992
18.57945
18.73940
18.92974
19.08015
19.10918
19.39879
19.44844
19.65494
19.70637
19.88387
17.96490
18.27168
18.44455
18.56925
18.58638
18.78279
19.02906
19.45862
19.63474
19.70617
1.55885
10.58927
25.57489
31.96374
35.86741
36.29456
36.37120
34.58625
34.89281
35.01280
35.31284
35.54389
35.71368
35.83935
35.90610
36.04013
36.25318
36.32119
36.56350
36.67948
36.95011
37.19373
37.42274
37.62594
37.73087
4.14225
6.39292
7.13660
7.61646
13.34269
13.41982
13.60238
13.79519
13.86693
12.59950
12.75353
12.83251
12.93140
13.19157
13.21911
13.62654
13.94402
14.02620
14.26345
14.48086
14.57027
14.65241
15.22764
15.32154
15.58144
3.34559
2.25745
2.64208
4.11293
4.53805
4.70134
4.99406
5.22611
5.44581
5.64743
5.84540
6.16949
6.52291
6.76229
7.01903
7.12113
7.15739
7.56272
7.80511
7.88734
7.91603
8.03747
8.26154
8.29260
8.41751
2.64824
3.57853
3.95843
6.93904
20.63828
20.82625
20.93938
21.24002
21.27670
21.56738
21.72378
21.76954
21.88162
22.09770
22.11358
22.18592
22.27863
22.54182
22.82777
22.91871
22.91944
23.11705
-1.00000
-1.00000
-1.00000
2.26837
5.82603
10.16908
14.26346
17.52828
17.79932
17.89276
17.91491
17.98777
18.30135
15.69395
15.81718
15.92562
15.96321
16.31449
16.54961
16.96539
17.01859
17.18024
17.33269
17.45635
17.72497
17.87580
17.98537
18.02324
3.84163
7.82092
11.65196
18.05447
20.87237
21.07721
21.56565
21.68069
21.78687
21.89468
21.90703
22.02457
22.11524
19.58637
19.71098
19.79691
20.10347
20.33481
20.40734
20.59633
20.67837
21.00925
21.46251
21.68590
22.02800
3.45178
3.48302
5.92412
10.75780
11.15423
11.18705
11.29122
11.41771
11.54289
11.84732
11.90364
12.03352
12.19743
12.49805
12.70848
12.80931
13.23210
13.48180
13.63136
13.89235
14.13613
14.52980
15.04740
15.42289
15.47360
4.41566
6.65224
10.44163
15.05970
17.86611
18.14817
18.40021
18.48934
18.89876
18.89876
19.14226
19.15356
19.30349
19.56177
19.65692
19.82145
19.83623
20.17871
20.38824
20.46319
20.57698
20.76357
20.99999
21.20419
21.28112
