0.19578
0.78849
1.41589
0.40899
0.63239
0.83377
0.79293
1.26987
1.27109
1.07010
1.64164
1.90459
0.34802
0.53414
0.54697
0.38807
0.68925
1.31978
0.22205
1.04997
2.04963
0.53320
1.22654
1.66932
1.11680
1.34449
1.54048
0.74058
2.19616
2.33083
0.13033
0.29809
0.88178
0.12901
0.64271
1.03754
0.59945
0.62012
2.01208
0.08278
1.35689
2.31144
0.53009
1.38295
1.44182
1.59681
2.60423
2.63772
1.01146
1.86618
2.70964
0.66959
1.55766
2.62993
0.49578
0.88033
2.06999
0.96315
1.00241
2.74350
0.00890
1.11526
1.70948
1.00636
1.44588
2.32183
0.32739
0.80828
0.98553
0.26677
0.60972
2.56316
0.40838
0.85555
0.96258
0.43684
0.62753
4.27640
1.06202
1.39930
1.49803
1.01512
1.26595
2.25004
2.29330
2.44263
3.00068
0.73807
2.16793
3.43035
0.10434
0.19834
0.81684
0.41244
1.32928
1.37532
0.44006
0.48705
1.33747
0.78028
1.64390
2.29983
0.89915
1.36471
1.40163
0.37772
0.39680
1.08423
0.21808
0.25374
0.54846
0.38171
0.42566
0.43538
0.80604
1.23219
1.85732
0.54530
1.67955
2.34654
0.34161
1.28973
1.90066
2.00724
2.38611
3.05328
0.19293
3.73934
3.88618
0.43996
0.54591
2.10641
0.75209
0.79221
1.30726
0.00449
0.09325
0.79691
0.43071
0.93278
1.50006
0.06501
1.61763
2.27258
0.91411
1.91516
2.52442
1.06262
1.52318
1.93258
