6.39708
9.89087
11.32916
21.52156
30.65293
44.23871
50.07150
72.31219
76.98680
82.08757
93.92346
100.71681
105.88859
115.65895
116.57040
116.20118
133.87880
3.81919
6.88286
12.39209
31.20892
38.11407
46.54578
56.52469
58.15390
63.63716
65.44155
69.62570
77.10621
80.06633
82.00553
84.56657
87.99836
88.48660
5.20394
15.20880
24.51357
28.89949
38.11726
43.19726
51.02704
54.39872
59.35256
62.03389
64.37289
76.08329
83.12394
85.71354
85.96274
91.75624
96.25991
27.14960
30.09934
38.47547
41.59593
43.62944
49.46929
53.24345
54.28705
70.94873
73.51981
84.15144
103.89823
117.65119
121.99249
123.41646
127.63886
127.64337
7.92126
25.40988
31.03620
36.94299
52.03809
55.32869
67.82051
75.67609
85.52904
91.97641
98.28805
100.22358
104.08399
112.14686
125.00099
124.76782
132.95086
0.85801
19.59235
22.41283
27.35557
29.13919
31.40231
32.31512
35.46737
41.71109
57.75107
65.63489
69.74756
81.26058
93.31505
96.56118
97.75656
107.19652
4.05661
14.07274
20.64202
34.16106
49.18312
60.36008
62.50010
69.41551
79.08492
88.62240
91.14734
94.04261
104.97746
107.72006
109.87550
114.26047
115.14488
9.77491
12.50828
17.09174
17.82271
25.36678
27.88640
35.91314
36.50236
47.55378
47.92997
56.28057
61.17283
67.75524
80.04401
84.51706
91.36413
100.07037
19.77117
22.68440
28.49378
36.36619
44.80059
56.99793
71.25457
74.71965
85.81715
84.28905
86.67511
87.61309
90.70058
93.34818
94.84201
97.56519
105.03746
3.84793
12.46659
32.13480
32.81879
32.77909
38.01832
51.70365
62.65554
74.94068
81.91928
83.23935
87.68509
124.80339
137.19410
146.95134
175.42193
185.02277
12.90208
18.54347
23.63012
58.68301
58.71602
78.05660
87.72374
99.64054
100.58800
105.64608
112.18972
112.55293
126.09958
136.41488
143.63185
148.05093
153.44229
1.89779
3.48911
6.02366
10.45186
22.51009
40.53247
48.65652
49.93790
51.96239
55.31209
70.22654
78.51098
79.39704
81.78536
89.35896
101.67693
109.63856
13.22014
13.65689
17.15134
23.65424
31.32766
33.45523
39.02642
44.25706
59.32342
71.49355
79.46010
79.61272
83.35377
84.31574
87.98743
88.82772
111.43629
6.98102
11.00078
12.84866
19.14919
23.51712
22.19449
28.56484
32.36206
38.82700
49.24318
51.30484
56.75170
65.15851
80.53040
90.42889
97.15445
105.66697
35.88802
42.30188
47.46951
67.12154
81.14561
87.32034
90.44964
96.56012
110.07602
116.77455
116.98755
117.80146
121.22818
126.73834
132.63775
148.39152
154.81833
4.78560
15.57078
14.25879
16.84158
24.19314
26.02575
43.81044
50.64670
55.56305
57.52911
61.53373
65.73331
72.27436
74.20339
75.48366
86.25876
93.16636
5.37149
7.51625
8.40174
23.20193
33.16275
50.99175
64.59524
64.07574
79.85256
100.91146
108.28754
109.37983
118.01561
125.73373
131.22365
133.13169
133.67065
14.31101
27.58082
29.44061
32.59814
38.20355
44.67791
62.93546
70.32225
79.62645
105.68394
109.45496
116.35397
121.25756
125.11759
125.64969
124.50820
124.54404
1.99165
15.58787
16.38197
18.48908
37.78151
54.16243
69.64809
72.38644
79.93780
83.25256
85.53432
93.48872
97.20764
101.62270
106.42691
110.66426
110.91937
12.58294
31.44723
36.05903
42.15919
51.47650
53.13983
81.19865
81.54895
81.83606
82.12923
86.42542
87.45470
89.75197
96.06919
97.16661
107.86212
111.83686
13.83374
16.69254
47.96214
54.46321
61.54871
64.92742
62.34211
71.35787
72.08269
74.55656
74.21159
74.91057
81.36431
94.95971
97.68258
103.54345
107.42142
11.57235
30.57835
34.48237
40.84583
56.23131
59.23009
61.19015
79.90948
82.72292
85.33322
94.78234
89.85373
93.37130
95.28555
99.13966
103.60914
109.80804
15.71054
21.91705
19.83437
20.09644
37.11819
43.46968
50.66551
58.91206
61.77749
67.07994
70.76746
76.83352
86.06459
96.56545
105.59834
121.90493
134.39368
0.97939
25.38740
39.20589
40.42834
46.34337
48.73573
54.23908
56.82855
61.30165
69.94992
71.23101
75.08388
79.44485
108.81301
117.90185
129.10101
133.18045
4.33920
20.61207
25.24491
34.49750
51.37918
57.39500
63.45517
73.67912
78.84936
81.25667
102.10436
124.55001
125.72981
131.77515
134.74781
152.78598
152.99593
5.00740
8.73150
32.53255
33.74947
35.25390
46.99110
60.94826
71.27431
80.93938
83.23288
90.42484
94.46523
106.08218
104.80859
112.73886
122.13388
124.08286
20.85433
41.15864
43.11774
43.92625
45.46390
49.22161
69.50389
72.32507
78.86895
84.50690
88.40861
95.95068
101.43571
106.35389
106.77894
109.84574
122.91526
2.53747
13.70228
25.86870
31.55257
34.57957
46.77136
54.26345
58.03168
67.92156
69.85930
73.50319
81.65925
83.15581
81.02325
81.49602
85.41422
92.49458
11.95339
12.21098
19.49347
22.36497
26.58262
33.00095
36.99781
53.39528
59.11960
64.77956
72.51916
76.32818
85.00317
88.16483
109.30516
107.07577
108.06769
17.67811
24.84361
33.84905
42.88693
43.79261
52.25371
63.17784
67.34663
84.64058
84.34614
91.74489
97.97312
99.77148
117.23245
120.12423
127.51588
131.11839
9.44175
16.39301
18.01180
27.86357
31.43804
33.09906
39.18474
43.39338
60.39132
77.08323
97.80775
99.30999
129.71933
137.02088
138.53719
147.03075
144.73617
1.75766
3.27000
12.71273
13.30927
26.39148
38.63891
49.96776
56.86526
56.91515
58.12627
75.55780
80.94794
87.04159
90.76441
96.76181
109.99311
116.16870
3.76326
16.65670
28.39471
29.95855
43.01302
48.84956
68.22331
72.26683
75.78528
86.02797
98.16544
122.15659
132.39497
133.06316
133.54341
144.37572
150.47692
14.94763
19.02976
23.29306
26.53858
32.04022
32.76858
34.83408
38.97378
49.07690
49.99468
56.16594
56.37446
61.39862
62.46413
68.73219
81.73715
93.96163
5.81720
17.20526
26.61121
38.67937
44.58404
47.87714
55.84612
59.14692
61.98350
70.39760
96.34253
101.19419
107.72544
110.16316
122.69575
132.16109
138.09287
7.89046
17.03057
25.56499
31.32865
33.86307
44.79324
54.57160
59.67735
70.97798
78.64840
78.74012
80.51764
90.06791
94.11426
99.48190
100.37920
100.77125
4.66009
4.47851
29.03171
51.17751
59.09989
67.65110
67.57683
73.82805
75.22421
98.94773
104.23129
122.73059
129.87813
132.70302
145.03015
143.28699
143.77215
6.12753
14.81904
18.32742
23.88230
34.21835
41.62525
61.58096
67.92389
75.06320
82.08044
87.72281
87.73663
92.22466
95.24566
102.77108
109.89838
113.09630
10.29746
24.80355
43.12642
68.74172
78.62922
88.34415
89.75182
92.24490
102.04211
111.75541
118.23879
122.10043
122.94597
128.17457
143.45907
144.38121
146.96831
10.58789
17.27715
22.21212
30.83110
36.98481
42.57936
53.15000
61.60779
76.39038
101.90225
104.20808
104.93427
114.33009
130.55921
139.28559
144.83303
149.14682
15.13828
25.42082
40.30798
42.95782
49.24781
46.59916
55.54366
56.23920
59.15906
76.39321
85.41765
102.11308
102.11375
133.97921
135.43245
142.20167
146.84564
15.99723
17.49173
34.33473
37.38458
43.69999
47.72266
61.96825
66.98108
85.01720
88.04707
89.29245
91.35924
108.37001
124.16214
125.05661
126.87041
129.58336
7.11857
18.27456
28.74968
33.26583
42.64620
46.70893
59.44080
63.16503
74.24320
85.14116
89.36662
92.52446
97.36014
108.65190
109.73831
127.39964
136.01052
12.60344
14.09922
15.74829
38.68563
44.26350
49.86815
64.45391
66.35176
77.86701
82.00621
100.66741
115.56052
116.96311
127.07339
130.68650
130.81354
142.13053
9.11315
12.52122
20.33444
26.29396
47.18515
56.37728
58.33724
62.51856
66.49224
72.75859
70.94711
74.72496
80.66605
86.44070
89.20987
107.66191
122.01839
1.55631
9.98102
21.17578
23.25093
25.19285
38.45875
45.60575
58.54423
76.77697
88.07314
93.23205
100.92281
106.86074
107.22656
112.63842
117.18752
121.10310
10.27560
17.78503
19.96496
31.91359
40.13844
52.59585
75.23333
79.93195
80.27362
81.80572
101.35100
103.99613
105.53672
125.56207
146.60377
151.04958
151.47688
9.98095
18.71409
25.74588
43.22755
81.58781
81.81156
85.35315
87.50482
89.75221
91.60858
105.04795
112.75380
117.33021
121.42995
123.97848
128.84363
133.58598
1.90460
5.80724
8.42677
20.53732
27.53926
27.99980
37.49019
43.24511
65.64851
66.95517
69.54433
70.71465
88.75829
89.80798
96.30624
98.17881
103.03128
32.63940
35.93006
42.40696
47.47233
60.02887
65.30395
75.50812
91.77192
97.70157
99.16594
107.17129
132.08125
145.39186
151.91210
158.66078
163.97193
164.42539
