5.96488
10.97960
17.39124
19.40378
21.24876
25.52214
32.82289
42.18608
45.89074
53.47784
58.80438
67.33238
75.74541
85.79155
86.83268
90.83877
98.19420
104.07554
108.15660
108.59116
116.97761
5.66923
9.45839
16.57730
21.84289
25.94091
30.18007
36.78284
38.14843
45.51880
47.73776
54.67575
60.29140
68.00026
71.08316
79.09196
87.88096
92.65980
98.14816
105.81363
106.95143
109.12798
7.39867
12.73739
18.87376
35.50588
42.85040
45.92732
51.15111
54.14931
55.97507
58.26549
62.63691
65.06667
73.81667
80.87950
82.11765
86.99750
91.39177
104.01192
108.09804
108.69899
112.44588
5.15712
14.64753
17.16525
23.64963
26.93334
36.00426
39.41143
42.94943
45.87653
58.04483
63.96632
71.07912
77.08697
79.58084
92.38954
93.53591
100.37803
103.18673
106.77112
110.83121
116.04260
10.64163
13.52450
17.30272
19.44008
24.24962
32.69057
35.30246
41.65809
48.29128
52.82391
59.33823
64.25556
67.06472
69.89028
77.08047
82.36410
88.84619
94.72719
98.06323
104.31656
111.51005
10.61865
17.33219
27.24835
33.26177
38.77721
44.90164
51.94892
57.60429
69.87700
70.31877
76.43164
83.93100
87.27604
96.66741
97.88006
98.96666
104.60577
107.26950
114.54860
117.95383
119.67499
5.73794
14.05349
16.50279
20.08073
26.02119
27.49901
33.95378
46.47840
47.26968
49.87382
50.23624
54.24357
58.61373
63.33002
73.20139
80.54268
90.29711
92.11125
96.67188
102.10230
113.98764
6.09320
16.48868
19.06414
25.25446
37.63358
39.54745
43.75199
48.50279
55.67019
58.00015
62.19429
69.85851
76.53463
82.84445
86.09081
92.11366
99.36741
106.55754
109.95707
114.43899
114.85795
6.34699
13.31777
21.91700
28.31588
28.50612
35.20628
38.72645
43.14477
50.19507
56.32581
63.98393
71.29126
75.37523
82.37597
89.25126
98.92636
108.08766
110.69136
114.40874
119.79630
133.58078
3.30870
6.54307
15.70736
19.64177
26.92435
31.63546
36.90031
43.11183
51.43172
55.36331
60.95808
63.58769
68.64811
77.43132
85.20465
92.88115
98.48587
100.32327
105.43980
109.69266
113.58169
4.26967
7.73090
14.11071
19.97378
31.31881
37.93035
41.25382
45.59178
50.39305
52.44044
57.60109
59.51642
67.32038
71.33258
79.49771
86.24889
91.58625
97.00341
99.79439
103.96804
115.26940
5.33318
13.37282
20.59665
26.31670
29.36612
37.49536
44.07752
48.03164
55.11243
58.81456
67.39790
74.09888
81.27843
84.03173
88.12733
97.33670
104.71614
109.51897
117.24178
125.84989
131.35147
7.24628
11.42438
18.06619
23.35635
27.73232
31.35615
36.63866
38.59411
41.98700
48.18399
52.50649
58.56422
65.89211
72.03606
79.59407
83.73214
88.65193
93.41181
95.63621
100.10424
109.01632
2.47989
5.76113
13.09276
19.47812
21.97222
26.80618
31.21751
34.09912
37.68705
42.25164
51.11243
57.16905
62.72002
66.02338
67.15366
70.95613
73.41732
79.46933
82.03020
86.47696
93.61263
7.82801
12.07801
17.53476
21.06197
28.87072
32.33099
34.96396
41.79013
49.02523
57.25566
62.70280
67.74160
70.13496
75.51988
78.31772
83.34573
86.40489
93.17976
97.75831
100.37220
106.11494
4.37243
11.50756
19.38249
24.38411
28.51078
29.44726
36.08022
42.04881
44.68086
58.29365
65.69717
74.38129
81.22115
84.80683
88.71947
91.41119
97.63929
101.58712
106.68233
107.73425
108.19489
4.50552
10.04097
22.95317
31.23365
38.95328
43.16898
50.69623
54.89984
57.79624
63.95628
66.65704
79.60841
79.96903
83.08045
86.86521
89.55497
94.17004
103.23978
106.69570
107.32472
112.74364
6.41525
11.66074
19.20034
29.01700
32.02448
34.21040
41.38799
42.05683
46.16316
52.61092
60.46033
63.12284
69.98100
71.33236
79.44803
87.21263
91.88211
92.81624
104.40289
106.80709
109.42086
2.67348
5.32581
10.00774
20.51265
26.54660
33.81751
40.03280
51.00167
56.48461
57.10377
61.57468
64.83415
70.41313
75.43486
83.25383
86.66045
91.16663
97.14924
102.27730
103.90192
107.18710
3.83257
7.14992
13.09523
19.14541
26.46512
29.45773
34.81040
36.91255
41.10967
48.39410
53.73194
58.75123
64.44442
74.82632
80.33730
89.84912
93.87855
95.92166
98.83118
102.04617
108.49247
8.99391
18.75972
33.13576
36.05882
42.18894
44.89462
49.40307
58.90113
62.00923
74.60272
77.09204
77.27444
85.16211
88.93382
91.58685
94.40202
96.69457
104.09761
106.29478
110.66535
114.68912
1.94473
10.95038
14.19980
20.01411
22.33145
26.21751
33.72332
44.11596
50.49482
59.64055
67.83170
78.29159
80.78996
85.55734
87.30009
91.24966
92.23056
97.70754
104.80801
107.64925
116.79339
3.71337
6.15861
16.80840
19.38832
22.22792
28.51116
35.89094
41.08335
44.55861
49.84669
57.35465
59.93698
64.06972
70.69645
75.38491
78.09054
81.38783
85.00313
91.30335
94.36125
99.57183
8.39849
10.95580
16.08218
27.61596
30.34442
36.83405
41.10063
47.21376
49.45590
51.87233
58.30580
63.03852
67.16351
70.25168
79.93221
84.76653
88.08455
94.34109
101.58884
107.56583
112.89812
10.09579
15.77767
23.51249
24.96518
36.11754
39.29557
41.66540
44.20479
47.74332
54.75973
65.80327
70.54141
74.77662
80.24112
82.38810
89.03669
90.35347
93.42216
91.92250
96.50844
105.17360
3.35029
8.85108
14.50755
16.25592
18.73422
25.07886
32.93972
37.46305
40.10564
47.15360
57.91118
61.40360
65.10281
70.23299
77.74097
77.89404
83.94275
92.22046
99.55647
102.59123
112.15714
2.89196
11.23794
16.83914
29.04512
37.61189
46.06031
50.67953
55.99333
59.11908
66.34820
71.99702
74.48340
83.32246
90.82857
92.27410
97.16413
101.34720
108.75496
113.61406
116.55970
120.29606
3.76638
12.63594
19.49179
21.25833
24.70437
28.07080
31.71354
35.39279
43.77561
47.73276
51.06367
55.62054
61.11422
65.90902
67.51753
70.55587
80.28338
84.09094
85.44697
93.34891
96.35997
2.38023
15.26429
19.28631
22.71239
27.35239
29.57640
33.72297
44.12617
48.51030
54.12187
58.70823
61.79267
70.02738
73.78698
77.73171
80.85000
81.29827
91.47633
91.52359
97.00252
100.71800
10.42273
16.28452
22.28599
33.76989
35.45369
40.24165
44.42853
49.80471
51.65050
53.72815
63.01478
69.20431
75.67023
83.69826
88.27466
91.99071
97.61646
103.10965
109.95356
118.91408
124.61060
9.80254
12.72769
21.06100
23.60700
30.54993
37.05237
39.74985
43.48434
47.10699
52.36858
59.75533
64.19637
70.66871
76.13760
79.83484
81.83875
87.75261
90.54648
96.82376
101.12007
104.38517
11.16607
12.72298
18.61863
23.17865
25.49887
30.58694
33.22947
35.74301
46.09180
51.85645
55.11139
58.72582
67.06865
79.16366
84.18349
90.01859
96.40262
102.26846
102.90499
104.24508
109.28285
7.54272
9.10910
23.07204
37.50091
44.11031
49.19563
53.07275
54.70283
59.27571
59.40065
65.11590
75.28316
81.16663
84.94622
93.89764
102.19894
109.23587
105.73314
110.87654
113.64172
116.92764
2.77649
6.12142
14.67354
22.35397
26.75907
35.25552
39.75352
45.69607
49.19462
54.54847
61.71209
67.51446
73.04220
78.15936
82.85940
94.42429
100.44469
106.09751
106.86965
110.13472
113.53662
3.61347
10.11092
14.67918
17.76021
28.01846
29.48950
33.12472
38.72636
41.65693
46.67397
49.41632
53.21627
59.42660
70.24927
75.03196
78.14637
82.06789
85.10128
88.35291
89.10937
89.49695
7.22957
16.45602
20.22984
23.16161
29.32304
30.77044
40.37114
43.08624
47.28747
48.94631
53.69463
55.93520
60.81096
64.49190
67.85881
74.79472
77.32978
82.79757
88.12972
92.85704
94.85700
5.40668
9.28255
16.79884
26.08252
26.58553
29.73110
35.88717
45.62296
47.40594
48.86141
54.33515
58.46046
65.79190
71.92967
80.82571
83.28861
88.35145
90.49050
97.79758
100.42902
104.81597
8.34133
10.63290
18.49265
20.67387
27.02258
33.15776
36.70846
42.48435
47.15941
47.45877
53.19583
59.09726
62.49602
65.77991
74.68705
77.08517
81.72276
83.58563
91.99261
99.28486
100.76319
3.72607
10.63757
13.06504
20.85960
26.63270
32.42947
39.12547
40.84640
41.24469
44.84534
50.22095
54.93836
57.26203
59.35107
63.20058
69.81133
81.76896
84.62348
92.71832
99.42654
106.88636
4.83740
13.03928
16.23374
21.66974
26.93499
30.20531
32.83643
34.81640
41.68496
44.77334
45.12369
47.33336
54.80176
67.55743
68.72526
69.75793
77.87194
85.49773
94.25332
97.04904
108.98650
6.52293
10.10840
15.81103
24.35377
26.69821
29.56164
36.66968
43.16281
45.61117
50.42432
54.27317
58.33306
60.63026
64.17612
67.30472
73.54846
88.32931
91.31568
96.30465
101.72208
109.21497
2.39865
11.24806
19.70068
26.10798
30.72905
35.33631
37.61043
39.63838
40.50655
45.69382
56.52752
65.48927
73.16881
78.32109
82.76145
87.54694
90.20591
97.61696
107.65763
115.02790
125.83573
5.37440
10.44769
16.05045
30.57106
36.32977
39.63493
47.20459
49.95052
56.72390
62.00501
67.18414
68.53620
71.29758
72.40683
75.91828
82.67160
91.12790
92.72328
94.06718
97.18270
97.61057
5.37629
7.49774
12.21757
18.89350
25.07002
28.25699
33.73328
35.28840
45.29687
49.01062
56.72346
62.51957
64.76538
69.12347
74.51926
76.41060
84.17261
94.45514
103.80246
111.12173
113.13134
10.31709
13.45465
20.74134
22.72913
27.72348
29.10256
33.07155
39.08820
45.45154
54.38220
61.48571
64.41377
70.75267
74.84988
78.39923
81.95048
86.81922
88.01363
91.23232
95.76968
99.78381
5.13139
9.56076
14.17495
17.57375
20.56622
26.94681
36.81147
40.18712
53.47699
57.95370
61.47929
70.06339
73.35901
79.72195
84.80082
90.62479
93.42477
98.25786
108.50260
111.08232
113.48624
5.26813
13.54897
19.82530
26.60921
30.53072
38.91173
46.96675
52.06708
57.85966
61.74138
68.59795
71.30229
80.40247
86.53129
90.46761
94.02192
95.85205
96.00016
106.91471
109.30927
116.83868
2.02972
9.70407
13.22712
19.43597
28.46796
32.84620
37.04289
47.15595
55.74240
65.68371
66.26385
72.49785
85.33970
90.31893
94.92011
95.61994
101.86518
109.20600
110.85808
115.22338
115.75336
7.52297
13.56963
17.30758
21.83544
27.69778
33.96929
35.31966
39.47679
42.75282
50.65138
55.81225
67.10764
69.77496
72.16059
82.23293
88.38670
92.56949
95.73287
98.06350
102.54284
104.30857
4.01024
7.42450
12.73461
21.34031
27.01630
30.73520
35.97862
39.95466
42.78620
46.53592
52.68514
60.50251
61.35994
67.76131
68.20225
73.53502
78.74889
88.70198
94.12096
97.87961
103.66666
