8.81442
38.32213
46.21319
52.18146
56.39790
60.50989
67.87558
72.59471
79.70549
90.08324
97.35406
106.22412
117.83409
13.21977
21.66389
30.53675
32.68502
39.44617
46.65503
48.13187
52.45977
65.12193
67.93221
72.40788
77.61987
96.58818
9.55401
12.89225
21.94779
28.90298
29.01576
39.90992
47.63408
59.77658
62.09024
76.12970
82.98381
85.01482
90.58797
3.84427
8.70051
17.37931
27.51616
31.47761
38.59053
49.70397
52.95310
69.04698
78.24517
93.85633
97.35434
114.96170
18.38980
41.41522
47.39965
55.32543
75.90858
78.44672
85.23443
93.41843
98.56869
105.39220
111.92497
114.06737
118.98784
0.24351
21.21429
31.70832
32.36970
45.62123
57.79715
66.26952
70.76398
76.72263
81.49295
84.77726
90.49985
100.51365
9.93593
18.40919
24.78994
46.88033
47.91505
52.45622
76.22238
85.17334
93.31974
96.04654
98.47487
103.41206
107.06412
6.18292
7.20748
14.61519
18.39845
23.02855
30.96229
33.38478
36.84778
39.02945
41.65233
53.33225
58.84772
69.71869
5.68580
13.05183
16.82744
24.12165
33.12025
43.51313
65.02695
73.76247
73.89301
77.82359
80.92945
89.54705
94.22938
4.62734
14.92143
27.71225
27.44958
31.23862
33.63442
41.57930
51.29263
66.08968
74.13799
81.02704
86.29545
104.28984
7.84899
13.01957
26.09209
40.09118
48.46834
62.76268
73.03050
76.98179
82.50559
92.30992
94.01323
95.21012
104.42497
1.70738
7.52797
13.00769
15.71157
18.03039
21.94072
34.31813
38.15330
50.59008
50.61203
59.69950
72.27389
88.18296
1.68440
7.30488
11.99328
17.92439
23.87511
24.98387
32.32459
47.76320
60.39752
61.92874
70.62030
72.94390
85.37344
10.83883
16.41075
23.73697
40.14521
41.68332
53.80364
56.52773
58.06433
65.24958
77.53686
80.57189
83.94227
85.95305
3.73262
20.01449
32.83961
51.14515
56.53508
61.68637
66.42684
74.89228
83.40633
92.23399
97.11121
100.04234
102.13569
9.76698
14.98544
24.41569
26.87636
28.23178
41.32007
44.04716
47.94109
55.19560
58.50357
65.68743
67.82572
75.57775
3.07158
17.52738
20.80310
25.41797
31.66287
35.06821
43.45223
49.93191
55.23195
56.94001
66.94675
76.96977
83.68906
7.10571
18.19206
21.26530
32.32154
41.50549
45.75711
53.31039
55.48794
59.55132
71.48500
82.90179
87.38252
89.45846
2.99814
6.15145
15.87346
23.19359
28.21222
33.48299
43.88770
62.97575
71.03239
75.63214
79.69259
83.43314
93.66346
13.07066
23.60330
32.19787
40.71182
53.87958
53.67110
62.19256
70.03595
78.38911
80.55656
89.90669
91.58230
102.80661
7.65753
13.74560
32.09810
38.24711
39.14991
53.11106
65.08961
67.26416
67.27724
78.01340
90.62696
93.29008
94.69162
4.39101
6.73654
15.80076
28.72749
37.75730
42.17985
45.41670
54.11470
61.30230
71.28579
83.27998
85.26186
90.34911
7.55617
18.60051
22.13670
30.49310
31.84842
39.88683
46.77654
53.75779
62.35953
68.23131
73.19310
78.15638
80.62667
16.77169
17.81676
22.26230
26.63097
34.23321
44.07689
50.23017
64.33873
79.77358
83.97209
94.08274
95.50755
103.60422
6.76521
18.50815
25.76773
32.49517
37.76115
40.31198
49.08288
56.72461
61.05459
69.31690
70.54932
80.56058
96.78655
7.54443
17.39518
22.23537
23.70435
29.16797
35.22103
40.60957
49.66913
63.22077
65.92805
72.48989
89.91993
99.22888
16.64129
25.07616
35.42545
55.64562
57.61811
63.57545
74.61397
75.18920
88.90862
101.31140
108.06957
113.26551
124.26885
0.98185
14.96904
21.19890
22.98583
23.82863
25.21753
32.02579
35.89934
52.19626
64.79659
67.88368
82.54721
86.09744
5.93799
11.19286
16.24520
50.12843
68.29369
73.81871
89.35088
92.65914
100.59063
110.53256
114.61591
120.66958
122.35341
8.55619
9.81887
25.49328
27.36407
31.18388
52.26842
61.19017
68.72283
76.46789
78.94497
81.47644
92.66860
98.01392
8.98334
23.18340
25.15640
32.33013
34.90164
41.75246
59.86970
65.22778
82.42159
86.55908
91.52199
108.24692
110.87625
2.99352
7.27225
15.12335
31.37099
35.86233
44.61000
50.38074
65.39865
80.71893
87.52494
96.09801
107.27823
108.57097
5.87576
15.01563
26.22741
31.21365
35.87889
51.19989
57.47979
64.91541
68.74527
71.45982
83.89736
91.51955
103.49193
4.54976
23.48206
28.91217
35.20753
42.16940
48.70867
57.43201
62.61977
70.50847
80.99825
85.86784
101.93506
106.01097
10.12252
16.01033
27.15648
37.14375
40.89219
48.01529
52.06872
70.43831
75.51643
80.54279
82.03524
87.86264
89.45634
4.69495
6.81290
17.61263
25.27734
34.36394
34.62411
41.85242
62.68231
74.31302
91.96357
94.84690
99.09618
107.41923
3.78699
12.05512
19.41272
23.00596
33.61470
37.56070
44.10379
52.38388
59.16866
74.22115
84.71820
98.21891
99.06902
6.02570
14.99261
18.83959
20.32224
31.37821
37.99680
45.91311
53.62770
58.00177
68.06710
73.88735
86.27554
90.59261
3.57260
13.02575
20.15369
22.04283
33.79875
49.55283
56.53614
65.38658
74.39886
81.72364
90.67885
93.79720
97.09979
3.86887
11.35831
14.22032
25.76048
36.99792
41.57948
45.48330
50.23335
53.04208
60.44767
77.43958
88.46003
89.61104
19.88266
29.72009
41.54790
49.10768
61.57881
70.62184
74.87408
75.51372
81.94389
98.47394
100.23068
105.25133
110.52370
8.39236
8.69339
26.69630
37.20569
42.90529
49.82467
55.87810
63.77276
72.94569
77.42479
83.85798
83.94531
94.13953
6.46248
8.96625
16.71854
29.91307
33.71988
41.02797
45.13183
51.01802
63.37517
71.52163
81.50884
82.27748
88.83631
10.86360
21.18530
25.78843
30.08923
36.74738
44.53248
48.57975
55.07832
59.25888
66.03735
87.48121
93.64540
98.08113
6.43011
16.47242
19.70008
22.94353
42.25437
47.54447
52.11207
61.61292
64.29149
65.97262
69.16092
74.76613
97.11986
4.18196
7.15829
14.38565
19.42048
51.09894
58.39928
62.23562
65.52742
69.62484
73.25108
79.83455
87.25671
91.03633
8.17754
18.48812
26.65210
37.75830
47.27521
56.22911
62.84778
64.50284
64.77262
67.57234
71.50546
76.22975
79.74028
18.13601
27.18574
34.70939
38.13536
42.90414
48.19059
59.26727
62.35828
69.45776
72.24523
76.55905
79.89838
93.02370
22.51126
34.49342
39.49154
44.29932
53.13636
58.21693
67.64588
75.17840
85.66802
93.10631
93.48524
99.83255
100.20279
7.74567
15.10338
20.89458
29.27463
37.99510
52.33490
57.10397
65.41697
71.80695
79.22556
95.77789
108.91977
116.00590
