2.86385
11.15320
16.32550
20.45418
30.12904
32.56238
34.17851
34.23532
34.48446
34.84836
34.98170
35.29529
35.41993
35.51584
35.87135
36.01296
36.11433
36.17239
36.43486
37.19152
37.30315
37.41053
37.50037
37.61019
2.13309
16.46968
22.95319
25.49204
32.62935
36.32190
39.14406
39.20471
39.46022
39.65916
39.91309
40.06011
40.21844
40.26312
37.85048
38.22372
38.22610
38.30939
38.51874
38.65485
38.69244
38.85431
38.91003
39.16856
6.43380
15.02273
17.67378
19.46530
22.28339
32.42418
36.40232
36.59841
36.64986
33.70947
33.93814
34.12848
34.39355
34.47085
34.80727
35.09309
35.23533
35.61299
35.77652
35.86501
36.07294
36.50373
34.57777
34.61126
11.87571
16.65137
19.01788
20.07688
27.69248
37.28765
42.40755
43.34117
43.43521
43.62090
43.63393
43.81272
44.15880
44.23536
44.94519
44.95912
45.16115
45.27084
45.48162
45.50450
45.76693
45.78051
44.01742
44.19525
3.86435
5.32880
5.67458
13.75627
18.55508
23.42748
24.86696
25.18094
25.29777
25.32892
25.36166
25.63640
25.77343
25.93378
26.16176
26.76192
26.89459
27.10381
27.28200
27.34599
27.46326
27.67268
27.77959
27.88748
8.75709
13.09344
13.22297
14.92711
25.04361
27.18871
35.51102
35.58915
35.70259
36.00271
36.17520
36.35818
36.39938
36.57784
36.81799
36.90149
36.91235
37.51657
37.52617
37.56975
37.89388
38.21117
38.24888
38.85258
9.24241
18.14427
24.79828
28.74672
30.77835
41.30634
41.41816
41.54489
41.67181
42.41285
42.68060
42.79456
42.92472
43.18667
43.43019
43.45862
41.43831
41.47984
41.55936
41.63182
41.74601
41.89991
41.92587
42.28654
0.18390
2.36837
13.74292
27.14382
35.48022
43.89188
48.40326
48.40396
48.78804
48.89649
49.25631
49.55835
50.05288
50.14059
50.23365
50.28507
48.78362
48.79200
49.29275
49.48568
49.64882
49.90051
49.93259
50.06653
8.22227
12.34129
12.51676
13.34256
20.54209
24.14800
34.51287
34.55175
34.65418
35.10091
35.25367
35.61409
35.69401
35.84728
36.10531
36.26571
36.38761
36.46446
36.70186
35.78341
35.95101
36.17973
36.44486
36.59067
4.96430
7.15238
12.95878
27.53905
31.99942
40.62904
50.62673
50.66032
50.73755
50.88569
50.95630
51.24328
51.40585
49.23586
49.27150
49.52354
49.70850
49.98434
50.35461
50.48063
50.67685
50.84458
51.37963
51.49519
4.79482
15.76158
17.66106
19.70790
29.84350
37.64195
44.64066
45.21009
45.32023
45.32342
45.49092
45.95501
46.06731
46.09524
43.82554
43.90975
44.20287
44.34053
44.48522
44.58744
44.70759
44.85441
45.14916
45.32164
16.34209
30.24269
37.82005
44.40864
51.20526
61.16852
82.38203
82.42686
82.67983
82.68353
82.74188
83.00574
83.13844
83.18785
80.56395
80.95766
81.02174
81.13378
81.25159
79.88590
80.05909
80.46580
80.53527
80.57255
1.19667
2.53130
16.86692
25.00732
30.65177
39.42515
54.24059
54.39255
54.16148
52.82879
53.29552
53.34753
53.35084
53.38917
53.53475
53.68835
53.78454
53.82830
53.85620
53.93353
54.11759
54.29833
54.64473
54.99115
15.48510
19.66461
22.69387
36.08947
38.87867
45.42931
45.78691
45.82749
45.86243
46.26050
46.41799
46.63869
46.64171
46.84245
47.08009
46.82305
47.49065
47.56786
48.06028
48.16042
48.59175
48.68793
48.80167
48.91968
4.16526
7.74010
11.37495
18.11838
18.96794
21.81786
27.79296
28.03751
28.06181
28.09652
28.30558
28.39355
28.43121
28.75349
29.07398
-1.00000
-1.00000
-1.00000
-1.00000
-1.00000
-1.00000
-1.00000
-1.00000
-1.00000
3.17639
22.35495
30.62031
36.20382
42.89336
43.42259
46.20109
46.23441
46.82561
46.56874
46.74096
43.00293
43.07289
43.38884
43.42731
43.57501
43.66624
43.81166
43.92341
44.05205
44.07473
44.52030
42.53301
42.71425
0.72659
3.93998
9.24114
11.47310
16.26143
16.44383
16.96915
17.10234
17.38219
17.65158
17.84840
17.90765
18.58123
18.77681
19.08057
19.15286
19.32425
19.48145
20.09822
20.45219
20.52018
20.61911
20.83204
20.88239
9.45405
24.18688
32.63523
33.75570
43.35732
53.15923
56.58450
56.70158
56.87402
57.18041
57.50368
57.50892
57.91879
58.02481
58.13829
58.40186
58.48059
55.13428
55.15913
55.24808
-1.00000
-1.00000
-1.00000
-1.00000
3.79096
14.93716
26.46284
40.61421
45.46037
51.85669
63.40462
63.50814
63.78682
64.16719
64.49968
64.69199
64.76837
64.89204
65.36813
65.66789
65.74396
65.82942
66.11305
66.15310
66.18250
66.20726
66.29617
66.35659
4.55221
18.59583
33.94249
35.89492
46.53869
52.15149
53.68074
54.20386
54.22441
54.59182
54.82402
54.90711
54.98856
55.04130
55.31164
55.33297
55.78854
55.91882
56.30231
56.33061
56.43046
56.64532
56.90096
57.17060
4.37944
6.29611
24.75756
26.20380
31.16208
32.17065
40.74887
40.79411
40.80774
41.27775
41.40004
41.63328
41.97133
42.21958
42.37299
42.42746
42.60814
42.98867
43.41261
43.34337
43.42226
42.25355
42.38583
42.46296
7.62414
12.37257
15.03448
18.45941
24.92576
29.44606
31.24495
31.34391
31.55285
32.13935
31.92650
32.04159
30.34386
30.66630
31.04758
31.20712
31.22824
31.34480
31.48027
31.64069
32.49722
30.20163
30.27402
30.56307
2.75096
7.60374
9.49438
13.83737
17.02972
20.13480
27.36540
27.81158
27.90739
27.99374
28.04204
27.60104
27.76511
28.02997
28.21854
28.51062
28.53603
28.82260
29.35877
29.46114
29.55555
29.87826
29.93349
30.37781
12.37362
22.80584
26.20107
27.66374
36.28154
41.15240
43.38618
43.53011
43.80771
43.26032
43.52101
43.67239
43.80543
44.15298
44.03636
44.12161
44.55363
44.55860
44.60656
45.21950
45.46921
45.61154
45.82832
46.22867
6.96800
16.38441
28.01206
34.33412
39.83181
53.51412
65.31014
65.55710
65.99084
66.38221
66.64383
66.78891
66.81743
66.94358
67.11727
67.14315
67.34617
67.68395
68.22661
68.30060
68.56862
68.74502
66.99552
67.27575
12.69301
17.17305
17.38891
17.81132
21.44196
24.18959
24.93662
25.01581
25.40225
25.58412
25.76308
26.05526
26.24866
26.32447
26.80880
27.06324
27.25335
27.63001
27.75548
28.05342
28.56121
28.85344
29.40495
29.61509
6.03945
11.67073
17.84448
30.24396
37.29439
41.18367
47.12551
47.20322
47.53118
47.53235
47.98036
48.08166
48.18234
48.62642
48.76998
48.84911
49.11167
49.28949
49.29121
47.29642
47.57016
47.60918
47.64835
47.73450
3.84114
4.27467
13.36056
23.67290
24.60490
-1.00000
-1.00000
-1.00000
-1.00000
-1.00000
-1.00000
-1.00000
-1.00000
-1.00000
-1.00000
-1.00000
-1.00000
-1.00000
-1.00000
-1.00000
-1.00000
-1.00000
-1.00000
-1.00000
11.36492
12.60089
21.18756
23.57233
33.55673
35.51413
36.58078
36.59635
36.63763
37.10592
37.75113
37.83613
38.06954
38.17465
38.17378
38.35509
38.52003
38.55484
38.09491
38.27127
38.36574
38.54340
38.83596
38.89468
2.51993
7.24252
12.88703
25.07310
40.62873
41.59073
41.57064
37.77950
37.86649
37.91786
38.17168
38.78323
39.10936
39.19975
39.66330
39.71581
39.82472
39.92681
40.16413
40.43393
40.51881
40.75713
40.84489
40.91572
0.47639
0.95443
4.32201
9.40931
12.54877
24.37191
31.60159
31.87412
31.88386
32.11228
32.17508
32.48701
32.67020
32.80997
33.17278
33.31418
33.35986
33.54574
33.71511
34.16634
34.30769
34.55295
34.58861
34.74561
5.75364
12.05275
26.06969
28.64085
30.43242
29.24639
39.96839
40.14621
40.45022
40.48228
41.12274
41.38675
41.58131
41.86267
41.70392
39.83621
40.33390
40.58964
40.58421
39.23214
39.23988
39.34000
39.38662
39.50711
5.81104
19.71811
25.08079
34.85022
41.85952
49.15861
53.79272
54.05086
54.20056
54.42699
54.65750
54.77866
54.93068
55.08477
55.09051
55.21480
55.22835
55.37409
55.59948
55.86370
55.94345
56.15764
56.21363
56.46188
8.02388
9.69713
10.55823
20.77015
29.00080
29.54672
34.69571
34.80799
34.84412
35.04282
35.04535
33.40373
33.46096
33.70790
34.03124
34.05726
34.27021
34.64931
34.85293
34.95587
35.24356
35.35710
35.38154
35.65185
4.25550
15.85001
25.38842
27.45928
29.15600
48.21529
48.31735
48.44704
48.67448
48.68814
48.74259
48.91675
49.08824
49.16462
49.22899
47.94181
46.46828
46.53335
46.58540
46.64527
46.65554
46.81502
46.97056
47.56599
12.93960
15.45351
23.50844
44.02769
52.68248
53.48175
56.62316
56.72998
57.03007
57.36675
57.48631
57.69216
57.71529
58.00084
58.26084
58.31107
57.99394
58.05145
58.18271
-1.00000
-1.00000
-1.00000
-1.00000
-1.00000
2.86279
4.57232
15.32923
29.30598
30.21397
36.57938
47.65237
47.78321
47.98439
48.14373
48.57575
48.85162
49.02435
49.41795
49.53163
49.81727
49.99814
50.32125
50.59573
50.71766
51.01445
51.12529
51.28466
51.33784
2.50905
7.86009
28.23270
28.37681
34.05105
60.40383
63.08413
63.35362
63.49605
63.71735
63.89919
64.15174
64.44996
64.81176
65.17847
63.02953
63.31993
63.57687
63.75891
64.10058
64.19413
64.20939
64.67659
64.97889
2.18175
3.42708
10.78142
19.14761
20.55337
24.56488
24.67165
24.81703
24.93042
24.94255
24.96392
25.18772
25.30028
25.49052
26.08028
26.23690
26.44565
26.60816
26.81830
27.01582
27.30121
27.40708
27.54607
27.61250
7.44180
11.58947
16.73120
32.19669
36.32572
45.72164
49.09278
49.25845
49.39244
49.42002
49.59966
48.46139
48.69934
49.11211
49.44079
49.64164
49.64520
49.68417
49.70154
50.21664
50.22489
50.22734
50.34040
50.49540
11.09717
21.09286
22.65100
31.22185
38.90001
40.45086
47.14167
47.57312
47.86152
47.96875
48.25519
48.41333
48.42293
48.72832
48.83971
49.12174
49.18925
49.23356
49.45114
49.49059
49.31780
49.65388
49.85082
50.06933
10.65631
14.14522
26.26434
31.72081
32.55786
47.29776
48.68523
48.26477
48.35668
48.75723
49.50775
49.51398
49.90126
48.35382
48.45761
48.46434
48.75620
48.78304
48.89359
48.26759
48.28207
48.91057
49.02240
49.06950
2.88828
17.01946
25.35735
31.26135
41.34979
59.48173
59.94432
60.15501
60.33746
60.76484
-1.00000
-1.00000
-1.00000
-1.00000
-1.00000
-1.00000
-1.00000
-1.00000
-1.00000
-1.00000
-1.00000
-1.00000
-1.00000
-1.00000
5.00237
9.79759
11.89837
20.79348
22.71425
39.07423
38.88611
37.69994
38.22796
38.24863
38.52111
38.89320
39.28902
39.39952
39.55580
39.71548
39.90832
40.06019
40.15615
40.23521
40.32591
40.34978
40.49474
40.51929
7.66529
20.90461
35.58662
38.38663
41.57960
53.14034
53.32375
53.48461
53.56255
53.62604
53.75399
53.87383
53.94945
53.48208
53.98516
54.15828
52.64728
52.81491
53.14363
53.26689
53.94612
54.60193
54.64656
52.09217
4.89149
8.10938
22.02718
25.68862
32.31404
40.73032
41.05696
41.12190
41.17409
39.57174
39.74809
39.75273
39.91466
40.08065
40.44818
40.50023
40.74853
40.93952
41.08556
41.24586
41.54776
41.71048
41.90500
42.14474
4.75550
14.68553
23.58985
23.86280
24.16070
32.60147
39.35331
39.53379
38.82045
38.93623
39.22083
39.46323
39.66609
39.80803
39.92430
39.94642
39.96626
40.39449
40.53117
40.55652
41.11897
41.12056
41.34592
41.46411
8.07542
19.95336
21.26463
33.03711
36.83568
37.36681
38.73215
38.74913
38.87877
39.11860
39.32760
39.53849
39.68187
39.71529
39.85520
36.89303
37.03546
37.24712
37.25227
37.37829
37.56068
37.83767
36.36188
36.62426
25.71651
37.38016
41.08885
47.05566
47.41163
48.07718
52.95320
53.66257
53.80634
51.97548
49.79714
49.88235
48.51069
48.64235
48.83723
49.39546
49.40738
49.56026
49.65097
49.72733
49.91118
49.96646
49.97264
50.20677
1.34179
5.63695
12.87634
15.88418
18.08541
23.36797
29.46177
29.83468
30.24364
30.37088
30.64847
30.66365
30.75777
30.86824
30.97107
31.02195
31.13074
31.23092
31.36230
31.75014
32.01814
32.20926
32.36959
32.51203
