1.36921
12.65952
29.96582
33.07150
33.23372
36.61641
42.30697
42.60574
42.74866
42.84419
42.94623
42.99633
43.21620
43.53692
43.68667
43.81875
43.85843
43.91528
44.03501
44.18809
44.41610
44.64391
44.74703
45.12017
10.65965
10.73126
15.69519
34.43808
41.39243
51.07349
53.16178
51.69891
51.88200
52.01585
52.08296
52.23588
52.57169
52.72823
52.88651
53.03538
53.31515
51.33747
51.39021
51.51576
51.52881
51.65749
51.78123
52.08628
13.53327
15.45644
18.62553
19.33848
43.77444
72.03102
73.25630
73.33292
73.81738
73.95290
74.07957
74.18621
74.33689
74.47175
74.49973
74.50945
74.61978
74.94088
75.16620
75.31402
75.34424
75.36573
76.07619
76.12379
0.27028
5.18565
10.46062
16.43179
19.06379
20.87992
25.42954
25.47987
24.68187
24.89945
24.95873
24.95932
24.97271
24.99114
25.10221
25.19796
25.39733
25.44373
25.65729
25.70783
25.78817
25.97333
26.13778
26.26284
6.82499
11.51697
15.77111
19.41551
28.43114
31.07862
39.24539
39.46722
39.75590
39.84953
40.03338
40.31195
40.50945
40.55999
40.92687
40.92801
41.02744
41.48246
41.79134
41.79905
41.80059
41.94242
41.95275
38.85823
7.22772
10.98475
14.10650
19.02971
22.84460
25.41284
27.41100
27.43800
27.58917
27.64754
27.98023
28.19681
28.20958
28.25138
28.71243
28.73256
28.79946
29.01490
29.16947
29.27255
29.53906
26.19463
26.39116
26.73507
11.99825
21.10871
27.71795
32.04416
33.23782
40.01945
42.57418
42.59742
43.32160
43.47347
41.74263
41.77732
41.96694
41.99207
42.20151
42.84815
43.26938
41.10020
41.25904
41.39070
41.50416
41.56766
41.85335
41.93752
7.26861
10.56550
19.02046
25.36176
28.27205
40.13466
41.48211
41.54359
41.62752
41.80667
41.86202
41.95943
42.25091
39.95601
40.42481
40.49383
40.52476
40.71860
40.81320
41.13375
41.30532
41.42446
41.48352
41.48975
4.31611
8.91654
13.23202
23.33476
30.82824
37.26108
41.50416
41.77552
41.84137
41.96374
41.96376
42.07213
42.48873
42.60519
42.73322
42.88067
42.99677
43.02894
43.11403
43.56601
43.97107
44.03994
44.30935
44.49935
0.77264
6.55749
10.63741
10.79603
12.11058
14.71535
21.47479
21.97845
22.16537
22.43056
22.66939
22.73363
23.07460
23.65964
23.74915
23.98182
24.02753
24.17870
24.32404
24.37705
24.60560
24.60822
24.68927
24.70558
16.30090
18.38943
20.05556
26.62369
35.69322
34.53230
44.38501
44.50336
44.55293
42.72637
42.86569
42.93326
42.99095
43.14343
43.58753
43.87083
44.05129
44.67504
45.24767
45.56960
46.10331
46.12389
46.24474
46.46092
5.86291
6.52685
10.50914
15.70403
18.10886
21.97253
27.80570
27.81328
28.02583
28.53812
26.75088
27.07066
27.53208
27.70834
27.86554
28.01831
28.11787
28.15689
28.30359
28.38860
28.63191
28.83627
28.91577
29.30167
1.31706
23.38474
24.54121
25.04701
28.57636
32.76212
33.14579
33.18446
33.37747
33.56096
33.70959
33.72226
33.85861
33.96338
34.32324
34.50080
34.80133
35.06162
35.61453
35.80396
36.00733
36.10522
36.32744
36.49088
1.70378
4.91882
7.86603
17.00311
29.41900
31.79981
39.59367
39.65643
40.02031
40.21781
40.22041
40.28780
40.41936
40.82858
40.93089
40.98547
41.21418
41.25286
41.33866
41.37652
41.64970
41.80346
-1.00000
-1.00000
5.35963
11.62297
16.45831
21.89892
23.73552
26.10199
26.59860
26.66992
26.69938
26.95041
27.16341
27.18529
27.36031
27.70535
27.78872
25.39735
25.51707
25.59170
25.72434
23.67121
23.72777
23.87507
24.21757
24.33842
2.13360
5.00691
10.26030
20.83484
22.26508
38.58130
40.25954
40.31333
40.35234
40.43201
40.78006
40.96277
41.09832
41.15403
41.29478
41.49678
42.04334
42.29173
42.39757
42.73405
42.99431
40.07863
37.73022
36.24362
3.29405
19.82734
21.45766
22.81059
32.22522
33.59098
32.82285
32.84221
33.05885
33.53825
33.57262
33.72946
33.91574
34.28382
34.63687
34.71400
34.81978
34.96521
35.03514
35.19334
35.34635
35.46994
35.56404
35.81392
10.31625
14.94170
19.00008
24.59437
38.63153
40.38449
45.57862
45.75647
45.94669
46.33491
46.41095
47.07106
47.14833
47.37606
47.47698
47.63170
47.66613
47.96498
48.12766
48.25941
48.26194
48.33118
48.42123
48.63368
6.27356
12.80670
19.93823
26.45881
40.06257
42.29358
44.35686
44.44449
44.50478
44.64621
44.68210
44.77855
44.78077
45.02496
45.15628
45.21950
45.34434
45.50517
45.63664
45.83194
46.25419
46.39386
46.41312
46.60401
10.47576
13.78123
36.26460
41.84948
50.31002
51.11331
59.91046
60.02526
60.25700
60.50772
58.37420
58.52416
58.60249
58.62288
58.82430
58.29831
58.64069
58.89943
58.92632
59.00441
59.14504
59.43371
59.65419
59.84465
2.66613
3.63902
8.35937
19.35065
23.38141
31.28982
33.62177
33.87162
34.20647
34.57294
34.70134
33.84801
34.05983
34.17931
34.60570
34.85566
34.90184
34.88232
34.45848
33.62350
33.79777
32.69557
32.83056
32.90705
3.23803
8.72588
20.06221
25.06432
34.19073
34.64617
40.14257
40.15637
40.29039
40.41509
40.57617
40.82007
41.25301
41.25980
41.34249
41.69114
42.03747
42.05023
42.08559
42.15408
42.33304
40.15931
40.38747
40.48316
5.01403
8.75318
15.44102
18.37811
24.63262
25.50796
32.94431
33.04856
33.24971
33.36635
33.38415
33.44757
33.78514
34.27789
34.36133
34.41956
35.05309
35.27470
35.61767
35.71358
36.02042
36.02192
36.07827
36.15452
15.03871
17.53619
21.42328
39.42434
45.58779
51.75170
57.75386
58.05383
58.23066
58.24847
58.32898
58.60118
57.77458
57.93309
58.17370
58.22736
58.25545
58.33118
58.45674
58.85280
58.91615
59.03122
59.09248
59.10412
8.10506
10.53717
12.29771
15.84244
16.49705
18.69368
20.78802
21.13423
21.38463
21.56689
21.67787
21.97646
20.56954
20.70762
20.71150
20.97774
21.10117
21.66173
21.99561
22.16119
22.73329
22.77990
23.14982
23.40775
1.74431
2.02144
7.39023
9.61934
14.47356
14.98200
17.55046
17.74860
17.98609
18.13185
18.18488
18.36677
18.40791
18.79172
19.07540
19.50270
19.86912
20.02909
17.63514
17.82072
18.10041
18.35681
18.56833
18.92963
7.82083
16.24592
18.18819
21.94431
26.09734
31.10483
39.85369
39.89760
40.36821
40.70860
39.71687
39.95446
40.23793
40.69536
40.91940
41.08335
41.31055
41.62618
41.86438
41.78150
41.97106
41.97114
42.09758
40.12973
0.36439
8.49407
10.24299
11.56577
19.60632
26.08964
26.93773
27.19309
27.24103
24.88066
25.32104
25.48622
25.58488
25.88919
25.97556
26.07354
24.86223
25.10881
25.18938
24.71513
25.13074
25.19872
25.25515
25.51353
2.20955
6.27314
9.05474
12.62536
14.81172
15.34745
37.50633
38.01911
36.47520
36.83333
36.87719
36.94929
37.07082
37.66456
38.27989
38.31753
-1.00000
-1.00000
-1.00000
-1.00000
-1.00000
-1.00000
-1.00000
-1.00000
19.48511
28.02281
30.98399
37.34588
42.84909
57.18086
61.12476
61.17896
61.46168
60.05076
60.62260
60.72698
61.12197
61.33571
61.54033
61.81222
61.96782
62.15365
58.89903
58.98949
59.08381
59.20890
59.32498
-1.00000
7.43925
25.03809
32.03859
40.98065
49.32179
52.10868
55.94445
55.98070
56.25902
56.67040
57.09139
57.15572
57.26812
57.02994
57.33981
57.65475
57.69368
57.05476
57.37376
57.49127
57.77369
58.17297
58.18703
58.30096
2.75642
4.19404
14.81323
25.22629
36.45320
40.59353
40.91432
41.18562
41.36264
41.47777
41.76085
41.76965
42.11920
42.14568
39.67138
39.97131
40.16053
40.51277
40.56762
40.58993
40.81949
41.24131
41.56788
40.22531
4.46475
11.67532
13.16370
18.77767
20.15847
27.56728
28.80980
29.01215
29.27959
29.41283
29.64653
29.70638
29.74142
29.89640
30.02662
30.31046
30.31943
30.41731
30.99936
31.08564
31.41728
31.48068
31.53607
31.83751
4.77958
6.86782
17.83533
24.83832
28.15983
29.24755
36.99636
36.13225
36.34531
36.52078
36.73718
37.30950
37.37517
37.68799
38.25289
38.57635
38.67609
38.71126
37.87093
38.07697
38.24924
38.38361
39.01544
39.24731
5.91296
9.92997
14.12139
21.30828
26.22509
34.58481
34.80377
35.28570
35.23871
35.29013
35.43549
35.57298
36.00822
36.07973
36.09489
36.22294
36.44077
36.18823
33.20251
33.47796
31.56199
31.79064
30.31368
30.40190
3.32395
7.98528
13.46618
19.82848
24.76464
25.09197
30.35218
30.48539
28.19275
28.34683
28.46194
26.31776
26.51019
26.61515
26.65795
26.78925
26.82165
27.02114
27.18152
27.34457
27.46368
27.79019
28.03795
25.45552
2.13515
4.43735
9.29743
18.37899
18.53320
38.50048
45.24096
45.25970
46.03979
46.25939
45.65751
43.88367
43.99742
42.85753
43.02581
43.10309
43.12340
43.32926
43.45201
43.61863
44.00068
44.11846
44.16742
44.38393
3.54318
8.52625
15.51255
31.81359
58.35106
60.85437
87.21037
87.25244
87.55827
87.74669
88.08684
88.51531
89.26900
89.30916
89.39575
89.48242
89.63560
89.67564
89.75068
89.86725
89.97552
90.06740
90.17556
90.38866
3.17280
4.39590
8.23868
17.46017
22.09765
25.49112
37.87735
38.26820
36.45940
36.62862
36.65619
36.81245
36.89078
37.00820
37.16022
35.12374
35.33600
35.45354
35.83594
35.93953
36.20415
36.25531
36.59894
36.72802
0.90338
11.10779
20.56769
21.09862
29.91163
32.01731
42.72331
43.26659
43.28394
43.38419
43.43724
43.44630
43.62201
44.34380
44.72856
44.76613
44.87187
45.24440
45.75656
45.76195
45.76220
45.89626
45.96314
46.00168
7.11880
15.22585
20.13266
21.35204
22.82665
24.17962
27.54121
27.80680
28.16124
28.41291
28.54587
29.01252
29.22938
29.53439
29.62109
29.98322
30.37854
30.66731
30.83288
30.90429
30.74886
30.96240
30.95357
31.20864
4.99226
5.02297
10.41031
17.99671
33.07456
38.89466
39.49079
39.77283
39.16617
39.19604
39.38702
39.48188
39.73468
37.46051
37.73348
35.47908
35.59097
35.66708
36.04765
36.26948
36.34504
36.48806
36.55531
36.63345
3.04781
5.70407
8.95524
16.98639
19.42478
28.13876
35.12908
35.16548
35.66915
36.07606
-1.00000
-1.00000
-1.00000
-1.00000
-1.00000
-1.00000
-1.00000
-1.00000
-1.00000
-1.00000
-1.00000
-1.00000
-1.00000
-1.00000
2.07426
7.20635
7.70382
21.70464
28.94441
30.55368
37.08096
36.18018
36.45449
36.71531
37.45787
37.56846
37.90407
37.98307
38.06225
38.23333
38.60535
38.80762
39.13691
39.49909
39.50519
39.71754
39.87919
39.89783
3.26463
10.24473
10.55072
13.30747
16.54550
22.18558
25.93079
26.00393
26.27012
26.30388
26.54832
26.73879
26.80443
27.09445
27.24314
27.55930
27.60683
27.84067
27.88174
28.00782
28.25064
28.37734
28.41654
26.35578
3.78896
16.78389
26.02943
32.68200
37.05005
44.95117
45.44971
45.50350
45.51437
43.04355
43.11274
43.21536
43.22415
43.39198
43.22915
43.36215
43.82400
43.90248
44.08152
44.36358
44.47674
44.66641
45.31345
45.55447
10.14536
21.49952
22.07301
23.77553
33.45606
49.99659
54.51743
54.71972
52.86872
53.35244
53.56093
53.72836
53.72837
54.29609
54.41690
54.42780
54.69940
54.99295
55.08210
55.09947
55.13141
55.25909
55.29871
55.48201
11.13102
12.31174
16.96635
19.17781
27.87224
34.28016
46.66511
46.73449
46.77645
46.95977
47.09274
47.14014
47.26685
47.40086
47.58757
43.51329
43.59333
43.62465
43.79542
44.12708
44.39894
44.48335
42.93753
43.15896
5.29157
6.46076
8.11289
11.33539
13.57472
19.08236
22.19740
22.32518
22.52744
20.72181
20.79644
20.92019
20.92344
20.92408
20.94602
21.01070
21.17637
21.21863
21.27062
21.29032
21.37088
21.39793
21.61425
21.62058
2.72690
6.34602
8.18451
10.82453
12.06893
14.51949
14.60146
13.70973
14.15829
14.33253
14.36300
14.57294
14.59636
15.14554
15.15757
15.30849
15.33261
15.74938
16.11306
16.44067
16.58640
16.62078
16.70174
16.71618
