7.31898
38.15220
51.24161
58.30010
66.63189
71.32105
79.07831
86.59777
84.17348
87.80796
102.30596
103.48258
104.30990
4.56998
13.62752
31.58807
38.71054
54.46964
67.10931
98.67676
103.93441
116.13004
121.52662
122.18581
131.01511
144.44540
1.07718
13.15327
24.86266
26.74161
40.86364
42.94212
50.54080
60.84978
64.07233
72.52369
74.57071
88.87769
95.97436
10.97810
24.05544
35.29188
44.83643
48.22076
52.47099
62.73849
65.21440
67.01028
69.38863
74.98877
80.58233
88.07838
6.27874
18.44952
30.88198
39.96169
54.76599
55.70524
75.65162
80.89586
82.58433
85.88963
100.91292
111.50091
121.29191
6.27643
14.60740
29.14532
38.98152
55.10646
73.34131
73.93047
81.99890
86.61682
96.68428
110.31456
119.09340
124.01393
17.61283
26.37928
37.03768
39.61007
45.01833
48.97437
52.68546
53.44492
60.30080
76.99207
83.96899
92.96927
106.93239
14.45334
24.15614
31.37160
38.64720
52.32673
84.95575
87.75814
93.91092
98.17746
103.91001
119.94463
133.22688
137.20806
1.79695
11.58309
21.07168
25.58771
37.82129
44.48731
52.05034
65.13361
84.52788
91.16953
95.32120
101.00689
102.29595
10.36925
13.92188
30.82684
36.89654
44.05607
73.76201
74.78363
83.58026
90.40322
102.52624
108.59497
113.18953
113.31507
4.46626
12.74826
18.84276
41.89825
45.05806
47.07445
56.38190
65.17387
65.93914
71.63816
79.29953
85.46530
85.56602
10.75641
25.81092
34.02081
45.09880
56.48883
70.43163
74.91620
80.75892
86.12267
87.90855
107.35226
123.53104
134.68446
5.81766
20.17343
33.26017
42.29851
45.94285
55.87661
80.56659
84.70689
85.92235
91.90559
105.32550
119.41987
128.72364
15.78558
34.69983
51.05518
54.74202
61.06630
66.87368
77.13470
85.53519
86.63755
89.87476
101.38519
112.87614
123.62692
16.50669
37.36452
59.15030
69.77587
85.29436
87.56061
89.86661
95.37840
96.49902
102.63150
109.19233
121.85989
132.32708
2.22197
5.75444
20.78620
30.68042
42.72540
45.97240
58.54018
57.52801
61.60050
68.34911
75.36958
86.37880
92.47150
0.86683
17.49643
27.07392
31.50642
44.47070
58.74011
59.92960
70.55205
73.52402
91.89051
92.64391
104.73313
109.06298
13.90878
15.61024
25.76752
32.03379
35.92340
42.82615
74.50757
94.01849
102.35863
112.47237
130.74196
152.21409
157.28124
12.03896
37.29934
53.05996
58.92984
72.85136
83.18252
97.53872
116.49632
117.13378
117.93101
119.14528
121.86525
120.96442
5.24560
13.34466
17.90562
22.30312
40.21924
42.79054
59.96879
66.51077
72.67042
74.34194
87.41428
103.83143
107.43607
16.91604
34.34523
45.07532
44.67984
56.81684
65.68158
70.82915
75.56807
76.32672
83.30652
85.97910
94.99303
95.39397
23.71381
36.71252
44.34883
47.74139
52.51190
61.79954
71.56861
75.77547
88.85633
98.63987
105.70156
114.80426
115.68731
9.19585
24.66666
32.12651
45.91804
53.10382
57.29020
66.28585
66.79437
84.60158
88.40199
105.09594
114.43427
115.20396
9.57915
15.51474
28.05396
57.59547
80.75271
98.59069
102.80254
111.76080
112.27617
113.01121
122.88793
138.97494
141.73045
8.80823
16.96003
22.29662
32.04042
36.84181
41.38512
46.31806
62.38718
64.19576
85.58241
96.91449
111.68660
117.59307
10.87303
12.80195
19.02883
23.24812
55.53081
64.67254
77.56883
88.58758
106.91722
112.03383
141.56098
150.01150
172.89751
3.14301
23.33057
35.97858
40.83346
46.19478
52.53450
58.58207
60.33146
68.84434
80.31703
86.10898
99.91179
108.14995
8.26672
9.50046
19.22667
36.24323
43.66990
62.29368
62.90935
63.89180
72.69194
77.37920
79.78679
90.59390
92.40469
10.42602
20.16944
28.48383
30.13559
50.28034
61.51076
67.53649
72.68076
82.35901
88.49008
99.95987
101.94207
106.31910
16.49679
30.57619
45.46040
50.36253
51.10589
55.26173
58.98159
60.29384
76.67732
87.10430
102.96083
112.17424
115.15911
11.46209
30.12123
30.28653
33.29248
34.87945
41.41778
57.61661
68.71911
68.79058
71.50956
81.11692
102.85104
105.12420
8.77740
22.63694
41.44152
53.00798
57.98809
67.09330
70.91714
74.53950
80.47960
83.95839
91.38990
99.85097
107.84901
4.84743
13.43547
22.04317
32.84144
42.46362
51.93145
79.91644
90.48787
100.95461
101.72896
123.11647
138.77137
139.84480
6.88645
16.70038
24.81772
26.26180
26.66696
33.60553
50.29398
60.91536
64.03306
68.16520
75.58947
86.24852
101.78958
5.89874
14.42201
19.98745
23.82596
43.83366
55.29914
62.92359
65.15756
79.58507
83.18210
92.78041
97.90928
104.40391
4.21544
15.32589
21.50722
22.24933
34.65860
32.96464
47.87500
62.10370
75.55472
90.06937
97.90950
113.22078
124.93779
16.78886
33.37390
57.52096
58.54201
65.18191
82.97742
89.40380
91.21839
95.67795
108.57920
111.26435
121.36220
128.51354
16.77664
17.63224
29.47115
29.93768
43.69258
66.81244
71.74497
85.43917
92.36461
113.52715
115.96940
133.98686
140.15222
5.53989
9.27565
40.90766
41.37810
52.56483
53.00137
73.01578
73.81929
88.83707
99.01155
99.03822
109.06722
112.70095
10.51840
22.72345
25.74350
31.23662
36.32548
48.60401
57.66133
65.43272
75.78069
82.45488
82.70083
95.08075
109.76810
10.12778
14.99847
20.35066
22.20813
22.89102
31.46606
39.57195
43.97486
54.79085
64.51367
67.71336
80.82908
85.77999
5.06096
14.49911
-1.00000
-1.00000
-1.00000
-1.00000
-1.00000
-1.00000
-1.00000
-1.00000
-1.00000
-1.00000
-1.00000
18.06745
32.83063
45.00289
50.98477
67.76780
81.69843
93.69779
119.01112
122.27633
131.55097
141.90519
146.30173
148.47984
0.49464
9.87414
36.65896
45.13223
48.60534
63.89926
77.17096
84.81876
93.16756
99.65315
105.68587
114.97328
125.32089
8.85812
19.11600
21.28300
27.11080
39.35502
42.81988
47.17025
47.46639
52.92412
76.73241
82.26339
100.44410
106.48277
22.32148
28.99026
30.92413
38.73327
43.66378
45.28078
53.14802
61.11200
71.93003
73.54591
80.06392
81.97681
93.15387
21.82375
27.94629
34.68679
37.65190
42.83202
55.40352
58.21645
63.14471
64.00974
76.96019
81.83962
94.54457
126.07222
5.65275
20.58693
43.97141
62.65064
71.65312
75.41645
80.29509
84.20637
100.94495
112.31329
122.40868
134.99332
140.14475
8.82612
21.27462
21.42948
31.58923
47.67434
52.18808
54.72187
56.00643
57.29144
64.17747
86.12164
101.59104
112.78661
7.10284
26.51545
32.23673
46.57450
44.01261
55.20587
57.56596
68.38798
71.07899
88.16203
89.01348
102.98580
110.42860
