4.29563
5.01059
8.35076
15.63430
17.25389
25.34082
30.37935
32.72666
40.04462
50.28422
50.51462
54.71084
61.80286
62.45257
62.56117
63.42627
65.13267
66.48929
71.10949
74.35464
76.65411
82.04103
88.87987
92.21577
1.65318
9.88522
14.65149
20.14338
26.04928
26.85658
29.43617
30.69387
36.56448
38.90283
43.93806
48.83686
53.59511
58.48151
60.20061
62.26464
67.83642
72.79579
74.37949
80.10761
80.91528
85.34866
93.36962
96.82687
3.64565
4.79857
6.72154
7.23079
14.60415
24.22356
26.83896
32.40004
33.58510
38.53144
39.14218
40.93906
44.59705
49.06832
50.08076
58.32561
64.21251
76.26668
81.80120
89.11467
93.70172
97.04041
97.98366
103.54352
6.01918
13.41287
14.33943
15.63440
16.99347
24.89331
26.36338
31.05029
37.54575
40.67051
44.95588
49.00766
50.27520
51.54078
56.39296
61.95797
64.29530
67.76016
69.95073
73.71785
77.99160
79.33656
80.98360
84.55919
7.39674
10.13489
10.56996
12.83904
13.67734
18.42976
20.36338
24.47691
26.67394
35.48778
36.39902
38.84726
42.95832
50.19467
54.71174
60.58978
62.00740
64.22739
66.84420
69.69137
73.81615
74.42273
78.18093
82.66951
1.77921
3.83620
6.46475
12.14049
16.20033
21.42744
21.81129
24.02425
29.22284
36.52290
45.11070
50.22644
52.36622
58.27932
63.82788
65.16909
69.15246
69.77293
78.48991
80.00129
83.09247
84.84944
96.35819
103.31611
10.50709
13.35396
17.64948
22.37845
23.67213
29.95484
37.47846
41.29531
43.40547
46.57286
47.73949
48.43817
50.88944
54.83939
59.73584
62.39164
69.35226
70.50899
71.79201
73.57909
78.11829
82.12490
86.34627
92.04031
5.58068
8.74179
16.73812
27.88458
34.97401
36.60725
38.49616
41.67784
45.42779
49.72793
55.39541
56.42073
58.53451
64.85649
69.96174
71.71819
72.40303
73.85483
76.43704
78.69183
80.25880
81.79786
81.70869
84.07154
6.52591
15.27447
18.26556
23.87765
27.75736
39.59373
43.96496
47.08553
49.99950
51.11808
52.91196
58.53556
61.32405
63.27485
65.10242
66.93693
68.31647
73.94253
75.65636
80.71577
84.13805
90.72720
94.75217
97.13316
5.74259
11.15391
12.17733
15.36198
18.88741
24.17483
27.18023
33.82868
37.06289
40.95955
44.10850
51.82324
53.02733
56.11015
58.14916
62.58655
63.93833
69.28487
71.92404
75.13089
77.32885
80.45138
83.59550
85.59943
6.13183
7.88270
11.07606
14.51885
15.61539
19.38905
27.77268
34.17061
34.29542
37.16301
41.42436
45.21439
47.34056
54.10207
56.70905
60.97836
62.42390
69.71533
74.62650
78.00671
79.51752
80.05648
81.43223
84.29985
2.68339
4.59518
6.80499
10.68664
15.57963
17.09368
23.40184
24.07197
32.30062
35.92581
41.12733
47.95511
49.07592
52.61220
54.34760
56.78323
64.98013
66.47268
69.66968
71.90247
75.58885
81.07507
84.12604
85.69966
3.80464
7.30970
12.71446
14.21535
18.53985
24.53764
27.44614
34.00690
35.23094
41.75173
44.64281
46.86657
49.77793
53.24157
55.51323
56.60687
60.39594
62.76902
71.40263
76.35180
78.23460
83.61426
85.79579
87.23465
7.34730
9.67971
10.66838
12.19602
14.35412
16.72025
19.97978
26.07539
35.47306
40.51077
48.77116
51.27469
57.56632
58.71504
67.65158
67.94330
70.66209
73.75883
76.57450
83.31141
88.45901
90.60268
96.43992
98.50771
2.34203
5.38635
7.18322
15.90219
22.05509
29.38199
38.57054
45.99589
51.33371
53.20483
58.32335
59.56667
61.83919
65.26711
71.56536
77.40242
78.62611
83.86703
89.76498
96.98781
102.07272
107.66652
108.58192
110.12263
7.75585
8.88830
13.76404
18.41895
21.53507
24.21315
27.14456
28.00180
30.20067
32.47482
34.00109
37.47737
49.41397
52.57967
55.78754
56.54467
58.64971
63.60729
66.18796
68.70266
69.84105
72.80498
76.76097
83.09768
4.17290
7.76718
8.19182
15.00367
19.15957
23.45827
29.16307
33.87040
39.62639
40.80164
43.65145
47.82040
49.54551
50.83268
54.82690
59.70132
65.15725
69.21029
69.17483
70.22349
73.02232
76.42143
80.24467
88.50225
2.48929
6.00895
7.98938
10.01845
11.73104
16.82174
21.37807
22.39359
27.96875
36.66036
39.14043
41.72590
51.07462
61.57015
70.76027
72.70491
75.74842
80.89895
85.25090
87.23429
96.86984
99.26228
98.68605
100.67134
1.21931
2.03188
4.17633
8.79428
10.22718
12.46921
15.63672
20.19635
22.26044
24.36662
26.84408
30.87632
34.67760
37.20577
39.53092
47.45635
54.11440
56.51650
58.97031
63.82308
66.69088
71.89484
75.07762
80.05828
3.81939
8.58653
11.37605
13.44048
17.03489
18.83303
24.03367
26.26323
28.26183
38.20828
41.22603
45.79754
48.66278
51.31079
56.78054
59.26128
66.78621
68.66090
71.32117
75.85773
81.99971
89.44606
95.50613
98.74643
3.89031
5.25658
12.58753
14.04108
15.49407
16.05279
18.83170
21.47901
28.66446
43.08992
45.26917
47.78797
56.97041
59.63682
62.62284
62.66102
67.22057
68.54855
72.19435
73.06582
75.08067
78.62630
82.47546
86.58247
3.40021
4.27189
6.44571
8.71165
10.19280
13.41893
18.59941
22.49620
24.04324
29.96969
32.72894
34.58740
39.20107
44.60845
46.68020
55.37990
60.22237
62.53648
67.21256
68.59501
72.03212
74.65419
78.26117
81.48869
6.97268
11.90193
14.89435
15.61848
21.91666
28.31174
31.36053
33.81583
35.96638
39.33034
43.05015
45.42637
48.40617
53.52427
54.50810
59.08378
64.68359
68.93187
68.98970
72.51219
78.39987
80.48026
84.75375
89.55104
3.94292
6.00734
6.88738
8.92526
10.95763
12.47212
18.35310
25.70049
29.16002
36.87855
41.18308
45.29378
46.59266
56.81180
54.72597
57.94151
65.34768
72.97139
78.12342
83.41847
87.89203
89.44722
96.96029
101.22710
2.90559
3.60120
6.57598
14.15542
17.52388
20.13779
21.75175
30.25867
32.31938
41.23685
43.43422
45.08805
45.37395
46.04871
50.69913
56.44511
57.06755
61.27161
64.63035
64.95462
67.08111
72.24081
78.33782
81.03460
3.69709
9.85695
12.13979
14.59364
17.23556
21.26380
27.06831
35.20389
40.62054
41.31708
42.56206
42.62650
44.44632
45.76139
45.19004
47.66390
58.45714
62.84016
70.59677
81.76523
85.98043
86.13239
87.02147
90.36248
2.61551
4.91069
6.70200
9.66128
13.49980
18.08214
24.54227
26.52710
35.87470
35.01927
38.22917
44.67197
51.49002
57.29835
61.01816
62.34305
64.96708
67.75564
73.59581
76.26297
80.46711
83.80338
84.98075
86.03818
1.65361
6.27085
8.95592
11.52535
17.89003
32.31562
36.43155
33.10922
35.42047
48.61915
54.39473
60.40587
62.92598
66.47246
68.93156
69.87688
71.74750
77.82799
78.30049
81.46848
84.42872
88.91031
95.08297
99.80407
2.42199
6.08968
7.78304
16.26892
21.57885
28.89756
31.74715
35.77156
38.03325
43.39486
48.50185
52.31489
52.97233
57.80892
61.49525
66.68501
70.54378
79.88540
80.69222
82.99715
89.96199
93.39384
95.90953
98.59631
5.65643
7.89023
11.07535
15.68705
16.79381
20.75858
21.66816
27.78737
33.81895
40.53465
41.78544
45.23366
53.15502
62.13771
67.95824
71.18370
76.69359
85.22990
86.14980
89.62457
92.73748
98.98711
102.19554
108.49270
3.12172
10.60158
14.18396
20.41720
27.08148
30.74180
33.99927
37.87018
44.20158
47.20543
53.42047
54.73053
59.78259
62.94376
64.44383
69.53015
73.73517
79.68673
92.20177
95.66900
102.95684
107.20677
107.66441
111.19741
3.58253
7.94353
12.58264
18.56295
24.22793
30.19579
35.91021
41.31274
46.18512
46.61417
48.13731
56.49539
58.08574
60.61062
65.62754
67.58306
69.23506
69.71176
73.93332
74.42931
76.99168
77.98724
82.10991
85.28193
2.54363
4.89065
8.63646
19.83487
22.36898
23.47563
25.70512
27.85333
33.28630
40.55537
44.42406
47.07904
49.70922
50.04748
51.54159
52.30126
54.46967
55.63783
58.51105
61.98300
61.65668
66.50431
66.74137
67.80103
2.62807
4.19858
9.19632
11.19518
16.20441
17.19293
21.83293
26.13913
30.14339
34.79162
36.30909
39.17446
41.10629
55.73167
59.02088
64.54873
67.44378
68.09697
72.50677
72.93766
75.09711
76.07423
79.15054
82.98880
4.46642
12.82004
22.57786
30.12679
39.13866
45.64433
48.20551
49.32402
52.84387
53.54972
56.64395
65.00574
66.96314
72.21405
77.40421
78.69362
79.27420
80.51310
84.70918
87.59882
92.90241
97.07410
102.01615
104.64785
1.81276
5.97453
8.60418
11.19915
17.00149
19.37749
23.04856
24.70171
26.89305
30.12505
37.30476
40.13831
45.23769
47.98379
49.78206
58.96187
62.90202
71.78167
78.25482
86.56481
88.85412
93.04432
-1.00000
-1.00000
6.44906
12.17170
12.77736
16.96374
24.22701
25.27168
32.41862
34.40231
51.47093
58.79849
61.27257
63.18239
66.30429
71.08213
78.85013
81.50788
82.98363
88.65044
89.10984
91.81213
92.79035
94.48874
94.76786
97.97323
4.27844
9.17928
11.84014
14.12156
16.46182
16.96801
21.00372
29.15630
35.64785
41.13408
42.57816
52.41212
56.49478
62.54991
68.74832
69.31760
72.80666
78.16837
81.27513
83.55008
84.22455
88.07529
90.50701
98.02140
5.76482
13.46321
20.56322
23.00559
32.15029
35.73582
40.33643
42.30715
47.07627
49.24678
53.26770
57.62415
62.23046
63.78610
68.26474
72.19373
77.85837
78.15669
84.42131
84.84584
86.14270
88.69388
93.76132
95.79085
6.72431
8.72168
10.09550
13.19467
15.93799
19.91974
24.76702
30.06480
32.84469
34.82572
39.14824
42.20725
43.53330
47.33868
50.98253
54.33755
56.86454
58.89714
63.68270
66.96641
68.91485
73.09713
74.44265
71.11790
1.98207
4.00351
7.53352
14.39549
17.67102
19.94834
24.19323
26.58336
27.58997
31.99692
35.24474
38.33941
43.51581
47.67588
49.60195
55.58450
59.91608
63.37807
64.89328
67.52304
81.28725
84.58533
89.77583
94.82799
4.50558
5.26712
11.85513
19.38937
22.59164
26.56446
29.24331
34.99593
36.68858
40.03452
40.90375
41.87320
47.51866
55.58247
59.49711
61.70290
63.31318
69.72549
72.71097
80.14251
81.02761
87.87284
91.13603
93.68733
4.07827
7.56762
14.64911
18.43447
20.15628
25.57563
29.63393
35.01146
38.24814
44.74332
50.55598
53.15355
56.33103
61.34461
64.59899
68.73966
69.47663
75.62194
82.91537
87.31136
88.33038
91.87770
93.09914
101.98933
8.63862
16.73237
28.42441
32.05769
33.26300
39.70687
43.04511
46.38508
48.71134
53.28361
54.25326
55.89597
59.21636
61.78115
62.33640
63.77797
66.79879
68.23735
69.20888
74.62638
78.14796
79.54245
87.58242
89.29179
2.79581
6.96162
13.29461
17.12837
18.47865
22.46303
26.39034
28.15999
32.28272
35.80622
41.29351
48.58565
54.01552
61.27035
69.23308
73.45139
74.72462
77.98107
78.83427
83.74483
84.81968
86.04503
87.24862
88.87961
5.06812
10.88342
14.92944
17.96232
28.93035
31.01400
31.80496
44.12113
46.16334
49.96943
51.67188
57.56043
59.53789
61.62780
69.65107
73.62206
80.75886
83.52050
85.21842
90.14827
90.58043
90.79085
93.24071
93.26150
4.07445
7.95443
14.64523
17.21618
19.01331
27.38129
27.46095
29.59539
30.66825
35.25095
37.06847
41.23253
42.00489
53.60243
57.46706
58.33672
62.42637
62.62889
69.78853
71.42252
74.04827
76.82657
81.38043
83.48579
5.80716
9.52177
14.34204
16.64854
18.10240
20.77410
24.89240
32.60455
38.26288
44.54508
47.16920
51.06380
56.63415
59.43649
61.13818
68.37879
74.02637
80.02739
86.26689
86.92650
90.94986
99.31410
102.46108
106.27024
1.92679
7.38396
8.23341
15.07431
17.02196
26.37515
35.45195
44.27998
46.15253
49.67002
56.06714
56.59909
56.84657
60.88314
64.99521
66.83718
68.40106
73.02111
77.20232
79.35767
81.69716
84.33060
86.53481
88.65114
2.78478
3.94163
15.80779
16.98521
22.25741
26.84074
32.19237
34.87586
37.21142
41.75675
47.53244
49.24263
51.80783
57.42376
59.08272
60.06592
63.45498
67.78498
73.64907
77.84898
80.68376
88.44843
91.56192
95.90197
