0.49747
9.25448
11.67284
28.21727
43.70156
52.03001
57.31076
71.86362
74.31657
89.74215
94.70508
101.16228
145.53398
147.09261
157.71115
162.47397
182.37649
12.24508
12.67024
24.32736
30.97734
32.00552
36.40350
48.59495
49.54937
61.03397
63.72024
65.96058
80.68809
86.83599
95.16972
103.26857
114.08835
125.69630
0.70704
3.41904
8.00804
25.79922
35.16340
45.89622
45.98610
51.39536
73.63529
87.45264
91.76915
98.29728
105.87254
106.93400
108.95340
134.80957
140.21776
2.20478
12.91108
23.06111
25.46111
27.22270
31.60411
32.53981
44.28046
46.76721
65.62600
71.27085
75.01967
78.00855
82.53655
89.90898
95.83060
108.89268
8.99905
12.71501
17.59194
21.53575
22.80366
27.02014
27.61131
42.21101
44.71175
49.60315
59.95306
76.54294
82.08815
82.53848
104.82648
106.29864
118.44298
2.82402
15.79655
30.63237
34.87894
39.99948
43.22308
46.70811
52.75778
55.49586
63.10740
69.48821
71.95341
82.04382
93.85572
96.25517
99.26884
105.59507
7.26539
9.10618
14.63252
20.34749
23.94610
28.24864
41.43283
64.72035
65.71719
71.38842
75.29822
76.89682
76.91130
85.00223
100.14986
101.37163
106.35881
15.01274
24.65865
39.09421
50.41695
53.15950
78.26801
86.05892
98.45610
98.58271
101.82743
120.19013
126.00582
135.31626
149.97436
152.97385
164.84965
176.00811
2.66260
16.08276
25.14208
31.76719
33.47552
37.38568
39.52243
44.09009
57.22101
65.11525
69.49363
74.07253
79.89884
90.55351
93.11534
106.30461
118.52250
1.12712
1.80428
4.20019
13.33055
35.27825
52.33271
57.21057
59.92109
66.38035
74.06135
74.80430
74.82818
84.31301
90.16503
94.32156
105.94424
107.49808
11.46595
14.72433
23.76413
27.15004
30.56573
30.97783
32.59416
41.57958
56.10857
62.93059
66.42731
68.89514
85.51178
95.21927
95.76546
115.18376
124.61931
16.51984
17.54002
19.11302
26.62081
32.18115
41.97876
82.41176
116.48512
139.33117
139.72913
139.96123
141.62355
148.41054
168.70240
172.09685
181.98138
186.42078
8.20814
13.19135
14.65293
15.68751
18.03190
21.02110
30.10448
37.23471
39.75382
52.91067
57.04360
68.04057
74.80998
75.98404
85.31982
89.49523
103.86576
8.47231
14.20105
22.29786
27.68322
32.17851
45.57813
58.82821
64.86618
81.02103
85.50805
96.14109
101.29563
112.88457
123.89309
124.10606
130.06286
133.88641
7.65780
10.95980
18.59486
24.31688
25.23985
36.24869
43.90229
45.68549
50.11499
57.64569
60.80511
65.60210
79.70265
81.73244
91.29917
98.31275
101.96602
2.59402
5.67825
13.35311
15.50450
22.63736
31.04057
31.53876
35.28302
45.21182
46.52427
48.42384
51.47337
61.70114
70.64046
75.40410
88.76693
96.73152
2.09631
3.64038
8.73007
23.63105
24.25566
32.73061
39.21413
55.59513
57.82553
63.66212
66.90329
76.31809
82.45564
94.35554
96.92559
104.46396
113.37988
6.63904
14.26467
18.67549
27.72417
54.17369
57.87362
62.27692
63.90151
65.10452
68.78285
79.42713
95.03435
99.80448
113.18912
119.61571
126.86256
132.13059
4.38954
8.26387
12.33818
30.98453
38.95499
44.99881
52.87798
54.91240
58.99813
67.39247
72.99794
85.77123
86.41648
87.85943
92.94056
96.02817
113.61514
3.70060
13.44215
32.62182
45.87997
49.15459
49.65049
55.61557
64.23670
77.92020
83.42162
86.81020
94.78252
102.19979
102.84079
105.91946
120.87045
122.84031
11.22981
11.44193
11.69733
28.64135
32.88174
47.33404
67.11935
75.22800
82.06815
86.51011
97.33085
99.18099
101.97842
102.50730
105.81568
119.19342
141.32746
1.74140
3.98504
6.49685
6.75637
7.92192
13.76811
14.26516
21.42246
28.00522
38.01667
38.05841
46.83887
48.65150
49.89056
51.32528
57.59120
58.93701
5.30394
18.34031
19.65363
28.69508
35.29278
38.36329
61.17742
64.61548
69.17491
75.51977
95.39139
96.59544
112.92910
138.77312
143.12741
152.24043
168.12005
13.75391
20.90869
29.10996
36.39586
42.32599
42.63734
47.65545
56.44641
78.59237
82.87734
87.58839
87.60989
95.55344
107.96783
117.38423
122.89218
126.04934
4.14803
7.01511
13.98645
16.23699
17.46417
25.34861
46.97248
75.64163
89.42402
94.52984
102.04288
117.24389
119.57802
121.77339
122.17571
134.95159
135.77188
9.31153
17.99177
26.14352
36.51977
40.58020
41.42341
48.95602
52.92502
62.91548
73.17281
80.64101
98.05971
103.87499
104.10436
115.33072
118.48003
123.27745
5.31635
7.22318
10.47426
12.00683
26.55314
36.74548
38.78777
40.93758
55.03227
62.55872
65.13537
65.99479
86.87145
93.25778
97.26876
105.30030
113.95459
23.91394
24.65455
36.04338
47.87954
49.81951
74.78118
80.25838
84.11135
102.97618
107.17174
107.60412
114.98207
121.60224
122.79159
126.59737
135.47787
139.08421
4.87405
14.94058
16.89554
24.86791
28.16096
29.77438
42.80546
44.73301
45.52173
59.13092
75.23742
79.94429
81.94776
94.29778
105.83165
109.11660
133.21703
2.64257
8.09076
14.68427
18.48765
26.50247
26.54321
26.81424
29.89514
37.59598
49.48214
58.41012
62.52828
72.69719
77.34077
83.69040
100.39406
105.35176
1.76602
5.11924
9.86733
22.37021
25.83122
31.30212
40.11092
48.87925
61.61680
72.25796
74.40433
75.39034
79.29109
79.87758
92.87420
105.53278
112.39177
0.18131
10.37521
14.70831
19.34437
22.11196
31.83713
35.07622
39.16676
51.32257
56.13864
62.83263
67.51874
73.66400
75.29924
84.24659
101.84880
106.41502
8.23414
19.63345
21.14180
36.60635
39.92588
40.39021
41.86964
53.55761
53.87035
65.74930
73.62818
80.27312
85.76113
91.20525
96.63652
98.62627
101.90533
3.62058
7.60305
8.31839
12.30597
14.63119
26.78391
51.43350
51.59385
55.97043
77.13409
77.81105
81.95277
83.30518
87.51859
103.98797
106.91501
113.40359
0.04995
7.80879
15.77595
21.67983
38.94849
45.94435
54.74398
57.74697
70.89817
81.10735
84.81702
91.33624
95.70840
103.34550
114.26457
116.54082
146.19893
18.01708
24.79419
47.33192
50.40802
55.18566
76.05501
86.53644
92.36570
97.33351
100.28084
109.31532
111.05665
120.24792
123.50003
128.35160
137.45446
146.76925
13.88835
22.30462
24.64205
29.86830
32.56436
43.73609
51.61748
64.14106
71.27796
73.73944
75.88757
80.56913
83.43833
105.59587
106.75006
118.73797
120.07641
13.37664
14.09539
32.59434
34.09609
38.93140
43.10491
53.61175
63.05911
64.10876
75.71882
76.56133
79.11832
81.97707
88.89801
123.75894
130.33837
155.69094
2.62297
12.84652
20.07892
22.88414
29.78457
34.28392
42.47944
59.33880
65.57809
72.89720
78.93909
97.92885
99.54847
106.08548
120.45525
129.08279
140.65758
11.56946
17.95167
24.34965
34.61450
49.43509
55.75341
65.47352
65.82218
66.10068
66.12267
68.48977
77.54624
93.25248
94.73941
100.45142
112.23055
117.53879
6.45699
23.65387
34.83699
37.27276
42.09023
47.04223
64.33009
67.45803
75.32751
78.43767
83.12925
96.04487
102.09068
105.91395
105.92348
111.59735
127.94823
12.79576
18.67602
21.17955
30.35509
45.42502
52.79681
62.38386
65.90417
68.37930
68.86684
69.44186
91.55642
95.45004
115.35765
116.07029
124.47008
132.74156
5.90951
14.13297
16.02541
26.20676
32.92484
34.32942
49.40446
49.84479
57.96842
61.96919
62.98113
63.44437
75.66319
94.50518
99.04010
105.24567
133.97865
4.36355
16.11213
16.99277
24.94778
31.39278
51.63193
52.62851
52.93129
68.67420
80.73465
82.67325
86.45375
89.65737
95.98139
97.49151
103.43635
113.06240
0.06496
2.69908
3.91069
17.87567
25.71093
33.22912
38.39926
45.55418
47.65747
55.35852
56.28412
65.30243
78.63782
86.17986
99.54076
110.73498
128.87662
1.55604
8.08311
14.67122
20.71568
21.51342
23.26716
28.70191
29.25630
34.15191
36.62721
37.98075
41.63849
46.48751
47.71782
62.34375
65.59425
68.21459
26.47027
27.12214
35.58577
38.87515
53.68694
57.15102
84.50244
85.61283
112.72956
116.08550
119.44938
130.75929
141.88691
142.95213
151.38020
161.87706
170.27687
20.56362
26.62568
32.12932
38.09856
46.06423
49.29760
54.93468
57.53544
65.06445
69.99103
72.65859
75.47522
82.84262
89.84152
98.26149
106.20639
107.01341
5.80154
6.04785
13.85020
27.57596
35.28273
40.01095
49.56139
51.97411
56.48972
56.68189
80.54994
87.64473
98.66926
99.06509
103.65436
107.04763
114.94219
2.22493
19.46657
24.26408
32.94908
37.64085
38.13540
39.88800
41.88445
56.03313
57.15813
64.18907
78.49790
79.45646
81.53183
87.52563
93.08362
100.19125
1.94326
13.13287
17.60630
25.87681
37.57515
43.93349
44.31806
54.57980
54.73888
67.83463
70.41182
70.81777
77.87619
83.79800
89.12472
95.26220
107.60594
1.73710
5.00796
19.80562
30.58832
31.31781
39.74563
45.25103
49.47877
54.12794
61.25804
70.30723
72.71819
75.40694
76.81152
76.96306
81.24571
85.50558
3.13005
8.48551
13.29775
14.24735
14.31617
16.05615
27.70273
41.26448
50.47229
62.58513
66.59897
68.48540
91.59640
110.13181
110.45428
124.78031
128.69122
2.66613
13.12016
25.86943
29.63166
38.01580
40.34801
43.83913
46.77082
72.91939
73.16001
89.49902
93.96838
97.15121
97.30783
103.45974
104.61848
118.66999
3.14331
5.38156
9.67985
12.72042
28.64574
34.92832
45.44118
55.84100
56.40771
80.06220
80.40301
82.23865
86.78014
88.52105
89.37572
102.30523
113.91941
2.73962
3.23643
14.99214
22.12557
25.53730
42.37518
44.83092
50.07408
65.67904
70.61010
74.46697
105.93630
105.98097
107.41807
118.78694
126.46709
149.02234
0.77384
17.45271
21.29415
24.92040
35.19283
46.35677
60.26796
61.53984
65.01593
80.60725
84.17182
87.99118
99.59207
103.26716
110.19813
111.83607
120.77294
5.30011
14.20550
15.42614
30.18269
33.45108
50.24461
60.84295
60.98834
62.09824
67.70236
68.84668
69.79317
98.14162
104.89800
109.14244
112.59380
121.69525
10.43939
15.10862
26.11373
39.39348
42.04570
46.27509
58.35988
62.04763
65.91729
71.85856
72.06910
74.44106
79.17106
79.91560
89.71199
107.98428
113.60288
9.22205
9.58118
18.00754
19.41418
24.46608
27.24458
27.30197
33.75919
49.31093
57.26376
64.42428
67.16557
78.12097
86.48208
87.66695
91.19447
100.03762
22.00059
26.50716
30.58885
45.33772
46.09637
52.36914
65.42880
75.04304
79.51320
81.14905
84.80803
93.42886
112.65814
113.86402
119.73817
120.40581
135.74428
2.95601
8.66488
9.34506
10.23669
24.81731
25.07871
27.44143
34.92682
49.08046
62.30175
70.31472
80.26070
92.19378
99.88302
101.25727
106.01800
118.95322
5.70973
17.43318
30.87516
33.04994
36.16981
37.39123
42.95790
54.95874
56.22472
63.75974
68.85480
81.92909
88.99616
96.93432
97.87842
103.55769
104.28664
12.27840
19.75537
19.88745
24.89028
26.70621
45.35898
60.74860
71.73332
87.52892
91.46240
91.56157
95.18140
107.20406
116.67652
130.53257
135.42049
138.49612
0.30514
10.82403
14.54048
22.03673
29.81661
45.99667
58.34030
59.14811
65.05508
71.62551
77.31292
88.79835
93.36662
111.62595
118.93886
121.55314
126.74636
22.53012
27.82988
59.12831
62.90334
66.73308
72.62338
72.75834
85.23219
90.06259
92.05584
93.10190
93.10870
95.53847
104.42338
112.02754
112.88596
117.41071
3.84756
8.80362
19.68395
22.84664
38.92797
48.53496
52.01331
57.63620
59.94615
73.20631
80.83835
94.86261
100.04463
104.57873
116.63922
127.26982
142.66008
3.53828
4.61810
5.49160
7.40776
11.91071
15.04858
19.22032
27.65417
59.66372
78.91545
82.70424
84.45895
93.14319
106.85808
113.65809
129.02012
129.38183
15.01768
15.52298
29.09086
35.78878
37.11138
42.25364
52.76504
63.94128
69.89086
77.42863
80.19556
81.08170
95.58639
98.31698
99.02650
106.21590
114.67282
1.87795
13.68149
23.51358
39.84563
42.51782
43.73863
48.45871
56.66439
60.95713
70.19041
92.36090
94.03198
99.42897
99.56402
100.79185
139.09607
146.55749
2.25330
7.89389
11.27944
13.94538
17.33473
35.62838
36.63477
55.72103
63.90889
63.99700
78.50203
81.01145
85.50128
95.45304
96.53144
97.85119
102.33260
5.02141
7.13706
14.51045
19.11433
24.76115
29.58003
31.22242
32.94700
42.10245
45.61960
59.14190
78.57223
82.72556
93.35089
102.29710
104.03764
107.47224
0.31197
1.96065
19.53555
23.83283
31.78469
35.66949
39.99786
46.51908
47.51885
50.11922
58.02215
78.91045
82.09991
92.72714
105.07986
113.72640
114.45663
7.68128
30.15853
33.00914
33.83743
35.38277
37.13543
37.74756
42.14664
42.53000
46.26587
67.64472
68.17015
84.50789
101.38455
124.13474
124.51608
136.60078
7.73819
7.84043
9.64243
15.78490
23.01823
28.40437
48.41042
59.88606
63.46830
71.35095
79.15124
80.65149
99.76138
102.78930
106.76192
111.35966
117.45068
7.84092
10.64878
11.42744
13.03160
20.72769
62.59535
63.24857
70.52456
74.99039
89.66739
93.38852
100.18262
110.73229
115.85117
137.33047
145.54749
148.79965
3.52907
8.18466
12.53900
29.35711
32.47117
36.91764
39.04703
45.63908
45.99375
47.33608
50.79391
55.09811
64.91064
75.46878
76.48105
106.60375
115.52120
35.32273
36.66449
46.45677
66.28979
72.83720
81.07777
86.22567
109.52584
110.73284
111.85680
117.16227
132.29231
140.31669
141.13081
141.40803
145.09317
162.36166
7.99501
16.64026
20.12837
26.09060
32.09177
48.74433
50.33376
58.43876
71.70032
71.83307
73.46021
73.58457
81.52717
83.98954
93.64158
98.38381
105.13902
24.21199
25.44849
43.49004
48.94668
60.24711
63.32548
75.48095
82.08638
97.03045
109.51149
109.72011
116.48700
123.91504
125.14095
126.21737
131.49195
137.91584
11.50652
19.97993
22.45867
29.39564
31.13648
34.79531
36.86843
49.98041
63.32087
63.75825
68.96731
70.12141
72.94828
81.26089
93.04028
98.46393
107.76826
16.10827
18.11096
22.18873
30.11837
35.17813
49.14585
64.25722
67.96922
81.86734
91.37404
92.44067
102.12389
103.43221
112.55198
130.25611
135.88140
146.54859
3.81289
9.85997
27.16698
33.17282
35.72495
51.16163
55.13587
58.88085
71.45140
82.05619
93.40411
96.12711
99.11977
101.60142
106.25262
107.95436
127.07816
3.43882
19.39757
22.61780
25.08069
25.83348
37.47557
44.66177
62.63706
67.47853
68.22140
69.72797
71.10158
82.28012
101.38889
107.01347
118.55237
119.57171
3.17553
8.59047
17.63983
24.35693
32.73295
39.55326
41.50112
44.10612
44.70351
52.88113
67.41277
74.76024
81.16059
86.01267
89.39748
93.72721
94.95651
2.55407
19.21630
33.27345
33.73848
39.78093
42.67860
53.06646
57.82100
67.41164
77.65553
86.92632
89.14721
99.54850
113.18572
116.66422
117.64688
120.14353
2.59835
4.22232
13.46577
13.62359
25.75412
32.92031
35.28784
40.81797
49.70417
53.30456
55.18241
56.23268
71.41796
77.74048
83.43718
92.64856
97.48860
12.88382
16.63803
29.91095
42.22191
42.27015
51.65804
86.12190
90.34760
98.07265
100.04712
105.55570
121.80324
123.86547
135.83552
154.02835
164.83944
169.05023
13.77135
16.80607
17.86959
33.54247
48.22641
55.14983
64.70796
71.37409
72.96969
74.37555
77.86299
79.78449
92.86709
92.89063
96.15708
106.15545
121.26438
18.72607
30.32656
34.81741
36.06481
42.63257
46.45320
48.44973
51.38017
55.64084
67.11538
71.32563
74.17657
81.12208
88.43963
94.48002
136.36562
139.36253
3.21511
9.04602
19.66648
23.42012
25.09273
25.47108
34.48710
42.50371
46.26059
59.95632
78.47034
82.48680
88.12761
107.43356
107.87108
111.39063
112.10297
23.01693
23.82995
27.29668
50.86897
52.73719
56.41666
85.00712
88.15573
89.59086
97.50809
104.43917
117.09260
124.28504
124.51143
126.69414
131.53669
135.11504
2.12996
6.98372
15.12590
25.08135
26.27081
46.24584
67.38920
70.83642
76.30873
79.26210
85.88746
90.27774
98.69474
100.10549
103.62631
112.28683
117.71743
10.49724
12.04736
13.87614
25.25673
26.80851
43.81703
58.16296
66.33557
71.78981
90.41771
93.98556
100.83170
101.54856
115.92017
123.72093
127.12255
136.13974
11.28513
14.57221
35.85875
37.86107
50.27778
72.93746
85.27607
89.75796
94.19512
94.55672
110.46279
131.21974
132.47932
132.88101
133.00534
138.25490
158.05720
8.59028
19.89870
32.65811
39.36403
40.60729
42.83308
49.61441
54.13703
57.03702
63.48612
71.21580
84.27954
95.45014
101.39950
102.26902
110.45156
112.85658
0.07045
1.75439
20.24390
24.80759
42.68700
59.98109
66.10695
70.46826
74.50963
76.53999
91.43247
99.51237
125.08900
137.25078
149.20893
176.96689
178.50372
7.09685
12.63079
24.75052
25.27020
29.52215
42.24455
69.79477
69.92073
77.77318
84.49526
86.00106
90.46595
94.72553
100.87639
123.06689
128.04887
131.12992
3.71326
5.55273
8.05520
20.04874
21.63791
31.56503
36.84997
52.63302
56.40323
57.64180
61.14407
70.46068
71.59428
79.15887
82.17926
94.74984
96.23373
9.94685
10.05355
15.35099
18.53359
19.02776
19.80486
26.50341
29.80055
32.63361
37.77066
42.82423
49.43924
71.61873
101.67271
112.39781
113.67924
115.96083
