0.23303
0.76842
2.65944
3.20821
4.17645
5.44019
5.71692
5.80334
7.79234
8.02354
0.00520
0.08504
0.37830
3.05719
3.17287
3.56282
3.67063
5.30952
6.54953
6.55000
0.64677
0.64862
0.77621
1.21409
2.04805
2.87309
3.36442
4.05839
4.80830
7.15421
1.15282
6.07973
8.82589
9.37584
9.85098
9.95425
10.05105
10.17407
11.49362
12.06394
0.88650
1.06022
1.12047
1.52206
1.56075
2.11415
3.19951
3.21786
3.64104
4.60056
0.64445
1.92751
3.28189
4.00602
4.39974
5.33097
6.01816
8.58603
10.54258
10.64498
0.20308
1.64333
3.69402
4.24966
4.68426
6.55776
7.05876
8.85536
-1.00000
-1.00000
3.08127
3.08137
3.40311
3.78307
4.50931
5.95750
6.51773
11.29998
12.72798
13.74005
1.15156
1.31768
2.64508
6.39751
6.60457
6.95138
7.50162
9.13952
9.89469
9.89648
1.10406
3.43064
4.67355
5.28650
5.35670
6.69273
6.69508
7.62725
9.48463
9.57836
1.10501
1.31228
1.72497
3.14273
3.38933
4.68356
7.10890
10.60008
-1.00000
-1.00000
1.74459
2.49973
2.74676
4.31148
5.45849
7.21626
8.18535
8.78684
10.07677
10.73489
0.01474
2.05475
3.23341
5.73600
6.17684
6.22851
6.95463
7.48429
7.48438
7.63585
1.19632
2.01418
2.54549
3.51724
4.30601
6.36380
7.10669
7.61452
9.77809
10.85045
2.93857
4.97364
5.14023
5.57580
8.24632
8.42969
9.15473
11.97312
13.14181
13.58618
0.65788
1.78534
1.92170
2.00133
2.43328
2.45957
2.53878
2.90501
5.35449
6.84621
0.27953
0.33379
1.18270
1.56739
3.32109
3.32510
3.36013
4.64259
8.06921
8.41585
0.65428
2.97589
3.63797
5.22028
5.62717
6.62050
7.52352
10.03723
10.05781
10.06527
0.02234
0.65236
3.09963
4.39453
5.78387
7.80772
8.43816
8.44778
10.28743
10.48890
0.54517
2.36645
4.40102
5.03617
5.31553
8.11459
9.22098
9.48294
11.33102
11.64089
1.51761
2.01973
2.07841
2.91519
3.39528
3.87611
4.33371
5.21332
5.92921
6.43258
0.60973
1.61116
2.38457
2.55996
3.02866
3.30991
4.36113
5.26460
7.36509
8.26349
0.29912
2.23980
3.47031
6.38744
6.38746
7.60669
7.61291
8.27787
9.50333
9.98102
2.55390
4.69445
7.63335
9.13135
9.47556
11.19995
11.32377
12.64807
16.02721
16.03090
0.00169
0.02533
0.97747
1.53032
2.45618
5.52596
5.85356
6.45490
7.64069
8.57432
1.00019
1.00196
3.38113
5.56281
5.98047
6.11014
7.46972
8.35221
14.17937
15.62844
1.42423
3.43181
4.34196
5.83455
8.13412
11.05367
12.28534
13.10502
14.81004
14.89106
1.61590
1.94704
3.86648
4.74178
-1.00000
-1.00000
-1.00000
-1.00000
-1.00000
-1.00000
1.67846
3.24613
3.68226
3.68232
4.76914
6.24333
8.43743
8.45298
8.48179
11.06877
0.52233
2.67478
3.34519
3.48877
5.52973
5.53680
8.41930
10.20204
10.32472
12.49370
0.44137
1.50178
1.96546
2.15634
2.20704
3.92222
6.59319
12.29611
16.23863
19.47061
3.34442
5.14932
5.15803
5.20324
5.55421
7.70040
8.34303
9.42815
9.54889
9.92837
1.73549
5.36396
5.40725
5.42769
6.25202
6.72369
7.62682
7.94354
10.71762
11.10460
2.55934
2.86277
4.23866
5.17935
6.19732
7.00929
7.47393
8.02681
8.93332
10.40808
0.28948
0.69170
3.59457
3.95474
4.89481
4.89503
5.63932
7.31988
7.61405
8.23755
1.99420
2.32165
2.48553
5.28856
5.66260
9.59827
9.67462
10.03590
10.04317
11.50865
1.42481
4.01753
4.06901
4.47717
4.51011
8.28212
11.99415
12.61709
-1.00000
-1.00000
0.54197
1.69518
3.09388
3.33703
3.53879
3.61918
4.23459
4.44003
6.29382
8.19339
0.16319
0.61357
1.18649
1.56506
2.14300
3.69182
4.01533
5.28145
6.15276
6.54478
1.76972
3.17614
6.21796
6.48607
7.28769
8.17214
10.24848
10.93787
11.34649
13.12826
1.28429
1.81375
2.29719
6.32520
6.94641
8.23337
8.24361
8.37836
8.59869
9.59317
3.53689
4.05633
6.42025
6.42918
7.89570
9.26137
9.82228
10.37837
11.79241
12.30372
1.94733
3.33721
3.67172
3.91944
4.95021
5.03649
5.69545
6.79423
7.66146
9.18950
1.08714
1.51489
2.00798
3.15920
3.72782
4.75916
-1.00000
-1.00000
-1.00000
-1.00000
1.95480
3.38930
3.67258
4.44495
5.99680
7.25810
7.96004
8.31644
9.75862
10.46985
0.24130
1.02894
2.01696
2.44334
5.21008
7.20380
-1.00000
-1.00000
-1.00000
-1.00000
0.00183
1.99074
2.70092
3.73813
5.07464
7.09596
7.18883
8.39324
9.21716
9.48199
1.49473
2.45153
3.74431
5.09181
5.45023
6.02199
6.84710
9.25746
9.34395
9.34498
0.24460
1.52488
1.61323
1.88454
2.86299
2.89195
3.42806
5.01741
7.35615
8.95726
0.93279
1.48958
2.41340
2.81847
2.82019
2.83927
2.86940
3.90004
6.54520
6.95852
0.55295
1.70284
3.89705
4.70894
5.78820
7.00189
7.40196
8.36502
8.55126
8.86811
0.13807
0.54570
0.90399
1.70206
2.61567
5.45408
6.14610
6.17759
6.80962
6.85062
1.90231
4.55136
6.74924
7.84197
10.81585
11.03303
11.56637
11.73872
12.79915
12.80662
1.36257
2.58180
2.86960
3.57527
3.73098
3.90029
4.37062
6.58223
7.50837
9.29403
2.78002
4.25806
6.33187
6.76541
8.57679
9.32869
9.98413
12.41210
13.75594
14.03864
2.53024
3.16715
3.17275
3.94054
4.94645
5.16286
6.40768
6.94419
7.04799
7.87429
0.81385
2.98997
3.13894
3.45047
6.45848
7.45909
9.26125
10.47181
11.78635
12.20471
0.32436
0.42055
0.44647
0.66256
0.82915
0.90459
1.03001
3.32764
4.68783
6.17445
1.68229
3.97098
4.18791
7.79221
8.56191
13.72996
14.92085
16.31676
17.94392
18.13738
0.82474
3.96460
5.32589
6.05387
6.90169
6.94738
8.46777
10.97551
11.57371
11.67821
0.74370
1.54052
1.84052
3.73375
5.08229
5.89748
9.15415
10.46396
11.05638
14.83823
1.42858
1.62566
1.77918
3.18552
3.21959
4.79778
5.45644
6.18318
6.22726
8.74109
0.22931
1.67107
3.30989
5.98281
8.00485
8.86113
9.52184
10.59813
10.81167
11.74349
3.12726
3.19498
4.52627
6.02528
6.09462
8.66673
9.36675
10.93526
11.46998
12.07094
0.00003
6.08088
7.51144
7.81981
7.93582
7.94659
8.74904
10.03383
11.32397
11.51843
0.45286
0.80956
3.11675
3.66377
4.29685
5.64717
5.90668
5.92100
6.91044
10.20551
1.01345
2.39065
2.43623
2.72932
4.12684
6.72312
9.95219
10.47465
11.03462
11.75094
0.87381
1.25721
1.47912
2.40029
3.05000
4.63961
6.63440
6.98602
7.80196
8.21301
1.46213
2.02157
2.36998
2.54960
2.79815
3.24439
4.98531
6.18364
6.67988
10.04045
0.30006
0.39429
3.65677
6.54452
7.05738
7.52740
7.91010
9.36212
11.27927
13.66088
3.20264
5.28545
5.73403
6.28104
7.74889
7.84967
7.96715
8.01678
8.20428
9.96810
0.44880
0.89418
1.58121
1.76293
2.20841
3.58160
6.74930
8.90987
9.28271
9.50065
0.65123
0.87864
2.46617
3.00381
3.23822
3.29370
3.69709
5.04943
5.52532
6.84280
0.00887
1.43099
1.82434
2.62800
3.84252
4.79370
4.79719
5.37724
7.63759
9.46315
0.47618
3.37778
3.63356
5.02077
5.28176
6.18934
7.39381
8.68862
9.41895
11.31026
0.17911
0.42462
0.58889
2.80079
5.13153
5.61609
6.94642
7.41484
8.45347
11.05656
0.62453
1.38594
2.45664
3.71030
4.09046
6.60340
6.61439
8.23247
8.45294
8.70586
2.94509
3.29379
4.64685
7.08332
7.35624
8.37598
8.43584
8.57137
8.68518
8.92223
1.28409
2.22956
2.93976
3.00009
3.61422
3.92994
4.01798
4.37615
5.91794
-1.00000
2.46588
3.94453
5.24332
5.26177
7.14724
8.42268
8.79033
9.13562
11.43145
11.92145
1.30375
1.32427
1.98735
2.35209
3.95824
4.67359
5.45648
7.98579
8.46546
9.15157
0.56248
1.52112
1.54486
1.85135
2.16278
2.65064
5.91325
6.47502
8.45470
-1.00000
1.63942
3.41521
3.48809
6.05399
6.25150
-1.00000
-1.00000
-1.00000
-1.00000
-1.00000
1.56552
2.66114
4.69598
6.63728
6.67181
6.82371
10.94400
13.99559
14.62294
16.59459
0.48615
0.63156
1.36679
1.80013
2.41803
4.89490
5.58954
6.23354
6.88466
9.71687
0.12335
0.77719
1.77973
3.52732
4.45815
4.75105
6.52825
6.63120
8.88005
8.90789
1.16452
5.15623
5.63476
7.32802
-1.00000
-1.00000
-1.00000
-1.00000
-1.00000
-1.00000
0.71609
4.56598
5.35987
7.28313
7.48677
8.43604
9.15585
9.18703
9.22595
11.84902
3.17106
3.29988
6.55072
6.94192
8.64628
10.59399
10.71982
14.53876
15.92385
19.01878
0.64580
3.17588
4.37087
5.18768
5.68303
6.00226
6.16273
6.59686
7.21717
8.93838
2.14243
4.23566
7.20260
9.95363
10.36012
10.67854
12.27111
12.58310
13.92955
14.24714
0.49521
0.61518
1.20508
5.47424
6.00810
6.04077
6.05235
8.08619
8.19143
8.59541
0.72351
0.99009
2.00001
3.32890
3.51250
4.03148
5.83895
8.29357
8.32025
11.23412
1.45039
1.92965
2.74547
3.34706
5.86962
5.96085
8.48560
8.49986
8.79240
8.98485
0.56648
1.26802
1.85989
2.51631
3.70104
6.66057
-1.00000
-1.00000
-1.00000
-1.00000
1.57148
3.37107
3.38120
4.46272
6.06979
6.61397
6.98647
9.25123
10.16342
11.12777
0.35650
1.03953
2.48487
2.97078
3.26865
3.82141
4.07593
6.63509
8.69925
9.07151
0.24462
1.22143
2.26266
2.87390
3.79206
4.15034
4.68651
7.36546
9.85310
10.99811
2.13386
3.94418
4.49505
4.77623
5.38544
6.34205
7.71020
7.97930
8.31355
10.33390
0.95188
2.45800
2.94090
3.44499
6.30888
8.19245
10.46573
10.48606
11.18591
11.39690
