2.24911
5.37858
22.15088
33.46189
38.06342
57.88648
63.56398
76.01169
80.73194
85.42219
88.93230
99.78991
99.18660
6.42879
18.39791
28.94011
40.66083
48.09206
58.32549
63.14742
63.03512
67.76335
72.75076
77.15901
77.31911
105.58685
14.15455
33.00713
39.09405
56.52596
68.27539
74.72542
91.35535
99.48690
101.58335
122.08367
124.09961
125.04697
130.92157
3.52514
12.80211
15.80580
19.73443
22.58613
41.53277
49.67012
52.36760
70.46364
89.70022
96.21828
100.03327
109.53782
1.58397
11.21297
17.77001
28.76422
35.43023
45.67087
59.08971
65.45347
71.70916
75.35172
101.50642
120.41935
123.64279
4.94712
8.01977
18.01926
20.30935
31.07747
36.87069
56.92669
68.80269
71.40126
93.41994
115.44726
127.82558
140.30953
16.97542
21.25135
31.36085
35.17564
38.62547
39.24492
50.39992
58.99083
75.80661
78.07807
84.80738
89.25860
107.64538
3.16521
27.83163
30.35000
48.20155
55.42406
55.69255
74.58447
76.22149
80.41720
81.13581
85.01035
85.39557
102.07682
11.13446
27.65824
47.24110
53.23695
53.18564
56.09240
61.09477
69.51103
73.57919
77.66091
80.91210
89.82522
98.06827
8.40918
31.86696
35.07252
44.25740
47.65313
66.03193
72.52884
83.89925
85.57264
102.97012
116.74823
124.90340
128.37889
6.74644
19.21081
23.97513
33.68456
41.37223
54.96090
77.14388
85.64037
88.50690
98.32956
106.75231
106.75244
111.00084
2.49908
10.63686
19.35313
29.18423
32.15951
46.78085
49.86292
53.61802
69.05939
78.24731
90.90414
102.21829
104.59556
6.12163
6.77396
10.24039
21.63632
27.88362
33.33866
43.55193
44.09169
67.58131
77.98698
81.33319
89.96518
108.04064
13.85075
37.78115
41.59264
46.72267
47.59140
54.86626
77.20383
80.11672
91.25853
98.65611
101.75702
128.43841
142.21091
3.23414
5.04691
14.30545
21.26675
30.27532
38.39263
42.41509
54.64031
65.07181
88.40484
98.48022
106.09210
114.03359
19.70237
29.57481
37.28878
53.75895
71.38810
81.35972
82.37679
84.20732
86.12418
89.84329
96.33099
103.19930
103.25639
23.99180
31.86892
40.50489
54.22108
77.04622
79.97370
93.65959
104.55016
112.98632
116.17947
122.62826
152.41964
159.15114
7.65138
9.02663
10.58017
16.17456
31.86295
36.87253
40.89802
61.30481
72.34730
77.47382
87.26363
89.94045
102.12979
9.54891
16.19584
21.56641
66.02519
80.88148
86.42762
96.80212
101.64772
108.86600
118.99642
133.56588
136.90768
138.86825
10.97550
23.61027
26.97972
33.01120
42.45976
49.10842
58.32384
69.13670
76.86906
83.31724
84.55664
96.54245
109.95875
12.45757
23.05924
33.35912
48.21925
57.06523
60.84280
66.89942
87.31489
88.47004
102.64804
107.56558
109.38585
115.62620
14.32806
35.53326
47.65594
64.04383
67.39387
91.40566
107.42243
116.84715
117.78527
120.26584
129.27773
132.91299
134.33258
10.75979
17.43784
27.99138
28.28828
32.15449
41.33518
50.59985
58.68736
64.14602
64.39544
71.12162
82.13831
88.13355
6.67239
17.39325
24.74442
42.70370
52.50122
56.69189
63.60841
74.66531
88.53242
89.23809
96.11861
96.12376
100.78549
8.39118
13.05795
17.56750
17.99784
26.81476
33.29141
61.25902
67.04183
74.67598
91.74500
103.76524
107.64482
115.47876
25.11147
26.51446
32.00591
46.98333
56.68622
84.36846
88.64468
90.21764
94.05668
96.88512
107.09143
107.21301
114.85633
18.65071
22.83466
34.65669
42.03554
45.29234
48.17406
58.06130
60.73825
70.33803
74.94082
79.42319
89.98126
103.37824
12.57641
24.46930
25.61643
35.66424
50.61156
57.23984
82.35128
83.75156
97.26490
103.94663
112.40656
117.25102
118.74640
1.55603
4.73869
10.81452
15.46722
23.18948
35.23609
41.63851
63.04798
65.55374
79.54881
106.40278
106.72337
118.71924
3.75911
8.45345
27.78458
32.49117
46.11939
48.13466
52.75434
54.40005
54.72191
65.32843
86.30734
88.05922
88.06393
16.20880
19.97512
46.75635
60.28461
72.10946
80.32259
84.48785
86.13443
108.72275
109.44990
118.31744
126.60218
137.66079
11.27335
11.83585
28.94953
39.73461
56.27691
68.21387
85.49657
89.79910
92.48983
105.23027
126.05866
138.17408
146.53691
4.62211
16.19442
23.61391
38.92325
45.19037
45.63823
47.93645
55.15935
61.73755
62.65703
66.31189
77.36417
94.97739
2.14047
8.61147
12.86638
18.26074
26.05429
31.89625
40.44968
46.35834
55.74806
64.04735
70.29661
76.37185
82.47586
3.27353
14.08894
15.78395
26.21700
27.44133
40.33650
50.40603
58.80363
60.61519
66.17501
74.91621
76.71251
91.62310
12.06905
17.90684
24.34215
36.48666
46.23988
56.45051
74.30700
90.21301
90.21797
103.70164
112.40195
120.37425
135.29167
2.08173
19.48809
23.40108
33.76716
47.03060
57.51477
64.95584
79.37214
79.38067
90.90245
99.31688
101.69070
104.47002
9.25659
14.40244
17.37671
19.51009
31.04328
42.22961
53.22732
59.28068
64.38220
71.69951
76.98974
87.36500
87.15790
1.01409
4.81211
18.41792
25.49116
28.31101
37.55730
42.31222
47.86352
54.86246
72.70374
84.80758
93.70551
102.00741
25.75716
31.07694
41.13759
43.12702
44.79241
55.37302
57.76004
66.66702
68.32636
75.83641
81.34655
88.78275
107.02915
14.53172
23.56879
28.81248
42.10711
54.96812
56.14229
67.60443
70.37705
73.03981
82.32434
87.67637
89.70740
92.40981
17.29246
20.57668
32.26919
52.82293
53.35369
58.56633
88.40520
99.45038
110.12680
113.72532
115.10328
132.09644
134.57605
1.00373
3.37731
9.62404
12.52216
19.91086
20.87393
42.82258
63.40612
65.43801
67.51063
76.89269
94.49899
94.20715
8.51987
14.46270
20.25135
21.31442
30.99565
57.47773
70.84130
74.97373
74.98985
77.01397
83.28725
109.23249
117.99478
0.55274
11.68082
13.42888
22.50494
23.12903
31.52523
44.87338
48.14515
59.12158
70.99489
75.83193
81.35486
98.65928
4.09568
11.28740
12.09599
21.10736
42.21098
53.85207
53.85576
63.69928
67.93504
81.36149
109.54872
133.42490
134.23626
4.21583
7.92143
10.79164
17.66011
23.24776
40.94775
61.98389
63.85074
71.38521
71.32100
80.69903
82.70562
86.05512
5.16462
12.90149
18.36711
30.64024
42.54711
48.27525
56.20609
63.45171
80.78451
86.10445
86.73538
96.42424
100.82394
3.07219
8.09705
13.63096
19.60913
21.15875
30.09939
31.77277
32.68844
37.74204
41.04157
53.56507
71.64172
69.77023
7.16823
8.16819
22.11928
31.48851
35.06851
41.37794
44.24822
49.63574
63.02213
66.05495
70.70581
73.30445
88.33447
5.28449
13.38714
19.53341
22.75778
25.46209
32.39457
33.62319
39.24625
49.07427
49.43941
51.86367
68.54613
77.78722
6.54457
28.47075
51.19459
53.51910
79.31444
86.45018
89.82212
105.33641
105.93223
107.37611
108.12331
114.24224
117.45180
16.46143
26.92338
35.05455
49.14534
53.62805
58.25153
81.81268
90.12361
91.64314
99.31759
100.59853
102.25431
115.35887
4.11115
13.36412
14.66603
28.24196
43.82520
55.74753
56.68705
66.62439
79.20004
86.46375
98.95530
102.23987
103.01041
15.80234
24.99053
27.69988
35.30959
63.77318
67.73870
69.90660
85.32962
84.54164
96.56337
101.65285
118.20682
120.88974
2.83138
13.10701
24.50716
26.49009
40.51299
48.05934
49.14964
53.04538
54.39525
81.26777
105.76654
108.49485
114.42875
8.88695
12.93881
21.77731
42.35692
47.23002
51.59260
64.63385
65.86910
69.10466
83.77119
91.00657
98.82301
113.35494
7.48727
11.07906
25.95724
34.28053
46.95302
53.42023
53.81408
61.65346
80.13572
93.88485
102.77589
132.10217
138.91611
3.49745
13.72295
21.32435
24.76251
25.53532
30.55018
42.77480
52.28634
54.42939
59.63786
66.25526
73.78830
76.05313
10.44861
18.75723
21.84519
26.81708
46.30322
52.96642
69.75124
71.08513
76.24222
79.22571
89.48230
104.52736
119.06513
14.16863
22.51148
44.11058
54.18608
67.12808
85.20679
111.35907
123.13913
130.21629
130.60989
131.74495
132.38987
140.36066
10.82451
13.95808
21.44333
26.75585
32.30185
41.86362
45.95778
52.46406
59.95173
64.71442
71.90869
75.41259
79.79284
15.99885
19.81975
31.71223
34.47232
42.88589
58.38254
75.58318
82.39867
85.91605
97.95381
110.23428
111.40307
118.68684
24.09759
26.27402
36.98069
61.61390
75.73385
77.01174
83.85174
90.67523
98.28114
108.01763
109.34180
113.95101
119.51438
14.47744
30.95614
54.97700
67.87204
74.45374
91.86584
92.35269
105.47356
110.74486
110.86911
112.76030
117.18716
122.62381
2.34966
5.95055
25.93151
33.82978
60.25915
69.35505
74.70720
79.09486
87.88096
101.98470
105.81447
105.83797
110.61661
28.84064
50.06021
53.14683
53.41820
55.99144
66.72137
73.15138
78.18822
81.49810
84.49975
111.93332
126.60478
124.15499
9.02639
16.03369
17.09753
23.25205
47.48799
52.02335
64.68968
66.90423
82.90945
84.61402
89.42506
94.61692
98.08957
10.99901
28.11804
30.22705
38.18301
43.11125
53.94122
56.91131
61.63098
70.49218
70.94214
78.32738
79.66425
81.25296
3.30032
10.58657
40.54288
49.83660
52.13205
58.44024
78.85636
81.83901
96.26179
98.76198
103.19759
119.71838
123.79475
6.06670
16.79457
26.65566
43.34018
52.35585
64.51552
77.68884
91.52452
103.07327
112.13674
123.89484
131.24380
137.41382
10.88936
18.64953
22.64559
28.91281
39.25192
46.06808
57.28519
67.42376
77.33159
108.65716
116.79708
119.61542
120.83190
20.38364
24.05772
28.00908
25.64466
38.86701
39.96351
42.54928
61.71940
65.82137
66.32749
71.76975
80.10464
85.06631
14.18220
14.15452
32.07838
33.95722
44.14620
46.03774
69.56804
82.22724
82.59966
91.87513
98.20204
101.69309
111.81358
13.96783
29.17854
39.14788
41.72667
52.40369
59.39542
63.49549
94.31017
115.56405
119.68274
120.36229
124.55553
125.97115
1.59035
1.72968
15.86166
31.76515
33.94004
40.85066
43.79024
52.12212
63.94272
64.01780
67.99342
69.02014
71.31883
6.51237
18.22420
29.38228
32.97290
54.65599
67.90583
71.22059
86.26029
88.65725
90.69884
97.76409
100.74569
103.60169
14.97862
23.07385
30.20073
40.17359
49.34702
58.71249
72.06854
77.28338
88.35906
101.07133
111.71716
111.59274
126.05589
6.67345
7.82105
26.21431
36.70988
45.30131
66.52355
74.59512
95.31119
98.75580
110.99393
119.62160
132.72658
137.08441
4.50336
5.58118
9.11808
15.27878
20.32843
27.90872
32.88382
33.61298
43.96485
53.17989
69.41111
75.88068
87.06674
6.56735
12.32699
20.98944
24.40153
40.88072
44.53816
48.81906
57.57217
65.02605
68.97610
69.38375
82.14674
90.43107
1.91368
13.72204
33.39756
42.27348
45.00558
46.48332
61.91438
67.20486
71.18906
79.20394
84.75849
95.98250
100.78315
0.76207
9.18541
15.28388
24.10780
28.65178
44.93910
46.40271
52.25155
68.15622
79.67997
80.80540
81.69437
81.69677
6.45019
10.33300
12.16940
19.83759
23.75276
46.16406
48.79642
51.57788
56.19770
63.89158
83.25998
109.68461
112.59961
7.61017
31.71312
39.94575
57.03361
61.43831
64.24277
81.56095
81.31624
90.95432
100.75213
104.84203
110.14429
129.53586
2.65414
10.29532
33.15587
47.80970
60.88122
69.11253
74.62843
83.87693
90.74736
94.89824
103.19226
107.93107
126.41440
3.65598
17.55892
20.36984
27.39678
27.41079
48.85584
57.17922
61.97936
65.05268
72.37647
75.49525
93.31869
101.91540
2.32423
11.36218
28.43519
46.02313
53.98129
57.67947
66.37860
72.25519
76.26866
85.23243
100.57938
103.46272
112.91921
1.52616
20.67058
23.93200
42.82032
45.48641
57.92414
74.45589
77.50957
82.16536
86.72610
89.14330
94.34450
108.14073
3.03098
17.87423
23.48519
28.82723
33.17689
37.83734
44.97013
63.19682
88.87245
90.43095
106.05764
113.20064
131.65995
4.25256
20.26966
29.09818
35.31587
38.07247
44.84542
51.22514
52.70650
56.60877
56.86457
57.97000
66.78305
66.15005
30.84641
33.01865
42.53072
62.72697
62.49129
64.78675
82.47342
95.19109
107.25227
114.72403
119.86209
120.13533
121.30429
5.56397
10.23433
22.35645
33.94177
37.43258
49.03812
57.85680
64.35733
76.46954
94.29817
109.00673
111.14841
128.12330
10.54093
30.02712
34.05535
35.83893
41.06084
71.52343
76.76369
85.31842
94.75433
107.23667
117.84844
126.12499
130.53645
2.94164
5.17837
13.91034
24.92066
34.37693
53.99089
61.05481
76.11269
86.88913
89.32133
113.04227
120.39004
124.68259
1.70979
4.77091
12.05532
14.46690
16.68374
26.67119
39.09673
59.67116
73.89511
81.98786
87.67983
88.16257
93.80064
11.21550
20.79672
34.60719
47.12500
49.97288
56.84357
70.10513
70.65572
72.34716
100.82284
106.53130
109.28293
114.27767
26.13115
27.35717
32.55383
34.15025
39.34828
55.36799
60.97763
74.62208
84.85897
94.62541
101.26746
117.96908
124.59453
6.83391
14.97530
19.73537
27.26801
37.40709
39.92585
58.13340
66.86165
85.54014
85.98552
93.28097
98.87674
119.45438
4.08054
19.89728
32.96097
48.39095
51.10740
61.65305
65.70727
70.04204
70.80544
72.46930
75.49521
76.77212
82.20455
