1.18867
6.61340
10.54836
14.21884
22.84383
27.49481
29.05797
29.13643
29.33134
29.63927
30.06889
30.43804
30.69817
30.88456
31.10113
31.58782
31.77596
31.88715
31.98857
32.39302
32.86034
32.94334
33.50762
33.71533
3.15233
4.20352
8.58762
15.53822
26.68906
27.51666
36.69708
36.82346
37.00261
37.16260
37.33260
37.74199
38.15299
38.44982
38.46449
38.63530
38.93838
39.10309
39.34823
39.69460
40.13845
40.31283
40.59502
40.89418
1.42533
9.08435
10.63136
15.32683
22.17721
22.61820
25.64932
25.71660
25.83704
26.35244
26.42755
26.56740
26.77643
26.95623
27.25309
27.52823
27.72135
27.89845
28.11445
28.27221
28.41727
28.42146
28.61613
28.83018
8.81554
19.88549
20.91226
23.02935
27.23858
43.36818
44.46910
44.79576
45.08150
45.21399
45.25110
45.45801
45.60741
45.68868
45.92001
45.97307
46.10264
46.14183
46.31175
46.49500
46.68815
46.74564
46.89958
47.52671
2.66719
17.32807
24.09642
26.39681
30.43731
32.31623
47.18518
47.42583
47.44520
47.56166
47.68783
47.71897
47.87588
48.05599
48.08672
48.25375
48.28666
48.42641
48.53589
48.95190
49.12454
49.23278
49.58939
49.78303
6.16485
7.24332
9.59622
12.38682
17.87654
17.99584
25.78658
26.12774
26.12774
26.26134
26.53441
26.69202
26.78812
26.99328
27.34980
27.38234
27.81966
27.95609
28.40302
28.50713
28.50890
28.97404
29.04021
29.07211
0.07407
3.88861
13.42482
17.02038
19.52172
34.04108
41.66831
41.97516
42.12376
42.25564
42.43032
42.43187
42.45871
42.54680
42.61362
42.76959
42.97993
43.31039
43.35855
43.39446
43.65316
43.85514
44.08050
44.59076
3.38238
3.59448
5.80780
7.78915
11.60453
16.05213
24.79392
24.84076
25.25755
25.47589
25.61514
25.62688
25.70013
25.99709
26.37506
26.50050
26.62631
26.80593
27.18735
27.47975
27.59116
27.69442
27.87573
27.89061
2.89603
9.30536
22.74141
25.24647
28.13862
29.61871
40.24015
40.35502
40.67858
40.83452
40.98796
41.62734
42.05932
42.10583
42.65798
42.83416
42.95556
42.98412
43.14709
43.32673
43.57763
43.87148
44.05023
44.22527
8.58083
11.22130
24.66000
26.83155
28.91175
31.64308
35.67983
36.05445
36.38366
36.39078
36.47002
36.86449
37.16248
37.16251
37.35720
37.59020
37.72114
37.73945
37.89953
38.28187
38.53349
38.55664
38.65546
39.34581
3.02070
4.73208
7.09153
10.83468
18.86873
43.47676
43.80605
43.93366
44.15303
44.24221
44.30932
44.41318
44.50357
44.82664
44.95721
45.15420
45.44993
45.61625
45.67288
45.83581
45.92439
46.01787
46.91744
47.15207
1.43835
4.17380
5.62997
7.56540
15.26471
23.41153
36.96689
37.13419
37.26090
37.44689
37.61996
37.66039
37.93529
38.33721
38.51013
38.66004
38.83613
38.92541
39.00297
39.10400
39.53543
39.54843
39.69026
40.00375
13.77487
15.97221
25.36278
26.25843
26.56680
30.04179
41.17558
41.56195
41.96679
42.08484
42.38991
42.66914
42.97471
43.09782
43.41942
43.95538
44.13178
44.24144
44.26850
44.28247
44.37068
44.69986
45.00971
45.03484
7.86603
9.09993
12.56563
21.77966
32.41139
33.74960
45.07694
45.30561
45.70275
46.18653
46.49075
46.55232
46.58873
46.70490
46.79428
46.95628
46.98296
47.15843
47.38697
47.51943
47.64136
47.66412
47.90587
48.12790
7.87112
17.90695
20.44973
25.50528
32.50342
34.86714
38.85357
38.93196
39.10797
39.32704
39.73058
39.76128
39.86559
40.03900
40.15858
40.41150
40.85308
41.07433
41.29502
41.34109
41.85577
42.16784
42.22239
42.29112
5.68693
9.41786
10.07048
16.13440
21.42943
23.62618
25.65642
26.09938
26.37831
26.62847
26.85928
26.98400
27.06949
27.36747
27.80474
27.92096
27.97096
28.22613
28.31494
28.54777
28.68849
28.76221
28.78767
29.13027
30.78247
32.78868
36.88319
51.64782
55.43218
55.91573
59.99175
59.99318
60.33806
60.34658
60.53077
61.17005
61.43421
61.74406
62.11387
62.60682
62.81472
63.35772
63.51710
63.63373
63.96692
64.54650
64.64650
64.71526
4.01763
5.65040
7.42919
11.41083
12.43199
15.23685
25.67018
25.83315
26.11454
26.24198
26.27401
26.43617
26.54509
26.63780
27.21452
27.43860
27.57739
27.78645
27.86568
28.05729
28.56805
28.64962
28.93871
29.10029
6.13395
7.78144
8.38027
10.69241
17.71014
27.42431
34.79574
35.25235
35.26906
35.64275
35.83298
35.96895
36.17954
36.44827
36.51363
36.54169
36.67026
36.97239
37.38749
37.62601
37.71306
37.96185
38.23651
38.28101
4.85799
8.30139
9.60916
15.13230
23.55300
29.32434
37.22307
37.32418
37.37802
37.55806
37.89408
38.01971
38.02443
38.10547
38.31790
38.33356
38.41654
38.83871
39.08144
39.17742
39.32922
39.54626
39.73207
40.07888
4.53747
4.80943
9.09917
9.53295
16.03059
19.99313
24.26639
24.41204
24.64565
24.76270
24.89468
25.04922
25.34780
25.43880
25.80322
25.83963
26.14126
26.17784
26.37805
26.67455
26.84183
27.10060
27.10478
27.27407
5.58832
10.68201
20.28046
33.89074
39.35889
46.96043
49.80706
49.89628
50.06032
50.19178
50.33358
50.51142
50.63486
50.95816
51.08645
51.25805
51.65669
51.85756
52.01826
52.11026
52.40941
52.78503
52.81163
53.02483
0.87404
5.76855
15.27685
18.77804
25.75486
28.86641
44.34699
44.72973
44.95764
45.01122
45.01175
45.17214
45.26274
45.36992
45.52395
45.83328
45.85188
46.25682
46.31335
46.44594
46.53214
46.80747
46.89184
46.89213
3.12315
8.26690
11.45999
18.84687
21.96048
23.02099
26.46868
26.86464
27.00099
27.14631
27.20553
27.53855
27.56870
27.64845
27.66213
27.79196
28.08872
28.28231
28.32408
28.40026
29.08264
29.39456
29.47794
29.68357
8.32865
12.25332
20.01384
22.11848
24.65368
29.99991
37.97338
38.49541
38.58758
38.69131
38.70937
38.88708
38.96717
39.06728
39.33453
39.41618
39.66967
39.78212
39.91323
39.96520
40.61695
40.98332
41.01751
41.09095
5.85053
8.73169
10.34074
15.33086
24.91055
26.13722
28.69644
29.08050
29.19117
29.63455
29.71245
29.87120
29.91232
30.38861
30.49193
30.62453
30.82950
30.83921
31.20309
31.42796
31.83392
32.01240
32.04260
32.27575
7.56463
7.76315
9.43253
14.89680
18.41177
19.44539
24.90688
24.94501
25.11624
25.47793
25.75882
25.81937
25.94177
26.00826
26.01582
26.34010
26.63292
26.97754
27.03817
27.51692
27.66185
27.81458
28.20912
28.31626
3.15101
6.88755
16.36193
20.31498
39.33495
47.03053
53.02158
53.23847
53.31111
53.43073
53.86593
54.08794
54.20196
54.64083
54.86472
54.93973
55.02270
55.29451
55.42473
55.46172
55.67417
55.71623
56.03188
56.29323
3.67355
15.64029
18.77682
20.08670
26.84992
29.41898
30.29851
30.34196
30.47271
30.50850
30.53927
30.60501
30.70729
30.73157
30.99519
31.21095
31.36619
31.43482
31.51564
31.83439
31.97900
32.08644
32.44006
32.54863
3.40997
5.70475
6.51208
22.30477
25.20809
31.72086
40.42351
40.52013
40.56950
40.82004
40.92363
41.06441
41.29865
41.59890
41.80999
41.89048
42.15095
42.37704
42.76609
42.99278
43.10272
43.32410
43.64675
43.77879
6.00328
8.77370
10.58982
12.62122
16.19240
19.12828
19.13546
19.36117
19.36713
19.61728
19.90120
19.94031
20.09857
20.33888
21.46459
21.68697
21.87339
21.91228
22.16141
22.17979
22.30701
22.37020
22.67399
22.80591
0.76304
12.46576
16.23037
25.25925
31.04314
35.72329
40.69013
40.85180
40.98948
41.03023
41.44865
41.51071
41.70297
41.85381
42.07005
42.10979
42.27515
42.40865
42.63097
42.80500
43.16372
43.35207
43.52421
43.71749
5.92474
19.87801
22.75997
31.87402
36.72414
41.74671
42.52444
42.55839
42.68131
42.99888
43.07071
43.25276
43.27899
43.28886
43.46732
43.48532
43.69561
43.93139
44.18218
44.51870
44.56649
44.62460
44.86740
45.03205
2.79702
6.24508
8.26150
15.55522
18.40842
21.11517
21.57480
21.85104
21.93091
22.33836
22.44242
22.51871
22.59672
22.59801
23.12629
23.54598
23.99308
24.21948
24.29747
24.36684
24.45951
24.73968
24.89218
25.28742
22.11665
26.77256
29.43085
36.74342
38.93454
51.33461
60.33575
60.46507
60.54153
60.63063
61.14618
61.29139
61.56267
61.68648
61.71407
61.74723
61.92490
62.26956
62.42110
62.65100
62.79779
63.14150
63.25684
63.37009
6.01067
9.38600
12.31396
17.46101
25.76495
26.88720
28.38935
28.52148
28.66591
28.93853
29.11715
29.29006
29.37626
29.45117
29.55544
29.71187
29.94547
30.07397
30.30518
30.47924
30.54538
31.37060
31.69289
31.75112
7.92227
12.42746
22.17608
28.09017
36.56071
44.93304
54.48336
54.57186
54.60030
54.96280
55.08219
55.28411
55.52855
55.66719
55.91706
56.20990
56.33727
56.39669
56.39958
56.75732
57.03601
57.20302
57.39537
57.56666
12.30752
15.60865
22.03285
33.13530
36.93605
39.55755
47.25894
47.41435
47.56537
47.81036
47.89532
48.09012
48.33982
48.62386
48.98638
49.41563
49.49091
49.56297
49.68441
49.86886
49.98901
49.99240
50.49066
50.61836
1.16883
13.29516
17.13287
23.01651
26.79224
28.69084
35.41294
35.66217
35.92709
36.06503
36.14358
36.41039
36.44852
36.54106
36.66415
36.70025
36.88428
37.09265
37.21876
37.35194
37.56529
37.81989
38.00610
38.20062
2.27123
24.06770
27.42297
33.74761
35.54152
45.27023
50.09851
50.22559
50.32187
50.36632
50.87890
51.14145
51.28035
51.31301
51.69265
51.97702
52.15732
52.38131
52.86895
52.96511
53.28131
53.74151
53.93166
54.36925
3.24793
14.64226
16.64588
23.48248
25.35947
30.93029
32.40142
32.69012
32.96114
33.25878
33.51822
33.70559
33.82784
33.96548
34.34654
34.39850
34.53170
34.72557
34.84952
35.05245
35.05520
35.11427
35.34233
35.61426
1.91553
9.88317
12.01745
22.64762
29.09258
34.58219
40.73761
41.28127
41.38571
41.54901
41.76566
41.80542
42.87942
42.88249
43.09276
43.23207
43.27619
43.96371
44.14069
44.69541
44.89132
45.24684
45.53033
45.71547
3.16705
6.20496
14.83408
17.62637
21.14872
22.56874
28.72766
28.89836
28.90792
28.94636
29.02637
29.39490
29.39950
29.57250
29.58035
29.77135
30.29377
30.49354
30.54128
30.73172
30.80652
31.13911
31.25811
31.45496
1.25828
3.00845
8.95732
12.44927
17.70780
20.77673
33.50718
33.78683
33.85625
33.90647
34.23596
34.47534
34.74929
34.83763
34.89051
35.12654
35.48788
35.69500
35.87824
36.06306
36.14579
36.46137
36.70217
36.81210
5.10909
16.64354
18.05094
21.79685
29.25117
41.17155
44.52980
44.65201
44.73157
44.97468
45.21342
45.31268
45.38770
45.44606
45.52262
45.57065
45.73546
45.99909
46.13580
46.19893
46.31537
46.46069
46.53256
46.66251
6.63446
7.68537
9.63236
15.06850
21.82232
32.27497
34.54395
34.57440
34.80665
35.04845
35.29558
35.49966
35.57824
35.74936
35.97184
36.32355
36.42776
36.56686
36.95097
37.47584
37.70329
37.83308
37.88535
37.91337
1.11630
5.39328
18.37112
20.60653
23.36554
31.83464
56.97357
57.06466
57.37371
57.55754
58.13061
58.18973
58.41854
58.60102
58.73163
58.95986
59.19244
59.43654
59.62591
59.94190
60.03193
60.17378
60.42465
60.58631
3.71150
23.99964
31.48613
31.73688
35.31360
52.13410
55.51163
55.69409
55.88930
56.18808
56.58704
56.73573
56.99045
57.01409
57.18381
57.27072
57.48278
57.63959
57.97801
58.00349
58.64589
58.71955
58.95155
59.05388
6.36802
21.20046
24.94185
29.05310
31.89404
39.26810
53.06535
53.25963
53.65396
53.79226
53.85879
53.97301
54.27486
54.42502
54.72456
54.78886
54.86758
55.04224
55.12806
55.26838
55.45900
55.52961
55.57710
55.68734
2.98233
13.14085
35.51789
42.17484
49.71164
59.86400
63.10223
63.18467
63.75851
64.16875
64.31022
64.47653
64.84950
65.11791
65.21257
65.45144
65.47931
65.55726
65.58152
65.59609
65.80589
65.98513
66.09176
66.24765
3.12787
7.92286
13.06924
21.41702
22.84510
24.24188
33.95806
34.31656
34.47026
34.77300
35.07923
35.21701
35.47147
35.59245
35.61914
35.68063
36.32243
36.70530
36.77725
37.02618
37.36067
37.52194
37.54598
37.86749
0.96329
7.04394
8.56391
9.28722
10.39879
12.42175
12.99572
13.05933
13.29241
13.29700
13.61598
13.90685
14.17435
14.42884
14.49172
14.80370
14.90361
15.08547
15.44891
15.75696
15.84217
16.23445
16.32633
16.40845
12.90401
18.56137
21.37870
23.47203
35.67073
37.83226
42.16674
42.24968
42.38740
42.41893
42.46733
42.68237
42.72465
43.15292
43.37358
43.45276
43.59053
43.80250
43.85333
44.16984
44.25264
44.31129
44.57816
44.67565
2.26742
5.80930
13.28712
18.16447
19.64292
20.45332
26.29759
26.58430
26.72690
26.89753
26.99269
27.71767
27.88351
27.88403
27.98558
28.05019
28.18351
28.41941
28.63394
28.87423
29.20094
29.23403
29.33396
29.40270
3.53490
4.47648
16.43154
18.99585
21.47259
37.86473
45.37175
45.65996
45.74252
46.03057
46.52257
46.99207
47.10976
47.68130
47.72140
47.88493
47.98713
48.13045
48.48211
48.56787
48.95864
49.29363
49.68064
49.81231
7.19260
15.09647
15.63117
16.42027
17.37703
33.64098
40.77854
40.83212
40.93653
40.99440
41.20428
41.63035
41.65871
41.67630
41.84232
42.07613
42.24485
42.35780
42.53559
42.58173
42.77206
42.78101
42.80724
42.92409
2.26323
6.12429
9.95981
13.08818
18.66142
26.69731
32.13123
32.61931
32.78595
32.97038
33.11415
33.43248
33.54387
33.65487
33.77821
33.86358
34.23527
34.62603
34.88159
35.61713
35.61847
36.31833
36.48504
36.59542
4.64523
5.52479
9.81394
17.65399
22.34730
29.98437
48.63930
48.69136
49.18760
49.52527
49.61953
49.77641
49.91760
50.03202
50.05916
50.17368
50.29104
50.36406
50.71945
50.81998
50.98960
51.20185
51.34515
51.58782
10.93671
14.72330
22.60964
26.71286
34.22409
36.64543
39.12994
39.30429
39.72069
40.14323
40.53521
40.59523
40.72954
40.94133
41.13594
41.15863
41.27511
41.61462
41.64899
41.65301
41.76180
41.77909
41.92982
41.99320
0.09764
0.93517
2.68946
7.07805
8.86398
12.70015
24.42594
25.06877
25.47693
25.53848
25.82289
26.24004
26.31483
26.43887
26.69708
26.78037
26.78779
26.92198
27.12313
27.54470
27.82294
28.00663
28.04280
28.09069
14.89918
17.46649
20.20165
22.66043
28.19318
34.19467
35.46721
35.65776
35.69327
35.82468
35.98921
36.73760
36.74315
36.80447
37.01327
37.22251
37.32272
37.51659
37.61917
37.67809
38.05140
38.23589
38.46327
38.52237
3.02342
13.68121
14.99717
32.44890
48.33109
53.39299
57.78648
57.80065
57.97674
58.15131
58.19430
58.33696
58.47263
58.53616
58.68081
58.88584
59.29440
59.41041
60.02259
60.12176
60.48191
60.64455
60.74213
60.89862
2.68238
8.09543
13.14073
16.59264
22.05962
27.25687
28.86659
29.01496
29.24254
29.30429
29.58441
29.72466
29.73868
30.21500
30.46760
30.51641
30.71817
31.14156
31.48913
31.59880
31.84893
32.28309
32.38196
32.46959
1.46122
5.40801
8.49686
18.18354
25.13271
31.17354
42.17768
42.29024
42.78365
42.92679
43.08488
43.19849
43.37015
43.59753
43.64265
43.93432
43.94374
44.19393
44.23758
44.28012
44.39896
44.41324
44.44615
44.50259
6.98745
10.48257
13.54778
17.48333
22.98622
26.63576
27.75608
28.34929
28.68280
29.04870
29.17293
29.33942
29.60229
29.85411
30.01500
30.11460
30.21147
30.32531
30.39332
30.61029
31.20576
31.32343
31.49188
31.59853
4.32590
10.63014
12.74290
16.88449
21.85296
24.10335
24.98018
24.99906
25.10544
25.15340
25.50663
25.71444
25.82525
25.89284
26.12624
26.42107
26.47684
26.75137
26.85464
27.02588
27.45313
27.62822
27.74268
27.93368
1.30840
5.35703
8.61126
15.43026
20.08251
33.92276
58.30109
58.40385
58.76053
59.00183
59.23763
59.30946
59.37009
59.58109
59.87573
60.14464
60.41832
60.66115
60.83318
61.07338
61.24090
61.42646
61.67296
61.80543
4.41507
5.59472
7.15396
12.25333
26.01609
29.29437
30.24070
30.29705
30.60512
30.97930
30.99111
31.18174
31.46079
31.54986
31.75079
31.77800
31.83299
32.00319
32.21092
32.52689
32.61234
32.84491
33.12480
33.28722
8.14296
19.56367
28.78067
33.66414
41.46388
45.33422
46.10230
46.11417
46.58870
46.78319
46.92862
46.97360
47.18635
47.37086
47.38013
47.38301
47.47058
47.93848
48.11174
48.16326
48.21186
48.73095
48.84204
48.92152
4.53749
9.38275
22.15004
24.34247
27.83225
31.01384
47.57401
47.67858
47.73668
47.89740
47.95555
48.46921
48.85203
48.92932
49.04528
49.23574
49.54363
49.70180
49.76760
50.15397
50.69612
50.76209
50.85540
51.35154
5.69494
7.07530
9.15182
11.34749
14.46114
17.11416
19.33834
19.40731
19.44378
19.53936
19.67908
19.83145
19.83821
19.97091
20.21138
20.32296
20.37589
20.49248
20.64592
20.65250
20.72140
20.83301
21.01000
21.06340
3.01424
3.27231
11.57337
13.54680
23.18293
31.57721
35.82484
35.92460
36.15116
36.45830
36.60451
37.04490
37.05975
37.15671
37.36049
37.36770
37.45049
37.71705
37.78789
38.05941
38.15885
38.76486
38.78387
39.07809
1.80241
9.74655
15.19413
16.19363
26.76094
31.57015
34.20381
34.84821
34.91086
35.08770
35.34268
35.50002
35.50037
35.63391
35.64179
35.89439
36.25262
36.34587
36.62166
36.81455
37.43876
37.74292
37.75306
37.80133
7.37497
9.24816
11.69039
18.17917
26.08100
46.41989
57.90229
58.03493
58.11795
58.27837
58.52948
58.61027
58.61909
59.12198
59.47068
59.50051
59.93345
60.18099
60.25482
60.35954
60.59932
60.60396
60.72682
60.81084
9.51549
23.32230
25.05143
28.43150
33.05963
47.92761
49.24855
49.62297
49.82265
49.86990
49.91376
50.01374
50.56438
50.91437
51.22970
51.41515
51.57601
51.75416
52.25841
52.35676
52.45952
52.73712
52.80662
53.07273
12.02934
23.11655
39.43953
51.47594
60.60351
67.16125
70.12681
70.52322
70.82224
70.93528
71.10521
71.23251
71.42400
71.54536
71.99431
72.10128
72.40117
72.46340
72.67811
72.83856
73.16546
73.68189
73.71494
73.82107
1.24152
6.36796
9.36753
12.67681
14.66012
21.27670
28.78948
29.12367
29.23526
29.56977
29.78635
29.84946
29.93355
30.02009
30.13583
30.35848
30.83554
31.13018
31.19374
31.56657
31.83970
31.91897
32.18794
32.27535
11.89555
18.46940
26.61754
27.32628
31.32746
36.84673
38.43693
38.62211
38.91986
39.15168
39.44627
39.58472
39.99655
40.19908
40.22642
40.48370
40.67451
40.77996
40.81261
41.08382
41.28353
41.80450
42.05688
42.40061
2.15866
6.32692
9.82424
11.79815
14.11845
28.36011
34.67895
35.09010
35.33945
35.42239
35.65833
35.92519
36.00642
36.15964
36.44475
36.49097
36.58805
36.63848
36.69528
36.90612
36.98765
37.09544
37.27548
37.39697
3.26166
6.86840
10.84473
14.04725
19.22366
27.76213
28.04107
28.15808
28.24693
28.44148
28.47877
28.54847
28.93539
29.05413
29.22128
29.51642
29.59796
29.62493
30.00146
30.17271
30.21603
30.79774
30.90750
30.97729
5.76116
6.97781
16.61035
27.98561
31.89496
40.70821
49.34713
49.65946
49.70607
49.77223
49.87828
50.27040
50.45479
50.67435
50.87608
51.29718
51.40889
51.46710
51.67397
51.74726
51.81515
52.04164
52.30932
52.51110
10.28758
11.90908
13.06897
19.65971
21.98717
24.16889
25.23552
25.34677
25.42514
25.46079
25.51231
26.01802
26.22754
26.50459
26.54743
26.65279
26.78544
27.04428
27.13896
27.52294
27.76905
27.80520
28.05087
28.07263
3.11212
5.13077
7.92853
8.07755
9.34476
12.11885
28.23255
28.34614
28.64289
28.82889
29.00577
29.02379
29.18025
29.21485
29.44469
29.48018
29.84851
30.07378
30.30800
30.68107
31.15566
31.15598
31.31710
31.47461
10.27843
18.01920
25.22117
41.36658
42.81908
46.61154
53.04650
53.21079
53.35907
53.83907
53.87594
54.05204
54.09087
54.26375
54.54597
54.67919
54.73222
54.82300
54.93823
55.04237
55.13585
55.37858
55.44391
55.46668
10.17117
12.24682
27.98633
40.60564
47.13214
60.22891
62.19512
62.48828
62.52589
62.72624
62.81165
63.14169
63.36015
63.71262
63.87042
63.91785
64.01853
64.26991
64.38541
64.51773
64.59420
65.01299
65.29507
65.36527
4.11930
9.40488
10.55134
12.68344
26.29943
29.20350
34.34185
34.60371
34.64049
34.87906
35.21521
35.23123
35.25368
35.48990
35.60579
35.68247
35.85448
36.10375
36.34581
36.75190
36.89087
37.67124
37.86101
38.17066
2.15593
6.67808
7.08717
9.87927
11.60751
17.02270
23.25170
23.26158
23.37427
23.53340
23.67235
23.72822
23.78171
24.23245
24.48634
24.67460
25.00167
25.13091
25.16403
25.31168
25.83884
26.02469
26.11714
26.78655
3.50784
9.83498
26.24391
34.50663
42.28023
44.22463
54.13435
54.20440
54.22367
54.45061
54.45560
54.58447
55.15698
55.39761
55.68683
55.87829
56.06831
56.42239
56.60852
56.99872
57.07890
57.37843
57.52623
57.64952
0.42882
4.11000
4.73626
26.30583
26.85479
32.20810
35.46649
35.80512
36.11314
36.33389
36.79482
36.86142
36.91568
37.07868
37.21291
37.32128
37.45707
37.79885
37.98113
38.32414
38.80838
38.94874
39.13512
39.34197
0.65279
0.85122
2.77486
5.52265
7.63869
13.52055
14.15926
14.40253
14.57972
14.72993
15.12660
15.58942
15.94324
16.10132
16.34626
16.55466
17.28903
17.45256
17.87889
18.08453
18.11595
18.21161
18.69081
18.73000
5.56599
16.36623
25.79121
31.11196
33.32761
34.39788
52.26484
52.38139
52.91696
53.04030
53.13022
53.39484
53.88001
53.96975
54.52014
54.97975
55.13125
55.22433
55.56736
55.74293
55.77874
55.81649
56.22489
56.36653
7.15840
11.04403
17.72764
21.05296
31.42214
37.08309
38.90312
39.01162
39.32343
39.50226
39.60205
39.71589
39.75374
40.11986
40.33631
40.46424
40.56001
40.85170
40.93882
40.98881
41.07995
41.14709
41.16534
41.35558
16.87209
17.68820
21.27867
24.03010
38.79414
40.67256
43.99768
44.26515
44.64442
45.03722
45.27703
45.42642
45.74696
45.81992
45.93204
46.38442
46.67704
46.80168
47.23197
47.38367
47.68338
47.77357
47.79428
47.80372
11.17724
11.75795
20.21176
26.42659
27.53230
32.00627
45.33546
45.71736
45.97299
46.34456
46.58712
47.38756
47.69461
47.76835
47.85956
47.87259
48.14278
48.41215
48.41496
48.42473
48.45737
48.51034
48.79534
48.86330
2.11324
2.46206
6.75337
17.46081
24.56853
37.18903
37.34407
38.11536
38.34317
38.46722
38.72354
39.00692
39.26154
39.46554
39.63600
39.82623
39.84748
39.87385
40.05449
40.19792
40.49569
40.61184
40.63081
40.86382
0.78132
27.31815
36.11742
64.60914
67.12505
74.16407
79.69860
80.18173
80.29012
80.58499
80.68273
80.87828
80.93925
81.08004
81.22333
81.41991
81.76645
82.08530
82.28524
82.38045
82.46582
82.56472
82.70864
82.96005
0.66255
5.61997
13.36741
25.73985
35.27487
39.52563
43.18325
43.43518
43.48020
43.93358
43.99546
44.38212
44.48070
44.73108
45.01581
45.32976
45.82926
46.09308
46.25676
46.43476
46.51726
46.69120
46.75217
46.93950
9.22331
11.67376
16.16194
28.54488
38.55969
48.48425
60.14627
60.33846
60.47632
60.75620
60.95881
60.98927
61.01753
61.10315
61.27545
61.32997
61.49296
61.65388
61.74047
61.92843
61.93807
62.09664
62.28062
62.40540
2.48946
7.42098
13.88583
23.45802
26.86311
36.79483
42.32979
42.66346
42.77559
42.94934
43.19907
43.42125
43.56403
43.70641
43.74946
44.14526
44.47608
44.54881
44.91767
45.01325
45.17499
45.18627
45.21480
45.43311
3.00702
10.34934
17.28352
19.92744
28.01311
33.24167
35.63033
36.02397
36.06669
36.37368
36.41719
36.56324
36.69156
37.51672
37.58408
37.75347
37.88125
38.22847
38.42534
38.70988
38.90331
38.94690
39.45853
39.53815
