41.43962
79.23204
182.69313
183.70396
47.64932
85.43717
123.74162
124.99369
0.72781
45.42128
139.73078
141.61569
59.43002
72.44187
180.44387
182.64144
29.19175
76.54121
90.20745
92.85099
51.16396
88.23398
95.59505
95.98325
8.46823
46.38307
88.24457
88.36260
29.22413
42.08126
112.58562
112.86888
39.20686
76.00572
81.83510
82.29439
56.48696
63.10540
85.78860
85.86865
62.08625
70.53408
113.50726
115.04185
174.84852
187.38305
207.87076
208.82722
83.03284
159.11086
186.75771
187.68895
25.58891
68.09664
90.64933
91.41880
18.19135
49.29905
189.97969
192.70021
13.06509
144.13833
166.38885
166.80764
1.37356
45.94848
68.12229
68.91415
51.51632
81.48372
82.73770
84.48604
72.35488
74.39697
162.30524
162.77007
20.74977
38.32325
43.58345
43.66297
34.54794
45.70583
52.87158
53.65314
27.18580
98.19187
160.97427
163.62837
14.48439
37.90711
110.63102
111.20733
3.92707
29.17448
141.20659
142.09255
79.24014
96.56461
99.20299
99.80382
55.65953
62.73076
161.00443
162.26834
104.77912
139.38796
179.37835
179.59642
38.97865
48.06992
79.50821
79.65279
2.57097
23.33253
35.37060
37.59821
73.43581
110.62942
112.37422
113.07578
17.05908
113.83125
162.02914
164.52719
34.29194
99.70588
126.26212
127.60731
5.20076
6.64674
54.39064
56.99508
27.86635
65.94205
175.56167
177.40119
34.33642
40.62582
196.62160
197.06334
9.34199
27.19249
37.09430
38.73619
23.42952
34.44546
58.28569
58.68776
33.32892
64.40937
147.61491
148.15557
0.21637
30.69259
195.58945
196.02067
96.40552
147.32435
224.87839
225.36706
97.19047
176.87872
178.05713
178.60389
19.59049
28.23632
55.79489
57.50757
8.07942
47.56166
52.76136
55.96701
7.02304
59.99468
77.31779
77.48674
19.45484
42.31426
57.66190
58.17627
52.69195
72.46434
192.49696
197.37857
16.97940
21.21092
285.61303
285.63938
84.02903
108.85772
127.96727
130.38479
62.11134
133.36894
170.20344
172.73236
11.39382
50.83007
76.95302
77.39507
44.42386
137.30798
191.68689
192.21591
19.69718
35.77412
58.12812
59.63626
23.44793
53.42279
89.84996
90.19226
26.91765
126.49304
177.93423
178.21358
49.49779
124.91563
244.12715
244.13067
9.56250
24.46169
88.69776
89.47161
77.58316
162.01446
193.04025
194.07851
77.03649
89.84190
116.23730
116.59123
63.21928
184.76124
313.26488
313.87565
12.95118
22.77655
48.21913
48.56110
54.27176
55.75164
208.30302
208.76114
29.08112
166.52999
216.80281
217.43784
42.79500
60.34800
131.69609
131.71292
90.93683
114.40268
122.96028
122.99880
57.27311
142.96738
297.39923
299.15922
13.48111
40.57275
91.55018
93.18869
40.71836
170.22942
271.63425
274.29412
16.20362
74.09006
207.89578
209.59695
60.79306
80.18699
117.23165
117.96210
3.96304
41.91573
176.52873
178.66335
30.05590
41.83693
44.30089
45.47477
39.50539
41.49858
114.96993
116.71594
34.98706
82.37233
136.71198
139.39863
87.89450
95.39720
96.88926
98.72398
10.66988
79.69102
87.88609
88.44565
10.75719
16.56223
255.37325
257.97453
6.05286
58.45341
73.98685
74.15257
13.71176
40.71486
43.52085
45.64490
39.39330
56.19174
63.06214
63.44319
6.62779
76.02716
87.55408
88.05525
27.67390
99.67066
258.35593
258.44959
63.36558
152.42278
163.68167
164.00907
47.61682
67.50718
120.40892
122.18467
55.38197
68.67200
120.49135
121.56381
28.21214
87.03427
133.94728
136.13586
78.98697
156.82439
185.19522
186.18676
32.29167
54.33377
63.04351
65.09796
14.39146
160.67726
277.87236
278.21033
10.18693
156.99853
182.87825
182.90453
19.97978
23.20808
86.96506
88.39946
55.93433
64.51749
68.33674
68.50343
77.62506
125.93308
134.37416
134.44123
69.19286
144.18984
146.36946
147.83349
16.25927
63.61714
145.36335
145.93851
13.68871
93.19910
111.14479
114.33754
24.59836
88.58901
120.68232
121.47459
24.79988
53.46281
57.08453
58.02716
7.19411
45.82270
146.84111
148.58185
34.19508
65.58487
81.99724
82.43567
3.84562
45.30317
124.40664
125.55896
