34.70457
35.13084
35.52450
35.61449
35.95978
36.53049
38.44799
39.63927
39.64247
39.66230
39.98466
42.04884
4.02932
4.50048
4.50101
4.66711
5.34355
5.72164
3.58643
4.23345
4.38732
4.54189
5.42376
7.22229
36.18200
37.34036
37.55598
37.67172
39.01764
40.29922
92.97063
93.21533
93.50988
93.58888
93.84246
93.91533
25.13796
25.13876
26.48979
26.69104
27.40275
28.22573
20.49985
20.99087
21.56586
22.73449
22.77905
23.60384
24.00498
24.09049
24.99232
25.21693
25.55498
26.13451
2.90053
3.36168
3.72569
4.07770
5.06595
5.38318
22.00356
22.37862
23.05492
23.13566
23.32976
24.45699
0.71293
0.85065
0.92890
1.36597
1.42418
1.42670
2.85053
3.01045
3.05910
3.08270
3.20953
4.13947
1.43956
1.50669
1.73946
2.25086
2.31258
3.06537
9.14425
9.25009
10.25910
10.26465
10.59327
10.98909
20.27380
20.29874
20.74347
20.77919
21.01338
21.34834
2.13874
3.09024
3.87939
5.55640
6.03010
7.03062
0.98905
1.13564
1.20691
1.52437
1.61865
3.04332
5.11809
5.32962
5.39323
5.75609
6.01305
6.20761
8.96933
9.28401
9.67714
10.09069
10.80917
12.84299
0.54326
1.35311
1.99363
2.05857
2.22292
2.55560
39.90408
40.10399
40.11593
40.58744
42.29663
42.30088
16.04926
16.06416
16.08546
16.16228
16.29934
16.41652
35.21306
35.24413
35.41961
35.44161
35.90298
36.33253
0.30305
1.06738
1.20930
1.48146
1.82843
2.21915
7.69024
8.28914
8.69656
8.73878
9.06534
9.06556
1.24642
1.43874
1.51537
2.14210
2.23520
3.88262
1.49028
2.09255
2.38910
2.40574
4.58085
4.66457
2.43429
2.43637
2.90660
3.34572
4.30103
4.37344
1.75620
1.83093
3.36107
3.54520
3.95909
5.35454
2.88555
3.34095
3.34097
3.38044
3.45525
3.80169
22.28499
22.30484
22.56344
22.97388
23.03926
23.04035
5.99877
6.20639
6.39358
6.96216
7.30612
7.84572
34.51959
34.70652
36.36362
36.44609
36.72694
38.04002
17.83399
17.84504
18.28982
19.35735
19.44631
19.65310
0.41159
0.62182
1.63702
1.74904
3.09667
3.09668
21.34518
21.91287
21.94072
22.00518
22.05363
22.77441
27.56959
27.79852
28.40063
29.32672
29.82078
30.74527
1.14340
1.31365
1.31366
1.83198
2.25547
3.04289
2.88046
3.55094
3.55644
4.03136
4.33599
5.02976
5.13249
5.55915
5.57731
5.72730
7.20427
7.92350
19.58392
19.58522
19.87342
20.80133
20.80133
21.32063
3.23070
3.39689
3.48977
3.53650
3.95824
4.40007
6.84936
7.49761
9.01188
9.42239
9.60316
10.65636
13.68536
14.50459
16.09518
16.34757
16.43654
17.44029
35.12646
35.23445
35.32398
36.09986
36.26059
36.41862
1.19424
1.44858
1.88587
3.74693
3.77172
3.93672
32.86887
34.75986
35.80831
35.98274
36.10755
36.68314
19.95766
20.85848
20.99745
21.15203
21.41377
21.47045
0.22681
0.22839
0.33740
0.69057
0.70433
1.43856
6.45776
6.45819
6.53423
6.66183
6.72341
6.92839
26.90530
26.92380
26.92862
27.08451
27.24364
28.85280
0.51828
0.51834
2.08983
2.55208
3.37506
3.95717
12.14772
13.37095
14.10092
14.65506
14.97893
15.72576
17.22243
17.32483
17.46316
17.91528
17.92006
18.23728
18.75586
19.34339
19.83071
19.90350
20.21235
20.30860
19.32595
21.21426
21.61529
21.83668
22.15173
22.66298
10.52621
10.56433
10.77186
10.85700
11.15030
11.58123
6.25166
6.29212
6.29289
6.51029
7.01789
7.02640
1.90838
2.95873
3.14926
3.79929
3.94565
3.97853
2.11649
2.29464
2.33144
2.34840
4.01391
4.03072
8.62583
8.64652
9.01308
9.96972
10.38197
10.66631
24.80327
25.52586
26.50224
26.50359
26.78695
27.16027
34.63522
34.63778
36.17743
36.88837
37.32800
37.44673
0.20545
0.72896
1.02187
1.02664
1.22793
1.80603
2.79649
2.81556
3.48315
4.35177
4.39397
5.39531
1.20588
1.59496
2.55216
2.63031
3.06634
3.79943
15.59225
16.01372
16.52111
16.55857
16.55906
16.90086
9.80928
10.11584
10.86260
11.70154
12.19330
12.53547
15.79832
15.80634
15.88632
16.60377
16.73609
16.78075
6.97287
7.25189
8.24788
8.48421
8.52724
9.76744
11.46301
11.98193
12.21031
12.30058
13.33557
14.04170
0.14515
0.28893
0.35068
0.35556
1.53976
2.22490
1.71042
1.73553
1.76675
1.99898
2.36304
2.46906
1.02747
1.49932
1.68999
1.76519
1.78760
2.14499
59.31752
59.46605
59.74591
59.98439
60.24721
60.29753
30.53668
30.81553
30.96444
31.43964
32.03978
32.45735
5.28838
5.29920
5.48644
5.75455
6.25763
6.26553
83.71131
83.74320
84.23929
84.35676
84.35701
84.41913
0.88483
1.09108
1.91510
2.02314
2.47350
3.52516
15.10811
15.55911
15.99206
15.99507
16.19699
16.51764
10.13517
10.20867
10.30290
10.36790
10.66874
11.39363
30.45633
30.90875
30.91797
31.03673
31.08250
31.08814
9.85395
11.55004
11.55333
11.55812
11.57083
11.70264
0.13809
0.28677
1.85642
1.85772
2.41967
3.50757
0.74566
1.30513
2.54290
2.77212
3.81610
3.91472
2.75044
2.90696
2.92983
3.36427
3.46318
4.11481
19.49574
19.61680
20.58412
21.25557
21.31176
21.51033
6.50015
7.44018
7.90126
9.54769
9.56549
9.99719
8.53499
8.59513
8.59803
8.76663
9.77322
9.83441
2.37203
2.64399
2.68367
2.68459
3.57676
3.67491
27.67799
28.11034
29.22894
29.69688
29.83484
30.12174
3.76997
3.87353
4.00457
4.28329
4.98344
5.04628
1.46430
1.69077
1.86587
1.93252
1.94346
1.99533
8.68399
8.86931
9.39093
9.45954
9.47339
9.79405
10.54676
11.27723
11.38561
11.92657
11.94201
12.03992
6.99483
7.03945
7.06478
7.49884
7.98651
8.17308
14.66947
15.36199
15.57874
16.69622
17.01418
17.06579
35.19319
37.28909
37.42498
37.43478
37.56007
38.36763
8.00164
8.52219
9.25717
10.31459
10.34133
10.43521
