4.77511
9.70912
23.17352
31.75136
47.68003
48.07032
48.21417
6.29339
21.91292
22.95582
24.60123
30.59724
38.31085
38.37835
1.61439
2.55891
4.12900
11.97074
13.30438
17.27646
17.57126
17.86610
24.38147
28.42470
28.98180
40.55385
48.75452
48.83393
3.53583
7.08299
9.17825
14.11888
23.27141
38.30654
38.45597
8.96529
16.48777
20.49162
33.55275
34.47811
46.65439
46.83040
3.75977
4.46483
11.72264
19.38695
32.60322
33.40903
30.64685
1.91279
10.79923
11.57913
13.71514
14.15087
16.88519
17.48422
2.00420
5.04882
9.17422
13.54211
14.03233
17.57404
17.75958
5.72092
8.97653
10.05848
10.87640
14.63741
19.83311
19.87786
12.67666
14.55478
30.89879
36.62785
44.24956
44.43694
44.69701
16.24275
27.66061
35.86390
40.84998
48.23795
49.67424
48.96533
1.70112
4.08939
13.51886
19.05681
37.62608
41.11720
41.49673
1.99627
4.74721
6.23271
9.22853
12.59293
17.37546
17.39197
3.28454
8.03904
8.25825
8.74198
11.60462
20.84128
18.84735
8.60879
16.02333
24.35120
27.46617
40.72801
40.63343
40.82147
3.97755
6.69149
7.31304
10.19651
11.15864
22.24968
20.12429
3.97481
13.43854
17.93828
31.48482
39.20008
43.76310
43.86910
0.16974
5.73558
20.63650
29.02260
35.20278
44.82923
44.89663
4.35828
8.80532
18.96485
24.03486
25.89026
33.32573
33.51166
3.17369
11.22915
15.31148
21.79757
23.01279
25.11716
25.28929
1.05482
4.11697
15.51823
17.45607
25.79578
27.70434
25.93086
6.26329
10.97049
13.80155
22.75439
27.46232
29.61338
29.70973
7.16956
11.67513
17.50632
22.70230
26.84703
35.57763
35.78982
2.15025
15.09198
17.91803
22.70895
33.21719
37.90445
38.26705
20.55796
26.33801
36.61173
39.68880
45.93023
48.37463
48.45304
2.96841
6.10609
10.11025
13.53205
20.93651
23.23142
23.34488
3.67646
5.42334
10.90785
14.63814
16.23385
21.43544
21.71776
2.40813
6.90767
7.46813
9.72119
9.90165
10.38416
9.74834
5.01152
7.21482
8.02839
11.37707
13.74046
16.37792
16.48979
0.94621
9.43146
12.51205
19.34361
22.39883
28.23572
28.89633
5.67224
9.66807
12.24123
15.99177
22.95119
24.58168
24.69217
8.00511
9.51593
7.82862
13.43105
14.79448
17.07434
17.21503
18.63038
20.13180
18.42342
19.40201
22.75545
23.00946
23.30198
9.22876
10.64423
16.62869
17.33499
20.99132
22.74163
22.83077
7.56225
14.41339
16.08811
19.41659
26.13387
26.06057
24.99754
7.11136
7.24438
12.13248
11.92157
17.71729
19.76297
20.12208
3.57687
5.46134
10.95266
21.77250
28.36662
30.51317
30.57365
1.67238
23.08491
27.80379
29.33125
31.23039
33.27920
33.36820
2.36521
2.93768
13.65690
13.95355
22.33908
22.79819
23.02491
8.86943
13.58265
17.47780
27.23999
33.72574
34.11263
34.29312
11.36750
25.90124
27.62435
36.37235
45.92344
52.71826
50.28983
2.83725
7.69520
17.08971
17.77234
18.92936
23.93937
24.23230
4.19829
5.21360
9.91689
10.50575
14.76742
15.14365
15.58475
2.02877
8.84909
10.30138
10.95522
29.40556
31.18422
31.39120
8.01625
12.47486
28.79653
38.69170
38.95953
42.63312
42.79909
2.87422
14.70845
20.91089
25.81162
32.02159
37.56425
37.61782
3.69658
7.07408
7.85956
17.04388
21.83315
23.02029
23.22219
9.20587
11.37694
22.41967
34.62084
36.22518
37.52672
37.64715
1.09378
3.96767
3.02573
5.39793
9.13609
10.95709
11.07549
11.38654
19.41494
28.30731
33.61487
40.62934
46.88207
46.88533
1.81496
2.23863
5.09781
5.86168
15.63430
18.55380
18.60842
9.01933
15.67552
12.96078
13.91074
19.48897
28.35756
28.41933
23.93836
35.01436
37.13344
40.85088
43.17304
39.77830
39.89869
8.31244
9.53191
13.79009
20.04614
32.50291
36.98657
37.15157
2.77001
9.46702
10.62155
11.25018
16.75953
21.06779
21.19091
2.18788
9.34891
30.49486
33.48918
44.02868
45.99729
46.03216
15.24894
27.30374
31.86501
46.61443
46.87768
51.55440
51.61769
4.97770
11.58898
19.73585
21.06167
22.15882
23.49323
23.63401
1.82918
3.16455
4.27373
6.37749
16.41290
19.14210
19.43653
3.83572
14.17010
25.38769
29.40574
34.69902
37.18553
37.24157
4.99693
10.00745
12.44788
17.72987
18.44165
25.96619
26.11290
2.98075
6.39361
12.38537
19.14584
28.67317
34.53178
34.66634
0.48959
2.15908
3.51204
12.57639
16.24323
26.67550
26.03427
11.69852
21.06724
29.44311
41.60202
45.08568
60.92857
60.94266
7.95805
9.19055
17.40358
20.02198
28.85723
30.82985
31.14382
12.85369
17.61147
19.87893
22.18088
25.53867
36.00571
36.04708
6.27402
11.29941
11.52925
39.92953
41.41467
45.68564
45.71465
3.97225
13.81572
26.18951
27.44259
32.48314
38.18422
38.23490
17.22712
25.20658
36.96310
37.24192
38.80239
45.04070
45.02486
3.34802
7.85064
9.52792
23.85339
27.10795
28.26909
28.71129
4.75858
11.65002
13.38395
26.55678
28.47932
33.34865
33.49331
2.99295
5.12403
9.33234
14.78325
20.89478
23.61869
23.73923
8.04110
19.21044
19.53941
26.99293
29.96389
29.96659
29.96976
0.36292
18.53818
21.37581
26.58558
28.33781
31.13401
31.29731
13.03802
13.93565
27.98458
38.51334
44.68893
48.06812
48.37320
4.89633
7.47882
13.22628
18.09719
20.70803
23.80323
24.11159
3.92668
8.81812
13.90731
23.12500
26.34321
34.20704
34.45686
6.55897
16.26161
21.37752
24.09141
28.60054
28.37695
28.49273
5.09866
6.22868
11.58904
20.39300
26.32079
29.48611
27.22099
1.14217
4.73040
8.37114
10.49292
15.52898
21.36326
21.84813
1.65847
5.07587
11.61410
15.53753
21.57116
25.25857
25.52649
6.05625
6.88879
23.56915
31.79482
34.75799
65.17477
65.26141
2.06207
6.84394
14.46079
22.92633
34.20671
41.92676
41.99301
0.80564
3.07003
10.12706
13.37738
14.24128
18.04038
18.05677
14.01373
19.23121
22.33976
24.27422
29.78550
31.55838
31.94673
0.61979
5.19678
4.75829
6.16677
6.70996
8.37903
9.02177
2.44484
5.51241
8.79852
9.76389
21.67578
41.49758
41.54410
5.75248
7.58470
11.86028
16.02016
23.90838
30.69563
30.79532
7.78161
14.90855
19.94659
30.63282
35.51606
38.59265
35.75536
14.09969
18.21271
21.37202
33.81062
54.39613
69.59008
69.67792
2.48762
14.34321
23.42388
24.75862
30.55861
37.21114
37.42252
2.75485
2.87005
5.18342
18.89821
18.70056
23.50078
23.62261
3.79015
9.72817
18.02689
25.96922
28.29196
33.46801
33.66170
5.67153
7.76731
9.95597
11.85891
12.22406
16.74739
16.91707
5.56302
9.32449
14.92540
17.14256
23.30247
24.13007
24.31362
10.51549
10.68673
16.77409
26.86292
27.36288
31.19717
31.20201
5.71680
16.80103
18.31389
20.27377
24.43111
41.54985
41.54987
4.83595
5.85420
11.76289
25.94160
28.88493
26.16014
26.39894
0.35621
5.67396
6.84063
11.10006
23.79139
33.70969
33.88735
