0.46781
1.62310
2.87339
3.02501
3.07316
3.07646
3.28361
3.57461
4.30022
0.08278
0.57001
1.30135
1.54730
2.53619
3.63888
4.09041
4.39621
4.66007
0.67755
0.68495
1.31062
1.34029
1.34149
1.44983
1.82646
2.19207
2.50435
0.06198
0.07090
0.46632
0.60858
0.94799
1.32404
1.41828
1.73370
1.84342
0.11036
0.30433
0.94947
2.04970
2.51703
3.21415
3.21646
3.47151
4.00504
0.12174
0.21479
0.27209
1.02030
1.51182
2.40698
3.82449
4.63625
5.24117
0.28792
0.59157
0.98123
1.06386
1.06421
1.90399
2.01250
2.26726
2.38213
0.27139
0.27431
0.94447
0.94565
1.30407
2.12897
2.30701
3.64307
3.71286
0.37219
0.63919
1.17816
1.63744
2.69495
2.70349
3.05590
3.69233
3.87683
0.10014
0.40573
0.82451
1.62026
1.65922
2.13043
2.85210
3.48926
4.66550
0.42730
0.57184
1.03442
1.03444
1.21223
1.43794
1.68703
1.89040
1.91976
0.05636
0.54592
1.18950
1.36705
2.42137
2.50076
2.56675
3.16352
3.91917
0.05482
0.66212
0.68081
1.00773
1.81193
2.86544
3.15485
3.70237
3.71306
0.66731
1.43127
2.79381
3.26011
4.26897
5.09848
6.49633
6.86952
7.80909
0.02519
0.20213
0.87280
1.42332
1.42355
1.77303
2.34701
2.78823
3.98966
0.43586
1.22839
1.43391
1.45222
1.54439
1.72890
2.88065
3.07344
3.98890
4.09096
4.37760
4.47154
4.97741
5.16307
5.31565
5.46932
5.47973
5.52558
0.04525
0.06487
0.28079
0.28140
0.80313
0.83803
1.11817
2.90437
3.00200
0.30169
1.06773
1.16753
1.32397
1.35342
2.45698
3.10165
3.40398
3.97045
0.09279
0.29123
0.29123
1.28523
1.55704
1.77549
1.87746
1.91995
2.10916
0.46581
0.59690
0.60276
0.64463
0.73171
0.79262
1.79557
2.28510
2.32071
0.94811
1.03682
1.03800
1.55265
1.92181
2.27104
3.41321
3.93491
3.97620
0.33564
0.36018
0.59715
0.68253
0.71338
1.62986
1.83840
1.86251
2.13122
0.10895
0.50797
0.57786
0.60548
1.04149
1.31618
1.33364
2.00433
2.00716
0.77909
0.80269
0.82855
1.12349
1.31910
1.75704
1.79689
1.80696
2.15809
0.48693
0.64445
0.99051
1.07862
1.72372
1.97078
2.17646
2.78647
3.30110
0.09697
0.52767
1.00901
1.88921
2.27050
3.18345
3.60504
3.91319
4.02956
0.47884
0.78079
1.64010
1.66371
1.94499
2.29317
4.36943
4.40382
4.76426
0.27266
0.28900
1.55347
1.88612
2.85758
3.38634
3.50403
3.79598
3.96978
0.19535
0.52460
0.92740
0.92980
1.11785
1.21702
1.49418
2.50216
3.13749
0.32556
0.90075
0.90647
0.91201
1.08562
1.48962
2.02282
2.18307
2.28022
0.21926
0.83662
1.30346
1.49474
2.23742
2.52176
3.36144
3.53981
3.53989
0.08720
0.47417
0.53044
2.57045
2.99360
4.49522
4.61405
4.65819
4.76767
0.78706
1.03270
1.20855
2.30689
2.85465
3.30690
3.51714
4.28930
4.41209
0.48706
0.73532
1.02743
1.23644
1.38140
1.48681
1.78077
2.31522
2.78836
0.60496
1.07337
1.38673
1.54682
1.76097
2.34270
2.51467
2.56856
3.20181
0.40544
0.93416
1.04232
1.43127
1.55202
2.19728
2.51611
4.03988
4.19092
0.00196
0.36713
0.57912
1.16236
1.42217
1.73835
1.87855
2.20157
2.48382
0.29628
1.80941
2.99814
2.99858
3.06762
3.26541
3.72651
4.64387
5.02554
1.94207
2.70979
3.83138
5.25648
5.26146
6.18477
8.00299
8.20367
8.62830
0.08609
1.03923
1.35848
2.14749
2.46515
2.60191
3.25422
3.99171
4.55071
0.41261
0.46702
1.80458
1.98268
2.18344
2.45417
2.65107
2.90786
3.05133
0.11679
0.56543
1.70101
1.94718
2.39255
3.00991
3.38234
3.92553
3.94466
0.12259
0.52177
0.56581
0.59923
1.75959
2.03898
2.15381
2.16214
2.16760
0.30755
1.03284
1.37862
1.39699
1.67866
2.12363
2.18973
2.22449
2.91455
0.66914
0.74306
1.29267
1.82308
2.90789
2.91458
3.73220
5.38389
5.70478
0.49518
0.64858
1.07424
1.17998
1.17999
2.02799
2.76862
2.79497
2.87698
0.72074
1.02150
1.39088
1.99493
2.27957
2.94375
4.71577
5.38256
6.70919
0.16688
0.70972
0.74544
0.84530
1.15673
1.20021
2.51523
2.51523
3.35676
0.00074
0.39965
0.70371
1.29475
1.97768
2.02198
2.51018
3.93303
4.77308
0.22676
0.49070
0.71661
0.73162
0.73308
0.73957
0.89779
0.98394
1.02321
0.15946
0.16091
0.25777
1.41155
1.41936
1.51746
1.84163
1.97500
2.40415
0.88406
2.00524
3.55008
3.89035
4.45619
4.96801
5.00656
5.12847
5.43678
1.89966
3.30221
3.86276
4.24130
5.05352
5.49421
5.54470
5.96674
6.11226
0.40144
0.40153
0.57781
0.70418
0.74635
1.41414
2.18641
3.23490
3.63666
0.30911
0.56642
0.59901
1.50919
1.52281
2.02698
2.12515
2.42137
3.20176
0.00124
1.35307
1.45717
1.59400
2.55746
3.28597
4.77485
4.77657
5.88533
0.44146
0.52973
1.20496
1.74018
2.17320
2.35460
2.85998
3.40235
3.41832
0.44336
0.81829
1.77738
2.51837
4.09219
4.85720
5.32541
5.67291
6.15647
0.23686
0.61308
0.73823
0.96570
1.50960
2.13935
2.39936
2.89064
3.10753
0.48036
1.11089
1.29530
1.29572
2.15212
2.22013
2.66290
2.76477
2.95361
0.43540
1.08704
1.61869
1.85184
1.90321
2.27965
2.63234
3.22265
3.55502
0.51070
1.31705
1.32030
1.61960
2.24712
2.71159
3.25690
4.44608
4.44666
0.11957
0.96748
3.20820
3.84852
5.30365
5.38339
5.94188
6.24842
6.68468
0.03400
0.25303
0.92291
1.40789
2.49147
2.51166
2.62460
3.38573
3.87710
1.03847
1.07251
1.64966
1.68646
2.30122
2.33291
2.68689
3.14532
3.35644
0.37881
0.55125
1.05829
1.65569
2.87101
2.88053
3.12652
3.37985
3.77235
0.36174
0.77937
1.03295
1.87109
1.95834
2.26070
2.26071
2.34573
3.40028
0.51188
1.10472
1.22962
2.32301
3.28985
3.53646
3.64925
3.76843
5.04080
0.50926
0.58452
0.72552
1.81177
2.15777
3.06289
3.06895
3.56756
3.90158
0.66291
0.66771
0.83171
1.44912
1.76185
2.04485
2.35948
3.22855
3.49162
0.15279
0.75499
0.77028
0.83963
1.33772
1.44028
2.13520
2.26835
2.31450
0.31007
1.06828
2.14663
2.40544
2.42245
2.99934
3.15276
3.27289
3.53814
0.01311
0.20305
1.05097
1.62686
1.74293
1.74487
2.19960
2.72501
2.88316
0.89516
0.93455
0.96675
1.09726
1.33567
1.75828
2.18757
3.45584
3.97019
0.55136
0.64707
0.85255
0.97041
1.11439
2.16419
2.42433
3.48890
3.78918
0.00009
0.09421
0.21312
0.28534
0.80487
2.06102
2.46041
2.64904
3.01813
0.43853
0.43977
0.47140
1.99111
2.18156
2.66424
3.08314
3.30552
3.95810
0.01416
0.19868
1.40633
1.51832
1.51914
1.73239
2.45970
2.60330
2.60350
0.09921
0.13644
1.07153
2.27059
2.37225
2.91471
3.34517
3.67682
3.73243
0.01530
0.93851
1.07097
1.64066
1.90934
2.07116
2.40261
3.32467
3.38109
0.30809
0.69990
0.85479
1.08946
1.11965
1.95969
2.03054
3.44349
3.66638
0.17623
1.12068
1.12071
1.49697
2.11612
2.18801
2.21991
3.30749
3.78797
0.13839
0.34408
0.44157
0.60115
0.80581
0.85576
0.89396
1.13478
1.25629
0.92666
1.28806
2.23733
2.29432
3.32876
4.00933
4.40252
4.88744
5.17228
0.39697
0.99021
1.68292
2.31445
2.32197
3.35078
3.68385
4.29657
5.28681
0.76490
2.26099
3.69262
3.72757
4.11610
4.46363
4.51034
5.32379
5.35179
0.13784
1.29909
1.72856
1.90000
2.17905
2.47206
3.22194
3.32854
3.36245
0.10225
0.10481
0.10506
0.27126
0.67205
1.57293
2.26731
2.50676
2.63398
1.44637
1.45867
1.63153
1.97974
1.98049
2.06814
2.41123
2.51352
2.74121
0.37294
0.77382
2.22849
2.39117
3.60747
4.06101
4.25147
4.49627
5.12830
0.38091
1.48622
2.45067
2.88778
3.08244
3.11250
3.35337
3.36318
3.43224
0.03444
0.20073
0.90363
1.49707
2.41587
2.89450
3.31388
3.54529
4.46098
0.21655
0.21666
0.84010
0.91496
1.23854
1.33483
1.52365
1.81780
2.65573
0.13350
0.69320
1.90581
1.90902
2.91469
3.60576
4.36389
5.19204
5.25074
1.25300
1.40269
2.24520
4.13203
4.29740
5.05693
5.11943
5.16511
5.33274
0.16234
0.25146
0.50587
0.91242
0.91244
0.94744
1.90632
2.45446
2.73792
1.19495
1.31678
1.34883
1.77839
1.94615
2.36949
2.42943
3.06286
4.10994
0.02356
0.66714
0.80342
3.33848
3.41182
3.47865
3.52637
3.61811
3.69955
0.36934
0.65593
0.83153
0.88696
0.88728
3.60896
3.73773
4.14040
4.42684
