10.99023
19.77656
24.10475
39.08491
45.49644
59.32900
73.89078
79.65028
85.90678
93.18941
100.11518
4.74759
13.97909
19.81169
32.43073
43.58709
56.78457
65.33966
72.56516
85.55585
91.21043
98.94108
16.51040
25.55791
31.74475
34.77417
39.41489
52.71601
58.33538
65.19813
74.24453
79.06712
84.67660
11.44832
21.48143
32.46195
36.52516
46.83272
49.50358
64.03301
66.30564
71.20556
73.70698
81.20749
12.30842
16.01784
28.60489
32.21232
38.27519
45.69211
48.20732
54.48442
63.95820
71.50175
73.29104
2.48676
8.71367
16.69270
26.79529
32.02850
41.23801
50.25408
65.50040
74.03371
85.93773
90.02603
10.95125
16.95761
29.02487
36.43840
43.47988
49.46464
64.11941
67.75352
74.34430
77.77221
81.14346
6.99986
16.18077
23.76420
32.16224
38.84210
42.31538
47.65364
53.06387
60.77680
66.68679
75.43513
6.72019
16.35078
26.62602
41.19643
54.49132
63.57052
72.23976
81.22011
88.62997
91.62186
96.94312
8.00247
15.08812
18.46339
23.27998
37.41907
50.02702
52.34493
69.43434
82.93572
91.48390
106.95009
2.66452
29.34757
35.52537
39.98220
45.33079
53.14772
66.08844
73.79371
78.33515
83.58545
84.26148
4.87054
10.03620
12.52652
24.94178
31.90597
43.32842
56.04579
64.34730
71.24790
78.56835
95.05519
6.12337
30.26598
34.10258
42.84436
45.95284
52.49965
63.40895
72.28979
84.32588
84.92233
94.60101
4.91703
12.87397
14.69918
24.11118
28.50264
35.25645
39.97786
48.09290
58.79773
62.62903
76.11101
1.13141
9.87329
18.61541
23.47755
31.38762
40.13879
43.59968
48.58554
56.75975
68.75271
72.15137
13.70811
31.37629
35.51780
42.41703
56.42772
59.68338
64.36735
77.87552
90.27386
103.04734
112.59939
4.65656
17.02509
19.87471
36.88941
43.99896
51.62826
53.05541
72.85891
83.29533
98.97336
103.58321
7.14133
17.09190
25.02346
39.00106
47.00320
52.13817
67.71033
81.40316
84.51655
90.28426
98.48120
5.31758
12.38397
22.28023
49.36309
58.48458
64.42458
70.93492
74.77607
77.29975
82.97655
91.27876
3.67297
8.49664
14.13454
17.62937
29.97881
36.72487
42.25140
49.56001
62.71648
66.74720
74.14710
9.14342
19.48358
29.25832
37.01947
46.75556
54.64224
61.55369
68.89141
82.02310
90.81077
93.56862
21.45438
33.08756
35.72476
37.97739
48.38451
58.35575
64.92036
68.94192
84.81567
90.78110
95.15177
6.66137
8.53849
21.62471
34.63206
48.11855
56.80714
65.16188
73.41644
81.97135
87.10637
91.01008
9.72167
19.09282
22.58663
36.24267
50.44209
68.04834
78.22339
83.16649
92.36390
100.94795
109.13972
13.02586
24.13833
29.62416
34.69508
42.07158
47.11930
54.57231
62.61380
68.21748
74.97027
80.96253
9.11182
17.41996
28.91085
29.29286
36.56917
40.06873
49.22560
55.57374
62.09360
77.58732
82.56593
10.01041
13.73370
17.32102
29.49396
32.67700
41.07899
55.76901
65.64529
83.20045
86.99929
92.44456
12.88801
31.20461
42.82785
56.96510
66.71438
71.39292
73.51078
85.67532
93.21689
106.75352
106.95100
14.13583
20.12747
28.33266
32.24993
41.37238
53.02187
54.60976
69.67189
75.50697
79.97876
85.79365
8.18279
18.05055
28.42311
31.77459
42.81826
48.01903
61.44119
72.97240
73.38725
80.72166
85.76187
9.04282
21.86312
29.55635
31.79712
38.40589
52.91015
64.48876
77.51228
89.73440
107.57810
111.73975
2.06108
13.29659
22.05039
31.41240
38.84531
49.79618
62.36343
68.51591
74.09778
78.24817
80.44604
8.38958
14.49604
21.05626
27.58735
31.98900
36.99571
43.59527
53.30600
57.02629
62.67050
66.70579
3.24337
10.66211
16.32815
21.54918
30.01833
40.44957
43.43603
50.32282
60.25906
69.11345
81.73202
16.56311
31.97705
33.07835
37.74492
44.27062
55.18511
62.01416
69.22563
75.50917
77.75187
86.60747
6.78754
11.88561
20.92436
29.90621
45.73441
54.42299
64.61292
71.94757
81.83185
88.29804
92.43720
8.48026
16.16881
23.34869
27.68886
45.86042
56.69298
72.56197
83.11144
84.88745
92.24744
100.18282
6.57616
13.64687
16.31244
24.95266
33.34576
41.80536
52.56454
61.91564
67.06781
75.83748
79.73938
8.22490
16.52978
20.76891
35.32382
45.11797
50.09008
52.30934
56.39960
65.13135
78.98204
91.09094
7.58251
20.40148
30.99888
33.64256
37.53494
47.98673
50.33805
55.66371
63.26016
65.70794
65.40150
7.77011
22.29895
27.76791
29.02364
34.90447
45.47883
57.97118
71.26249
78.68983
85.75529
90.92898
5.75702
14.06801
28.69517
40.89290
49.58563
60.64271
64.95449
74.99481
93.64741
97.86190
109.72644
9.25049
17.60042
32.22624
37.91661
40.80241
44.91237
50.27843
74.57383
78.95207
83.53995
91.02522
11.21088
15.75933
21.47064
24.03780
40.12561
43.73622
56.32388
64.86396
71.10980
74.10868
78.83246
3.64762
16.33021
19.61952
28.02416
43.38793
53.45847
63.35947
77.92766
78.52191
90.51138
94.75153
5.32718
15.18347
19.69458
27.58763
39.13531
44.88441
50.59624
60.52532
64.74451
69.08021
78.04217
13.70421
26.01844
32.07898
44.09202
48.27896
56.95036
65.36765
70.32556
76.34561
81.84170
92.48974
9.19844
17.05215
17.77460
23.90607
31.49748
40.34732
49.83922
51.78079
57.50006
67.46940
78.91971
8.39028
24.17440
31.70119
37.53845
48.14633
65.02355
68.12399
72.49008
77.42754
80.44506
95.08988
16.78749
36.79343
44.21746
48.01721
58.58050
62.70192
64.57196
66.88900
75.46122
88.63685
91.70281
3.70061
13.56172
25.91512
38.61548
43.67389
53.39837
62.77674
67.34119
78.98173
87.19709
90.96176
9.04196
19.86262
21.58047
28.04233
32.41035
42.76703
52.99941
67.43899
75.28441
80.21544
92.24049
2.35170
11.26858
24.67942
31.92065
39.43884
53.46372
62.06490
69.24077
70.04324
78.62946
88.59253
13.77381
16.27376
19.61773
32.07963
34.93096
42.48588
52.93028
52.93052
63.71154
82.84391
88.96944
12.15787
17.66084
27.35447
34.50189
46.20601
62.50287
65.58347
82.13048
82.44787
85.62622
91.26279
10.91567
30.81362
39.38901
49.12450
52.60087
63.01549
74.13520
75.69297
82.33183
89.47538
90.51022
6.38547
22.18844
39.27055
49.38523
63.86504
70.77505
79.90805
90.87075
94.79327
97.90427
112.41804
4.26097
9.49351
17.58496
22.14394
30.98141
40.84478
56.21287
62.44818
70.85020
82.72014
94.30144
9.39777
39.87758
43.05884
55.41012
61.99069
71.13275
82.82276
89.13479
90.67612
96.66569
110.52367
7.91429
16.51851
24.06091
32.75037
40.63456
43.92498
56.12043
63.99155
65.07254
70.89851
83.52519
10.97307
18.37030
27.95266
30.68888
42.48937
56.03906
62.61771
70.85725
79.22497
86.66047
92.51712
9.42000
17.03890
25.10744
34.96560
40.95837
55.25824
62.95894
69.48886
74.77137
81.27252
87.71250
7.47949
13.73320
16.40540
20.19116
22.53829
30.75844
36.77158
40.68652
44.63273
64.37366
72.55296
5.10069
12.28294
26.74810
32.88839
39.65038
61.78428
63.22456
68.32905
70.92370
75.71450
92.31396
4.75439
6.88031
18.59623
25.70260
32.08715
39.85637
46.21336
55.69408
59.54617
67.14886
71.84424
4.37702
11.03431
20.83347
23.20608
33.40914
42.80508
48.59537
51.33866
60.75160
66.33551
75.02508
7.85421
17.36617
34.58444
37.86807
47.96435
59.13860
69.17254
79.62497
86.44505
90.54207
99.58922
4.33489
14.05931
21.37897
35.52206
43.14093
45.04189
56.89220
68.28027
81.75445
89.78329
97.79109
21.55813
32.93267
37.25082
43.02710
48.15598
56.11170
66.33164
73.38613
79.02735
80.77884
90.11427
14.24632
26.20074
37.52712
44.68118
52.93720
64.42325
76.43817
85.53802
95.43220
101.21349
109.93862
8.60373
16.19429
22.30494
29.28250
37.73353
44.68969
62.54186
66.34531
79.16572
79.45793
85.18520
11.14694
20.16863
34.74387
52.02214
64.04724
68.87123
76.23302
77.83679
81.02056
85.02344
90.18157
10.25570
25.85513
33.82305
39.92855
49.58257
57.11186
66.43067
76.86661
82.59195
87.17213
95.37223
3.05223
18.72467
20.95174
28.34781
36.21522
58.30098
76.72686
84.90448
93.74528
98.32762
106.76851
12.85467
18.38127
21.52937
36.83751
46.58367
53.06784
55.03143
59.10273
62.20246
73.53850
85.34456
15.51419
28.66889
38.68520
53.12014
55.28738
65.80822
73.03942
76.43163
80.35820
87.75562
91.09416
5.95440
29.52605
35.10739
42.41335
49.43325
56.76783
61.55001
65.39868
73.59993
86.25801
91.01511
8.70144
31.89625
43.64567
48.84313
50.09291
56.98039
68.06084
77.68917
86.10578
88.55733
99.55179
6.86945
18.13534
28.74265
32.15727
35.02546
40.62773
53.43206
63.77160
68.08510
79.03456
80.94201
17.61415
29.37962
43.46227
55.69987
63.32152
65.83043
66.29041
72.66014
76.71307
82.18363
95.36264
14.46423
24.03511
35.36711
35.71828
40.81775
50.04087
62.75446
71.88377
79.04515
80.95921
88.92506
19.57381
24.81450
27.72527
37.13944
40.93442
50.73807
63.05727
70.50235
84.79355
96.13183
101.65773
14.69779
20.60724
25.56789
39.67829
40.81146
44.82964
61.73226
66.48601
81.81605
85.27482
89.98175
3.59132
6.37213
15.29589
20.49673
33.98402
42.10818
57.63625
69.09789
79.94574
79.75702
87.75143
7.19760
18.77179
26.58571
30.14173
43.62082
60.19791
63.89475
72.51244
83.92097
88.56945
97.38181
1.70315
16.11949
21.88483
24.77536
35.16019
39.46595
49.02970
62.77715
74.65064
80.98084
96.19039
6.26889
13.38607
18.12500
30.31346
36.64049
41.01841
61.13617
69.35794
77.16770
83.44701
92.88955
10.52010
14.15159
20.10400
24.04953
36.03795
39.01267
41.30986
53.13125
58.28948
73.85656
83.51004
5.98341
19.60428
28.37410
35.05517
38.58708
51.14808
60.09035
69.43635
73.49141
79.80143
88.21342
2.94196
6.06091
19.95615
27.63375
34.39795
36.78169
51.09625
60.34352
67.17921
71.73332
75.32155
4.45667
17.27643
23.53064
31.77149
43.99006
48.13484
52.22303
64.17032
81.79736
88.01619
95.44831
6.33383
19.44156
31.11554
39.96345
44.10169
46.79594
56.52295
60.14241
64.26513
77.17121
85.99530
5.82801
27.96064
33.62594
39.30101
43.34857
59.85841
68.32443
79.95083
93.25198
96.32748
101.82932
6.95338
13.79085
22.13542
23.91524
33.11591
39.99114
46.90079
49.63119
54.38333
59.68106
70.48821
7.54274
18.45309
33.92934
45.30682
52.07477
63.17853
73.75651
83.32780
91.21564
97.28374
102.72266
3.31401
16.46051
23.14519
24.45638
32.31711
44.17290
53.69900
55.35943
65.52341
74.56723
74.89319
9.38516
19.94998
28.23649
31.86548
36.97237
45.50353
52.54240
59.17377
62.73284
73.01891
78.72758
7.61920
15.30146
19.40174
20.54659
25.04521
31.37870
43.33332
51.79557
61.97967
65.85816
74.76248
9.80752
20.52710
33.16284
43.22810
51.17170
62.68174
74.67680
76.74926
83.55859
86.84516
95.05152
6.22745
14.34569
19.57995
24.80222
31.19577
37.75069
47.74594
59.60358
65.03740
66.91574
79.29544
