39.55850
89.56993
94.30789
94.94426
88.08421
99.04913
175.25895
175.26489
7.99160
20.50475
34.99595
35.55488
68.31944
72.36192
101.82231
103.50650
141.35436
143.74480
225.38972
227.37326
5.51209
38.99719
57.83031
59.44190
98.56665
101.06845
147.75345
148.58702
27.50361
83.25777
98.29193
99.61700
1.70646
29.77608
90.16086
93.93218
79.09953
93.86545
97.57813
97.57822
33.29533
82.69710
109.86036
112.07749
12.85402
104.62035
146.63971
148.76795
25.71353
26.15915
188.06740
188.33545
8.76601
23.87839
59.88133
60.81794
101.43821
169.80366
223.87411
224.38586
24.89534
59.17495
133.91863
134.15964
75.12904
82.76941
135.23300
135.40235
17.55623
33.10269
70.03161
71.00701
9.30541
114.83519
149.93514
150.46789
55.84765
66.84762
162.29599
162.59540
2.83064
5.12886
24.38573
25.58906
9.69485
48.27801
70.01240
70.13349
16.10219
81.95941
85.61862
86.11130
15.80559
41.54517
193.17144
193.27387
28.01222
44.47115
85.24940
85.52092
39.35878
141.77458
209.90878
211.31258
51.46620
69.19662
152.64077
154.43718
16.55523
67.95190
83.21650
85.47625
124.18630
124.24989
161.79566
163.12678
163.00936
200.80822
202.98006
206.24233
50.37228
58.50635
73.03364
73.96200
5.99142
45.14004
99.81181
102.10977
5.97289
48.14355
94.42002
96.74622
23.19122
161.09173
205.03574
205.40355
52.65015
103.03912
104.49438
106.18369
44.99623
150.43634
167.01339
169.35540
100.87842
163.52016
196.15729
196.25708
68.45281
76.86044
160.75404
161.51137
4.72909
59.30349
265.69769
265.97511
38.81302
78.34719
80.01039
82.29477
2.20001
5.89669
123.75305
125.04441
56.86242
84.62616
157.38173
157.56381
20.57883
46.31253
101.32773
101.53252
19.41924
102.69988
141.53137
141.61792
52.40087
128.96140
177.67744
180.04190
12.77418
82.49875
120.81726
122.66770
84.47699
155.64492
178.47589
180.79074
34.55964
49.01061
154.10236
155.17017
100.15190
131.16949
251.94299
253.23469
121.76636
163.85850
201.20831
201.72060
27.79399
94.58849
131.69071
131.71266
91.70347
158.77578
193.75545
195.79774
4.25398
15.24813
16.87590
18.33477
113.00020
172.29423
217.26717
217.54662
99.55658
131.72084
158.25506
158.80802
26.70925
162.27207
258.03716
258.79870
4.85366
82.82458
106.24434
107.82982
6.38248
41.08233
49.40495
50.81312
41.23845
67.95865
70.77358
71.26455
2.37260
122.20333
137.18549
137.77248
39.52750
50.27462
60.25309
61.75932
0.42966
2.60022
16.37164
19.73874
103.99317
108.90840
112.91178
113.98398
34.55198
94.56140
128.75348
128.77469
56.03600
93.81465
122.99454
123.33256
50.18957
102.16020
104.15874
104.98179
8.61395
53.78221
122.70382
123.86985
38.82588
40.89473
45.11239
46.34042
14.37685
27.22819
40.52065
41.69233
8.40729
13.25381
65.70122
66.30980
53.12047
61.73592
66.64671
67.01652
29.66063
124.22964
173.35698
173.71668
46.19886
51.03069
60.20329
61.74722
144.20230
220.34425
305.92988
307.50682
118.63477
162.58150
173.68117
176.90695
45.84015
57.30640
89.39044
89.63430
51.34800
93.07899
106.13394
106.43860
82.18314
127.72726
172.41764
173.30094
7.73618
14.40068
30.01691
32.50530
29.62852
55.49011
63.85112
64.87388
72.77569
89.72649
193.63409
194.97542
34.49667
135.27776
165.10229
166.98113
52.59079
91.62881
146.74162
147.49989
36.90317
86.74548
90.03320
90.75951
40.19935
53.31647
70.37979
70.56536
70.41456
120.82400
150.45021
151.81673
68.70748
191.74108
248.61301
248.91015
122.09091
177.03448
185.86303
185.94894
25.61043
42.37464
69.10992
69.63807
35.91369
49.17462
66.53959
66.80345
2.06294
6.58744
61.18668
62.44434
80.82970
86.67911
97.43769
97.48237
26.38092
72.33329
83.96322
87.41195
34.69130
95.40186
234.41030
235.89314
122.95741
129.46932
202.98991
203.28897
80.44428
101.98360
125.89166
125.96445
15.67357
35.05497
55.06836
55.72044
18.36973
66.80148
95.04036
96.03028
23.59759
26.84989
63.56447
64.63529
12.31802
15.02187
24.94010
26.68431
