18.76399
38.72856
40.99978
42.02094
60.24095
61.15187
83.60031
98.43248
105.85250
115.15375
121.45081
137.54565
142.01730
4.78726
17.24390
34.59499
42.76051
47.26489
53.27004
59.84314
62.40985
71.76255
79.09176
83.99083
89.41101
99.16701
11.23584
26.38887
35.28797
37.11597
44.83426
51.40693
54.23869
57.84495
59.59195
66.42510
70.49557
79.55071
90.05473
5.60120
10.11362
13.61275
23.00504
28.47092
29.29289
38.80773
40.15683
44.74047
77.62734
80.98621
96.10794
100.37685
15.92986
22.62494
27.48371
46.34341
52.76004
68.85782
78.86034
83.91289
87.43703
91.95336
98.31271
113.21909
116.67748
15.98952
34.19059
37.10382
44.45074
49.56800
51.30821
58.35450
62.80734
79.82867
82.39532
84.94836
103.32493
120.97058
13.36588
18.97313
30.44697
45.82510
58.42536
74.04246
86.26991
107.63542
118.29434
126.43920
131.54451
146.87151
150.82114
11.69521
19.15315
21.65656
26.54676
30.05248
59.83542
76.92390
81.27712
95.36457
96.96672
107.07818
120.11263
125.18269
5.60417
11.06744
24.12609
25.29023
40.22477
49.70259
52.12476
57.30005
64.22485
68.32743
74.99763
95.41801
115.75171
10.26639
19.51568
24.47691
37.81102
48.71774
65.02796
77.57107
99.96233
122.70994
131.35404
139.86503
152.08659
157.47884
6.24601
9.59469
11.07685
14.15101
27.72248
44.83412
67.38244
71.42448
117.74237
123.35087
131.21345
141.06950
147.53148
10.82629
23.27721
26.70476
42.84434
68.42463
82.64907
119.82612
121.96835
131.97953
150.74198
159.72832
180.09497
184.64220
9.59798
14.27649
17.68254
22.05764
34.82967
47.58200
52.97011
55.72598
62.32719
73.75532
81.78114
88.56827
94.33896
10.84278
21.86369
43.45903
53.56078
64.33695
82.12791
108.11470
123.78835
132.28015
133.07981
134.94734
139.17402
150.39227
8.17808
23.57116
32.72276
41.07747
57.58267
60.23400
69.47935
72.29409
90.10611
95.96477
104.33633
110.71809
115.91795
13.57426
16.48191
18.40767
45.57033
54.05383
61.84506
67.10471
72.67208
81.04400
89.27996
97.82352
102.42817
111.28962
7.53184
21.08306
24.39006
45.01533
54.39137
67.63952
72.92277
74.91637
86.86786
93.55503
96.95658
105.81616
118.45503
9.95112
22.01483
27.19783
37.65808
42.57212
59.89081
76.63881
84.91270
86.74558
89.07989
101.58609
106.07910
111.19244
5.53385
13.05331
14.82909
22.17685
36.71763
44.08589
59.36085
77.31356
87.93171
100.27986
107.58260
111.03311
119.35090
8.74841
29.87298
35.52684
45.63335
64.42996
82.75729
85.89497
91.87151
104.66200
126.55439
135.77208
148.77256
160.42647
7.24358
16.27016
21.55694
37.88036
44.88912
47.22218
55.48405
64.99632
71.88034
98.61502
107.62213
119.20365
127.64068
11.23454
29.60364
33.92942
46.27206
55.77300
67.47549
77.94502
83.59799
85.23328
97.61176
107.59205
110.14380
130.98852
5.51557
12.00310
15.39033
27.98569
39.20831
46.94442
53.74894
60.92436
69.93675
85.80426
100.15549
110.84941
114.53421
18.91158
28.41751
56.97579
60.10211
68.11476
83.50567
94.10537
98.87387
108.19192
112.41730
129.43134
136.99120
147.60603
24.60779
36.63722
46.27506
49.18247
68.23647
74.17010
78.87664
103.74215
110.43958
117.79468
125.20743
129.23304
135.53060
7.59575
10.20046
14.47369
21.63233
37.28115
40.18678
57.81450
68.47590
74.19294
88.65944
98.21445
119.99968
138.09588
4.99927
7.02104
8.26841
18.71593
35.35167
43.67645
51.05987
60.03941
70.45131
83.45645
86.89742
94.29102
108.75020
7.56011
19.90179
29.17311
31.72894
39.08016
60.17386
96.22312
114.29828
126.63087
144.92013
146.34840
155.93373
166.97060
6.44839
34.86427
37.12821
49.18006
62.38258
67.73052
79.88245
87.02532
119.89491
138.76276
149.34896
149.41541
152.00422
4.77553
17.14854
34.42585
40.49854
46.71662
59.91090
70.21442
75.97512
81.87392
83.19748
89.22239
107.75032
120.19634
13.73136
28.54008
41.48205
48.82408
50.97304
68.05231
82.16817
103.90304
108.55531
128.45064
141.29512
151.65627
160.25843
13.27387
22.26996
26.41866
53.93332
68.39604
72.05129
74.64180
75.47712
84.11518
107.27678
108.78240
116.06295
127.25338
11.90665
19.53637
27.84503
33.73734
51.95749
67.39236
78.50941
91.22864
94.36040
100.54520
109.18721
110.48192
111.95328
7.99259
21.31589
34.84175
48.13002
66.19018
76.93952
84.51187
86.66418
99.00813
105.69490
116.25118
119.60964
131.20346
10.97593
13.71730
18.22787
23.02525
32.94798
49.20859
55.49576
60.98916
67.05664
80.61588
92.60572
121.66985
132.89626
17.87138
41.59281
42.38087
46.17386
55.67271
65.94541
78.13454
79.73872
93.63350
116.31842
122.29127
130.65200
137.54974
7.20066
14.99016
22.42000
43.36829
59.09156
71.43727
76.01835
80.65043
91.24909
97.06306
97.66099
111.68129
119.93677
13.64525
16.82244
26.34933
35.14055
47.91781
55.58260
66.46725
77.54826
97.27285
107.52389
111.33011
112.46292
125.32745
10.33932
17.73398
20.42329
42.13057
51.48501
65.66654
74.32637
87.98366
105.61299
114.32977
138.36462
150.06265
152.99071
9.47209
10.94570
12.12889
20.65370
25.01316
38.55919
55.57548
81.71822
89.26019
93.01556
101.15182
109.01018
114.59689
7.74025
11.71202
15.83720
32.85998
46.42415
58.62393
68.65887
78.65516
86.73982
90.55027
98.99570
105.83179
122.15282
2.94673
9.86273
11.52757
32.61177
40.61345
63.89565
71.99119
84.96308
93.56739
98.27615
99.79843
118.00717
124.60380
11.74716
30.50005
53.42185
62.80146
65.71699
73.03603
84.59237
96.36671
109.52713
122.72301
141.83686
152.11887
153.98482
12.58615
23.66377
30.30600
40.73790
45.03849
66.75001
79.20394
85.95368
110.96504
116.49859
134.69737
138.25997
149.54592
11.26879
16.15952
23.10197
32.70889
39.03511
56.88858
64.68131
81.71567
90.59334
98.57027
108.62982
116.21092
121.83418
40.09366
50.88086
58.61476
69.12853
76.35041
81.67782
86.78872
87.99823
106.57228
128.29693
130.39493
133.76802
138.31902
15.15401
17.26046
31.81779
39.75607
54.66687
66.33816
73.12752
87.76090
99.57525
113.09368
120.33839
139.45264
157.80908
16.48118
21.29958
36.14493
39.61987
47.77799
57.31151
60.53895
79.09023
96.02152
111.79428
118.50540
129.08224
135.39458
10.21383
13.08813
19.09953
42.75537
61.98126
67.38724
82.99800
87.09276
91.92205
103.62626
106.44023
115.24398
122.95577
33.85258
39.67593
54.70082
59.78724
69.92068
74.67080
85.97490
96.45976
104.21196
126.12904
130.31130
136.15160
138.61633
2.68756
5.92213
18.75740
28.70525
38.78717
62.53416
67.73775
80.38092
83.61617
89.22418
94.35561
103.53502
113.29032
2.71095
9.62328
15.95828
22.34571
42.62740
52.70471
67.22413
73.66044
78.43011
88.96507
101.86288
112.37732
118.51633
7.01209
14.55512
18.26309
20.80113
29.67728
37.04614
49.09723
54.03525
61.78406
69.74059
74.55110
88.15432
107.44493
21.15496
39.51647
50.09402
59.55729
80.31059
90.24375
110.18246
124.25676
132.56827
140.40813
145.73329
151.67454
176.31588
16.19160
17.64987
52.77586
57.68885
65.62754
86.19632
107.55608
116.15747
124.34455
131.39150
140.15216
141.21122
155.02455
5.40222
12.29148
40.28757
41.89604
51.07527
62.52815
72.98932
95.33064
102.26286
123.73311
131.54382
145.03626
157.13975
9.24322
12.27936
17.64919
37.02395
51.87037
54.99959
65.28046
66.19315
81.86974
95.12953
107.04889
116.60389
119.49304
15.33431
22.84994
36.20880
40.71882
58.00934
67.07919
75.82534
86.58134
97.16743
121.40038
125.18640
144.89728
148.38830
17.44681
29.55720
35.38137
58.49332
68.40766
77.29179
82.58233
94.45810
100.87365
113.90736
133.39869
136.08698
150.16075
16.76395
29.64382
33.03382
59.72785
72.96091
82.50602
85.46824
94.40593
97.67175
104.24617
116.23817
135.85663
139.29010
9.69693
20.93791
27.71134
31.45788
43.65015
48.61851
51.01924
60.49654
64.60609
73.19099
82.41180
91.98953
95.18894
2.72423
9.71509
16.28496
33.86362
49.75689
54.51607
68.59034
75.31922
81.23877
95.29242
106.41418
120.78365
143.00396
6.48983
15.19444
20.09224
25.35548
31.69747
43.25237
47.48079
55.19805
65.48683
88.60033
100.98346
103.97472
119.11197
10.77918
20.35700
23.68160
29.80544
40.19756
70.87943
80.54540
85.57290
89.58259
105.14058
113.47106
119.97358
120.48869
5.95759
9.78713
19.16849
42.68534
66.50265
72.87553
80.95217
82.86130
85.19108
93.54176
97.64429
144.11849
152.92592
11.00826
19.81372
26.22411
37.98165
55.39737
57.53199
61.35132
63.59612
76.08089
91.87613
113.19082
127.17003
148.96655
15.91155
30.81549
40.83517
44.61602
87.57084
95.26886
116.62219
126.03248
127.58477
137.78069
149.45106
179.54154
189.50364
21.44971
38.28741
50.07147
70.09990
88.73110
97.69319
111.39595
112.86240
121.14199
123.64522
125.55218
142.27819
152.52575
9.75242
15.15413
29.69511
38.32495
44.95474
49.04683
56.62919
58.76781
70.79407
77.78169
83.65234
96.52624
104.35824
1.86390
14.58490
31.49516
38.33569
57.54325
69.90348
75.35005
82.34148
94.97750
101.41657
106.54021
122.14698
125.60388
15.08159
36.57041
41.97789
52.74803
64.51985
81.98933
91.81416
104.82691
114.60060
119.97243
126.44394
131.32762
142.63250
2.96120
16.09586
25.59438
30.15572
33.28337
35.26703
46.93205
60.20939
65.45802
78.58950
83.01743
90.64664
112.89305
6.74481
9.88878
20.85265
41.81068
55.35549
65.13561
77.92135
91.26979
103.28676
112.22834
117.79208
119.43516
129.45282
3.92833
14.68406
39.69006
43.19991
63.53381
73.34563
96.55425
101.09449
108.36554
112.72427
120.28139
122.90206
125.07953
3.31335
9.17264
32.28688
34.75230
51.14581
58.93936
70.81787
89.34515
104.76355
113.59970
115.53386
122.77851
125.81204
0.88022
9.17205
13.08710
35.45587
42.92636
55.62634
62.19511
73.89221
76.19293
80.30438
85.89063
99.34011
103.83388
3.05226
15.24641
18.26886
30.38735
35.42147
42.16954
57.40017
61.77509
68.72444
74.05521
93.04416
111.70842
129.51363
7.71102
25.33474
38.45447
42.97781
73.75932
76.53762
93.03816
110.08692
129.81904
130.94049
139.45560
141.65150
147.16747
11.63170
26.58612
34.43662
49.18531
63.00710
67.23462
73.94710
80.51565
87.38488
103.11048
105.96201
110.60277
116.91177
10.98283
25.40138
28.71782
31.44896
45.63608
60.49648
69.02859
77.02116
83.77840
104.55836
113.27365
129.08219
143.95829
11.68013
16.29023
31.67814
34.37882
40.22677
44.86957
50.30110
61.71596
66.95570
84.89686
101.32935
109.85400
112.26162
3.12811
11.10709
16.49776
18.61390
24.08901
40.14477
48.36833
65.27831
78.76871
100.40535
117.85963
127.22139
143.20207
10.57954
24.11645
31.68310
46.36615
58.11014
71.81113
83.58916
87.86700
96.29917
103.51318
107.92020
110.47583
115.15394
23.00184
35.60825
39.67823
54.48552
67.35807
76.23602
93.44452
97.45698
110.04970
119.23642
126.80503
130.73498
131.69948
29.33153
33.27753
44.06768
63.11257
65.60809
74.15539
89.21196
102.65562
109.91788
146.55827
150.03728
156.55766
165.80709
1.78522
6.33830
16.84976
28.38722
36.27864
38.97291
42.66717
53.21077
63.01085
70.91213
87.55796
92.53416
112.97468
4.39251
13.87643
26.92619
37.94491
56.63997
60.95005
68.08256
80.73610
86.44886
101.79557
108.77631
112.98255
125.08526
38.54594
60.72323
83.31597
100.26454
118.51953
128.25441
138.64410
149.15847
158.89039
161.06713
167.17851
169.98397
170.62337
9.62728
15.02829
33.21940
36.07804
40.54987
51.64125
56.53892
63.26572
93.43444
122.24843
126.02583
130.77213
144.85769
30.76864
41.30225
47.97065
76.23902
88.45781
93.56636
99.86764
101.40742
106.92363
121.89037
152.82931
173.32398
177.85255
2.32567
13.77798
27.30934
39.16246
52.22829
60.65382
68.96676
80.23935
83.93671
90.39611
103.51690
107.28678
117.31417
29.84536
36.52851
47.29108
56.30407
64.58365
82.48381
106.02283
125.10350
152.63736
158.82437
165.08621
170.24002
176.48006
12.13492
19.85182
25.27259
36.24679
59.34524
70.66207
73.92427
80.31127
90.58198
106.56602
109.79127
124.16881
143.46737
4.23307
12.63707
24.48430
39.25435
46.46116
56.33714
70.93972
76.08603
82.75370
86.04064
88.17125
99.90272
125.37883
8.09849
32.70583
39.59450
66.41325
92.05601
97.20835
102.48447
107.25866
111.05445
116.85068
122.48178
135.41448
147.17374
5.87280
11.89361
18.82393
30.05816
36.34711
44.90955
67.54279
82.73873
94.34524
100.59525
103.02065
109.89142
114.92836
8.34118
21.97629
28.62031
57.18852
73.12066
78.16289
81.83015
92.17523
101.56828
109.60535
124.83602
127.86840
129.76109
12.69832
26.22250
41.33495
44.31900
53.27408
55.85673
61.43221
64.23333
85.06524
99.55262
107.85017
121.14115
129.91244
6.95490
18.46845
38.26509
49.31817
59.85890
70.14721
77.56746
87.73973
90.51227
91.15539
98.22008
114.70768
120.73317
1.86118
11.79950
27.36391
33.97241
39.22310
49.15619
55.17561
67.87699
70.34716
76.22904
90.61027
99.42595
105.26570
