0.62582
22.98650
26.13973
68.66587
72.09863
79.65063
84.56943
102.18661
102.41591
138.83637
139.35408
182.00061
248.09316
248.40050
325.78558
330.83793
331.49784
334.40558
349.60946
7.30056
13.44071
26.66917
29.30561
29.72456
50.88518
52.33541
56.63508
67.05070
70.28852
74.89143
78.38724
78.85046
80.12653
80.68530
91.50756
113.37709
131.00234
140.01142
53.97199
71.76129
71.77511
136.64000
148.16972
175.75684
177.40088
195.70492
225.77101
257.45190
259.89435
279.56812
279.56837
298.14295
298.44525
322.73005
326.74554
326.76193
326.76423
1.91709
38.09889
48.69561
92.70196
101.52731
116.51548
130.47019
131.77002
136.53860
141.12828
141.89422
142.26662
142.26663
149.86892
151.17640
168.64718
168.64760
177.53346
186.14763
1.96450
15.67050
40.33039
59.78804
64.22187
66.51080
127.91814
131.31148
186.19073
186.31331
240.10711
240.13533
290.23633
302.82873
303.28542
311.75059
312.66405
316.26729
341.42461
2.72715
34.96859
37.05748
45.97255
97.27297
97.33943
98.93177
102.13381
106.81780
121.60299
124.87371
124.94802
125.59147
126.34346
155.58789
168.27839
168.50862
168.74663
220.54126
93.78423
93.86965
95.97374
119.87759
156.12776
207.07257
220.84701
222.51794
231.12748
240.53026
257.74569
270.04991
277.61152
285.85315
298.71792
299.39292
301.82476
304.26653
310.90873
1.75187
5.45191
119.58515
127.25821
180.83505
190.28629
191.31459
210.61372
222.24755
222.54995
225.06523
235.77707
240.43522
267.38252
271.20890
272.44375
272.88140
301.92903
302.74620
17.12662
68.88413
137.21140
151.11910
217.60610
224.34673
226.90072
230.88511
237.09448
240.20097
241.49511
242.15873
242.15874
242.15979
247.80938
253.92773
271.68546
273.15665
288.70676
0.81252
7.36791
12.42110
34.18534
49.07742
51.92101
56.71854
98.02484
125.17120
129.55213
139.16780
141.53199
143.98312
144.10510
145.14985
166.36859
223.61259
229.27032
230.21361
24.15314
58.80383
122.78576
122.97092
130.62622
186.88060
188.14292
198.07940
230.31014
239.41786
245.26514
253.21831
265.63607
266.58383
266.59292
274.22827
274.88427
278.81558
278.95924
14.65117
25.52424
58.61647
67.98358
68.89014
76.87919
108.16186
111.39357
114.59092
116.71668
119.02225
148.04328
148.10442
152.90233
170.36926
175.14270
180.68800
190.23344
193.01860
0.95183
11.65408
13.66888
18.90718
25.67570
28.80667
57.91662
61.83437
62.56889
104.72849
141.82806
142.34508
159.26790
163.27967
169.20482
179.01848
181.43890
183.62013
188.12751
17.46961
36.40021
39.84038
42.10788
70.54800
74.89547
110.38706
114.21245
120.42996
126.37006
179.70388
194.92939
199.22035
207.53335
209.23946
214.00961
214.00970
215.40273
261.48518
6.59238
7.65860
7.70899
17.86740
37.72965
45.47697
51.49466
57.76398
62.57976
63.72235
108.59946
112.41351
153.15270
163.53906
169.82278
171.40407
177.79628
190.36004
190.36081
4.84977
25.69301
63.78583
81.98488
105.62595
116.00584
116.54886
123.47432
144.30406
146.88619
183.59800
193.13383
217.07324
251.36873
292.72479
295.81224
303.44990
313.54679
313.61093
19.88235
37.11015
41.81138
46.12117
51.50547
53.25256
62.11688
73.39258
76.66120
91.36381
102.84248
105.83330
116.98806
116.99564
135.36089
160.80231
161.00599
201.18249
212.32912
23.62259
25.56821
64.35711
64.65199
64.94807
66.84572
67.47354
68.98524
74.88481
75.51631
91.99217
150.11686
159.88093
160.08209
163.69924
191.62642
193.82015
209.85540
251.13160
10.39030
11.66464
13.74185
16.31009
29.70168
49.97771
50.99249
62.81171
67.41436
102.31757
122.38655
132.85210
145.57595
199.66950
200.21887
203.86109
203.89059
205.04857
205.40537
5.86044
24.47060
36.64516
42.05224
46.74468
61.37947
67.80072
68.85485
100.53865
106.24077
124.49172
124.91584
136.13622
136.98875
140.15737
148.22868
150.61013
157.30823
157.36225
36.75011
72.94307
73.63920
76.25568
76.99038
97.45874
100.85783
127.38117
128.37823
165.40372
166.08291
174.30617
194.29032
230.84278
236.53849
255.72580
257.38224
285.19017
329.90285
13.70401
18.97799
24.60726
30.87430
46.44207
59.70870
64.85982
67.87427
104.63288
121.62271
136.23357
151.71397
165.34965
165.38228
172.41303
174.64708
216.13563
272.65118
289.39889
30.14016
30.29103
31.64897
43.01465
51.46415
52.27873
60.66886
66.02657
67.28269
83.83955
86.91972
99.81906
101.18040
111.46045
111.78274
119.77328
119.91460
140.08284
153.12917
28.30838
48.00997
48.50101
73.89887
91.78482
98.82121
116.64111
156.42559
173.59759
251.60036
289.86478
293.31558
295.72343
295.81932
295.82413
343.68464
367.33887
367.48712
373.26709
48.65662
55.22516
98.05480
124.66012
140.42760
145.82939
149.64988
153.03625
154.48186
155.53557
192.05510
193.21505
204.14478
204.20258
218.54510
223.89897
225.74354
235.71197
236.46635
10.75160
12.59344
14.01960
16.93573
36.12739
36.85261
44.86551
45.35045
47.65770
52.50915
54.08522
90.39298
102.07129
125.32128
127.62712
128.31656
133.70573
144.75195
153.99187
11.35279
15.42604
17.31766
70.49587
107.63891
107.91412
108.29738
162.96181
179.87193
193.95581
245.18724
270.27536
279.36944
279.39328
281.12233
301.27389
357.27141
375.42103
379.50192
3.43218
10.79048
27.56712
28.82797
70.91074
84.16448
104.54981
106.25071
108.49101
137.89761
206.79578
233.42184
233.58179
236.68703
244.39550
245.84196
263.39214
339.07551
367.33372
0.38164
5.35203
10.94999
21.22996
22.72619
33.67170
48.69850
57.11736
57.71654
65.79152
71.58059
97.93868
120.91173
123.09948
125.79293
143.06485
143.53548
143.58334
161.07068
2.68819
26.33336
27.34594
32.07049
32.99030
33.25162
36.65862
85.77130
145.92839
180.99972
195.28592
275.82893
284.56644
290.00829
291.08608
291.35342
300.26142
309.33976
350.86924
13.13348
14.72542
15.41385
57.88889
74.15566
83.96114
99.61395
111.10860
113.73616
115.88764
148.72741
194.22798
194.38036
242.86004
246.90472
305.45333
320.44586
332.33382
332.63869
1.09926
6.57612
9.99120
11.75579
18.82583
23.46033
37.22434
37.46263
48.44398
50.84020
50.89272
58.66343
60.71652
60.81888
77.74110
81.93260
87.01783
95.93457
127.67576
25.94979
69.06610
95.36798
99.04247
112.94928
113.92783
115.45138
116.81730
132.57787
156.76856
167.29191
196.50529
196.52887
196.66608
197.32505
199.63223
235.23020
241.20428
255.61173
7.71390
7.86883
14.95533
45.15810
59.98892
60.97062
67.09360
88.08752
94.81317
99.46429
99.58424
124.30431
143.84403
150.94620
152.31083
177.18207
202.75781
211.85509
219.52290
15.92994
22.54042
39.88826
62.63129
62.79799
69.28672
69.97991
72.41096
76.18777
87.17079
96.07481
116.51396
135.09074
136.24833
143.67203
206.65380
213.53854
220.17339
225.83946
13.23694
20.56224
29.27948
31.25026
34.68241
80.33440
95.48126
101.72610
103.64151
109.74533
132.74879
146.88689
149.20580
195.82812
197.02025
198.17267
199.77550
209.87573
225.46115
20.14879
24.08821
34.62873
38.56834
53.74291
54.45845
89.64773
102.40716
104.27856
107.78526
112.57491
114.31504
131.55017
131.89448
136.92606
143.80579
145.79040
151.11601
152.51462
25.82869
49.02225
59.23926
71.30845
103.69346
122.38594
157.51569
158.28827
161.94101
166.25153
167.56093
185.71364
191.14123
210.18481
219.38790
221.74363
224.25484
224.50578
226.17630
8.54447
13.97995
14.55921
30.23906
35.31340
47.38121
48.09999
56.46014
58.50909
73.43265
73.62527
73.62631
73.79582
79.99961
82.88559
135.78690
187.01265
188.57572
191.78749
7.58420
67.01910
77.16351
88.63144
91.43153
94.58032
105.46112
114.74065
117.83444
136.26178
161.46504
239.35571
275.28744
294.47028
311.52165
313.32189
313.43439
355.31121
355.34444
3.54963
6.02501
27.48111
60.44653
60.94919
62.79245
71.34417
74.11887
110.37270
150.09760
185.83841
186.08003
187.18183
191.65647
204.37941
205.47874
210.78921
231.17032
250.98440
25.80715
62.97580
68.47235
84.12750
89.74065
97.72780
104.55084
143.26782
146.77703
147.42716
151.29782
155.53388
157.85287
173.07762
190.35869
218.25115
218.50491
223.13201
226.45332
0.18686
0.23127
3.21069
10.70836
34.72874
63.99406
64.53312
74.43986
79.58874
90.28541
104.40844
121.34690
121.48735
125.34194
125.54542
139.35805
173.26711
184.90452
185.07917
3.88547
4.42423
14.54928
18.28175
53.61143
54.58760
62.77031
77.30588
91.23573
95.56689
137.17110
139.71634
165.53439
173.26112
173.73153
191.45167
191.91940
205.49489
213.14277
9.19043
19.71421
50.29173
51.31102
92.84899
129.12714
141.54622
141.64172
142.03977
150.05039
150.64824
151.29945
183.95886
196.10387
196.23131
208.93085
226.26402
233.38754
271.17630
14.60325
34.92231
52.25460
54.51458
81.29995
90.71954
94.12894
94.50356
119.94893
128.67868
129.97084
221.72078
221.72883
221.79277
224.44992
229.77562
237.63314
255.84846
262.27211
6.32047
40.87898
45.15779
75.38884
76.62146
100.98779
120.89699
159.20616
159.57693
165.11470
167.60618
195.49137
197.93052
204.89200
205.20298
227.61346
254.28766
260.99096
271.74807
10.44674
13.86187
14.67404
15.71666
17.02207
55.90969
61.40076
66.85969
68.17334
68.25282
82.44240
82.61970
91.31768
96.78061
98.70383
98.70418
116.87405
123.65572
159.41938
23.93923
32.72021
40.11903
99.09098
101.73838
135.14029
138.18051
158.01177
174.85129
192.22786
199.35884
220.47843
271.46201
305.56622
306.48785
309.40137
321.22691
352.28894
352.84641
11.30449
15.03056
15.09194
31.46788
43.20121
101.13104
116.85152
130.60651
132.55967
132.82378
190.19164
190.99671
192.90034
221.09379
233.80669
233.97787
236.58348
241.80152
248.13463
2.34365
4.54556
42.53770
50.37924
66.40749
67.70065
69.68095
79.98442
82.04019
95.93711
96.14451
121.31957
123.85081
128.72470
129.27285
132.96904
155.30826
155.89325
178.69531
30.89347
34.81721
36.34998
52.22935
60.40059
64.94065
67.23603
73.05814
100.16890
128.99786
136.22841
145.13958
150.75630
160.23923
164.79516
165.10669
188.84360
199.91561
200.20474
0.91170
0.94820
36.60181
39.70934
84.96271
87.00747
103.63546
112.83942
117.25976
136.34453
139.62573
140.52391
149.96445
186.06182
203.19507
210.65180
210.73989
251.82132
252.03087
2.11149
8.24792
71.47314
112.26482
112.79439
115.95514
128.89002
129.03277
130.05686
134.80583
159.95726
204.49103
206.49124
218.31228
218.37714
259.80736
263.34855
277.98117
302.74092
30.72475
36.61005
36.66571
40.22023
45.08826
84.52814
85.65042
96.15707
99.34092
99.34781
101.89444
106.04176
118.72520
121.56497
122.56523
122.56929
127.12262
128.36862
133.05111
16.85296
72.11517
73.17243
74.60610
77.45365
118.88970
123.38328
124.11669
136.26629
141.85311
183.01975
183.07570
210.87244
229.64246
233.26208
238.70869
239.80849
265.11312
266.67781
12.86884
44.96958
46.13044
46.86577
49.96608
50.27369
66.95586
67.64006
72.60085
77.48831
77.49371
78.34374
83.79431
131.02819
134.90531
160.33906
227.87018
237.63195
239.96870
7.33539
42.89899
82.26039
96.06074
100.45641
108.53635
116.89158
136.76915
173.45828
175.65864
180.38904
182.19639
207.83378
207.92369
222.93716
242.78473
247.54691
258.86609
260.75081
16.19261
20.23812
26.88091
38.72771
43.16703
77.75597
88.48893
100.93335
115.41071
115.74985
117.34747
118.95275
119.64178
153.38973
276.16902
294.47623
358.61782
396.43734
396.43779
2.75141
3.01065
11.33779
12.72958
26.18135
50.89075
53.67047
72.72859
80.82545
81.07764
106.34308
118.32444
131.62898
159.12540
209.70886
213.12322
213.21138
214.65245
240.00100
1.64182
3.56555
65.50377
72.72265
73.36053
159.02236
160.24976
175.34099
205.20530
205.86774
210.68287
216.30067
218.67671
218.69996
222.85439
224.79420
225.33242
257.31015
257.43156
0.61988
1.23380
1.75116
18.92720
34.68277
63.21455
134.03734
141.91398
142.05149
146.24533
158.35634
159.80210
159.86888
162.04858
166.52172
170.39253
218.40358
245.32684
264.19145
46.39705
64.46364
64.79157
66.35573
129.73784
137.46646
169.67456
170.68213
209.99740
237.44969
257.56296
342.96731
343.83938
380.62470
393.90937
396.68201
423.51884
434.06511
452.60358
16.81121
51.77502
53.82736
57.62399
89.44916
91.53683
94.14777
134.14360
137.56450
140.47715
170.91684
180.08927
194.47346
225.26161
231.13242
239.62112
243.12718
262.02255
262.17334
18.77189
20.14172
24.71476
26.60891
93.15451
101.25434
123.18631
125.91837
193.51119
225.54406
226.53684
230.64877
236.85066
240.44602
242.14232
242.77464
248.72326
261.97699
262.09539
80.38090
80.39750
81.19057
81.61732
109.86637
121.16371
127.81014
138.13986
152.20158
169.96551
182.82395
198.05795
258.99879
265.37849
268.60347
278.25898
280.68731
280.69072
317.76292
2.28139
32.29048
32.96753
37.06711
90.99744
97.51244
107.30998
113.85240
138.71435
172.84714
181.43938
204.47300
209.35097
209.40112
212.98314
217.29399
241.53555
241.85510
275.59388
36.78063
38.79245
39.33395
39.90538
43.16483
93.58941
102.80305
106.54231
108.17215
108.75495
151.82442
151.92839
154.31703
188.92948
196.21087
211.77143
222.85023
225.72320
239.22189
13.46324
20.26663
32.29644
38.26801
40.02206
41.39042
41.69760
44.34426
60.08145
62.18350
67.26676
105.83433
129.35577
169.96667
175.41823
180.52113
180.63557
180.63565
189.11994
0.54915
1.59365
14.70461
21.03571
25.33006
60.69967
60.75876
71.26968
76.26485
79.84394
81.54293
97.79129
128.20092
161.80664
186.76734
239.86481
264.16242
268.10703
332.85378
9.15536
48.66142
79.71947
90.56314
92.24082
95.10140
118.58841
123.99003
124.96415
146.17909
153.91543
158.56060
194.45546
206.18532
216.29089
220.91469
243.87703
244.79811
246.13940
2.15380
18.24141
40.39370
41.39352
42.44549
56.06856
57.14668
63.38079
63.53545
63.61282
73.30005
77.58319
83.08776
91.12640
111.37781
209.18374
226.87007
226.88188
242.59660
0.15997
2.90053
9.43196
12.54487
27.43775
83.40122
85.31854
85.33159
92.90650
94.89935
95.10870
109.57509
109.57955
141.31088
190.22857
199.01709
200.24604
217.18934
218.68423
18.01280
19.32099
19.94854
27.37135
48.47354
52.92325
60.87186
69.70720
94.41495
105.16961
107.85041
129.59804
136.42784
141.42836
145.73368
208.71878
262.34221
262.92429
273.55061
2.92858
8.19809
10.51936
10.91482
35.83007
41.91044
53.18857
65.10618
76.85978
118.57774
120.07509
137.03490
143.97396
143.97856
143.98046
169.97119
178.99500
208.76515
249.27065
40.47158
57.73809
67.02074
68.76760
75.24880
121.20576
127.43382
141.50871
149.02567
151.99607
155.23798
177.08511
179.31247
187.74878
200.21300
237.44437
239.69269
252.85575
263.00843
0.81034
7.68423
12.96808
25.33354
59.44675
83.87546
84.95454
100.81528
103.90686
104.00594
110.69034
139.21999
151.25875
163.99355
171.32369
171.94209
175.93129
176.68028
183.11984
10.54364
21.21560
44.29811
56.32528
56.38778
59.82703
59.90980
66.60194
69.03072
72.02500
74.90380
75.30109
87.11904
87.29741
101.12797
101.93194
102.78099
103.71255
112.02332
3.05542
46.64575
49.13019
61.15378
83.30177
84.62475
209.60553
229.95155
232.92445
241.74711
246.67579
249.69733
252.36377
253.48642
262.95581
285.06554
285.47261
298.00483
300.15142
11.72447
45.84072
96.90065
96.91042
99.59750
102.55671
109.51609
112.40281
129.33195
163.69537
172.66687
172.66695
179.57296
185.38824
185.58758
188.31791
188.51077
197.45116
202.79555
30.36840
31.15937
67.60346
82.66812
82.96135
104.69478
107.94305
109.21167
117.95660
139.34020
140.07793
170.18146
173.77701
182.16301
190.28334
225.72190
272.30322
283.38426
287.30192
14.99319
21.30199
24.06808
31.95260
48.67453
50.36719
61.80386
62.19560
64.59809
88.86129
108.27407
132.74930
143.43804
150.81975
159.33895
216.40497
224.73796
262.76801
293.96550
16.52040
29.59000
44.90701
47.24164
78.94695
93.63450
113.96436
124.82855
140.18555
140.20753
148.06757
154.01546
154.88635
168.04302
168.24622
171.18230
171.71404
187.78885
188.53370
0.69898
7.17595
9.19054
16.02134
25.82861
26.39460
32.38847
35.70413
40.78080
60.30179
69.20178
100.83955
100.90391
140.75159
159.66760
170.44147
195.84976
201.45961
232.06369
20.40259
20.45298
40.75196
70.11916
81.18024
86.34226
87.26406
114.12866
125.55664
127.66244
142.32773
142.35664
142.42129
148.90938
159.07035
172.39996
185.92875
203.91308
214.10108
0.40475
5.37899
20.90352
22.20145
24.66537
38.32010
72.88483
74.95925
78.86391
92.33725
99.85815
105.31244
112.12106
116.78087
132.16562
145.91312
147.00751
151.51912
151.55625
14.98566
23.08820
28.14395
28.49119
60.67741
68.73785
68.95281
81.51734
85.52670
106.61300
141.86615
147.16432
171.90430
186.69819
186.70156
226.94572
232.66004
233.34950
244.44924
0.34854
1.07214
10.31804
17.65388
28.22404
30.02193
33.32985
42.92875
43.66374
113.66687
115.27420
121.64248
125.41142
159.03582
172.33368
227.70092
244.79736
244.80396
267.62463
0.19537
1.06229
57.25848
75.65193
86.69898
118.76445
129.69255
131.15769
176.24798
177.98290
178.30425
197.87736
199.77540
199.99052
200.39560
200.57111
226.55333
226.59662
230.09597
8.64802
28.40355
33.39570
33.49832
42.03775
46.18337
47.06527
58.51404
64.14037
65.09777
66.84520
81.90725
81.91058
82.05740
114.54223
120.05458
129.09545
140.50115
161.16516
6.85306
9.13615
10.72271
46.33373
50.66065
58.72401
66.16699
71.53022
73.41944
89.14536
93.39607
97.72577
101.45202
141.37100
148.17270
149.02809
149.56813
150.41059
171.02950
5.42565
24.78443
26.03313
70.08961
81.44372
84.04734
91.78970
111.39987
118.32112
129.47531
130.50001
130.78007
130.78208
133.57040
137.52910
139.51919
145.06336
158.80774
181.13255
2.08636
22.99391
27.04103
38.66338
42.06811
50.98172
86.07968
95.41479
117.05426
120.37198
123.78988
128.00556
130.22989
150.16167
153.93340
162.63620
163.66589
163.84980
164.91566
7.98622
9.48111
10.72871
25.41025
27.16335
27.84767
64.27475
95.11490
129.03416
134.44767
157.34069
169.85070
175.76019
175.90158
180.30730
194.61743
198.71772
200.53120
200.55488
2.78438
20.12797
20.96553
51.05541
52.24495
57.03183
70.33281
103.71150
112.60671
131.20060
143.32914
145.70330
176.75566
176.76830
176.76881
177.94193
210.09761
210.36896
213.36445
0.08809
5.55474
7.34545
21.47039
27.59398
49.30229
63.60172
75.91373
155.32663
156.52067
158.54410
165.18794
185.93664
193.88928
196.25660
245.40872
245.61089
299.13251
308.41389
23.44647
65.95524
77.88116
79.70846
130.63802
134.31940
135.66623
138.33041
140.38824
150.67393
151.60826
151.87792
157.52860
160.25132
213.48513
215.11848
215.19040
262.43200
264.76156
4.40075
31.72174
36.37053
36.93638
37.63237
54.74893
62.07766
63.77289
74.50430
84.19641
133.78453
161.43158
164.45665
169.51896
172.16547
212.27830
213.30843
225.47570
233.83081
13.86575
19.46822
22.15880
25.69627
29.07781
29.87060
31.00248
39.45872
50.40401
59.70562
65.10777
68.91481
88.19002
88.64551
118.84201
140.98174
145.18067
155.95124
157.24067
10.44418
17.87154
45.70462
46.60601
77.98861
78.11196
79.14882
80.13169
81.90189
105.19554
107.43317
139.97355
151.85115
158.55600
180.50796
180.66497
183.73721
191.68772
211.69688
