4.62628
6.86311
19.78560
28.80579
32.67452
34.97001
39.27501
44.40244
46.99262
60.30926
66.29497
66.76044
71.96759
72.10584
74.53522
76.73643
77.20767
80.85135
81.32247
85.78835
86.38248
88.09670
12.07405
21.80624
37.05974
40.72670
49.03715
54.63542
76.69572
84.98532
85.95055
99.49255
104.33925
110.72113
126.86933
132.63343
141.89862
157.66112
160.52932
177.05853
185.50370
186.42845
188.57587
190.93781
10.17426
20.56107
27.11528
38.92500
45.45418
52.47793
53.63826
55.72792
56.32352
66.18835
71.34780
70.19643
-1.00000
-1.00000
-1.00000
-1.00000
-1.00000
-1.00000
-1.00000
-1.00000
-1.00000
-1.00000
3.80077
17.43146
26.31029
32.77873
33.16033
40.73456
46.52119
52.89838
62.95308
72.81729
79.61138
84.27819
84.12072
89.32634
93.29034
96.40446
92.16991
94.52772
106.74067
110.39714
112.42541
117.63355
6.82911
8.20469
10.08922
23.13674
27.75831
37.92434
39.43032
41.01776
38.31157
45.41718
-1.00000
-1.00000
-1.00000
-1.00000
-1.00000
-1.00000
-1.00000
-1.00000
-1.00000
-1.00000
-1.00000
-1.00000
1.35279
10.08454
19.89813
41.62807
46.72042
48.66421
50.04046
74.30685
78.36076
80.66471
85.13666
89.94232
93.58837
105.46623
108.00648
113.45437
116.52281
115.27993
118.01999
123.53025
127.17810
131.46897
1.57131
9.56801
14.84014
17.54922
20.12463
44.82488
47.04512
55.07355
63.21367
65.47817
67.89553
79.37216
97.78717
100.76005
104.29680
105.40087
107.67738
110.65205
118.40318
118.80826
128.48888
131.94343
7.62036
23.61030
29.08505
33.11374
39.85362
57.79314
84.58748
88.31808
92.69669
93.90694
104.87006
109.23691
109.45506
114.72126
121.09563
128.03648
128.97327
137.32836
148.72711
155.90163
158.44997
169.19210
13.93440
22.20453
27.60986
37.73268
44.37537
48.80919
51.93724
57.86860
62.60837
68.49386
73.11674
73.15374
92.64382
102.77862
103.98710
109.88956
110.87760
116.95894
116.87256
118.54942
119.65527
128.81690
2.38314
7.45265
7.64144
20.05353
21.25729
25.24509
40.22100
48.53916
50.50617
61.73585
65.50317
65.81496
68.47645
68.89123
70.17120
71.04577
72.78205
76.27587
77.80900
82.29766
89.53358
94.38242
17.81574
21.48019
24.62520
26.15368
39.71867
45.43509
47.11237
47.98163
59.30881
59.54321
62.81813
64.30415
78.71671
79.58567
82.35871
84.05225
106.72834
119.51960
124.17878
136.38870
140.24945
166.19256
1.15675
5.14116
6.37934
22.96670
26.26684
32.54867
56.42439
58.65406
-1.00000
-1.00000
-1.00000
-1.00000
-1.00000
-1.00000
-1.00000
-1.00000
-1.00000
-1.00000
-1.00000
-1.00000
-1.00000
-1.00000
12.37401
18.99848
30.72090
37.90369
50.35614
54.14317
56.19101
66.21830
70.30273
71.57145
77.08413
77.85670
79.55286
79.61772
85.38321
85.84233
89.73821
87.87121
87.97847
90.19645
93.20087
97.05405
4.79526
17.45675
17.27428
26.88611
29.04775
30.08485
33.39094
47.84822
55.75138
56.07092
57.64795
61.17486
62.00369
66.96872
79.24927
87.01097
98.03084
100.65932
100.39755
123.69972
124.87542
134.60752
6.69346
16.26546
24.26881
32.95511
34.55800
48.97947
52.53986
63.98800
73.28292
80.02347
85.09263
89.17264
91.75918
92.74467
99.60007
108.44560
114.99741
123.02515
124.41846
124.97691
141.70048
152.08103
17.24808
25.13849
30.36593
53.64215
59.66690
68.59163
69.13119
86.83781
88.89451
101.30802
101.52760
106.89954
111.09792
118.18873
125.80430
134.00240
134.51138
136.15577
138.22450
139.54323
147.73951
147.98155
6.33491
7.56438
16.52551
23.55670
24.57879
25.22409
29.51832
34.96130
45.34322
50.27185
59.19849
65.12157
79.72916
79.83859
89.55152
95.67561
102.32224
109.32475
118.20650
121.64792
126.73564
131.51804
5.48834
23.17099
41.77719
43.00120
50.36477
65.69571
71.46240
72.63961
87.40801
97.10933
103.69113
125.89737
143.20228
155.53942
156.23533
162.86178
170.93595
170.25440
174.82914
178.79221
178.33343
202.46594
4.37108
18.93803
26.31563
38.17012
38.27401
42.41958
46.34692
52.13629
65.73132
69.77732
72.22237
87.70217
90.60209
90.94929
105.88794
113.37036
115.61122
117.01801
126.04604
130.91865
138.07431
139.29798
12.81952
32.00466
34.30644
36.26593
44.91584
48.23458
58.30620
60.19111
60.55268
70.94088
79.91259
81.73533
94.65250
96.59457
99.31741
103.53920
104.41917
125.70233
129.55163
138.24692
142.30853
158.97400
0.65502
6.30438
17.11927
26.63310
25.78767
28.40678
38.39931
47.70875
52.55825
57.45868
61.69589
75.40425
75.99273
79.11093
82.35978
79.78457
81.73058
89.24114
94.93754
101.21063
110.09833
111.40269
2.82243
21.09438
30.11843
31.38233
46.07529
57.13226
70.65703
70.99294
76.72116
77.53322
81.39166
83.18528
86.71455
87.54654
89.35440
101.76927
110.19511
110.63574
110.49443
111.08037
111.08037
118.69785
11.64803
21.31270
26.89667
35.20224
46.09826
50.57155
70.02397
79.28009
82.28801
88.61608
93.48831
99.12596
112.06981
112.42832
124.94759
126.32655
128.17817
130.69750
133.95719
135.74917
139.13997
139.96394
12.58489
18.65906
21.50151
24.73007
30.58539
44.86805
51.32819
57.80384
67.70571
74.43878
82.61583
87.15820
90.37596
91.48696
98.07357
105.13027
106.10973
111.52781
112.36893
111.46321
112.58211
113.80505
7.59051
12.60213
13.38443
15.40415
16.90958
17.25861
19.10983
25.92725
35.95299
36.98582
42.69939
53.20957
53.86174
54.93438
57.66662
62.88647
68.63768
74.66139
77.97830
84.65021
84.67657
91.16783
0.51168
18.72273
27.94037
40.99212
40.76918
43.96748
48.58264
53.57054
55.20242
58.07402
64.39887
66.18557
69.04377
71.24042
72.16970
80.40217
81.97043
84.45207
87.88430
89.89689
91.59378
93.65998
27.20475
36.48829
38.07568
43.80558
44.26290
46.03428
53.82361
62.59092
70.97815
72.48813
86.21990
89.71548
104.31296
110.93277
112.17121
113.95342
115.02766
115.18391
139.80405
144.07170
147.91058
148.19270
8.02134
23.85123
28.07763
32.72735
43.46919
51.89444
55.15566
60.31743
57.94951
63.63508
67.71114
73.71536
77.32162
79.06450
85.80451
93.69089
98.76353
97.35735
106.93692
113.61873
123.77371
139.00664
10.04940
14.14725
21.10744
22.55983
26.83027
37.63044
43.37946
47.24784
53.02458
58.11585
65.82768
68.88989
69.90464
72.92652
74.80255
86.71422
92.21017
104.68363
113.08400
123.06809
128.44351
131.59864
5.86951
9.39101
10.37611
21.61548
30.85479
37.06951
39.62779
41.43231
41.52505
45.54889
47.31353
57.70925
57.67172
61.09775
60.67109
64.93716
83.35505
87.40585
93.73168
94.01945
95.66218
96.68371
3.36806
5.01606
19.66458
23.52278
33.56887
41.69744
57.94446
71.03501
71.53701
73.82330
91.65677
98.41454
101.72593
103.45184
109.57776
110.43430
116.20930
123.25350
129.63944
130.95562
137.29983
139.48737
1.41034
8.28297
9.99848
15.35146
20.86850
31.86578
36.68527
46.88657
45.55912
48.40529
54.46740
59.17589
61.19347
71.95534
75.81803
76.90448
79.11002
96.93725
99.74894
104.76713
120.21709
130.85927
1.66251
4.17429
16.80539
19.41905
34.29240
43.49883
49.40767
51.18297
50.74894
71.21459
75.37872
77.76612
77.89623
92.87733
98.38121
101.87396
117.18148
126.89213
130.22110
131.57178
131.23135
133.27133
1.33373
6.67738
8.33049
25.38120
26.45014
28.81924
33.07087
46.11712
52.25609
70.29369
75.38061
75.82399
95.37865
99.91816
106.49446
113.56916
118.84359
121.96626
122.95246
139.79999
143.75550
148.06756
1.96601
4.34276
10.06319
11.14644
13.73910
27.95267
28.87317
33.53175
38.92048
38.75658
52.57832
59.78535
72.46379
74.00408
73.62152
75.77944
84.05667
94.46096
99.05383
101.42181
104.81786
111.28958
2.23719
9.10422
22.10233
23.48635
30.34702
34.24892
38.56378
41.55805
40.21997
45.89761
58.37143
58.91534
62.00501
63.52602
68.70593
75.72675
85.08069
100.75599
109.42902
111.75541
136.03825
136.04958
5.64240
7.80466
16.71873
25.79351
25.81989
25.74376
28.00138
36.19450
40.87387
47.53349
53.20819
67.31709
73.20696
89.46538
91.50975
91.66788
94.62529
103.86277
106.35683
107.44643
113.44112
116.59616
5.95157
22.82990
23.08659
39.98506
42.65611
65.19491
70.53535
77.87587
81.38943
83.06447
90.79232
91.71663
94.20341
98.35255
100.78939
107.96071
112.31810
114.06658
120.82608
122.47494
127.56912
128.51686
23.90744
26.41474
35.46981
45.94961
47.93124
49.30623
49.67178
57.24320
69.30679
74.42611
91.62839
101.21733
104.20960
116.90098
121.90649
132.05685
145.22935
146.36246
149.45470
155.75242
164.94003
174.47026
1.36985
7.92518
12.60605
20.58645
25.29016
27.59862
29.80520
41.18558
51.63417
52.01238
55.10419
59.39060
62.74755
63.69485
69.60408
79.33868
82.47061
88.92869
91.76785
110.30506
114.41980
114.06376
6.78763
10.79244
22.38117
41.35875
65.40841
90.10173
101.66161
108.48880
116.26453
133.38520
142.13082
142.40930
147.83559
153.88111
158.42535
159.52949
160.90734
164.22701
176.27451
178.27541
185.97474
189.66616
8.22746
12.62068
19.24535
23.96338
28.18922
36.55718
40.52246
40.18983
41.42635
45.35340
47.80932
50.74351
56.96511
73.02295
72.98984
81.31504
82.76987
85.70194
86.25565
86.28500
89.08362
99.07777
7.27321
14.97707
19.52966
23.11848
28.82469
45.54026
49.33971
54.15578
64.26504
78.92070
80.85867
88.19588
103.74834
108.77196
117.98384
125.99670
130.63372
132.22292
133.10254
137.64226
137.89612
151.32945
4.59385
19.93848
23.97199
41.44659
41.88791
45.44077
56.31117
63.26188
65.61747
70.32493
75.60465
79.53631
88.64327
88.67722
90.98419
95.61107
98.40432
99.51314
99.51491
102.51108
105.51096
112.28161
2.40170
20.45851
26.46912
39.63616
51.30479
56.94453
63.39331
72.21200
78.58291
79.77962
83.97223
90.45679
90.75394
93.82845
101.12087
102.80371
105.21220
105.60602
111.48916
117.11327
117.75072
121.26249
5.55146
7.14337
27.15172
29.93951
54.23284
54.63890
63.35499
70.59073
81.79293
87.16946
89.29014
90.15410
99.14923
103.36803
110.81812
126.86118
131.51692
137.74074
138.79075
141.68478
142.74598
146.42895
7.90675
12.36542
28.53088
33.87224
36.64221
38.24780
47.83024
54.66344
57.81678
61.27922
68.75633
70.39531
82.50442
98.17154
99.64292
99.66810
101.03621
104.25936
112.11610
127.60887
129.34160
137.82673
4.58642
9.13574
31.17032
33.06912
35.79570
46.72742
53.26211
55.82538
56.04644
60.55089
72.41879
73.22230
79.36130
82.93224
84.52067
87.40129
87.48274
90.95686
93.58395
96.96506
110.25120
111.23350
5.93712
17.61953
31.48822
33.20508
40.68890
41.78139
42.78682
47.20872
53.47147
55.63806
74.25488
75.98697
78.86536
90.38328
108.02500
114.14025
117.67424
120.82238
120.82323
124.98030
138.69289
143.11994
2.99177
13.53075
25.85828
34.22451
36.54210
50.09839
46.03146
53.59319
68.71349
69.07822
71.79545
72.22065
76.02465
78.21565
79.01335
86.35126
88.92066
91.10613
96.18499
101.03782
101.57615
105.94446
6.10806
19.75145
28.19098
27.18187
33.26382
35.54322
40.17509
60.22531
61.40706
62.06534
71.45541
78.92939
79.90103
83.10747
102.81268
113.00538
123.48521
124.95528
132.37133
139.42482
140.01812
154.89995
8.23701
11.77800
19.14502
21.76816
24.83755
37.76957
44.68674
61.53478
65.24014
66.83688
74.40069
91.78698
94.40114
99.59028
106.19003
115.55286
120.36582
137.75832
139.02361
155.67819
156.92978
164.69643
5.71672
32.20580
34.56879
43.56452
47.49731
52.98788
53.36564
55.18077
61.70028
67.52490
67.21602
73.48115
85.21341
97.39703
112.09430
113.55939
114.63260
124.61395
127.02381
134.56485
138.47872
139.49958
8.03229
16.49602
25.47096
32.31690
33.52918
40.63519
46.87185
47.99522
57.48300
62.57645
62.78525
62.93227
63.10763
63.47837
91.45654
107.50265
110.32439
111.64989
116.05908
129.52579
131.50262
143.43360
10.73460
17.62250
19.25709
25.01785
25.90331
28.15103
28.94723
30.40020
34.74941
44.80238
46.07611
46.03350
56.39037
57.57261
61.29642
70.11625
72.70577
81.75509
81.95232
94.54143
102.42541
109.16216
2.98810
9.80132
14.26139
31.61057
33.11279
33.61575
42.66326
48.42973
48.58997
51.53552
51.70054
59.65984
62.51179
64.66502
68.13615
78.44095
88.92727
97.62966
98.25173
101.77231
102.51785
110.21176
5.55268
8.04643
9.00945
14.31285
46.79032
48.91931
52.20646
73.92536
77.31755
79.79970
90.00294
97.95785
107.82466
116.31200
125.12240
127.78233
132.15738
133.29677
133.73440
134.52207
137.46311
138.37733
3.73102
4.60574
4.37412
10.67893
17.33742
23.66203
31.67178
45.09271
49.22270
77.38278
78.93375
95.55909
98.37841
101.41283
108.08143
117.06617
118.51505
125.03804
130.04727
135.94293
136.37741
138.80296
11.17994
23.08389
38.56948
46.88708
47.60054
59.25107
64.60679
66.46808
67.28708
76.74447
91.05982
100.36432
103.49596
104.64203
104.60463
110.60259
113.55291
114.40829
125.43660
127.92111
133.84157
134.10824
6.72432
8.34548
9.20347
11.01736
27.76952
45.03045
45.31434
51.45629
52.81763
57.10667
59.34771
65.41537
81.92928
86.49586
87.94313
94.79608
95.77596
100.53078
112.12499
112.59177
114.74457
124.42273
13.89322
27.79326
34.19464
35.07429
37.04151
49.47690
55.66303
73.40997
76.94746
77.64997
81.46150
83.12431
82.81647
83.32357
96.34643
101.70087
112.99469
113.42055
129.64488
138.47603
144.35146
144.73327
5.69549
10.95529
20.05146
25.06050
32.81018
55.02301
57.41193
62.11677
67.99053
73.40257
83.50539
85.35394
85.47870
91.52570
100.95161
102.39754
102.83354
102.98018
112.26593
117.99237
120.48267
122.98543
10.37166
18.38465
25.43147
32.42982
36.98270
44.03274
45.18492
48.12946
58.58556
67.60440
74.24538
74.85455
80.31031
83.91065
91.33989
109.60890
125.30730
141.56839
144.05325
144.31238
146.50012
148.72534
3.35018
19.48608
30.98091
33.82244
80.96725
79.34448
75.63278
80.92798
82.62310
87.14117
88.63103
88.59324
92.38363
104.36909
107.08820
108.39641
120.83013
137.18485
139.00973
142.65564
142.71892
144.63472
0.45878
2.24580
12.79570
27.82258
30.60399
34.12651
35.58727
41.56845
48.11774
53.97447
59.21807
61.31407
63.74479
70.10081
71.85608
73.28282
74.54250
75.42568
77.05037
84.81134
92.25526
99.79574
8.92356
11.14803
14.43175
18.63273
26.40600
33.90539
36.45419
37.33036
48.36075
48.52357
55.53104
56.28771
67.36089
74.67104
78.78188
84.73316
87.58130
95.05964
107.75964
108.43082
120.73222
123.56176
8.04602
16.96234
23.46487
31.62364
36.60179
38.51410
46.09006
53.39826
61.23504
68.25040
79.56949
82.51138
85.29460
86.43633
88.48175
91.41202
91.77317
96.74221
108.52209
121.12368
121.25103
129.77512
10.65145
14.56119
21.81930
41.06147
42.82154
45.19807
45.70119
46.89177
52.56617
56.53008
59.16880
59.71812
71.16546
78.87730
89.40747
102.21277
106.50094
108.10090
120.66066
124.48562
125.09702
129.51603
3.96292
9.15453
10.40132
14.57257
24.85328
27.59849
28.00227
40.64907
62.89409
62.80893
68.60879
73.14552
82.36965
90.85472
104.42437
115.28516
117.33272
138.79578
144.59298
149.36276
149.69952
153.99594
3.22622
4.02685
7.50365
13.04753
19.18021
23.69396
39.13747
65.72227
83.06229
86.42228
90.43167
103.78922
114.38228
115.73303
126.23327
132.49561
136.26754
136.37553
145.48150
148.70614
156.46815
156.55212
14.90227
22.88526
32.85032
34.93170
36.09933
53.25139
57.22792
58.69630
74.38850
84.36934
100.02832
113.21824
119.05370
120.59340
123.94317
127.87232
128.55026
128.56753
132.51530
135.27124
138.61297
145.98259
2.96095
23.65391
26.23469
27.26163
34.39372
42.00912
55.65972
64.84748
67.91490
71.17213
74.37147
78.92410
78.05316
80.23120
90.57254
96.05455
97.34196
98.03273
104.03038
105.43756
110.89000
116.99163
13.06833
29.91176
33.20920
39.79624
40.57546
41.22394
48.62352
52.37401
52.67252
56.29575
56.78205
62.34796
66.07204
79.32894
85.96532
87.25056
92.52458
92.90860
93.17252
99.56427
107.05143
111.81453
8.29677
15.72088
30.76176
34.07578
39.34393
42.19443
61.44752
67.51327
68.47449
85.92568
89.72458
88.91757
94.44177
100.70656
110.12475
109.78596
115.80405
126.27206
126.70192
128.16089
128.75492
130.69437
9.01502
18.32504
21.39175
32.10911
47.66236
49.49843
51.27198
68.83503
75.56529
80.18535
85.06400
84.63778
86.48480
97.22118
100.59374
114.06235
117.19364
119.13041
120.79856
130.20012
139.78750
148.45749
2.64079
22.42002
25.02874
33.08664
52.94261
53.82396
59.45768
66.25182
66.73272
68.09725
74.70601
78.70635
89.02682
91.36279
94.02915
94.05929
104.47971
105.89056
106.01840
114.13256
113.45605
113.59214
10.87781
12.24164
24.57457
39.22422
46.82764
48.72309
49.67706
57.53070
63.38625
69.04048
77.21128
73.88710
74.01407
83.75935
84.03861
88.13908
88.52333
100.28921
101.21804
109.70022
125.63579
139.81873
6.40759
61.30499
66.78104
76.39795
85.62874
86.42859
102.40876
122.35763
124.87848
127.90994
133.53005
134.12484
138.88024
139.14020
149.05576
149.38204
148.59926
158.42927
158.10611
166.71987
168.06890
172.61052
29.30551
31.42785
38.61109
41.79399
43.29310
47.58004
56.82668
61.52449
67.76575
78.83654
81.55467
85.01704
-1.00000
-1.00000
-1.00000
-1.00000
-1.00000
-1.00000
-1.00000
-1.00000
-1.00000
-1.00000
7.96397
18.97264
26.15534
35.09226
40.22122
42.68540
50.40703
57.86964
58.29580
60.32138
67.46959
69.40536
70.43608
72.13385
72.55587
76.59356
78.17713
78.88569
81.07124
84.13752
85.56074
87.83886
3.76942
30.33227
32.53727
41.26611
44.10745
55.80672
62.76087
68.13003
85.29248
93.33292
95.01552
101.72253
104.34408
115.50325
118.45283
139.36578
139.97784
146.12067
147.37876
147.28299
147.29524
147.34103
8.58550
14.68445
15.93455
22.95958
27.95637
25.94024
28.41973
41.65825
47.66786
51.17337
51.61294
58.52962
64.14252
81.94175
82.33635
82.95295
83.82739
90.17446
97.31121
100.88639
105.83042
109.10127
4.21216
12.25711
20.58777
24.29547
40.56950
40.71714
43.07606
-1.00000
-1.00000
-1.00000
-1.00000
-1.00000
-1.00000
-1.00000
-1.00000
-1.00000
-1.00000
-1.00000
-1.00000
-1.00000
-1.00000
-1.00000
7.69527
22.64467
27.69577
31.59006
35.66136
40.74466
-1.00000
-1.00000
-1.00000
-1.00000
-1.00000
-1.00000
-1.00000
-1.00000
-1.00000
-1.00000
-1.00000
-1.00000
-1.00000
-1.00000
-1.00000
-1.00000
8.74904
42.02905
42.59185
44.52708
46.07062
49.32793
51.45495
66.90780
75.72652
102.00721
105.33473
117.84640
129.07747
133.38885
139.47560
151.63757
155.17890
159.18228
172.64526
180.43467
183.51912
184.71256
2.66023
5.61015
8.25763
8.03841
10.73101
26.74483
34.68255
34.94380
41.40141
39.89641
41.42969
60.48593
65.90556
72.08336
73.30644
89.79509
90.85514
91.72626
111.58810
115.39051
130.37307
138.95603
12.16892
16.87054
18.82351
21.38494
22.98494
27.95319
37.55479
39.14426
40.10277
45.18160
48.72336
55.49077
62.70984
65.21970
74.78504
89.44861
95.61104
97.48741
99.95329
99.95736
107.30017
104.24474
1.18563
3.26162
8.50997
12.19156
35.30205
46.01895
47.33956
53.85380
61.12655
64.89463
87.66396
97.63971
99.44812
107.03222
121.71549
123.49140
126.19246
139.44115
160.75629
184.13466
186.96490
184.69023
12.16698
16.07193
20.70511
23.68122
31.56291
41.00814
52.74791
60.68411
62.52218
83.63098
87.80232
89.77659
97.67904
102.78107
107.19476
114.84778
120.90085
121.71670
123.60943
129.08015
139.72027
145.01926
8.13298
8.86630
12.07745
24.13353
34.29428
41.91731
49.60233
59.23358
61.24588
76.74765
83.40187
98.60667
107.63548
108.99786
111.77683
129.95878
135.34198
137.66069
149.17182
154.09070
162.11547
170.55302
19.51299
24.70367
27.82103
29.72356
44.61240
52.85077
53.10149
58.41084
59.90728
62.16506
63.75816
68.88677
73.72063
77.05546
89.11237
89.79939
96.43661
98.34644
109.98304
114.53291
128.71667
132.61155
1.44185
6.28198
13.78067
17.59528
21.52353
29.30396
32.08099
38.91724
40.85151
41.74410
54.63356
55.95166
59.92669
66.25274
66.28602
68.31776
65.13359
65.41685
69.71177
70.58522
84.51692
86.92509
0.57510
11.68839
23.03544
30.83460
36.06947
41.01643
68.81591
80.75260
99.10929
100.88645
102.40277
102.90356
109.34701
112.80826
113.21743
118.67993
131.11316
132.40716
141.11798
149.85816
155.48282
166.79222
7.07270
11.80370
12.96995
24.61436
28.01060
32.79572
35.78964
39.16481
48.30494
52.92257
55.19224
58.69280
65.76665
90.58337
92.74443
102.20761
111.70043
112.74775
130.76989
130.81699
130.90867
138.52901
10.79517
22.93252
48.53017
51.84687
56.81938
65.85394
76.33805
80.41774
83.89656
86.05647
87.17934
88.66597
89.42935
91.44677
92.34713
102.42161
109.72179
110.43864
115.68315
118.34397
130.76278
127.70166
1.18497
3.80609
5.34686
11.08089
11.17495
11.46840
20.14610
36.29375
42.17466
47.63545
53.97147
69.21046
72.82444
86.55714
88.47389
88.80796
92.18755
100.63587
100.61008
121.52402
121.32284
130.25609
5.14496
8.32010
18.91976
24.67788
28.59794
43.72983
52.16521
59.98018
71.03238
77.33965
85.13705
86.51001
99.52282
100.65788
114.86288
116.19018
121.77731
123.29808
129.55519
132.92280
137.52334
140.34927
0.63758
12.64179
13.87213
21.61676
39.85948
43.07035
43.40514
46.76403
46.74247
53.94235
56.35412
85.20308
-1.00000
-1.00000
-1.00000
-1.00000
-1.00000
-1.00000
-1.00000
-1.00000
-1.00000
-1.00000
7.48024
13.32265
18.79822
28.45885
36.59013
43.03716
52.34030
56.28192
74.11374
79.42788
88.71885
92.87264
96.12673
101.75932
108.78057
108.67332
116.74116
118.40128
120.63980
129.47463
133.23049
137.54476
5.89852
6.64930
9.48896
11.86873
13.36377
18.27994
24.27593
24.68333
32.31058
36.78871
50.38787
52.23538
58.03181
63.11236
72.74324
83.20511
89.21618
92.39328
105.51882
103.77902
106.63483
121.08099
