0.91731
0.93353
1.00984
1.19190
1.78596
1.90914
2.02756
2.28259
5.14649
6.83377
9.64163
9.89449
10.58179
10.93927
11.14032
11.68990
11.71723
0.23261
1.39790
2.53946
3.24086
3.25359
3.39588
7.52408
9.51461
9.72697
9.73100
9.83286
12.51067
13.24788
13.43126
14.48672
16.19616
17.10666
0.41196
0.45867
1.44162
1.59124
2.09906
2.83669
4.73739
6.11276
6.12142
6.27479
7.60671
7.85373
7.85438
8.60496
8.90706
8.94341
8.99636
0.79577
0.84615
0.91051
1.31638
4.68601
5.27708
6.96095
8.88510
10.74443
10.74995
11.87132
12.60315
14.35854
14.92745
15.32670
18.47382
18.65084
0.65206
0.74105
0.74141
1.99903
2.74836
3.39566
5.09927
5.13248
5.29810
5.55878
6.24063
6.31495
6.78342
7.55822
9.53975
9.68229
10.51272
0.65543
1.03529
1.23209
1.26663
4.24836
5.87034
5.87308
6.07114
7.73136
9.74783
10.14026
10.43738
10.50786
11.38070
11.49649
11.50735
11.93974
0.14317
0.17399
0.55840
1.11778
1.44939
2.00001
2.59823
2.77868
4.71456
5.04799
5.25636
7.52624
8.60482
8.64418
8.98465
9.79367
9.91834
0.00000
0.35424
1.75539
3.99598
4.50864
6.96365
7.33673
7.95043
8.02457
8.34369
8.42016
10.10411
10.19203
12.28402
12.97992
13.34640
14.33265
0.23451
0.78668
1.06941
1.10703
1.47962
1.97154
4.70487
5.06381
5.32932
5.49181
7.29220
7.31039
7.70647
7.84330
8.43227
9.94017
11.28142
0.64832
3.13573
4.40984
5.71173
6.05801
6.57714
8.40209
9.62126
12.12117
13.52081
14.67814
15.29213
16.19482
17.58436
20.29717
21.35248
22.54160
1.85096
3.04162
3.61392
4.09050
4.53136
4.54602
6.73264
7.07809
8.08911
8.92081
8.92660
9.03863
9.84188
11.04661
11.21147
11.22792
11.31068
0.41971
1.52429
1.73797
2.01985
2.43039
3.97900
6.99366
8.14093
9.53922
10.76680
15.52569
16.35229
17.55951
18.76146
18.76570
20.26906
20.58131
0.28248
0.42493
0.77087
0.79005
1.02278
1.40573
1.58354
1.73316
2.16860
2.35196
2.54518
2.75425
3.16310
3.22141
3.62161
5.08815
5.18227
1.93067
4.62393
4.65967
5.03745
5.06656
7.44102
7.44513
8.34803
9.25939
12.31461
12.80135
12.82833
13.79820
13.79980
13.83635
14.43835
16.25082
0.00493
0.67096
1.29890
2.28048
2.87592
4.51194
4.79405
6.32887
6.42945
6.43464
6.60069
6.84596
7.51636
7.54692
7.82580
7.94386
9.23791
0.02542
0.13200
0.77168
0.97962
1.23549
2.49516
3.25369
3.56995
4.60409
5.41234
6.10871
6.87141
8.69604
8.70188
13.47471
14.66548
18.20812
0.25971
0.98144
1.83840
2.63645
2.83450
3.22940
3.35801
5.38760
5.98769
6.52553
7.19243
7.59171
8.29659
9.41179
11.44873
11.44922
11.45398
1.52408
3.58305
4.32045
6.86848
8.60996
9.49651
9.58664
10.94093
12.37225
12.53278
13.09478
15.26291
16.27781
16.72523
17.96240
18.16340
18.23561
1.62022
2.65961
2.70498
2.93775
2.98489
3.47856
4.55671
6.98333
8.89515
9.32258
9.32261
12.62765
12.99827
15.76178
16.69040
16.77566
17.10269
0.36260
0.36262
0.38010
0.94851
2.13665
2.65808
2.76189
3.06562
3.13154
4.41700
4.45903
5.20415
9.85299
10.35137
10.52788
10.81244
10.82728
0.62179
1.50490
1.83508
3.46729
3.78185
3.86056
4.25348
5.56424
6.27025
7.60820
7.60829
10.92059
13.17687
14.39586
14.68172
15.57543
16.80135
0.74968
0.75842
0.77518
3.07809
3.09723
4.16886
4.30107
7.02053
7.41202
9.24023
9.51248
11.50902
12.27596
14.27038
14.42734
14.51872
15.08553
0.00146
0.24127
0.27698
0.33842
0.34404
1.26979
1.77713
1.79467
3.30406
3.54753
3.54923
4.29610
6.34729
8.18115
9.34161
10.01978
10.43660
2.15673
4.58859
5.01533
5.22125
6.02841
6.37231
6.37249
7.17184
7.66912
7.94080
8.17793
9.63736
11.25720
11.74707
11.75544
11.83945
11.84455
0.71293
0.94950
1.03143
2.45774
2.66114
5.74238
7.01552
7.80531
11.04251
12.21107
12.21926
12.25908
13.93198
14.14222
14.65101
15.31789
18.13230
0.89667
1.05381
3.74545
4.26354
4.84552
4.84730
4.87197
7.54897
7.92885
12.41793
12.94226
12.94278
14.27383
15.91136
16.16503
17.16097
18.03719
0.13237
0.13508
2.28391
3.96000
4.75561
5.18714
5.63386
6.47030
7.09111
9.02585
9.48541
9.90224
10.33635
10.44304
10.49387
11.59955
12.20180
0.14174
0.99047
3.34250
3.40462
3.52170
4.59669
4.94302
6.09459
6.66200
7.31440
7.76196
10.70689
11.51038
11.51760
11.93615
12.39699
12.49165
0.49170
2.20788
2.21112
3.92099
4.47252
4.76773
7.32043
7.33540
7.90820
7.97811
8.15255
8.18462
8.53165
9.02429
10.15065
10.28977
10.52354
0.27102
0.29294
0.62067
0.76729
0.94449
2.44857
2.58144
6.24197
6.28099
7.51269
7.51434
8.34690
8.37723
9.97424
11.17601
14.69335
15.38639
0.97693
1.26175
1.58392
5.19704
5.31741
6.78120
8.43050
8.71488
8.79872
9.85874
11.18935
11.21472
11.30036
11.40664
11.58342
12.13694
14.40692
2.17070
2.24682
3.85304
4.94323
5.63746
6.96317
9.94308
10.13545
10.80305
11.16527
13.39747
14.68418
15.04226
15.04480
15.04700
16.11102
16.12200
0.20461
1.40470
1.41107
2.44629
2.69118
5.97102
6.89591
7.02907
8.51499
8.85959
8.85961
9.39976
9.40043
9.44497
10.50395
10.63845
11.02879
2.68768
6.19873
6.80381
8.17552
8.45226
9.26071
9.71338
9.72024
10.62963
11.22844
11.24485
11.29547
15.01263
16.45760
18.70164
19.13756
19.14013
0.45424
1.06446
1.15233
2.51818
2.53330
4.57503
5.76464
7.69921
7.69941
9.47870
9.87492
10.18418
10.27454
10.43746
10.48680
11.68336
12.18531
0.37061
0.37063
0.59060
1.01837
2.41914
3.80071
3.80155
7.13283
7.20132
7.34301
7.38178
7.40915
7.73863
9.04444
10.76377
10.92248
11.42342
0.00031
0.00975
0.10215
0.94911
2.38511
4.45507
6.05182
6.85297
7.72032
8.98851
10.36620
10.50644
11.98394
11.98791
13.55894
13.62905
13.63434
0.79937
1.71570
2.78849
4.93764
6.69936
6.83828
7.08436
7.11856
7.18422
7.40518
11.18821
11.33948
11.84851
11.84864
11.95820
12.46053
12.46912
1.12922
2.48633
2.59019
3.29586
6.23712
7.69109
9.91335
12.26740
14.56241
15.24822
15.29748
15.83933
16.31673
16.63912
17.00687
17.21793
17.22873
0.03877
0.36036
1.75217
4.01573
6.06221
7.81758
7.83474
9.21624
9.50878
9.99582
11.36859
14.32937
14.46979
15.71690
17.14151
18.57686
18.95081
0.25290
0.73424
3.04048
3.47210
5.29080
5.29229
6.35229
6.77616
8.46354
8.48050
9.13359
9.31558
11.25555
14.68011
17.46989
17.48169
17.86084
1.84755
2.26569
3.06245
5.30660
5.99211
6.80080
7.64089
8.86427
9.52803
9.79998
11.33150
13.12777
13.28509
13.55425
13.83256
14.45749
14.47018
0.45030
1.24784
2.27203
3.34216
3.75494
3.78498
3.78915
5.05053
5.22600
7.81744
8.60375
11.75685
12.29496
13.88986
14.11425
14.46416
16.39909
0.81474
0.88859
1.03947
1.16500
1.57570
2.59438
2.84691
3.22235
3.69262
3.73244
3.77156
4.70163
4.85825
4.98421
5.13054
5.14205
6.62545
0.03195
0.13252
1.89457
3.44616
3.83340
4.40490
4.96340
6.09703
7.26003
7.26076
11.12274
11.29237
12.70441
12.93880
14.91339
14.92260
15.48951
0.33193
0.69623
1.12763
1.22646
1.37309
1.58060
4.64651
5.63287
6.66287
10.32625
10.33557
12.37173
13.33363
13.52242
13.61020
13.79462
13.81512
0.00088
1.10214
1.36388
1.94502
2.11440
5.01298
5.57776
5.63445
5.87501
6.75204
9.01279
9.10632
9.23260
9.84861
10.33555
11.14507
11.72428
0.00017
0.28510
0.85423
1.58578
2.29208
2.32141
4.07449
4.12526
4.20614
4.21312
5.12548
5.12815
7.16004
7.33974
8.36438
8.83972
9.57236
0.43824
2.75848
3.44267
3.53938
3.94020
4.38484
5.26599
5.97678
6.72125
7.36527
7.58950
8.49692
8.68476
11.37456
12.24766
12.51311
12.89078
0.44011
1.11869
1.47116
1.81866
3.06164
4.64705
5.54003
5.64802
5.88463
6.16652
6.46406
7.54133
7.67759
7.98927
8.69726
10.42401
10.64063
1.05615
1.19707
1.19763
1.52185
1.94247
3.16019
4.74376
6.23325
6.42312
7.10431
8.26181
8.38385
8.99921
9.37494
9.99353
9.99373
11.57395
0.71656
1.46972
4.16381
4.44346
5.01229
6.34583
7.31834
7.33314
9.91428
10.00921
10.50978
11.85299
12.00435
12.11162
12.90305
14.29502
14.67114
0.57998
1.43836
2.11847
2.50724
3.50057
3.89009
4.37874
4.47755
5.29626
5.30847
5.33448
5.39042
5.87620
7.55772
8.31052
9.72530
10.73248
2.06284
2.22256
2.97687
3.38104
4.78514
5.56871
5.63735
6.24790
8.84053
8.92419
9.97599
10.68059
11.28518
11.93434
13.01964
13.22085
13.82596
0.92504
1.07122
1.81233
2.09398
3.79295
3.87605
4.47888
6.05600
6.42370
6.68227
6.93570
8.12119
8.99277
10.63852
12.07347
14.00007
14.37836
2.49380
2.50960
3.05857
4.83289
4.86885
5.21972
5.69979
5.89771
6.01226
6.84940
6.88818
7.06165
8.98644
9.19855
10.84901
11.21947
13.24538
0.95465
1.49285
1.97804
2.06829
3.04234
6.66973
8.32066
9.49684
9.59852
10.36966
10.98057
10.99012
12.15225
13.94666
14.02028
14.85043
14.88267
0.00384
0.53483
3.90668
3.99433
4.42315
4.46445
4.71122
5.80991
7.29151
7.39448
8.50234
11.34497
11.78957
11.98153
12.18716
12.53430
12.80007
0.49164
1.10116
1.17379
1.94973
2.56158
4.31202
4.34912
6.70514
7.01203
7.07248
8.96155
8.98948
9.12076
9.42888
9.53287
10.89149
11.31871
0.15219
0.75596
1.51956
1.67654
1.75437
2.49576
3.37252
5.47557
6.13778
6.41075
7.84237
7.87724
8.12261
8.44551
10.05298
11.72654
12.12528
0.13163
0.31956
2.84163
3.23889
3.85923
4.37466
6.95368
7.59968
7.59968
8.17040
9.09748
9.09808
9.32029
9.38706
10.49307
11.57033
11.70577
0.14593
0.56108
0.57065
2.81352
2.90737
2.90983
3.81420
7.20856
9.71474
14.03009
14.05537
14.10236
14.66020
15.13788
15.71043
17.80639
19.78804
1.12447
1.32699
2.77936
4.65253
4.66240
4.93277
5.08017
5.17719
5.68593
5.73312
5.73447
5.78748
5.82466
6.01431
6.94324
6.98695
8.36754
3.19966
3.26002
3.76262
4.80081
4.80143
7.49848
7.50603
9.18204
11.78143
14.43977
16.20175
16.94436
17.27849
18.47643
19.22319
22.16841
22.22571
0.23227
0.41387
0.44388
0.91358
1.45392
2.39325
2.81132
3.82062
4.15086
4.64626
6.79000
6.92515
6.97561
7.60887
9.74369
10.37632
11.26275
0.60436
2.27436
4.95806
6.29185
9.14532
12.18332
12.18551
14.72143
14.79856
15.83491
15.96747
17.30989
17.59633
19.04705
19.22308
20.42840
20.90044
0.91030
1.02870
2.73363
2.92100
3.71814
3.71938
5.22261
5.31346
5.88224
6.32592
9.30555
11.19495
12.20447
12.20454
12.21234
12.24882
12.91790
1.82253
1.88024
2.93421
4.93334
6.16746
6.88144
8.43222
9.08933
9.41735
9.76200
10.56479
11.48264
12.79344
14.08840
14.17479
16.72749
16.76255
0.00922
1.62040
1.65566
2.86072
2.99379
3.60053
3.67709
3.67725
3.67773
4.50301
5.65315
6.58697
7.04845
7.54103
13.16769
13.89121
14.69531
1.76496
2.28614
3.70039
3.77269
4.23049
5.35478
8.60479
8.91695
9.24664
9.27293
10.09052
11.59963
12.51358
12.68624
15.70210
16.73978
17.69293
1.38522
1.98402
3.57083
3.98654
4.24544
4.52354
4.93643
5.00547
5.58094
5.96508
7.12615
7.80706
8.62357
8.92040
10.25619
10.57697
11.73211
0.90772
1.19116
1.47509
1.73416
1.97102
2.57084
2.73429
3.04283
3.13687
3.20111
3.51447
4.41575
5.33202
5.50764
5.51732
6.15248
6.64484
4.46960
4.57500
4.63718
5.55591
5.81285
8.25439
8.61632
8.81152
10.73673
11.06698
12.14971
12.16827
14.77781
16.43564
16.43757
18.75243
18.83356
0.95060
1.63081
1.81336
1.81350
4.34341
6.51841
6.89592
6.91374
9.58193
10.34924
10.35749
10.65662
11.48397
12.08894
13.62387
14.30022
16.05345
1.34565
1.34952
1.58133
4.20909
4.40752
6.41121
6.43142
7.51834
7.56221
9.92227
11.85102
12.08421
13.65597
14.23384
15.15167
15.51646
15.53942
0.19920
0.23947
0.80031
1.42518
1.95266
2.28280
3.67710
3.67907
5.69319
6.64704
8.43477
8.52293
10.12947
10.19691
11.07889
11.11529
11.62488
0.00579
0.39858
0.67441
1.01830
1.85917
2.47148
2.52756
3.02995
5.32680
6.17454
6.58407
8.64495
8.95625
9.84818
11.10332
11.41448
11.73368
0.38887
0.41241
4.47174
5.08452
5.13211
5.48811
7.94381
8.92523
9.32108
9.39099
10.09618
11.02580
11.02780
11.56099
11.90050
12.00229
12.20215
1.02036
1.74189
4.06567
4.35475
4.44068
5.41185
6.44224
6.74820
6.87683
8.60205
9.29092
10.13039
10.35474
11.26916
11.28022
11.77609
13.54363
0.56836
0.56983
0.57534
0.93283
1.65085
2.37484
3.01328
3.44209
4.26277
5.19409
5.20080
5.57534
5.78463
6.99676
7.10616
7.58427
7.63172
0.85563
1.81254
3.36999
3.74433
4.44016
4.45386
5.08602
5.64714
6.74302
11.36351
11.73337
12.47635
13.42564
13.47776
13.66143
14.80960
15.14812
0.05966
0.31740
0.53409
0.63702
0.80405
1.50027
1.82718
1.93722
2.46269
2.95942
3.04205
4.24812
5.23467
5.25163
5.84209
5.87124
6.28852
0.93716
1.09749
1.32383
2.18623
3.04620
3.17183
4.78717
4.78780
5.25826
5.55758
6.33022
6.87475
7.46743
7.59236
7.94140
8.18035
10.45251
0.31650
1.25770
1.31565
3.20804
3.74933
4.37047
6.51117
6.86464
9.83141
11.07636
11.07711
12.79622
12.89610
13.88782
14.37842
16.10196
16.89370
0.68139
0.94745
1.90574
2.11784
2.35740
2.54812
2.97242
3.69036
3.93547
3.94664
4.87202
4.92325
5.86733
5.97612
6.77838
7.17394
7.67205
0.37038
1.23104
1.58612
2.10610
3.20796
3.23361
4.74766
4.94222
5.65807
5.69838
6.49659
7.33438
9.77519
10.10098
10.99365
12.04071
12.99334
0.22536
0.82713
0.91091
1.73625
3.02839
3.03177
5.34831
7.66994
8.42478
9.55893
10.46238
12.33647
12.50455
13.04889
13.51409
13.83545
15.24377
0.00089
0.44642
1.96482
2.33026
3.83633
4.14912
4.15460
7.15661
7.33099
7.59839
7.85459
7.95119
9.04703
9.95744
9.96435
10.31105
11.46301
0.55505
2.78280
3.05583
3.93663
4.01722
4.93809
5.14768
5.34058
7.16986
8.36303
9.02569
9.03838
9.33465
10.25407
10.26405
10.67181
11.03235
1.42643
2.05224
2.10629
2.10933
2.16203
3.63912
3.95164
4.51056
4.70707
5.75472
8.33711
8.79116
9.36758
10.93894
11.58899
13.56091
13.75644
0.00004
0.31518
0.52909
0.99416
1.01065
1.94073
2.23550
2.74222
2.75350
3.93146
4.07738
5.43320
5.48654
5.85407
6.49777
6.91387
9.55488
1.57216
2.14224
3.28485
5.34075
6.34693
7.34781
7.69175
7.96402
7.97193
8.18474
8.27745
8.27841
9.41528
9.51454
9.51516
10.55918
10.67923
0.86982
1.32668
1.84220
2.03256
3.14814
3.16873
4.96280
5.03864
5.84033
5.90823
6.43783
8.61278
8.88234
8.98344
10.98690
12.69079
12.94076
0.23680
0.25703
0.72081
0.91995
1.72153
2.98462
4.53427
4.91458
5.02005
6.44473
6.58550
6.81776
6.96865
7.77773
10.01449
15.31513
15.96280
0.12194
2.30248
2.42744
3.20547
3.35321
4.00384
4.52785
4.75941
5.37896
6.26192
6.99883
7.19859
8.26543
11.76035
12.15517
14.00877
14.30679
0.21738
2.71145
5.30448
6.55820
7.12046
7.30217
7.80027
8.28497
8.43358
8.53430
8.54112
8.93774
10.80027
10.99884
11.24536
12.62232
13.61068
0.13644
1.18558
3.12690
3.39736
3.61063
3.94240
5.74817
5.96966
7.00137
7.16841
7.17588
9.79949
10.99149
12.91114
14.58527
15.17921
16.49472
0.94001
1.99499
2.00303
2.59620
2.92481
3.52854
7.66783
7.69032
11.15502
11.23594
11.54367
12.82775
14.27678
14.29746
14.37281
15.34820
15.63811
0.96173
3.87478
4.01095
7.57089
8.55925
8.94073
8.98682
10.06867
12.18526
13.78526
15.09441
15.55297
15.70813
16.19295
16.56407
20.11422
20.73609
1.09456
1.25924
1.81015
2.26870
2.36543
2.74538
3.92408
3.93137
4.56263
4.71954
5.77795
5.96581
5.98909
6.98302
7.92439
7.92442
8.38529
