3.60352
8.17980
8.36909
8.38399
9.03579
6.91389
7.26932
7.59956
1.60888
25.47962
25.79084
25.84051
27.00106
27.29059
27.82025
28.59738
15.40031
54.33202
54.41236
54.76051
55.14724
55.42477
55.60558
55.90646
10.28815
18.08699
18.14252
18.66533
19.99052
20.50121
20.94906
21.75173
0.69700
3.24576
3.46934
3.59715
4.19244
4.50273
4.99847
5.08207
2.85519
5.81081
6.21339
7.10967
7.65151
7.76990
8.05549
8.18189
4.48112
13.28891
13.57607
13.68491
14.54958
14.83748
14.99070
15.10210
5.54931
17.48865
18.62680
18.72911
19.01719
19.15126
19.31441
19.48135
0.26905
11.20927
11.50064
12.45544
12.85162
12.92387
13.00391
13.90503
1.32314
18.54303
18.83572
19.14207
19.67128
19.77723
17.78835
18.07802
26.09371
58.27836
58.29720
58.77077
59.02690
59.48248
59.68948
60.08346
6.28579
9.14834
9.40466
9.84822
9.91744
9.94853
10.81502
10.89877
1.92812
8.86873
8.89450
9.20622
9.94112
10.16625
10.76568
11.01132
1.11115
6.13145
6.38035
6.85498
7.22959
7.27291
7.34414
7.73311
27.61576
42.37138
43.09023
43.53118
43.57783
43.82800
43.89931
43.93773
0.73286
10.15661
10.30940
10.78358
11.70516
11.82321
12.57911
13.17385
21.98264
23.06080
23.37611
23.38454
23.70946
23.75846
24.14608
24.36982
4.30576
11.68026
12.43954
12.49634
13.07647
13.64162
13.80054
14.10149
1.09712
1.79277
1.95963
2.11072
2.27660
2.46777
2.70987
3.26416
0.33226
4.95880
5.21108
5.38643
5.54828
5.79253
6.20906
6.47167
5.84921
35.62300
35.79248
36.24745
36.49444
37.03384
37.77260
38.31665
15.20822
30.91996
31.15295
32.55647
32.63985
33.36914
33.88510
34.11470
32.01572
68.59022
68.80390
69.00413
69.39124
70.58351
71.13121
71.25221
2.57099
12.63909
13.16227
13.34308
13.86639
14.04979
14.61936
15.25307
33.90288
37.65130
37.85426
38.14212
38.26164
38.35874
38.52576
38.82504
3.52299
3.87620
3.99741
4.01102
4.53882
5.29263
5.73023
5.93357
2.13551
14.86507
15.67427
15.93047
15.97566
-1.00000
-1.00000
-1.00000
13.33587
22.50804
22.97584
23.09060
23.12501
23.78882
23.91723
24.11429
10.09731
26.55316
26.74169
26.78801
26.89252
26.92295
27.45431
27.46557
18.23716
25.41103
25.68561
26.16994
26.44621
26.60723
26.61441
26.73042
3.71119
9.88589
9.98387
10.37871
10.52843
10.88780
11.15372
11.26152
6.68116
16.89603
17.28248
18.15517
19.71347
19.74538
19.83379
20.08838
9.02433
51.93702
52.40398
52.93237
53.01659
53.02673
53.66742
54.63813
6.87356
16.63441
17.02782
17.55109
13.91805
14.93569
15.21383
15.77006
13.72750
21.84254
21.91741
22.72381
21.66929
21.84983
22.04732
22.34702
9.65282
32.12603
32.51842
33.35053
34.10316
34.13574
34.20482
34.50697
14.03842
47.34362
47.60014
47.86651
47.89960
48.32994
48.38367
48.56103
9.38247
17.91267
18.01870
18.50645
18.93042
19.30093
19.45473
20.19867
3.51267
52.92707
53.45842
54.02959
54.82795
55.17706
55.18157
55.31261
27.89821
35.45449
35.60809
35.61150
35.62709
36.46411
37.74170
37.75817
5.99046
38.70978
39.18023
40.22980
40.54567
40.68404
41.08254
41.60168
21.47960
32.95902
33.13404
33.77330
34.23722
34.42298
34.91889
34.95511
26.72345
28.89413
29.04847
29.15093
29.50435
29.93620
30.39830
32.20349
5.47814
16.87207
17.18008
17.30481
17.92810
18.07185
18.42990
18.50021
2.08933
42.78634
43.18521
43.33847
43.35897
44.43069
44.46361
44.46500
17.58689
34.77098
34.77730
35.10060
35.20397
35.22923
36.30290
37.16164
17.96477
25.32828
25.45867
25.79380
26.51459
26.74383
25.36543
25.41694
16.64339
16.62647
16.63893
16.76634
17.28688
17.88801
18.69155
19.36141
29.43966
37.46926
37.49466
37.60481
37.76692
37.84367
38.29210
38.34600
2.29310
29.22375
30.09904
30.20203
30.22891
30.25511
30.28774
30.76908
12.98943
14.38483
14.43177
11.77405
11.90768
12.30443
12.62024
12.73846
7.85334
7.92917
8.20949
8.85687
8.91924
9.74940
10.31747
10.94978
1.01706
9.03803
9.21598
9.65772
9.66714
10.32033
10.49511
10.49757
11.10797
23.05680
24.66711
24.84087
24.92111
23.09392
23.27141
23.42091
1.12460
24.60003
24.81763
24.85349
25.57196
26.51555
26.53121
26.82328
1.42094
10.92023
11.22690
9.49454
10.07770
10.44826
10.76295
10.92188
22.74866
34.12650
34.28207
34.77075
34.91481
35.07423
35.98833
36.06160
1.85720
3.94206
4.46008
4.78108
4.78169
5.16361
5.65274
6.00905
14.91913
16.05143
12.72489
13.28215
13.37140
13.46132
13.70145
13.70404
6.31793
13.44623
13.46104
13.87289
14.19523
14.52056
15.65411
15.71556
1.51856
15.19430
15.49854
15.88823
16.38303
16.75792
16.76654
16.96361
10.06534
33.14562
33.50567
34.40418
34.41808
34.73260
35.56769
36.00416
4.28643
18.25840
18.61404
18.74036
19.46107
19.63687
19.96574
20.08085
5.94795
30.10638
30.14170
30.24746
30.35503
30.52838
31.01486
31.52112
17.04055
19.06666
19.20655
19.34715
19.79645
19.95197
20.61760
21.00224
9.42697
19.73187
19.82377
20.11997
20.26435
20.76121
21.57473
22.32420
29.39611
37.78229
39.13525
39.49475
39.87750
40.21399
40.25147
40.45896
2.32281
23.73083
23.79111
23.94238
24.24574
25.19555
25.37121
25.53226
7.49384
20.70965
21.27040
21.73727
21.59656
21.59742
22.13718
22.64378
6.91675
20.95160
21.35418
21.81937
22.24050
22.46594
22.50193
23.25431
12.17434
46.96269
47.48829
47.56148
48.22051
48.30956
48.50108
49.28834
4.45817
7.21701
7.34690
7.42143
7.89446
8.06271
9.35605
9.62880
3.81942
46.46742
46.88162
47.28431
47.32781
47.36607
47.80405
47.99566
10.28875
10.37482
10.57759
11.31503
11.60223
12.08945
13.23900
13.35398
23.86808
50.04524
50.54340
50.79960
50.98818
51.33061
51.69969
51.74399
23.13366
24.12384
24.18713
24.23699
24.59966
24.67345
25.11085
25.66185
48.14929
49.74516
49.76354
49.96447
50.79039
51.20061
51.44462
51.71961
15.78398
26.04094
26.46550
26.82168
27.19639
27.51492
28.58965
28.61224
4.65517
10.95013
11.11954
11.40179
11.78099
11.81100
11.96750
10.16588
3.16293
6.95661
7.03995
7.35978
7.40311
7.82658
8.59712
8.88332
26.27969
49.64834
50.29691
50.49051
50.51350
50.85802
50.90799
51.05625
3.36246
42.99867
43.22125
43.26944
43.28693
43.90086
43.90677
43.98645
13.35857
23.03045
23.45129
23.72302
19.93485
20.55929
20.61466
21.33038
2.38763
19.44386
20.09513
20.22591
19.14792
19.65694
20.21086
20.30498
6.25341
15.17813
15.19322
15.74840
15.94884
16.07410
16.34548
12.93152
4.56576
8.63292
8.85418
9.09580
9.51797
10.27124
10.28767
11.07702
24.89514
34.47704
34.48506
34.70089
35.07455
35.07661
35.07675
35.48102
6.73616
15.96517
16.17857
16.59400
16.71872
17.08096
17.87091
17.90107
12.37284
37.14337
37.44068
38.22963
38.93471
39.26481
39.31734
39.33330
6.22118
16.92252
17.00849
17.38993
18.19889
18.91588
19.24835
20.09777
11.26954
21.14729
21.88103
22.15929
22.44884
22.74199
23.53234
23.68727
14.68149
75.48267
75.54284
75.73696
75.79148
75.94940
76.33747
76.75344
10.25567
46.14131
46.44939
46.44976
46.61280
47.02939
47.20542
48.19047
10.62378
20.90521
21.65339
21.74709
21.81393
22.26141
22.29771
22.55731
35.12132
41.01185
41.25489
41.32176
41.47355
41.73098
41.82888
42.28282
2.05217
2.87401
3.06345
3.20058
3.96307
4.01984
4.53174
3.90917
7.73585
19.17833
19.30616
20.17993
21.20453
22.45124
22.70649
23.24668
0.44688
21.25135
21.41978
21.20755
21.31968
21.42724
21.56811
21.93823
6.31521
27.20794
28.03519
28.04680
28.05679
28.30144
25.73558
26.25756
7.28543
45.60201
45.62340
45.72240
46.06063
46.31182
46.32400
46.53852
