5.19140
17.85201
23.79357
36.62825
52.83163
56.22218
66.21320
75.77631
80.90864
91.28914
117.32049
122.97931
134.22606
139.94970
156.23142
163.86286
173.29858
177.80467
180.69113
7.13599
28.82236
41.12789
41.81788
72.44208
81.20695
95.18145
106.69934
131.22327
138.66738
144.21163
145.31030
166.54869
179.09933
200.64346
205.28593
216.73958
229.61776
228.09969
6.30798
19.61898
27.49303
30.02204
47.89281
60.91089
68.84274
80.60600
86.71401
92.93493
105.84964
134.17420
147.30355
153.03083
154.19938
158.95425
161.44985
148.21388
157.76868
8.32523
12.74118
38.62130
54.61842
57.65704
64.48530
76.45947
79.90036
88.74289
96.82577
112.31857
113.26964
116.92424
135.94682
148.67656
152.53746
171.14584
184.56846
186.91827
14.05376
23.35946
28.49638
31.42109
34.48982
47.09843
58.82557
67.22574
77.98320
96.06792
117.03102
125.54025
133.60316
135.60435
151.90419
156.56141
164.13696
164.23397
166.01259
14.78770
30.80224
41.64743
58.46950
69.79665
95.40091
96.74210
102.59586
102.35449
111.39474
120.29164
124.43402
132.10422
146.27711
150.23677
151.69863
169.79436
172.95937
184.82343
10.05692
24.48710
32.18799
37.25332
70.30346
77.84832
80.64866
104.97988
-1.00000
-1.00000
-1.00000
-1.00000
-1.00000
-1.00000
-1.00000
-1.00000
-1.00000
-1.00000
-1.00000
6.18503
39.01838
40.93412
54.78748
80.89883
97.63364
105.84608
108.78497
116.59568
119.94453
126.83404
136.09072
138.07688
142.98031
153.19877
156.09543
168.56314
169.59444
177.22360
30.21365
44.81588
48.30557
52.19250
60.90223
65.70954
77.74480
79.46614
92.62204
107.27314
107.39498
114.02595
118.62184
126.69443
160.62550
174.88949
178.57480
190.89383
196.62758
2.46592
9.94372
18.30696
25.35067
30.76201
33.23203
46.72612
58.60684
69.97749
72.76639
78.74170
92.46992
97.88040
100.44684
101.14416
107.96321
109.27005
125.81964
126.35422
8.25826
24.95638
36.05892
44.71532
65.99840
73.21693
83.30362
93.26839
105.13691
124.04151
135.50805
137.06663
139.97316
143.10912
151.12707
165.11766
167.52631
184.78562
179.38167
18.81302
24.42980
30.41487
40.73431
56.70724
61.54189
71.38929
73.61160
79.77985
90.22651
101.82205
114.64883
125.49919
120.68951
125.61040
128.13711
134.87393
140.73140
150.73658
17.49983
41.06550
48.79561
55.33284
56.78210
73.98711
94.98048
101.66039
106.72561
117.21430
117.73179
125.00789
133.62279
138.91247
154.63351
161.77493
160.89302
162.37742
163.89372
9.06268
16.13465
35.04842
40.23135
43.47443
51.60009
60.11258
65.29520
68.86187
73.98942
79.05985
84.80499
88.53052
93.84975
104.17016
118.50560
123.94414
147.72659
165.59105
12.37835
15.40608
20.22120
28.97092
34.92932
45.36522
54.01639
67.35521
77.18217
86.81366
93.99075
99.32962
102.33167
110.45882
119.67529
122.69523
123.28964
131.41968
133.87973
9.79687
29.77531
36.88947
39.75757
48.40061
54.46013
68.13007
72.31173
76.60083
80.92219
92.48170
91.86895
95.11548
101.45520
104.49441
115.22681
116.77964
132.49384
136.05849
6.67975
16.54620
31.27447
37.48463
40.40067
44.72633
47.01244
62.08843
70.60010
76.57181
85.49778
94.20037
117.59994
120.67224
132.79891
134.24247
135.80306
140.05823
145.15396
1.25065
5.43595
15.75532
25.69661
39.04999
44.83599
49.37505
61.26758
73.07694
76.17510
84.19500
88.19986
90.57857
99.28221
107.30364
106.21782
113.12620
128.41336
129.21673
14.78783
26.46227
38.09198
53.22645
58.06027
75.53822
83.82792
111.17563
121.73496
122.50033
136.26803
149.88843
155.12747
157.45721
166.82831
168.27356
174.48432
175.52598
183.17604
8.04858
20.86305
41.25286
53.03178
66.97774
87.79932
101.41789
124.80286
128.28226
135.00331
139.36625
139.63146
140.81148
142.28822
148.07539
153.43877
155.65862
169.45778
182.69846
2.88714
12.01658
19.51500
39.87477
56.03965
56.79036
72.44569
97.60150
97.86995
99.05092
119.92617
129.48355
135.66387
135.85265
143.53112
150.58580
158.76489
174.61590
178.78010
10.83414
21.95670
28.74179
35.36409
40.08383
53.88920
64.47881
67.53434
82.46715
88.45143
98.36090
101.80163
110.87025
114.62969
117.34098
123.84672
143.23182
147.24533
148.91486
13.11839
18.43054
26.20736
33.41108
46.24934
49.53034
59.04432
71.61310
75.51284
85.09405
94.08057
108.28453
115.04428
123.98821
135.49248
145.80363
154.76870
163.43645
179.58605
8.14061
12.37072
33.88279
43.36165
48.36491
59.58352
72.57700
90.87495
97.20688
100.10695
105.37303
125.24877
141.34247
150.47237
168.59560
190.30288
195.90242
197.39611
200.63156
21.97005
27.82537
41.85528
47.49729
53.79087
56.65617
61.44071
68.13298
74.95451
77.62732
83.09582
92.68870
94.68168
104.72228
124.07688
141.63680
142.21651
146.41913
153.52740
16.09047
35.10309
41.15345
43.69784
46.08755
55.93125
67.44000
71.48309
79.16082
80.37587
83.84709
83.66918
86.77167
93.54428
97.55385
112.96643
120.08145
121.48537
132.20409
4.00219
17.61815
21.67808
29.19080
42.65998
51.84679
62.20246
65.55375
67.83794
75.94901
82.01044
102.25511
107.97437
127.94939
137.39806
139.51364
157.51256
177.68165
186.10607
3.73422
21.82268
34.05625
59.17158
82.54431
107.98294
116.01262
117.66212
134.42272
138.31430
167.98866
170.09030
179.96300
188.23226
190.88413
198.17772
199.03219
202.15114
215.54487
10.24624
14.04523
21.40886
28.78800
32.17129
43.23182
52.93436
89.32256
112.30752
111.70784
116.20310
131.32648
135.87044
138.30652
140.75586
145.92276
150.10810
162.22552
165.17038
6.35965
17.67164
18.59309
25.18852
32.04062
40.85916
46.12571
53.67587
71.99771
76.47258
87.74507
101.12429
106.73594
119.45520
133.76544
135.68397
139.93559
145.31339
149.30692
2.54957
7.50180
19.10069
29.11357
47.21806
56.98822
58.96134
69.10145
74.04253
85.74795
101.27545
117.07339
128.68957
136.00011
142.77408
145.85457
160.46283
166.01489
166.01507
9.74130
23.12776
36.25638
42.49508
58.53611
66.01819
73.13516
78.97184
79.45219
86.44979
105.75975
111.73509
123.27341
126.88580
139.35439
161.94994
171.90746
172.61467
177.32572
13.68364
40.57797
50.47396
67.78583
76.94489
91.35624
108.74289
110.67323
115.37915
120.91698
143.53206
151.72095
157.13597
164.96035
171.78500
204.57642
224.71964
239.45059
261.57691
18.66280
39.10017
52.50642
54.15220
74.68842
98.40762
117.32668
127.72533
130.26596
139.31994
140.65982
145.36136
150.46844
152.67374
154.72682
155.78874
163.91109
165.76648
166.05214
14.24602
23.32080
50.17084
56.11306
61.78483
68.59414
70.75896
91.14867
97.67143
98.26018
114.99896
130.84902
139.88505
164.71779
180.30941
188.20007
188.92531
210.28201
212.53102
4.55890
11.20524
20.46520
26.59593
32.82923
50.00459
52.50704
72.28964
93.22985
112.71326
115.40989
131.09932
140.64992
146.50120
150.04561
156.61003
157.36008
180.47476
181.02834
9.13587
32.65154
43.94799
53.20688
73.74625
74.55982
90.08555
97.08856
111.64984
148.79516
155.85225
166.32745
190.59481
192.04003
205.79924
205.42556
224.60807
229.95422
232.12257
8.33533
26.16864
37.17601
41.43510
50.27570
53.69896
56.47058
71.09617
84.59638
88.10963
95.48958
115.04251
134.35271
143.06538
147.02036
154.93891
159.82920
164.91594
169.77360
18.46114
35.14152
49.85895
69.79611
94.36403
103.31157
104.42880
117.62749
134.85121
142.07257
160.44323
189.24805
215.14297
217.95603
218.09671
231.15941
233.17285
251.77177
263.97519
8.54204
12.38185
13.69482
23.25213
35.78739
40.58576
49.47466
57.08183
57.72744
82.54749
94.91860
118.60990
132.26478
138.90311
145.67977
147.76847
159.78896
172.07949
169.13470
3.94705
15.73748
26.65860
33.74844
44.68368
57.96760
77.62050
83.83288
-1.00000
-1.00000
-1.00000
-1.00000
-1.00000
-1.00000
-1.00000
-1.00000
-1.00000
-1.00000
-1.00000
4.18866
11.07270
37.27752
42.67563
63.77812
79.73162
85.70161
96.48056
123.38309
125.84685
135.86549
139.50100
168.64656
205.58461
208.01322
209.45609
230.13022
239.16269
245.85681
13.44951
17.05662
33.45629
36.08106
46.89906
53.42797
65.12023
77.78306
89.05034
100.34221
140.65094
153.33513
153.86264
156.29544
163.33412
174.46490
177.85887
183.64720
190.85274
2.64162
21.32582
30.65610
32.64024
32.97540
43.43418
47.46045
62.14498
78.84665
86.02571
95.34395
102.72516
112.52442
122.80999
129.76657
130.00192
135.18180
146.60386
147.88839
4.75528
9.43650
17.35863
30.25601
35.75474
47.17630
47.84705
74.09381
89.81597
93.89637
94.08391
95.11314
107.41088
114.01910
123.84218
129.89907
149.52898
150.50935
178.63628
17.32548
30.05561
45.94839
51.40202
64.83340
70.22342
77.65041
90.35426
100.61890
103.90561
108.63512
133.73516
145.35583
149.35402
161.14271
180.42589
197.33800
202.49182
235.01445
12.55708
39.02883
47.04603
74.41768
85.37853
92.46113
98.00906
116.07941
120.77561
123.21096
156.47561
162.47950
169.31237
181.88960
182.76463
187.83197
191.31173
206.35686
216.17517
18.14357
23.58066
41.85299
53.24838
57.41064
-1.00000
-1.00000
-1.00000
-1.00000
-1.00000
-1.00000
-1.00000
-1.00000
-1.00000
-1.00000
-1.00000
-1.00000
-1.00000
-1.00000
5.41915
18.43939
39.42833
46.69940
55.20888
61.39390
86.53741
89.31200
98.03168
99.70822
105.92273
115.29533
127.98387
147.75579
169.20929
174.31256
175.29711
179.07585
197.99992
7.26355
13.03925
17.35444
28.73729
33.92247
35.94190
59.24812
62.51133
67.33989
85.87121
87.25379
101.91722
106.90910
113.93001
114.13307
133.11921
148.37866
155.07578
162.00045
8.50035
21.96683
26.28540
36.55964
49.89909
59.03066
67.28455
92.93491
101.38096
115.66822
126.27901
140.41500
145.38536
146.35341
152.01436
157.97955
162.55176
181.15780
193.25909
30.16727
33.19578
42.01503
43.92701
47.07014
50.00125
55.58761
65.23811
75.84488
86.34328
87.36773
96.51527
99.06933
100.87456
110.89119
120.11135
125.26378
127.20852
130.61889
10.41959
20.70266
43.10886
49.51716
50.07367
67.26497
81.54727
86.60256
98.71760
102.43083
104.33247
112.29905
132.49315
146.46559
149.89827
156.74856
168.76334
180.98846
201.17102
21.88664
22.66397
45.56530
46.65173
56.25732
66.77002
72.60673
77.45992
80.84562
88.08988
101.97959
113.72248
131.46097
151.53946
158.59249
176.48689
183.26769
185.87645
188.88859
2.53170
5.36053
22.74531
29.74845
38.91274
48.41761
59.10397
65.39816
73.04886
81.12594
89.12624
104.37065
103.72158
112.53574
117.35669
138.43588
145.69473
159.77772
160.17859
17.55815
31.08259
34.79523
42.11071
47.55995
60.04783
74.04769
74.44108
95.34024
98.71111
116.82820
122.19911
129.37475
133.11864
137.12614
140.25122
156.93681
161.92959
168.84792
7.91430
14.92219
22.10868
45.41364
59.54943
71.06628
71.31509
72.78920
93.85752
94.99923
95.43629
98.21486
105.03323
110.79348
120.30104
139.57320
150.82669
160.12014
165.41767
6.27762
19.10965
39.44088
42.99297
62.06324
67.81566
90.34468
92.70751
106.47851
111.67010
119.72817
138.37569
151.44653
153.82810
169.00501
171.97830
186.10942
186.32297
199.44812
7.02125
9.54869
15.28607
25.86720
30.76152
44.61521
55.19966
63.89614
63.86987
68.35939
75.42746
81.44691
82.20760
82.61626
94.05756
94.38537
94.79010
106.56385
109.96080
3.69099
6.79076
8.47434
10.88133
20.75163
31.87842
35.96731
58.68242
59.50926
74.79468
78.40028
85.29663
107.61550
130.27612
137.78046
142.55593
150.53721
165.75024
170.52286
4.57073
13.50646
23.43045
30.04335
35.36870
58.93520
63.04423
81.95118
93.45227
108.47549
120.19726
124.84873
129.40246
138.65325
146.54766
158.49684
162.05486
168.15442
170.53351
6.94757
24.99954
33.47613
48.36959
55.43798
77.29130
93.75995
102.00710
121.47248
128.78482
139.93071
143.33502
152.92477
156.18192
165.04225
182.16566
201.43392
225.07073
234.06015
13.98289
18.30644
29.65450
34.96247
60.34739
97.42095
107.16296
118.07446
127.87459
145.45647
159.11991
165.30314
173.20742
179.33384
179.09712
185.51907
186.01179
198.33150
204.40994
15.00977
35.34814
46.53701
80.25210
80.70100
103.20514
106.00154
112.56526
128.49754
131.28031
138.71632
153.95113
160.34934
185.31000
188.38727
188.50541
191.17001
196.98292
206.43342
17.76457
26.44737
47.13860
53.47554
55.62526
58.43502
65.91434
72.67983
85.31087
96.53655
116.98193
117.62611
125.68118
135.56169
140.29731
144.89403
173.10688
188.34863
194.87044
7.83606
15.14852
23.68191
24.67520
26.21310
44.84803
46.32328
53.70951
75.54067
86.87480
108.07321
117.76331
144.48454
144.78323
173.30906
175.83438
186.59271
202.71162
213.23137
4.15196
31.69489
66.86768
72.87667
77.29759
94.79607
99.60563
107.66037
109.52316
111.92819
128.79167
130.48443
148.88512
161.27472
161.61014
177.48105
180.61284
187.69544
194.97689
22.50197
27.31087
40.76225
55.51610
66.65320
77.21038
83.27570
87.33582
93.17886
95.63681
104.35768
104.35768
113.93730
125.21452
129.22601
131.98637
135.15636
134.81896
146.92728
16.40747
18.46091
32.57710
48.20095
52.39143
60.48881
63.71343
81.98865
91.47896
98.72347
108.60101
109.50705
121.62880
137.67200
142.96399
147.15478
149.25989
160.22893
169.73116
14.71080
19.08768
32.49096
43.33819
49.39631
63.54837
81.30529
86.26475
88.77771
103.09732
103.75138
106.64580
107.82015
109.88750
119.78532
138.75092
141.77452
141.77457
164.22594
3.04250
9.65667
13.05777
32.17818
54.46371
78.14563
93.48669
118.45236
126.61052
126.77804
138.94005
139.39865
151.88701
163.69334
169.95765
170.91249
173.73238
181.27628
186.43875
11.22773
13.55125
23.88229
31.03229
38.98254
45.84062
59.76575
68.08454
-1.00000
-1.00000
-1.00000
-1.00000
-1.00000
-1.00000
-1.00000
-1.00000
-1.00000
-1.00000
-1.00000
19.43906
35.65926
50.26116
51.95835
62.24695
65.62322
79.03368
103.00413
105.81396
106.52343
113.88904
120.48407
124.54279
133.72250
140.81260
143.53380
158.61513
176.91503
185.01075
1.35674
9.33899
19.51961
33.56934
45.95893
67.94535
71.93027
78.86316
90.81924
106.84649
113.63307
130.28965
144.81402
151.66176
155.57578
193.74544
193.70156
205.52021
206.01833
5.64736
6.28871
8.76154
10.70591
21.72588
25.59994
26.90486
33.03122
53.24433
56.99066
62.15150
67.18905
73.40043
79.70453
100.56489
105.32710
115.91348
126.74372
131.64469
19.02958
34.53356
51.44053
67.55690
78.78930
84.71061
87.48937
92.70000
102.86723
108.67554
120.58097
123.20497
127.72019
132.88697
133.96269
147.42574
147.60136
153.99665
160.43317
15.44359
22.18029
52.26238
64.31240
80.86955
81.39102
84.24022
91.15051
94.57323
104.60002
124.58004
124.58496
148.71629
169.88645
187.50871
189.56850
199.40231
213.03915
217.36835
6.80647
13.10807
18.41189
37.34071
47.15535
58.69107
74.87244
88.93253
110.10586
116.06593
117.11937
129.19879
136.99042
142.01827
145.85149
163.41660
163.13155
171.35054
177.60749
1.87414
13.17728
26.99574
45.22411
55.25777
65.75102
78.26065
82.25222
108.83408
112.89770
126.55584
136.67388
145.64471
145.09121
160.30785
170.72429
179.23728
192.43882
204.38233
27.28619
34.10981
36.36143
57.43837
66.90898
78.13037
90.11072
105.34038
121.02985
128.69949
133.34237
157.41580
162.43888
165.65047
169.02262
172.46737
199.54946
212.62639
214.08682
3.17063
22.34032
45.09633
57.26944
65.53811
75.36114
80.58304
89.60234
99.83265
105.65609
113.11926
125.39665
139.25974
140.97267
169.77494
171.50288
175.49680
189.90059
203.66923
13.26522
21.30458
24.26327
31.48834
45.62760
57.22514
72.46586
76.55467
91.92456
98.41819
100.76720
105.51451
114.89883
121.36755
135.83171
141.62827
142.31063
149.76258
152.91388
0.67076
13.00052
18.80984
31.27106
41.77772
44.14697
56.64701
67.99397
103.66379
109.99858
110.85230
114.50010
116.92185
137.55423
150.37165
151.83851
168.32207
178.11229
180.00121
6.59849
10.43536
24.25741
30.04744
38.44348
40.55964
39.62780
51.99555
69.27066
83.43476
85.56405
95.69552
115.15963
131.71332
135.99332
137.28732
140.09034
142.97338
157.62062
10.28213
14.68611
18.13247
16.08760
44.55611
45.69330
60.33886
67.23153
79.44247
94.28223
106.41574
120.68753
146.93694
165.67551
179.18058
204.35813
204.36549
219.63804
225.39406
6.96258
20.96096
24.62034
46.23080
68.12737
72.98951
79.10762
81.46048
82.25264
89.07423
100.05792
108.59966
136.30494
144.70565
145.82876
150.03553
169.24434
194.54477
198.77383
18.13060
22.67889
38.61971
61.58592
77.76992
84.02995
86.69371
93.08005
100.54457
102.72654
118.17501
118.17506
129.62969
137.13448
152.23399
160.46914
171.16608
187.46330
209.63234
12.72603
23.02678
38.96138
47.87186
52.34871
70.90825
91.45324
96.80795
118.49647
134.04191
135.05190
156.56577
171.78550
174.98948
190.22741
197.74368
205.21154
217.63410
217.59141
15.30687
28.60384
41.18159
44.69411
63.40605
79.63866
91.80133
97.05494
111.76023
132.07124
140.57444
149.66892
149.85986
171.08354
179.74849
189.45603
193.81940
202.86103
212.31500
19.84809
40.59902
52.02202
60.23880
67.24009
78.70588
86.15581
95.11657
115.20026
128.30219
132.44247
149.06000
165.27891
173.43830
181.22629
188.83299
191.09010
205.27636
218.42209
8.66951
21.00101
25.36625
29.35503
37.47250
40.39902
52.33503
66.44638
70.76156
92.85733
103.71032
114.35702
134.07519
156.16688
169.72579
188.61669
194.97014
201.38328
208.20061
7.66904
10.22112
22.36831
28.56394
51.36851
66.01585
78.86533
91.58731
102.27072
131.25892
140.42449
149.90139
167.88473
193.82341
203.40274
204.34750
210.84690
221.75473
224.03140
11.00150
21.91724
33.42415
46.27145
61.57846
85.47503
91.18157
119.72597
129.84054
133.55577
148.62825
159.24335
162.12132
173.06505
196.80001
201.46196
208.27913
211.97128
233.20073
7.01186
8.46429
18.19231
26.08870
44.59296
71.23419
78.03789
85.06304
87.40489
106.60150
112.31423
132.82756
142.17900
154.36290
159.92184
163.06575
170.05531
174.83398
189.13081
18.63403
20.95842
35.09107
49.21250
63.37702
86.35591
88.77998
93.47646
105.59091
115.06751
132.55520
161.76030
180.23850
182.44572
188.70232
189.08011
195.91156
201.37415
222.83344
9.82995
23.95100
27.17105
-1.00000
-1.00000
-1.00000
-1.00000
-1.00000
-1.00000
-1.00000
-1.00000
-1.00000
-1.00000
-1.00000
-1.00000
-1.00000
-1.00000
-1.00000
-1.00000
11.19549
28.82533
32.14773
44.60372
57.56327
65.76541
86.96056
90.91321
98.30708
103.52182
121.51695
127.55484
129.45780
135.70838
138.85205
141.76468
150.63488
151.24022
155.52060
23.57638
30.35943
40.85181
47.83052
69.85661
79.19737
80.27729
84.84958
84.80788
88.04315
103.17814
108.90709
111.73435
114.16968
128.36849
130.55154
136.55512
140.92092
146.38895
3.90203
8.54146
21.99709
39.38921
48.12838
57.46067
65.58676
85.80888
96.19253
103.89470
109.86730
118.83867
125.74021
129.86203
157.99646
162.93871
163.91202
170.83928
176.94547
8.15119
35.38248
58.55472
82.14837
104.81784
110.31699
113.15507
130.49158
146.26146
152.69006
161.18615
178.21082
183.69608
189.38525
194.86576
213.94791
214.68923
214.78632
219.18901
