39.55850
89.57248
94.31044
94.94680
88.08421
99.04913
172.96281
172.96874
7.99160
20.50475
34.99595
35.55488
68.31944
72.36192
101.82231
103.50650
141.35436
143.59760
162.16924
164.15278
5.51209
34.13546
52.96858
49.46182
98.56665
101.06845
147.75345
148.58702
27.50361
83.25777
95.96559
97.29066
1.70646
29.77608
88.49084
92.26215
79.09953
86.40206
90.11474
90.11483
33.29533
82.69710
109.86036
112.07749
12.85402
98.40451
132.07120
134.26465
25.71353
26.15915
176.94965
177.21771
8.76601
20.48483
56.48778
57.42438
101.43821
156.29562
210.36607
210.87782
24.89534
56.23754
124.25607
124.51615
75.12904
82.76941
129.65825
129.82760
17.55623
27.85516
54.03928
55.01468
9.30541
114.83519
145.32741
145.86016
55.84765
66.84762
162.29599
162.59540
2.83064
5.12886
21.62283
22.82616
9.69485
44.55052
61.82966
60.92678
12.18576
78.04299
81.70220
82.19487
15.80559
37.16352
188.78979
188.89222
28.01222
44.47115
85.24940
85.52092
39.35878
141.40823
209.54243
210.94623
51.46620
69.19662
148.75467
150.55108
16.55523
66.56869
78.25845
80.51820
123.52270
123.58630
161.13207
162.46319
163.00936
187.07679
189.24863
192.51091
50.37228
58.50635
58.77572
59.70408
5.99142
41.97866
96.65043
98.94839
5.97289
48.14355
93.95240
96.27860
23.19122
160.65538
171.36622
171.73403
52.75281
104.80652
106.26178
107.95108
44.13708
149.57437
157.90259
160.24460
100.87842
131.96233
164.59945
164.69925
68.45281
76.86044
160.29505
161.05238
4.72909
59.30349
244.26904
244.54646
38.81302
78.34719
80.01039
82.29477
2.20001
5.89669
123.75305
125.04441
56.86242
66.94163
138.70035
138.88242
20.57883
46.31253
97.97701
98.18180
19.41924
102.69988
139.18950
139.27606
52.40087
128.96140
175.61946
178.01396
12.77418
82.49875
113.24026
115.09070
84.47699
-1.00000
-1.00000
-1.00000
34.57666
49.02763
154.11938
-1.00000
100.15190
131.16949
-1.00000
-1.00000
121.76636
154.20947
191.55928
192.07157
27.79399
94.58849
119.78097
119.80073
91.70347
134.31747
160.74644
162.78873
4.25398
15.24813
16.87590
18.33477
113.00020
166.22132
211.19426
211.47371
99.55658
131.72084
158.25506
158.89600
26.70925
162.27207
248.82613
249.58767
4.85366
80.95401
96.13629
97.72177
6.38248
41.08233
49.40495
50.81312
41.23845
67.95865
70.77358
71.26455
2.37260
122.20333
137.25551
137.84250
39.52750
50.27462
60.25309
61.75932
0.42966
2.60022
16.37164
19.73874
103.99317
108.90840
109.30476
110.37695
34.55198
91.27893
125.20223
125.22344
56.03600
93.81465
122.99454
123.33256
50.18957
102.16020
104.15874
104.98179
8.61395
53.78221
122.70382
123.86985
38.82588
40.89473
45.11239
46.34042
14.37685
27.22819
40.52065
41.69233
8.40729
13.25381
62.46254
63.07112
53.12047
61.73592
66.69322
-1.00000
29.66063
124.22964
173.35698
173.71668
46.19886
51.03069
59.34801
60.89194
144.20230
213.34962
293.96150
294.51439
118.63477
162.58150
165.06469
168.29046
45.84015
57.30640
89.39044
89.63430
51.34800
93.07899
105.72650
106.03116
82.18314
127.72726
168.70108
169.72972
7.73618
11.20240
25.82299
28.31138
29.62852
55.49011
63.85112
61.82550
72.77569
89.72649
193.63409
194.97542
34.49667
135.27776
165.10229
165.18518
52.59079
91.62881
148.21300
148.97127
36.90317
62.85458
66.23268
67.01536
40.19935
53.31647
69.75604
69.94162
70.41456
119.86826
145.55307
146.60605
68.70748
191.82891
248.70084
248.99798
122.09091
165.19243
169.07912
169.16503
25.61043
38.14826
64.88354
65.41169
35.91369
48.86651
65.87444
64.04272
2.06294
6.58744
61.19444
62.45210
80.82970
86.67911
97.43769
97.48237
26.38092
72.33329
83.96322
87.41195
34.69130
93.34552
232.35396
233.83681
122.95741
129.46932
202.98991
203.38560
80.44428
95.70230
107.23472
107.24865
15.67357
35.05497
55.06836
55.72044
18.36973
66.71592
94.95480
95.94473
19.19859
22.45089
59.16546
60.23629
12.31802
15.02187
24.94010
26.68431
