2.82573
8.16294
16.47770
22.53657
27.64349
34.98511
41.60001
47.30996
55.70722
61.67470
67.58694
11.88576
22.16123
30.21666
36.88157
39.62900
47.67825
55.98631
61.44413
65.78903
69.20251
73.87034
7.61468
11.64736
15.43591
25.28015
31.75235
38.09154
44.16012
49.94276
55.65564
63.74456
66.37400
5.92763
14.13715
19.07806
24.64744
28.61691
34.81574
40.28610
46.61223
57.82910
63.10904
74.99375
8.30375
13.07025
23.06171
28.15846
36.85475
41.37406
45.84133
49.86067
56.77362
64.53433
72.90305
4.65199
9.73373
13.81929
17.35577
23.86941
29.33571
38.00710
40.50752
43.64152
47.20632
48.91093
10.06154
16.58778
23.18961
27.16045
31.03761
38.33980
44.36169
49.52814
52.95490
60.62450
63.13098
6.59159
10.64342
18.60934
24.42561
33.46133
40.18821
45.93736
51.42102
62.64531
68.34839
75.36315
7.31278
12.96512
17.91543
23.84358
27.47879
34.02703
45.79738
50.18642
55.71245
64.39129
68.69517
3.10813
10.30521
16.21091
19.61476
24.32067
27.65512
32.12015
41.27709
46.96604
55.93183
62.43955
5.36691
12.00154
16.42109
20.71042
27.46942
33.45462
37.29795
41.48728
50.35306
56.67651
60.77839
4.52910
13.23647
23.27503
26.73306
36.09595
43.72715
48.34687
50.00150
59.07838
62.10060
72.67894
3.84602
9.70439
16.52068
27.43934
30.19423
36.86036
42.61853
51.20569
54.98310
55.94399
62.50526
6.10330
10.09783
13.72502
15.28959
20.58219
26.72495
30.78355
37.76644
42.28263
49.21111
54.50523
2.83235
5.65871
16.02328
21.83839
28.88062
31.23375
36.33009
47.30311
53.00502
61.97429
65.08504
8.32911
15.67619
19.39329
25.79408
30.45748
36.49698
39.06513
45.12956
51.35394
55.44914
65.52134
3.09328
10.47686
18.17959
22.45393
27.83897
35.31145
41.63703
50.91140
57.59202
59.48327
64.22127
8.32343
14.46508
22.00392
27.31195
30.87775
42.08827
46.23091
50.56150
58.06738
64.41429
70.12598
12.26440
14.34619
21.23608
27.60215
42.29729
49.37437
51.75208
58.60049
64.74370
68.11773
72.76115
4.45554
8.94521
13.11672
18.94411
25.95454
29.80653
34.47407
41.56026
50.59378
54.99470
60.02242
8.39052
13.47479
22.15162
31.01821
39.43471
48.99452
49.91600
55.20181
60.39070
65.97190
71.78221
4.29070
8.76777
15.88877
20.53187
25.05203
31.91353
38.52249
44.78649
49.75392
54.97582
61.76320
7.78787
10.73309
19.10894
27.26971
34.61574
41.25261
45.47011
53.56302
61.54050
67.79336
72.80629
3.63065
11.49609
15.67323
22.28923
27.28541
33.08729
41.68888
51.45408
56.06406
65.69755
70.49784
5.49348
11.06432
13.26321
22.36551
28.82966
32.73102
40.11441
50.01011
51.97594
60.99282
67.02826
5.65924
10.73097
16.64561
21.41618
29.85049
39.63649
44.87839
55.32846
61.81623
69.83766
74.31797
7.96246
12.60194
14.54257
20.66000
28.73694
39.30003
42.43872
47.82567
56.87697
62.56341
67.20559
3.88587
8.90943
17.69729
24.72893
30.83892
39.69205
43.24016
49.79812
56.19792
64.45065
68.72467
2.25723
5.02242
11.14028
17.26055
25.29480
28.17764
31.67106
35.11830
43.06004
49.68442
56.46731
6.32699
9.19846
11.99137
15.98113
20.02036
30.26722
39.02364
42.61593
44.09888
52.03665
58.05775
5.00761
10.07378
17.22786
25.04803
31.85750
38.31411
41.70231
47.25117
52.23297
58.57478
63.53574
5.44700
8.48952
15.54587
19.68146
24.16188
28.31460
36.50811
42.17596
46.63973
58.54181
63.12370
9.75388
13.13191
16.63993
23.17570
29.95484
34.42050
43.06240
46.44488
53.73839
60.70650
63.31327
9.76771
18.49480
23.07962
33.00747
38.84536
42.90325
43.60742
51.35047
53.58000
57.52973
62.27343
9.97663
16.79457
22.43352
28.91386
37.33033
40.51387
44.32175
51.21490
57.24657
63.66441
68.21747
4.58118
9.49156
18.75794
22.62668
26.65787
33.05092
40.11480
50.29134
53.46557
57.67449
62.29671
6.14148
11.07009
19.56318
25.81682
31.12253
34.38615
37.42602
43.16747
48.84501
63.73950
69.69363
4.56370
8.72679
14.54800
18.37737
23.55472
36.14578
41.49207
51.09680
59.47985
63.01806
66.52575
6.67832
10.27739
15.11867
19.25623
25.77642
30.16487
40.84075
47.98870
53.82665
59.38563
65.05285
5.67822
11.91317
21.17567
28.36636
33.67450
45.78435
50.56346
55.63204
60.39047
62.66520
69.62440
7.48536
11.97247
20.07216
29.82004
36.66312
43.90230
51.19422
55.98331
62.88208
69.25359
80.15349
4.01655
12.27145
17.83728
26.28860
27.72785
32.50253
37.95097
42.98463
48.28362
50.83737
59.09498
4.84098
8.60185
14.31971
20.83240
25.02298
29.68960
36.88944
42.92330
50.62355
54.54952
58.90493
5.40385
11.60342
16.77529
22.92225
29.96794
39.97826
44.05228
49.50411
60.91449
64.58977
66.74588
7.48889
11.02098
15.66570
27.13735
33.10953
43.32561
45.85326
48.19339
53.94016
58.02249
64.80502
6.52711
15.36916
19.81751
24.01316
28.55935
35.69368
37.75179
44.14267
52.01197
61.78738
65.81120
2.89614
11.46766
17.95625
25.83788
29.72761
34.58408
39.58761
42.43860
44.23579
49.73520
57.23117
4.81876
14.21557
21.89968
29.40063
37.46988
43.59477
52.22320
61.17271
64.98883
69.47765
80.44826
5.41950
12.07894
16.98141
26.31346
31.11532
35.06354
40.17434
44.95193
48.26475
55.17463
62.58881
7.47818
13.55379
20.37627
24.65518
28.56543
37.71545
41.02771
45.55602
52.19591
58.00663
68.78675
7.81515
13.67399
18.78489
22.19137
28.49767
31.54868
36.68267
41.71346
52.02132
57.13931
60.76317
6.33475
13.48878
21.23053
24.98372
29.62211
37.21858
40.99734
47.55819
54.45472
60.52604
64.37600
6.52882
11.96975
17.41312
23.30248
23.64163
32.33014
35.19029
40.11780
44.52601
51.93702
56.94892
9.88265
15.32366
20.39995
24.26121
28.17205
34.55452
40.31692
50.19622
57.29113
60.11821
65.21596
9.54874
19.46178
24.88860
30.11741
37.73264
42.25515
46.58914
49.44722
59.48534
62.32018
65.07715
7.02974
13.78640
24.56513
35.75126
42.55973
51.47776
56.73769
65.07364
67.76036
73.75227
80.64883
6.70879
11.33555
17.19550
22.36877
26.92163
38.14339
48.79523
56.96879
61.48511
65.22461
69.59110
8.91459
14.60835
22.81482
28.60985
34.26083
43.05193
54.06748
59.43711
67.60500
71.43875
78.55051
5.54454
8.44111
15.09155
24.89743
27.29933
36.71658
44.18503
48.31014
54.25077
57.32014
61.85722
4.95696
10.96015
17.12493
22.65363
31.16511
38.30828
44.42157
49.03856
53.27267
55.08288
61.40879
5.68235
15.35656
21.06959
23.92390
30.22150
34.53618
41.59290
47.07504
53.53358
60.41148
65.64510
3.32625
8.59105
16.39757
23.59269
30.36958
33.20087
41.00450
46.49452
49.18111
54.21661
59.29272
6.62225
13.33763
24.47985
31.08195
42.22688
46.95787
56.15690
62.32357
69.39739
73.82909
77.42406
6.14142
15.06418
20.77774
24.67087
31.91406
35.77852
43.94019
51.98193
58.00326
64.50670
68.94617
8.28521
12.05416
18.50295
22.70559
29.21406
38.92471
47.84145
57.67267
61.92243
73.40314
76.83233
6.57752
11.25923
18.46156
21.79471
33.91245
41.36585
44.00285
47.75252
56.80599
66.86770
67.83044
7.07656
14.09955
21.47043
26.04225
35.85125
40.28453
43.01690
48.10432
51.88545
57.43576
63.51030
6.93446
11.17517
15.78495
25.72744
35.64130
42.22822
50.43020
55.83300
61.11445
68.13562
71.08289
8.39342
14.43074
19.91870
32.14036
37.64377
44.41249
45.92666
54.92536
61.46835
67.50506
70.64370
6.48503
11.06573
15.84476
25.04950
33.75334
42.20124
49.49491
58.84012
62.74171
66.00324
69.74482
3.69815
10.94788
19.16651
23.59576
30.91260
38.42065
46.80152
51.98719
55.78581
61.74236
69.87779
9.40439
14.49235
17.49938
22.21207
30.94054
35.63500
42.36346
46.73752
50.79960
55.67648
61.13330
2.45077
8.24963
11.34073
15.81559
18.41436
24.99874
31.32542
37.68178
45.98291
51.58122
57.73504
4.26208
10.36355
15.98269
24.32564
35.67745
46.02654
49.52336
60.03570
68.14765
74.13537
77.68443
4.10198
11.90446
15.18564
24.23847
26.91788
33.26817
37.17651
44.32469
54.13028
59.08536
61.51310
7.25055
15.73964
21.72771
26.35141
32.22770
39.15109
43.97379
51.64843
55.33431
58.89276
61.68537
5.61197
11.12912
21.93921
24.74952
33.11721
35.84940
40.19343
48.85618
54.27551
57.55556
64.13243
3.09232
11.42727
19.08300
25.08257
29.66640
33.28447
38.65192
43.18453
48.95904
53.46117
60.68716
10.28509
13.98301
18.87950
22.01744
28.15731
39.76019
42.28179
52.11294
57.16073
63.16633
65.03639
7.38964
14.95567
17.69500
21.43713
30.72207
37.69709
43.23500
49.42968
55.56524
62.89295
66.34497
4.71083
7.89444
13.35365
19.62216
25.58623
33.98875
42.72890
55.44744
60.35017
66.36981
72.12378
10.40618
15.95722
20.16803
23.78827
28.31913
34.96805
42.82712
47.19899
51.58872
61.47778
69.64423
6.36329
15.43947
24.28709
30.69758
35.83230
39.27349
44.36950
51.21320
57.25598
61.85942
66.29780
2.72588
12.19052
20.69020
26.10831
33.96740
35.42341
39.74531
43.27934
48.63161
57.14087
58.44517
4.77071
11.30472
23.04810
29.67179
35.14117
41.81146
45.72774
49.47818
52.49861
57.93521
68.90370
6.78012
12.10992
23.64728
28.46593
34.74720
37.64500
46.40418
51.78080
55.73290
61.19539
66.45988
4.83121
9.18793
14.77979
22.51138
26.91624
31.52217
38.68603
43.21419
48.82623
55.01846
57.81568
4.60125
10.08730
16.06433
18.50410
22.30123
25.66631
31.07482
38.87386
48.78321
53.37302
60.79696
2.77691
10.39888
14.46575
18.42177
26.04785
36.15335
44.36195
48.83634
58.24449
64.68453
68.64904
9.97700
15.44554
21.50935
30.14139
34.95171
37.54118
44.85860
50.00071
53.89337
59.31590
63.38807
7.49991
13.86876
16.40864
18.96734
23.47552
29.35750
33.61866
38.88119
44.38737
51.52870
55.07630
9.29213
15.41842
20.11037
23.04902
30.65193
37.41904
43.87077
49.08555
51.70971
57.62805
62.31656
2.74436
8.64632
17.73410
27.31233
33.74455
39.50152
46.85534
57.01982
63.89345
69.15565
75.23290
2.73437
9.88260
13.89399
18.11366
26.19266
31.28186
37.68884
41.66744
49.74619
54.12586
62.64560
8.92396
17.56291
22.02692
27.83178
32.95765
37.61465
43.72416
50.21370
55.50992
61.12596
70.45067
7.30349
14.14692
19.07837
22.37309
35.57181
40.39015
47.21365
49.62045
55.99900
59.86303
67.42946
2.16779
9.37871
15.22632
20.87369
32.47522
37.37462
43.15522
45.22437
51.05916
60.55577
67.10385
5.65893
10.11015
11.93469
18.40673
26.52908
33.62653
40.36590
47.49848
53.42632
56.86257
62.76174
6.29872
14.63084
20.45913
23.65937
30.21907
37.28036
43.74612
52.14034
57.01534
58.67612
63.62303
6.84848
15.53840
20.76042
25.35063
31.61303
37.78191
40.10495
43.00821
44.82684
49.57739
54.04708
