12.96421
17.44421
22.41940
25.55343
44.81515
50.96892
61.82236
67.33388
69.33622
71.70395
98.93757
109.09169
110.25299
116.99520
121.07376
127.41401
134.80701
129.47933
129.49607
17.19493
25.93678
31.08029
33.66299
40.51228
50.70941
53.71219
56.17441
57.70681
73.12365
94.33276
95.57485
98.37591
100.92257
105.84050
109.53234
117.83301
119.46234
124.21739
3.63628
4.78705
17.63805
22.82194
31.43076
38.40465
38.69045
39.87560
45.93289
50.59193
52.07697
56.63180
78.20571
82.99937
87.53536
92.80879
97.74159
111.64220
117.59685
3.75904
28.28208
33.06334
38.95421
46.25852
68.50186
72.62667
76.48460
81.70738
86.77062
91.19959
102.03199
104.29615
110.15955
110.93953
111.15101
112.23530
115.75742
119.79536
8.60378
18.90049
52.71121
59.04548
65.70217
74.43169
80.15649
80.66153
84.80517
89.46409
124.39610
140.24752
143.63763
148.91640
155.12653
159.09880
170.32864
179.17178
179.68639
6.01968
19.78699
26.26173
38.81889
53.00612
54.50364
67.84027
73.29433
78.15210
78.10162
103.71105
114.64323
123.61605
134.77276
151.28089
156.76109
157.84977
156.37824
156.87346
6.42602
13.18711
23.33688
28.45994
34.45183
48.37894
52.92705
67.69108
68.64250
75.70271
78.13939
90.71625
100.48718
111.98460
115.47768
119.86946
126.74388
130.76688
142.03554
23.64354
29.10932
56.11176
67.51856
85.23331
91.11739
91.23585
92.22618
98.38928
101.24455
104.24102
109.76410
111.28174
111.20163
119.58664
120.46781
136.22422
151.37881
154.36716
12.18894
19.83522
23.08608
32.62224
34.22357
47.02444
57.24680
59.39660
64.56845
72.62010
77.92054
94.78128
95.48153
96.56332
116.78777
122.36593
140.06929
141.98839
149.39354
11.24416
31.05655
42.69164
58.31655
73.03817
78.93347
82.31629
85.80979
89.27937
89.46098
92.12010
95.16403
101.57790
107.56709
116.19938
132.48911
136.14391
141.19243
138.46205
11.14858
23.14493
26.20895
30.33200
52.12534
56.09631
57.73153
70.31544
71.63507
77.65269
92.40795
101.54466
108.69015
113.26881
120.29687
145.58559
160.68957
163.35867
162.88531
4.46541
15.18040
33.92560
49.14443
55.32598
63.16144
64.74139
66.26792
75.57342
79.51778
88.09701
91.11896
93.71997
95.82535
102.82606
111.93073
122.71224
122.92806
128.26671
29.73349
42.42523
48.79269
57.62159
66.60685
67.79747
79.20907
90.55261
97.73525
103.56387
103.57993
117.93687
122.02696
125.96617
128.94441
137.90266
138.52325
147.18385
155.74452
3.28996
6.73472
9.29338
19.02930
20.98021
32.72112
44.63886
51.67736
52.89779
67.64098
69.38908
80.26981
84.23912
90.22141
97.79465
93.39444
114.85669
117.18437
122.76656
5.26839
17.64765
26.88612
27.96860
35.46197
40.16394
53.53247
58.71213
59.91214
60.99264
63.13654
72.69981
77.92431
81.09499
103.35017
122.67661
124.06078
129.35934
132.77172
5.67943
15.01888
21.99928
29.00607
48.47553
51.46419
52.14383
58.83588
58.20928
67.70578
71.88119
71.53277
75.81593
83.75718
105.16336
105.06948
105.79099
105.85459
108.05610
5.44367
19.95362
25.78023
28.15924
31.32883
37.83944
40.32355
46.65617
51.42652
54.62348
73.42084
75.78660
114.98152
116.94648
127.74684
131.14825
143.88893
145.81001
160.77024
12.54129
26.03933
29.92873
44.53316
47.40620
56.95642
55.96398
59.57978
64.84563
72.31280
81.07562
83.33568
83.80115
88.69686
91.39029
94.99975
96.85609
101.93951
102.15791
24.15311
32.24247
50.64638
64.39645
76.77728
90.48344
95.92518
102.59714
102.67358
117.62991
124.70432
129.89427
131.18692
138.94108
142.99593
152.99826
152.96722
152.88963
157.17463
5.88187
8.66185
17.25980
24.07122
46.44137
50.58985
57.75752
64.20494
70.51924
80.24020
81.61297
90.30004
103.36126
108.60894
110.33939
114.27063
116.94892
121.34336
123.56560
2.89244
8.91664
20.48116
23.04802
26.22693
31.78059
35.73705
38.21451
43.48714
58.51638
80.17342
82.03561
90.90857
94.53270
101.58316
113.73322
117.36680
124.09869
127.58159
17.80127
20.92049
27.83400
34.25375
38.92611
46.97424
50.43373
60.20592
68.58192
73.56058
104.56284
112.93942
121.06439
123.45663
127.72502
136.60101
145.82403
146.11810
150.69623
9.14442
32.15581
38.17732
59.92051
63.28473
88.98926
93.40816
106.73966
119.24080
121.53709
127.34271
130.56511
139.24976
139.39174
142.21028
151.02525
153.12151
163.28254
170.10044
2.09644
10.84131
11.95188
18.33354
18.29326
20.54873
21.57938
28.43863
29.56499
44.21558
54.85399
59.99546
62.17313
67.58503
75.32156
81.51996
84.57136
94.83886
108.28594
18.58408
19.72490
25.36965
27.82671
32.22063
53.26338
61.27189
65.87551
78.70836
91.79903
118.20490
134.95775
133.51412
134.87744
135.88670
146.23716
146.56909
162.40105
164.30267
8.17800
20.19192
35.35625
49.24328
59.16070
63.84623
69.23316
71.00055
74.51309
77.74963
83.17341
90.51039
103.21482
107.09672
107.15253
135.25472
142.73803
144.44261
154.94586
13.32042
22.40513
26.64146
38.09527
51.85172
55.19955
56.35218
63.67201
67.94376
80.65429
85.21561
89.20336
94.17754
101.71914
102.58182
107.97901
135.27240
141.98078
159.28513
3.77200
8.15427
9.80418
22.05425
34.31935
44.18955
49.67003
49.18746
50.85740
69.65625
72.88008
82.23450
90.10198
95.05869
95.80862
107.23697
112.25905
114.21203
115.90477
11.36938
16.55667
35.65387
41.23316
44.61794
45.61417
50.83912
56.41486
67.01938
67.08508
77.64900
84.28857
93.11410
104.15801
104.18488
105.63789
117.55941
126.71091
135.54743
13.12175
27.97482
37.82570
39.48809
44.47775
62.73654
78.43369
83.43357
105.62377
115.63644
117.26777
124.67988
133.91894
135.85824
142.56147
153.91187
156.98139
162.27331
180.71346
5.03824
8.83607
13.00560
28.31611
30.96315
38.02291
45.18353
48.74011
53.31160
58.72796
62.00815
84.10162
101.01163
106.59634
109.78534
126.70185
128.72879
137.72073
143.08325
4.10468
9.70200
17.29255
29.51376
38.82853
49.99089
54.56622
57.91946
65.81020
66.44758
66.75438
90.09454
105.49653
106.08949
108.16534
113.82320
124.83101
130.72484
137.95994
0.55406
4.67686
28.63842
41.15333
42.35408
77.57813
78.24575
84.75041
91.86897
109.71498
116.36933
127.92139
133.84117
144.92427
149.81155
175.87194
188.24995
189.91820
193.74040
48.51761
51.66097
54.79904
56.45843
58.06996
61.16566
63.69904
67.40219
69.34315
81.35004
83.27510
92.51164
94.41870
103.28940
113.40399
118.70165
120.10679
140.78343
157.69035
8.92624
28.23755
39.95985
41.74343
60.74188
74.50297
69.13358
81.37018
89.06558
91.17197
97.54609
99.80838
103.47176
107.56695
115.29014
123.45964
125.51603
129.43936
132.25745
12.08571
22.58489
30.64027
31.73962
38.45347
39.25404
57.86549
65.00687
62.68515
73.78878
79.71403
81.76674
107.53926
114.35907
132.55493
129.97215
154.14058
161.73817
166.90607
16.15496
18.70516
31.51388
34.06363
37.55128
49.47663
56.33060
56.95404
65.98110
70.76077
70.14376
78.19342
78.81433
83.31664
87.89975
98.07442
102.21346
111.91894
112.65942
6.08718
20.06301
21.41631
21.86081
31.70379
59.43981
71.75491
74.64167
81.95331
85.00326
91.60404
100.99566
104.04329
109.58440
110.04070
112.06246
118.73900
121.89514
123.69567
0.52100
9.49125
14.46926
16.99533
32.87181
45.37911
61.60862
67.59015
68.06441
76.92953
84.94269
87.88390
90.27680
106.42983
118.58223
141.39563
155.21520
156.83945
161.29863
4.74004
6.48867
15.68383
20.86776
25.07583
27.96253
29.29280
37.77430
47.06364
62.74735
63.92751
62.65852
101.38761
105.24381
106.08467
114.69582
122.01283
130.25989
141.45890
0.41422
5.59249
8.78129
17.37426
24.83511
26.99649
28.69199
33.45694
49.64559
51.75021
57.30599
59.52489
61.90935
70.18506
82.46304
85.94526
80.69486
92.33361
102.23728
5.23075
8.76207
15.58963
17.48116
18.33689
20.44886
30.51531
35.37078
38.80945
44.76424
60.86987
61.78411
68.95240
72.72979
98.45048
100.34305
120.63356
121.97104
141.46061
8.20260
17.58970
26.66033
38.04618
43.93766
59.60568
62.31525
85.85645
87.75251
92.27020
99.61723
110.09023
114.71943
118.30832
130.03318
131.92788
138.03431
148.55653
148.85563
7.17989
27.39314
28.98187
31.98764
37.88124
45.43712
49.63963
64.13953
67.76851
69.84191
95.12136
96.77416
98.02691
100.56837
101.54822
136.35729
158.32522
157.78258
164.43332
16.18872
17.88802
56.86452
79.44470
81.32669
87.10113
90.06379
96.55522
103.46372
104.58823
110.30893
119.73266
120.19580
126.93476
131.18251
142.91311
146.39732
148.36777
150.20964
8.27255
17.93131
37.14106
49.19658
58.43075
73.91652
74.77008
85.09039
88.80413
92.59625
93.78372
94.01536
96.49861
110.26843
117.67948
121.09129
123.21377
123.91892
125.69091
26.37029
28.08287
35.11666
37.43095
40.32327
54.13916
70.68711
78.86605
88.33115
91.84031
97.85396
107.15746
111.31267
111.60725
117.27101
123.63171
124.80683
128.38135
142.48619
13.55261
23.38167
38.71426
42.78142
45.12425
52.02487
58.05010
56.18482
60.19915
69.99886
71.85133
77.02471
82.19303
92.20267
99.72611
122.34310
132.59136
135.35745
145.83955
23.27726
36.07709
48.47673
60.34460
71.73922
74.67663
76.80988
84.36745
95.15779
111.84826
117.52418
118.50379
143.20454
157.71363
166.93996
178.06414
180.31989
189.02620
199.64113
6.13822
9.54486
18.54359
24.75280
31.50207
31.65488
39.76112
55.28941
61.21442
82.11397
92.92457
94.84446
97.20356
106.63116
107.38504
112.05496
115.58322
128.32075
131.32026
7.58070
14.21401
23.49782
36.76536
40.84187
43.76865
44.88309
51.49524
73.26371
81.15832
86.95850
89.73524
107.03231
122.84360
123.82391
129.51629
136.55248
141.60178
141.05410
7.02281
13.75615
16.08778
27.67127
33.98111
38.57644
42.95473
48.00535
47.92488
59.27371
63.89379
76.31072
76.43079
83.58242
105.01305
121.91456
124.85924
140.05070
143.42519
6.62231
23.81878
38.66720
56.06129
58.19567
69.57281
77.17395
84.40345
89.98233
94.58027
99.41877
102.17186
113.15564
124.86952
136.82688
137.03241
139.41454
139.74055
146.82463
5.35781
8.51880
14.05487
17.09092
22.84138
25.47660
42.19647
51.15307
54.04078
65.82580
66.65594
82.78149
105.16661
107.45836
121.02345
122.86181
130.81325
137.67058
151.74924
1.59578
6.41744
10.54400
24.76796
39.66574
48.70777
52.72874
59.95740
62.16124
65.93575
73.05664
82.55094
90.11176
113.94079
120.57641
121.18818
122.31519
128.88579
145.53073
2.49648
16.88963
26.07364
36.04005
39.47950
43.13187
45.44139
46.54914
50.33387
50.42386
67.41830
74.48822
75.07245
77.72312
92.21022
102.18986
110.08349
117.27767
120.91139
15.01592
19.62135
42.59036
48.54617
51.50176
71.46807
81.62456
85.85595
102.96223
103.35827
109.65624
113.95203
115.20781
119.76014
155.03303
155.63000
167.88829
171.39773
174.68293
1.36093
3.66844
14.52592
30.14279
31.28380
34.92641
37.59257
56.31504
60.13634
73.23774
84.60348
91.07824
94.33225
102.54330
109.19275
109.75343
109.78006
117.42502
122.35039
1.40692
12.90715
27.09471
32.75395
34.17193
39.38093
42.76491
48.49393
65.50739
70.78917
73.73139
89.36317
100.56187
127.02666
136.88203
155.24654
158.27700
159.47702
160.71113
3.86075
11.78820
14.87584
28.72224
31.89072
32.49930
35.67819
40.44278
46.76323
54.16787
56.60900
60.06471
68.89827
70.83611
71.23330
75.01069
85.29161
99.34082
114.83873
3.95523
10.89506
16.95653
17.72066
28.49640
30.81657
49.76405
63.47908
81.39513
88.12891
93.42152
109.18576
114.98058
123.42191
132.22651
137.33222
144.55301
172.09127
177.63480
1.82347
-1.00000
-1.00000
-1.00000
-1.00000
-1.00000
-1.00000
-1.00000
-1.00000
-1.00000
-1.00000
-1.00000
-1.00000
-1.00000
-1.00000
-1.00000
-1.00000
-1.00000
-1.00000
2.53612
3.38026
12.53178
23.18422
33.71866
42.87074
-1.00000
-1.00000
-1.00000
-1.00000
-1.00000
-1.00000
-1.00000
-1.00000
-1.00000
-1.00000
-1.00000
-1.00000
-1.00000
23.98390
31.10222
35.09317
44.31667
56.85071
57.44582
61.37885
63.19359
73.21720
99.07651
102.68097
136.75118
137.77762
141.70275
151.80190
160.43425
161.10419
182.85083
186.48193
5.41272
9.98584
20.53582
31.13453
66.61860
68.17834
82.56673
84.07045
86.23547
88.77629
107.78206
115.89522
119.83878
130.12089
135.61663
142.75449
142.92964
143.42092
146.65456
10.25210
17.78406
38.79569
47.39056
49.55413
51.38126
58.44528
61.67495
71.53706
75.39283
81.47786
110.91234
129.74188
130.46212
130.16692
135.14752
137.29067
159.00976
155.61610
11.64001
20.11410
37.85098
41.16309
60.24477
71.08581
75.02050
79.35449
80.19022
98.67265
113.06111
121.83735
125.66769
127.22220
138.41801
138.29403
138.46411
165.47048
167.11993
10.44061
18.87686
27.88392
36.56757
44.11670
49.06953
57.66749
62.32819
63.28145
77.68830
93.05584
98.25601
118.43926
134.26933
144.76578
159.56806
168.68168
169.29762
171.79746
5.16554
7.98413
12.75677
29.51737
40.69983
46.08155
62.27475
65.24054
75.10891
79.17645
91.37708
93.96200
94.48098
96.44654
89.93802
95.55538
98.10426
107.34112
111.98275
6.90826
9.37206
15.06735
18.18868
33.06418
33.95518
35.93858
43.01269
58.68131
66.49923
67.04698
79.84785
96.01361
107.18057
113.74203
118.22651
118.69694
128.30212
131.59490
20.05107
27.16952
30.37276
31.59702
42.91830
56.26388
59.49164
72.00032
74.79683
78.41733
81.98828
96.80817
102.07451
101.65968
109.92954
110.20114
114.00472
114.20997
122.68782
8.77988
16.61342
27.49718
42.99840
48.22833
59.18035
62.68129
70.72662
76.20707
82.56791
86.46866
89.16227
96.16403
102.65296
111.77046
114.51103
117.09947
129.43267
143.44744
2.65449
7.91127
27.12097
36.61223
43.74533
62.63747
76.16810
79.91460
103.26421
114.71701
118.07900
124.60266
134.84927
135.63618
151.70884
162.15269
161.69902
169.89600
182.44156
6.82280
7.39303
34.67754
44.32696
49.52544
64.12694
73.93061
81.59286
86.51433
90.06700
101.54343
101.88276
106.46402
110.62026
110.62026
117.56917
120.52665
124.85163
129.61247
11.20478
15.76884
25.51740
47.94383
62.59231
65.66388
68.48882
70.63750
81.32456
92.42406
97.68810
113.22166
118.64340
135.77551
149.39198
157.21276
164.84178
173.03578
175.60917
9.13405
37.21020
53.23618
77.96268
88.43432
98.58140
118.46031
128.22123
129.00406
130.49222
131.63718
131.89529
146.17884
149.00219
151.23269
151.14775
163.42589
164.77443
166.20941
11.13607
22.21677
31.76222
33.58497
50.43183
57.68058
63.72483
73.23311
89.00931
92.87383
98.38947
108.91635
110.22095
129.23788
129.60158
135.67453
145.54713
147.54632
146.21749
11.23766
23.94415
34.34181
41.95233
52.61041
52.62572
70.45384
80.92021
93.25943
108.83840
129.62155
137.14118
180.33982
186.91631
189.03609
191.62790
196.96239
196.95417
198.94393
8.80270
31.12529
36.47675
44.79412
44.75189
58.19994
58.65660
79.77397
78.68877
85.94049
92.03626
100.98247
103.97377
117.16185
117.93227
125.01472
127.09069
134.23907
135.57900
2.87405
8.99452
18.36926
26.50444
30.96375
49.58303
51.61320
57.64036
60.62505
77.52720
87.83282
88.33596
101.29268
110.04059
110.32324
111.56503
116.30814
125.97237
127.67955
1.40812
15.46724
22.48159
29.03180
35.07433
49.09050
49.93562
53.73957
-1.00000
-1.00000
-1.00000
-1.00000
-1.00000
-1.00000
-1.00000
-1.00000
-1.00000
-1.00000
-1.00000
6.52701
26.98146
34.41418
48.02648
64.76206
71.24362
82.40633
91.53909
105.25060
117.42690
121.13728
123.18930
130.76977
136.18479
137.48629
139.84937
142.08324
153.65541
158.29910
12.37523
17.86156
30.14235
43.60155
48.69343
55.89530
62.75126
62.14740
67.14083
98.93530
119.49114
123.03009
126.10950
130.08749
141.36135
142.31975
147.22348
155.68434
155.20237
9.06621
24.66839
34.14760
38.21385
45.28969
53.78591
70.02591
80.51141
90.67134
91.50487
103.69639
108.73074
122.68583
124.02686
128.25766
129.34023
145.66023
173.66621
175.14553
7.41092
11.32941
10.24570
13.61451
16.37672
28.34376
38.07875
39.12679
44.95563
57.90778
61.42822
60.90302
61.60875
79.51469
88.74648
100.57606
107.48795
107.18451
128.52280
12.49675
16.99470
34.79854
49.63182
59.01796
69.58056
74.03380
75.53984
78.96299
89.87388
89.67331
95.71429
99.29017
100.93713
112.65651
125.41901
141.68927
143.49936
147.36712
17.82340
23.06914
33.40710
40.38591
57.74848
62.42797
68.93553
77.44750
78.77140
79.27843
79.52419
85.26631
107.98828
110.89936
113.67291
117.63484
122.39460
134.83531
153.57676
9.27681
15.60635
28.56379
40.49843
45.62340
50.43835
57.41065
69.05321
78.83399
90.13584
91.27181
91.75074
96.92978
106.41124
107.56805
111.95690
128.30333
137.34491
136.60402
23.40674
28.43206
37.99691
43.81131
48.50184
59.33929
69.60365
74.09335
72.37938
82.77660
83.14194
92.54658
95.99042
108.90664
142.19338
144.06862
167.60532
175.07548
181.01145
17.87866
25.87252
36.31533
40.08045
64.60166
65.67112
80.72902
88.81105
90.19664
96.11940
109.90825
134.83933
140.63143
143.62034
146.94836
162.29291
166.57726
182.40780
182.76529
7.40870
19.91664
22.20447
23.40049
35.20560
45.19496
46.23042
53.76011
64.15082
65.77282
68.40856
71.10918
81.82732
83.59331
87.83866
91.37546
99.29620
102.47876
119.15382
4.99804
12.66310
17.27809
20.90304
29.44314
32.49789
37.95599
57.50178
62.46680
83.64544
92.91454
100.66277
102.58287
106.30330
110.94424
105.71395
110.50465
121.64044
134.61409
2.77743
11.85601
30.26725
33.97700
35.18518
37.62030
40.87317
46.99241
54.45233
62.86764
70.29997
74.87912
86.93970
89.52638
96.94317
102.44791
114.79971
129.11881
136.34008
3.41268
5.44414
16.93447
31.50817
37.94348
40.69464
45.48419
49.46762
58.22298
74.10233
77.69516
89.80108
91.74337
99.99137
102.91341
110.08640
112.24363
130.57015
134.23079
8.17563
16.72028
29.75355
31.05760
43.92601
54.30908
60.70988
71.90076
82.64842
84.32152
107.23530
120.83766
127.97778
128.01584
131.46195
133.36218
133.94614
141.68412
152.12513
7.21540
8.75965
14.05994
25.29369
26.84169
28.91122
31.35857
33.42714
39.24118
42.54632
52.44087
61.30774
65.52705
72.06398
80.11285
89.36949
95.03463
100.65439
113.63718
12.52582
34.12544
37.90032
44.39852
44.29362
52.08272
71.19484
83.97931
84.38128
91.52294
92.00899
92.95876
99.17186
102.76928
107.15876
107.18895
105.80054
106.05903
107.86824
1.13734
12.75626
18.48083
20.91103
27.16722
35.95774
42.88894
51.37986
56.52296
63.23492
67.19249
79.63164
90.18652
92.73648
95.01302
104.59151
111.28150
113.21176
123.30859
9.90786
13.60077
17.77202
29.18469
39.65598
49.12865
49.06720
53.89635
72.71462
79.72756
84.40924
87.85535
109.29092
114.29576
115.40834
129.95123
130.69445
148.94116
158.80860
7.10163
15.29932
20.78148
30.59515
35.63122
42.76496
55.06923
61.58990
66.77758
75.82231
86.54805
99.96697
122.33822
124.26615
124.74006
131.22643
143.45640
155.57601
173.61656
