0.48274
0.54553
0.59998
1.31730
1.55939
2.14016
3.94071
4.04091
4.62314
4.87464
5.63226
5.63534
7.03012
7.47933
7.65458
8.16497
8.85259
9.43028
6.66222
7.17675
7.54065
7.92183
8.36350
8.37215
43.14493
43.31416
44.01404
44.53850
45.04335
45.62288
6.50200
6.93270
7.60000
7.95008
8.90145
8.94562
70.81033
70.93091
70.99292
71.25713
71.37834
71.75900
24.29442
24.29963
25.01404
25.06890
26.14907
26.91925
1.95609
2.22480
2.25153
2.99485
3.14594
4.08143
29.42429
29.64554
30.22294
30.99637
31.01047
31.01690
24.83603
26.34841
26.67762
27.01894
27.65972
27.77353
4.56975
5.34519
5.41436
5.62792
6.27643
7.11838
3.49729
3.69415
4.33071
4.37050
4.99069
5.61066
28.15806
28.56027
29.82468
30.31445
30.35054
30.52256
7.54625
7.88678
8.11010
8.29242
8.34176
9.01602
3.28066
3.38208
3.81524
3.89135
4.97891
5.43996
0.93143
1.70922
1.83676
3.24198
3.70885
4.21119
33.67145
34.06979
34.07362
34.23060
34.23082
35.71918
4.67401
4.99924
5.00152
5.03619
6.36682
6.95372
16.79967
16.85430
14.39126
15.10471
15.11380
15.65929
35.19031
36.24350
36.31608
36.53042
36.55031
37.31741
13.42902
13.45899
13.59889
13.76279
13.80792
14.08403
8.25873
9.09183
9.21673
9.21674
9.96465
12.15248
0.49737
0.94998
1.74002
1.93851
2.08214
2.23446
26.72929
26.79998
28.07594
28.81894
29.02875
29.27502
15.34253
15.36724
15.63663
11.76996
11.90013
12.25071
11.85702
12.45933
12.66907
14.19952
14.63815
14.65822
33.17441
33.21777
33.67828
35.61014
35.61609
36.11220
11.81967
12.34923
12.92309
13.06473
13.07044
14.23781
12.12816
12.32413
13.13631
13.21792
13.48819
13.50287
7.19706
7.36633
7.39225
8.03773
8.25683
8.32141
11.93213
13.10193
13.45275
14.60926
15.29052
15.39856
25.45443
25.50475
26.04625
26.09888
26.21289
26.98217
68.31698
68.37219
69.17003
69.35951
69.62096
69.68542
5.93195
6.10021
6.19426
6.30420
6.68261
6.69742
6.98195
7.08704
7.53092
7.75976
9.60657
9.72452
18.47435
18.64959
18.95520
19.09540
19.23215
19.61498
19.36796
19.48877
19.71102
20.15487
21.06006
22.07756
2.11783
2.66180
3.08890
3.41200
3.99616
4.41633
0.91594
1.01313
1.76432
2.68388
2.99464
3.03585
2.12857
2.61478
4.57943
5.17819
5.31097
5.60079
20.06559
21.10272
21.26479
21.26543
22.25613
22.37108
18.90667
19.16899
19.43945
19.45092
15.35196
15.37525
7.65162
8.52463
8.54056
8.66184
8.77171
8.78577
11.07422
11.47656
11.60293
11.85252
12.40959
12.57609
2.10073
2.10389
2.61034
2.89022
3.51059
3.85051
0.97602
1.25654
2.60154
2.63342
3.63874
3.93008
10.55232
8.55276
9.28735
9.58062
10.31326
11.16226
1.43436
2.44532
2.55283
2.60663
2.73101
2.73128
10.12440
10.79771
11.04080
11.07328
11.90951
13.02548
59.75459
59.80586
59.80822
59.85070
60.35225
60.99699
20.09523
20.63443
20.75833
20.96685
21.25166
21.46579
5.47741
6.06336
6.40744
7.15265
7.37997
7.41224
12.68251
12.71847
13.62824
14.30477
14.77216
15.02002
6.41715
8.51635
8.67320
9.58968
9.95430
9.97400
0.76379
1.63518
1.80939
2.23417
2.84849
3.03355
2.98514
3.87300
4.31990
4.59527
4.60022
5.61047
31.89164
32.42302
32.51958
32.75887
33.59415
34.46919
2.69310
2.94323
3.74489
5.01804
5.34412
5.40578
15.87299
16.00789
16.18587
16.26884
16.67839
17.12655
12.14052
8.61851
8.71765
9.04270
9.15336
9.29152
-0.10481
-0.02877
0.58444
0.76590
0.93185
0.93414
21.09126
22.50130
22.75978
22.76182
23.06514
23.23779
9.24794
9.33813
10.09817
10.11445
10.52252
10.74733
17.74327
17.96348
18.27862
18.58704
18.78166
19.20720
6.53564
7.06281
7.46855
7.49704
7.73533
8.08920
1.92097
2.14372
2.18152
2.57154
2.61340
2.63624
29.57730
29.85891
30.68896
30.69364
30.74736
31.16320
20.99977
21.06619
21.27329
21.27750
19.14000
19.98509
24.34559
24.36299
24.73527
24.86018
24.86521
25.01972
52.94187
54.59326
54.82805
54.84970
54.96453
55.13722
7.97924
8.63983
9.14842
9.14893
9.16263
9.21569
9.89260
9.89998
10.85495
11.32699
11.68140
13.00695
68.82332
69.14258
70.14847
70.17852
70.54037
71.13073
66.01026
66.65348
67.51736
68.66419
69.54476
69.82653
1.71459
2.03370
3.69685
4.78033
5.10839
5.89668
3.17270
3.60342
4.04173
4.69873
4.71629
4.78794
7.90522
8.07922
9.02199
9.55621
9.81967
9.96650
8.11925
8.18717
8.24657
8.32842
8.69715
9.20470
35.05859
35.37498
36.00023
36.27683
36.36884
36.41010
30.34377
30.65137
30.71373
31.11415
32.28176
32.31401
7.35651
7.44533
7.54122
8.80988
9.37214
9.44096
5.44508
6.08974
6.10212
6.55504
6.59100
6.99435
0.49792
1.26649
1.29095
1.52108
1.75740
2.67326
4.61419
5.05645
5.33411
6.85468
6.99701
7.58057
1.74124
1.74237
2.70868
2.83865
2.97707
3.80305
9.66357
9.71034
10.00952
10.41094
10.67729
10.80346
1.10214
1.28034
1.65603
2.43035
2.69107
3.30165
12.20096
12.31528
12.36869
12.80547
13.57471
14.41649
0.28210
1.10971
2.23010
2.23548
3.25011
3.56295
16.85542
17.13769
18.08254
18.09408
18.17164
18.42603
24.38099
24.82289
24.84576
25.37615
25.53331
25.91037
46.92513
46.95571
47.05200
47.10265
48.49739
49.21914
0.67093
0.78631
1.51483
1.52368
2.70683
2.85605
4.57928
5.44517
5.57539
5.87493
6.15598
6.16129
6.77243
7.46231
8.59981
10.60542
11.12233
11.41677
13.52024
13.71112
14.53504
14.86195
14.95138
15.07461
0.97170
1.14785
1.14786
1.14842
1.50676
1.70456
2.40390
2.76022
3.37961
3.48260
3.83503
5.26491
6.52740
6.68028
7.05124
3.51624
4.64666
5.19900
