11.95485
19.94096
30.94128
40.17608
52.31441
13.61172
23.37327
25.84935
26.66675
45.63755
9.13898
10.41576
13.57858
22.84139
28.72487
2.55168
8.58571
20.05025
29.92739
57.98996
9.84417
10.54711
15.99036
17.60536
25.34301
13.92257
22.57589
29.21510
34.32576
42.62284
14.05140
20.59754
26.81378
31.32537
33.39046
7.17578
11.06744
26.02808
39.26350
51.98287
16.26884
27.37752
39.17293
48.17189
55.71966
8.64242
19.62113
25.20555
32.28460
41.08507
5.96128
15.38962
28.60879
37.59751
47.45793
14.81067
19.58324
38.09861
59.32857
84.82225
11.33790
19.19157
23.02793
33.27212
55.42244
1.71190
13.94704
25.35973
31.70080
33.61265
7.50353
19.76214
28.81454
32.76138
45.69523
10.34537
21.76804
42.58798
54.92793
59.80442
6.39873
15.12282
17.02677
31.81072
36.96903
17.71417
38.85957
42.67338
49.70200
57.28870
1.87926
18.53289
32.72056
49.40341
70.71076
7.04534
21.41908
31.79459
40.10997
44.26541
21.36156
24.63678
35.20309
49.96907
59.21364
0.42477
17.16482
25.52499
45.45263
53.26458
4.06233
17.32401
36.02960
42.18763
52.46455
4.96199
19.37695
25.84743
26.97535
36.83069
13.57238
58.80009
66.78795
70.32906
101.50465
1.95535
12.11923
14.68260
26.18458
41.16496
5.39217
15.69832
27.52388
36.61818
44.87341
14.26097
31.76515
42.96710
50.00296
55.08651
5.91234
21.58686
48.88559
57.37972
66.20434
11.66833
29.17008
49.88683
57.96310
59.52924
14.46583
29.04858
39.24389
47.72369
56.60623
5.95325
9.67745
17.43684
18.21450
29.75599
16.54133
18.81560
19.69416
30.12246
57.89136
24.80045
43.83845
49.63455
58.57824
72.90078
8.88331
22.53460
28.57813
34.33305
45.27827
23.92927
34.14952
46.43797
56.11177
65.27615
5.78128
7.93625
23.06870
37.90299
40.43734
5.71576
13.00203
24.46487
45.80442
45.91980
12.13944
26.06538
34.61586
56.78466
61.72350
12.97480
26.29585
37.13961
44.74975
50.93383
2.05133
7.90653
32.49552
42.52427
51.07601
19.41120
27.39371
53.07731
62.64508
76.22736
20.27294
31.30112
38.35053
41.27560
56.06788
4.11558
22.77209
25.03343
26.12959
39.10603
8.52979
12.13937
18.10537
20.17658
29.18948
7.42451
10.00292
21.21450
31.38901
63.01865
15.80712
18.50665
31.61146
40.78634
42.69597
1.95552
17.03272
19.05881
22.25532
34.46749
14.27547
22.75195
29.81282
41.97992
45.91838
17.79065
24.42893
37.77653
40.63408
56.03561
8.32099
19.06142
33.23997
37.18389
42.51716
9.25816
15.47604
25.10297
28.80499
43.64986
10.36999
19.42826
32.12439
52.48708
68.87423
18.20484
36.20156
41.75359
50.48005
65.54325
12.58249
33.46726
37.21492
48.04219
53.05388
4.50484
24.22844
26.15404
31.64592
48.36312
8.04646
14.46047
25.71638
32.23455
42.04777
28.45342
40.33594
53.04647
64.95891
83.80196
2.42325
11.24646
18.05925
30.30766
36.75930
13.01106
20.91205
30.00736
33.49275
41.78980
10.69404
12.51813
50.59638
54.41035
66.67763
4.00222
18.96247
25.37061
37.39296
53.17437
5.53792
8.11476
53.74215
62.50256
93.11150
25.75131
35.14362
39.60199
44.87027
49.94243
18.40992
30.81635
60.36362
62.08367
77.29765
13.63127
22.32456
36.49201
40.45166
54.13466
6.34520
9.27205
22.43224
46.40109
62.98446
1.43702
5.64252
28.30198
43.00175
50.55953
5.57240
18.27454
24.72090
27.94659
45.38773
3.62799
20.79154
21.52162
28.88075
29.60874
8.55268
10.49187
19.32214
38.86422
42.59597
26.38592
54.70893
63.54594
66.52826
70.48414
11.33607
26.46403
38.07537
43.67579
52.84076
13.31520
25.32948
28.91898
38.40910
50.17034
29.10934
37.63480
45.51353
54.73522
60.99222
21.98987
32.42428
39.73028
52.10127
54.11202
9.59771
14.94063
25.48259
35.75892
40.37233
17.84524
29.49969
36.22819
47.16278
51.37181
22.15640
23.42699
37.49171
39.15069
46.30217
2.34385
11.15566
18.62565
37.41876
44.88188
16.00906
20.54344
27.18137
29.62644
55.84622
21.12609
44.15534
79.94385
80.69463
84.95652
14.92916
42.46299
46.17233
63.06631
85.84320
13.43224
25.44402
43.57161
43.80119
52.11886
3.70862
19.02185
23.87131
25.36926
28.76193
11.97634
15.93116
30.67992
38.23958
41.69383
17.47360
22.16213
63.24347
65.05310
76.19322
19.14724
36.23805
37.19609
38.40681
43.96238
3.35095
17.35213
23.69022
34.74137
37.60472
11.21662
35.92042
44.73340
46.58386
54.50687
7.42442
28.11303
63.69596
79.64097
83.72623
16.63121
19.85326
36.36894
51.62218
65.38635
10.87628
20.35094
33.44386
41.55598
51.87480
7.06353
13.84477
18.45974
33.98570
40.11832
8.98456
15.86928
39.22988
45.67347
52.28697
31.21942
35.98431
42.54975
55.11258
59.06977
10.54976
12.83153
27.08149
37.92776
54.00562
9.61374
14.11500
15.71050
31.13544
41.82783
9.89746
18.86995
40.14372
50.03460
70.53355
3.12312
4.52319
9.75093
31.34903
36.00287
