23.70912
28.80466
36.33839
50.12627
71.49936
74.80967
110.23407
118.23220
122.28807
132.14485
145.80064
157.29505
164.30626
19.23194
40.60141
63.72985
66.48463
71.70559
81.28088
89.10704
96.02754
101.70641
120.64355
134.70321
143.18052
150.04566
15.91513
36.38778
60.78468
67.16909
85.12417
99.47183
116.50772
131.01010
160.37093
166.57734
174.80187
195.56180
200.70790
14.08464
28.19720
33.48513
40.28055
56.37349
63.48279
74.18686
78.86198
96.54498
100.78557
108.08862
127.98107
153.37675
7.23220
12.70851
25.44550
35.03720
46.52890
50.84178
63.69285
78.45842
97.55783
99.62514
115.45314
119.58953
127.07770
15.90179
31.27400
44.59952
55.27063
67.00249
68.95298
81.03272
103.69335
107.92950
116.89925
119.17463
149.98071
166.74637
7.53362
31.24865
42.98430
50.24576
62.35363
87.38141
97.03342
109.27373
113.84595
116.89104
132.39057
159.29666
174.97893
24.19741
37.46961
50.86520
61.44915
71.21034
78.14849
99.18684
105.09657
111.12631
146.99691
164.05230
178.28646
196.88025
13.23975
49.04418
54.28429
61.96236
82.26908
117.08852
119.52751
121.54085
129.65278
144.18140
154.25142
161.56740
173.82302
4.90648
18.58690
37.80010
46.81821
62.21540
90.04048
116.11649
130.81843
146.79857
165.63515
168.00104
177.34410
181.94558
6.65921
22.66965
34.46062
40.26646
45.00963
49.69858
70.12937
88.23427
101.84366
112.36495
124.53353
140.07441
153.48978
5.84255
40.95277
60.11566
62.21644
69.86572
79.50325
105.79817
114.77982
157.53426
170.28971
177.27317
187.00656
208.94952
30.34609
39.35802
48.02309
49.64188
61.19086
93.62527
111.37878
122.73286
128.96638
131.12053
134.34052
141.71510
166.68919
11.76923
40.61034
67.03768
68.78616
91.36561
108.25385
113.96283
129.40061
143.99839
157.55286
164.89217
174.53313
212.14957
16.58461
26.57543
32.49663
42.66697
46.35854
60.65612
77.29864
104.65027
108.64376
113.22769
117.98761
127.40070
147.55091
9.24373
21.21910
38.89743
54.39344
68.60555
75.90747
82.13905
96.56958
102.85926
119.63328
130.63480
160.45715
172.08706
21.30958
41.58337
79.39004
81.31695
91.40317
105.10989
112.32584
119.54464
124.21498
132.88969
142.56598
153.58952
182.16985
1.24257
3.97234
28.70930
35.23111
50.87151
56.04132
63.03266
82.03631
82.83453
87.67545
90.07590
101.07043
110.74443
17.47264
18.98183
24.06042
27.98966
35.35077
41.25312
56.02365
62.03511
65.77802
77.48470
98.90421
103.14931
115.16228
16.56343
28.10835
50.52591
58.21762
72.12567
83.04963
85.00582
97.58174
115.10301
124.89709
144.12167
155.60323
164.61028
33.30584
44.35063
55.29255
76.16074
79.17293
105.34991
115.06660
121.16598
132.43176
139.51867
152.26484
167.44769
172.72565
22.99042
30.67534
78.93436
102.11059
122.36881
133.93112
152.49039
168.07111
178.47153
200.23012
203.46753
215.49349
225.49837
14.15429
23.04724
37.53588
71.05542
94.95194
102.72868
125.75384
131.45774
153.07693
162.04158
171.33578
194.56156
214.47471
8.88833
15.36769
18.91660
43.74971
56.65435
63.71268
81.04852
95.54919
100.06742
119.07233
130.79413
140.00979
152.41603
18.55439
29.22276
47.21154
58.78286
75.71527
91.86287
99.25982
102.96282
109.99715
143.39449
151.45920
153.78088
166.28796
21.27169
28.53545
38.18609
49.37251
61.25389
73.71106
82.39322
86.12615
96.76064
110.51768
116.37305
128.63026
143.47314
13.72359
37.68764
44.47626
61.45593
91.95046
108.84378
131.48836
138.69158
157.83533
170.05439
184.47912
188.05837
227.31720
10.87322
17.75678
30.99207
54.51895
69.63534
96.18543
97.91977
110.24163
118.81696
137.84992
149.38354
168.14399
176.05442
5.83061
25.52214
31.61877
45.69229
58.32372
70.30340
109.45863
119.05681
128.27453
136.37775
140.07792
146.02606
157.68584
24.16943
39.09709
61.83181
70.84656
86.54045
93.04240
99.19909
104.78758
132.16317
142.69599
156.49294
175.92290
198.38754
10.67061
24.96377
30.06527
70.77920
89.74509
112.47749
128.29741
140.72184
165.14202
175.59599
183.97203
187.41151
206.43427
27.42450
37.09852
50.35296
68.01640
74.77669
86.78648
90.53432
112.33031
127.56994
132.79718
160.12872
165.31691
197.02898
7.57801
17.73734
30.51771
35.37169
51.95628
59.68531
81.30203
103.22227
120.19480
124.77704
128.33352
139.74137
147.51565
11.42702
22.91406
33.68398
44.55991
57.77810
67.72874
78.69500
82.40896
92.00649
100.54339
120.83857
125.24828
143.18861
1.75715
14.58280
22.73028
27.30091
45.27905
63.12976
71.04538
79.97716
106.69699
116.27431
123.92548
138.70588
142.04709
14.71572
17.34866
34.37270
63.66024
74.44924
84.25566
88.89550
101.09787
112.07666
123.03349
147.39434
171.49850
173.88391
7.86608
17.33340
25.93188
43.34703
49.01853
56.70663
69.76318
90.66012
104.34636
113.16758
130.10350
139.76760
164.33487
2.04919
7.78448
19.75051
25.64203
38.22291
63.58399
72.12894
94.78526
108.07363
116.05506
120.86092
136.04322
136.72809
6.84436
36.59344
52.32763
70.79299
84.79724
99.28407
101.15991
112.73215
124.70568
131.68082
158.13509
175.60943
176.27152
5.39906
26.30466
38.57997
46.03230
57.87237
64.48714
78.89594
89.03131
101.54919
133.44959
149.50096
156.50773
164.46339
14.40566
15.70394
54.44177
63.95761
89.27168
104.59939
109.29144
114.28481
119.14353
132.84306
144.91757
148.17171
154.90819
9.29567
27.51362
29.41610
41.31019
49.18476
52.00982
73.60746
82.87312
97.76166
107.28879
116.32634
128.22782
130.07870
5.69042
18.68006
36.44987
40.25274
46.89287
57.79310
73.63401
84.58148
115.92970
133.99462
163.40872
178.36268
192.33293
9.67620
27.12447
33.06722
36.87100
39.45536
45.89246
79.02924
81.16940
83.70286
94.59941
112.22420
124.29776
127.73813
11.92670
22.80852
39.90545
53.99694
74.09773
91.76808
97.81919
104.02572
109.22728
112.77160
126.98877
143.67399
158.97646
5.79663
14.22046
19.98322
39.11278
48.66643
64.00198
97.34391
107.09421
114.79239
121.63852
135.49047
139.82300
145.63495
1.94508
19.99365
23.37914
32.22952
41.59265
62.49197
75.54597
101.55639
109.85169
118.60509
126.17782
136.53230
146.34913
2.91391
9.11885
21.35005
28.98773
34.50379
38.83168
62.61301
69.87396
74.33256
88.70093
93.07637
100.73094
112.85310
19.80974
26.17187
34.10229
38.30621
45.35003
53.02288
62.85607
95.58144
100.40100
122.02852
133.44327
146.93320
161.21725
17.62166
23.78933
38.10515
61.13144
79.16801
83.09624
87.97333
95.26131
100.53802
104.61043
120.08383
134.34458
146.54028
5.39993
15.83292
27.02184
40.02128
51.76708
66.25685
81.92444
99.74631
106.08879
119.15932
123.87011
135.49152
152.22495
13.44609
28.02224
30.38270
41.90918
52.75291
57.85774
64.69845
90.23776
112.38319
118.68448
131.95969
155.62426
164.12212
6.06799
7.77053
19.65666
28.59645
38.24730
53.52928
63.57021
85.65887
94.49220
96.31476
103.93218
106.92938
128.11132
5.88950
18.27760
25.35686
32.13184
48.37181
58.66284
73.44282
79.58007
85.71500
96.14785
104.29532
105.80639
119.08865
6.40421
13.75870
20.36165
31.58791
51.33693
65.07107
66.82562
84.54465
89.97691
109.73701
127.26272
134.13077
151.14489
11.02805
23.39734
33.02779
42.47068
56.27613
60.37575
68.51807
79.46738
98.49061
125.69707
134.13005
137.55701
143.03993
32.03036
42.17452
51.46479
56.80137
66.36939
72.22411
80.44417
96.05117
102.30391
124.38267
126.89875
135.48865
145.94691
26.91122
41.96341
68.53310
77.40178
87.14994
104.00622
105.03563
125.68397
130.46745
135.64280
148.74383
156.54549
166.07659
9.26543
37.08670
41.13830
72.05071
86.42657
91.46219
108.28062
116.54246
120.89001
128.03884
148.39282
161.18338
189.26433
24.59236
42.55863
67.48543
90.44361
101.33949
116.73620
128.96792
132.42652
139.35427
176.56530
181.04387
224.10901
239.91621
5.61982
25.25574
42.84992
59.29706
77.86434
110.53022
119.38614
128.38931
130.64903
142.58238
156.23059
160.64830
172.88260
13.84019
27.18764
41.18099
48.57378
55.31690
58.13007
82.56713
86.31831
96.54072
112.26878
125.74843
147.82718
153.58976
8.33659
22.17292
34.98685
49.82894
56.61633
78.39486
84.46615
89.96918
102.80637
141.24159
149.48973
166.15502
186.70126
4.96779
38.54179
45.84965
51.45406
63.18151
76.15037
84.00344
108.77085
129.08889
144.65022
161.81013
169.28789
186.41091
1.84888
15.67127
20.55512
40.05873
62.53074
66.14288
74.67626
82.81937
102.13157
117.09250
144.48790
160.37620
177.05264
16.26594
30.10110
45.50493
57.98173
67.20635
79.45330
85.03446
91.75402
115.17452
119.86844
127.25101
148.19626
150.66781
22.25129
28.94172
42.04903
48.19219
65.79021
75.91575
89.46562
100.20533
103.57996
119.81014
137.83963
164.55614
183.96261
16.23880
29.61760
39.82946
41.53302
53.37294
84.61132
100.58197
115.45422
146.92920
153.96519
168.28235
174.93421
176.08134
12.26217
28.28436
31.36567
35.52972
50.68120
67.15158
87.75472
98.71909
118.89769
127.93992
154.66015
160.87273
177.26971
11.81669
30.12670
39.56933
46.69238
49.16573
61.15947
78.16978
82.86517
101.34159
109.88638
110.09099
128.81297
141.15912
14.83665
19.16722
46.04932
64.12425
79.29721
88.56414
95.90705
108.42060
116.09033
130.67312
139.69015
144.92637
149.53561
17.89321
22.11907
28.68304
59.64095
76.28489
82.08463
90.44190
104.70181
115.33160
118.07753
125.57308
138.36920
164.95884
19.54254
24.49063
26.23758
33.14501
44.62805
63.94909
77.29404
91.02735
109.44245
114.81631
119.10253
134.81552
156.17874
23.81029
31.04606
39.49508
70.24725
80.20728
105.49976
122.77328
131.35777
134.53209
148.80443
152.69739
175.88452
196.08696
2.97449
14.17394
27.96403
39.46409
51.84954
73.62932
87.83320
98.20925
101.35623
126.29033
134.08008
140.13811
154.20248
12.47094
21.94223
33.40319
37.82327
62.04562
83.23935
100.50952
126.13911
131.65760
141.60968
158.17605
170.60517
183.23359
15.18345
25.31656
39.13786
46.72212
56.15681
78.10360
83.41368
104.42830
116.11180
134.67253
141.27392
158.48875
160.47666
4.89254
15.99009
18.34438
37.99116
49.40504
63.61699
85.87844
105.84910
113.47274
118.00523
122.87362
130.29642
133.06603
28.66479
36.58513
53.55364
62.44334
69.67743
79.94053
82.67917
95.23232
116.35784
127.22523
131.64566
140.85538
161.07923
20.64545
25.16187
38.24626
39.49147
41.61988
51.73014
63.71770
69.28363
81.61152
89.01040
107.54307
124.13830
159.25687
21.71436
33.43772
42.65456
51.78207
56.54572
82.19451
101.02382
106.22479
115.73459
131.36728
143.95280
171.71120
185.01648
9.83094
19.20685
28.71557
34.01019
62.52799
80.52072
89.18620
98.83486
101.77650
104.71132
115.39122
121.76632
142.72119
3.22432
8.80557
11.15385
14.62054
25.47983
29.91131
48.66537
60.90949
65.14080
71.16878
109.46229
119.53917
136.35363
13.17274
31.10370
49.49266
82.44022
89.70995
104.48042
119.19299
133.75571
147.96499
162.18661
177.84399
186.09785
205.24701
22.64111
32.38192
45.00414
53.71222
62.48239
68.58269
82.18235
100.31286
116.30647
131.23946
139.38400
148.11375
156.96725
22.54147
32.53095
45.49219
72.48132
78.08066
84.11218
103.62515
115.93827
129.73760
135.07829
156.26707
159.35073
165.48338
14.17006
38.78199
42.49767
46.98769
67.22225
76.25883
79.16357
83.44860
86.85712
87.82128
97.69082
109.80338
118.17963
14.05026
24.88787
35.84749
40.72627
46.68780
63.39538
78.40781
98.38244
115.06038
122.00823
145.06027
167.18267
175.86832
16.67882
27.69789
38.09729
42.32601
59.72064
69.86940
75.77771
82.09763
99.00674
108.64189
111.53703
134.84677
142.71340
9.35729
13.26424
27.19076
29.84659
43.62308
47.05735
73.51591
86.93597
112.47479
120.54150
121.63503
130.28529
134.43211
7.65197
13.53654
15.96424
26.83129
32.63871
39.13514
41.14832
50.76894
53.90973
70.95762
71.12146
84.93149
116.16785
25.47851
54.14050
76.68303
96.71588
118.03186
151.31333
166.53503
182.43881
189.24546
193.50269
206.07956
228.18862
230.77586
11.48537
22.84307
40.75585
47.53710
68.37728
93.43673
121.31348
137.29839
147.34190
151.46143
159.32968
174.24072
180.34912
36.75799
45.30160
53.52585
63.51865
84.32021
95.97364
123.54367
148.74946
152.57172
174.02392
192.56032
198.86149
201.62458
47.47862
63.75925
79.28531
87.49622
115.12146
134.79888
136.43977
144.42537
156.07166
162.03991
177.06596
181.31895
189.19918
8.90074
19.81908
41.98073
61.68333
65.90259
78.40855
81.12149
88.08463
107.13712
114.66959
132.84918
142.58831
157.59882
19.51746
31.26214
58.30903
62.21701
75.43353
86.90285
94.02802
113.97190
132.52366
141.73380
153.11545
176.76312
178.07567
8.08443
12.28711
32.39916
46.24086
60.71564
71.42763
78.66684
84.63257
89.81190
115.62723
126.22607
138.20049
144.03362
13.55635
18.31930
35.43128
41.21912
43.25116
49.82936
69.52086
94.00550
102.64637
108.40260
114.45072
117.02798
126.69245
7.03167
11.30860
21.49077
26.94865
32.63225
41.48911
67.17148
91.94693
97.91738
120.42529
124.10372
146.29011
171.33752
