0.81380
1.17110
2.09500
0.26203
0.28015
0.49381
0.32544
0.62861
0.89268
1.18020
1.49239
1.91772
0.04980
2.98817
3.95488
0.38319
2.16892
4.60306
0.46685
0.87617
1.37472
0.82597
1.05124
1.78102
0.58887
0.97228
1.64490
1.12129
1.88330
2.82987
1.49159
1.80200
3.86572
1.30523
1.30872
1.52534
0.31945
0.71432
0.91128
0.16921
2.37850
3.26788
1.01836
1.91328
1.98852
0.22667
1.09721
2.04441
0.12857
0.47906
1.92500
1.04462
1.77162
2.17154
0.12499
2.22438
2.77406
0.81893
1.59636
1.84982
1.68165
2.12445
3.99783
0.67048
1.53741
1.93457
1.44290
1.52248
1.94634
0.08261
0.79811
1.90268
0.12061
0.81013
2.31474
0.00695
0.12759
0.73206
0.58256
0.61599
1.04714
0.52529
0.77959
1.79806
0.68830
1.58266
4.07413
0.17235
0.91842
0.97463
0.81583
0.94451
1.00660
0.07241
0.54674
0.56682
1.33066
2.18261
4.62682
0.31796
0.35025
0.87089
0.02651
0.18118
0.18294
0.78427
1.09873
2.15441
0.03543
0.55261
1.92179
1.02744
2.85372
4.02613
1.11605
3.58193
4.34699
0.00809
0.44850
0.89609
1.23624
1.46713
1.71937
0.69935
1.27218
4.22300
0.88414
1.29149
1.78796
0.16254
0.60950
0.82144
0.80173
1.03237
2.15286
2.30309
3.18255
3.26513
0.25854
0.83817
1.20104
0.05212
0.48760
1.36299
0.54948
0.93056
2.05984
0.49575
1.01298
2.42570
0.00679
0.24686
0.47292
0.64763
0.83959
1.02615
0.21515
1.67727
2.53512
0.84964
2.89687
3.78080
0.12413
0.18749
0.35536
0.87784
1.35493
1.41560
0.03682
0.53604
0.83203
0.80628
1.51312
2.50085
1.61004
2.13733
3.14661
0.16490
2.82106
3.01316
0.50564
0.78380
1.16829
0.32096
0.49517
1.41989
0.40773
0.40840
0.43441
0.23915
0.27401
0.74473
0.27649
1.78687
2.46759
0.72740
2.50763
2.51363
0.05593
1.88785
2.10896
0.42193
0.85024
0.93182
0.79961
0.92890
1.38109
0.51383
0.77352
1.28828
0.83493
1.12669
1.81572
1.42267
2.39229
3.30281
0.09813
0.94394
1.18418
0.53111
0.58734
1.04620
0.76445
1.34568
2.16889
0.85370
1.17374
1.47002
0.81992
1.44090
1.74935
0.45056
0.65689
1.21084
2.68420
2.98457
3.28550
0.65238
0.79043
2.66318
0.24811
0.32031
0.57547
0.92367
1.39988
1.60406
0.31351
0.47229
1.04566
0.45563
0.89126
1.23587
0.36487
0.63657
1.10376
0.62503
0.73898
1.04591
0.00687
0.44261
1.47988
0.03339
0.26821
1.18254
1.06294
1.38332
2.23673
1.90837
2.76790
3.57118
0.34698
2.39673
2.53568
0.57394
0.67449
1.64489
0.03732
1.63010
3.24035
0.25784
0.72988
0.87009
0.17152
0.57143
0.91922
0.23237
1.40014
2.09599
0.74214
1.82045
2.06417
0.30680
0.92282
1.39730
1.22399
1.78585
2.56445
1.08984
1.61158
2.71960
