8.43044
37.55634
50.98466
55.15865
64.50353
80.97037
94.90293
106.51500
117.67479
123.46781
131.40160
149.24404
157.09155
177.02948
184.67481
28.42834
34.97986
54.91068
71.76791
79.65299
94.77803
96.86876
96.07048
101.81188
131.72118
135.97992
153.93765
150.99922
157.53659
157.66347
8.96796
24.38267
36.01672
59.67832
68.02912
78.03329
86.67577
93.58613
96.39557
120.81412
139.20362
169.29389
187.64572
194.32704
203.60144
14.69829
18.85397
34.11283
36.30609
41.40069
59.63329
74.68123
79.45018
90.09653
98.79773
113.83966
133.35822
140.01169
140.73937
157.13756
11.67134
15.18738
57.60773
73.23436
93.52103
109.65747
122.10640
131.56593
148.66445
152.56125
170.00373
180.77770
191.06187
191.67704
207.80069
25.69113
55.37446
67.53829
83.59543
89.33220
110.88825
117.66675
143.57282
153.04373
164.91170
179.36986
179.76978
189.76306
199.14469
204.72498
13.44041
24.75810
33.22729
39.69743
52.00699
69.28751
80.16796
92.64861
98.59592
112.22446
119.51146
130.25275
150.29153
156.82051
162.03284
15.16568
28.49468
41.52855
61.26508
71.09812
74.36575
81.56811
92.73597
96.05705
103.85762
118.89441
125.71228
138.98466
160.67077
177.57754
5.59290
15.23936
18.19520
27.98419
31.88343
41.17484
54.49728
61.72234
78.99659
96.63468
109.49335
124.86094
135.36141
145.17974
161.48556
28.46309
33.94473
52.87051
62.29789
66.92423
77.91316
86.89076
95.07234
99.87457
105.71694
116.10756
125.71025
130.09514
138.70296
146.02762
5.74344
14.45773
22.33526
37.68643
45.89398
49.22352
53.33260
82.75147
96.64106
103.70829
108.73726
113.80527
114.95772
139.21517
151.79370
12.23454
20.20765
33.24114
46.76956
63.89697
72.51444
87.05006
95.41550
97.17315
109.28724
122.25279
134.94229
147.53968
155.60162
174.09375
16.63366
21.97332
29.41591
40.67964
56.95993
79.96475
92.19651
101.94175
106.23257
112.38066
124.56528
143.52343
152.79269
157.89252
168.16812
6.37012
15.50915
17.34865
26.98344
47.61332
63.78446
77.27842
83.06328
97.41539
110.34228
125.46771
131.76117
141.51182
172.26563
182.62228
22.70075
23.97234
29.08503
38.86818
57.65656
82.45318
104.91062
120.76404
124.54574
127.09760
136.78516
142.67515
149.27916
158.92044
171.47918
14.09116
16.08430
20.35526
29.27719
44.02690
55.88604
59.03710
84.19115
92.71757
110.57592
110.20724
123.11959
134.01103
141.80391
147.67111
10.04858
29.18987
45.31060
59.69524
66.29037
81.99243
93.07395
108.20617
108.36359
119.86230
131.10410
138.34849
151.60837
157.76456
168.60035
15.07248
40.06272
47.23184
54.14482
64.94816
73.29307
81.48776
92.14751
101.59243
121.70318
139.87391
148.18114
169.35108
178.09001
184.57776
20.95866
29.75961
42.12720
47.77918
62.61936
63.33390
78.05655
92.46955
101.57530
114.79252
122.62776
135.35267
144.13925
151.85216
165.29469
8.56022
22.90723
37.92994
58.60540
66.77112
82.43835
93.45435
110.84113
129.66747
144.95837
161.51486
187.81632
202.81631
228.92017
239.77404
20.44983
28.12301
43.65918
51.65710
76.87249
80.43057
91.58558
112.11728
121.23957
133.18394
139.13282
150.24945
156.71493
163.76059
172.37611
15.51443
22.79651
21.78626
27.07118
42.21766
52.24685
64.14432
83.55704
102.79279
115.90704
115.95169
119.02072
128.55774
137.43768
144.75264
8.34273
19.89911
28.00002
47.90037
51.51827
63.95083
87.55814
96.78708
111.54292
113.66075
123.21838
128.71838
134.28805
144.96823
156.14055
14.15697
19.63540
28.71870
39.10260
47.71101
56.22505
68.04562
78.03703
90.66225
97.88758
116.57598
125.83438
137.33544
153.62909
165.77734
18.42595
26.41617
33.56755
42.15224
51.72186
74.37327
81.01950
92.27220
107.27892
126.08463
132.02489
140.14308
151.93940
160.25973
169.92851
20.52782
38.92684
59.53924
61.40274
81.76015
97.71659
111.08572
122.77092
144.51432
159.62553
173.47432
191.41875
207.58758
209.81312
219.36084
8.80117
24.75577
30.73730
46.19070
61.09745
68.53412
77.80817
96.37738
113.99344
118.30790
126.52597
129.98659
138.35790
149.49976
159.10870
23.58086
40.46089
57.39258
63.02295
68.22609
83.56331
92.87208
103.35805
113.20647
129.85353
136.39000
143.32135
144.52292
149.82108
155.47421
4.36744
10.73267
18.41197
32.21407
43.70500
49.71830
53.27588
71.57012
77.93844
84.13840
97.73325
116.49511
117.96464
126.53318
141.83761
12.93259
17.89463
36.68577
42.95988
53.85991
68.52883
77.91032
81.22282
91.24681
101.39678
109.80561
140.23379
143.76386
149.62951
166.62225
13.42396
23.06093
37.40115
36.78640
53.69524
60.14362
76.61781
81.64653
85.93137
93.03017
108.95544
128.01577
148.47489
156.48572
168.58274
7.34115
19.09046
26.46009
38.34428
60.55028
70.90969
82.91816
96.17593
101.88790
123.40831
133.06638
157.16233
165.52206
175.44061
200.52755
17.09881
24.09238
31.93035
37.55067
53.66758
62.30890
72.78389
92.06959
98.60402
112.59222
122.32453
139.34681
153.29203
159.84057
180.19697
4.63010
13.29817
28.39085
37.89622
60.32670
67.53072
82.59690
104.77213
113.73570
120.72962
133.70017
138.13480
138.35426
155.40237
169.10921
23.74532
29.84961
37.32310
50.68573
55.32389
65.94043
73.91148
88.85116
101.08217
112.16642
122.88767
126.24076
133.00684
140.17692
145.10795
17.18440
33.48915
48.99671
68.41050
75.48362
90.53998
109.31826
123.33746
140.37429
149.81443
153.94351
156.82364
164.55412
170.83247
185.31565
19.00287
38.82245
55.31272
61.62450
65.36488
73.71843
82.65472
106.83786
110.69738
110.99881
116.21098
127.76125
135.33774
146.96310
158.43730
28.58810
41.37566
50.09454
65.05593
82.81730
87.90396
101.09250
111.42724
126.38674
134.07490
151.62824
166.73083
180.45425
195.57442
200.59679
9.22878
17.35749
31.73195
49.99517
70.77798
77.04751
85.56494
90.91038
115.23988
121.61837
139.41655
145.19367
150.34279
161.43667
169.67669
18.60100
25.78579
32.82785
49.59526
62.83177
74.80865
87.51630
95.10404
96.82961
116.37874
135.19533
143.74233
153.20158
156.45008
159.16798
7.67756
14.30485
34.32653
42.89392
44.53823
63.15214
79.13413
93.78964
111.33843
125.51320
142.67937
150.99090
161.58691
171.58046
183.06287
15.27820
27.39894
39.06333
45.64174
50.17515
69.29217
73.09989
84.37428
100.83481
105.12523
112.33121
125.02559
127.02941
156.02295
180.47014
4.90505
21.69338
34.31102
46.03575
58.90053
74.83382
80.38790
103.29667
105.12292
120.57614
132.06366
142.43306
149.10182
149.15582
156.50649
4.07741
9.56958
30.12899
43.39506
60.78646
68.36182
76.74042
95.33733
103.11658
119.03266
126.29365
134.49859
145.54737
174.78482
178.73007
7.80250
24.93760
39.11965
44.34515
58.83075
72.12596
81.00838
116.41503
120.94300
128.46884
132.05446
144.00162
152.16058
178.17380
194.72311
19.64878
27.75281
30.87893
52.58532
71.31297
87.77343
88.60223
99.88591
112.22470
128.88432
140.17421
152.37726
158.44075
160.46702
175.60933
16.84087
26.25242
28.78541
49.69239
72.61396
79.25124
87.74430
102.40174
109.24440
120.09218
133.53057
154.52062
161.07350
173.41344
190.64365
12.24347
28.47666
37.89153
53.26393
64.65168
75.98071
84.21661
85.47514
91.52899
93.73291
114.03782
122.63346
139.63161
147.81347
157.06248
13.87232
22.49149
46.18295
60.36552
80.26938
87.08832
96.43722
101.37036
113.48457
115.92168
123.44475
138.83894
144.56372
162.22824
167.89859
16.14066
24.00512
45.69637
65.46732
73.48463
94.91054
105.61917
111.56208
130.26785
143.49167
146.71665
162.49537
169.48319
184.17669
191.95586
16.02151
34.09675
41.62493
50.51979
56.32356
62.65073
80.33060
100.26757
108.28763
109.45956
110.26703
129.64959
158.02826
167.53765
180.99202
10.35427
22.88807
45.77400
46.66336
62.24843
80.90908
88.77740
102.40545
108.71872
125.42748
137.93227
145.99276
151.76484
164.36295
180.60681
5.62387
15.77936
40.00517
54.43837
62.27280
68.90191
99.61728
117.49632
123.31496
131.04859
129.48721
131.91970
137.93137
150.49918
162.30110
16.51238
25.02634
47.34037
58.40461
67.64786
78.70804
78.83436
90.91002
94.63118
98.91520
113.42661
122.17617
134.07131
137.96780
162.80651
12.83466
24.71088
27.40368
46.02708
60.05339
87.58435
95.96660
114.88740
134.63576
157.21715
175.55780
188.94770
198.38459
202.22134
231.75308
20.16502
38.24727
49.93052
59.92984
64.53676
75.02338
90.98821
99.83068
112.78753
134.72135
156.44977
157.77831
165.51504
166.73993
164.94958
13.25271
33.50318
56.65189
72.37007
84.23990
92.48289
97.47823
112.45373
129.79477
148.31126
156.62016
171.89431
185.72291
202.26423
208.62000
13.31493
28.49123
42.53811
53.59039
66.34343
73.75115
105.14825
115.97981
129.50412
132.75797
142.59029
148.86798
154.69634
167.82715
177.55282
12.56858
27.32290
39.11125
59.61211
80.59940
92.83521
98.76273
100.97826
117.15235
129.53349
141.18203
149.36699
154.46670
162.00736
171.01392
24.81204
43.88523
59.75035
69.82171
85.68692
116.18802
127.42629
127.59090
127.59342
133.04458
142.41659
155.05036
166.81976
169.65831
194.28479
15.37267
23.60535
36.86094
51.87571
69.03827
88.50782
97.76228
100.68855
101.43034
108.20563
120.56118
124.35314
136.57621
145.96340
147.81884
11.88627
19.86269
33.40782
42.73076
63.28174
70.47509
81.42537
96.16924
98.41759
110.96819
117.47297
147.76009
149.89243
158.56872
164.34085
17.66661
31.34557
43.78684
59.02384
77.99130
97.38118
104.06748
118.39091
131.31395
143.96985
149.68767
164.70126
185.53392
199.86341
202.30082
21.65679
32.88435
53.57325
64.35937
75.23549
90.90731
98.98576
122.15215
151.34166
160.79049
162.39603
167.38065
190.77021
199.21967
205.37009
9.90849
32.93093
-1.00000
-1.00000
-1.00000
-1.00000
-1.00000
-1.00000
-1.00000
-1.00000
-1.00000
-1.00000
-1.00000
-1.00000
-1.00000
11.87739
18.95297
31.72424
37.15127
56.51452
66.82540
92.22141
106.49319
113.53145
114.06423
121.37759
125.47771
143.51813
160.13334
177.65951
10.71733
24.57165
40.97369
67.39434
80.10195
102.46817
107.52631
108.85819
110.55859
116.80952
132.83345
158.72983
169.32732
190.82021
194.75320
20.78035
37.47455
69.71146
84.90181
99.23407
117.93476
145.69561
160.84430
160.84764
160.96881
166.13257
166.99535
171.20788
175.33337
176.73629
13.12400
28.07693
48.08659
61.18490
83.65441
91.10840
98.94350
105.74233
117.24306
119.49735
128.07701
130.90530
138.87403
139.72899
152.19763
12.46196
37.79507
53.71340
63.70948
73.70251
85.37645
87.29006
101.29943
107.44068
125.16139
131.85184
145.40725
160.08862
177.09517
184.61467
12.60661
19.95060
34.99632
50.02824
70.76220
88.67822
95.59817
109.94491
115.36263
119.71423
136.43456
148.31913
156.08740
161.48887
171.79946
7.55611
25.01280
43.13990
51.66879
65.57019
80.89259
100.67455
114.09447
127.19467
134.29434
146.73459
160.30899
174.64186
191.81045
206.20204
25.07331
40.40331
46.77579
58.43814
72.07578
76.57429
81.98738
99.09144
103.64609
109.66044
118.59053
124.62106
137.96390
151.14432
161.70703
3.32027
27.75322
43.68203
66.12805
91.86332
102.38930
109.25280
119.17477
119.39407
131.12183
138.48152
143.44748
152.77523
177.66317
186.15788
11.86115
17.47073
33.92204
46.52662
60.37187
74.93004
88.19791
105.15823
123.28296
132.24984
146.96963
152.81428
161.73549
165.62045
172.99456
9.03276
38.72808
56.73334
73.32394
93.05417
96.52105
118.39007
132.17780
142.48743
156.69673
168.22910
191.53684
209.34198
219.13024
225.86429
11.21024
20.40367
46.30576
63.29991
80.46144
91.47480
118.58767
126.46111
149.08999
152.14465
157.23830
162.19981
172.92560
183.24646
184.18334
37.60620
51.29240
59.35013
69.83163
75.24642
82.52909
84.81266
94.67341
99.86809
110.81825
116.15796
134.30538
141.49163
152.40677
188.58750
18.88180
23.95637
45.60703
59.99018
76.28619
99.40883
103.84082
115.36027
122.16643
130.43085
147.52320
156.62848
165.56929
174.90192
185.86548
17.14177
39.01557
55.47552
64.16790
72.29077
101.79985
112.45473
132.42826
140.11428
158.86183
166.62401
193.56902
203.40385
211.05802
218.76888
22.55533
40.41457
48.52824
56.51962
68.03301
75.93740
88.66477
93.88090
100.72236
123.98628
129.10699
137.82426
146.23661
160.10667
168.01281
6.12070
22.78559
29.54240
47.55127
49.04633
68.25531
85.86757
105.34955
123.65433
141.58625
143.58388
154.04029
175.74338
188.49828
192.22712
13.00978
17.90306
34.89736
65.04174
87.56824
101.03295
108.13684
119.11457
122.34960
127.42642
132.10789
143.36001
143.62390
145.68946
147.88961
8.07551
22.71136
31.61950
39.53706
50.37177
72.61957
83.67502
93.13256
110.43180
130.15006
147.58881
154.35119
161.40563
169.42883
175.66219
12.12317
35.23103
64.03162
70.90365
82.82193
105.89186
109.51162
136.77601
153.14476
165.35504
177.49775
179.33391
196.81586
204.74380
226.74259
9.49516
25.07580
37.40131
52.19905
90.27779
105.87727
117.31365
123.90689
139.80190
144.56434
159.87007
162.43246
194.33149
204.48080
208.22895
19.91188
34.55143
45.39259
54.90050
67.52122
76.96206
87.26161
101.24975
112.01755
122.81938
131.90145
135.40338
149.63143
161.66635
171.16229
13.36025
24.79754
29.65569
36.39003
53.97357
73.14046
88.31474
97.90676
123.15827
144.03525
169.97683
176.30646
179.56785
183.28417
191.01581
9.45501
18.92403
40.44780
56.47728
60.91768
77.70138
89.33996
94.92789
96.00115
117.94224
124.63286
127.67958
139.28886
148.04705
162.73558
22.43413
28.99921
46.41463
53.42960
65.81774
76.27260
99.37715
111.15259
120.71687
141.81763
159.99446
162.53647
176.79236
182.06414
181.74806
7.67880
20.91613
33.16880
44.39464
59.72801
68.50156
73.54983
87.48280
97.08340
105.66736
106.18747
121.20783
137.94091
142.27265
147.27278
8.98540
26.23213
45.50776
57.62201
64.38403
74.25248
83.57506
109.13845
111.07392
113.93027
124.46356
134.64625
149.44387
156.88368
170.64168
11.71427
26.36798
41.45484
44.76624
55.24296
62.93193
82.86593
92.88093
104.31042
119.97633
123.94656
140.16120
158.73389
164.84685
167.49096
5.72925
13.44971
22.39667
35.31701
37.98336
57.98475
66.94221
68.99016
81.99825
92.06594
115.98378
126.52118
137.86240
151.54478
158.89646
20.57328
50.07275
76.60308
85.21951
103.59292
117.09999
128.81777
133.16391
141.66857
146.98151
158.57458
175.12817
194.57279
198.62177
219.10927
18.93426
27.50277
42.72448
69.81892
96.43985
103.23571
110.15205
117.14734
128.49940
130.84136
133.14927
146.65531
153.02545
171.25943
177.73873
11.90306
29.52574
34.05948
42.79121
56.02985
63.80123
79.14844
84.78954
96.81632
105.14236
111.43449
124.51654
141.69393
149.58351
158.26478
4.30195
9.61990
20.71257
25.58536
32.78493
42.92750
51.32471
70.26290
73.35441
98.58446
129.81768
131.96607
136.43089
153.14861
153.15189
7.19658
20.86878
35.87160
40.02349
48.04314
57.79084
68.17960
82.43715
96.37384
109.26461
120.00176
126.66893
139.09589
151.82499
168.03899
13.90810
18.34760
29.66928
49.36351
89.67279
105.85567
118.16978
125.28559
127.06354
144.80718
151.42010
157.90350
164.49014
175.39501
175.45159
