10.23307
10.91707
11.90289
13.19850
13.22146
14.04759
22.13488
22.98083
23.29558
23.30753
24.36765
25.15057
59.00441
59.12610
59.15603
59.75128
59.75958
59.76088
39.80471
40.22220
41.68570
42.04820
42.05245
42.93552
19.12837
19.36129
19.49854
19.69403
20.07741
20.12525
10.61547
11.50981
11.67135
12.33012
12.84089
12.91788
34.27779
34.50328
34.55837
35.28583
35.39525
35.68452
0.15255
0.70748
0.79311
0.82823
0.86502
1.29464
20.07095
20.61470
20.93125
21.40346
21.48180
21.95609
1.22433
1.71024
2.28135
2.42552
2.45293
2.48776
10.25308
10.26543
10.55605
11.30956
11.42498
12.07221
52.63921
52.74483
52.81039
53.58095
53.69661
53.69804
7.15512
7.42798
7.50692
7.65747
7.84643
8.90120
8.91821
9.01761
9.98498
10.26521
10.86661
10.90980
1.11415
1.52637
1.72172
1.98168
1.99165
2.47571
18.72452
19.11925
19.19205
19.35171
19.83526
20.51278
37.91031
38.46488
39.23588
39.25405
39.56668
39.58336
27.72358
28.15897
28.40350
28.89118
29.29133
29.86403
12.48142
12.99138
13.12965
13.43779
14.18834
14.23384
9.03874
9.04943
9.08814
9.46673
9.47199
10.12430
3.88158
4.07446
4.83872
4.85163
4.89906
5.21356
11.95187
11.95782
11.96014
12.68511
12.99588
14.19336
23.65121
23.66976
24.03840
24.23329
24.38840
24.60838
2.67387
2.83181
3.10280
5.75498
5.75566
6.74083
10.97095
12.91210
13.53846
13.91235
14.66975
14.96765
5.95904
6.69575
6.80540
7.69068
8.38575
8.38576
9.58374
9.59908
9.66918
9.82510
10.52729
10.84432
29.81543
30.00203
30.85515
31.12149
33.63100
33.93713
0.83147
0.93428
0.96813
1.26309
1.37400
1.97942
11.09643
11.77066
11.99635
13.36644
13.39287
13.82898
23.22335
23.56157
23.56948
23.96627
23.97753
24.31157
11.63090
11.87936
11.88524
12.04002
12.49590
13.42619
7.76351
7.76456
7.76996
7.90845
8.20074
9.45125
2.10512
4.28575
5.41155
5.42792
5.48803
5.90618
7.87260
9.53286
10.43009
10.87908
12.55885
14.23601
48.19267
49.41769
49.70892
50.66701
50.89608
51.61393
90.55185
90.80304
90.88353
91.65889
92.66178
93.64303
11.74701
12.80030
13.79270
13.91294
13.91296
14.27010
11.65099
11.68488
11.83510
12.30751
12.49486
12.58123
0.96489
0.97032
1.08991
1.17788
1.28859
1.84606
5.65845
5.86562
7.10565
7.18034
7.27083
7.96624
7.66364
8.36031
8.88651
9.30755
9.45391
9.90186
1.61614
2.68342
4.53740
4.72462
5.25593
5.27917
0.45887
0.66330
0.74056
0.95280
0.96891
1.07112
30.64329
31.30787
33.02034
34.75970
34.99176
35.63681
0.88756
1.29414
1.29476
1.59857
2.11776
2.38394
11.63708
11.67561
12.01340
12.21352
13.16007
13.46776
52.05260
52.75442
53.01458
53.02986
53.27745
54.04140
7.00641
7.32348
8.38907
8.73684
9.20888
10.12658
2.72203
3.53882
4.06890
4.18605
4.52896
4.97899
2.30174
2.46970
3.02021
3.40068
3.97750
3.97794
15.33016
16.04302
16.25698
17.17191
17.99772
18.09229
19.79904
20.07302
20.87677
20.91541
21.45858
22.02978
3.27263
3.29687
3.44866
3.46739
4.30263
4.91511
34.46595
34.47563
34.61071
34.66198
34.71754
34.82025
37.94925
38.05024
38.57230
39.30817
39.86596
40.14157
0.25637
0.26107
0.44402
1.22326
1.36762
2.41607
2.33294
2.52907
2.88017
2.90728
3.06713
3.25569
0.85208
1.69131
1.87161
2.23036
2.41643
2.41940
10.36016
10.61135
11.57499
11.90831
12.71966
13.01333
8.99060
9.45709
9.69885
10.21424
10.43635
10.68276
5.87396
7.29224
8.03041
8.32764
10.06518
10.37224
21.12303
21.29630
21.32934
21.67184
23.23330
24.06715
4.20831
4.32582
4.86696
4.92627
5.37461
5.49942
1.24575
1.31750
1.45595
2.02889
2.44475
2.84857
28.35260
28.78626
29.02238
29.26968
29.71718
29.80084
7.06856
8.44450
8.93892
9.21562
9.22360
9.34172
23.67290
24.43958
24.73114
24.84557
25.42154
25.55984
1.10512
1.35842
2.23581
2.69206
3.22160
3.58424
26.01525
26.43436
27.03767
27.19820
27.59490
28.37910
19.21040
19.22910
19.36004
19.49999
19.91272
20.02783
25.45954
25.50806
25.50828
25.60629
26.70991
26.99961
10.80318
11.83817
12.54089
12.60549
13.10199
13.73765
1.64692
1.87104
1.95549
2.61389
2.87809
3.11633
0.65384
0.79001
0.79772
0.81769
0.82579
0.82580
1.08969
1.11397
1.60447
1.93334
2.08664
2.21042
23.34257
24.03838
24.12583
24.28962
25.33646
25.40598
6.30683
7.33721
7.83005
7.98452
8.44813
8.52325
7.73874
8.29293
9.04818
9.05608
10.42107
11.10534
8.61722
8.64057
9.47515
9.59719
10.08079
10.21914
18.49201
19.25370
19.25915
19.52702
19.69321
20.12337
6.55874
6.90631
6.99922
7.00115
7.17072
7.30464
14.32328
14.35998
15.51055
16.12245
16.28051
16.64295
10.50802
11.20212
12.30737
12.48856
12.52285
12.81119
10.23754
10.46064
10.66883
10.83327
11.20829
11.40380
10.46671
10.53409
10.65107
12.33676
12.33807
12.89749
67.22257
67.48955
68.09206
68.80325
69.43513
69.46614
3.47205
4.64397
4.91054
5.89114
6.09522
6.10394
3.36906
3.47855
3.53521
3.97720
3.97884
4.14385
7.22279
7.45316
8.13915
8.40833
8.46769
8.72694
16.82952
17.50342
17.50977
17.99657
19.02770
20.27325
42.65308
43.50394
43.60580
44.13339
45.10383
45.10625
29.79548
29.97926
29.98252
31.11258
31.40301
31.53663
17.44139
17.98868
18.77723
18.84965
19.74172
19.80183
0.82419
1.07422
1.63854
1.77886
2.44764
2.53457
28.39341
28.60852
29.48383
29.69255
29.89829
30.75324
7.73605
8.37678
8.76882
9.04685
9.04765
9.12459
5.27733
5.68163
5.97795
6.60782
6.72394
6.83253
9.14502
9.87535
11.16692
11.42786
11.90568
12.06268
9.98004
10.98166
11.59602
11.84166
11.89678
11.91608
