15.12678
30.14490
43.27720
54.43267
60.81476
11.94392
24.22687
32.89788
46.62901
55.84724
11.06183
19.37193
29.59329
40.49608
51.60976
10.21017
21.40310
34.74035
43.35037
51.12280
14.22056
24.35398
38.95006
49.85430
56.40164
12.63936
23.59889
34.15111
42.17937
54.04024
14.08685
28.88082
42.44829
54.36086
65.82485
13.18804
24.79194
35.40905
47.50511
54.19368
11.27197
20.96730
31.59023
42.76490
53.51399
7.19826
18.12034
32.46330
39.69514
53.83049
8.86194
20.04535
33.26196
45.82424
50.51894
8.55774
17.79713
26.66013
37.59918
49.58203
14.22678
20.54280
29.95164
40.78968
51.29382
8.70803
21.15565
24.21963
32.94967
49.55902
8.28938
19.63446
31.03041
46.43927
61.43718
10.69287
18.85713
26.34375
35.73650
46.51942
8.76167
18.34142
26.75062
32.01668
45.28679
10.07855
21.72793
29.07458
35.49948
41.32268
11.34273
19.33384
32.54709
41.95525
51.82748
15.25938
30.83258
36.89590
48.42031
57.45639
10.34297
19.07262
28.39561
39.06723
55.83053
12.59317
23.45906
34.59694
44.36174
57.93322
18.08213
26.86272
38.23666
48.88483
56.33115
12.83787
20.09107
25.77521
34.93791
42.91748
8.30198
17.01089
22.92632
33.09624
42.81527
9.90108
19.57105
31.14667
42.81082
53.93107
16.39768
27.47416
34.58360
43.47609
49.23973
10.11762
19.57915
26.78127
35.29467
41.09421
9.30531
24.21088
39.62700
50.25911
58.58775
11.21848
20.66533
30.70384
41.60174
50.47303
11.64184
23.30979
39.66985
46.02942
49.43021
7.39810
19.04242
32.28237
42.60486
56.70444
11.37936
19.16209
34.17708
48.01266
61.97823
12.40317
22.53526
28.14303
39.70934
51.71576
16.96257
28.35078
36.56743
41.64794
50.94400
13.84387
20.40448
32.68289
40.87208
49.82382
10.93861
18.10187
34.84246
46.09855
53.10058
10.74393
15.94359
29.76194
40.06367
52.52197
12.04590
21.20408
31.79406
42.18504
49.60809
13.04051
26.86876
37.51664
54.47173
67.57770
8.01510
18.11366
30.43071
45.23439
54.61291
9.68003
17.33932
26.89598
35.35400
46.70396
12.05259
22.34917
33.55924
44.22340
51.12479
12.96470
25.20547
39.33555
43.72105
51.02376
10.39869
25.34633
34.31069
48.26248
58.50861
14.90429
26.41814
30.88078
41.44341
48.42100
14.46426
20.51598
33.46195
44.73503
60.12032
20.57693
28.96646
38.43586
40.72002
49.30431
10.34716
17.09885
26.88015
38.71969
43.79483
16.42541
27.00688
34.71655
42.86627
54.29660
6.78227
15.78805
24.65170
32.64625
46.61636
6.56018
16.78324
28.12070
33.24934
45.48154
10.06488
18.40457
26.05859
43.63672
54.48608
16.54709
27.99200
34.57363
43.13262
61.04558
11.17279
23.48532
30.44150
37.69704
45.81534
17.29688
29.08635
39.41871
46.99904
53.59702
11.15301
20.34049
30.53334
42.20903
47.76562
11.98372
28.60042
35.49952
46.36743
59.22628
14.83887
25.45854
34.96601
45.48316
53.72618
11.77112
24.31570
36.21128
47.23638
57.35204
8.31190
23.19595
35.96555
49.87173
55.44529
18.01817
32.19172
38.57247
50.68221
56.91867
10.39963
21.44961
32.72115
42.86440
52.02064
7.17206
20.22127
31.32826
40.88381
50.92325
9.97470
22.47473
29.66775
42.77727
52.91319
13.11470
22.02639
32.54224
44.01918
53.82171
9.12385
16.35665
24.35739
34.77999
43.26335
13.23555
22.04460
33.75957
48.71028
52.55894
6.70837
14.41007
24.82452
37.54198
46.32026
9.88720
20.60705
31.85731
43.12151
53.62732
4.76836
16.70799
24.04128
32.11098
49.79818
9.05263
19.73882
31.05245
40.84782
51.16038
12.97114
22.38797
30.18393
35.09749
40.51067
15.42116
28.12702
39.21280
45.09832
51.41542
6.16447
17.81732
31.50259
46.08030
54.49400
14.20150
21.23422
36.39436
43.53158
54.53616
9.19121
16.90872
30.63450
42.92656
51.53038
8.78891
14.99969
27.38290
35.04668
44.59731
10.29072
25.51340
34.17594
42.73754
51.90858
10.43565
22.88072
30.21336
39.07461
52.16133
8.23803
19.19537
33.13705
48.20832
54.47642
10.34332
23.77236
32.15981
39.19265
52.23918
9.53079
18.12306
29.55923
39.66554
47.59396
8.14781
10.85479
18.11664
30.61719
41.49176
17.36730
24.38676
32.68767
45.36471
51.97577
14.36260
24.91228
34.52730
36.15260
46.58325
8.21626
14.72910
23.59408
31.37265
45.60960
9.24725
27.33615
35.18044
48.66089
58.84229
12.20489
21.54489
34.10285
48.44550
58.04140
7.34415
12.42155
23.84955
35.90223
42.89164
7.53199
18.49138
26.60755
36.45416
45.15387
10.81008
17.00302
27.62000
39.12065
48.26559
13.39520
21.26078
32.94830
49.40943
59.10538
8.90962
19.33187
30.14506
38.54028
47.84249
7.06196
19.63356
28.42688
38.03419
48.72661
7.82090
18.43758
27.47275
40.34320
46.82848
12.60651
19.42185
22.74828
27.98904
40.81119
10.73776
21.02809
33.63927
40.76462
57.99870
13.12460
25.85647
43.60525
58.41326
72.77101
15.62890
26.31273
34.99660
48.04549
56.46164
