21.01480
31.42974
36.95820
40.77411
48.73664
63.63645
72.88617
84.27810
105.90157
114.06046
118.39200
121.49479
125.72956
134.77844
151.22663
189.13388
197.20193
45.58869
56.45893
74.00488
85.31848
95.78972
116.40827
121.93805
122.85973
125.49791
132.73050
140.32793
154.30345
162.38212
166.73528
171.03309
190.66735
228.11840
12.41525
14.41691
36.91551
61.65189
67.49623
68.28106
69.78300
70.17620
88.19878
108.07619
121.52083
129.07471
134.71966
157.31792
162.35969
174.75991
177.87370
3.07959
16.68816
30.02408
37.59965
50.37933
59.62224
82.60956
95.20651
100.37708
106.41428
113.76002
123.84512
144.16356
151.80294
169.63601
193.81627
196.64346
1.81697
5.53494
18.44811
27.80125
35.48813
46.68489
49.17638
55.41294
61.18124
72.32534
95.59718
103.58761
104.20256
116.54096
135.41906
144.89154
151.09226
6.80887
22.46181
25.62056
51.44630
56.11740
66.81228
77.42903
82.24676
97.23496
103.44739
120.28257
125.54651
152.37591
159.00740
185.17013
194.09254
211.54165
1.47034
16.95462
22.54181
38.50443
48.71175
65.42320
69.84085
77.63444
101.65125
122.30742
147.24441
156.01565
166.16662
175.62769
180.26722
198.85406
214.79286
12.47085
14.91331
18.42716
29.18277
33.96801
67.57336
78.96002
85.75613
96.09074
102.13746
104.14807
120.45994
140.36193
143.18699
149.88633
161.02312
180.79644
26.22902
30.94546
37.64100
47.39977
69.80594
79.61573
80.25449
100.90125
104.14722
120.70801
131.69106
140.65554
145.59312
160.24728
165.82483
172.72991
189.95307
4.33915
9.52835
11.98220
36.27506
37.61961
45.65772
57.23781
61.99869
62.00597
93.57467
107.73187
113.39721
141.23372
146.72327
158.99112
165.85568
179.61768
10.05941
27.01015
60.76936
86.59216
100.24087
106.03133
124.33955
136.52914
167.45013
174.95987
184.32193
186.33324
195.12242
213.96456
215.23676
227.55496
228.76709
8.34414
27.86201
31.42746
47.32828
52.73312
53.04650
55.65564
81.07113
127.59103
139.24019
143.88248
160.09733
197.24917
219.20251
220.45577
241.16063
247.71940
3.20996
7.40714
16.34498
33.12260
53.97321
70.97425
78.72055
92.88314
99.01863
107.67005
114.63325
119.55769
135.54689
148.39681
152.94520
158.24051
171.60664
28.02990
34.22340
38.39874
48.72976
50.46039
61.68775
68.55621
75.21779
85.00306
137.85448
139.87701
165.00970
193.67530
196.85155
211.33107
225.79145
230.18383
9.84740
18.73344
24.05707
31.49643
35.91566
46.34752
57.43354
69.49506
76.89354
91.18397
102.77531
145.78064
148.82445
154.79858
162.00701
184.44622
186.90707
8.05913
11.98316
21.06439
41.07685
57.27420
68.18677
76.20457
87.13929
121.86598
136.01269
144.73841
166.84099
178.08535
206.45407
211.84828
218.65292
248.54467
5.00972
17.34104
26.52925
37.07968
42.93597
45.31626
47.65871
57.55137
87.70722
97.22201
99.38778
132.70481
138.90492
153.23711
169.51391
173.01482
199.77313
13.62928
15.30833
20.07993
30.80436
30.97637
31.92573
53.46664
57.12146
61.04110
70.18613
73.69829
80.03420
88.45422
89.98260
96.30966
101.98039
133.40759
0.61252
15.06528
24.18293
27.18149
39.08097
40.19644
48.17760
48.68237
60.54914
65.37515
65.75862
76.57345
83.12682
99.24576
104.83754
132.78158
139.44883
17.61001
25.76098
40.15742
41.77957
59.74484
70.28349
80.55765
91.56876
104.55600
122.44569
136.48047
142.19782
146.08689
167.17893
176.75086
185.49352
197.54096
8.80083
15.23244
24.53755
40.62939
53.49545
57.64969
60.60961
62.75763
68.12317
89.07759
103.85664
118.63341
122.70427
130.83529
132.52110
145.28013
149.59869
8.86646
25.31350
39.31005
51.53352
69.43928
70.41241
76.72743
79.61212
102.70983
107.52479
120.72692
127.90972
131.02205
152.12383
153.90902
169.13522
179.82428
8.73830
19.49033
20.44214
34.60246
44.02688
44.81739
80.09353
90.62303
128.33398
170.02266
187.94149
189.42028
196.96857
212.74610
222.05211
226.07261
227.21320
20.37280
25.82166
40.86352
43.22445
50.78406
58.84968
75.48504
79.90027
88.71154
91.21217
115.30428
121.04751
125.60476
126.67277
138.36759
166.58929
173.12263
8.70835
9.78914
21.10583
48.44012
61.06457
64.40050
70.78827
76.11946
97.41485
108.79261
113.23626
132.97683
147.80035
158.43656
165.44320
171.68583
192.22707
7.72361
20.77261
25.82521
27.82184
46.78045
47.59890
71.47231
97.00423
104.95252
117.76138
125.05917
169.32780
184.45607
192.64039
215.51863
224.47533
241.86071
31.79808
45.52899
46.84021
57.27268
60.56579
63.88775
64.44459
98.87206
110.46204
125.95937
141.45857
141.55136
153.35890
160.70920
168.75711
186.72733
190.25532
2.39989
11.67024
40.85521
64.62626
68.99958
83.25273
92.79412
99.45589
149.52428
161.73701
170.49491
195.91485
214.70115
220.83460
237.83656
253.54735
273.19738
4.56354
14.13385
35.45808
47.95200
59.19330
68.63241
69.75361
75.68462
95.89503
106.68193
132.24681
138.11183
143.23573
157.82030
182.96477
193.16830
207.27754
3.76579
8.06992
15.58686
24.92875
34.88425
58.62706
64.00346
68.71323
82.20592
92.15765
97.99286
108.54953
120.54190
123.07825
126.80168
151.84528
172.16690
7.86282
12.12112
16.75535
37.79191
46.09804
51.60631
56.22575
60.47509
75.57454
108.67190
114.07945
132.27366
149.55507
154.88101
170.56368
175.96739
181.90739
3.86669
7.40088
8.98480
17.60699
21.99318
39.38779
50.00833
55.88849
69.19988
74.95534
118.95288
132.24927
136.57841
142.38954
169.15347
176.18223
182.69960
11.48606
21.45769
29.59010
50.45956
64.54303
93.57947
99.64523
104.95491
111.06009
112.58884
122.70540
131.90417
140.44499
141.67425
146.78227
160.97347
172.05841
20.09705
34.74160
52.32373
74.33535
84.21127
90.44611
111.87265
144.32148
146.49509
157.87162
162.95261
179.29639
180.10702
182.39450
198.04446
199.92895
219.04748
19.13881
29.54371
34.67889
50.69697
54.17544
71.07757
72.74087
82.74705
98.82948
107.12199
121.19470
124.41431
139.02311
143.12277
166.82475
175.36127
175.81604
3.59011
19.14187
24.86612
43.38997
53.43184
54.93832
60.97213
73.18070
81.48111
93.69651
95.98060
111.76960
132.10950
137.81960
143.39992
172.26123
186.21287
24.33824
38.49310
56.42487
67.62897
76.71706
85.21845
87.47540
91.35203
118.15604
141.27768
149.54949
154.78058
175.79628
179.00671
180.48662
193.04771
195.34909
14.54553
39.85633
41.87087
52.28392
55.98087
71.79109
79.53496
82.77710
93.77267
95.36918
108.38562
115.92565
132.57945
149.09300
169.39415
174.26137
200.01172
1.21942
24.92871
40.66130
80.03614
83.45959
83.55598
97.43465
112.58826
119.36448
126.80888
132.64690
139.33139
149.30151
179.47344
190.71949
229.06168
247.07078
37.82470
42.92877
59.80803
74.97908
88.49919
90.28345
95.62293
102.20569
105.66542
127.05844
130.42371
139.18781
163.09797
170.91218
176.67203
182.14382
198.11936
4.30167
9.65672
15.60250
27.81827
39.82135
51.93505
62.08882
64.77746
66.17576
83.34137
95.94708
105.12769
109.51794
125.82447
129.45063
138.12884
146.62859
7.06184
11.10474
26.71177
33.74567
60.68923
77.67367
84.92757
97.89813
118.68428
118.84781
137.81651
148.91391
161.82438
168.05775
175.47899
186.43260
198.56228
20.35423
38.52490
48.46440
62.08327
76.14273
97.93354
110.79989
125.07718
146.71250
149.09271
163.65180
170.01217
186.83122
195.89893
204.56930
208.71293
220.24750
22.25800
39.18548
53.22550
70.01878
96.24556
109.32199
134.52622
143.11885
152.81280
154.78009
179.63028
188.74217
205.29930
228.59893
252.40245
262.56221
275.02431
7.93845
12.36035
41.99711
46.43671
58.57387
64.91476
70.11317
85.71312
109.85238
121.83617
127.61010
166.04903
189.32751
231.27252
238.08944
275.74640
282.34346
7.10362
13.45261
28.49076
39.97622
42.62724
50.16408
52.98342
67.25219
71.89325
85.24290
102.37611
112.13621
118.77570
137.81241
143.45847
146.91908
150.92664
8.98732
10.15052
27.28478
47.69647
50.37390
68.36618
75.45831
76.38803
91.23570
95.39172
106.77606
121.72372
147.96734
158.68960
178.79906
187.55756
194.66318
6.74354
26.57125
52.97346
59.65851
69.84841
83.24109
97.53084
104.34975
127.59949
159.10779
171.65585
173.40909
175.07955
189.11302
193.05162
213.06558
224.04116
13.44340
21.85246
50.60766
63.62276
75.83816
90.98836
100.74155
107.59103
119.81497
147.96479
154.58435
160.02031
160.28355
169.56680
185.72965
195.28630
215.17162
13.24694
24.12032
57.97892
70.37659
86.75283
97.03583
103.00299
110.92242
121.68472
125.46753
137.05447
152.22347
159.41735
164.36895
178.58504
187.69842
199.24930
12.75083
13.44593
50.46681
67.93723
89.78728
107.22393
113.02781
121.56597
128.15586
129.58052
156.75838
159.18221
181.12982
198.21258
215.43086
231.19362
244.78144
24.15664
36.09558
40.40537
48.33020
65.43557
71.10774
78.24344
86.48797
95.24592
99.72722
113.26374
124.06975
129.57642
155.04601
159.37229
178.08980
186.16279
13.19924
16.23507
19.00729
22.56815
26.70143
28.76154
29.85800
61.64261
87.66705
93.87761
138.22784
153.31690
170.20112
175.53941
199.61063
223.36408
224.91686
5.05005
20.51687
62.77674
73.36441
78.45556
87.52794
94.74223
97.74669
104.39298
105.67759
127.82008
130.39878
138.44505
162.69065
164.97275
181.80246
192.10309
26.79348
61.42282
82.91615
97.85256
100.96957
114.49300
124.03844
143.83711
148.39957
162.51553
175.98197
206.92826
240.97958
243.73930
253.37128
259.58417
267.80077
14.14329
23.83956
33.86196
53.07393
60.93736
73.74770
86.78295
93.48994
102.89095
122.45796
158.51815
164.41506
181.83956
186.20065
194.55927
218.62749
231.33782
43.20392
50.05403
58.04205
77.19846
96.87151
106.44276
127.10296
135.57070
139.60033
142.61850
153.32208
158.76456
172.58059
195.64261
217.22390
225.80686
233.10010
3.34474
10.57140
31.78973
37.99502
41.03349
44.96275
53.53065
63.07325
71.33340
73.40794
78.63600
96.34208
104.52151
132.79873
134.98510
152.24323
161.03645
17.23680
32.53907
52.23270
72.30702
99.73427
115.38947
136.11538
148.04060
158.10755
159.21252
163.64330
164.85692
173.21406
180.65849
226.67163
230.10806
232.56112
4.54692
7.46424
46.80466
52.00855
54.27258
63.00924
73.09735
75.40217
142.33391
145.43393
151.47845
157.50481
170.07669
180.58409
186.86145
199.74842
214.86783
1.58463
3.98642
4.73789
10.61048
52.00851
93.47062
109.66791
123.49254
128.06092
137.77889
160.24765
166.43630
168.88651
182.62638
198.25233
211.11617
222.57061
47.37418
54.65110
65.11996
83.73153
86.19318
95.24090
118.91334
122.78019
128.94286
139.82275
152.05074
161.00575
169.10024
174.43100
219.13267
244.64369
269.82488
2.19180
12.67852
14.57536
18.08310
23.09218
47.93705
52.28686
60.27880
74.10950
76.42568
78.79460
92.93675
97.07677
104.69118
118.87230
134.35339
156.46238
9.53410
56.14625
66.16054
108.60285
122.58843
129.03612
165.49711
181.56751
185.95031
186.69205
201.46342
211.28726
245.62469
261.79060
268.70131
278.92541
297.39023
11.97474
16.37243
42.48232
57.04052
58.40176
67.26420
90.43348
103.87715
119.72100
125.00868
143.74515
150.02634
152.77647
160.44995
177.83299
189.85853
206.59376
42.92660
48.38911
59.27051
61.21706
67.02528
79.31473
81.78767
121.06897
132.57102
142.32367
145.81695
172.24306
192.46345
194.39015
214.75113
217.55766
235.28714
15.77844
18.35937
55.56100
64.71819
76.22774
90.37082
105.25158
118.75736
119.86500
122.82858
129.52360
136.95312
145.91027
158.82241
166.34043
177.01307
181.92362
7.00433
10.98201
33.41185
43.16542
48.17027
54.06283
57.51033
68.18410
88.37479
95.37230
103.67053
105.90336
121.23786
131.24990
131.64739
133.90494
142.79936
34.62915
37.09900
69.91964
84.54042
96.51055
109.66606
121.60325
146.71342
150.36907
156.17092
160.21882
180.21656
209.53370
212.06008
233.67927
239.05317
252.57716
2.98687
6.00772
17.20687
23.37870
26.00125
30.43542
32.29789
41.83880
46.85465
54.64159
57.92953
68.66736
97.76973
107.92878
116.50648
129.54507
135.19074
24.44574
25.34316
39.42111
65.52812
75.25547
82.08839
86.52048
92.80803
103.32981
128.46741
148.09045
154.96879
168.68780
183.08137
188.14189
199.54497
215.11213
27.08550
36.97446
46.17352
49.17709
58.42294
69.38033
78.89914
87.35594
90.31778
107.51712
108.67365
111.79531
118.10766
134.28930
140.84916
156.05643
162.78593
13.30981
23.23656
50.40894
67.74495
88.81113
97.18396
103.96050
109.26610
113.95611
117.55957
123.52537
123.98796
133.82968
145.87970
173.11297
182.71644
192.17435
20.07852
26.81957
60.98367
80.81887
94.59284
137.37184
145.61936
147.19753
154.60390
158.66172
165.13015
172.49244
187.85280
209.89704
222.29804
227.04008
234.79615
16.80446
27.00336
53.82355
84.64730
95.05049
111.74859
116.02124
129.39101
137.63688
164.00904
176.03733
194.76976
216.88112
230.12896
242.60281
254.97291
270.35114
12.41683
16.32443
18.35532
40.86119
65.18798
75.64969
91.48873
118.45958
127.25403
130.73643
160.67060
169.28301
178.36092
197.77383
213.46297
218.08697
235.61148
5.60000
11.96940
26.59445
34.23893
43.66008
59.34984
74.56480
77.00944
93.03754
95.27698
104.91282
106.73165
117.80486
140.33544
141.20304
149.13296
167.22938
15.52864
22.81636
25.46208
29.91456
55.11127
80.20959
84.15151
90.48625
97.84367
113.31562
125.73622
142.92787
159.56678
169.24901
169.83779
172.24935
174.98985
4.04307
17.84875
18.74293
34.56555
57.68756
67.15565
118.98990
137.35599
145.42118
150.75922
156.10935
157.48069
169.79977
177.66269
190.44518
211.37068
228.14295
5.80898
8.14084
15.52593
32.24002
33.81621
55.07415
57.40423
70.16135
71.76727
86.86778
101.87670
120.38037
140.38500
145.37406
159.45916
165.22152
180.12787
14.64430
19.34658
27.24129
48.38567
59.53369
75.30038
79.46992
97.93690
102.58313
104.15446
116.32015
130.73073
138.71002
142.12582
158.37388
169.07587
175.56345
35.58345
55.58048
65.75566
71.83273
86.43734
91.62018
106.99997
120.59674
124.64314
137.29405
146.12369
154.16776
164.77597
178.42344
189.49172
201.81651
215.28599
3.23381
17.30001
60.59890
76.37629
76.78670
116.38732
142.20675
178.79353
179.08667
185.03747
194.45584
210.14343
221.42188
255.73205
271.27871
284.02209
292.01209
11.89214
48.62337
49.83913
52.26799
70.22490
89.40008
109.91136
126.53852
140.54008
153.41499
164.07541
174.75129
184.81432
207.38483
217.36118
242.91424
257.91302
9.62244
26.43124
38.42157
79.32758
89.29449
92.83850
124.15490
128.03049
128.78308
152.77447
176.41432
190.32192
229.06822
254.71158
263.61376
272.21626
276.50201
9.31847
16.79985
46.08277
46.78097
65.58584
74.14568
79.30356
79.80858
86.01239
90.98086
96.27380
102.35388
107.12683
116.76438
126.99355
135.36769
144.55225
8.07211
15.26867
18.00145
38.84921
44.31457
62.45256
69.13195
84.40537
104.78112
116.73367
129.57330
162.91028
199.18403
206.82443
215.54020
237.51522
247.77486
1.93476
10.47567
18.29215
27.51394
30.34282
33.50031
56.15055
83.01315
85.14979
88.51402
102.68164
104.49897
108.44788
117.84343
130.82684
140.40087
151.21981
15.42215
27.26795
64.50555
93.93671
95.67357
109.23501
117.00880
130.05627
140.21986
160.05588
173.70034
177.73088
186.91753
187.44299
192.81530
200.09453
210.23831
7.66843
14.00568
27.24322
42.87969
64.12150
71.77024
74.81135
85.48454
110.18764
112.13023
121.48815
133.18539
138.24889
149.24335
162.31353
186.75495
194.12168
8.74005
34.76622
36.76214
43.12862
67.79405
79.22547
83.34422
96.03573
111.07657
127.55339
139.47664
165.36727
178.95491
183.92297
202.90400
206.34561
226.81776
14.21029
21.76421
24.50826
25.98136
30.00551
35.45074
46.76920
51.52713
60.69623
73.90197
94.03462
99.98636
103.66448
108.12558
124.01285
152.17328
159.38845
11.94285
36.30463
41.36203
44.85506
45.47328
50.18074
50.64188
57.82783
93.14193
104.03397
142.61100
143.67565
157.00014
168.98590
186.90346
203.60381
214.73277
13.73926
26.28411
31.66476
46.12469
48.22265
77.73720
93.63679
103.78393
120.46432
127.24815
130.40084
151.67788
163.65258
182.64060
186.82910
193.09536
193.27501
18.87147
29.31991
43.81837
56.28230
84.65213
108.30836
117.52450
117.66654
122.85653
140.68332
155.18795
177.18485
201.46185
222.20963
234.09338
242.30647
281.49853
16.79747
38.25001
42.61764
48.89621
61.15988
65.32610
71.69050
88.09293
100.04521
108.81189
113.24617
129.60964
129.69538
134.89325
136.89640
146.37393
173.52286
1.91042
4.94965
5.87678
11.36093
14.73733
35.39024
56.88502
58.91172
62.44859
68.14609
73.95955
82.00931
92.67606
106.69139
128.42371
133.75781
142.81011
5.94377
6.81240
12.58745
22.31595
41.62506
51.64655
58.08721
67.29539
72.03080
109.50295
119.11761
140.64919
151.48959
155.78385
168.39916
178.48885
184.77110
9.77210
13.58170
18.76355
21.03043
35.70423
80.54676
99.97919
125.16411
141.20610
151.35883
168.92587
183.74657
198.04415
205.91684
226.72423
276.55915
282.72660
4.19327
14.26448
33.21740
40.03858
53.28999
66.00677
73.30550
91.02116
95.85253
119.67635
131.56083
146.97561
148.53731
158.31083
179.35495
189.69055
207.25019
