12.96421
17.44421
22.41940
25.55343
47.04003
56.35220
67.20565
79.16660
81.27378
83.64152
110.87514
121.02926
122.19056
128.93276
133.54138
140.16881
147.56181
149.35241
158.63030
17.19493
25.93678
31.08029
33.66299
42.40269
52.59982
55.60260
60.11871
61.65111
77.06795
100.49713
111.19612
113.99718
116.54384
122.82885
127.91434
137.30814
138.93747
146.02815
3.63628
4.78705
17.63805
25.37936
35.52991
43.04283
43.32864
44.51378
50.57107
57.48118
58.96622
63.74245
86.35207
91.14574
100.59840
105.87182
110.80463
124.70523
130.65988
3.75904
28.28208
33.06334
38.95421
46.40575
68.64909
72.77391
76.82858
82.05135
87.11460
94.75766
105.59006
107.85422
113.71762
115.64870
119.80535
120.88964
124.52645
128.85458
8.60378
18.90049
52.71121
59.04548
65.70217
74.43169
80.15649
83.25689
91.29527
96.00705
131.43818
149.46360
153.37280
161.60623
175.76719
182.19003
196.36375
205.20689
210.23030
7.90030
21.66761
28.14235
40.69951
54.88674
58.05817
71.39480
76.84886
81.70663
82.61179
109.96645
121.76080
131.55730
142.71401
165.99826
172.25098
174.64057
178.27146
180.99942
6.42602
13.18711
23.33688
28.45994
34.45183
48.65640
54.72780
70.54728
76.25038
87.16023
90.59698
106.59526
116.36620
132.25738
138.14705
146.33739
153.21181
160.43642
174.35997
23.64354
29.10932
56.11176
67.51856
85.23331
91.11739
99.08834
100.07867
108.84188
121.38627
124.38274
129.90582
133.60528
135.18138
143.56639
148.92131
164.67771
181.90266
184.89101
12.18894
21.72655
24.97740
34.51357
36.94761
49.74848
59.95932
62.10912
67.28097
78.85534
84.51676
101.37750
102.07775
105.38114
127.23028
137.89856
157.81321
162.19022
169.59537
11.24416
31.05655
42.69164
59.68542
74.40704
80.30234
83.68516
87.17866
90.64824
92.75191
97.98707
103.95672
112.96859
118.95779
134.17388
150.46362
161.76751
167.04820
169.68408
11.14858
23.14493
26.20895
30.33200
54.60060
58.96787
60.60310
73.18701
78.23308
84.25071
101.62076
112.87662
128.89235
133.47101
142.20875
167.51645
182.62043
185.70866
186.46609
4.46541
15.18040
35.15131
50.37014
56.55169
64.38715
65.96710
67.45860
77.86623
85.09278
93.67201
96.69396
105.44645
107.55183
114.55254
125.00250
135.78401
135.99983
141.33848
29.73349
42.42523
48.79269
57.62159
66.60685
67.79747
79.97114
91.31467
100.37820
107.36740
107.85446
124.60227
128.69237
133.32824
136.30648
145.93460
149.31169
159.07566
171.00184
3.28996
6.73472
9.47872
19.21464
21.16556
32.90646
44.76526
51.80376
53.77401
69.97576
73.44048
84.32121
88.29052
94.70943
104.06873
107.83422
129.29263
133.83525
141.14807
5.26839
18.51076
27.74924
29.87284
37.36622
42.47651
55.84504
65.28698
66.48700
67.56749
69.71139
80.22852
85.45302
88.62370
112.76370
132.09015
135.21761
140.51618
143.92855
5.67943
15.01888
22.31713
29.32517
48.79463
51.78329
52.78539
70.14952
72.91876
83.16595
88.94395
90.08615
94.36931
102.31057
128.14899
129.44365
130.16516
130.78785
142.37848
5.44367
19.95362
25.78023
28.15924
31.32883
37.83944
42.28530
50.58472
56.21106
61.43537
80.23273
82.59848
121.79340
123.75836
135.19685
140.40860
153.84943
155.77051
170.03406
12.54129
26.03933
31.42731
46.08770
48.96075
58.64852
61.70278
68.12857
77.36265
84.82981
93.59263
95.85269
96.95857
102.05358
105.84218
116.69136
118.54770
124.46925
125.23945
24.15311
32.24247
50.64638
64.39645
76.77728
92.81547
98.48875
110.61044
112.91233
128.93459
140.03150
145.22144
147.92068
158.22163
162.27648
172.61048
173.65838
174.64899
180.29736
5.88187
8.66185
17.25980
24.07122
46.73067
51.47185
58.63952
65.05832
72.10863
81.82958
85.46953
95.45028
111.76437
117.01205
118.74251
125.63759
128.31588
132.71032
134.93256
2.89244
8.91664
20.48116
23.04802
26.22693
34.68857
42.67748
45.15495
52.63294
70.12518
91.78223
95.25042
105.65230
110.76619
118.93083
134.99611
138.62968
145.36158
148.84448
17.80127
20.92049
28.97248
35.39223
40.06459
53.25645
56.71595
68.57658
76.95258
82.28109
114.06341
127.32019
135.44516
137.83740
145.14311
155.64776
164.87078
167.83242
172.41054
9.14442
32.15581
40.04639
61.78958
65.15380
90.85833
96.40681
111.04698
123.49526
125.79154
132.70821
137.30263
146.97210
147.11408
151.22284
159.58280
161.67906
171.84009
179.60341
2.09644
10.84131
11.95188
18.33354
18.70977
20.96523
22.00610
30.67013
31.79649
47.52144
58.15985
63.30132
71.27633
76.68823
84.35205
92.79069
96.05407
106.32156
122.15412
18.60381
20.74549
26.39024
28.84730
33.24123
54.87770
64.02714
71.43045
87.04963
101.31208
126.61711
143.36996
147.90542
150.81905
151.82831
162.98390
166.30608
182.13804
184.03966
8.17800
20.19192
35.35625
49.25409
59.23987
63.92541
70.28028
72.04767
75.56020
79.39172
84.81551
92.30129
105.00573
108.88762
114.49137
144.63652
155.47753
158.73076
171.48175
13.32042
22.40513
26.64146
39.70820
53.46464
56.81247
57.96510
65.28493
69.55669
83.31166
87.87298
99.37687
104.13062
113.88020
116.04675
121.44394
148.73474
157.04005
174.34440
3.77200
8.15427
9.80418
22.05425
36.94117
46.81137
53.99470
62.29630
63.96624
82.76509
85.98892
96.80477
104.67226
109.62896
115.92903
131.85256
141.91908
143.87206
154.06486
11.36938
16.55667
35.65387
42.22408
45.60886
46.60509
51.83004
57.40578
70.49402
71.68927
84.71455
95.74384
106.01423
118.69231
119.59523
121.04825
135.73610
146.99877
158.21658
13.12175
27.97482
37.82570
41.14017
50.91747
69.17627
84.87341
89.87329
112.14602
124.96356
126.59489
134.96069
146.20014
148.13944
157.96586
169.71950
175.34340
185.16432
205.88052
5.03824
9.39923
13.56876
31.97866
34.62569
41.68546
48.84607
52.40265
56.97415
64.34465
67.62484
92.12238
109.03238
115.58604
118.77504
143.96053
150.39249
159.38442
180.61642
4.10468
9.70200
20.03294
34.51073
43.82550
54.98786
61.19275
66.58420
74.47494
75.11233
75.41913
100.24612
119.34981
124.15412
128.40495
134.06282
145.07062
152.22249
160.46073
0.55406
4.67686
28.63842
41.15333
42.35408
77.57813
78.24575
85.76137
92.87994
114.39712
121.05146
132.60353
142.52998
154.09006
161.84741
190.08152
202.45954
207.14391
212.89624
48.51761
51.66097
54.79904
56.59594
58.20746
61.30316
63.83654
67.50707
73.63870
85.64559
87.57066
96.80719
98.82054
107.69123
118.56101
128.82497
132.96764
156.42338
175.62918
8.92624
28.23755
39.95985
45.41908
64.76281
78.52390
81.56780
96.19133
113.98763
117.49186
123.86598
126.12827
130.12303
134.21821
141.94141
150.90025
152.95664
159.35567
162.17376
12.08571
22.58489
30.64027
31.73962
38.45347
40.57099
59.18244
66.75414
67.61011
78.71374
86.26758
89.17964
114.92624
124.82327
148.14737
148.96080
173.21078
182.34605
189.54765
16.15496
21.84527
34.60449
37.15424
40.64189
52.56724
59.42121
60.04465
69.87513
75.20733
75.85980
83.90946
86.80863
95.31144
99.89455
110.27415
115.21354
125.74559
127.42342
6.08718
20.06301
21.41631
22.54401
32.38698
62.12350
74.43860
78.03839
85.96746
89.01741
95.61819
104.86961
107.91724
113.45835
117.77253
119.79429
126.54691
131.53895
133.85068
0.52100
9.49125
14.46926
16.99533
32.87181
45.37911
62.96845
68.94998
69.42424
82.88899
90.90215
96.79902
99.19192
115.34495
129.80480
153.02493
168.18049
169.80474
174.26392
4.74004
6.48867
15.68383
20.86776
25.09564
28.86059
30.19087
38.67237
47.96171
71.15824
75.16550
79.34904
119.51526
124.14952
125.46024
138.18445
148.46035
162.35903
176.76711
0.41422
5.59249
8.78129
17.37426
24.83511
26.99649
28.69199
33.82626
51.63929
53.74391
61.06358
63.28248
67.49882
75.77452
88.55385
92.03607
95.88820
113.35421
123.25788
5.23075
15.03134
21.85890
25.42936
26.28509
28.39707
40.00916
44.86463
48.58277
54.53756
70.64319
71.55743
79.74140
87.00480
131.35001
133.46222
153.75273
155.09020
174.57977
8.20260
17.58970
26.66033
38.04618
43.93766
61.44495
64.15452
87.69572
93.43748
98.78885
108.11843
121.23490
126.32624
131.73371
147.22427
149.11896
155.22539
166.36796
168.80346
7.17989
27.39314
28.98187
31.98764
39.70834
47.26423
53.38679
69.09156
75.87925
80.73987
106.03071
107.68350
108.93625
117.14648
121.34410
157.92860
179.89652
182.60257
191.57415
16.18872
17.88802
58.04663
80.62681
82.49575
95.04811
98.01077
104.50220
111.41069
114.33508
121.72956
135.56804
137.11424
149.24092
156.80886
170.42445
177.91804
180.42002
185.00234
8.27255
20.25270
39.46245
52.66329
61.89746
77.38323
87.26065
98.64330
105.37659
112.01575
117.80717
118.03881
123.89006
139.49140
146.90246
153.96309
156.08557
163.88375
167.41293
26.37029
30.39771
39.00043
41.31473
49.95488
63.77077
80.31871
88.49766
97.96275
102.85488
108.86853
131.98368
138.54602
139.68083
145.34460
155.70678
156.88191
162.18677
176.32245
13.55261
23.38167
38.71426
44.55551
46.89834
53.79896
59.82419
64.78478
68.96784
78.76755
80.62002
85.79340
93.52593
103.67318
111.61537
135.40564
146.31980
156.72247
182.71199
23.27726
36.07709
59.13520
71.09033
82.12136
87.76470
89.89795
101.00710
112.83689
132.04150
137.71742
139.46512
167.37770
181.88679
191.11312
206.58590
208.84166
219.65561
233.05578
6.13822
9.54486
18.54359
25.45454
32.29136
32.44418
40.61499
58.49881
72.17144
93.83014
104.64074
106.56063
109.58695
119.01456
122.46323
127.13315
132.94718
145.68471
148.82564
7.58070
14.21401
24.00845
37.27600
41.35251
44.27929
45.39373
52.00587
73.77435
81.66896
90.76709
93.54384
111.54604
127.35734
130.52258
137.96714
145.00333
150.05263
156.54703
7.02281
13.75615
16.08778
27.67127
33.98111
38.57644
42.95473
48.00535
52.88604
65.55424
70.53804
84.40915
84.52922
98.58703
122.56390
140.56247
143.66235
165.55895
168.93344
6.62231
23.81878
39.26573
56.65982
58.79420
70.17134
77.77249
85.03311
92.75021
98.27178
107.28327
110.69666
121.68045
134.80783
152.58767
153.30960
157.28472
161.28635
168.37043
5.35781
8.51880
14.05487
17.09092
22.84138
25.83001
43.71410
54.02897
56.91668
75.05860
76.73578
95.47766
118.42500
127.51065
141.07574
147.28974
156.74335
165.12651
179.20517
1.59578
6.41744
12.81876
27.04273
41.94050
50.98253
57.05471
66.07901
68.28285
72.05736
79.17825
90.10875
98.46925
125.19841
134.87305
135.48482
142.31897
148.88957
178.67793
2.49648
16.88963
27.66785
37.63426
43.10773
46.76010
49.06962
55.53214
59.25000
59.84495
76.83939
83.90931
86.61886
103.09903
117.69339
127.67304
135.56666
145.32779
151.64897
15.01592
19.62135
42.59036
48.54617
53.09397
74.48559
87.73664
94.56252
111.71401
119.34187
128.81788
135.87956
139.70754
144.25987
189.78462
194.60415
209.01223
212.52167
218.40815
1.36093
3.66844
14.52592
30.14279
31.28380
35.89221
38.55837
57.28084
61.10214
74.20353
85.56928
92.59672
95.85073
104.90912
111.55857
112.11925
114.20687
122.32773
129.55592
1.40692
12.90715
27.81141
33.47065
36.15538
41.36439
44.74836
50.47738
70.97438
76.25616
79.19838
94.83016
108.36492
146.32095
156.17632
176.70673
179.73719
181.71795
183.07315
3.86075
11.78820
14.87584
28.72224
35.22909
35.83767
42.25778
47.43902
54.24294
68.96506
71.40619
74.86189
84.03257
87.77698
89.36534
93.14273
103.42365
118.69836
134.19626
3.95523
10.89506
16.95653
17.72066
28.49640
30.81657
49.76405
64.38906
82.89268
89.62646
94.91907
111.16528
118.03712
127.09497
136.64682
142.92494
155.70810
183.28159
190.02721
1.82347
14.99045
29.34167
33.67917
38.26153
56.67145
61.76494
71.43891
89.30053
90.57502
91.09766
102.82608
103.23310
106.62983
118.46057
125.38748
126.39546
130.20268
138.88676
2.53612
3.38026
12.53178
23.18422
33.71866
42.87074
67.28055
80.38089
89.83689
101.61828
106.38356
107.05384
121.83874
126.88661
141.44490
147.70392
155.38926
158.90267
168.65028
23.98390
33.96036
37.95131
47.17481
59.70885
60.30396
67.02406
68.83880
78.93098
112.37704
115.98149
148.67492
149.70136
156.88849
168.12046
183.96232
185.79288
209.91222
213.54332
5.41272
9.98584
22.33078
32.92949
69.43675
70.99649
85.38488
88.93292
91.09794
94.10220
120.05239
130.87615
140.97325
154.17401
159.66975
169.44773
171.76816
178.71763
181.95126
10.25210
17.78406
38.79569
47.39056
49.55413
51.38126
58.50784
63.27075
76.40568
80.73895
89.15520
118.51056
141.91621
145.02355
146.50129
157.32576
160.63534
182.35444
185.28482
11.64001
20.71562
38.45250
42.85825
61.93993
72.78097
79.33971
83.67370
87.16321
105.61441
120.00287
129.79532
133.62566
137.81082
149.19320
149.43714
149.60721
177.38441
188.18694
10.44061
18.87686
27.88392
36.56757
44.23300
49.18583
57.78378
65.79128
69.16543
87.32774
102.69528
113.45506
133.65569
150.17822
162.90196
178.00349
187.11711
188.60021
193.39922
5.16554
7.98413
12.75677
29.51737
40.69983
46.08155
62.27230
65.23809
75.10647
79.17401
92.25739
97.30721
97.82619
100.90506
106.31578
115.84591
124.17622
133.41308
140.17578
6.90826
9.37206
15.06735
18.18868
34.59866
35.48967
37.47307
44.54718
62.06065
70.96233
72.94145
85.37115
103.78753
114.95449
122.81157
127.41287
128.36461
141.51511
145.10416
20.05107
27.16952
30.37276
33.27973
44.56726
58.89916
62.12692
77.85516
82.96027
95.50164
99.07259
115.77124
121.17052
125.45014
134.41722
140.62802
144.43160
146.30777
154.78563
8.77988
16.61342
34.86829
50.36950
55.59943
66.55145
70.05239
78.09772
86.40711
92.76795
101.10711
103.80071
113.97112
120.17342
130.19702
132.93758
135.52603
148.36578
164.87285
2.65449
7.91127
27.12097
36.61223
45.58030
64.47243
80.74270
84.70558
123.48889
138.76723
143.28951
149.81317
160.05979
163.37272
179.44538
190.23991
192.17963
201.40110
218.29719
6.82280
7.77972
35.06423
44.71365
49.91213
64.51363
80.18500
88.56573
96.37586
99.92853
111.40496
114.05435
118.63562
122.79185
123.86125
135.02764
137.98513
142.31010
149.88878
11.20478
15.76884
25.51740
47.94383
62.58358
65.65514
69.98436
72.13304
82.82010
93.89873
99.16278
117.66906
123.90235
145.78586
160.92829
170.51877
178.74632
186.94032
190.91850
9.13405
37.21020
53.23618
77.96268
88.43432
101.73434
121.66210
131.42303
139.81251
143.72504
145.79892
148.26885
161.97497
165.43035
170.19930
170.79030
190.45336
194.03521
198.58381
11.13607
22.21677
31.76222
34.25546
51.10232
58.35107
64.39532
75.56182
91.33802
98.41733
105.77371
122.25251
124.73934
148.48377
150.69845
158.16668
171.48589
176.17075
179.87814
11.23766
23.94415
35.75683
43.36735
60.86821
63.70992
81.53805
95.96810
108.30732
125.23031
146.01401
153.53364
197.15307
206.21697
210.17008
214.61734
219.95184
220.88026
222.87002
8.80270
32.70505
38.05652
46.37389
49.49906
65.94317
66.39983
87.51720
91.14578
98.39751
104.49327
116.20009
119.14522
132.33330
135.38905
142.47151
144.54748
151.69585
159.36141
2.87405
8.99452
18.71102
26.84620
34.27442
55.99334
58.02351
64.05067
68.43864
85.37289
98.69341
105.70553
118.66225
127.41016
128.34592
130.96657
136.34362
148.30951
154.00239
4.12865
18.18777
25.20212
39.24338
45.28591
59.30208
60.14720
63.95115
73.93867
75.94996
77.75062
85.91698
105.03881
126.93361
150.49400
157.02945
171.40539
176.90400
185.62826
6.52701
26.98146
35.68752
49.29982
69.36501
75.84657
87.99163
100.01108
113.72259
132.36587
137.68358
139.73560
147.31607
152.73109
154.03259
158.30911
161.03431
176.00640
180.65010
12.37523
17.86156
30.14235
43.60155
49.41531
56.61718
64.89524
69.73972
74.73315
106.52763
128.39266
133.28702
137.44334
143.48081
156.19579
157.77835
167.66695
176.94316
181.13904
9.06621
25.56619
40.20533
44.27158
51.34742
60.69388
79.45668
91.31311
101.47303
102.30657
114.49809
121.72416
137.54426
138.88530
143.11609
159.06272
175.38272
208.35695
211.24165
7.41092
11.32941
16.03412
19.37322
22.13544
34.10248
48.02242
49.07045
55.83774
69.28335
72.93290
87.07875
90.02544
107.93138
117.16318
129.11419
143.57095
143.86191
167.00325
12.49675
16.99470
35.73722
50.57050
59.95664
70.51924
74.97248
76.47852
81.35965
93.66630
95.11674
101.15772
104.73360
106.63416
118.35354
137.17012
153.44038
157.70622
161.57398
17.82494
23.07068
33.40864
40.38745
57.75002
62.42951
69.22492
77.73511
84.32402
85.61354
87.22978
92.97191
123.97123
126.88231
136.67473
140.63666
145.39642
157.83713
176.57858
9.27681
15.60635
29.75108
41.68572
50.73631
64.37977
71.35206
82.99463
94.95153
106.25338
108.13688
110.22569
116.72749
125.73727
127.99877
134.42617
153.59648
162.63805
165.71422
23.40674
28.43206
37.99691
44.36822
49.05875
59.89620
70.16055
74.65026
75.69699
87.73477
88.42468
99.92807
103.37191
117.31861
150.62126
156.21489
179.75159
188.18952
198.15522
17.87866
25.87252
36.83404
40.59916
65.62602
71.28833
86.34623
94.42826
95.81385
101.73661
115.61269
146.04969
153.58821
156.57712
163.80280
180.49962
187.69645
205.26911
207.25766
7.40870
19.91664
22.20447
23.40049
35.20560
45.19496
50.01310
57.54278
67.93349
70.48573
73.87283
83.47616
96.93263
98.69862
103.54193
109.13442
127.72304
133.26241
153.94838
4.99804
12.66310
17.27809
23.23220
31.77229
35.44353
40.90163
60.44742
67.68352
95.66330
106.05224
113.80047
118.69916
126.35032
130.99126
131.74497
142.73526
156.15696
170.19523
2.77743
11.85601
30.26725
34.08330
35.29148
37.72660
40.97947
47.09871
55.15239
63.56771
72.47736
78.90418
91.66880
94.84072
105.91586
111.42060
123.95438
138.27348
145.49475
3.41268
5.44414
16.93447
34.27569
40.71100
43.46216
48.67395
56.52550
66.46713
83.96954
90.08901
102.19492
104.13722
112.38522
117.38642
126.47089
129.88700
151.63190
155.29254
8.17563
16.72028
29.75355
31.05760
43.92601
54.30908
60.70956
71.90045
82.64810
89.52216
114.40514
128.00749
135.60450
135.64256
140.26386
143.19818
146.75542
154.49340
164.53982
7.21540
8.75965
14.05994
26.39065
27.93864
30.00818
32.45553
34.52410
40.33813
44.18981
57.95142
69.47787
79.34678
85.88371
94.77687
107.14055
113.89480
122.39780
136.70068
12.52582
34.12544
37.90032
44.39852
46.88817
59.13976
78.20101
92.21695
93.27653
103.07518
103.56123
108.86133
115.07442
118.67184
125.46515
125.97036
132.31895
133.89935
135.70856
1.13734
12.75626
18.48083
21.67183
28.80598
40.34283
47.72085
56.21176
61.35486
71.74945
75.70703
88.14617
104.65818
107.20814
109.48468
119.36411
126.05410
127.98436
138.08119
9.90786
13.60077
17.77202
30.48795
40.95924
50.43191
54.92606
60.28393
79.10220
86.11514
93.56739
99.55971
122.76503
128.36618
130.99228
145.53518
147.06308
165.30979
175.17723
7.10163
15.29932
20.78148
30.58950
35.62556
42.72775
60.58443
73.07290
79.44213
89.35860
100.08434
117.87971
140.25095
144.68126
145.15517
153.77749
167.55839
180.49174
198.99802
