0.27538
0.33491
0.59012
0.59017
0.84189
0.90260
1.26057
1.30867
1.42244
1.91188
1.93529
2.17230
2.54903
2.89308
3.49150
3.82389
4.28360
4.42166
-1.00000
-1.00000
-1.00000
-1.00000
-1.00000
-1.00000
-1.00000
-1.00000
0.51261
0.74380
1.03475
1.54419
1.78539
2.20923
3.03578
3.19550
3.50297
3.88244
4.47189
4.92486
5.41948
6.16202
6.16848
6.30522
6.54163
7.16994
7.62783
7.63186
8.27517
8.74917
9.04948
9.77314
9.89077
10.25871
0.19466
0.28228
1.25108
1.42113
1.46067
1.56882
2.02103
2.03042
2.31300
2.46192
2.63877
2.98620
3.13951
3.30012
3.37197
3.70642
4.01269
4.68834
5.01516
5.77753
6.14839
6.22490
6.65527
6.67722
7.07570
7.33488
0.21761
0.48188
1.08346
1.69547
1.72824
1.86543
2.95731
4.20491
4.32868
4.48772
4.68444
5.01364
5.32629
5.78259
5.92420
6.32772
7.57332
7.65144
7.67647
7.89047
8.34783
8.75468
9.54969
9.74624
9.78722
9.99383
0.14967
0.27924
0.45570
1.02616
1.57666
1.66882
1.84642
2.09951
2.14111
2.36609
2.51119
2.67200
2.74661
2.85363
3.03533
3.05916
3.74722
3.94263
4.22170
4.37630
4.76138
5.03696
5.12391
5.17595
5.66225
6.17560
0.26224
1.09845
1.12936
1.70417
1.76310
2.67722
3.43905
3.75673
4.07759
4.27946
4.92185
5.75479
6.02754
6.37049
6.45252
6.62453
7.52548
7.67287
7.82742
8.13710
8.51504
8.78028
8.79103
9.14916
9.41491
9.50048
0.31571
0.50277
0.92931
1.24901
1.35663
1.48076
2.27314
2.56497
3.05840
3.25597
3.27410
3.71113
3.98422
4.50400
4.52809
4.80951
5.17936
5.36090
5.40900
6.11277
6.31989
7.20483
7.56569
7.86139
8.16604
8.52525
0.01058
0.20004
0.28660
0.48919
0.53267
0.93049
1.14927
1.28642
1.86086
2.08349
2.40871
2.97644
3.38518
3.86304
4.06444
4.48425
4.74252
5.49359
5.83290
6.08861
6.29964
7.31600
7.49276
7.61705
7.72307
7.87873
0.37708
0.37724
0.56042
0.74275
0.81612
0.94452
1.37283
1.51501
1.54637
1.76404
1.96966
2.23064
3.05655
3.55976
3.78559
4.73120
4.78372
4.91163
5.33561
5.67506
5.67618
5.72015
6.73717
7.21070
7.44878
7.48094
0.62905
-1.00000
-1.00000
-1.00000
-1.00000
-1.00000
-1.00000
-1.00000
-1.00000
-1.00000
-1.00000
-1.00000
-1.00000
-1.00000
-1.00000
-1.00000
-1.00000
-1.00000
-1.00000
-1.00000
-1.00000
-1.00000
-1.00000
-1.00000
-1.00000
-1.00000
0.08424
0.45263
0.60806
0.62303
0.73194
1.16947
1.55042
1.58520
1.86648
2.50796
2.71481
2.96794
3.10549
3.17466
3.54978
4.29478
4.39028
4.66132
4.73778
4.83781
5.11658
5.14447
5.44708
5.63411
5.82193
5.96641
0.08500
0.12335
0.45500
0.98716
1.23267
1.42360
1.48976
-1.00000
-1.00000
-1.00000
-1.00000
-1.00000
-1.00000
-1.00000
-1.00000
-1.00000
-1.00000
-1.00000
-1.00000
-1.00000
-1.00000
-1.00000
-1.00000
-1.00000
-1.00000
-1.00000
0.06428
0.52353
0.60762
0.96265
1.31162
1.75420
2.05250
2.31588
3.10188
3.49407
3.67184
3.90877
4.23891
4.37695
4.45509
4.46939
4.53686
4.68818
4.94463
5.05415
5.62865
6.14884
6.38890
6.58339
6.87415
7.02038
0.41758
0.80179
1.05664
1.19844
1.34224
1.53759
1.86619
1.92987
2.35539
2.76659
2.83954
3.12236
3.79896
3.97153
4.54084
4.95977
5.17086
5.56993
5.66535
5.87278
6.08857
6.58505
-1.00000
-1.00000
-1.00000
-1.00000
0.33866
0.38189
0.55396
1.12109
1.29652
1.82178
2.06256
2.50908
2.69743
3.20122
3.64254
3.88619
4.33952
4.76204
4.96019
5.01621
5.52925
6.55390
6.64696
7.43667
7.59368
7.66551
7.71653
7.93184
8.01355
8.27019
0.21133
0.30571
0.34223
0.81996
1.22409
1.40799
1.60360
1.96817
2.22104
2.61347
2.89512
3.00593
3.33273
3.49918
4.20347
4.48240
4.79553
4.92238
5.00344
5.21306
5.40878
6.04679
6.19544
6.58128
7.19831
7.34009
0.12207
0.36312
0.66641
0.91966
1.16639
1.17463
1.39253
1.50718
1.70093
1.90573
3.06022
3.23892
3.41358
3.69999
3.92718
4.18302
4.47900
4.68279
5.67466
5.67512
6.16539
6.17389
6.77073
7.08007
7.24609
7.31457
0.76897
0.87901
1.15748
1.22160
1.64641
1.75624
2.02408
2.25224
2.29635
3.17818
3.61688
3.65299
3.74995
4.01436
4.34467
4.71586
4.82361
5.10608
5.53566
6.12348
6.54361
7.16765
7.39561
7.61287
7.81643
8.11237
0.60274
0.60812
0.74992
0.74995
1.66870
2.45123
2.88138
3.19287
3.41787
3.60534
3.64898
4.03317
4.13776
4.41484
4.46580
5.35416
5.39943
5.63481
5.66302
6.12049
6.59099
6.97558
7.19301
7.62471
7.85116
8.17988
0.11348
0.17076
0.49411
0.73683
0.75513
1.58727
1.71619
1.91008
1.92504
2.08752
2.27778
2.44166
2.54671
2.88054
3.08767
3.58062
3.82492
4.44580
4.94260
5.15551
5.95927
6.12723
6.37107
6.58904
7.02687
7.45384
0.28943
0.92804
1.16489
1.53454
1.96671
2.66890
3.33434
3.39406
4.03708
4.19545
4.38791
4.65819
4.71705
5.44561
5.93220
6.44320
6.73036
7.05014
7.13441
7.60308
7.90756
8.28552
8.99320
9.08350
9.22042
9.44674
0.52970
1.13333
1.19375
1.33884
1.68378
1.95531
2.23491
2.87608
3.13387
3.57319
4.35095
4.76184
5.33670
5.55776
5.97056
6.02023
-1.00000
-1.00000
-1.00000
-1.00000
-1.00000
-1.00000
-1.00000
-1.00000
-1.00000
-1.00000
0.29850
0.49702
0.83951
0.93161
1.19241
1.80524
1.93565
2.39374
2.65650
3.32555
4.08775
4.35101
4.56271
4.97660
5.12366
5.72567
5.76599
6.15970
6.20592
6.41875
6.63945
7.00033
7.34005
7.38287
7.45927
7.66216
0.51134
0.75884
1.23468
2.11920
2.32292
2.59343
2.62692
3.13330
3.85129
4.05331
4.28002
4.65612
4.89019
5.56157
6.35288
6.75789
6.94401
7.12722
7.38856
7.65828
7.75653
8.44033
8.57863
8.58169
8.82696
9.11374
0.49720
0.64096
0.87706
0.94105
1.04534
1.29927
1.64479
2.48294
2.48514
2.56744
-1.00000
-1.00000
-1.00000
-1.00000
-1.00000
-1.00000
-1.00000
-1.00000
-1.00000
-1.00000
-1.00000
-1.00000
-1.00000
-1.00000
-1.00000
-1.00000
0.16539
0.47356
1.04185
-1.00000
-1.00000
-1.00000
-1.00000
-1.00000
-1.00000
-1.00000
-1.00000
-1.00000
-1.00000
-1.00000
-1.00000
-1.00000
-1.00000
-1.00000
-1.00000
-1.00000
-1.00000
-1.00000
-1.00000
-1.00000
-1.00000
-1.00000
0.75240
1.10959
1.27013
1.75458
1.98561
2.42807
2.87091
3.05326
3.19885
3.45282
3.53281
4.00210
4.46666
4.77390
5.24489
5.69766
6.13726
6.24172
6.35147
7.04301
7.45590
7.64553
8.00883
8.10719
8.29988
8.85224
0.33697
0.86785
1.53458
1.89519
2.41967
2.77104
3.22765
3.38854
3.64173
3.90039
4.37172
4.56068
-1.00000
-1.00000
-1.00000
-1.00000
-1.00000
-1.00000
-1.00000
-1.00000
-1.00000
-1.00000
-1.00000
-1.00000
-1.00000
-1.00000
1.10788
1.24092
1.56508
1.88720
1.94008
2.05047
2.63896
2.80397
2.90961
3.21199
3.64303
3.99040
4.63584
4.91181
4.94905
5.28489
5.83081
6.13534
6.93089
6.93797
7.51300
7.53595
7.68373
-1.00000
-1.00000
-1.00000
0.59101
0.74636
1.01313
1.09077
1.56490
2.37619
2.51984
2.55688
2.63535
2.82134
2.94044
3.14405
3.45525
3.47228
3.52464
4.04300
4.47609
4.53699
4.84451
4.99530
5.24379
5.70591
5.87498
6.41059
6.86830
6.94764
0.11200
0.31451
0.76846
0.83990
0.98976
1.12786
1.44868
1.93685
1.96251
2.11739
2.50680
2.55580
2.61909
2.77189
2.80872
2.84216
3.53592
3.76065
3.80802
3.96109
4.35991
4.54942
4.89521
5.45126
5.60601
5.78103
0.07367
0.26232
0.46390
0.58245
1.27980
1.42347
1.46337
1.57334
1.95690
2.35477
3.31442
3.65532
3.72126
4.05592
4.26064
4.73109
5.13955
5.29243
5.42236
5.93477
6.58534
7.01708
7.20253
7.65149
8.12678
8.20905
0.31141
0.76557
0.87067
1.71846
2.00805
2.50464
2.69371
2.69815
3.09271
3.25984
3.68250
4.40881
5.27150
5.34424
5.51474
5.60440
5.99141
6.59903
6.71338
7.08129
7.54213
7.79095
8.39808
8.64333
8.82572
9.17730
0.10813
0.35169
0.75399
1.03886
1.34546
1.99002
2.01869
2.05648
2.07679
2.33747
2.99333
-1.00000
-1.00000
-1.00000
-1.00000
-1.00000
-1.00000
-1.00000
-1.00000
-1.00000
-1.00000
-1.00000
-1.00000
-1.00000
-1.00000
-1.00000
0.10111
0.17881
0.72612
0.93426
1.08444
1.60216
2.53396
2.90386
3.85167
3.99616
4.13931
4.39326
4.99440
5.17278
5.53033
5.93185
6.30159
6.84586
7.11208
7.27415
8.00833
8.66070
8.72954
8.91901
8.94842
9.25004
0.33708
1.07359
1.47438
1.73844
1.87564
2.09088
2.35809
2.43700
2.73485
3.44735
4.85686
4.85687
4.90395
5.15379
5.47119
5.88241
5.99515
6.82745
6.97081
7.36884
7.63674
7.92651
8.06137
8.22102
8.55380
9.23279
0.19561
0.59009
0.74148
1.24732
1.38913
1.90681
2.10760
2.21189
2.88712
3.24115
3.43627
3.66994
4.17667
4.40122
4.55277
4.65304
4.78475
4.84300
5.05636
5.18018
5.32239
5.62011
5.95061
6.33286
6.44221
7.22405
0.21756
0.31619
0.45557
0.47899
0.50720
0.53608
0.53609
1.21783
1.46376
-1.00000
-1.00000
-1.00000
-1.00000
-1.00000
-1.00000
-1.00000
-1.00000
-1.00000
-1.00000
-1.00000
-1.00000
-1.00000
-1.00000
-1.00000
-1.00000
-1.00000
0.27697
0.50834
0.61910
0.85477
1.33063
1.78006
2.02462
2.39784
2.44373
2.74472
2.94914
3.17601
3.74877
3.81009
3.85086
4.10819
4.36057
4.81458
5.02499
5.23081
5.67423
5.96805
6.64784
6.79133
7.04719
7.25672
0.81084
0.86029
1.14790
1.46862
1.81615
2.14321
2.23391
2.26474
2.60826
3.27532
3.70717
4.09282
4.34509
4.51381
5.35162
6.04212
6.60252
7.08952
7.40190
7.56700
7.82090
8.03346
8.30924
8.68673
9.01194
9.39829
0.12132
0.97486
1.38066
1.38118
1.56013
1.66945
1.99281
2.11457
2.29854
2.95671
3.20676
3.27154
4.14161
4.49532
4.79438
5.37397
5.47118
5.57417
5.60442
5.69834
6.02124
6.92375
7.96303
8.24366
8.38117
8.77176
0.07146
0.29583
0.34575
0.57558
0.72387
0.76832
1.13185
1.31636
1.35104
1.77867
1.88769
2.03788
2.11474
2.46636
2.81845
3.53629
3.64025
3.74050
3.95502
4.74759
4.85806
5.53732
6.46716
6.48375
6.84589
6.93835
0.30699
0.96663
1.44651
1.46347
1.70405
2.22300
2.87591
3.00096
3.55832
3.97739
4.15830
4.18370
4.28358
4.37327
4.74910
4.89110
4.91894
5.06703
5.13283
5.87400
6.33289
6.57369
6.63391
6.75505
6.95285
7.09983
0.31886
0.69121
1.21302
1.49247
1.52725
1.82263
2.23076
2.55231
2.76011
3.18484
3.35377
3.84498
3.97451
4.21456
4.43286
4.70945
5.34514
5.58520
5.81668
6.16655
6.20577
6.39328
6.40656
7.13788
7.77987
7.86109
0.09398
0.26470
0.28130
0.41268
1.26734
1.49173
1.77851
1.92727
1.95705
2.61177
2.91239
2.95605
2.96238
3.40578
3.47396
3.60310
3.68831
3.79316
4.15277
4.45961
4.91860
4.95092
5.13270
5.28016
5.39035
5.72113
0.21527
0.59621
1.05634
1.61441
1.69351
1.86409
2.60824
2.71099
3.33201
3.42890
3.77120
3.90727
4.03069
4.04328
4.23768
4.30592
4.34776
4.49056
4.53207
4.89053
4.97206
5.09048
5.32922
5.55097
6.16131
6.51436
0.12627
0.52427
0.62620
0.77031
1.24164
1.24769
1.31765
1.84013
2.19892
2.20451
2.24636
2.63289
2.66708
2.76672
2.79095
-1.00000
-1.00000
-1.00000
-1.00000
-1.00000
-1.00000
-1.00000
-1.00000
-1.00000
-1.00000
-1.00000
0.27189
1.13194
1.21492
1.54831
2.53318
3.13826
3.35224
3.92674
4.55551
4.74815
4.97722
5.23133
5.37955
5.60589
5.68196
5.79758
6.04812
6.23520
6.61046
6.63520
6.84821
7.65282
7.76092
7.76142
7.77629
8.25360
0.31524
0.53643
0.73080
1.22794
1.38515
1.97727
2.31837
3.19469
3.31759
3.47420
3.58475
3.78622
3.89753
3.94878
4.26113
4.83258
5.32440
6.30129
6.48462
6.61812
7.11716
7.90794
8.21001
8.53289
9.23138
9.42305
0.00813
0.72539
0.86501
1.39956
1.56373
1.62081
2.08774
2.32193
2.70839
2.89851
3.32721
3.47562
3.59927
3.85420
4.09199
4.33376
4.88610
4.98560
5.19397
5.26095
5.56931
5.70861
5.87069
6.42920
6.53412
6.66302
0.53235
0.72747
1.66675
2.33060
2.45718
2.57664
3.04395
3.51412
4.01613
4.03571
4.24490
4.35122
4.67501
5.04745
5.45172
5.52850
5.53553
5.97434
6.18514
6.46617
6.82971
6.96667
7.21245
7.37898
7.51340
7.78335
0.23906
0.31419
0.55904
0.85319
1.22508
1.35859
1.62544
1.64914
2.15874
2.54360
2.79539
2.83433
3.52345
-1.00000
-1.00000
-1.00000
-1.00000
-1.00000
-1.00000
-1.00000
-1.00000
-1.00000
-1.00000
-1.00000
-1.00000
-1.00000
0.57427
1.30401
2.02333
2.19118
2.63778
3.03789
3.13533
3.51521
3.96127
4.39429
4.52686
4.76354
5.25957
5.71685
5.75659
5.88974
6.69884
6.96704
7.82217
8.04506
8.14863
8.54407
8.58092
8.73014
8.90213
9.44469
0.71277
0.92348
1.14114
1.28282
1.88660
2.16361
2.35048
3.02063
3.40373
3.96559
4.10193
4.31533
5.21307
5.25038
5.80239
6.18687
6.62644
6.94310
7.06000
7.21787
7.86605
7.95137
8.14692
8.61907
8.71607
8.78940
0.34682
0.88223
1.46882
2.01339
2.76318
2.98828
3.09043
3.74545
4.26248
4.35449
4.47997
5.24189
5.58674
6.25549
6.45976
6.90051
7.17866
7.28383
7.67646
7.91805
8.17744
8.63395
8.76734
8.96324
9.48998
9.86661
0.37088
0.62083
0.78388
1.18709
1.50501
1.89966
1.99644
2.05678
2.07113
2.55001
2.68438
3.12980
3.31634
3.56000
4.02704
4.52399
5.05386
5.99152
6.12694
6.26154
6.49772
6.62694
7.12728
7.19479
7.51019
7.79659
0.15155
0.36220
0.64092
0.95452
1.04203
1.27504
1.49457
2.39588
2.74114
2.92125
3.29919
3.46947
3.63268
3.99140
4.33142
4.56377
4.99028
5.63786
5.84400
5.98268
6.19370
6.81782
6.90854
7.33926
7.56395
7.75174
0.52621
0.70342
1.03113
1.48840
2.13475
2.22339
2.52303
2.69158
2.97206
2.98892
3.46721
3.66939
3.76431
4.12824
4.66481
5.19732
6.02060
6.09303
6.16621
6.23731
6.63069
6.98596
7.18951
7.46474
8.14517
8.40109
0.31094
0.96867
1.56200
2.31865
2.70100
3.03185
3.15430
3.32265
3.94728
4.03318
4.42183
4.49753
4.66732
5.03366
5.45406
5.58118
6.26151
7.64574
7.86305
8.00827
8.23530
8.92231
9.09333
9.12977
9.27475
9.82423
0.19725
0.50786
0.57435
0.85247
0.86932
1.07760
1.35819
1.75849
1.90098
2.04314
2.64481
2.78462
3.04456
3.08538
3.46274
4.07308
4.61462
5.20299
5.42791
5.62673
6.41884
7.07964
7.33845
8.05702
8.06580
8.10630
0.02235
0.24011
0.48407
0.79438
1.24332
1.41128
2.16723
2.58788
3.59533
3.70574
3.70585
3.95768
4.29023
4.66783
4.95194
5.40256
5.46314
5.80208
6.48326
6.62762
6.76763
6.88034
7.20457
7.32283
7.71229
8.97073
0.13565
0.66893
1.38551
2.19276
2.31065
2.46032
2.74993
4.00819
4.52364
4.89886
5.53486
5.55218
5.89975
6.15570
6.47354
7.23316
7.45332
7.73202
8.34412
9.02616
9.30560
9.55988
10.09552
10.20210
10.35098
10.62838
0.05338
0.22561
0.29520
0.72564
1.32450
1.51903
1.65302
1.74021
2.04514
2.24298
2.74228
3.25225
3.50962
4.32517
4.97647
5.25944
5.55425
5.73642
6.33276
6.63606
7.13180
7.28978
7.76608
8.56937
8.68719
8.69497
0.14768
0.15325
0.18567
0.90468
0.99799
1.27983
1.65606
2.00664
2.28400
2.68751
3.48442
4.21163
4.38241
4.78376
4.89093
5.51211
5.85988
5.92242
6.56711
6.98246
7.44132
7.90086
8.00680
8.33723
8.66779
8.98669
0.25470
0.31690
0.43505
0.67453
1.35821
1.45836
1.88420
2.07655
2.11586
2.53418
2.73137
2.89919
3.52809
3.61560
3.93686
4.10636
4.47842
4.58995
4.93947
5.46827
5.51998
6.14991
6.44469
6.58211
6.77717
7.38581
0.32702
0.59867
0.61532
0.69519
0.70972
1.24195
2.00821
2.32068
2.44453
2.91170
2.97821
3.30992
3.59651
3.73752
4.11985
4.35705
-1.00000
-1.00000
-1.00000
-1.00000
-1.00000
-1.00000
-1.00000
-1.00000
-1.00000
-1.00000
0.59249
1.06463
1.11049
1.15843
1.42584
1.60846
1.98178
2.74616
2.88311
3.26665
3.32357
3.86392
4.23727
4.83903
4.93447
5.04968
5.24255
5.68953
6.00840
6.16128
6.36940
6.46784
7.11730
7.64002
8.05017
8.11529
0.33028
0.44656
0.74676
1.07365
1.30799
1.47506
2.02131
2.11917
2.30416
2.40129
3.08409
3.38179
3.48511
3.52855
4.06785
4.44483
4.59383
4.91729
5.49726
5.63642
5.98010
6.17729
6.41632
6.81808
7.48801
7.60494
0.13413
0.77973
1.12930
1.30205
1.51735
2.16918
2.99001
3.69505
4.03998
4.15196
4.43396
4.69828
5.14718
5.42552
5.84387
6.00282
6.04771
6.38927
6.73768
7.29857
7.60826
7.92696
8.16187
8.54581
8.88218
9.33010
0.44498
0.74265
1.07512
1.09985
1.21429
1.30400
1.45469
2.19354
2.97164
3.51365
3.76853
3.98702
4.41531
4.92205
5.04160
6.22961
6.74122
7.20797
7.30668
-1.00000
-1.00000
-1.00000
-1.00000
-1.00000
-1.00000
-1.00000
0.16491
0.31244
0.64660
0.81781
1.15832
1.22350
1.53984
2.02242
2.24605
2.70038
2.90918
3.32634
3.39958
3.41330
3.48546
3.54897
3.76818
4.10914
4.23315
4.24055
4.30133
5.29894
5.43903
5.64306
5.85543
5.89839
0.04399
0.19409
0.78565
0.82235
1.48330
2.07753
2.50074
3.08991
3.25640
3.28072
3.77571
4.05470
-1.00000
-1.00000
-1.00000
-1.00000
-1.00000
-1.00000
-1.00000
-1.00000
-1.00000
-1.00000
-1.00000
-1.00000
-1.00000
-1.00000
0.20212
0.48312
1.26215
2.04783
2.12911
2.30539
2.34453
2.45740
2.73981
2.86417
2.86743
3.07879
3.19139
3.38564
3.55227
4.05975
4.27906
4.49012
4.59826
4.74753
4.92240
5.60395
5.72301
5.88672
5.99186
6.41537
0.79284
0.96620
1.21122
1.24383
1.46195
1.72369
1.85382
2.31556
2.59276
2.95133
3.10735
3.44730
3.72205
4.09851
4.30076
4.86146
5.11372
5.29518
5.37233
5.59515
6.24791
6.47792
6.67909
6.91676
7.30760
7.57789
0.62090
0.82681
0.91493
1.50320
1.66520
2.01077
2.32710
2.52990
2.87761
3.23250
3.71944
4.28835
4.92480
5.20444
5.39458
5.50313
5.92454
6.44089
6.63961
7.01282
7.41228
7.48718
7.75472
7.83616
8.30914
9.38412
0.21178
0.72321
1.29243
1.69873
1.82105
1.92876
2.01046
2.08040
2.47170
2.57731
2.96527
3.01299
3.37606
3.91877
3.96010
4.46542
-1.00000
-1.00000
-1.00000
-1.00000
-1.00000
-1.00000
-1.00000
-1.00000
-1.00000
-1.00000
0.05335
0.57940
0.79665
0.93927
1.46481
1.54058
1.82969
2.48095
2.68612
4.01294
4.41487
4.64909
5.27510
5.48200
5.60887
6.09027
6.29029
6.64543
6.65547
6.67998
7.21953
7.75807
7.88650
8.10028
8.27661
8.41534
0.58873
0.65317
0.97413
1.42276
1.89135
2.18570
2.45365
2.46193
2.59376
3.09453
3.34177
3.50515
3.54220
4.15927
4.54310
4.89541
4.96847
5.01936
5.14373
5.43381
5.77037
6.43073
6.53613
6.87253
7.50721
8.09348
0.42919
0.82771
1.04288
1.05589
1.37335
1.56861
1.72100
2.51304
2.69449
2.98620
3.25207
3.83241
3.84200
4.63160
4.96466
5.16060
5.25404
5.68599
6.20430
6.30161
6.33817
6.77583
6.99887
7.31263
7.42946
-1.00000
0.15565
0.50406
1.04714
1.66000
2.26441
2.45776
2.51114
2.83144
3.20698
3.71469
4.15862
4.44350
4.46442
5.33273
5.84167
6.09777
6.83613
6.83738
7.51958
7.87384
8.31479
8.35722
8.87045
8.95128
9.03706
9.12664
0.97955
1.62927
1.82476
2.42451
2.68565
3.08324
3.44049
3.58997
3.69576
3.96918
4.46307
5.09292
5.46084
5.49933
5.84813
5.96445
6.12537
6.72154
6.95685
7.29097
7.33432
7.86543
8.41897
8.83683
8.92828
9.50642
0.10967
0.62271
1.16378
1.35066
1.76239
1.79545
1.94301
2.18927
2.28633
2.40640
2.67464
3.20806
3.44053
3.70456
3.89348
4.02104
4.37468
4.50077
4.89491
5.10245
5.30745
5.59190
5.63022
5.89973
6.03922
6.03933
1.17392
1.45512
2.44578
2.84618
3.04615
3.18901
3.51797
3.81486
4.25356
4.31611
4.59229
4.93947
5.05441
5.49675
5.76471
6.27630
6.54241
7.56272
7.81709
8.05649
8.15330
8.31611
8.47418
8.49599
8.61215
8.85806
0.15015
0.23132
0.34596
0.68851
1.04163
1.22142
1.55692
1.83484
2.19411
2.27022
2.62959
2.88833
2.93524
3.49050
3.59404
3.78293
4.84238
5.06606
6.06291
6.32646
6.44009
6.45407
6.66488
6.87820
6.98433
7.56156
0.20047
0.50078
0.54174
0.89350
1.87720
2.24446
2.54360
2.74954
2.77629
2.82427
3.79574
4.27438
4.53147
4.88473
5.77656
5.83539
5.90870
6.08272
6.54484
6.68584
6.73645
7.24206
7.64039
7.90196
8.21575
8.37259
0.33784
0.42616
0.98314
1.14451
1.32603
1.81234
2.22934
2.35460
2.40680
2.57417
3.52766
3.53494
3.77984
4.30104
4.52279
5.36106
5.68668
5.72424
5.92159
6.23307
6.69937
6.95847
7.16771
7.32649
7.41405
7.51553
0.37637
0.88963
1.30292
1.60317
2.63567
2.84201
2.92522
3.14526
3.21912
3.55663
4.38054
4.48247
4.66386
4.76762
4.96308
5.15340
5.22624
5.53874
5.64792
5.76319
5.86325
6.32052
6.52463
6.84846
7.03168
7.11345
0.02208
0.72131
1.02104
1.12295
1.73880
2.06384
2.30183
2.85311
3.07978
3.35535
3.95823
4.32327
4.44849
4.61910
4.70664
5.21116
5.39835
5.95840
6.04645
6.28916
6.92682
-1.00000
-1.00000
-1.00000
-1.00000
-1.00000
0.74514
1.70512
1.96448
2.39079
2.68850
3.05461
3.11964
3.79092
3.97519
3.97722
4.84717
4.85996
5.51335
5.65915
5.99616
6.33951
6.59828
7.66835
-1.00000
-1.00000
-1.00000
-1.00000
-1.00000
-1.00000
-1.00000
-1.00000
0.29206
0.55255
0.56780
0.67360
0.81877
1.15050
1.59414
1.72176
2.16828
2.74936
3.03132
3.13307
3.28932
3.62288
3.88626
4.13131
4.26478
4.51837
4.64123
4.86496
4.93103
6.05424
6.32287
7.04314
7.04317
7.66131
0.20170
0.20931
0.52653
1.10270
1.55026
1.71582
2.23402
2.77871
2.88818
3.35562
3.67201
3.68371
4.21513
4.30277
4.73674
5.44042
5.72056
6.35006
6.97384
7.10024
7.74404
7.78014
7.80479
7.91330
8.17388
8.27572
0.25926
0.37743
0.82427
1.21042
1.79396
1.95518
2.17861
2.28233
-1.00000
-1.00000
-1.00000
-1.00000
-1.00000
-1.00000
-1.00000
-1.00000
-1.00000
-1.00000
-1.00000
-1.00000
-1.00000
-1.00000
-1.00000
-1.00000
-1.00000
-1.00000
0.06577
0.29203
0.38811
0.52800
0.88973
1.15043
1.34950
1.60568
1.68602
2.04615
2.60521
2.96709
3.24428
3.31201
3.58238
3.93130
4.05552
4.14602
4.88395
5.36632
5.63266
5.90472
6.61327
6.92123
8.16312
8.48749
0.12701
0.54024
0.92279
1.15616
1.77937
2.36013
2.78374
3.03169
3.09508
3.64814
4.34718
4.72935
5.24366
5.38125
5.55112
5.76154
6.10078
6.59909
6.99893
7.09036
7.25256
7.44478
7.45454
-1.00000
-1.00000
-1.00000
0.44107
0.94667
1.35917
1.88848
2.87780
3.35615
3.70743
3.76731
4.17157
4.59187
4.70898
4.98063
5.01146
5.66448
6.07773
6.44720
6.84474
7.34654
7.43784
8.04542
8.16247
8.68433
8.83497
9.22126
9.39443
9.81406
0.02488
0.25969
0.97620
1.22827
1.43614
1.55381
1.88525
2.40062
2.77774
3.03210
3.32705
3.41204
3.49590
3.67115
4.01647
4.17343
4.49871
4.72397
5.08948
5.49001
5.54477
5.65500
6.50251
6.67025
6.80909
7.04870
0.25799
0.70445
0.74102
0.74936
1.15802
1.36770
1.82321
2.65445
2.90900
3.18786
3.20554
3.20828
3.43424
3.65971
4.05330
4.20549
4.72224
5.22539
6.00150
6.33409
6.99055
7.29208
7.56613
8.78947
8.92548
8.97947
0.02655
0.53906
1.10313
1.32599
1.39064
1.66131
2.33842
2.78354
2.99262
3.73972
4.11745
4.21446
4.50138
4.81826
5.19885
5.32111
5.86272
5.94700
5.97651
6.06195
6.57856
7.11238
7.64833
8.06931
8.63471
9.05346
0.57023
0.97725
1.03640
1.13089
2.16149
2.75522
2.92695
2.96127
3.31959
3.39410
3.75952
4.59021
5.20153
5.38974
5.44357
5.57887
5.60250
5.93650
6.45326
6.76275
7.62479
8.10536
8.31869
8.46519
8.70246
9.24077
0.22530
0.59686
0.82369
0.95199
1.47189
1.97176
2.02826
2.11562
2.21236
2.40668
3.50574
3.86636
4.11214
4.72095
4.89353
5.28976
5.39204
5.48837
5.71090
5.76370
5.85812
5.93014
6.24016
6.37393
6.64425
7.21690
