3.57518
10.30162
21.93622
33.57945
53.63023
56.18869
59.80169
59.90976
60.08759
60.41125
60.44509
2.05465
5.61664
12.42161
31.60364
38.55068
52.39646
53.11749
53.40097
53.50813
53.75606
53.91991
5.52609
15.24997
18.12768
22.30507
25.25740
26.62428
48.12270
48.20302
48.25276
48.30139
48.71185
6.90948
10.10600
20.28463
38.10626
44.21841
44.80305
62.44062
62.62207
62.70154
62.76069
63.23058
2.98202
9.07595
32.98725
38.81432
47.54003
49.64845
50.11687
50.61250
50.68678
51.03215
51.48581
11.77377
15.57179
18.98407
20.79486
24.07482
31.42714
32.15740
32.18396
32.32182
32.49447
32.98781
8.61045
9.19119
17.18420
20.33955
27.86070
31.77837
33.10442
33.40505
33.75007
34.43559
34.66337
7.95958
20.39502
22.56801
36.12848
39.86548
41.30583
58.01977
58.11089
58.19127
58.27333
58.49935
0.58523
4.72868
8.17098
11.76679
12.75452
20.03333
26.96550
27.20645
27.34397
27.44165
27.89907
2.22826
5.33182
20.95088
33.25722
35.46128
66.52837
66.71574
66.96074
67.34391
67.77733
67.91849
2.43203
17.72295
20.36901
30.34804
47.12392
59.52640
60.06386
60.16310
60.31733
60.41125
60.68665
2.74677
12.44550
24.39587
35.06293
39.42839
50.09008
52.79299
53.41473
53.63956
53.83895
53.92445
0.50603
5.67295
13.46772
20.75786
25.16689
27.53030
44.94945
45.05906
45.09473
45.56148
45.63869
14.28419
27.50604
32.17783
33.31175
39.49592
58.07594
63.13365
63.43206
63.76772
64.04711
64.20166
7.03437
7.81374
18.13255
23.98558
26.78065
49.33924
64.76857
64.95264
65.73642
66.04424
66.05159
9.65811
10.55641
31.14944
35.63064
58.48438
78.28435
83.12010
83.64694
83.79331
84.00757
84.36345
0.48473
1.21035
8.16689
21.29226
31.02614
34.71746
36.05835
36.09388
36.15115
36.19392
36.41945
3.73802
4.95705
18.90733
28.97837
41.64705
62.78404
76.24152
76.26473
76.75286
76.97497
77.09628
4.92252
6.64377
12.02810
13.92549
20.92819
23.23709
31.04356
31.24324
31.37082
31.58346
31.70190
6.53368
18.12743
21.28790
52.36738
60.23161
61.07142
67.68353
67.74953
68.02678
68.51460
68.52949
8.53152
13.51828
16.86005
19.69911
20.55150
23.76520
29.18820
29.19552
29.22042
29.45386
30.17439
5.27834
22.97134
24.78710
38.72290
48.84039
81.30249
86.26032
86.31154
86.45715
86.49370
86.57722
1.48602
11.59669
16.48703
22.46046
29.58298
51.76673
60.67254
61.37138
62.22838
62.45455
62.46902
5.95864
11.47716
15.18316
36.21670
66.66887
78.39684
85.17914
85.70455
86.02824
86.08167
86.19813
8.31219
19.99167
21.72971
23.58743
30.34254
41.68876
45.87739
46.03771
46.06678
46.22305
46.28782
5.70809
6.60054
6.73050
14.02206
16.33388
34.39930
35.16315
35.49434
35.64501
35.81484
36.02916
0.80756
5.58850
18.65917
21.32134
22.74775
45.86012
61.84594
62.42166
62.47066
62.49691
62.51160
3.04246
5.42820
7.85340
18.43021
20.72208
21.77284
26.46784
26.60580
26.80278
27.02308
27.16301
1.48470
8.75109
14.58826
28.33088
48.16388
66.88845
71.40230
72.29005
72.97300
73.03937
74.41305
6.40962
18.73599
50.33350
54.23188
58.74528
69.16249
88.12474
88.45138
88.55074
89.02054
89.25692
8.54251
9.61298
19.15269
26.65333
39.07918
46.23393
47.54992
47.93510
48.23037
48.60380
49.07597
2.81523
11.77324
19.91972
36.31619
41.08202
43.03364
50.04878
50.37408
50.47575
50.78145
51.63778
3.64111
9.24782
11.22663
16.38382
23.34492
25.10283
33.37898
33.54789
34.39117
34.60581
34.99650
13.79353
25.70755
31.99352
48.57682
52.69819
74.98246
78.11059
78.17523
78.33181
78.62041
78.81577
2.62092
4.81365
14.14582
22.60993
31.72177
42.18891
52.15722
52.28944
52.41018
52.60232
53.12060
1.73266
11.86771
14.95395
15.69920
35.78156
43.20035
47.87815
48.28940
48.78940
49.07357
49.10493
4.43997
10.64992
18.25991
22.84481
32.59548
40.70223
47.73488
47.81717
47.99362
48.43484
48.68390
10.65244
14.79508
30.00792
33.57335
43.00488
47.06089
57.73699
57.98701
58.00684
58.17691
58.18419
8.38098
25.08032
25.52007
41.85991
57.98157
60.48295
63.01510
63.39588
63.64679
64.12607
64.25736
0.83735
5.12545
11.35227
11.81725
43.96357
50.53907
55.14705
55.32052
55.57750
55.80051
55.87154
1.12893
2.18099
15.69844
17.97754
34.74356
53.18814
56.42152
56.55191
56.77794
57.22727
57.67826
3.53066
27.07776
27.49748
27.99888
29.25857
52.27995
61.65578
61.80726
62.21550
62.60928
62.83565
4.75815
9.99743
25.44897
31.29835
38.53795
49.12223
59.36481
59.70561
59.70745
60.18064
60.37029
8.28961
19.63966
21.46913
30.56708
37.65604
40.88290
45.06139
45.30743
45.64683
46.04627
46.30491
0.71247
34.47679
35.66122
44.30394
44.96015
47.69450
77.79984
78.50827
79.08579
79.21917
79.33883
1.48635
6.96893
22.22621
29.22968
30.35699
42.54384
43.79396
44.06172
44.30630
44.31627
44.38829
2.59141
35.64971
56.82259
57.76548
63.90097
78.18571
85.86858
85.99116
86.57131
86.78892
86.86261
15.08136
17.43193
31.69979
37.32870
39.22509
44.12733
47.45019
47.97192
48.17361
48.29984
48.84544
22.41982
58.63031
59.81154
61.66056
81.43449
84.97476
99.33648
99.39013
99.61923
99.63552
99.72532
24.90078
35.03119
42.21005
49.31051
53.60630
61.71607
66.34783
66.93774
67.09415
67.35868
67.54412
58.98267
67.88207
73.45252
84.90658
90.95205
95.66973
112.61533
112.75919
112.90340
112.97041
113.12165
2.96331
16.00277
31.29483
31.97708
34.90027
37.03427
47.61138
47.67511
48.04682
48.27973
48.40983
10.27967
19.20272
38.20843
41.12032
46.03206
48.08766
59.06238
59.32235
59.40456
59.52877
59.63513
19.48745
29.31519
32.86721
33.55219
37.53735
38.75546
66.29811
66.30403
66.32466
66.35941
67.03882
4.55394
13.08404
22.49299
24.06756
31.26275
41.90087
50.58830
50.75276
50.92208
50.94192
51.07274
3.43078
9.59786
20.54642
32.01733
34.83739
38.53597
42.07101
42.51276
42.59089
42.82825
43.08131
0.07814
0.68489
15.82869
22.29270
41.07877
47.79250
50.31618
50.49142
50.50848
51.00130
51.47195
0.94713
2.29755
9.64056
29.17665
56.37237
78.13960
85.07576
85.56016
85.70277
85.88430
85.96171
6.89214
8.28753
24.56333
38.76597
39.39165
42.10575
53.28382
53.63617
53.71561
54.06406
54.17180
2.70743
6.56299
16.09347
38.88149
41.47612
46.81372
53.63629
53.71962
53.73682
53.74148
54.13849
12.08995
13.60187
13.88301
14.78030
22.28788
35.73278
45.57390
45.71403
45.98718
46.55244
46.60707
7.96128
12.42587
12.67940
20.95667
30.89125
31.85846
32.62228
32.65217
32.77190
33.00817
33.08927
3.71379
17.20737
24.13633
45.07680
51.65114
56.76487
63.34752
63.39742
63.52388
63.88760
63.96348
24.84149
25.26755
26.02940
26.54234
45.88809
65.52137
67.87259
68.14603
68.59560
69.45842
70.39155
25.65661
28.83988
34.51937
45.40598
50.01393
63.03377
70.09496
70.26378
70.29359
70.31687
70.37109
12.33996
24.40978
30.02825
35.42179
35.95708
36.60017
39.26449
39.29946
39.87631
39.96295
40.24381
14.80320
28.41088
31.60702
41.84210
53.33137
68.44874
69.42149
69.45670
69.46446
69.66013
69.76332
19.50598
28.56544
36.59959
41.86766
51.51529
55.95268
90.27426
90.54611
90.69931
91.00920
91.13587
1.93469
12.41622
22.58036
86.44220
91.73853
100.48511
106.85858
106.98243
107.15100
107.79360
108.13836
6.88530
12.64277
18.59005
32.10733
35.45537
60.75285
83.65392
83.67732
83.79735
83.92894
84.48979
3.99568
8.12741
19.75547
24.67486
28.08628
31.40629
32.96025
33.00871
33.29091
33.29941
33.66118
3.48731
9.10936
33.85366
59.11508
60.70969
65.90846
78.33994
78.56105
78.67371
78.95298
79.23653
14.17762
17.07438
17.52298
22.84402
24.38352
27.32021
40.49182
40.72018
40.87087
41.05496
41.29556
1.04306
8.11088
15.65528
18.35759
33.69876
34.31841
45.81991
46.09814
46.39268
46.61431
46.86525
18.17822
22.77499
26.53175
36.39557
44.81190
58.18851
65.26510
65.34919
65.50337
65.50615
65.64028
6.57754
10.78665
27.25147
28.23421
32.05184
34.05400
53.94153
53.95905
54.03852
54.29603
54.31556
1.10883
2.10759
11.47339
51.06113
52.27999
70.73890
82.85181
83.16918
83.23029
83.39720
83.85989
3.91591
8.32345
18.40073
37.27440
42.13810
43.16504
45.46877
45.78651
45.83398
46.22821
46.93087
6.17616
9.26108
9.36270
30.58664
32.18740
35.25225
39.94108
40.05367
40.31759
40.35658
40.58697
4.30932
15.00509
23.33749
41.87324
43.85825
67.51028
72.27172
72.51103
72.75671
73.07336
73.19349
1.98364
16.90171
23.27779
33.76741
44.03154
48.07695
51.17558
51.59406
51.84174
52.33009
53.01153
7.26006
17.16633
26.58317
30.97023
44.27172
47.28961
49.27357
49.43156
49.44285
49.74651
49.98998
1.20210
6.67035
14.76300
16.21108
51.19571
63.48054
73.48928
73.57375
73.69289
74.14236
74.72766
3.34012
5.45087
10.28499
11.06618
11.10444
21.75914
24.00410
24.14171
24.48622
24.82513
25.03849
4.73630
6.71136
16.65096
20.47441
38.95308
39.79822
49.95109
50.15064
50.30555
50.34774
50.50801
4.05114
6.82292
6.98776
28.22762
34.50810
35.94280
44.14407
44.17573
44.26308
44.58990
45.46801
3.40404
4.23145
13.69329
24.71510
24.96616
48.36355
49.68068
49.74509
49.96415
50.11898
50.17004
20.87268
26.51919
39.64515
55.08763
71.65876
71.70292
81.60708
81.82905
81.88447
82.25379
82.25862
0.04708
2.64987
11.79860
13.97228
15.50736
18.33354
29.04885
29.12504
29.38993
29.65081
29.74895
20.98276
53.65209
53.85635
54.40910
55.36565
67.38265
76.87673
77.43755
77.66328
77.83574
77.92973
10.67565
18.90197
22.33209
26.15799
34.41418
44.72246
47.24011
47.39631
47.53748
47.81336
48.27239
5.34413
8.33887
13.67602
17.62283
22.99179
46.74923
56.95690
57.24082
57.44437
57.77106
57.98251
23.28708
24.90132
38.85572
44.45429
47.19638
51.02485
54.14395
54.27235
54.79012
54.81659
54.95577
0.88851
9.23006
25.09033
29.19964
36.44304
44.72674
49.40610
49.42484
49.68144
50.01685
50.32364
20.75876
21.45059
28.03541
37.50604
38.13399
47.04765
47.10813
47.16556
47.45852
47.54382
47.59354
4.04149
8.40817
10.47457
12.29837
17.62110
24.86529
28.10827
28.21101
28.39560
28.55945
28.79516
0.45252
3.98022
21.68281
27.37280
29.42614
45.75863
50.66541
51.92115
52.03284
52.21726
52.38823
3.76053
11.98719
24.42784
31.69876
39.60015
40.63403
44.15425
44.15425
44.47940
44.72343
45.06850
0.84141
26.19364
27.65256
28.08093
29.38575
32.11804
42.68749
43.09929
43.24453
43.38279
43.47620
16.52853
18.47157
25.01831
36.33159
39.21972
47.67323
52.29241
53.30188
54.53759
54.88854
54.90605
