3.72171
7.41610
15.30908
19.36527
20.31527
21.66844
22.80683
33.13241
34.03413
38.28096
39.72010
44.19752
45.30206
49.80247
50.53471
55.04891
63.67476
65.30957
67.73926
71.39911
76.62648
81.14333
82.81700
87.24355
6.55011
8.59692
13.22791
15.42894
21.47716
24.75274
30.07027
31.57691
33.47655
36.93393
42.96753
48.84827
57.15806
59.04435
65.40730
67.73988
74.02197
74.91132
76.98798
81.52541
88.44994
95.03323
98.07467
106.41357
3.57945
4.28693
9.83026
10.54133
15.23176
17.39257
26.43462
27.75373
29.12507
31.51383
35.32270
39.72034
42.09813
45.88296
53.35941
55.88711
59.44593
64.31037
67.97049
73.25174
77.89582
80.99519
86.52977
94.82982
11.27765
12.70129
16.46411
17.78814
21.32176
23.75109
31.07259
34.43742
37.40683
40.04921
43.10048
47.80382
49.71407
51.02723
56.88719
62.08858
66.64504
70.80002
72.55388
78.82647
80.42468
88.30241
92.56213
96.27903
1.31954
6.02693
6.91858
20.90979
25.74124
33.74534
33.94231
34.63412
40.50575
47.01580
50.42360
52.59703
53.24815
56.88761
63.00604
67.58681
69.00750
73.10632
76.54787
79.60961
85.89885
91.77923
95.44819
97.72656
2.72610
8.68516
20.66765
25.98131
35.73138
47.00379
49.53177
50.98718
52.71776
58.76580
59.72946
67.07542
68.20754
70.10770
78.08597
79.79249
88.18654
92.44404
98.34083
101.31332
103.14121
105.24700
109.41797
116.40131
6.50691
8.60111
10.42620
16.28959
19.53489
22.80098
25.57777
28.13636
32.47618
37.51918
38.54001
41.22445
44.73135
50.62566
56.39632
62.20480
64.96534
67.47730
71.31652
76.82194
78.37518
83.03295
85.51523
86.40444
5.37517
18.85757
22.96182
25.47023
28.13783
32.56411
34.11012
37.53584
40.38477
42.87812
46.04870
50.28134
57.36525
63.08986
67.28734
68.89512
72.80947
75.72399
80.80684
80.99640
85.17357
89.91135
96.87995
97.54018
6.63229
13.86578
20.22818
21.47539
23.13459
25.07522
27.75239
30.14811
35.43466
41.66955
45.17615
50.24666
59.90303
61.94090
66.42292
68.53314
71.76316
75.17123
77.34607
79.18977
84.47064
86.81435
92.16314
94.42270
3.22911
11.91041
16.72245
19.74928
21.23509
27.00676
29.95806
35.86930
40.92096
43.21106
46.33896
50.85047
54.21067
54.73239
56.07534
63.16093
65.01539
69.57723
76.79060
80.38855
84.32941
94.45505
98.28542
101.74219
6.20519
11.92334
13.09176
20.57794
30.54381
33.93602
37.10727
39.78004
45.25972
49.05619
57.37220
59.67783
62.85390
64.62453
67.50426
69.65120
74.59441
83.65642
88.87710
90.85010
91.13723
93.54024
94.97062
97.57981
1.60222
6.31298
8.77269
13.15253
13.68027
22.48836
28.52789
33.44972
36.21364
39.45121
44.55995
53.31551
53.91772
57.75821
63.00959
66.01841
69.07916
71.12519
76.16626
77.55540
79.79783
82.78224
83.88055
87.74212
2.44051
7.39215
10.07459
21.69950
23.82998
30.11157
36.09611
37.88706
42.49438
48.36740
50.68268
55.17415
59.71518
62.74708
65.38603
67.20057
72.12864
76.17071
81.88726
83.45990
86.42881
92.02881
97.50110
100.19855
2.20500
2.30325
4.01329
6.24912
11.60521
17.46469
23.72216
32.90044
37.74659
43.68531
48.86307
51.05309
53.56808
58.33954
60.83520
61.18424
70.70903
75.33291
79.06498
80.58122
83.85709
89.91872
94.93144
96.56542
17.59469
21.56269
29.90842
34.86359
38.14306
45.58473
47.66612
49.08767
52.06299
53.96968
61.02954
64.20878
68.85656
69.76110
71.64831
74.32967
77.67640
81.09645
83.35983
85.50593
89.26924
96.39093
99.35305
102.28562
2.94291
10.63258
15.04525
20.67274
23.87540
25.65910
28.70110
31.70956
38.71106
45.32006
52.95695
59.02707
62.91824
66.39761
68.24942
69.21629
72.25927
76.06816
80.73863
86.39736
91.08482
95.36034
99.69338
102.78149
1.38003
3.88747
5.14318
14.88139
19.02858
20.07254
22.38648
24.75748
31.17818
32.75328
35.42949
38.71690
40.17882
46.79509
49.74054
51.19827
55.35429
59.52530
63.42641
65.33687
69.67465
70.25132
70.90694
80.19249
1.65330
4.15158
9.49223
13.07464
18.50227
23.77840
25.95983
29.25960
30.55326
34.20540
37.46136
45.07276
50.31827
53.23061
58.04307
62.95472
67.59757
75.47989
75.84007
77.96242
83.56682
86.64005
91.24810
95.87975
2.47519
5.74182
6.72022
10.41810
16.27444
19.12799
29.64729
34.23049
38.85694
41.55729
45.38532
49.92571
53.34765
61.82134
68.27215
72.58779
78.14886
83.58555
89.00018
91.36787
95.07550
100.65455
105.52321
108.98014
5.74998
8.06191
9.29960
9.62763
13.29869
17.80964
20.82896
24.09840
26.79505
31.05825
36.62347
41.77607
48.71371
58.16949
59.44177
63.48337
72.14270
76.76614
79.42905
82.79843
86.93703
90.88287
98.65567
100.10656
2.23666
11.14314
14.32662
17.41482
19.23562
24.24971
25.40848
37.45483
39.47659
46.98576
51.06664
53.64943
58.51460
63.52057
68.42029
77.83295
81.41987
88.02546
92.78507
94.07564
94.97842
101.63956
109.46217
117.87368
4.80634
5.41601
9.37454
17.95547
20.26535
24.83976
26.26205
27.59675
31.54156
37.29408
39.92217
44.21470
47.72012
50.66652
51.36416
58.98708
66.09976
71.46743
73.30726
75.82541
76.87954
78.41809
82.55483
86.71614
4.50270
7.97907
11.86451
13.20410
18.75562
22.28947
25.78721
27.11475
32.40754
39.79852
43.56882
53.04092
56.27371
61.23333
63.55666
68.57963
76.35344
81.47773
84.79362
88.35447
91.94646
97.69418
108.10235
114.12021
3.57109
5.89194
7.42740
16.92367
22.69424
24.70178
27.41105
35.39752
41.42316
46.03045
47.13563
50.69270
54.84425
57.54161
61.90661
63.28570
69.50819
74.27782
75.71847
76.93588
79.40518
84.13799
87.82954
92.97625
4.77687
6.34389
12.55021
13.12534
17.00619
18.03346
21.42463
23.92604
26.13945
30.09265
31.64300
39.59620
51.28398
53.38841
55.87352
60.28442
64.25669
68.78797
69.81843
71.47157
74.10509
77.65644
81.15254
86.12075
2.64540
6.08028
7.20965
9.07024
14.52657
20.04958
22.23082
24.63711
26.17173
31.81151
33.34801
37.90087
38.40918
42.50544
45.27398
47.20459
49.04964
50.78985
55.88924
66.12868
72.58023
73.03005
85.72139
88.81199
4.76435
11.88361
20.04164
24.49777
25.72917
31.79784
37.19841
42.15787
45.34991
46.91010
49.05583
49.69150
52.66352
57.19522
62.15544
64.91453
68.62116
71.89619
78.20306
84.13467
86.89720
92.55642
94.05573
104.49963
5.85924
7.98432
11.43820
18.15890
20.84216
24.38609
27.47579
32.23380
38.58402
40.45049
43.23420
45.14949
54.34183
58.10366
59.69974
62.77070
68.59725
73.61645
79.35873
87.32064
92.75199
96.94020
97.71221
99.69722
3.24200
6.80576
12.45252
16.37371
17.52773
23.00021
27.73985
28.68587
31.10560
33.12585
39.63478
41.81373
44.58794
48.52447
57.80190
62.48285
66.95488
78.48814
80.71460
84.00376
88.01558
91.81421
92.23646
98.19538
2.89117
8.21497
11.27892
18.10865
22.37836
25.12176
27.90907
30.27513
32.92518
34.14159
39.49138
42.18586
45.60050
47.60573
52.47925
55.29719
59.31203
63.87881
68.65807
70.95252
74.64301
76.80152
79.80577
84.48250
4.35634
12.79676
19.61757
23.02879
27.18776
28.77685
34.17137
36.56010
39.03644
46.41220
51.12270
54.86716
58.87822
64.18615
67.83625
71.66523
74.39197
75.83371
79.64507
85.69150
92.21856
96.47063
101.87661
110.39062
3.98085
6.85310
11.69105
17.73225
20.73526
23.09301
24.28205
31.35948
34.35957
38.76146
45.81249
47.36398
50.55734
51.87034
57.52039
61.43596
64.91514
66.22634
75.70383
79.83888
82.33003
85.15333
89.96198
97.80203
6.80094
12.67867
19.16426
21.06571
23.75312
32.37109
37.45524
42.57890
51.20617
54.91766
55.18635
59.26963
61.69614
68.72059
72.63933
78.75002
81.59163
85.87614
88.44791
90.09234
95.32516
100.64245
104.75810
112.02579
4.68605
6.50172
9.26901
12.76056
16.53336
20.56991
23.24909
28.61998
31.14541
34.81853
37.26243
39.48973
53.89885
54.98836
57.28384
59.81605
61.82043
63.45308
68.71314
76.83666
77.90247
83.41851
90.22330
91.55403
3.14474
9.25719
15.90045
17.70081
18.59271
20.50166
24.81929
33.28616
35.27700
39.41339
43.39906
47.13616
49.95863
55.30176
59.42874
64.96290
65.29843
68.97205
70.68029
74.48873
77.35597
82.87390
87.64312
92.68174
1.28808
7.22543
13.45191
19.60783
21.78183
26.39221
29.65713
33.18452
35.92813
37.67380
51.87709
53.42523
57.40294
60.47438
62.10448
65.24274
67.03665
77.21960
82.94762
87.19375
88.34130
95.76975
102.07652
110.99818
3.87327
7.04183
10.22641
18.45530
21.40312
22.37220
28.87659
30.67518
34.20187
37.02793
39.73025
49.11740
52.02228
54.94442
62.14577
66.61977
70.18214
77.57554
83.09603
88.94210
90.51463
94.07287
96.40204
100.36713
6.56534
13.00461
14.70459
20.37240
25.27002
30.15560
32.77960
37.87650
42.29338
42.61261
50.94425
53.75550
58.33935
66.62871
68.43314
73.48489
76.74995
83.35022
85.83051
87.42169
88.59557
91.24289
94.21478
95.56888
2.23313
3.77340
6.51149
11.92440
18.35234
30.49757
34.96854
37.71250
43.31212
47.07235
49.12268
56.53335
61.56584
63.48193
65.01628
69.45969
71.85296
76.41437
79.08850
82.51570
84.67178
91.28854
94.33994
96.79653
3.24389
6.99939
11.99681
13.07522
15.66063
17.03931
21.04891
25.51426
27.12159
30.39388
33.05004
35.12175
38.71215
47.45693
50.75636
53.72251
58.34098
62.46426
64.04862
71.18415
77.21118
85.57200
87.87168
90.43355
9.04981
10.50072
13.40317
15.94027
18.49550
21.12410
24.66995
26.49604
28.98328
30.11636
33.21277
40.23589
46.25370
51.37991
53.58875
56.48359
64.82101
67.87754
77.79238
83.44423
89.64579
92.24414
95.08023
99.02915
3.06143
8.30761
18.46703
28.13396
31.02386
33.37926
38.41131
44.62507
47.01167
52.59859
53.87101
54.15056
56.95207
59.18146
61.21719
66.47632
74.77036
76.66231
79.91454
81.36435
85.59349
90.36722
93.39175
100.14796
3.45442
7.91997
9.54773
10.28230
14.18473
19.71246
23.27108
24.88532
27.35106
34.33656
39.79185
42.98809
48.57246
51.75129
54.70700
59.86995
63.72408
71.05751
76.28880
80.19719
81.92157
83.41377
86.52280
94.32566
2.98319
5.83163
10.60916
14.01487
16.33634
17.91799
20.81294
25.28669
29.41414
32.68605
37.32049
39.81250
42.40097
45.03998
49.35844
52.44321
54.24127
57.58533
63.63446
66.82688
68.57168
79.42649
87.70087
94.65436
3.86739
9.88496
12.57065
15.60356
22.66272
28.60523
33.19003
35.97127
38.48928
41.20011
42.52470
46.37211
47.00245
49.23097
50.28244
55.58923
58.18889
60.94113
65.95498
69.76155
74.87658
76.96993
77.91494
81.44474
1.93799
5.74267
10.60803
13.74447
16.93304
18.78561
21.26528
24.91001
34.80185
42.98958
49.72830
53.01567
58.96316
66.56166
75.60933
81.37848
84.11818
85.58124
88.37094
89.15851
92.74057
95.39453
98.76751
101.43297
6.15664
13.52738
21.44891
27.19215
31.18038
36.51103
40.47293
42.39045
45.22367
47.86467
53.20896
55.70897
56.04563
58.80504
64.06777
67.22074
77.84251
84.83165
90.20584
94.83877
107.82791
111.23518
118.07911
124.44410
3.65187
7.56125
8.87404
11.57830
16.04647
23.46326
29.93847
31.54784
34.74230
44.09784
46.74185
48.16731
53.63642
61.24709
64.77850
68.61037
69.10045
72.47511
81.84472
88.78350
90.81612
95.73310
96.67690
99.16830
0.48700
3.37998
9.72157
17.74425
22.70492
32.92335
35.57243
41.05811
51.40790
54.26730
57.01078
61.04842
64.02185
72.70857
74.17407
75.71498
78.27528
85.67140
87.59125
90.25751
102.88948
105.66420
109.29487
110.39667
1.53897
5.71391
13.10569
15.64832
23.25201
25.81777
31.70054
35.21023
41.02187
42.78671
44.86940
47.00098
48.95666
53.44620
55.84709
58.08468
62.15183
68.02741
70.78401
77.14353
80.33361
83.34563
89.46459
95.49530
4.44863
5.51772
9.36018
11.70413
12.24875
14.20624
16.19365
19.25373
21.02675
30.67168
33.20007
36.40259
38.39990
42.99904
45.57801
50.28123
50.90844
51.51370
54.09645
57.27647
60.61976
64.33450
69.35397
75.12320
1.86863
2.50296
8.05007
8.43695
14.54095
17.35960
19.44577
24.57886
36.65304
40.36568
44.69098
50.28769
56.46938
58.15688
62.13537
64.13627
64.86408
68.45787
76.02158
78.97160
81.59644
87.05751
90.42428
93.22899
1.96943
4.87748
11.28678
22.18100
27.20050
32.53992
44.08126
45.93910
52.95614
56.11748
61.43030
65.61322
67.49364
68.62285
71.36673
76.69628
79.41116
85.56448
88.15861
91.65575
94.89711
96.68133
105.74760
108.46470
5.67442
9.66232
11.62239
19.79843
23.66336
26.56398
32.27583
33.37615
38.39745
42.50050
45.01708
52.99570
57.62429
63.24866
73.44404
76.58651
78.54549
83.23029
88.25347
88.91810
94.02711
95.55131
96.59930
101.27949
4.10718
6.56657
9.58016
12.91531
16.41955
21.69299
25.35858
32.08985
34.34169
37.36877
39.58192
41.36106
44.17367
49.88673
53.80486
60.72280
65.93332
73.30396
80.38988
84.77635
85.59132
92.61474
94.79485
98.95901
2.01436
6.51152
10.74115
14.10726
17.03659
18.41185
20.51233
22.50004
26.03477
32.83638
35.06625
39.77910
43.57318
51.01740
58.56298
62.38254
64.79904
71.99288
82.83212
86.76778
89.08513
94.88635
97.89750
116.70226
6.72246
10.24520
12.48173
14.10739
19.27004
26.89348
33.97822
37.39119
44.77238
47.97692
50.55158
53.67627
57.86222
63.78832
65.68817
67.87344
70.79010
74.00326
79.86283
85.54361
90.52521
94.54608
96.42076
99.19588
2.50977
5.88007
7.10444
12.86877
14.13149
24.25184
33.30070
39.44513
49.81683
52.76374
61.18818
68.21250
70.38191
74.31632
78.07832
89.79497
95.61105
96.58637
97.70897
100.63697
105.44178
106.71020
109.18530
113.64885
1.69556
9.43645
13.65867
15.05595
16.68591
17.80734
22.97671
25.27724
29.12875
30.85203
35.37812
42.32778
47.65408
49.85236
52.59089
60.63748
64.17844
69.82696
77.22060
80.02750
90.74773
93.03194
97.58934
103.02791
3.71858
6.54513
13.29803
17.40930
24.18857
26.49408
26.88029
32.11852
33.83939
38.33068
45.59430
51.44174
58.53682
66.45084
68.86539
77.73910
79.68503
86.96330
89.76554
95.70077
99.05425
99.86949
103.64876
105.21809
6.60202
11.43041
15.05082
21.05615
26.33651
35.16705
38.44255
41.85168
44.99759
46.56937
48.18703
49.90272
55.76695
59.53770
65.14817
67.95115
74.45206
79.54756
81.24425
86.28739
96.36376
103.12012
107.76845
111.23227
3.88556
13.58266
16.42884
18.19347
21.54687
23.66987
26.81321
31.73529
34.44981
39.94089
41.34993
47.51321
51.46351
52.78032
57.90725
60.14109
62.42985
63.49819
65.90218
69.10903
70.66237
76.40677
82.13431
86.19952
5.26908
11.06838
14.74332
18.96390
24.45209
26.56723
29.73817
36.01826
39.86766
42.19850
46.57998
54.43262
59.23290
63.66468
73.73871
74.96234
83.82661
84.91948
86.44610
88.95597
91.32136
95.17943
97.57309
99.72570
1.84350
10.66534
14.74308
18.75077
23.22499
24.76274
27.16270
34.08246
36.88717
38.07196
40.57998
43.22819
47.56073
53.12325
62.54082
67.16097
67.58882
71.34636
71.76188
74.91854
78.36613
84.69668
88.84349
89.20394
5.06133
9.44247
18.65573
25.88400
29.65861
32.84937
36.26377
42.06569
44.99460
48.57665
49.71254
52.06707
58.11105
60.98652
67.19658
70.91369
74.29627
84.51728
89.66244
94.91636
100.83381
103.87237
110.12705
119.22942
2.35617
4.48799
5.12977
5.98926
9.44990
13.50378
17.36116
18.68915
20.34974
24.55787
34.30457
36.06190
36.98980
40.51395
41.62413
51.69004
54.94017
58.41492
61.41479
72.33529
78.24559
82.84821
87.24535
89.78573
1.98699
4.07809
9.97924
14.59332
19.85420
27.29185
32.84300
38.09093
38.96380
49.37198
51.95429
60.13104
64.69629
68.26748
78.40855
80.67715
83.64719
87.43878
89.70017
93.36779
101.79468
103.55405
105.97196
110.39316
1.10021
2.69766
5.51841
12.44283
17.05035
22.06942
26.27963
31.94464
32.49028
36.19208
37.02700
41.19174
46.42156
48.12811
53.62368
55.29197
61.30801
68.12267
71.34330
75.90277
76.68944
80.18160
81.91713
87.14325
3.76676
6.49710
11.37415
13.15991
17.48955
24.89435
30.91281
39.68041
42.76485
47.31683
49.44276
56.46470
59.11273
64.24496
67.84710
69.49689
70.36844
72.26120
76.16877
78.70944
86.05121
88.05137
92.51208
94.53638
1.29221
4.91329
7.15713
12.59782
15.09287
21.07751
22.77597
25.25628
31.61694
32.68673
40.64405
42.84109
47.15336
55.15944
58.08673
62.07649
63.86186
71.32141
74.97100
78.23887
81.28624
82.93866
84.86693
86.42142
1.96092
5.31094
8.98043
12.46135
17.50110
26.82159
27.98345
30.11946
33.24445
35.09220
42.03466
48.12122
49.31719
54.54638
59.62674
65.31648
67.28482
67.87760
73.52160
76.68191
81.55099
83.17734
88.58767
91.40453
4.24712
8.70950
15.57445
16.19165
19.27263
20.94056
22.46177
27.30293
30.82682
36.71688
38.78591
40.37202
41.53581
45.23643
56.44032
61.57441
66.02644
70.57737
76.34426
79.48797
83.33282
83.94640
86.35325
89.47791
4.00900
4.70440
11.64283
20.97594
27.30256
29.59556
32.77738
38.69754
41.47496
45.32538
46.43217
47.55226
48.02626
49.77476
57.06945
57.64605
63.06714
69.03927
70.97139
72.35417
79.56930
81.70254
87.55741
91.77200
2.20603
5.98117
13.03008
14.06726
19.40492
26.14749
30.16852
35.66153
38.96926
42.38403
49.17110
52.24664
60.91853
63.83559
69.17566
75.56921
79.17774
81.09633
84.34789
88.73080
93.30445
98.22705
100.22951
101.35748
6.51166
10.65876
15.03731
17.70572
21.46841
29.00272
34.93866
36.22745
40.50777
41.59558
44.06170
47.32526
57.20597
67.60911
71.83949
75.50863
80.24089
86.71115
90.24153
97.13912
100.59958
109.33611
112.51827
116.42846
5.71863
14.66636
19.10260
20.00201
21.50239
30.64454
35.94065
37.92925
40.40542
44.21013
47.73904
48.26749
58.79734
62.21571
64.34463
65.79940
66.98303
71.18396
75.90774
80.02672
87.56591
91.51385
94.79747
97.43086
2.43654
6.39479
8.64022
13.61956
17.96885
20.77953
24.77640
25.49793
29.88200
33.18716
37.34912
37.98502
41.69702
50.42759
59.84570
64.43149
68.38741
70.75405
71.77151
76.02608
78.71407
87.09995
93.20659
96.59677
6.03710
11.34425
16.17827
18.98464
21.63748
26.13811
29.18091
30.72783
36.71472
42.03767
45.06637
49.44796
54.56013
59.56883
60.57556
72.96994
74.70165
77.46121
80.40648
86.93109
90.64543
95.03186
96.90514
99.72797
1.44866
1.82133
10.15410
10.77479
23.09170
29.14938
36.81030
40.48904
43.58313
48.19280
55.67391
61.75592
69.38085
75.18514
79.62882
81.46085
86.13520
86.77591
93.37052
95.28331
96.92836
100.92986
106.80390
107.47921
6.72986
9.56346
18.76722
28.41446
31.03001
34.45630
41.50591
42.55775
42.83269
45.81823
50.66330
56.18249
60.89981
64.80856
66.16154
70.85342
73.87866
76.71129
79.87609
87.29743
90.21976
93.91005
95.64705
102.21906
3.03023
5.26485
6.57386
9.09456
14.17900
18.22262
20.66683
22.91932
26.37395
33.85086
37.85595
43.78984
46.84773
57.53705
59.90846
65.47078
69.68467
75.70537
78.43059
81.06530
87.49136
90.73168
93.02980
96.12362
9.04505
22.62341
24.84180
27.01750
32.63009
35.16460
38.47947
43.30976
47.84216
49.68079
59.73970
60.21518
69.81377
73.00483
76.16855
79.23696
81.74979
85.34164
86.72415
91.56270
95.06823
99.40911
103.62251
107.98576
4.08821
6.03669
8.22040
12.30854
13.21542
20.92677
30.05576
30.07859
36.29841
42.25370
46.31927
56.90187
57.69428
61.32605
65.02305
66.23620
71.05309
78.80917
82.28099
86.03855
89.01976
96.11066
100.84597
105.51273
10.41722
18.50524
23.61955
25.78733
27.93741
30.96803
35.46842
40.04497
45.49700
47.38451
50.49402
55.95673
59.26584
71.33546
74.46182
82.10731
84.87761
85.72364
88.21307
90.48907
93.95073
94.12642
99.19234
102.95493
4.47702
10.57737
15.76676
19.84357
21.30785
31.30773
34.12704
42.15142
46.38303
53.57734
57.46883
59.81269
61.86830
62.49430
66.03093
71.43707
77.30213
82.67662
86.26192
91.25321
93.17485
94.89491
103.77111
107.72717
2.64710
8.19709
15.95851
18.53659
23.27248
27.60230
30.66898
34.36735
36.64331
40.55288
41.28932
43.92747
50.23551
51.20581
53.79598
56.02967
59.98652
63.06023
71.52780
75.07895
84.33247
88.77241
91.96155
94.24778
4.56326
5.25014
8.98423
13.27989
16.02122
20.75154
26.30093
31.17281
34.58110
40.03574
44.76811
50.29108
59.25234
63.39256
68.24923
73.19161
79.65793
82.57782
89.67253
91.70461
96.01972
99.29489
100.58152
104.48511
5.05018
9.07608
12.93675
17.46882
20.15094
26.18667
32.07118
35.62003
37.91720
39.77124
45.40690
50.83785
53.57634
57.07618
63.58455
68.29796
73.99233
78.92748
89.66372
96.36898
98.38836
103.73256
109.84899
113.18345
1.96291
6.82910
9.22906
12.79534
15.59514
19.45757
26.78817
34.02681
39.49663
43.30389
54.96009
63.26285
64.51782
70.05702
74.59551
76.17672
78.04323
84.10437
91.28100
94.07207
95.66925
96.92353
98.41964
100.11087
5.50348
8.15838
11.64462
18.17405
21.13902
23.49278
26.15139
27.67824
31.24663
34.98019
38.27057
41.79257
43.85201
46.18648
49.19878
59.31012
64.62098
68.56730
77.55149
79.65074
83.71195
88.20629
91.05194
96.90540
0.23904
2.39791
7.69018
8.75343
17.43583
26.79338
34.82888
38.36710
41.45167
49.55503
50.30533
54.77854
59.87031
65.57531
68.41813
74.88263
77.54466
81.32871
84.39513
91.66728
96.51401
100.73638
105.44422
107.64771
7.23003
17.89281
19.88361
23.09407
33.96096
40.82997
46.45480
47.96549
51.23867
53.11427
55.47424
62.63683
66.78157
76.97770
80.39399
82.97477
84.50744
91.37006
95.12366
97.99002
105.50772
116.06921
121.10868
123.88013
2.57908
4.65957
9.51659
14.66529
16.58041
20.04188
23.08621
30.89260
36.95701
40.86154
44.18812
48.90697
51.57450
55.37528
62.97716
66.72300
70.28970
71.94636
74.72400
80.82985
86.08192
91.66589
94.48181
95.69741
2.20857
10.05870
14.16974
14.96382
18.16096
20.37210
25.04727
30.12203
31.29616
36.63379
41.64039
46.86991
54.06885
61.10124
70.98218
75.47679
78.47589
80.03113
82.28671
84.26732
84.80687
90.05032
92.66668
97.87239
9.39416
14.52094
22.50575
30.91512
32.60113
34.37370
42.00570
42.48914
45.25746
50.09461
54.45964
57.59358
63.02904
68.08209
72.18103
75.38802
79.70630
86.11847
92.15879
96.58840
101.28671
109.31916
112.75050
114.13972
6.67166
9.42928
10.98250
17.23096
26.23112
31.03753
35.28544
40.54322
50.36902
53.81198
57.91237
59.99911
61.72898
66.67994
68.38886
69.40797
72.79340
78.31044
82.80272
83.73047
85.77052
87.41127
91.89274
99.14923
11.00769
16.48868
23.76763
32.66728
37.51211
38.25867
44.35358
45.79252
46.40260
48.22218
55.28684
59.13565
68.36879
70.62294
76.79101
77.51548
79.41895
83.30343
86.41839
88.53215
93.32781
94.18411
96.43640
102.83545
4.80592
10.38455
15.67274
18.32359
21.98035
26.96397
29.67059
34.66104
43.01132
48.07982
56.10238
60.59369
63.14656
65.90170
70.30439
72.06317
76.79417
79.85010
81.14791
83.90144
85.30307
87.55335
88.89006
90.61328
13.33669
25.02398
26.74322
31.69589
35.76705
37.73598
42.32015
47.90318
51.65325
66.85405
69.61621
74.70583
75.59925
82.99784
83.14689
89.99327
97.36632
103.28285
106.59223
110.38618
114.33598
115.82795
123.97463
126.98249
7.57208
10.88444
15.83662
20.15375
22.73535
25.06766
30.23224
39.60800
48.70836
49.71853
53.41909
56.66721
62.79929
73.49703
76.06369
78.80668
82.14100
82.95692
88.36088
99.32768
104.36974
108.36475
111.29491
113.01099
