2.32114
3.14929
6.72516
7.07789
9.32165
9.56875
10.35501
12.55354
12.70972
15.89628
0.71058
2.48065
3.38120
3.78771
4.59564
6.19554
8.93632
8.96092
9.01858
11.83998
2.55877
4.37238
5.92595
6.50750
7.56537
10.73717
12.59524
12.65744
13.41170
14.11221
2.65984
3.38758
3.38795
6.76414
7.80916
9.85964
10.05045
10.05064
10.48794
12.76266
0.65576
1.05444
1.14815
5.19359
5.35980
6.77311
6.96173
7.98811
9.43616
11.38784
0.02406
0.58487
4.24204
6.43253
7.29795
9.74359
10.60865
13.19469
13.98864
18.58524
0.80962
1.10488
1.24965
2.46837
3.22987
3.52929
3.85338
4.26118
6.13388
7.56550
0.68409
0.68423
0.70150
1.64674
4.14284
4.59537
6.40084
7.02080
8.78297
8.82926
2.49990
6.32365
8.78134
9.92316
10.51774
11.20501
13.03451
13.75384
14.98220
16.10505
0.10958
4.35823
4.53106
6.49512
7.51332
8.58758
12.32805
15.56644
16.57336
18.32674
1.10902
2.07591
3.67428
4.10549
5.93280
7.41391
8.05936
8.83681
9.00531
10.25428
0.95318
1.41442
2.30912
3.50309
6.99940
7.77209
10.16467
11.43592
13.10398
13.32315
1.06943
2.76057
2.82897
7.27548
7.66510
7.82888
9.50493
9.73930
10.36635
10.90059
0.85733
1.03203
3.11423
3.86152
4.91836
6.19549
6.76666
7.21700
8.65697
9.21400
1.15455
1.29229
3.97750
10.15955
13.72360
17.03203
17.04929
17.89775
17.90211
19.61001
0.23075
1.72521
1.84859
2.47994
2.60381
3.03730
5.50371
6.18432
8.35464
8.79272
0.36824
1.00336
1.84557
3.42682
3.52669
3.61643
6.97995
10.53021
17.55668
19.50832
1.39156
5.00960
5.40251
5.45578
7.68775
8.91221
10.41148
11.79876
11.90266
12.14777
0.33867
1.58953
1.88074
3.35614
4.39728
4.54946
5.48505
5.98644
6.79537
7.59685
1.28557
2.62873
3.38521
5.87153
7.83477
8.44225
11.02595
11.65215
11.66096
12.05224
1.07465
1.78738
3.35458
4.21353
6.10526
6.84747
-1.00000
-1.00000
-1.00000
-1.00000
0.61059
1.37795
5.30327
5.37663
5.63272
6.54083
7.34591
7.45271
8.51849
9.58868
0.74660
2.89366
3.53017
4.69291
4.80651
6.15925
8.84308
9.63090
10.79916
13.21831
1.90899
3.07210
3.82403
4.60725
6.16286
7.75469
9.59101
9.69091
13.50232
15.26561
0.91019
1.06653
1.78261
1.99526
2.90388
3.82780
4.68375
7.03683
10.21084
10.36499
1.97936
2.32798
4.33934
6.67490
7.22413
7.75863
11.24724
12.31054
13.95576
14.83119
0.09442
0.89402
1.92320
3.13188
3.76891
5.70664
10.36717
10.94998
11.94149
14.90791
2.17137
5.13877
5.71111
6.16826
6.42838
6.73668
9.59562
10.05999
11.56281
13.25488
1.84364
2.23667
2.60126
6.92149
7.49806
8.78972
11.63013
11.90793
12.44449
14.03166
6.43912
6.46622
6.90795
14.15899
14.29071
15.78000
16.67781
17.99793
19.69298
20.64364
4.50005
4.50411
6.57890
7.33697
7.76818
9.77513
11.30531
12.33121
12.89302
13.58018
2.25919
3.33395
5.27705
5.60697
7.19520
10.29439
11.18789
11.65914
12.84966
13.66270
2.29944
2.66123
3.78179
4.01948
5.46144
6.23689
7.36897
8.61804
8.71980
14.42374
0.84326
2.57231
2.64127
3.77227
4.09135
6.11058
6.42255
7.00947
7.08672
7.45796
0.03893
1.57077
2.49557
3.48225
3.72354
6.54137
7.71666
9.89328
10.06981
10.38900
2.92769
5.06219
7.32682
8.21055
10.65686
11.39067
11.58337
12.41555
13.70983
14.52073
0.72724
2.23756
3.78116
4.19191
4.62782
5.39803
6.97656
8.45582
8.74246
10.82960
0.10464
1.45373
4.55152
4.56285
5.89971
8.13600
8.83387
11.71108
13.81242
13.85300
5.79121
6.13825
7.77463
7.99685
9.70850
13.78733
17.35899
22.14520
22.92457
23.26711
0.87839
1.40781
3.37921
3.99696
4.53312
4.80023
5.91697
6.73806
7.67382
8.18268
0.56696
1.43383
1.58159
2.62294
5.24071
5.27059
6.80029
8.04918
9.75321
11.26715
1.05855
4.13777
6.11918
6.40329
7.21049
12.08383
12.59237
13.18497
13.97335
15.32893
1.03693
1.54713
2.44625
4.00185
5.23285
6.32060
8.17001
10.21003
12.63447
12.79804
2.99839
6.57338
6.97457
8.02840
9.55133
10.76060
12.68132
16.25786
16.44619
17.35748
0.95698
1.05038
1.28799
2.75199
3.35665
5.87786
7.18049
10.04047
11.18594
11.21704
2.73477
3.69955
4.96540
5.36356
5.96163
6.74668
7.30877
7.72281
9.77505
9.97949
2.64369
3.17532
3.17532
4.30193
5.22236
5.67744
7.28523
7.59940
-1.00000
-1.00000
2.40471
2.47671
3.17478
5.03416
5.30407
8.22642
9.07183
9.07266
9.89637
10.30504
0.96799
5.11071
5.74901
7.59585
9.08058
9.09250
11.39984
13.29350
14.78671
15.58276
1.95007
1.98875
2.60258
2.73993
4.03604
5.31633
5.84006
5.87491
5.95448
8.24573
0.36510
0.99769
1.34346
1.43132
4.14189
6.28496
7.67867
8.02005
8.53138
9.44277
0.83923
2.63016
2.98056
4.34211
4.80070
5.23160
6.59511
8.63924
9.20853
9.23729
4.64769
5.82496
6.09615
7.43259
8.47574
10.10193
11.75284
16.62984
16.78231
17.74959
3.00752
6.57590
7.60220
10.56021
11.82353
13.67840
14.25415
-1.00000
-1.00000
-1.00000
0.28246
1.24513
1.64014
2.47613
3.94975
5.18378
7.51711
7.88430
7.90860
11.88409
1.34102
1.95015
2.82569
5.73055
6.92249
7.21120
8.72871
10.40793
11.93089
11.99486
2.22861
3.62283
3.87373
4.16831
5.37698
8.32571
8.56230
14.46394
14.77045
17.20849
1.02095
4.68171
4.68545
6.88778
8.31566
9.78905
10.70339
10.70466
12.70202
12.73742
0.93481
0.95531
1.58079
3.24046
3.97592
3.98133
5.30736
5.55164
6.79617
7.05092
3.22333
4.40899
4.67487
5.03349
5.45483
6.29311
6.74485
7.81982
12.26050
12.29487
0.16825
2.42160
3.46589
7.10707
10.86585
12.58598
13.86400
15.80306
18.78089
19.27175
1.26942
2.94158
3.69172
3.70419
7.54255
7.70478
10.87138
11.72535
11.75781
14.65825
0.79108
6.09000
6.88908
7.18677
8.40701
8.75448
9.10902
9.37918
10.63262
10.71512
0.76325
1.98312
2.56593
4.27565
5.20970
5.41352
5.83658
8.04998
8.23032
11.64184
0.90085
0.91379
0.91424
3.69446
3.71286
4.61752
7.20168
8.70171
8.79905
9.51245
1.91627
2.38649
2.50905
4.37157
5.93956
6.98415
7.68847
8.44025
9.71944
12.90005
0.13767
1.02423
1.61219
5.97879
6.41257
7.75453
8.55292
8.61492
10.63852
10.75327
1.99479
3.11807
6.45154
6.46508
6.75693
6.80993
7.67867
8.68640
9.94586
10.13120
1.89705
3.23872
5.44078
7.13572
7.32497
7.78647
8.96024
10.64978
10.82019
12.07478
0.04959
0.27527
1.83558
1.87184
2.24763
4.67168
5.00401
8.17402
10.11149
10.41176
0.33298
1.53743
2.24423
3.59551
3.74736
-1.00000
-1.00000
-1.00000
-1.00000
-1.00000
3.06470
6.34769
6.50068
8.43757
9.84957
12.13478
13.25377
14.16973
14.46439
18.34566
1.35119
6.39938
6.50094
7.01621
10.13693
10.13738
10.18596
10.98846
13.85445
16.06878
1.41665
3.19058
5.85557
6.41296
9.43632
9.63331
10.81358
13.91865
15.58776
17.60331
1.14467
1.54709
1.54883
2.91841
3.45725
6.42813
6.54147
8.17194
9.06615
9.63922
4.98639
5.26257
5.58419
5.79405
8.60136
9.55905
10.48218
13.95282
14.36723
16.72921
0.58616
0.73369
1.81380
3.26673
5.15820
-1.00000
-1.00000
-1.00000
-1.00000
-1.00000
0.18963
1.51060
1.59311
4.77650
5.89305
8.56540
9.72088
9.88999
10.81174
13.13366
0.48061
0.48716
2.63331
2.65690
5.63681
6.50040
7.58547
8.54172
8.68813
8.72842
2.24434
5.55457
9.47343
12.25823
14.43827
15.73775
15.88248
16.90929
17.46249
17.61783
0.00069
1.37265
1.38671
2.03375
2.14608
2.76117
4.49630
8.09348
9.26314
10.82280
0.49148
3.11739
3.92240
4.53326
5.79814
8.12518
8.47239
9.69874
10.93429
11.04542
1.76236
1.79999
3.95050
4.67245
6.09761
7.51085
10.29164
10.63289
11.27408
13.04831
1.34291
2.05734
3.23215
3.97905
7.12056
7.48442
7.50818
8.46907
10.11195
11.18864
5.88298
6.75756
7.94758
9.02260
10.55545
12.66098
13.00642
14.75028
15.78428
15.90596
0.54777
1.72756
2.87295
3.70005
5.44419
7.60817
8.61996
9.19159
9.20641
10.16370
0.45740
0.55043
3.18889
4.59176
5.51031
6.12009
6.97687
7.55722
7.83002
11.81205
1.35876
3.22714
3.49059
5.43440
7.39127
8.42685
8.94687
10.22333
11.85990
12.50021
0.58920
0.93111
5.41586
9.70091
10.66691
12.33510
13.54346
16.83144
16.83926
17.99810
0.26421
0.40965
1.18476
1.22571
1.66475
-1.00000
-1.00000
-1.00000
-1.00000
-1.00000
1.64129
6.60283
7.85038
8.22646
8.49673
9.05265
10.79602
11.13296
11.17418
13.01612
0.57669
1.41137
3.22301
3.84260
5.02262
5.30785
10.21344
11.73935
13.21092
15.46795
0.74173
1.59126
3.38484
4.82857
7.28358
7.67143
9.01239
12.36960
14.45957
15.27602
0.01807
0.86230
2.41645
5.00288
5.65409
7.83125
9.28119
10.09870
10.72416
12.98854
1.02731
5.28636
5.28636
7.65110
8.44979
11.27954
11.32685
13.90248
16.52458
18.82610
0.65488
1.57049
3.37931
3.89627
4.51060
4.58119
7.38268
7.78299
7.82255
7.82791
0.65750
2.36230
4.72296
7.08693
7.41952
8.27721
10.54915
12.70879
13.52193
14.97818
2.98112
3.68297
5.94817
6.89729
7.40502
8.89903
10.62442
13.44632
14.05657
14.94043
1.31016
6.88925
8.39401
9.89460
12.16376
12.43392
12.77324
12.96283
14.42068
15.02276
0.18856
1.79172
1.83631
3.65024
3.93892
5.08637
5.98546
9.85337
-1.00000
-1.00000
