11.66562
19.60920
36.32686
44.86136
44.98639
45.11454
45.34726
45.74591
46.02162
46.58190
46.86871
19.10245
26.48066
50.30841
67.08646
65.77433
64.55104
64.80844
65.02437
65.21982
65.61628
65.79613
25.03823
44.28079
52.70549
55.27013
55.81637
56.01376
56.30930
56.61354
57.02222
57.08982
57.67152
9.04862
25.47754
37.44302
45.75106
46.05472
46.39336
46.74499
47.06043
47.11364
47.80628
47.83416
9.48767
29.79274
38.22763
41.40213
42.09005
42.39932
42.57149
42.76626
42.97825
43.31691
43.94791
7.86870
22.62088
25.39170
31.06183
31.38305
31.77850
32.14931
32.81386
33.00632
33.29836
33.53061
6.61869
20.54912
23.89145
27.17758
24.79472
25.09523
25.54455
26.00430
26.29695
26.40822
27.00469
7.34910
12.57879
25.41932
29.71206
30.08178
27.80139
28.09535
28.24407
28.28464
28.83441
28.90380
8.05052
14.87556
32.95093
35.17250
35.37293
35.97048
34.59476
34.80287
35.41712
35.92728
36.16621
16.58822
22.40559
27.61303
38.51539
38.69809
39.47766
39.62694
40.12616
40.27189
37.06135
34.44743
16.54581
24.28158
28.69239
32.90017
33.29695
33.60461
33.98907
34.41118
35.12244
35.51291
36.00057
10.73005
22.58973
30.94547
39.23099
39.69319
35.74854
36.30359
36.44625
36.78357
36.90131
37.00522
10.02253
29.05032
37.31773
36.38287
36.91701
35.53381
35.82419
36.44698
36.85560
37.23499
37.56504
7.02391
10.84842
19.00355
37.81054
38.00993
38.58615
38.75129
39.09933
39.14104
39.48947
39.49454
4.88274
12.77313
21.09272
29.16592
29.34516
29.66148
29.95616
30.22030
30.35309
30.54780
30.75147
11.31461
21.54193
25.26146
34.11218
34.34979
34.62103
32.77699
33.01022
33.44322
34.15427
34.44994
1.60398
10.48210
15.79243
35.41145
35.63782
35.96212
36.15230
36.55248
36.94891
37.33242
37.70597
4.92157
28.83321
42.47920
55.07542
55.57593
55.93063
55.98527
56.26111
56.32658
56.59022
56.63029
4.06673
8.16261
16.52135
25.62197
25.89135
26.09407
26.32263
26.58193
27.01392
-1.00000
-1.00000
5.59921
19.96675
21.16653
35.25300
35.68324
35.77822
35.82949
35.96537
36.29493
36.42472
36.65084
16.02655
23.83636
35.38609
49.85530
49.99991
50.07180
50.39279
50.56209
50.90143
51.04755
51.22217
12.31281
20.01100
21.67179
52.50533
52.74236
53.17665
53.59403
53.65497
54.01659
54.26503
54.56376
14.57355
23.47956
38.36536
57.42682
57.57772
57.77056
57.83312
58.39094
58.76222
59.11333
59.50416
17.90367
28.39976
42.51568
78.79248
79.20166
79.46938
79.47980
79.80896
80.05896
80.13154
80.33914
6.30270
10.89834
24.31681
30.34532
30.63133
31.05601
31.39741
31.77956
32.12819
32.29842
32.56624
11.05595
19.44505
37.75447
40.62615
40.81145
37.50741
37.70075
38.29841
38.47358
38.68591
35.93965
12.66625
26.05582
46.53786
50.54414
50.81553
51.09538
51.21252
51.43708
51.54462
51.82668
52.11415
14.77924
31.49308
37.75351
44.08412
44.31378
44.42342
44.73003
45.00779
42.29135
42.59664
43.03104
9.47618
12.52878
25.88778
36.01578
36.53812
36.75585
37.33180
37.68029
37.84968
38.03216
38.05117
20.03790
30.00624
43.29715
45.93097
46.27108
46.32107
46.49050
46.59385
46.83653
47.08588
46.02491
12.92525
21.06401
31.99001
36.50017
36.82554
36.96345
37.13258
37.31683
37.79726
38.30784
36.06498
7.16255
15.94762
23.02357
26.86190
27.27484
27.66336
23.64179
23.99467
24.36276
24.63767
25.15109
10.99633
15.58294
27.22559
34.14797
34.65266
34.96864
35.39112
35.57282
32.91629
33.02916
33.37821
12.87482
41.06137
62.48069
75.02379
75.72287
75.94213
76.55378
76.94455
77.16708
77.43096
77.92581
6.40675
11.64368
14.03311
22.74144
23.00425
23.39083
23.95864
24.11920
24.39241
24.49658
24.71221
3.85093
20.81665
31.98843
41.63421
42.07683
42.31725
42.58076
43.10887
43.29823
43.43391
43.82911
6.63341
22.95120
33.82142
41.02126
41.21737
41.32843
41.81591
38.99157
39.11951
39.33167
39.48025
17.24239
45.22869
49.99621
51.80348
52.25076
52.26397
52.93413
53.03858
53.58269
51.17407
51.45956
14.27082
16.57411
31.10084
37.39640
37.41595
35.89567
35.77173
36.02659
36.08338
34.65542
34.87615
18.20855
25.38192
31.71985
37.64149
38.23234
39.02893
39.24265
39.64178
40.01322
40.25765
40.67284
14.63173
32.08712
41.54709
45.74259
45.95779
46.54144
46.64144
46.69578
47.06212
47.10624
47.14581
7.94632
10.13989
13.08988
17.70262
17.94370
18.28644
18.93382
19.19124
19.48344
20.12684
20.71915
3.37348
21.35337
41.11890
53.01057
53.50992
54.31515
54.90264
51.49824
50.77714
51.04529
51.44159
11.23931
23.23546
36.55603
41.82847
42.16014
42.41524
43.12000
43.45956
43.93540
44.05530
44.57311
14.14274
18.15407
23.57716
32.18180
32.44043
32.69676
32.76187
33.03649
-1.00000
-1.00000
-1.00000
8.39543
25.33364
29.23669
35.33121
35.54980
35.84325
35.99542
36.18799
36.21747
36.39021
36.49440
6.81477
22.07294
26.78991
30.49066
30.62447
31.45013
31.47122
31.80125
32.22120
32.55944
33.01055
8.83905
19.33592
21.90818
28.39001
28.86464
29.25358
29.38268
29.59925
29.76699
30.08864
30.36580
17.65194
20.48278
29.17816
40.89703
41.30636
41.61397
42.16469
42.34332
43.03332
43.27588
40.69348
5.61539
12.93084
19.98484
25.83704
24.39714
24.65756
21.98238
22.24674
22.43353
22.61290
23.16384
22.56133
27.46920
35.00137
43.80234
44.07124
44.98609
45.34662
45.79034
46.20463
46.32291
46.62609
4.07359
7.92043
20.47068
28.47407
29.84739
29.99783
27.51224
28.02180
28.25976
28.35274
28.50571
5.96815
26.32661
31.44297
41.42187
41.57313
41.80213
42.14436
42.35737
42.63447
42.71053
42.83234
1.91680
10.43046
20.49405
70.65866
70.82397
68.68183
69.14625
69.15698
69.51808
69.71219
70.07964
1.69402
8.80074
16.82430
29.21160
29.73045
30.14681
30.53670
31.10842
31.49636
31.70326
32.10617
4.77810
10.38476
14.32208
19.00468
16.10455
16.46138
16.78626
17.19693
17.41230
17.86926
17.96351
13.10639
31.83929
37.80032
44.84331
44.88963
45.26545
45.61535
46.08278
46.52269
46.64660
46.82304
3.43129
18.58268
24.97699
27.67884
28.08145
26.65638
26.80599
27.25438
27.40224
27.52745
27.91520
10.25476
23.85596
52.59544
63.75047
63.96476
64.61501
61.52686
62.06051
62.17447
62.59601
62.88735
3.99985
26.18083
31.15724
56.16918
56.36813
56.43011
56.76350
57.04490
57.37803
57.51621
57.89297
17.39357
20.69717
30.92425
44.44865
44.81923
45.04652
45.37198
45.53800
45.95898
46.23142
43.98930
11.57906
19.25590
30.12623
37.26356
37.31357
37.67272
37.76356
37.94861
38.55877
38.87972
39.23933
15.31786
20.62423
24.96733
29.48742
29.98549
30.39116
30.80688
31.48090
31.58271
32.04892
-1.00000
14.62624
13.76005
29.21295
44.54018
44.89580
45.26282
45.65007
46.08490
46.27553
46.74040
47.16833
18.56202
26.40214
33.79311
41.40502
41.92867
42.66541
40.66913
41.46315
41.87727
41.98489
42.14360
6.38205
12.64758
21.44679
22.86445
23.06783
20.06742
20.11765
21.06021
21.12889
18.26165
-1.00000
9.81652
18.96011
29.96577
48.69067
49.24045
49.63397
49.98822
47.93801
48.54319
49.03661
49.22997
27.84636
40.54379
53.69795
67.23178
67.87861
-1.00000
-1.00000
-1.00000
-1.00000
-1.00000
-1.00000
19.39122
31.89692
46.21394
50.92949
51.03592
51.30903
51.64170
50.97233
51.05611
51.26058
51.89644
16.73936
27.01423
43.82020
46.11110
46.42011
46.68580
47.34107
47.47689
47.72860
48.12519
48.41347
11.96985
17.08669
35.00809
49.86427
50.44031
50.87718
51.31757
51.65901
52.31083
51.56232
51.66287
22.97647
32.55557
44.44467
48.70025
49.00801
49.81444
49.96641
50.22696
50.29681
50.36382
51.17477
6.47772
15.88810
22.74687
29.70287
30.09089
30.23877
30.47443
30.87253
31.22764
31.51218
29.82183
6.47602
20.18140
22.26336
44.45589
44.66208
44.83821
45.37774
41.53066
41.74138
41.88956
42.37683
8.54300
19.45376
23.63427
26.08475
26.68297
27.02342
27.32091
25.46489
25.63775
25.73285
25.98882
7.82333
17.90556
21.32275
26.45634
26.50085
26.93974
27.04549
27.61549
27.66074
27.91694
28.25096
9.86943
14.06234
23.03259
40.55661
41.22369
37.88925
38.18257
38.39534
38.89585
39.35347
40.03301
3.47142
27.62148
36.15640
41.08975
41.43499
41.53867
42.00452
42.35345
42.55229
42.63799
42.83409
2.63106
19.30447
22.87078
21.34592
19.66227
20.23746
20.79793
21.48589
21.84151
22.31111
22.67754
10.63337
13.71669
35.55431
50.83201
51.33208
51.61927
51.97230
52.15920
52.18882
52.62824
53.25650
27.82153
38.62690
41.04119
67.27333
67.38327
67.84418
67.99631
68.57934
68.86025
69.34492
69.50556
8.74956
20.31282
23.78031
36.45196
37.05006
37.32070
37.60051
37.82957
37.89474
38.26403
38.64743
9.89810
19.89719
28.82850
39.40814
39.70313
39.98306
39.63277
40.03281
40.35150
40.63139
41.04873
4.07872
26.66213
37.93969
40.13326
40.32968
40.77862
40.86992
41.22291
41.57234
42.12809
42.38890
5.07379
13.66183
17.09476
35.86136
36.29943
36.59786
36.82453
37.16603
35.10271
35.47113
35.73560
5.01447
12.04064
20.58971
39.70744
40.03603
40.46189
40.75821
40.92361
41.25814
41.61266
42.14482
13.78730
19.02697
33.83057
38.88975
36.12834
36.57076
36.78680
36.93290
37.38141
38.07167
38.53504
3.82973
5.57188
11.55552
37.70052
37.96629
38.62096
38.67036
38.81858
39.15008
39.43931
39.54504
17.97021
29.06248
49.25480
61.91893
62.01392
62.51275
62.85813
63.42609
63.53061
63.89950
64.02851
7.97658
10.17112
19.34612
36.30872
36.71645
36.98724
37.15589
37.27958
37.73053
38.69335
38.99674
33.68005
52.75873
68.64299
73.61611
73.82005
73.85801
73.89205
74.27727
74.53498
-1.00000
-1.00000
8.19919
14.05987
31.60097
50.79463
51.18112
51.76177
52.08335
52.23971
52.79318
53.03683
53.37590
2.61630
8.63262
14.77499
26.54088
26.98125
27.14938
27.56447
28.02246
28.83649
29.28867
29.80380
21.48905
36.02676
48.47185
55.37086
55.71119
55.92457
54.47319
54.53906
54.57644
54.62030
54.81108
2.01962
3.12875
8.38935
26.53528
26.54804
26.77058
26.82919
26.95616
27.50066
27.59557
27.82133
2.95678
14.30023
28.04423
33.01821
33.41532
33.92947
34.02417
34.24955
34.79104
35.30178
35.63777
18.16908
22.95014
26.80637
39.10440
39.33652
39.50370
39.62370
39.83337
40.25339
40.35622
40.48028
12.52800
21.30123
24.42923
42.20583
42.50805
40.33937
40.58550
40.70378
41.52774
39.31101
39.46309
3.94075
16.23308
29.57501
38.75580
39.40323
39.54100
39.99511
38.29646
38.57424
38.82349
39.48405
5.34296
9.54916
26.51014
35.23871
35.63701
35.96943
36.00534
36.15794
36.23236
36.66444
36.77643
