2.82573
8.16294
16.47770
22.94087
27.87514
35.21677
41.83167
48.06007
56.45734
62.42481
68.33705
11.88576
22.16123
30.21666
36.88157
39.62900
47.67825
55.98631
61.44413
67.13261
71.44226
76.11009
7.61468
11.64736
15.43591
25.28015
34.42605
40.76524
46.83383
52.61646
58.32935
66.41826
69.04770
5.92763
14.13715
19.07806
25.88080
29.85027
36.04910
41.30276
48.84540
61.59979
66.87973
78.76444
8.30375
13.07025
23.06171
28.22398
36.92027
41.43958
46.45848
50.51267
57.42562
65.08570
73.05836
4.65199
9.73373
13.81929
17.67585
24.18948
31.75428
40.42567
43.48767
47.31689
50.88168
53.63333
10.06154
16.58778
23.18961
27.16045
31.66640
38.69174
44.71364
49.88008
56.33476
64.00437
68.71973
6.59159
10.64342
18.60934
24.42561
33.46133
40.18821
45.89382
51.37748
64.88597
71.53464
78.54939
7.31278
12.96512
17.91543
23.84358
27.47879
34.02703
45.79738
50.67975
56.20578
65.07373
69.37082
3.10813
10.30521
16.21091
19.69244
24.39835
27.73280
32.19783
41.35477
47.04372
56.00951
62.51723
5.36691
12.00154
16.42109
20.71042
27.46942
33.45462
37.29795
41.48728
51.28542
58.33762
65.72281
4.52910
13.23647
23.78003
27.23806
36.60095
44.23215
48.85187
50.50650
59.58338
67.32350
78.00837
3.84602
9.70439
16.52068
27.43934
30.19423
36.86036
43.23809
51.82526
56.99652
59.15283
65.71410
6.10330
10.09783
14.55190
16.11647
21.40907
27.55183
31.61042
38.59332
42.94469
49.87317
55.16728
2.83235
5.65871
16.02328
21.83839
28.88062
32.59450
37.91488
48.88790
55.64720
64.61647
68.98948
8.32911
15.67619
19.39329
25.79408
31.08838
37.12788
42.43748
49.20334
55.42771
60.16764
70.23984
3.09328
10.47686
18.17959
22.45393
27.83897
35.31145
41.63703
50.91140
57.59202
59.48327
64.48667
8.32343
14.46508
22.00392
27.27232
31.37217
42.58269
46.72534
51.05592
58.56181
64.90871
72.54745
12.26440
14.34619
21.23608
27.60215
43.20225
50.27933
52.65704
60.54752
66.69073
70.06475
74.91750
4.45554
8.94521
13.11672
18.94411
25.95454
29.80653
34.47407
41.56026
51.36614
56.24998
61.30524
8.39052
13.47479
22.15162
31.01821
39.43471
48.99452
52.11590
57.40170
62.59059
68.17180
74.25396
4.29070
8.76777
16.47355
21.11665
25.63681
32.84093
39.44989
45.71389
50.68132
55.90322
62.55718
7.78787
10.73309
19.10894
27.26971
34.61574
41.25261
45.47011
53.56302
61.25860
67.51147
72.52439
3.63065
11.49609
15.67323
22.28923
31.44728
37.46609
46.09128
55.85648
60.46646
70.09996
74.90025
5.49348
11.06432
13.26321
22.36551
28.82966
32.73102
40.92767
50.82337
55.35941
64.37629
70.41173
5.65924
10.73097
16.64561
21.27191
29.70622
39.49222
44.73413
55.18419
61.67196
70.99851
75.91284
7.96246
12.60194
14.54257
21.65509
29.73203
40.29512
44.31562
49.72524
58.77654
64.46298
69.10516
3.88587
8.90943
17.69729
24.72893
30.83892
39.69205
43.96657
50.70622
57.10602
65.35875
69.94909
2.25723
5.02242
11.14028
18.13921
26.17346
37.08907
40.80030
44.24754
54.92284
61.54722
68.33011
6.32699
9.19846
11.99137
15.98113
20.02036
30.26722
39.02364
42.61593
45.91362
54.29996
60.32105
5.00761
10.07378
17.22786
26.51946
33.32893
39.78554
43.17374
49.93849
54.92028
61.26209
66.22306
5.44700
8.48952
15.54587
19.68146
24.26393
28.41665
36.61016
42.27801
46.74178
58.64386
65.23416
9.75388
13.13191
16.63993
23.17570
29.95484
34.42050
43.06240
46.44488
53.73839
61.27535
64.63446
9.76771
18.49480
23.07962
35.90218
41.74008
45.79797
47.48941
55.23247
61.00105
64.95077
71.00585
9.97663
16.79457
22.95104
29.43138
37.84785
41.03139
45.19554
52.08869
58.46050
64.87835
72.10199
4.58118
9.49156
18.75794
22.62668
26.65787
33.05092
40.11480
51.17841
54.35264
58.56156
63.55818
6.14148
11.34956
19.84265
26.09629
33.35430
37.40461
40.44449
46.18594
53.14936
68.04385
74.68272
4.56370
8.72679
14.54800
18.39548
23.57283
36.16390
41.51018
51.11492
60.74259
65.88931
69.39700
6.67832
10.27739
15.11867
19.25623
25.77642
30.16487
40.84075
49.02030
57.60486
64.13257
70.56142
5.67822
11.91317
21.17567
28.36636
33.67902
45.78888
50.56799
55.63656
60.39500
64.21866
71.17786
7.48536
11.97247
20.07216
29.82004
37.22103
44.46021
51.75213
56.84559
63.61083
69.98234
80.88223
4.01655
12.27145
17.83728
26.28860
27.72785
32.50253
39.75093
45.22026
50.34237
52.89612
61.15373
4.84098
8.60185
14.31971
20.83240
25.02298
29.62681
36.82665
42.86051
54.11204
58.03802
63.72815
5.40385
11.60342
16.77529
22.92225
29.96794
39.97826
45.88987
51.34169
62.75207
67.14021
71.35282
7.48889
11.02098
15.66570
27.13735
33.10953
43.32561
47.09784
50.46185
56.20862
60.29096
67.07348
6.52711
15.36916
19.81751
24.01316
28.55935
35.69368
37.75179
44.14267
52.01197
61.78738
65.81120
2.89614
11.46766
18.88126
26.76289
31.62571
36.48218
41.48571
44.33670
48.61718
54.20839
61.70437
4.81876
14.21557
21.89968
29.40063
37.46988
43.59477
51.86913
62.05209
65.86821
70.35703
82.64423
5.41950
12.07894
16.98141
26.31346
31.11532
35.06354
41.45640
46.23399
52.27386
59.18374
70.42730
7.47818
13.55379
20.37627
24.65518
29.18224
38.33225
42.38476
46.91307
53.76374
59.57446
70.35458
7.81515
13.67399
18.72563
22.13211
28.43841
31.48941
36.62341
41.65420
51.96206
57.08005
60.70391
6.33475
13.27404
21.01579
25.29223
29.93063
37.52709
41.30585
47.86671
55.33005
61.40137
65.25133
6.52882
11.96975
17.41312
23.30248
27.24648
35.93499
38.79514
43.72265
48.13086
55.35234
60.36424
9.88265
15.32366
20.39995
24.26121
28.17205
34.55452
40.70291
50.58221
57.67712
64.12948
69.22723
9.54874
19.46178
24.88860
30.11741
37.73264
42.58017
46.91416
49.77224
59.81036
62.64520
65.40217
7.02974
13.78640
24.56513
35.89423
44.27541
53.19343
60.97776
69.31370
74.41674
81.21143
88.32288
6.70879
11.33555
17.19550
22.36877
26.92163
38.14339
48.79523
56.96879
61.48511
65.22461
69.59110
8.91459
14.60835
22.81482
28.60985
34.26083
42.86538
53.88093
59.25057
67.41846
71.25221
81.93040
5.54454
8.44111
15.44524
25.25112
30.75966
40.17691
47.64537
51.77047
57.74063
60.81000
65.34708
4.95696
10.96015
17.12493
22.65363
31.16511
38.30828
44.42157
49.02082
55.85200
57.66221
63.98812
5.68235
15.35656
21.06959
23.92390
30.22150
34.53618
41.59290
47.07504
54.19651
61.07441
66.27964
3.32625
8.59105
16.39757
23.59269
30.36958
33.20087
41.00450
46.49452
49.18111
54.55562
59.95620
6.62225
13.33763
24.47985
31.08195
43.66514
48.39613
57.51754
63.68422
70.75803
75.18973
79.85995
6.14142
15.06418
20.77774
24.67087
31.91406
36.66873
45.14380
53.18555
59.20688
65.96287
70.47373
8.28521
12.05416
18.50295
22.70559
29.21406
38.92471
47.60203
58.92721
63.17697
74.11787
77.54707
6.57752
11.25923
18.46156
21.79471
33.91245
41.36585
44.81469
49.27518
58.89336
70.10994
72.14978
7.07656
14.09955
21.47043
26.27685
36.08586
40.51913
43.25150
48.33893
52.12006
57.67037
63.74491
6.93446
11.17517
15.78495
25.72744
35.64130
42.22822
50.43020
55.83300
61.76951
68.86085
71.80812
8.39342
14.43074
19.91870
32.14036
37.64377
44.41249
46.97576
55.97446
62.89370
69.19433
72.91293
6.48503
11.06573
15.84476
25.04950
33.75334
42.20124
49.49491
58.84012
63.65291
67.76904
71.51062
3.69815
10.94788
19.16651
23.59576
30.91260
38.52506
46.90593
52.59118
56.38980
62.57263
70.70806
9.40439
14.49235
19.27815
23.99085
32.71932
37.41378
44.14224
48.51630
52.57838
57.45525
62.91207
2.45077
8.24963
11.34073
16.17060
18.76937
25.35375
31.68043
38.03679
48.95020
57.19327
63.21200
4.26208
10.36355
15.98269
24.32564
35.67745
46.02654
49.59617
60.10851
68.22046
74.20817
77.75724
4.10198
11.90446
15.18564
24.23847
26.91788
33.83901
37.95371
45.10189
54.90749
60.16172
63.99389
7.25055
15.73964
21.72771
26.35141
32.22770
39.15109
43.75537
51.43002
55.11589
58.67435
62.24423
5.61197
11.12912
21.93921
25.78306
34.15075
37.92072
42.26476
50.92750
56.34683
59.73469
67.54682
3.09232
11.42727
19.08300
25.08257
30.59072
34.20879
39.57624
44.10885
49.88337
54.40203
61.62803
10.28509
15.83172
20.72821
23.86615
30.00602
41.60890
44.13050
53.96165
59.95085
65.95645
70.85288
7.38964
14.95567
17.69500
22.12219
31.40714
38.38215
43.92006
50.11474
57.05406
64.38177
68.20439
4.71083
7.89444
13.35365
19.62216
26.18392
34.58644
43.32659
57.23747
62.14020
69.67623
77.64186
10.40618
15.95722
20.16803
23.78827
28.46055
35.10947
42.96854
47.53719
52.59738
62.48644
70.65289
6.36329
15.43947
24.28709
30.69758
35.83230
39.27349
44.36950
51.32367
57.36645
61.96989
68.80354
2.72588
12.19052
24.27628
29.69439
37.55348
40.68046
46.47602
50.01005
55.36233
64.42230
66.88705
4.77071
11.30472
23.04810
29.67179
35.14117
41.81146
45.72774
49.47818
52.49861
58.36596
69.33445
6.78012
12.10992
24.74908
31.12190
37.40316
40.30096
49.06015
54.43676
58.92545
64.38794
70.91096
4.83121
9.18793
14.77979
22.51138
26.91624
31.52217
38.97143
43.49959
49.16623
55.19832
57.99554
4.60125
10.08730
16.06433
18.50410
22.30123
30.02767
35.43618
43.23522
53.14457
57.73438
66.08138
2.77691
10.39888
14.46575
18.42177
26.04785
36.15335
44.36195
51.23019
60.63834
67.61988
71.58439
9.97700
15.44554
21.50935
30.14139
34.95171
38.89161
46.20903
51.35114
55.24380
60.66633
65.37408
7.49991
13.86876
16.40864
19.64944
24.15762
30.03960
36.74772
42.17630
47.68248
55.10023
58.64783
9.29213
15.41842
20.11037
23.04902
30.65193
37.41904
43.87077
49.08555
51.70971
57.62805
64.48774
2.74436
8.64632
17.73410
27.31233
33.47560
39.23258
47.65815
57.86560
65.91964
71.23517
77.31241
2.73437
9.88260
13.89399
18.79006
26.86905
31.95826
38.92814
44.31266
52.39141
56.77108
65.29082
8.92396
17.56291
22.02692
27.83178
32.95765
37.61465
43.91862
50.40816
55.70438
62.36816
71.69287
7.30349
14.14692
19.07837
22.37309
35.57181
41.14998
47.97348
51.00270
57.29397
61.15799
69.81916
2.16779
9.37871
15.22632
20.87369
32.47522
37.37462
43.15522
45.79876
51.44159
60.93820
67.48628
5.65893
10.11015
11.93469
18.40673
26.52908
33.62653
41.31496
48.44755
54.37538
58.49426
64.39343
6.29872
14.63084
20.45913
24.28829
30.84800
37.90928
44.37505
53.18654
58.06154
63.01449
67.96141
6.84848
15.53840
20.76042
25.35063
31.61303
37.78191
40.10495
43.87138
48.03463
52.78517
59.18048
