7.69007
9.72635
14.63845
18.73741
24.50048
28.48753
36.06140
40.16087
45.19506
48.09571
54.37848
62.44014
69.27453
70.83268
70.87921
78.23437
84.67331
92.75628
99.80757
104.41131
107.24844
5.68530
14.79579
16.97118
23.88858
32.77036
38.79590
43.98744
45.90346
49.99406
58.40215
60.72138
66.01626
69.85614
73.57306
87.98440
95.27917
106.40640
115.08841
121.85448
124.71838
133.54389
3.09406
11.57294
14.95943
22.59192
30.17180
35.29594
39.33634
43.04119
47.63924
63.80402
76.22211
83.43663
90.19192
92.88726
94.74397
104.70641
106.18450
109.92306
113.80525
119.51165
124.45800
5.65871
14.07390
20.08142
28.17184
35.65764
39.56733
46.26804
53.89844
62.56533
67.45825
73.03750
74.52096
78.00616
81.53345
86.19221
87.39921
89.86596
91.83688
97.96868
107.87858
110.46318
4.42270
10.01990
14.72593
21.48143
26.20761
34.21766
39.03456
41.72481
43.06587
45.84912
48.36061
56.11228
59.74128
65.50475
68.80577
75.18202
76.08648
84.10760
86.50607
90.71163
92.17443
4.98133
11.17997
17.15281
23.02127
28.41558
36.43949
41.29308
45.74830
48.52754
55.72984
60.50823
71.10995
72.70344
81.04347
82.37069
86.85606
91.29272
95.55759
105.11471
111.28472
112.12814
5.89332
15.16840
17.42200
27.58212
38.84513
52.20259
58.18289
67.49498
77.53697
80.61627
86.31301
89.42430
91.99150
92.85999
97.42381
100.89043
104.84265
104.84442
108.52956
112.00097
117.81532
3.36910
7.65926
15.45977
21.64919
25.39885
29.38292
35.32815
39.64058
41.23401
48.07250
52.61149
57.88763
65.23355
73.47113
80.35502
89.41245
90.60534
98.11787
106.31348
107.87753
111.61030
7.16583
14.56815
17.36254
18.79914
26.58794
37.69946
41.15699
43.44635
49.24990
52.37238
54.50617
57.04913
61.10798
64.15689
75.08880
78.08164
81.75136
83.39482
85.45288
90.61321
98.06234
4.05471
7.55317
18.10191
21.10158
28.91465
30.54126
34.31762
37.52828
42.63522
48.21560
50.65227
54.16661
62.23204
66.06344
68.39205
74.27166
77.46489
79.34446
84.01953
88.37343
94.99158
5.99975
11.41671
21.51893
25.81959
31.06794
36.03722
38.98110
42.01999
48.71362
53.50850
58.69212
65.74208
74.07243
78.55452
82.59975
90.49900
93.22424
98.52229
104.53493
109.76272
110.11677
5.47565
6.96826
9.69597
12.12259
13.83215
17.96144
19.93043
24.74917
27.32331
31.25385
39.93439
46.00582
52.38434
62.92584
76.94492
82.12402
87.10202
95.15717
100.81709
112.84431
121.22802
6.42112
13.55472
29.79626
42.09917
49.27695
56.25091
61.60527
65.98280
71.80644
72.45530
77.83596
85.16942
88.72404
95.90184
101.58764
105.70124
111.60067
114.82155
118.71607
124.99390
127.45387
5.05835
6.14079
12.68918
18.32903
25.77705
27.91620
32.63671
34.22713
41.79976
48.16645
51.38389
53.63292
55.06595
59.78102
65.17932
72.59332
76.58976
79.75199
92.76746
99.91172
105.44277
4.88750
7.88933
9.22800
11.96538
17.43829
23.61091
29.18896
33.45678
39.38863
46.36461
49.96200
52.31663
56.27780
59.80390
62.09419
62.70830
71.82886
77.00924
79.78328
86.91590
95.68057
7.26274
13.77464
21.01036
24.25149
31.05533
38.05239
42.94101
46.74299
59.74619
69.40484
75.30311
84.31603
90.63414
92.02527
94.34200
101.87162
109.37468
111.99447
119.71610
123.62739
124.43994
2.55216
9.25626
13.05561
16.09955
22.05447
25.42514
31.54032
38.27209
46.66850
56.57112
63.75435
68.41865
73.52549
77.95505
84.37965
88.56091
94.90439
97.27519
99.82431
101.12000
107.94413
7.92711
11.57889
14.53643
21.30086
27.00066
30.38122
41.39002
46.51910
57.63186
59.85532
64.16476
66.81204
74.05854
79.79838
84.06791
88.85407
95.53400
100.69154
103.89607
108.94761
112.14689
7.68186
21.69237
28.45327
30.08215
32.69413
37.72156
42.42572
46.03646
50.62796
57.30297
59.27888
66.08921
68.86774
74.90101
80.66061
87.07685
88.15825
97.36619
102.94376
111.65955
121.17891
3.19315
7.37121
13.83085
20.38424
27.70294
29.80239
37.57044
41.58579
56.07314
61.93952
70.03277
71.96883
75.50873
77.62086
89.25247
97.56428
100.98443
103.27603
108.50474
112.93544
117.99003
1.95838
8.28566
15.86955
21.16650
25.06908
30.12403
42.45810
49.00959
54.42252
57.99308
61.23127
65.55207
68.63055
77.80671
85.45240
89.71580
93.46961
97.57080
104.74764
110.15392
117.01624
5.56714
17.37728
24.52800
26.48857
30.40174
39.31098
44.26634
47.90268
54.20172
55.55257
59.54398
60.22248
62.43460
67.37235
70.93221
76.73073
81.55188
81.85936
87.38366
91.21205
94.02697
5.16257
11.05974
15.69476
17.23110
21.73735
28.82325
31.45547
36.81046
44.02524
49.29454
52.21122
55.13494
60.06488
65.86114
72.73069
75.27120
86.15347
89.52327
91.74930
93.95307
101.14407
6.08239
9.69381
16.70912
23.82071
27.16113
32.52730
37.57136
42.56812
46.53878
52.50506
53.92550
61.01757
67.63500
71.85164
75.89970
77.96759
82.49865
86.89058
89.79383
93.24101
103.18856
2.66265
9.26981
16.81818
20.72757
27.67402
32.76187
36.87114
43.01375
49.39794
55.16006
56.10941
65.58896
66.72285
69.66463
71.61855
75.99796
78.43598
86.03451
89.97695
94.97402
101.36825
10.39466
19.41644
24.11950
27.84238
30.87329
39.99043
46.32149
50.28577
53.96586
58.91156
62.20981
66.20676
69.49432
73.50315
75.44861
77.68391
81.27321
88.77573
89.35224
95.20872
97.74580
5.54981
9.26812
13.59858
24.87236
31.87114
40.67598
45.87977
48.35194
51.60729
56.53940
60.73129
65.35309
69.01367
78.75144
79.50359
85.59996
91.18244
99.79798
102.99037
105.12133
112.82176
4.76914
9.24117
16.22048
26.77519
28.14825
33.98549
41.24450
47.69672
56.92365
62.68075
69.35468
72.50103
76.99375
83.78423
89.90528
105.27077
108.41234
111.29530
113.75944
115.80189
118.38864
3.02953
10.73003
14.30973
24.79032
32.55403
32.63013
40.36704
45.15321
49.81429
56.10877
61.13689
67.31897
68.46726
71.51641
79.99822
83.74547
85.28175
87.82671
92.74418
102.19099
107.36943
7.27524
10.66429
11.38226
13.03165
15.44636
18.31426
19.56576
23.68541
29.92165
33.83025
41.00675
52.24886
59.01414
67.02908
75.01835
81.77033
89.06443
92.73691
99.25487
110.15182
113.15110
3.48332
12.38107
19.63674
25.92498
30.68090
35.38855
38.94428
44.28790
52.36062
55.91165
64.04119
66.40002
73.82878
75.80991
84.33529
89.29040
93.52260
98.42460
100.54635
106.80479
111.38750
1.94084
11.32189
17.95904
27.45680
34.35297
45.25355
49.05847
54.80415
59.32453
65.46104
73.01337
78.73872
82.75592
86.32162
92.85836
98.26507
104.97797
110.94290
116.29071
121.66856
126.83041
2.07844
9.27171
13.02216
17.98243
24.26327
29.76984
33.08897
38.60515
42.60522
49.81207
54.47728
60.56849
69.05492
75.02263
76.61811
80.55156
84.90032
92.60747
101.30022
102.48280
104.40223
2.69412
8.02568
13.20277
17.90256
24.75097
34.95640
42.01540
48.30820
48.33999
55.92676
59.81119
61.73165
68.51533
81.25626
90.08023
94.23645
97.73975
100.81316
105.28829
109.02612
110.50602
11.60201
14.91907
22.85449
29.61333
32.50352
36.95644
38.28671
42.00143
46.49917
49.17350
55.30255
60.25082
63.58602
67.47939
69.71552
72.62175
78.33879
84.78211
88.25722
98.18331
100.84201
3.51503
12.72881
14.89795
18.85173
25.49758
27.39554
29.36221
32.60092
42.10734
45.33493
47.50215
53.06506
57.69427
63.38199
66.95606
68.08433
75.84670
79.53405
84.90212
95.27924
100.16591
8.29732
15.27186
19.45634
25.59258
35.01667
40.15002
44.61116
54.13833
59.67879
63.66908
69.00227
78.05830
81.11037
87.13414
91.12330
95.55858
97.74258
102.84914
106.31069
114.47608
124.75349
7.36850
11.35447
19.28344
24.46220
29.92932
31.63669
43.47360
46.98764
51.33654
58.39641
62.52455
73.33555
77.82479
81.78370
85.03970
88.14460
105.65396
107.18395
122.21943
126.93476
131.59778
7.44067
11.48773
16.13259
25.34623
34.12111
38.35191
42.16236
49.75802
55.89170
59.84098
66.04806
76.09580
82.83207
85.23111
87.53771
89.56706
93.31843
96.87338
103.71965
111.73084
120.79275
4.71684
6.56403
11.66189
16.30361
26.24951
36.22733
42.34116
45.57599
51.01862
52.78111
61.39132
66.57061
67.01311
73.99580
77.79953
83.55270
87.19221
89.00863
97.03073
103.06911
109.44715
6.29187
13.53642
20.09222
24.80321
30.17958
32.17891
38.73369
44.86260
46.14521
50.84088
54.68838
57.02845
62.67052
72.27227
79.36529
85.19426
87.94131
94.94730
99.01801
105.11551
111.65057
4.51451
12.03101
18.50026
34.97774
37.88968
45.06266
53.92905
57.52069
66.07669
70.81563
72.30196
76.20624
84.87644
92.35930
101.02880
104.03832
110.45001
116.38960
119.74947
123.48980
129.65759
3.24962
7.77043
16.42675
31.51376
38.07582
42.59100
49.26902
53.52821
55.34845
63.01298
69.03880
73.39262
75.67754
76.41524
79.40641
85.86901
90.63303
96.44149
102.43826
104.08551
106.83833
7.17424
9.17405
13.69243
22.80178
28.11732
33.71210
40.02201
49.51371
54.75998
59.96564
64.68012
68.07471
78.62394
80.60672
82.03357
86.21067
92.40261
95.62157
105.96643
113.08372
118.03646
6.15619
13.88829
20.03967
27.73033
33.13386
40.02748
43.14747
45.47849
52.81532
54.59947
57.81471
61.76070
69.92566
73.86521
79.07709
88.10908
96.35837
100.37478
102.20566
104.68037
111.69533
1.75537
6.13602
10.26925
15.51175
19.32717
26.52405
31.44933
46.18859
55.88965
68.67157
75.11619
89.28242
89.99156
96.48984
103.65450
107.41237
111.78738
115.01756
118.63029
122.57355
128.46688
2.84151
4.88848
9.97583
14.96239
21.65656
28.19705
34.46804
40.07531
43.31604
49.31096
52.85614
59.33755
62.48136
72.19140
79.27569
86.39104
91.88437
94.39167
102.59603
110.38921
115.23386
2.45808
12.92494
20.77016
23.44159
30.15923
37.62646
47.84526
52.39088
59.69568
65.48221
67.11298
72.28872
80.92763
85.22747
86.81757
90.31295
98.36943
103.48791
109.18306
116.42739
118.06510
3.07614
6.93048
21.04168
27.20614
33.95846
37.89361
38.63522
39.40879
46.53273
49.22084
52.90725
62.24203
65.06825
68.16938
73.51635
77.54409
79.52022
82.62626
91.00647
92.98902
94.69367
2.93616
5.64560
9.12893
12.35992
20.84004
26.44256
31.01918
35.59924
41.30728
45.38615
48.15606
56.06084
60.18945
65.03636
70.65005
73.39352
78.11172
80.64769
88.33344
93.05696
98.00189
9.46003
11.51330
16.72565
19.06285
31.06307
35.75677
39.15061
44.14430
46.78141
48.33544
51.94165
57.12963
65.09318
68.80821
76.31869
79.31533
81.94094
83.85500
88.03484
94.72273
105.42252
7.87093
17.03328
23.97322
30.37785
34.15843
41.97478
49.00490
52.36189
53.45708
59.57256
65.76303
72.99805
73.88464
76.22149
78.47011
81.31744
84.59108
92.02873
95.55118
102.49142
109.28096
5.54643
12.80651
15.32110
24.68697
26.83719
32.63214
39.64838
43.57178
55.31840
60.84539
66.12588
69.71289
69.92810
72.05721
77.58781
79.71153
89.53615
95.49686
96.72508
99.00495
109.24131
1.10204
9.36611
13.01757
16.22301
24.58947
28.53491
30.42336
36.11561
40.09177
45.90477
53.77172
54.52431
62.99173
66.99993
67.66575
70.67652
74.42255
80.54368
91.97966
99.35143
104.97877
7.32812
15.66965
18.31687
24.58882
33.21289
37.80947
39.83591
46.06590
48.15163
52.33887
59.84124
68.44764
74.85292
81.06914
92.85122
103.18889
109.72174
113.44194
119.77041
124.69766
127.72211
9.30438
14.15920
18.03255
23.34880
30.70665
33.62412
39.71092
44.78530
50.96580
59.03754
60.71504
67.18791
76.74122
83.58674
89.56586
95.19021
98.40397
102.94536
111.64691
115.79002
119.15561
6.40750
8.66253
11.94548
17.47428
24.91677
28.18358
33.99104
42.33033
47.36138
55.67709
62.02787
68.51062
71.34611
73.32824
78.62621
79.44354
85.19322
97.40948
99.08967
101.20048
104.04495
1.15987
6.73438
15.07816
16.38375
20.47163
24.05934
35.38292
41.24023
46.82719
49.40061
52.06360
59.77603
64.25997
65.31038
69.84465
75.75894
81.22382
83.58508
87.52745
96.06465
103.65283
4.21295
13.41590
20.14379
30.51063
33.35343
36.55166
41.22005
43.42874
51.09575
54.25227
62.34956
71.24845
75.56697
80.33239
82.86441
87.14128
91.64339
93.29451
98.14904
105.54610
106.72772
2.98790
5.36411
13.24752
19.37170
24.93070
32.02038
33.23633
40.13335
48.77738
51.40100
52.18695
59.17921
63.23892
70.04491
71.48419
82.08200
90.28534
98.03459
101.91490
112.79988
113.45139
8.20935
9.78498
13.36117
18.57724
28.11607
30.84678
38.74618
43.70984
53.22498
63.80963
69.66758
79.31020
84.77226
87.86238
90.83623
94.53406
96.23852
101.93392
104.08019
110.36976
112.58895
6.02148
13.30824
18.87258
21.70831
27.15949
30.64097
36.98572
43.77156
48.05367
52.16887
59.17997
69.14990
72.11959
80.71423
87.29419
94.28132
100.89419
102.05109
106.53422
110.99408
114.09377
11.47642
16.17437
23.36663
28.27982
35.05084
38.12498
40.99102
43.48417
47.02652
52.53664
56.21455
65.05599
71.75123
74.45056
77.39516
78.47816
81.03780
87.16735
94.10577
97.32518
98.75709
3.14792
9.33055
13.05762
17.46865
22.54622
30.87970
33.19631
43.22360
46.82160
53.16114
57.76172
62.15993
64.95566
67.05232
75.61855
80.53444
84.50574
93.62586
100.77397
110.66286
118.70996
5.67055
10.28257
14.99518
18.82588
24.58280
28.86901
32.42741
41.14202
49.56387
51.46065
56.56007
57.23245
59.56952
63.40199
66.26827
69.67944
73.16279
80.26277
82.42378
86.15944
88.59673
3.81034
12.24748
16.68850
27.63602
34.95232
39.60239
41.42140
47.59707
54.48903
54.99169
59.06245
65.15097
69.07283
73.09294
81.81954
81.83388
86.61316
92.81996
98.58728
101.89456
108.58158
4.76148
9.27013
17.87960
22.37710
28.13117
33.66696
39.92571
44.06921
46.06168
50.73858
66.07196
67.48163
68.54690
72.23318
72.53469
78.07598
83.44777
84.88852
91.23644
94.65856
97.34557
7.64106
10.13017
17.14710
26.21927
33.33181
34.59331
37.39965
39.79134
44.15957
47.49653
48.98437
55.65004
59.23208
66.80563
72.15663
75.14767
84.27531
87.96946
91.51458
96.74022
109.28725
9.54635
12.25891
18.47917
29.26998
36.32229
39.25968
41.43620
42.71109
43.69696
49.69228
57.69183
61.82986
67.27142
71.89632
77.54575
87.80558
99.96644
107.68608
114.81437
117.83323
122.46901
7.98580
19.48273
35.83221
41.28883
45.21404
47.00365
54.71241
62.90483
68.81236
77.49112
82.92218
86.24846
90.28844
91.89918
96.02046
102.93453
112.29267
116.76497
119.35578
124.69574
127.82642
6.13379
10.57247
15.05803
18.96191
22.33547
23.65780
31.57895
35.35832
39.85801
42.11245
46.98063
48.18318
57.60960
68.11183
71.91399
71.45065
79.07341
81.63553
84.56206
92.52787
101.60760
7.78825
13.36999
15.10033
22.79329
24.73350
30.25086
53.74094
61.20582
69.90482
76.80287
87.20459
90.85587
91.62484
97.54170
101.11157
101.59365
105.20292
109.00632
115.62563
125.80583
128.61486
3.46512
5.94531
8.50642
11.52997
19.47393
31.43128
41.28373
43.90503
54.28861
67.06776
75.68989
81.13192
85.94972
87.36451
91.33770
95.61020
97.57942
100.49088
104.13204
108.57285
112.29137
7.52065
12.05661
18.97807
23.02232
28.36419
36.55045
44.43715
51.82057
52.15599
54.46291
57.08017
58.86907
63.36677
79.12794
84.33151
84.89464
87.74885
90.29276
91.41476
102.37875
107.97475
4.83169
13.74287
22.90557
39.85880
42.50713
47.33277
51.81815
61.26957
71.39639
79.82658
84.31796
91.05686
94.49261
100.95201
106.54096
111.86782
114.00312
122.25928
129.43988
135.75131
142.81117
7.45495
11.64475
15.45157
21.18968
22.48099
31.43536
42.85123
43.65550
46.17547
53.51627
58.03721
62.07443
65.47621
69.60995
70.92512
76.50075
77.63587
86.31647
91.70912
96.39746
102.24398
6.36979
9.82636
14.70089
20.31081
21.94017
22.40133
30.45838
35.87149
40.28213
47.00264
62.45853
68.70766
70.78756
72.19174
76.28019
81.32725
84.92069
91.33250
98.86965
104.89081
111.79974
12.15583
15.02467
25.17429
34.56949
42.40778
46.44490
51.91262
55.68403
60.10452
66.71392
69.33714
73.36774
82.24519
84.35133
88.53565
92.14603
96.69924
98.73998
101.07529
104.21255
110.90866
7.15994
9.77639
20.27414
30.79894
40.28221
45.87275
49.19745
58.58252
64.60519
68.52031
75.27876
77.19573
80.11332
81.89141
87.34028
93.71046
100.20534
100.85035
102.15224
102.36885
103.72425
5.17631
12.82349
17.14467
18.72980
22.66167
26.26263
31.05108
40.31381
43.11805
45.87963
52.45735
57.84949
62.66685
70.04746
73.24905
82.34688
85.02011
91.22122
105.61222
106.86897
108.52413
7.30930
18.67261
22.91771
30.74935
34.27268
37.59753
45.25028
49.89188
53.69607
59.84418
68.33360
72.98779
80.56406
83.92460
88.74818
91.37022
103.16060
108.21161
108.74637
114.31492
116.59353
8.01961
11.23236
16.42399
27.59040
29.93564
33.90375
37.47765
42.24192
48.20668
51.96486
59.42559
64.48431
72.08165
75.87680
80.02367
81.32509
92.57500
98.79403
104.53769
109.74464
112.76471
2.64891
7.03759
14.41472
21.53721
28.58527
33.16939
39.95625
49.38746
56.89066
63.89531
65.04804
69.64245
77.33208
83.20243
85.42464
89.44542
91.27752
100.01710
104.78625
106.83161
106.83180
4.99809
10.02692
16.85163
19.81534
22.69402
25.63313
34.09993
41.22132
49.73553
51.65269
57.11824
59.14450
63.49150
69.55608
72.54829
77.02765
80.02136
83.77504
95.14227
102.39892
106.99122
4.53588
7.22570
13.12205
17.84844
24.41853
29.14599
34.07828
43.98225
47.94196
56.13981
60.67881
66.70971
70.05496
76.22542
82.80378
85.82001
86.87799
91.33587
92.60933
100.58819
103.72251
4.17372
11.79115
16.36656
21.01105
23.58454
31.20164
33.72772
39.76845
45.16932
51.63982
52.73885
58.06071
61.78486
69.16104
72.21516
79.07264
83.84479
85.96698
89.04747
94.11808
99.25533
4.09097
6.89311
12.62631
18.93731
24.88650
32.98338
39.72860
45.90095
47.61652
56.98103
56.52214
60.39631
61.75860
64.95321
68.32076
77.33764
86.00778
95.10619
97.30213
104.95757
109.38343
8.06036
13.84673
18.98038
24.44893
31.65496
43.93190
49.02733
55.82101
60.84725
66.36206
71.71155
79.22977
81.01458
86.33181
92.06527
96.11212
97.10976
105.34675
106.12489
111.27688
115.51953
13.62051
13.70217
15.72763
20.34785
25.82439
31.31759
35.80996
39.15126
48.37691
52.85129
59.25865
61.91359
67.11373
72.07658
76.97106
79.06611
82.58831
83.49259
86.31158
98.99319
107.25712
5.36093
10.53114
20.69188
27.97045
35.43967
38.43499
40.10644
44.30725
50.29849
53.71112
55.73340
60.91931
70.82489
78.86290
79.26783
83.11408
84.41382
90.71098
93.56201
96.25928
101.16962
2.46717
7.37216
13.00941
16.69521
22.29238
28.25393
36.97990
41.16181
44.42132
54.58715
61.80925
69.16687
69.69090
73.81688
75.91873
80.79985
85.27773
88.90627
91.16010
103.21994
112.52209
9.26058
15.25730
20.87989
27.19315
34.45100
45.67038
51.07318
53.35864
54.54967
66.48438
72.04088
78.62403
82.16138
87.38321
91.12890
96.21798
97.73656
100.70413
105.54490
110.39800
114.01654
5.58767
14.57367
19.35632
23.28137
26.13576
31.10800
36.78365
40.41360
44.47503
47.38440
51.30063
58.46491
60.02456
65.87642
68.66921
72.72546
78.65601
82.73593
88.24292
94.39562
96.84994
14.74495
17.73190
31.70062
34.54321
42.38834
47.89867
52.26139
54.47384
61.55200
68.40719
73.84875
85.30121
88.04164
89.33271
91.26068
95.31080
97.05178
100.21518
105.72452
108.21816
110.15042
10.79218
14.00125
18.80490
24.96220
31.47551
37.27753
42.14054
50.24861
57.09398
61.32961
65.44651
71.76643
76.91568
78.23514
88.11181
92.15543
95.83853
99.44837
107.35328
117.96136
121.54840
6.36537
9.64009
23.22795
27.58180
32.90289
37.18143
40.38868
44.76352
48.19463
54.32417
61.10188
65.72028
73.48930
84.15595
87.15991
91.60426
99.30304
118.26058
119.79976
123.25091
130.33952
6.19782
11.90238
12.85025
16.51413
18.54269
27.74256
32.38047
38.82709
46.12511
49.79110
51.48633
54.88537
60.22714
66.45992
75.29855
76.42640
79.73518
89.89049
98.72556
104.39912
110.86578
2.81459
8.31727
12.53548
14.85349
17.56506
23.39419
25.81089
27.58940
33.52714
35.86711
43.87482
48.16498
54.04841
60.16017
65.18271
75.44416
83.16512
89.41385
90.59122
97.97506
102.89113
4.20062
5.07144
8.61466
16.11532
22.41231
27.97350
36.60538
44.27207
50.36668
53.99243
56.84319
62.54206
68.66736
72.79135
76.10843
83.06062
90.79692
95.72210
100.78739
104.97615
106.49591
10.88340
19.51196
23.79237
28.39812
34.85923
40.58313
47.79373
51.19640
57.01874
65.53849
69.02184
73.14228
76.76095
79.20251
83.01032
86.10420
88.17191
98.19725
101.23942
106.91744
108.53698
