3.72597
21.12445
27.43253
37.43600
38.99574
42.77393
44.76097
49.46741
71.72804
76.14028
84.51741
98.00862
104.65530
125.09275
126.65069
140.33081
144.68672
147.13069
163.51173
6.05962
8.55121
30.62765
36.45044
43.91700
71.42192
81.46816
96.16567
114.17527
120.58006
133.29091
136.22599
157.79630
178.84412
182.51455
185.37116
187.89902
194.78131
225.55761
7.87275
17.02276
32.24964
34.98324
52.87136
59.76872
64.72962
77.79135
106.29116
130.39974
133.99765
140.69909
150.06098
155.32780
163.06334
164.63534
171.86997
176.25465
180.23440
5.13858
10.44354
14.81966
24.11110
26.61522
56.62133
58.99959
66.92818
72.24133
85.41314
87.13538
105.44388
110.32967
124.52853
166.33886
178.83218
183.38312
186.40595
202.14938
4.47710
19.10924
46.19863
51.31036
83.55917
105.72351
103.69412
114.86155
118.52902
121.21965
130.64087
145.99439
150.37580
156.74058
158.11037
165.27815
172.00034
196.03952
215.92441
23.12615
31.86521
38.20995
49.63392
57.25567
68.78177
74.50575
81.81138
87.77428
97.27907
122.69550
137.90594
141.01682
145.21537
145.04930
148.24369
159.26717
172.93309
180.51972
6.81704
22.12067
33.45225
54.62266
67.00172
67.80120
68.53524
83.47777
89.23121
95.75730
114.68503
129.21251
133.97577
137.61876
156.07433
158.27566
176.46524
187.87320
183.80993
14.33978
26.13000
39.44793
58.49022
59.41556
66.99546
76.99360
100.53841
100.66006
101.98208
128.46269
129.70433
134.47084
135.85680
139.14371
145.45932
154.83391
158.58463
162.39678
2.97055
19.22208
25.28970
31.03672
41.34224
47.90087
56.54341
72.13271
87.61347
106.88847
118.92089
149.58104
153.30903
178.15741
185.69041
203.87421
209.15651
227.65360
230.69876
6.59022
26.89319
28.81424
54.98495
69.68506
73.58669
90.05242
93.46956
96.93086
109.94410
119.92653
121.15586
126.24184
133.92044
148.32996
151.63935
154.85688
156.44250
161.86431
35.80863
40.34730
45.71015
48.60634
51.79541
55.52515
70.29081
79.22224
99.33621
117.22317
127.73460
138.16396
150.32545
157.09633
164.30972
167.12806
170.95671
181.26897
190.66629
13.43250
38.29424
62.89179
65.68150
73.38254
89.99002
109.69066
121.70360
128.17775
130.52748
136.84971
143.21589
154.44469
155.77202
161.36847
167.70367
171.05335
192.55818
192.92464
16.03896
21.07288
37.18854
47.06001
53.59370
56.27206
67.13478
72.68856
87.19062
91.13275
97.97321
105.39177
114.85691
118.25267
128.89902
144.35800
148.09862
173.61910
180.54658
7.77631
13.83543
32.55389
42.11329
43.64603
59.88488
69.07832
84.71209
114.44673
122.00391
138.40785
141.84798
143.50919
165.53754
180.88095
206.46951
218.18093
234.24663
247.36545
5.86822
10.03174
18.94120
45.24137
55.56800
-1.00000
-1.00000
-1.00000
-1.00000
-1.00000
-1.00000
-1.00000
-1.00000
-1.00000
-1.00000
-1.00000
-1.00000
-1.00000
-1.00000
12.09477
31.29918
36.27399
41.56887
43.53998
61.62211
66.82004
91.43127
105.00308
111.74936
112.20249
121.26439
140.00238
147.76722
156.28544
184.72837
186.19812
181.74904
186.57353
33.14624
34.74859
50.21246
62.44111
76.20582
84.78732
91.92012
99.70594
106.16016
109.53618
112.72629
128.04642
136.74454
141.81936
154.90161
169.95917
171.21338
185.91190
191.47543
15.79066
20.37426
38.64947
45.92787
50.14084
68.21511
73.17938
84.59476
102.30951
105.17510
109.17592
119.78569
127.22610
136.72162
158.34418
157.77789
165.57368
174.15740
196.89963
8.95051
20.02651
33.62634
41.59040
72.34305
87.57641
101.17488
122.17137
149.87578
157.14098
162.34717
177.54580
181.08323
181.13074
192.74444
196.20805
200.40086
202.81295
205.39896
29.19465
31.05895
33.07006
35.48237
47.66959
57.31575
59.09367
87.92165
94.79346
119.99531
123.43680
141.37447
151.09603
155.32728
173.76967
176.47719
205.03281
237.15261
239.09837
2.63176
15.18587
31.73838
57.12673
66.34475
77.61635
92.92162
106.28501
114.74019
127.17626
143.48247
155.29158
158.27881
162.86194
175.11929
180.86019
210.09417
227.20666
237.14478
6.44271
14.70270
19.71318
23.39262
35.57567
58.97550
75.70980
90.78851
110.66053
112.90871
114.82311
138.51517
156.04804
160.37551
163.54539
172.69556
181.35182
202.76199
210.88019
11.83338
38.39705
39.38800
43.26968
56.60815
62.66287
94.44260
119.62910
123.52155
133.70218
155.18007
167.50331
178.74841
179.92155
180.97812
192.27653
194.83022
195.28797
193.58663
13.98817
20.02799
33.78225
53.52514
63.28013
76.51301
87.84160
97.97606
103.63730
107.79656
120.21147
135.31638
141.14681
144.96436
151.95811
155.02538
161.61629
169.83373
181.55153
3.87848
19.09680
31.67535
38.63916
51.15142
59.46125
72.81016
80.45527
86.29205
97.05380
108.29479
123.00219
125.46436
135.17682
139.25143
151.91044
153.09993
160.52448
164.04564
10.22000
24.03430
37.99587
65.23627
66.46716
74.83835
77.83545
87.27364
105.90429
106.85264
112.82102
128.39172
128.99212
135.62982
142.94754
144.28700
145.70370
148.47480
153.23732
13.36993
16.67359
20.66336
24.55884
26.14471
40.09840
72.65442
78.37660
94.87879
108.25824
113.59170
130.06118
146.06023
148.73011
167.36286
171.25108
174.92395
177.87805
201.05013
25.33909
49.99846
70.66254
74.01539
84.84531
96.53323
101.44831
109.98733
132.82873
164.47392
174.03680
187.60493
190.10597
203.49621
211.32915
211.56760
219.86032
243.98962
244.01153
17.69379
24.67311
37.45645
45.06446
57.46902
64.02947
67.01746
83.97409
87.87579
90.36398
96.52194
108.06083
113.23863
117.52790
130.47533
145.25887
162.13236
162.71127
164.70120
24.76709
42.87902
65.18269
67.75245
73.20057
83.78936
112.32429
122.99531
135.50348
136.61907
152.10561
157.06806
164.90124
164.94108
171.72598
172.89487
187.07201
201.91765
219.06487
3.84717
24.35898
32.16297
46.90338
49.21684
52.54833
61.04465
92.51621
105.76498
112.28626
120.77391
136.02968
151.00437
154.88490
158.43352
165.37724
182.91322
197.05514
198.39539
39.37198
45.39844
49.39984
51.31711
53.61165
60.67202
64.46444
63.16269
-1.00000
-1.00000
-1.00000
-1.00000
-1.00000
-1.00000
-1.00000
-1.00000
-1.00000
-1.00000
-1.00000
7.82529
29.75556
48.29195
51.57853
72.32740
77.27187
121.37269
123.28685
137.09397
140.07961
151.01809
165.13357
174.48955
178.32911
184.99126
200.58744
200.76959
207.93244
213.43698
7.67103
12.73688
18.19342
22.97326
29.20404
34.48092
48.96648
52.91260
62.66810
64.61094
76.57675
83.42769
88.87685
99.10789
103.01437
104.05922
109.26401
112.81304
132.07504
26.09544
57.20463
96.03407
99.49930
104.59455
116.96237
120.16420
123.15340
125.46392
133.30266
146.48724
151.99601
160.77102
182.34692
194.20937
213.10416
216.25417
217.54556
221.44513
11.30481
34.37925
58.67587
71.55087
81.04225
87.38494
93.54887
110.61259
112.56982
118.34836
120.29479
121.29115
141.01413
141.23685
167.84044
190.84732
199.05959
206.77909
206.95604
28.08406
29.65461
35.97176
47.19694
49.37725
60.58159
65.58458
78.42063
78.74997
83.57549
85.97751
98.91414
99.72465
109.15626
109.54191
117.21919
122.09258
129.64390
131.65776
27.01599
37.96856
42.75204
54.45663
57.86303
66.24669
69.28720
64.41127
81.27265
91.86542
101.57427
111.14741
118.03482
123.36874
129.37687
130.01120
151.76718
158.30071
167.84638
6.77503
23.59547
41.26662
50.19398
63.07663
84.71593
96.19734
108.43673
-1.00000
-1.00000
-1.00000
-1.00000
-1.00000
-1.00000
-1.00000
-1.00000
-1.00000
-1.00000
-1.00000
13.13280
39.74246
67.12882
74.84677
83.75516
90.43583
104.36954
109.96274
116.09352
121.27162
121.61976
133.46191
151.14077
163.29826
175.19724
188.74138
197.22016
205.49062
212.34587
3.33656
10.42739
18.14979
23.71521
32.41859
37.29891
46.36035
60.32479
61.01448
70.13042
74.81362
83.43199
96.21751
100.18435
112.61579
129.47318
138.34992
152.92891
157.66347
4.37234
5.20917
11.72995
21.94383
24.96399
28.53450
39.89704
41.23232
45.98761
51.09057
60.16144
74.77505
-1.00000
-1.00000
-1.00000
-1.00000
-1.00000
-1.00000
-1.00000
9.57195
14.74358
30.17047
54.75590
64.70746
66.39162
72.03171
76.92187
77.73325
86.94070
103.38270
110.43707
116.83525
116.61291
126.45691
129.25957
134.15302
139.11056
142.74445
2.27629
17.54469
27.28097
47.70096
56.67139
66.65464
78.75542
87.67261
97.27277
108.89400
109.88260
112.76556
124.95580
128.89481
132.87556
155.53737
182.01576
197.18102
198.70643
6.22311
9.11615
17.03538
17.55694
26.03688
32.19960
38.10466
49.18039
63.26297
76.33489
95.91749
103.91853
109.60928
117.64518
123.29649
128.03774
130.94311
145.27804
154.24523
35.66276
67.77997
71.34161
85.13255
93.42212
101.87112
116.52090
138.17558
142.58081
160.73454
179.83714
188.98987
191.93143
195.32758
205.21900
208.30777
209.31731
213.30002
216.99998
12.20119
18.88984
24.43203
29.60244
50.96460
56.17994
59.62348
62.20018
63.01417
69.31649
89.42608
92.39648
95.86778
98.26189
104.88730
110.27412
118.17253
126.96024
137.36788
10.34056
22.40739
27.85182
54.11709
60.75707
80.38821
90.52682
93.73279
96.59831
115.53451
129.73288
126.95597
133.64780
139.81594
155.02978
172.91579
177.32933
180.58169
181.40269
5.42530
13.75163
49.28820
72.90346
82.09898
103.04167
107.51616
113.27024
114.83218
120.95464
142.07920
150.06497
166.46546
174.60222
204.27951
205.70994
206.92144
237.36375
231.11452
10.18053
25.30093
62.65711
83.38320
87.05355
92.89487
97.84791
108.23888
126.32863
149.28899
160.85836
171.32901
180.41265
185.75001
201.63910
213.42538
216.00150
224.25632
222.77294
33.84029
45.64297
60.03863
71.20352
83.82905
95.73954
102.89719
120.16219
126.88873
141.30009
146.60340
170.70728
184.90441
197.26729
204.58409
212.56416
227.34238
246.80269
254.69117
11.52976
17.52564
30.73884
39.19855
57.72194
68.36786
82.35972
91.77774
95.52244
104.31843
112.92126
121.96437
122.59623
130.07336
142.49347
147.79973
157.88156
160.49312
166.93892
15.18996
19.53510
24.98705
32.40444
36.83115
50.15911
76.63761
87.62262
89.38951
93.09700
107.56728
120.47894
122.14379
124.33748
135.81046
150.67077
161.08204
178.60319
198.11169
4.43362
20.26172
24.36797
31.57260
57.29687
57.69032
63.99400
70.48888
83.95304
95.14396
102.64815
104.88585
115.46208
144.93799
145.82285
149.47315
156.31130
163.57696
168.28498
8.30727
28.62760
45.93039
56.72765
64.70121
77.13691
84.11641
93.44291
106.01616
116.11132
131.34913
142.91733
152.66850
166.86121
171.64629
175.85949
179.75232
183.66312
189.35898
11.01059
31.46113
52.19033
68.98072
74.16209
93.51038
99.38150
109.64364
111.01952
118.89717
124.12932
137.18812
140.12232
150.45347
154.84778
172.56172
176.45426
184.11847
190.12130
36.09603
43.81210
48.63515
51.89908
65.82142
71.00604
74.56035
95.41712
116.44698
142.89455
154.27567
163.19049
165.44390
179.01352
-1.00000
-1.00000
-1.00000
-1.00000
-1.00000
4.47414
18.55947
21.08683
39.44797
45.71832
48.30574
50.93388
59.14405
63.28905
90.99252
99.42833
105.98266
130.57808
138.02515
139.05475
152.99247
156.47527
164.46978
169.16224
9.62561
18.92927
26.33121
28.73710
37.68461
61.31605
69.78542
72.65775
88.82149
109.09190
128.96003
143.95379
150.23348
166.69204
167.79027
176.99554
179.37291
180.29835
211.07304
13.01058
28.64882
34.68590
38.53658
58.49954
64.57343
72.80288
75.75740
94.62468
103.76840
106.36260
128.34355
129.17354
134.64340
137.93747
164.80785
173.01797
188.40971
194.84173
7.64846
22.17371
41.60364
54.65188
60.51522
69.92591
77.89021
93.03095
97.70020
100.09981
102.31468
109.31695
123.91181
132.95841
142.11333
155.38972
163.66099
162.93244
164.18510
16.70091
23.44558
31.83137
40.84332
49.93986
68.55249
86.94518
98.04084
113.28128
124.08730
127.16670
130.91651
136.90274
153.17374
156.29609
164.78077
174.22208
183.85976
185.98952
8.86646
15.30207
20.22130
38.33890
78.72808
94.09514
106.46765
119.56933
126.33324
128.94937
132.04016
145.05650
154.18720
157.39841
161.05881
168.90987
169.86437
175.96833
179.39348
3.71377
16.53640
20.82841
43.06854
48.60775
58.01387
63.46348
68.49035
87.42408
95.42025
98.36871
115.80433
126.19801
134.14359
135.41842
166.10706
172.15366
176.65296
188.24752
10.25785
28.95640
31.89868
49.24742
85.63297
97.85133
120.15161
122.85965
137.00991
139.48981
139.81930
152.02609
165.89798
169.58988
187.97853
190.11653
192.95987
197.86362
206.62734
5.59805
21.44585
24.14411
32.71409
50.42182
62.30052
91.45754
113.75563
131.11886
139.03820
144.56830
149.29224
158.23584
163.75156
172.35524
191.37575
204.71828
223.67557
238.75657
4.71474
30.92831
38.96464
42.04255
52.81705
77.67197
92.03105
96.83344
99.34355
107.72554
127.52815
139.25299
145.33727
152.89388
157.01216
166.42608
173.90187
187.97052
196.96529
9.59738
14.65049
28.17281
38.94882
46.17539
50.20734
66.55279
72.68540
85.02447
99.15817
101.01508
104.68299
109.24274
124.71895
141.63863
143.24948
180.62364
186.47626
189.01690
12.66382
21.28834
29.34310
39.73879
50.51001
55.15192
61.87360
74.90434
86.40678
101.69660
115.18056
115.44123
124.85270
134.87218
138.75677
142.57658
145.63009
155.59595
164.05978
6.08298
11.21598
18.15895
19.94685
21.94436
29.54441
30.80621
53.48121
59.58907
76.34901
90.29370
100.05836
113.77975
124.99334
129.15905
132.98493
134.25614
150.72902
160.03511
15.12242
19.13475
40.07761
46.54817
70.38794
73.70047
82.89955
97.50379
102.64178
128.58269
144.37358
145.28690
157.87962
170.51242
179.55940
210.49001
233.58022
239.47606
269.92263
14.45224
22.64058
41.44081
54.77150
68.74486
75.06433
98.42187
118.57839
129.85287
135.34159
140.36021
146.97424
148.84637
168.47281
174.17806
179.74145
183.33894
187.45383
198.45107
7.50312
17.73627
24.63313
33.83614
45.08628
68.20985
93.59875
103.03084
115.15968
129.64505
140.79945
153.22460
171.31786
173.83528
181.40032
186.02796
188.29753
195.64100
197.22836
10.72435
15.24401
33.86619
37.36249
55.54029
72.63112
84.37396
94.25452
95.31772
97.59215
99.78151
124.82015
137.34253
148.34435
155.43418
169.52645
170.09522
181.55521
201.69862
10.17555
16.09979
44.66602
51.16074
58.13285
63.59722
71.99971
88.58033
95.02491
101.59334
105.21301
107.82291
131.49856
135.54106
147.57780
151.73862
159.05886
162.96762
163.86207
34.20477
44.05772
50.76615
53.28838
59.48294
66.51767
77.20603
86.05802
117.89850
124.27852
130.04449
140.70911
141.29899
156.77464
159.63340
162.74440
176.55518
176.63101
179.05883
5.61328
15.02097
22.97307
34.46214
39.73251
50.46026
59.40455
70.39030
79.38173
83.18595
95.37196
98.85081
109.05255
114.59041
141.38124
144.28754
145.34603
147.02429
184.07775
8.72307
31.14616
40.02230
42.67131
56.23504
62.74926
68.58903
72.03194
76.26047
85.22498
92.78923
111.25195
114.44002
118.45064
127.25145
140.05568
159.52536
182.75361
188.51392
5.37231
25.20230
35.48932
49.29018
52.63312
70.87495
70.41802
97.85571
108.60122
113.72818
117.48952
139.85111
155.70243
158.59994
161.43799
164.65246
170.44462
189.15491
193.73056
10.48363
38.61663
42.14830
49.42204
57.31762
64.28083
80.80641
87.71990
101.83747
112.36301
119.25031
125.16429
140.28519
148.15005
149.74251
162.68420
171.08601
177.18997
191.75515
4.52159
13.67120
32.90984
37.77105
39.85366
40.43469
62.98096
68.41447
74.37877
85.07597
92.61971
95.04002
112.49729
113.00608
122.91407
132.31754
148.76985
159.99178
164.66570
23.13459
41.52310
44.35126
52.45443
58.24083
76.25385
84.76303
88.22863
93.88582
99.51981
135.76192
154.66299
163.41392
169.11837
169.63672
176.71098
179.62249
190.84745
200.26985
10.04365
17.31690
27.98220
35.50098
38.52828
50.96242
67.73530
79.01389
86.59704
97.86594
104.16049
106.25436
118.50547
127.16797
138.71310
141.59580
144.09386
148.95040
146.64468
12.74724
19.58677
27.00252
31.54426
45.36446
60.61844
61.27537
79.23787
84.42158
107.10269
112.82938
120.18623
122.05933
124.90003
138.43154
153.76488
160.46021
166.56621
186.76482
9.76240
21.32351
46.67865
60.24429
72.52114
85.87562
92.54364
109.98286
118.46477
134.15952
135.18674
159.24049
162.93261
176.48716
184.16083
195.32670
209.13053
224.07511
233.96821
8.90451
22.35962
23.17284
23.61478
40.12076
55.29180
87.09433
100.56372
107.57377
110.62623
113.90329
120.01591
142.64047
157.64306
162.02525
163.36068
175.19459
177.67386
178.51866
14.29249
19.99501
25.95769
35.11938
49.73406
55.14764
64.48800
70.38211
76.74914
97.50096
99.19660
107.56869
121.29090
147.39010
150.72769
156.68480
182.47872
185.34854
190.10801
2.26526
25.99276
28.86285
48.03265
52.41669
51.75599
60.67630
64.24042
77.29587
89.36232
112.89651
115.58725
118.73295
122.99739
142.10222
147.47660
161.17324
166.04381
168.46392
6.73002
16.58673
31.71304
47.24689
49.10962
57.58509
62.00638
68.09616
83.29560
93.57524
99.47831
110.83120
120.63988
134.72374
138.27477
153.07652
168.26220
181.79671
189.83105
16.70900
31.82219
30.41065
49.77283
64.84498
65.48993
73.98985
80.45371
93.62764
96.06236
108.55087
118.54609
119.96356
130.05180
135.50222
144.45925
145.03010
151.55193
168.10082
22.33027
27.80064
53.99633
65.15246
79.18228
82.46131
83.55519
106.04859
114.53962
116.75388
117.67949
122.59464
130.84121
135.24157
156.94842
168.45970
187.16970
195.21743
201.92592
26.35039
27.45980
31.15601
34.19370
39.74205
49.28426
64.25306
67.95684
67.07590
69.92007
73.69808
95.39796
124.82232
125.60911
132.82827
153.40001
163.16297
174.31086
184.95644
10.98653
20.23048
29.19586
33.34723
35.33138
38.00634
49.74910
55.34481
67.14272
68.13441
79.76535
88.47247
104.74386
112.88004
117.56734
136.41716
153.27732
158.65647
163.93999
18.32672
20.22249
39.34512
43.49890
70.34239
85.45017
98.06058
107.73827
111.62256
118.03806
133.85638
141.48341
155.96711
173.68867
183.48790
192.02946
200.81836
200.81049
210.76309
12.90637
15.69303
20.81283
25.84969
45.54833
56.05971
66.70325
75.45238
97.87455
101.89956
102.48011
137.98089
141.00488
143.96395
148.20759
148.92533
155.21504
161.74076
176.20818
4.64456
23.62678
51.58849
54.78556
57.63486
62.50116
77.28361
86.68600
112.65661
144.44367
155.96419
171.72721
177.64044
188.95018
193.25690
205.96299
207.10363
211.66018
217.20757
5.55877
16.17965
50.94268
68.80375
69.22744
75.79594
85.27132
89.64195
98.38916
99.80316
100.92871
116.28248
119.87235
133.31659
162.77807
165.07226
181.75849
183.98543
206.10882
8.47768
16.08211
18.25743
28.38145
31.08320
34.32222
44.49607
53.40447
84.20244
95.48460
98.01400
103.53856
104.46226
126.98051
135.32509
148.61960
158.84536
160.06992
185.14242
14.67724
26.47802
34.77059
47.37256
60.27716
87.68477
110.21111
113.66275
130.21794
140.60496
141.25092
144.65894
150.45664
157.57173
159.01085
168.63600
176.31549
186.88227
197.24693
12.88994
17.56552
21.37234
26.87029
44.27794
50.08953
61.68430
70.17139
82.21675
80.49051
114.26171
120.61704
129.94516
140.53436
140.20032
145.11576
149.19938
150.10245
150.15976
