6.91482
10.41559
20.07502
21.60178
21.69645
22.03641
20.51730
20.55536
20.82063
20.97857
21.27459
23.19837
37.65589
41.43599
47.26999
47.51183
48.04561
48.68845
49.35749
49.67476
49.81063
49.88208
15.39388
28.21108
30.47560
37.85347
38.06818
38.50723
38.82477
38.83563
39.33419
39.43656
40.21575
1.98269
9.20648
18.67506
22.15739
22.32849
22.80382
23.33598
23.51657
23.53765
23.61665
24.05021
21.60609
25.70625
37.41155
43.01116
43.05602
43.45382
43.83285
44.05829
44.63496
44.73718
45.12378
15.67346
24.76604
34.44027
56.04586
56.54610
56.96625
57.10053
57.35929
58.05033
58.16582
58.50582
2.69923
26.14031
30.04946
38.05058
38.46010
38.81457
39.01998
39.07495
39.39137
39.55975
39.85645
12.47173
24.62487
48.59612
58.07669
58.34738
59.03977
59.12872
56.70146
57.27618
57.66344
58.23315
14.20220
20.01524
28.27947
36.17014
36.54549
36.70603
37.02207
37.53637
37.71145
38.02110
38.19368
9.23405
9.99946
15.83981
21.52283
21.90032
22.12106
22.22492
22.41925
22.58663
22.72512
23.03358
18.81047
25.95929
36.53930
45.26328
45.55773
46.02094
46.46479
46.73124
46.79102
47.20820
47.57548
11.73095
29.61569
48.88645
57.59133
57.75753
57.89750
58.44059
58.75408
59.06015
59.15931
59.54827
5.76154
11.33366
19.79687
28.64869
28.76426
28.80051
28.89097
29.08929
29.64237
30.13154
30.37534
4.85840
14.84260
20.17600
28.07813
28.51184
28.61899
29.34275
29.53588
29.86324
30.30607
30.47953
2.81814
23.29307
29.78602
35.25596
35.38305
35.55019
35.69103
35.76340
35.92408
36.40444
36.69463
1.43106
14.64261
20.18415
36.29189
36.30706
36.54891
35.46015
35.57786
35.79586
36.15157
36.41007
15.13776
19.45361
31.49680
39.03284
39.36128
38.41186
38.65029
39.01576
39.27261
40.02857
40.26466
20.25673
30.44469
35.13144
42.26409
42.58725
42.91547
43.32308
43.77220
44.23712
44.69137
40.37994
21.64743
34.11173
43.03490
54.53893
55.10944
55.32569
55.58275
55.68149
55.87930
56.06079
56.64232
2.23166
16.39758
28.79724
49.58650
49.95499
50.15795
50.35626
50.52765
50.91121
51.10374
51.37974
8.63951
12.13511
20.27332
30.55977
31.22455
31.41546
31.69239
31.74943
32.21674
30.98855
29.20901
10.81252
22.60059
55.48623
59.70927
60.12319
60.17927
60.33808
60.80550
60.98876
61.48451
61.69646
13.55125
21.63846
30.63702
39.99085
36.74459
37.00642
37.39923
37.58912
37.73311
37.79306
37.19756
14.41388
22.90380
31.35239
39.73951
40.58839
40.95053
41.16009
41.45983
41.70027
42.00503
42.16813
7.80091
25.16416
34.75677
40.54178
40.81122
41.17026
41.56011
42.01081
42.29578
42.49524
42.76653
0.65102
9.39486
14.54404
21.61280
21.87925
22.51883
22.65366
23.25599
23.72751
24.41308
25.02801
11.16930
27.26372
41.16819
47.01574
47.12796
47.52934
47.64503
47.99077
48.49635
48.87546
49.37249
4.91206
14.40672
17.39284
20.03712
20.64428
21.20225
19.76972
20.36646
20.62565
21.02173
21.60818
4.55535
5.43489
8.83906
17.99575
18.33423
18.36665
18.82105
19.27523
19.64859
20.07410
20.39215
13.06985
19.24192
33.75058
44.29442
44.42644
44.89448
44.95372
45.19173
45.43512
46.30794
45.73422
5.27360
11.80673
26.29460
32.97683
33.27042
33.61529
34.01881
30.11515
30.47416
30.85521
31.03094
11.16602
20.50253
26.24692
43.46666
43.71793
44.41055
44.53419
44.68996
43.24807
43.53745
44.02878
14.78384
30.16386
52.97205
60.32761
60.50246
60.63359
61.04136
61.38090
61.71236
61.97150
62.07912
5.25413
5.76726
17.40138
27.03424
25.30775
25.51463
26.15694
26.38245
26.65112
26.86482
27.46752
2.68680
10.31803
18.04409
23.99720
24.72867
25.10040
25.46896
25.70779
26.01547
26.43661
26.78230
6.17115
11.57695
20.14333
25.25788
25.89185
26.13260
26.79204
26.96725
27.39603
27.75808
27.92672
7.18442
19.57956
33.87004
40.44119
40.64438
40.76550
41.08113
38.29608
38.52034
38.78222
38.94536
13.42601
29.44044
38.76257
41.59023
39.07506
39.48328
39.69869
40.05323
40.41028
38.72816
39.48805
13.31001
26.12173
31.29356
37.95668
38.36983
38.72662
39.00036
39.16086
39.40123
39.83777
40.01785
9.70549
25.21948
37.56174
45.25963
45.50163
45.60034
45.87837
46.02959
46.50206
46.66329
47.08612
9.64060
23.67405
56.39416
77.44895
-1.00000
-1.00000
-1.00000
-1.00000
-1.00000
-1.00000
-1.00000
17.76686
30.38083
36.17049
44.13960
44.67429
45.28445
45.54483
42.79057
43.12742
43.30646
43.50558
4.90484
11.69645
17.33242
22.15791
22.31632
23.00943
23.72749
23.88138
24.16805
24.65829
25.09264
13.69201
21.55658
30.49848
46.89204
47.38498
47.43832
47.51282
47.85946
48.08914
48.22425
48.72536
7.45741
19.15127
26.15691
44.47578
44.72706
45.09975
45.19919
45.26970
45.35903
46.06134
46.36384
17.45410
23.30525
30.83785
44.69926
44.87727
45.44789
45.62453
46.10541
42.57042
43.14507
43.29991
1.57409
4.91393
5.78164
14.02876
14.20867
14.27279
14.73072
14.88584
15.26819
15.55204
16.26474
12.95515
20.45970
27.75937
52.27769
52.46985
52.79465
53.19078
53.45442
53.57811
54.10830
54.49646
21.38278
25.05647
38.04048
45.21178
45.35623
45.48881
45.62683
42.35744
42.54194
42.81351
43.31945
7.69214
33.32596
53.25686
69.35131
69.56105
69.93973
70.37212
70.51209
70.82249
71.26665
71.39139
5.32395
10.87844
23.43426
34.25445
34.59926
35.09494
35.47496
35.54790
35.75546
36.10175
36.28943
9.98382
15.91661
26.30508
36.41034
36.51808
36.90667
37.05012
37.28688
37.54274
37.71924
37.93423
9.57433
14.22602
17.70888
31.66069
31.87759
32.18276
32.34934
32.66402
33.17374
33.74237
33.96196
9.29300
19.41081
28.16116
42.17647
42.57591
43.06636
43.22450
43.57832
43.80620
43.94866
44.34800
16.91986
33.30950
60.97779
69.78599
70.04397
70.17957
70.61717
71.17814
71.46510
71.60088
71.83491
5.51297
10.99265
15.35372
31.18220
29.09264
29.50778
29.74244
30.18614
30.45760
30.90778
31.16631
7.91558
26.18679
38.55503
43.94740
44.49255
44.69379
44.92017
45.28753
45.69499
45.84166
46.01800
12.32415
25.66673
34.54704
40.37569
40.96526
38.36810
38.70254
39.43202
39.66716
39.86787
40.16077
18.03353
28.68737
42.96693
49.34039
46.96981
47.22384
47.34769
47.53269
47.76481
48.24767
48.48562
8.17542
35.27123
44.37351
56.44029
56.78596
56.93105
57.27787
57.58455
57.66069
58.09981
58.26922
20.69518
28.90440
44.37812
52.44581
52.91645
53.37671
54.43148
52.74276
52.93461
53.48979
53.78349
5.93396
11.26798
12.83074
24.81223
23.47447
24.06089
24.12045
24.36427
24.78528
24.92231
24.96371
3.78911
25.06029
32.60234
38.47631
38.69250
38.79127
39.04073
39.73097
40.01497
40.18686
41.04022
15.40682
18.13503
29.48942
34.37448
34.80223
34.91332
34.97141
35.08459
35.12615
35.32687
35.90906
29.75259
38.73616
43.17711
54.28220
54.67652
54.99660
55.52230
55.89468
56.19709
56.33336
56.81152
11.81996
23.19128
43.58457
47.93273
48.00029
48.11477
48.42483
48.67754
49.24705
49.42695
49.73923
17.79490
24.31006
41.70109
52.21203
52.46985
52.96629
53.41331
53.64326
54.23151
54.39182
54.63080
10.44412
30.47319
35.09718
49.57648
50.01604
50.32207
50.49881
50.72974
51.09646
51.21199
51.28286
15.15612
33.94382
55.70637
67.28245
67.83808
67.93937
68.26810
66.41828
66.65309
67.13580
67.48398
6.39702
8.93974
16.77147
20.19000
20.44164
20.63145
21.02905
21.43082
22.33393
22.68186
22.84355
11.07564
20.12636
47.56683
74.51714
74.62090
75.12053
75.56762
75.94969
74.71915
74.85448
75.27596
13.91930
23.87505
44.22271
57.25983
57.45291
57.45724
57.66811
57.79019
58.13321
58.18726
58.59164
13.77306
21.97245
33.68602
35.81868
36.33521
36.53686
36.57304
33.86576
34.22455
35.01397
35.14312
5.72009
12.76234
22.44640
27.48397
27.56994
27.74056
27.91577
28.07606
28.39642
28.84442
29.19766
5.52195
18.59445
23.87805
41.24215
39.55023
40.20360
40.49031
40.94851
41.65588
41.98281
42.12057
4.11020
7.65364
9.87072
13.84296
14.50241
14.87699
15.00554
13.09609
13.40090
13.94729
14.50178
8.08684
25.29474
34.67526
47.38033
47.69976
48.04691
48.22404
46.48291
46.53065
46.61655
46.68408
11.41606
23.01889
26.53060
30.18232
30.51742
30.66764
30.89771
31.14027
31.60744
32.11120
32.48443
5.45048
13.16410
16.53532
28.39514
26.27648
26.96470
27.06304
27.43456
27.76461
28.25929
28.66026
10.76886
25.08583
39.43071
51.89829
52.33276
52.44788
52.59170
49.32831
49.53458
49.64769
50.03901
15.59444
25.55868
36.28423
42.44771
42.80410
42.95003
43.28114
43.44823
43.56517
43.78592
44.00266
3.06150
9.20240
16.29567
17.24431
17.64922
17.82531
18.09162
18.28922
18.41765
18.98237
19.48440
4.47532
-1.00000
-1.00000
-1.00000
-1.00000
-1.00000
-1.00000
-1.00000
-1.00000
-1.00000
-1.00000
7.82758
22.07086
33.09511
37.81464
38.12300
38.35978
38.92952
39.03860
-1.00000
-1.00000
-1.00000
2.24745
21.32162
29.37810
37.14687
37.40587
37.61124
38.00868
38.25123
38.33201
38.62437
38.83266
5.31856
9.67537
21.11245
27.66027
27.90213
28.17981
28.90044
29.20621
29.33659
29.77161
30.15232
24.30506
35.32910
37.45540
53.04288
53.10867
53.32877
53.19640
53.47458
53.96234
54.28346
54.58945
7.20413
29.72065
31.65582
45.12900
45.55979
45.94795
46.36131
46.63644
45.81572
46.28509
46.43362
14.20752
23.25405
31.54104
44.81308
45.32244
45.91202
44.43704
45.12988
45.43834
45.63498
46.25649
6.89807
12.91667
16.94138
21.65516
21.97151
22.63556
23.26992
23.52949
23.89158
24.11556
24.18259
15.26506
39.91257
43.98801
51.60334
51.88113
52.18892
52.40404
52.54286
53.13155
53.19413
53.36387
7.80813
21.11435
37.02619
51.65263
51.69100
52.13667
52.67627
52.99166
53.31137
53.61895
54.06469
4.12488
19.33456
27.45944
42.54374
42.91824
43.02963
43.39618
44.12170
44.84484
45.26656
45.33689
17.32906
35.59720
45.37173
60.53276
60.84031
61.26018
61.52126
61.94952
61.60968
61.93951
62.33223
11.73259
16.29267
19.31231
26.35869
26.47499
27.09223
27.10774
27.50905
27.54422
28.28073
28.92811
11.24593
24.82881
27.75273
36.18604
36.48963
36.62411
37.24272
37.50060
37.60856
38.38893
38.56906
12.21230
25.55988
27.26570
35.12435
35.44758
35.82035
36.11600
36.35834
36.82217
37.31259
37.85131
31.36529
41.74025
46.82082
54.28195
54.63993
51.79870
51.87487
52.73625
53.17673
53.41017
53.60524
8.26376
12.55694
43.85819
68.74293
68.92100
69.79931
70.37387
70.38655
70.56090
71.01259
71.25191
5.52565
15.76244
31.36743
42.18990
42.33104
42.62996
43.07924
43.44289
43.58376
43.83332
44.07456
