6.79623
18.06863
26.41472
29.67597
38.72416
47.48661
51.47812
65.46565
70.98463
78.47915
86.49903
95.10442
110.65641
123.56774
127.94707
144.16662
153.27277
154.56994
162.38036
28.43765
50.64691
57.66815
67.34391
81.34571
92.75956
98.17055
100.98181
105.65544
113.98498
117.71459
120.69443
133.84249
138.93968
166.15578
171.16939
176.60141
181.89121
188.64295
8.87570
12.53045
14.94442
20.89319
33.12391
39.33366
45.34770
47.85506
60.78771
64.43508
91.87655
107.01168
111.87703
119.48875
122.97253
127.84181
136.13972
138.59103
147.55847
6.56800
25.49879
29.39298
53.28410
54.19277
57.18021
59.03902
61.82117
72.36228
73.19109
76.43579
88.65214
93.27410
104.55384
127.28035
130.36566
133.05657
135.64272
143.54493
1.64347
9.63018
15.85243
34.07040
37.57454
46.91004
48.47198
56.18119
69.06375
80.03396
89.00396
93.97884
105.52820
130.36361
153.84287
157.61986
183.81570
190.17690
192.01579
9.15010
25.62800
26.21446
34.61325
40.53135
48.97084
49.63479
63.55275
70.37289
82.34402
85.17354
92.12440
96.40201
98.10396
100.43315
114.85990
123.25986
134.01913
143.85808
5.25457
9.48498
12.75288
34.55752
52.07725
59.52699
67.79754
75.60522
86.68375
109.47687
121.96126
129.23983
144.23930
146.16518
146.57714
156.45554
159.27180
162.57557
163.57438
21.21711
37.01721
51.30269
52.89663
56.40927
74.09851
81.10559
90.18308
90.57088
100.73251
103.23876
112.55395
119.81734
129.56882
137.51751
141.98307
144.54779
154.32714
160.52681
9.63743
12.31448
17.18616
19.94366
30.74989
37.03291
58.89669
72.25488
86.74658
95.51648
96.56441
101.66006
121.33513
131.76436
145.64503
162.45244
165.17160
174.06659
177.31654
6.20147
14.60927
18.67635
28.69294
34.91127
41.71945
50.84330
67.75878
69.23931
82.11785
94.87146
104.96664
107.68464
117.75890
127.11953
128.92475
132.08928
144.47644
150.81504
17.46414
24.64242
27.46318
28.24345
34.33073
37.72733
40.96529
45.22943
50.95187
54.30908
83.19567
91.43868
102.41183
104.64188
109.87011
122.63855
127.86979
135.10911
143.04346
0.89319
15.37529
24.72082
35.70506
43.07217
55.46942
59.68509
66.88122
68.64412
73.82114
76.51924
78.01646
85.34451
91.08680
93.94451
94.72519
102.45476
110.48236
118.85506
2.53937
6.59690
7.48633
18.12492
42.27707
44.31271
55.51512
58.20009
60.85519
62.03093
76.86862
79.68160
84.44184
104.85418
116.46676
119.78101
125.07386
127.61359
132.60396
1.98140
7.70211
18.09676
22.51153
35.07419
38.36170
53.69518
66.09480
91.10022
117.66678
128.22358
132.19821
151.18989
162.47726
162.99908
171.71747
176.48882
187.48556
189.60518
0.24677
2.57233
8.63682
24.50050
26.58450
37.92599
54.31486
66.51722
82.64904
88.20967
91.96577
104.46227
118.02040
128.02358
133.85740
146.35849
147.15626
153.93581
155.40982
13.61863
17.11850
19.96669
20.79352
23.11372
39.58511
49.20336
58.08651
65.72138
75.22224
83.78714
96.43079
109.81107
114.70748
117.50775
145.27468
154.47681
160.60502
162.90639
0.35119
11.58295
18.15705
20.96266
26.97659
30.58216
33.20539
37.31865
46.06323
51.85686
60.08856
72.92387
76.79675
87.26946
90.70786
93.52886
100.26582
106.33643
111.59529
13.34270
18.90335
20.89186
26.72501
37.29313
44.30500
50.81884
57.73424
69.00868
84.03152
85.80841
88.29462
98.17448
101.12968
106.29777
122.80347
132.88377
138.56709
152.30828
5.07509
14.17305
20.40449
24.10379
47.88366
52.51081
74.92182
83.20313
100.65277
112.13881
128.63226
128.85016
141.10162
141.58033
151.91346
165.28977
183.57111
199.22327
209.37780
8.61889
24.47460
27.47307
43.14449
58.68229
70.21802
80.89200
89.40915
94.45350
115.31194
120.42352
121.30827
130.99831
133.79640
144.09644
146.73453
169.46314
175.01908
175.78700
7.43036
24.94730
25.84432
36.86177
46.17950
48.16995
71.96436
82.91540
91.22753
94.08105
102.87178
108.94088
120.60771
122.45124
125.64708
136.68821
141.95387
150.09280
189.87958
5.36168
9.77704
29.92514
37.89078
59.45898
70.63124
77.90401
98.37689
103.14702
116.99961
127.77668
130.36879
153.84730
166.17065
175.96667
185.57584
201.46966
231.50587
234.28646
1.67648
7.80257
13.70587
17.99010
27.68428
48.53227
55.78742
70.58705
95.65197
105.53242
107.84466
120.98553
124.49245
124.82099
129.21078
134.59147
142.26316
157.68232
167.19730
10.39424
38.03922
48.46774
52.56340
58.45844
59.06936
65.61374
73.67379
83.16232
88.53954
93.59530
109.45003
116.48281
144.75980
146.62666
157.95316
171.47079
174.97031
176.48403
2.97105
7.92889
17.68956
22.93369
41.31488
65.45547
81.07201
88.17153
91.97838
112.30841
117.85337
120.29657
127.98488
190.50294
197.35453
209.11520
214.52341
219.41819
228.50338
9.87577
19.04403
36.05826
47.64989
49.49104
58.87831
68.46963
71.90883
76.22949
77.87462
82.52193
109.17631
111.47276
113.89617
133.95975
137.81685
141.55893
147.78250
149.02630
12.10650
23.48383
32.10489
39.67621
86.94599
87.78506
100.69197
102.71428
113.36066
117.17548
134.07568
139.49732
156.83634
166.46697
177.67096
183.60383
191.51718
195.19631
203.07754
3.38280
6.11401
20.54223
27.00770
41.04634
46.03737
48.86804
54.82286
60.60526
70.15027
81.41682
91.56142
101.57597
105.63112
105.68435
120.57752
124.91984
131.85270
136.19474
3.49060
9.49824
12.54835
17.29884
35.23405
37.82229
40.88804
52.34194
56.72995
58.00149
64.36218
70.11966
71.98476
83.87567
84.62258
98.56225
120.10674
129.52445
151.69057
1.73809
6.24513
8.07511
17.87764
20.64072
32.93137
36.74549
46.69244
56.14897
56.88504
72.34027
79.79015
80.28929
86.77126
87.30306
91.97313
105.19750
105.20138
117.35441
7.74000
24.53297
48.14629
51.26486
70.34698
74.51968
76.97687
88.64346
91.12628
96.34227
101.40131
104.59956
117.60091
131.68156
138.12937
148.56343
157.77535
163.30866
166.01239
21.11812
37.78691
41.20439
43.95946
59.04252
65.06607
67.66685
70.19540
84.76067
94.09545
98.70638
104.06154
136.06239
141.02070
146.71378
163.60369
176.26747
179.71442
196.86505
10.41867
17.33257
23.76538
28.50334
38.39307
39.58703
40.20491
45.01628
51.12619
57.23779
65.87988
67.71734
70.01792
86.11698
103.92277
106.49043
121.32597
133.94628
143.03863
9.74524
27.86649
39.40839
44.79736
58.16130
60.10022
65.47132
68.93563
83.65771
91.64825
97.58538
113.85266
126.37872
129.47878
132.18732
136.27314
148.70308
153.73467
155.51344
0.79166
6.43081
12.25843
15.65695
33.83309
39.68029
53.75206
72.00876
73.20821
95.73174
98.05296
108.66384
120.27528
132.26260
138.54917
146.23339
148.89678
150.63217
176.50787
5.13694
10.50767
25.32734
25.93591
33.42473
43.24636
47.37826
58.65770
64.57330
76.93665
78.02616
82.16785
85.99592
93.65474
103.98603
107.09069
122.36776
125.25956
133.27663
1.35079
6.24016
11.87930
33.91694
42.09438
51.65248
64.16620
67.53736
74.92219
92.00305
93.44153
108.60925
111.12995
120.50088
150.27422
167.24841
181.05296
193.19385
208.03356
8.60441
16.09486
22.30016
28.86210
33.87845
42.74220
51.14510
58.71186
65.50230
66.63486
70.54765
78.83141
78.83688
85.40081
95.70643
97.15034
98.86166
107.77986
112.40474
5.43705
15.01282
23.63321
28.20074
41.61503
43.90517
61.45965
69.17178
80.80180
90.35610
101.93264
108.03159
116.25397
119.24156
131.98145
133.57429
135.96271
159.28850
169.71601
7.44310
31.63251
35.98974
45.11491
53.15494
58.92559
67.69187
69.04198
94.70199
95.29257
107.21833
133.38366
160.78670
173.87327
179.53105
180.20341
197.87111
205.41024
212.03316
11.98891
20.12230
27.40056
33.94311
38.78024
43.53471
46.18213
49.67434
56.59470
84.13771
96.64785
100.21590
107.88463
120.69643
126.40617
129.22168
150.32050
160.54910
162.03519
4.99036
20.68321
22.62803
28.85511
31.62073
47.15852
64.74578
78.22076
84.18378
88.59107
100.44955
102.54996
124.02000
126.98941
127.23109
138.32459
139.23812
140.53719
146.23475
10.00928
16.14977
18.10595
35.93170
42.40879
53.42594
65.95400
88.62804
92.41361
96.44231
104.17494
111.49567
130.86285
149.44430
153.47977
154.91093
162.01796
165.51666
178.14382
1.91659
10.00278
19.20459
35.28203
49.06505
59.67869
69.34561
71.66699
77.23626
79.49432
87.91247
99.09766
119.13922
128.65112
138.40921
149.93520
152.34666
171.57452
177.03806
6.03350
17.04692
33.12532
36.71910
37.36754
59.57410
66.78432
75.41071
81.30602
91.99184
122.04343
131.45635
138.43703
153.60090
155.21464
172.41720
180.83872
186.79235
197.58991
0.42640
1.85319
3.82095
10.84842
12.82817
17.48908
27.15688
36.30957
44.01335
51.53082
54.38961
80.69967
89.12546
102.27387
108.64963
117.25915
120.49721
131.01855
141.45648
1.41140
5.07840
28.92020
35.56496
46.27076
56.67380
67.68443
74.86198
87.59314
91.66735
93.30574
97.36172
107.35478
110.00917
113.82633
125.17391
137.52189
145.77353
148.94733
5.52391
11.89336
14.17941
22.34067
34.72842
37.63968
47.41768
58.41742
63.69666
76.19808
78.93003
98.67378
104.72841
123.10633
126.02052
129.43053
133.12919
146.49754
167.62152
1.62083
7.97719
13.68539
33.66523
36.18127
40.29230
47.80835
56.87621
66.05559
70.82118
89.42248
91.26745
96.76295
122.41875
135.15026
140.41399
145.16988
151.43274
155.61999
5.05520
14.81640
24.40206
26.72992
31.31876
37.91244
42.59942
49.84607
53.72477
65.60995
67.38541
70.18205
78.63686
91.50473
102.78012
112.25988
114.50151
123.87638
127.87634
7.71604
10.39662
19.98558
36.17692
39.46149
47.09321
49.28195
57.81532
63.51380
78.80044
84.45535
90.62540
94.17429
98.59728
102.42153
113.23794
117.20942
127.46544
140.08718
20.15206
25.65736
31.05948
37.16967
53.14109
54.70057
75.22798
83.15210
92.76230
99.46421
106.48336
127.46816
134.34082
141.01082
162.74002
167.57463
172.28757
182.33043
192.10637
7.02114
16.92931
38.77073
44.00630
46.93190
67.90719
72.37085
73.88017
77.84009
78.61740
97.34177
101.93182
115.61043
130.43628
149.64880
156.31632
158.41137
162.10425
179.79326
5.66116
9.67529
25.26667
32.91513
36.32893
40.67903
48.03036
50.29446
56.77119
60.97238
68.24023
81.32487
89.69185
96.45203
111.83947
124.26436
125.00421
129.31264
139.93371
7.07622
10.21882
22.58765
29.17110
35.45824
38.02832
45.40306
54.67772
59.27001
69.32161
69.49249
79.75732
82.01195
84.14944
86.08778
91.87554
104.53769
123.45328
133.32373
2.20539
4.17408
4.86950
14.81157
24.44908
29.96583
36.92515
47.14053
54.00781
61.34595
65.85679
81.10490
85.62495
88.47091
114.53256
120.34239
127.29405
135.11608
145.98868
4.68204
16.57118
26.60820
30.99776
31.33669
54.66759
56.02816
65.48930
74.16570
82.94733
99.43472
107.44038
112.54086
127.39322
136.23234
139.99161
140.58543
142.83192
146.20974
10.80994
16.22932
26.63176
37.79786
42.88303
54.71592
61.02026
62.94296
78.06830
89.50762
92.49970
105.99955
122.91163
125.30687
131.53311
146.93689
164.79796
168.08046
185.04740
2.92915
6.32442
12.59912
31.14862
35.25860
48.70443
56.81978
64.33663
70.29216
78.58053
95.03829
100.94813
114.16358
117.79635
124.22324
132.07949
134.70037
141.46385
141.75299
0.68730
22.88387
31.06779
43.16007
87.63025
89.34748
104.75027
112.78073
123.50910
136.14058
141.06318
147.63145
153.62469
154.37317
157.85990
165.23694
180.13139
180.59919
182.10415
18.05367
22.47158
43.44044
52.34092
55.72177
58.29014
60.33410
72.13661
78.29959
87.33378
98.39346
99.60545
119.88857
133.11840
135.36757
143.37029
154.39528
170.69522
176.03446
2.31392
21.37904
30.66987
34.65137
41.34703
51.01236
52.43001
65.52264
70.67462
77.63027
81.46910
85.02013
90.64518
96.34367
103.91663
133.07433
152.71316
180.37150
195.17601
2.32848
5.71388
13.70870
23.56348
29.83634
57.77173
60.99362
66.12199
75.54994
79.94142
81.13229
87.47506
96.48394
98.98268
112.38735
118.88349
130.63227
136.15499
150.49554
11.71994
18.77947
26.20919
27.07385
28.92231
49.02164
54.53356
59.58768
71.68442
79.27807
85.53703
86.25703
101.35451
103.92678
104.52044
107.95548
110.85639
117.96591
119.46116
12.98602
18.04529
23.89265
30.57432
33.63985
37.74080
45.34927
58.78375
61.37366
69.85850
73.99734
79.43978
84.63603
97.68968
117.66413
131.33934
140.09791
144.02685
155.84393
8.64272
29.74783
35.54196
48.23725
61.97356
74.28002
79.26180
81.96530
85.14694
94.04287
99.24172
117.26053
121.79248
133.66747
148.98775
154.42338
162.80084
179.20753
186.71049
6.72133
10.78362
22.87310
31.28419
68.33117
76.13400
85.48229
94.21209
110.53054
114.99021
122.04723
143.00673
151.11915
151.76886
165.12067
171.23656
177.01415
180.09799
187.66202
5.08050
10.71199
18.28541
25.87534
29.76859
33.86627
38.37037
46.35344
52.49520
55.89131
61.68918
62.20359
64.40362
78.07606
94.40699
115.58761
116.60935
126.10136
127.70460
5.03689
9.77878
38.83323
44.34432
47.73184
52.42639
64.47142
79.48723
90.67062
94.95130
102.26045
112.32038
118.66122
126.14942
127.34295
140.35780
146.11376
156.74563
158.35865
7.76747
20.73185
23.43260
45.17892
77.14076
84.16824
92.55416
105.56232
107.82219
134.60474
140.80253
142.92269
154.40320
157.18539
167.00841
170.96880
172.76454
176.41620
181.10583
5.51527
12.97302
18.41313
19.79397
39.42005
46.51264
53.20816
62.08442
73.72628
82.37425
89.53833
104.06915
104.23447
106.65312
112.05978
123.04625
133.65840
142.22388
157.54894
17.80137
23.93860
27.17579
31.38282
45.32349
67.08004
76.96857
82.29039
85.45915
86.79529
98.71220
103.63501
115.30429
118.23471
121.35433
126.61776
142.64536
143.23462
150.37786
12.91290
15.38520
49.34725
56.68188
64.13181
74.17218
81.28518
96.42070
97.42828
102.64108
115.44524
120.63713
128.24453
130.41839
154.49006
158.17378
173.97517
178.32872
191.76132
1.20522
8.07764
11.85774
18.84395
21.77412
25.59041
34.04482
37.59861
48.98432
67.66412
74.96044
79.37422
82.55456
85.11623
106.18003
109.31007
129.83226
143.46829
158.47215
24.08639
27.25333
49.26658
50.78028
69.93446
78.09681
85.31279
92.37846
99.27635
109.31115
112.74694
123.64800
134.10082
138.79399
141.54267
151.63169
156.40796
171.42592
174.99114
11.27370
15.48171
36.82942
52.16587
74.37302
78.78065
80.76987
85.07916
103.14602
110.88908
119.28465
134.87544
143.00351
154.51347
158.25723
166.49874
168.88393
174.08410
192.38989
10.90958
16.97297
32.70937
37.95158
61.20343
61.99548
68.58122
74.30242
82.08272
91.20503
96.67795
104.49371
113.39940
119.76786
123.84477
127.93091
135.01627
143.81697
162.26771
3.20955
13.81767
17.11073
20.40699
37.66743
44.12769
45.69205
47.82152
60.51422
66.90215
74.70279
82.96462
90.60569
100.08406
101.90207
110.24552
123.69286
130.49479
136.72054
10.74257
18.69491
40.46002
44.55697
51.23734
62.15280
64.84484
79.94609
83.62302
86.71406
87.49086
91.49720
101.43997
101.63434
106.23655
107.46502
111.54225
120.73179
145.64765
8.00388
9.66886
17.09202
28.90642
32.52300
35.74861
43.50729
46.82324
63.36734
66.74251
77.94968
88.45028
97.16876
106.92548
123.99318
135.73299
137.76522
140.24384
144.26981
6.67081
7.53440
9.01486
11.60734
13.97211
14.84220
22.52432
38.00394
53.58113
73.10759
75.26769
88.00511
102.55748
104.78212
108.02842
111.02546
119.65864
124.79401
125.38994
8.68904
18.97022
19.78807
26.35157
39.72024
48.28074
51.58908
56.50546
74.22233
78.29830
91.10890
99.16431
109.52940
113.26903
119.65228
122.06444
126.36426
138.48111
140.25788
1.55971
38.04600
43.11279
54.75077
60.38041
75.03147
81.42474
84.57973
95.55421
105.92453
122.40362
126.41188
132.68807
134.10800
141.86334
147.86868
153.06986
156.70314
160.27083
2.80775
12.79513
22.16424
29.45873
35.16777
40.34328
58.34276
80.40430
84.85732
92.93405
97.51474
104.74296
108.17020
126.50072
138.64935
142.69419
148.82011
167.17806
170.18698
6.87847
9.55607
25.96119
38.45745
43.92512
51.96797
71.76238
89.78469
97.64540
99.63265
101.76648
102.67978
104.84500
113.32370
131.74053
133.76943
140.14532
143.20328
146.36351
9.85831
14.74708
30.83782
35.31544
41.71066
64.56791
71.40893
76.72979
83.32392
100.05746
115.56141
122.78149
133.02294
153.52609
159.08483
182.97586
185.27302
189.99683
194.48114
12.44119
15.97336
20.14469
29.86120
40.51644
48.82809
56.15579
59.10225
62.33237
69.72634
72.89758
86.70236
119.83002
126.39515
143.53143
151.64746
163.91024
173.46113
178.02647
12.45216
15.94051
38.86910
41.08070
50.91009
63.28643
64.37911
76.64168
82.41864
87.89201
95.58138
100.88675
103.62250
108.76097
117.21088
127.75400
130.19260
139.05849
154.00139
3.26871
19.52654
34.55461
44.31895
48.56779
51.19801
58.63924
65.71146
72.44936
75.58236
81.83888
83.77311
91.56865
96.07171
102.11632
105.44642
124.21051
130.08836
140.12824
4.63961
5.64271
14.50808
23.64829
32.55288
38.51673
40.84750
43.92700
53.21113
57.29229
60.67779
75.02676
77.78980
86.33345
95.76423
109.03101
113.28028
126.67445
141.22031
9.80192
15.84460
21.48496
35.38421
44.25960
53.34590
70.08637
74.86703
86.11502
93.38183
95.15218
99.03477
117.52029
122.95242
139.76089
145.19927
145.45643
157.85067
162.44604
7.82533
22.06853
43.91906
56.96425
59.99810
65.67740
82.43959
96.03718
110.26304
118.29145
124.97668
130.87023
136.99258
137.27734
142.45664
159.01173
169.57718
171.43428
189.65553
10.28798
25.47032
42.07719
68.81174
71.25841
77.88104
83.06640
104.58479
109.81951
120.94869
130.22023
137.84659
142.34483
151.16457
168.33549
172.68813
187.78977
229.64616
234.97243
5.92554
11.98210
17.99643
21.85336
40.36256
55.90182
61.01100
77.89083
84.16369
102.88394
114.78220
120.24342
127.22014
137.83122
141.19890
143.12566
152.60104
165.02800
165.38336
2.45678
8.82137
11.09924
16.61961
24.85007
35.27921
60.77752
65.54532
70.60921
83.06097
89.31836
95.85037
98.61154
101.36646
108.42152
125.09260
133.31343
139.79089
141.18403
11.57012
17.13547
22.54988
38.48729
44.68404
50.68410
58.34714
76.36059
84.09232
92.44577
95.75860
104.09141
111.51969
118.22668
134.28290
143.10229
149.98955
153.98529
158.81614
10.12127
17.76981
20.22243
27.01496
30.20425
49.50793
50.64682
54.98701
58.07107
67.78774
72.53548
78.44776
93.79452
109.39491
113.79209
124.72111
140.89010
147.70903
171.99637
16.34316
25.38207
37.05857
46.59858
48.83853
54.08349
58.89448
59.63447
69.41172
85.40537
104.05486
123.72507
124.23040
139.11974
148.70429
150.54228
153.30769
160.17011
164.27482
8.34061
12.20943
24.41955
24.84986
29.78661
31.56048
35.79173
46.17467
54.10964
56.45304
62.14901
86.98842
93.53995
100.99537
110.35847
128.06354
144.91397
152.74199
157.53096
14.45158
33.95119
48.41533
62.58985
67.11833
67.63863
89.42590
91.82954
112.11250
119.42929
124.40577
131.06823
133.88902
137.63026
144.91157
153.39474
159.44744
183.48135
186.14292
