4.75348
11.82792
18.17961
20.99543
25.40358
31.31052
35.34482
37.24541
39.83987
43.81020
46.06289
52.67231
54.65309
58.01047
58.97940
60.56468
62.06464
65.43067
66.63407
71.10229
72.19058
75.13892
80.35212
81.75621
85.87292
87.96614
1.56627
3.53912
8.62835
13.43349
17.42678
20.82334
22.65661
24.62893
26.69318
30.99562
41.97480
46.79779
49.91927
56.98386
62.24512
65.60693
68.10316
70.79553
75.48678
73.74357
74.76095
79.28669
82.77259
84.52852
87.90998
90.39442
4.26440
8.21573
12.55329
15.30111
18.28836
21.82663
26.46668
29.62544
32.14130
33.67293
34.95670
41.13496
44.57440
48.11005
49.99097
52.58838
56.79670
60.66579
64.79386
70.22317
75.02904
78.70570
82.43878
85.16313
89.16146
92.79085
9.52173
15.61574
19.00489
26.92537
29.32842
35.09288
38.17766
43.67846
46.22212
48.63251
52.86196
59.38131
61.84548
68.29283
72.96722
76.49437
82.96235
86.96987
90.63869
91.51157
94.02183
100.51199
101.96738
104.01628
109.47729
111.46123
4.64970
6.08209
9.71362
12.57331
18.47808
21.96685
24.39088
28.14148
30.65798
37.18380
40.81728
43.68536
46.48763
50.25380
55.30073
60.26756
65.57877
70.43616
77.08533
78.07107
79.03247
84.52501
91.63856
93.49799
99.17608
101.03478
6.31617
9.59552
13.51039
16.46541
19.37212
20.61693
23.24564
26.66584
33.22588
36.63469
47.52960
51.75542
52.69686
57.37144
60.42330
65.05797
68.11978
71.71623
73.73853
75.85275
82.86539
87.71097
92.45557
95.19126
96.97273
101.98413
1.89793
8.74478
15.33991
16.43175
22.76292
27.94334
32.03342
41.31102
47.29474
49.77229
52.61914
57.61591
64.23921
66.34334
69.79600
76.89415
79.11230
79.97233
81.30438
87.19383
96.95101
98.71272
102.17283
108.04807
109.03492
110.54532
1.73677
7.90068
11.16940
16.78283
20.04996
24.21050
26.27981
31.86613
37.73093
42.52826
45.01742
46.98105
49.21503
51.08754
54.07621
60.57751
70.07858
72.42710
76.64458
78.16775
79.05216
80.86099
88.06618
89.77257
92.62637
95.29706
4.15849
6.89258
13.30971
17.83884
18.61947
20.87067
21.75362
25.43273
29.41979
35.64607
37.97683
40.88992
47.80904
51.39313
53.61838
56.83416
59.28025
62.82554
69.06852
72.27808
75.88141
79.47592
82.59046
90.05594
92.85615
94.60552
1.47469
5.46441
13.41337
15.62987
18.99783
22.30469
26.21528
29.65272
39.40822
41.57161
43.83667
47.06494
47.50472
53.42432
57.52211
61.78789
65.21077
68.66494
73.29546
77.37063
82.72620
85.40148
89.63066
93.67124
93.60583
96.18549
6.97162
13.40268
22.36361
28.63539
30.27092
33.52148
37.18442
42.13149
45.27245
47.41316
49.13264
51.08044
53.66390
55.02595
55.04436
62.22642
63.81503
69.52451
74.24425
75.76723
78.92992
80.76791
83.63994
87.99091
92.76836
96.93858
4.68227
10.08058
12.02515
16.64810
18.28076
22.87979
26.58747
29.73917
30.26950
38.31909
42.09278
45.25099
48.55902
53.51353
58.84021
61.85479
64.34618
70.42383
73.30574
77.64417
84.15437
87.41397
91.82258
95.83125
98.66729
102.76774
7.71400
15.08016
16.78382
23.76122
25.56516
29.36269
33.97953
39.10526
39.85741
40.74474
43.50611
44.33877
50.41801
54.16271
56.32383
60.03049
61.00479
63.67422
66.00917
71.81950
74.77800
77.22115
77.90387
83.22962
86.61145
94.80055
7.07425
14.95654
16.63684
20.57717
23.22926
28.10818
33.47949
36.11347
39.21730
41.26759
43.46736
49.04943
54.17094
56.17401
58.97700
62.23836
67.91053
74.62049
79.52644
85.25397
87.36917
92.46620
95.10654
99.26157
101.81441
103.36511
3.54737
7.66459
17.20093
22.30101
26.29722
27.86225
30.63361
32.54372
36.39859
37.57506
39.12914
44.48896
53.12184
55.92828
61.26532
67.63589
71.98459
82.72501
85.26773
89.10328
94.41976
96.77491
98.68709
104.08222
104.83564
112.18857
4.01585
7.71909
10.94262
15.05347
19.65735
24.30854
28.29643
28.48075
31.88909
36.98331
39.28753
40.92098
44.02910
49.73051
52.56850
55.94350
59.40110
62.53934
65.72321
69.38907
72.36582
74.50843
78.86808
85.74525
92.28237
95.59903
2.04911
7.92041
10.03890
11.63974
15.28617
17.62511
24.77725
28.97075
29.95204
33.94066
38.40667
47.50074
48.56019
54.84414
58.51940
61.83544
65.29231
69.11280
75.06411
79.57559
84.12051
90.65121
91.51027
94.47790
95.44219
97.72723
2.67490
8.91809
12.67548
13.16418
14.75548
18.03048
21.69344
25.21963
28.31950
30.55198
37.96488
40.45316
43.96904
53.88315
55.71499
60.74459
70.18986
71.27411
77.05983
77.13563
81.27125
85.53108
88.72740
89.56039
93.21174
95.60515
1.60775
6.33664
13.17619
15.30372
21.47424
25.76713
28.91909
34.90611
37.16822
39.91903
44.30251
46.60701
51.08765
54.17773
63.09886
67.42659
72.50216
76.46676
79.07013
85.54085
90.48135
97.04902
101.54054
104.14506
105.91057
108.75330
5.36076
8.14280
11.22703
15.72664
21.17779
29.14481
32.05863
37.14285
38.13297
40.54483
43.97241
49.59917
53.28029
57.34854
63.34177
69.42597
71.92699
75.99732
78.27854
80.83599
82.69554
82.83747
86.66533
88.63230
88.63669
93.07731
8.18965
12.15725
13.72467
15.46093
17.97215
23.42105
30.30941
33.24492
36.01033
44.10562
46.38321
51.93607
57.74988
59.07939
60.30581
63.53211
67.59614
69.32530
71.22729
77.17401
82.24755
84.69057
85.81615
89.19132
92.02251
98.31861
5.40617
13.96367
18.46009
22.71755
32.72836
43.35210
48.69803
52.25642
55.91602
58.39289
61.41598
63.26235
65.52879
71.93433
76.58747
78.26624
80.34730
82.34754
87.74015
93.42540
97.73635
101.86570
103.45973
104.45559
107.42712
113.46136
6.33180
10.28106
13.09153
16.71682
18.35211
20.40568
23.93387
29.88753
31.01091
39.15472
44.50547
49.76427
51.01985
59.38999
60.13844
65.33127
72.52978
78.25645
80.50909
83.78698
86.83225
89.21708
94.77073
95.72539
97.68387
100.93258
2.48275
4.24306
9.09604
13.43907
16.45475
19.70558
25.65499
33.17049
35.48811
37.57669
42.79376
49.14610
50.43724
55.94492
58.21202
64.06590
66.95701
69.14551
74.34029
76.17255
80.45586
81.15989
86.61091
91.08275
92.53399
94.56174
5.24807
8.92345
18.46448
22.53038
24.91697
29.16955
32.32433
35.21656
37.85628
44.27958
48.72183
55.80378
60.36396
61.11599
63.92779
71.10064
73.00197
74.25331
77.99488
83.67323
84.92172
87.11735
90.30163
92.00430
93.36741
98.65328
3.30705
6.01296
7.77970
11.91306
17.22330
21.61302
26.26582
28.73109
33.54458
36.56892
39.30193
44.96921
54.27032
58.36019
64.23716
66.54152
68.07829
73.58347
78.05071
81.04966
84.55281
90.45328
94.62415
96.49815
96.78764
100.10965
4.01468
7.36996
10.85524
15.35829
18.36211
20.19707
22.48980
26.79187
31.60731
37.04998
41.29504
46.70070
49.15298
54.59875
55.14086
57.93698
59.33744
63.54351
65.28714
67.87806
71.57452
72.35417
75.42971
79.13350
84.17997
88.29637
4.12216
9.55493
14.67647
17.42379
22.54774
26.80009
34.26471
36.00384
40.45635
46.00838
46.41352
49.15689
53.98391
58.93041
62.26422
67.84968
70.53367
71.17230
74.35585
75.40198
77.57632
79.87927
86.21971
89.27696
92.45807
95.16012
6.04863
13.40164
15.52230
18.41379
21.64550
23.56650
30.00064
36.59829
39.73684
41.05989
42.23236
44.31285
52.42726
53.63712
56.27193
58.72601
61.85360
64.10683
69.57280
72.26959
75.14175
81.85367
86.85687
88.55905
90.19383
92.46066
2.58447
3.66173
8.52518
15.71798
20.97341
24.71478
29.19265
31.78811
33.80899
39.92549
42.39659
44.48254
47.79373
49.47583
49.84046
52.26456
53.72438
56.27273
58.79458
63.61472
66.53796
68.27328
72.48682
74.28291
83.00314
84.68633
7.23739
11.94732
16.47999
23.12838
31.16339
33.69459
38.82698
44.39111
50.28974
51.46806
53.98019
57.77685
60.01447
63.34313
66.68137
71.17521
75.10260
79.79259
85.88716
89.28591
92.86615
97.11205
103.18114
106.27651
107.29946
108.66125
5.92630
7.67964
13.31745
14.73518
19.48801
21.32887
24.13650
35.35197
40.02158
46.68705
49.33533
51.67777
52.90586
54.01090
57.52357
60.82582
63.85676
69.07775
74.38685
80.05833
84.17462
87.26576
90.60272
93.53545
96.46567
100.56751
2.19712
7.20577
9.84168
13.70001
17.99658
20.12254
25.06505
30.78556
34.04471
38.26899
42.33824
47.51978
51.59870
53.44130
57.37870
64.80050
66.91152
74.00165
77.68411
80.05794
85.42445
89.58218
91.29273
94.04812
95.76426
101.08374
4.64454
6.12450
9.19885
12.91854
17.17534
18.66346
26.11649
31.67952
34.13360
37.01568
39.08813
41.50451
47.02219
51.28028
55.86464
56.57298
61.46758
69.75090
72.53098
74.52032
77.76529
81.78955
83.26359
86.64446
91.78357
95.24056
5.64283
8.36745
9.59602
12.43439
18.68628
21.42416
30.80009
39.33762
45.74678
51.60367
62.18027
66.93906
69.25625
72.93216
79.31500
85.83935
88.94956
90.75209
94.79240
100.53293
101.49483
105.16278
109.53412
112.57804
113.56202
120.51257
2.27598
5.23179
11.65561
18.26481
21.74566
23.60202
26.29265
28.96233
33.29348
36.46432
41.14809
45.17189
47.64292
50.43833
52.97764
54.69165
56.80688
64.20128
65.41854
71.76583
75.20938
82.14918
84.12760
84.60920
87.40143
91.30105
1.25845
6.57731
10.30046
18.16427
20.87988
25.56486
26.94988
28.68550
32.69742
36.38276
40.77669
43.84628
49.93932
58.56104
62.92960
66.20091
67.73901
74.07905
76.30358
83.42838
85.18595
89.43260
93.41446
96.31417
103.79845
107.35900
7.34805
13.84191
16.50295
18.93899
23.42157
25.96283
30.61617
34.12867
41.66956
44.16952
51.86395
56.07949
62.78831
65.67627
72.35133
75.96893
80.74164
85.44932
87.95079
90.60600
94.20413
97.35463
103.82654
106.58283
108.40305
109.48188
3.66199
6.51137
12.17714
16.91891
18.46737
24.14425
26.95578
31.11177
33.06939
36.81959
37.69310
45.81446
48.74146
51.59234
55.91317
59.62161
64.47987
71.95328
77.64437
83.21139
88.86338
92.72101
96.66738
99.40893
106.63650
111.12029
7.41440
11.09125
14.90639
28.49474
31.67431
34.04349
35.50529
38.03549
43.08924
44.98722
47.58330
51.36659
58.50119
61.05214
62.37927
65.56988
69.25797
76.94176
81.91880
82.14697
85.84487
85.27112
90.64546
93.53109
94.53797
101.43585
1.44603
8.46906
12.34004
17.03852
24.02822
29.37551
36.57961
41.71309
45.19332
46.47872
49.75150
52.85105
58.09448
61.70539
65.13485
73.32708
73.74296
74.62559
77.75006
81.67556
88.74825
93.42496
94.62707
97.16785
100.29230
105.66638
2.55710
4.24406
10.39469
16.19655
19.10281
21.46640
21.87089
28.25434
30.12673
34.88158
39.38579
42.16097
46.67687
52.88149
54.87341
56.07653
58.21162
60.40285
64.76051
68.12467
71.87035
76.88708
80.87338
85.01141
88.98086
96.41501
2.94510
12.03942
16.76429
19.63915
32.35394
33.56318
35.87930
38.27802
38.37657
43.93962
49.49069
50.25926
52.94860
56.39714
59.49305
60.89200
62.25775
64.03641
64.34588
70.30539
73.51815
79.49238
82.46078
84.55637
86.12629
95.89939
3.66919
8.28651
12.40495
21.06357
26.70014
29.22921
30.30788
36.06074
40.82469
45.51662
51.67138
55.88096
56.68903
63.42805
64.88958
69.64381
75.26965
77.16980
81.02935
87.86640
89.50333
90.53926
95.35288
98.74725
100.36090
103.34360
8.69721
12.02231
13.99940
21.38066
23.90599
30.73176
33.25428
40.47272
43.30967
46.37705
52.06193
54.64583
56.71682
59.61053
64.86489
67.90877
72.82046
76.05341
80.31510
82.30350
84.77122
89.81365
93.91096
96.14378
99.60192
105.22042
1.90220
8.28425
11.37835
20.18866
30.16914
35.96243
40.41211
41.95178
44.63180
47.08433
51.27926
54.73417
58.44754
62.30710
68.32365
71.30340
75.12353
75.19119
80.05978
81.97836
82.95907
85.86554
88.12679
89.51165
91.66311
96.46000
6.93446
9.10593
12.73177
16.17661
19.30400
24.22875
28.53498
32.78812
36.91595
41.33756
49.22173
53.30892
55.47482
59.51322
64.33263
64.74973
75.65516
77.08761
83.27345
86.33280
91.04333
93.85274
103.23991
104.61942
109.03979
112.17709
4.93453
12.73911
16.95670
23.03809
29.03877
30.03245
32.53644
37.51972
41.60045
44.62327
47.51234
54.60726
59.12391
65.41948
76.64104
80.05270
82.87053
90.15325
93.05949
97.89448
99.90513
104.36937
108.45708
110.29587
115.67127
116.69242
3.98147
8.01122
8.67559
12.30673
18.82714
24.10602
24.35177
27.35873
32.05935
34.43394
37.06854
40.07049
43.60669
46.19559
46.65609
50.17734
56.66168
60.64780
62.33714
64.49126
68.83855
71.01032
76.51249
80.41985
82.48148
84.95053
4.61942
8.63770
9.47738
12.47313
17.59940
21.80842
25.59945
30.37799
32.63598
37.01619
39.17461
43.63809
44.68830
49.63402
54.26869
60.70595
70.03731
76.85860
81.95187
84.21127
86.95250
88.91720
89.86337
92.36129
98.32433
102.60033
6.28565
12.77601
14.49673
19.27133
24.13233
25.82571
29.72338
33.90213
35.15677
37.73274
45.55289
54.32080
61.57284
64.51169
67.22389
69.40592
71.15073
73.53717
75.33505
80.64928
82.72696
85.59256
88.28529
93.46191
98.80031
104.12641
6.81567
8.49851
10.07318
14.30199
17.21758
19.59118
26.42725
30.25033
34.84754
38.83813
43.19366
47.82224
48.95487
54.29453
56.26500
58.09214
65.27264
67.61995
70.20725
74.43880
79.45849
84.96915
91.48894
93.93203
97.43703
99.80383
3.61968
6.78834
10.49897
15.29947
17.92930
21.25303
28.30668
29.70286
32.08099
35.00079
39.96277
41.86410
45.02546
49.98535
50.37637
52.18001
55.82074
61.81077
67.07522
70.19133
70.46832
77.61467
79.13910
82.37618
84.27817
88.08587
2.82098
11.30489
16.59077
23.28381
26.97308
29.56495
31.48419
37.55660
40.31681
40.76702
48.19670
49.88189
50.82689
52.46396
55.25554
60.05097
62.81390
71.01422
73.75416
77.61643
79.00031
81.01608
82.04339
87.62362
89.31973
91.39776
3.06987
9.24500
11.37656
15.12361
18.91739
19.71234
19.93627
27.33536
29.43201
30.70860
32.63890
34.25444
37.67645
45.87136
49.55823
53.58550
57.33795
62.51931
64.41365
67.52455
69.57229
74.42328
75.08741
80.15493
85.36342
89.92649
4.57551
8.17538
14.37828
22.64250
23.31780
28.96203
30.98362
34.87898
38.62998
40.33074
43.92541
46.91015
52.43263
56.27261
57.37769
62.64949
74.75002
77.16534
78.22883
82.02516
86.83731
91.65196
95.02408
97.99131
104.60648
108.73853
8.15154
13.71276
21.04185
26.45058
28.70056
31.59896
37.22916
37.92390
39.85525
41.66658
48.23355
54.29800
56.37040
58.65736
65.49800
67.65134
71.05225
74.35815
77.39320
79.04537
85.85279
87.40031
89.58396
92.38221
94.32151
95.98426
3.00410
7.04225
14.14592
17.84775
22.85160
24.12861
27.09967
30.85520
33.26500
34.97020
42.23863
45.40358
50.69856
56.08522
58.75873
59.00541
59.27030
60.52019
67.93290
70.35210
74.27685
76.28786
82.87740
85.44779
86.90762
91.10581
4.31005
6.41016
9.64326
16.53543
18.90149
22.97901
27.59309
30.37629
36.57804
40.87570
43.06156
48.93578
51.60560
54.37393
57.56498
60.31165
64.67807
70.14506
72.24954
81.05863
84.40527
89.71646
90.57718
95.36478
97.27754
100.12881
3.30599
5.63977
10.53930
16.50106
22.42431
24.67265
30.34477
34.66464
37.87977
41.92634
43.10562
46.51692
50.54426
53.32607
59.30314
64.30130
65.93731
68.58368
69.18902
73.53446
75.29473
77.73078
79.38632
84.10496
88.48358
90.66398
6.70063
7.91496
13.85176
15.22594
21.34857
25.66282
30.37369
36.95261
38.74372
42.48056
45.23756
46.03953
50.96654
55.61343
60.88607
64.16384
67.98386
76.06914
81.13444
84.64810
89.76219
90.84311
93.14738
96.36432
97.25139
104.68361
5.34608
10.71369
13.05525
15.52324
21.55634
25.65732
34.95065
40.81543
41.24999
46.12630
48.72545
50.67910
57.08860
60.49709
66.94411
72.77479
75.34151
80.76821
89.36670
97.84084
99.75491
105.70733
109.74209
117.55536
124.49821
133.83739
6.79899
11.93423
13.28618
14.22871
17.32568
21.10736
24.29479
25.53297
29.87647
31.97197
38.54580
42.55004
46.10815
50.96629
54.19674
58.62244
60.84890
63.24669
67.11007
76.47061
80.31602
84.94014
89.40941
95.42698
95.83750
98.52572
5.38334
9.25985
12.03952
15.55884
18.83386
22.03906
25.11246
35.70702
36.57443
39.17271
42.38703
43.43884
46.08570
49.17854
53.52970
56.36408
60.47895
70.12380
73.97361
77.69837
79.23669
85.22000
88.24283
93.01826
99.34176
102.85402
2.90494
6.40926
10.26675
13.02186
20.21569
25.62233
29.99887
37.67446
42.43082
46.88158
47.17939
47.54215
55.76431
61.72431
68.21536
73.59695
78.47444
79.32676
83.07064
87.84895
93.34210
94.92667
98.39877
103.20262
106.46988
112.92393
4.06409
9.86964
10.81114
15.84467
19.03395
21.26908
23.22716
25.72585
28.84344
32.40233
38.99080
40.71165
45.13827
48.56924
53.41829
59.30185
62.49833
68.15493
73.46334
75.63579
82.54091
88.37142
93.54668
99.35907
104.61782
109.62193
7.47562
12.40540
15.26697
22.15848
24.61172
27.51789
30.39975
36.32036
37.47458
41.97100
49.88853
53.19334
55.19410
58.94439
61.25439
66.64596
69.99822
71.56043
73.13413
76.95316
85.69442
90.18034
92.60808
97.00929
104.72613
110.05794
5.60781
7.91827
11.12692
17.41237
20.67129
30.33490
34.66289
36.89754
38.02771
40.80529
41.53709
41.79381
45.19471
48.54358
51.65921
55.22764
57.75081
60.45373
65.00795
68.75997
73.31031
78.03140
84.65932
87.76351
91.33486
92.25090
4.93003
12.96842
15.43100
19.81228
25.99823
28.37373
33.83743
37.24846
45.94786
55.38617
58.57181
61.61877
65.68355
68.96756
74.12037
79.12108
81.33735
85.00031
87.52137
93.34442
97.21653
104.92012
105.65672
110.75335
113.51606
115.91662
9.08945
15.16732
22.48557
25.33488
29.43290
33.20184
38.25496
39.37842
40.70623
43.74674
47.41987
51.25472
54.66540
60.33772
65.38171
72.33697
73.08295
77.20191
83.48746
85.42991
87.26648
92.41236
97.60900
100.08314
105.51412
105.51897
2.78883
5.80515
9.81633
12.12515
16.92246
24.50353
37.09559
40.22452
46.30837
49.51921
51.65377
57.97931
62.62731
68.33564
76.17838
77.77928
80.84284
82.79795
86.59831
92.36442
93.60016
96.42017
99.92498
105.93114
109.70786
114.11467
2.62302
4.35602
11.26501
18.31655
19.93810
25.47384
28.27040
33.18852
36.67041
41.16864
47.43687
53.10663
54.91456
62.89979
67.58703
68.82785
73.62564
77.56312
80.81528
81.19940
84.49013
90.34695
93.48712
99.20689
103.62976
107.18174
5.39497
10.85298
13.82886
15.62716
19.06419
23.27804
25.83432
32.48453
35.62359
39.22598
39.74663
44.16892
45.91235
50.56916
54.67402
58.47583
59.32664
62.38460
67.29441
70.25227
77.22331
80.22074
82.48264
86.61424
90.37482
95.82326
5.93700
8.28490
10.68723
13.45900
17.00102
18.94945
23.28317
26.99540
31.10952
40.71093
45.36676
50.53535
57.50222
61.68056
62.75299
65.32386
68.42719
74.54040
76.03705
82.08428
87.26987
91.97690
96.14926
103.21134
104.55018
107.91221
2.30927
4.33299
7.25848
9.25557
13.68078
17.11213
23.56971
26.76345
29.56025
34.35264
39.31802
42.49165
43.48702
44.58532
47.66249
57.01820
63.28299
64.92402
69.20046
74.08180
77.57205
81.45520
84.32482
88.87893
91.24192
97.77228
5.41164
10.50456
13.67399
15.18018
19.92905
23.98487
26.70886
31.14502
35.84605
40.68252
46.62800
49.57998
51.39215
56.32753
59.47837
61.81765
61.95953
65.12058
66.80663
72.28412
76.62043
77.15686
77.75983
78.27787
80.76649
87.33264
2.80907
8.77749
15.27386
16.16451
19.29091
22.99072
27.68797
29.80366
35.84341
41.99155
45.16069
46.24249
48.61580
51.99006
55.02761
59.83826
62.49929
67.30972
67.77869
70.80977
75.16364
76.62431
84.15209
90.23919
94.20463
94.77454
2.14208
3.69770
7.32247
10.08511
16.37439
22.51579
26.92610
33.39659
38.77050
43.20199
45.02587
46.72991
53.72110
56.52622
60.34619
62.70804
67.01310
67.93281
74.58443
78.77135
82.94503
86.79774
90.81398
93.60793
100.23860
104.41284
2.87769
6.46628
8.22527
10.49736
13.83374
16.11935
20.37189
23.32968
27.43631
32.03331
39.60072
45.57359
51.64128
57.57629
61.38017
66.95368
68.47625
72.05473
73.15065
78.33168
83.68394
89.55999
97.06810
100.57552
104.06497
108.06646
6.09811
12.43952
19.94830
23.62518
30.06947
35.47858
39.50062
44.84486
50.34189
60.88419
64.93992
68.91356
71.75332
77.24466
80.62184
85.79283
88.38108
92.00091
94.49323
99.45071
102.41082
108.53639
110.19407
116.42258
121.86119
125.21045
4.30164
6.10688
12.76788
15.11256
16.45458
19.56357
21.81558
22.93551
28.19773
36.97746
38.66554
45.34792
53.23289
54.57148
56.54893
61.52729
67.94680
72.81694
76.62537
79.04491
84.66292
88.12882
89.84658
94.59207
95.80818
98.45364
3.98146
7.46683
11.73919
13.52781
17.99237
20.94331
22.18567
23.99416
28.90596
31.31612
35.80395
39.32549
43.33827
45.61597
50.71648
54.86802
56.33074
60.22912
63.15749
66.48424
70.69713
74.29984
76.52288
80.49320
87.00986
91.77848
4.02284
8.42961
12.08157
15.75852
18.48569
22.07631
25.89026
29.27616
34.23712
36.56232
37.79566
42.34954
48.08529
51.73675
55.37290
58.08543
65.46189
68.50274
70.68416
76.60981
81.51101
81.93274
84.94030
89.73629
91.55705
93.59878
5.34981
8.44859
14.91226
18.19923
20.08088
26.90318
28.45804
33.02069
35.51322
41.53206
43.27297
46.83280
49.54346
56.59509
60.30423
60.83940
66.46713
69.41696
71.52220
74.01451
81.09961
84.63456
87.42417
92.91433
94.38521
96.68796
2.15582
4.83916
6.21538
10.27286
15.23830
20.86947
29.11100
37.18291
42.32773
43.62779
47.20961
50.51015
51.94926
56.30435
58.43768
64.78129
67.48822
71.49971
77.90272
84.59087
88.30514
94.87729
99.08105
104.51888
109.93393
114.45782
7.15744
11.94934
15.93139
16.71032
20.23077
22.35757
28.33014
32.14156
34.40329
39.81012
42.80347
52.55784
56.54449
59.43138
63.32586
69.37082
74.38253
78.99672
80.81736
82.72825
84.93257
86.23324
91.02029
94.24440
95.37930
99.84012
4.90956
9.09387
13.96922
21.49527
24.98973
27.94791
33.33893
36.51090
40.92450
44.02709
49.21512
51.67936
53.65762
58.54736
61.17238
63.16948
66.51418
70.08835
74.11801
78.32382
81.20776
88.37694
91.17687
98.20092
101.46997
104.10573
4.14835
7.25293
12.13767
15.53103
19.20337
21.33324
26.42909
31.31257
33.19297
39.52177
44.54802
46.84526
51.10498
52.63046
60.69393
62.91851
70.68885
74.30985
79.54990
85.21626
87.62483
88.55382
91.25232
96.87464
99.18321
100.66904
3.28627
11.32216
13.57536
16.69888
21.66757
27.83157
30.68877
34.90628
37.82816
42.67956
49.66442
52.95678
53.71924
56.20405
62.79347
66.78782
69.36765
72.55621
79.57231
80.65014
83.60818
84.16565
88.12446
93.52539
95.22824
99.87703
2.91026
7.12065
11.64189
18.44078
20.66795
24.88337
25.83229
31.89605
37.76178
44.46450
47.35685
53.18566
57.67859
64.31813
66.68146
71.29269
74.94221
77.10901
84.41508
89.15524
95.55923
98.11365
102.55566
104.40224
108.34830
110.47557
2.53523
5.89067
10.06711
11.77565
14.44737
15.77570
17.43248
21.32462
30.16273
33.11671
34.64579
37.98386
43.56606
49.74461
53.96927
58.29013
64.13898
69.11992
76.34589
79.19304
81.48801
85.15081
88.91097
90.37236
92.62759
96.51703
1.67162
9.10466
12.64398
15.49000
18.03998
21.28928
26.35549
32.79920
37.25783
41.29966
46.40335
47.91135
50.01465
55.78407
59.27575
63.54908
66.01221
69.78991
75.43180
78.92905
82.10462
82.30982
85.65508
90.91890
95.03590
98.38375
1.18731
3.52390
8.67709
10.11129
13.31880
19.34593
21.46702
23.12650
25.85727
31.66742
39.27328
44.42804
44.66141
46.49385
47.89650
51.64405
54.15353
58.77170
62.88460
67.45764
69.37495
71.41939
77.52201
80.25220
80.77230
86.90783
2.65844
6.10094
8.50137
13.29231
17.17835
19.95742
25.13193
36.72039
42.69257
48.97681
53.13563
57.12541
60.81552
63.50540
65.97407
66.87831
70.89191
72.18605
77.24920
79.02986
85.45759
86.94784
89.72227
90.16089
92.22734
96.64521
3.82020
7.60062
11.53145
17.31480
24.02536
29.27858
33.10148
36.75419
40.42275
46.58923
48.99611
52.33422
57.98875
61.32765
70.33844
70.83725
74.11591
75.48457
79.53465
89.41653
92.85059
95.91665
98.94725
104.80497
106.89251
110.35983
7.80306
8.75643
14.64276
18.61473
24.47548
30.96434
35.50176
42.79646
45.60880
47.84595
53.39248
61.13910
63.15152
65.42714
67.70515
70.13366
77.51865
83.04402
88.14553
88.61974
93.08056
94.83493
96.82224
99.03564
102.17323
108.36754
6.60634
14.09891
20.35155
25.50987
29.35422
31.19983
36.04757
39.19826
44.70509
47.45385
54.42955
56.10918
61.16761
64.00120
65.42814
69.72499
71.95680
75.90990
80.12508
84.42689
86.19395
90.46298
91.04644
92.18219
98.66250
101.28529
2.82731
7.90749
9.86396
15.70886
17.28478
23.16075
24.85243
30.24992
32.67019
33.53568
39.68421
45.08129
51.45969
53.69288
55.37859
62.34792
67.83821
71.51104
74.78362
78.16038
84.47517
86.00264
88.66534
89.55593
93.63269
99.93899
5.67376
8.57277
11.10934
16.85064
24.64067
29.90381
33.92399
36.02195
42.15502
45.52924
51.16949
53.75456
58.25960
61.10505
67.58614
72.61903
77.47243
80.45467
87.10821
87.41789
92.85538
97.31282
99.56517
102.62081
107.23308
113.62822
3.16863
6.53357
10.81375
14.69852
19.92685
24.63855
27.79434
32.41247
36.42666
39.92802
48.33492
51.24076
54.04814
59.31320
62.87414
64.55405
70.79294
75.75655
78.39742
82.91481
84.46838
87.82455
90.30005
94.16239
98.24759
102.67525
