0.10533
0.31112
0.77080
0.00994
0.07393
0.43835
2.03401
2.30449
2.40528
1.12393
1.66972
1.75389
1.23696
1.87456
1.87477
1.53008
2.30531
3.06582
1.42666
1.71311
1.75939
1.69710
2.21437
3.40362
0.66509
0.98945
1.30280
0.09866
0.25232
0.53105
0.13645
0.63792
0.63982
2.10768
2.52883
2.56959
0.26053
0.62254
1.64229
1.12617
1.63086
2.56008
0.79117
1.19514
2.51494
0.08699
1.54432
1.89791
0.04968
0.44228
0.60659
0.18645
0.81639
0.95556
0.79797
1.28118
1.96851
0.79281
0.80391
1.08289
0.43367
1.92077
2.26399
0.40207
0.53020
1.16275
1.32113
1.79746
1.85977
0.22780
0.41459
0.80861
0.40378
0.85764
2.34318
0.04634
0.05023
0.54179
0.31706
0.96033
0.99443
2.18365
3.22959
4.06139
0.49635
0.90355
1.13069
0.67551
1.21962
1.78929
0.06132
1.04572
1.48587
0.45254
0.71618
1.26672
0.19512
2.12273
2.57338
0.01346
0.36482
0.77898
1.34232
1.49877
1.58381
0.05111
0.14540
1.96643
0.39094
0.84958
0.98199
0.71676
1.74796
2.75781
0.04357
0.65226
1.10276
0.80710
1.04506
1.58490
0.50424
1.25235
1.34344
0.18093
1.04496
1.78477
1.25173
1.32629
1.69905
0.36884
1.06426
1.49134
0.23797
0.26866
0.32311
0.08155
0.54414
1.69789
0.93006
2.19845
3.10412
0.23531
1.03989
1.58401
0.43174
2.44393
2.72566
1.34180
1.46102
2.02272
0.01647
0.16457
0.56004
0.38860
0.86891
1.25934
1.75083
2.51168
3.05417
1.01182
1.35552
3.13121
0.77559
1.07707
2.08156
0.00176
0.81229
1.00691
0.54771
2.64872
2.86077
0.45224
1.72587
1.75198
0.78465
1.09211
2.71879
0.73851
1.81407
1.89789
1.48329
2.12070
3.27042
0.23690
0.44132
0.49357
0.27837
2.44044
3.39661
0.00416
1.50274
3.98282
0.16209
0.62310
0.79307
0.57904
1.59260
1.59261
0.55780
1.18576
1.55798
1.10892
1.45789
1.93595
0.17740
2.05491
3.75584
0.05017
0.66027
1.20282
0.68889
1.18449
1.18619
0.77596
1.09595
1.58040
0.33139
0.45724
0.80920
0.08643
0.30169
1.26725
1.78014
2.43727
2.85407
0.35740
1.51324
2.31677
0.79118
2.00400
2.96577
0.09498
1.98257
2.20712
0.70950
1.28406
1.85153
0.02737
0.09274
0.77658
0.40846
0.57668
1.30218
0.24401
1.40003
1.58124
0.42507
0.94130
1.55738
1.22136
1.57015
2.82856
0.31012
2.04420
2.09495
0.50996
0.67397
1.72860
0.02166
0.34589
0.65224
0.66996
3.18944
4.86500
1.60251
2.40741
2.56122
0.34171
0.41355
0.55662
0.37250
0.45248
0.65038
3.19506
3.89264
4.75082
0.36366
0.99884
1.58862
0.81357
1.13045
1.98689
0.18138
0.39887
0.76013
0.15580
0.21658
1.20179
0.43003
0.43007
1.37144
0.14214
0.58846
1.31150
1.28541
1.80753
2.19694
0.50817
1.53292
1.59358
