4.53617
5.66880
5.79756
6.01668
6.04414
6.57233
7.13505
7.45965
10.70450
23.85819
24.18023
24.63612
24.91261
25.26281
25.91266
26.33106
19.33490
29.27995
29.32849
29.66157
29.83046
29.98154
30.00194
30.03485
11.12688
14.83824
15.06896
15.17115
15.58400
15.86906
16.35365
16.88866
2.82489
14.17037
15.20234
15.30685
15.77739
15.82609
15.93338
14.02839
10.18198
10.53726
10.58487
10.73084
11.10811
11.44064
11.98920
12.37714
20.83348
23.62278
23.90465
24.36543
24.67423
24.75105
24.75108
24.84985
8.45876
18.74279
19.07801
19.47806
19.63458
19.72494
19.99136
20.46427
7.98308
32.10747
32.22256
32.38445
32.63350
33.00711
33.19449
33.22211
23.96853
65.20065
65.39920
65.59340
66.12393
66.42381
66.48094
66.82958
12.42907
40.41135
40.79861
41.20420
41.31443
41.44764
41.72886
41.97376
8.33430
31.94252
32.39784
32.74382
32.74686
33.21214
33.50281
33.59270
23.86874
44.12166
44.16047
40.26167
40.36781
40.36906
41.19158
42.15428
27.76958
42.30809
42.35532
43.00600
43.57869
43.57873
44.41955
45.00359
14.07512
47.43292
48.07238
48.31459
48.32647
48.39483
49.33300
49.37382
10.93779
17.65971
15.57968
15.63838
15.75760
15.92312
16.38987
16.40637
14.01805
39.46503
39.57524
39.67815
39.91061
39.93335
40.30978
40.55847
8.64840
16.89755
17.20314
17.27831
17.60447
17.97760
18.02561
18.28372
27.90849
33.62160
33.63685
33.87399
34.01263
34.53597
34.57160
34.77155
3.21029
16.36737
16.74566
16.96379
17.13329
17.63504
17.88002
18.57594
4.75952
10.01224
10.23614
11.04375
11.84455
12.28866
12.42304
13.35465
26.32808
70.98126
71.64217
72.33723
72.33931
72.38199
72.48796
73.19945
5.24179
10.09883
10.74911
10.96653
11.32088
12.16579
12.18671
12.64696
0.36989
21.25950
21.77139
22.05609
22.16852
22.26173
22.52577
22.98341
2.12162
6.66609
7.43202
7.82263
7.96984
7.96985
8.13018
8.52260
16.21796
19.16509
20.00734
20.04685
20.50143
20.73029
21.03502
21.17400
7.27933
42.72652
42.79286
42.88476
44.02687
44.59734
44.65286
44.66209
10.39523
12.36190
12.33518
13.21347
13.33669
13.56737
13.67200
11.80667
4.61958
9.62556
9.86733
11.10852
11.37182
12.18559
12.58962
13.01317
18.51025
56.11310
57.46266
58.37820
59.38883
59.58687
59.84675
60.01522
2.67590
19.40374
19.60589
20.34046
20.35520
20.59812
21.21975
21.82346
4.65546
14.51084
15.19749
15.45894
15.62763
15.73280
16.28958
16.75149
18.93407
40.78809
41.02410
41.16690
41.29487
41.53547
38.03946
38.29250
8.14058
32.64179
33.25189
33.58931
33.00009
33.32388
-1.00000
-1.00000
2.42124
28.83939
28.98901
29.36138
29.93158
30.32484
30.92083
30.94164
12.21358
16.72782
16.85385
16.91175
17.25218
17.46726
14.57541
14.93362
1.98232
18.51036
18.53760
18.83623
18.95221
19.77730
19.94785
20.35166
20.57586
33.27314
33.62613
33.75112
34.14454
34.14824
34.38685
34.75101
5.74409
8.43716
8.75468
8.76787
9.00707
9.05440
9.65410
9.67090
8.99331
20.04920
20.11570
20.23477
20.23585
20.65033
20.76975
20.83844
7.56149
23.41414
23.45182
23.53462
23.56995
23.77295
24.18781
24.37959
3.63795
11.10267
11.63018
11.80126
12.37176
12.76222
12.85884
13.03920
35.66403
36.94635
37.28886
37.91592
38.07327
38.12337
38.25492
39.35897
2.38584
8.53498
8.75267
8.92195
9.22598
9.32403
9.60178
9.84562
8.89686
11.58751
11.70836
11.95015
11.95520
12.15699
12.30898
9.70504
2.58986
15.63852
11.79056
11.95012
12.15902
12.31518
12.59612
12.97067
44.48941
49.00834
49.89492
49.89758
50.12975
50.70269
51.47380
51.97811
25.31080
34.96472
35.02207
35.34337
35.55262
35.68821
35.81620
35.88606
10.06168
18.79530
15.33495
15.60253
15.70846
15.91264
15.91474
16.04764
17.92182
21.08547
21.51985
21.72207
19.23449
20.32064
20.63364
21.22930
1.10644
3.78507
3.97869
4.45600
5.14050
5.40607
5.44563
6.10510
5.84198
19.97765
20.09976
20.12241
20.65381
21.23251
21.23321
21.40782
19.96087
53.26588
53.39406
53.53083
53.66394
54.16101
54.34933
54.43220
27.27885
31.54135
31.54488
31.57676
31.83330
29.93404
29.96937
30.01192
14.36080
21.53364
22.00192
22.15681
22.25945
23.20843
23.55489
23.75520
10.53248
18.45337
18.52609
18.76633
19.45292
19.76917
19.93261
20.49389
10.57277
24.57699
24.99604
25.40956
25.57336
25.75365
25.90754
26.07402
26.40410
35.78123
35.83146
36.09246
36.27560
36.35865
37.06978
37.48676
7.25710
18.04698
18.71694
18.91313
19.27065
19.81075
20.67079
20.84388
10.21441
22.93638
23.00782
23.32513
23.34252
23.44850
23.56031
23.71666
10.74638
40.16011
40.40068
40.57395
41.31377
41.42416
41.63054
41.67827
14.41560
19.26183
19.30273
19.58291
19.84205
19.89553
20.85523
21.49948
7.36600
-1.00000
-1.00000
-1.00000
-1.00000
-1.00000
-1.00000
-1.00000
1.65368
12.98441
12.98445
13.40189
13.55116
14.59807
14.97467
15.05972
34.25035
37.18519
38.05770
38.26092
38.62306
38.75310
39.59918
40.00839
6.68353
23.36429
20.08301
20.40563
20.62269
20.65071
20.70858
20.90989
1.88897
6.25270
6.63965
6.77715
7.33762
7.49195
8.25927
9.44877
19.65459
32.85968
33.58990
33.72096
33.74826
34.64281
35.10689
35.66433
10.41848
53.13338
53.55668
53.67250
50.05662
50.42379
50.43698
50.72606
7.20657
23.17465
23.40466
23.86138
23.89448
24.47613
24.58252
24.63076
23.07331
53.14124
53.69276
53.87886
54.65422
54.73886
55.12210
55.65407
26.14452
26.71099
27.24348
27.28678
27.43645
27.69895
27.83667
27.87852
4.51612
11.43813
11.63828
11.91778
12.18398
12.20539
12.77732
13.08499
3.30641
10.20885
10.27393
10.43861
10.94542
11.74210
13.02146
13.47694
3.07871
10.81638
11.00564
11.19615
11.77210
12.08660
12.44063
12.79913
13.86435
22.41329
22.62076
23.60518
23.91202
24.03029
24.65481
26.01363
10.94069
16.83113
16.83873
14.27937
15.13256
15.61767
15.73006
15.84001
44.66045
65.58896
65.60397
66.08402
66.28010
66.45522
66.64321
66.83729
14.52262
15.68069
15.88099
16.10385
16.14972
16.37438
16.37878
14.15908
6.13099
8.83153
8.83178
9.90110
10.32336
11.19988
11.64321
11.84707
20.99077
34.82211
35.81644
35.90683
36.13746
36.34094
36.62821
33.94590
29.59263
32.33254
32.61710
33.18976
33.83590
33.88654
34.00902
34.40098
4.92176
21.89686
18.24219
18.71542
18.97373
19.63959
19.90892
20.40646
23.47963
33.50796
33.63252
33.83748
34.55812
34.75459
35.59698
35.66054
5.10700
6.39455
6.85561
6.90213
7.39665
7.77977
8.04179
8.45585
5.33951
16.92093
16.97669
17.07286
17.09547
17.86923
18.05855
18.71738
1.94378
7.43248
7.52927
7.81749
8.07426
8.26458
6.52117
7.07662
5.17301
5.22497
5.46284
5.71461
6.07082
6.24292
6.76586
6.98323
21.74994
25.17384
25.68647
25.70771
25.98956
26.13018
26.22975
27.27717
12.70103
35.40798
35.43964
35.52178
35.55795
35.89480
36.01315
36.43449
13.87988
14.99988
15.17060
15.30772
15.83435
15.83768
16.13005
16.52044
10.91530
28.52589
29.71324
29.87028
30.07073
30.37799
30.49592
30.66099
6.44872
26.57102
26.69712
27.00611
27.01659
27.38409
27.74388
27.93001
27.90200
39.25108
39.35547
39.78256
40.46503
40.91342
40.95013
41.09021
27.17721
35.69651
37.08021
37.63635
37.99434
37.99878
38.44016
38.77290
22.85537
26.69637
26.97093
27.56369
27.73629
27.75929
27.89282
26.57148
10.22984
10.51527
10.54333
11.02057
11.78445
12.24671
12.38898
12.90597
11.79440
17.78980
18.04528
18.12812
15.08942
15.32438
15.77632
16.52892
15.99415
27.91362
28.56982
28.98507
29.14257
29.57493
29.90723
30.13973
15.33596
30.69402
30.94508
31.46642
32.26216
32.47068
32.47587
32.66203
