6.75431
12.16894
20.65849
30.35985
37.53510
7.91753
9.60098
17.41032
24.48562
26.56524
6.52408
11.25177
16.30234
18.79985
28.32294
7.21931
12.42776
16.19436
21.49162
33.53040
6.81512
7.51942
15.10321
21.60776
25.53269
5.43323
11.85438
20.39365
22.43115
30.34940
7.62798
12.30217
20.41615
26.46507
32.15283
5.18790
13.81907
24.58402
32.83559
38.48935
4.70712
7.84578
16.55299
26.21379
33.77244
2.90750
8.33583
16.08618
17.76014
19.98757
7.07367
15.35607
20.21822
27.30066
35.51890
6.01725
10.03759
14.93748
23.68506
33.54737
7.26948
9.57207
13.85460
16.42650
22.26704
2.93471
8.42588
13.75316
20.32556
26.88057
5.66359
6.48767
9.50315
13.06374
25.05937
5.08516
12.30415
16.18960
17.84936
35.80439
5.46616
10.91973
12.55531
17.69592
23.72360
3.15900
11.02068
14.73128
21.37599
28.01106
9.14700
13.60691
18.46310
25.74891
32.16831
5.40928
8.39234
16.79243
20.41390
22.92495
9.92353
14.76198
20.78348
23.53900
29.30727
7.67472
11.01547
14.36280
19.73234
25.92782
1.91998
6.06510
15.31466
22.72253
27.00997
4.42702
9.75019
11.25950
14.23450
22.96336
6.92261
10.91344
17.03699
20.71959
27.63193
6.51714
10.46036
15.22826
23.57763
25.31755
10.46910
18.92127
23.07529
29.80355
33.92254
3.99834
12.53116
20.72538
24.97050
29.18899
8.06323
10.37318
16.33552
21.73191
27.93376
4.12116
6.39285
12.23759
15.80204
24.04233
8.20492
20.90575
25.41565
29.65644
39.87047
8.21185
11.33590
15.09326
21.25949
26.59025
9.97858
11.47199
16.43228
27.02254
31.63436
9.63683
24.36617
27.59806
31.78973
33.55755
6.05167
11.25846
14.68426
18.79480
25.09412
8.04273
11.56270
24.18688
34.74564
35.60005
4.01940
13.42730
23.66792
27.79834
38.63180
10.31926
21.09260
25.88591
32.16997
39.56152
5.78003
10.90188
22.02279
29.97561
41.44932
8.89148
15.77351
17.42152
22.70972
30.63551
4.80146
8.85952
11.85550
19.20124
28.48641
2.18380
10.91099
14.67972
21.42289
31.50120
5.73386
13.94832
20.64774
29.21783
34.94087
1.63525
4.21416
8.18373
11.87646
20.50426
9.12160
16.31591
22.68896
29.65710
37.92710
8.40259
17.95128
26.00199
36.17706
48.37138
5.78125
19.04533
19.27177
26.99829
31.22595
5.93922
12.97348
25.53805
30.67419
36.48140
6.74552
17.31052
22.47324
32.56924
39.60340
10.52474
21.43495
26.37627
29.91764
37.70736
6.06714
8.41986
13.09273
20.92796
27.95954
6.32169
15.21450
29.70889
31.68615
34.11818
4.01288
12.18622
21.61733
24.44412
32.47123
5.76214
14.32139
17.94915
26.88890
30.13485
9.27857
13.37033
22.36471
28.33432
31.20158
13.54636
19.94631
27.81373
31.73631
34.23371
7.22327
14.60334
18.10296
22.93724
30.60902
2.25978
7.97423
11.14903
16.65067
24.80513
7.37197
14.90308
21.02034
23.23955
37.16307
11.23170
15.56763
24.30698
31.74911
41.34499
3.62201
7.59429
12.00910
15.00797
25.08179
5.68809
12.39795
24.56012
30.36080
33.05493
4.57160
17.72237
22.81793
27.62698
33.41351
11.07332
14.55032
15.59430
22.76286
31.20000
2.21622
5.27860
11.28142
22.75500
30.90918
11.09195
16.47659
21.14608
24.37082
33.66345
12.08054
20.87118
30.60482
37.34520
39.39779
8.97419
14.14365
21.18490
27.40756
30.07654
3.57677
9.82883
17.16368
20.59531
28.06677
7.06070
12.70471
20.91442
24.20581
28.42541
1.33419
12.71355
18.30692
25.06256
39.57215
7.76818
13.79019
16.76504
21.83921
29.47288
13.97033
21.06381
26.28976
34.43127
36.26473
3.70222
9.66438
20.23852
29.28375
36.43005
3.17999
8.08476
19.60663
21.79341
22.74796
4.96676
8.76418
14.79594
22.96933
30.50244
8.83055
17.47599
27.64213
29.06398
32.59167
3.27378
16.07921
26.42565
35.07204
41.42174
7.21772
10.88510
13.17032
16.43294
24.19011
6.00931
9.73889
13.37738
21.14381
32.34220
4.93601
18.61304
23.00279
28.04974
35.84580
3.71627
8.60981
13.11913
21.50176
25.27924
7.23966
17.78927
24.99949
32.64202
35.78578
2.75301
8.70887
9.10457
16.57129
21.04516
5.67024
7.33761
8.42674
16.33972
24.45726
7.11243
11.01119
15.19910
24.22571
30.33259
6.33756
16.41397
23.72535
29.78631
33.31373
9.49817
11.32256
14.24124
20.38550
22.46750
4.81116
13.19637
15.48815
22.22553
35.59445
2.94174
8.47507
20.61850
31.97228
30.68840
5.28076
13.26466
28.92149
34.97263
40.34566
8.87729
12.54691
18.56808
20.15620
21.47405
1.17402
5.81242
8.46853
13.79431
21.57411
7.78962
16.70757
20.66162
24.20532
29.02611
7.89908
12.20107
23.23426
31.01686
40.68508
11.81659
19.29350
21.54751
29.36535
30.17552
5.68036
12.25466
17.78552
23.09183
24.50941
6.10994
7.49039
9.74989
21.32489
27.31859
7.32712
16.70529
22.21583
23.74779
29.27632
3.57845
5.35199
6.76232
15.15426
18.92460
