6.35714
12.51234
16.36293
20.92759
25.96602
30.59765
32.73602
34.89664
38.02633
43.69743
49.14902
54.00636
58.50985
61.96922
66.33234
73.35820
74.52508
78.68551
79.68287
81.74430
84.35383
92.74664
97.89335
99.54650
104.40188
110.83154
3.57315
8.16625
14.81473
17.99919
21.51981
25.90861
30.43604
35.11825
37.36959
39.40735
44.50490
48.18715
51.58451
53.97633
56.34035
62.36785
63.95952
68.01119
70.57163
76.10279
85.38906
89.73021
94.04230
97.75134
100.06002
106.45656
8.56229
12.05964
17.31483
19.75812
24.88757
26.22423
29.28112
31.10709
34.46963
38.83402
45.91962
49.04530
54.40014
59.39567
62.69269
65.10904
67.55009
71.24182
71.81183
76.94711
85.17917
88.65673
91.54829
94.92622
99.61658
101.65141
5.58201
8.37805
11.84561
13.39108
15.46838
20.48783
26.18567
34.86402
39.41678
44.44852
47.61123
52.19369
52.82935
55.16697
64.86716
68.56440
71.74967
78.47577
81.59427
84.46198
89.13910
93.01201
102.35469
107.37207
109.78079
112.46909
7.70563
11.73364
14.76454
17.93801
20.17645
21.64459
24.12143
32.96365
42.00854
48.93832
54.22270
56.70541
61.10574
64.97691
67.73085
69.72140
72.82680
77.26604
79.39410
83.89855
87.79976
91.63629
97.06164
99.46636
100.35197
104.98688
7.42417
9.16286
15.28818
18.61139
20.31921
25.95455
34.83445
41.29369
43.63587
49.68990
54.94354
63.04904
66.43021
70.30070
74.08115
76.07096
77.65386
82.09163
88.71841
92.61492
96.05394
99.30186
101.67401
110.36900
113.48579
117.88082
4.26355
7.82444
8.98928
11.33876
15.05388
17.44175
20.51146
24.66419
27.94394
30.07032
36.41996
37.69821
43.49091
53.51461
55.47798
58.63011
62.99012
67.68038
75.96861
78.97983
81.55944
85.28960
89.67240
93.44992
98.03758
103.53772
4.43636
5.79246
8.25164
12.11748
19.16011
22.03690
24.10720
33.79887
36.19565
38.68129
42.23674
48.70361
51.44988
58.85317
63.26305
65.91669
69.41184
72.24777
79.70985
84.52084
87.53530
91.99379
96.51909
102.25231
107.69787
112.51927
4.18434
11.72226
14.51883
19.03675
20.92910
30.37876
36.75869
40.26584
43.12595
45.74682
51.62438
53.83742
57.65142
61.78366
68.54458
71.54815
79.08330
81.57654
86.50417
94.06623
97.31493
99.79933
102.73847
106.97165
109.93925
114.87747
5.04887
13.41336
22.49887
26.79515
35.03938
36.90987
42.57216
45.96630
51.86212
57.69476
61.57350
64.77371
68.50435
74.28788
76.71268
86.65017
89.27339
91.24046
94.90391
100.00031
102.28205
107.02092
113.87157
118.18653
122.97777
123.37414
6.38020
10.65094
12.41756
18.14204
25.71509
29.76975
33.77846
35.42617
40.42790
42.60224
50.66800
54.99442
57.95724
61.06987
63.72873
67.04019
71.44906
77.73412
81.27226
85.67467
88.06774
90.28662
92.58591
95.90595
102.09523
104.78430
1.71487
5.19280
8.58553
14.58264
19.22107
20.68368
25.82432
33.84853
38.66151
42.87630
47.43668
49.66890
54.15968
57.62822
64.24916
67.28193
69.01651
75.45630
77.55801
84.30180
90.17394
93.90384
99.58701
104.54067
109.97163
112.83676
5.91994
10.15468
16.50762
21.71961
22.59907
27.22849
33.25731
37.79228
43.15391
45.28821
50.33047
53.91741
60.48602
62.96121
67.10166
69.45512
73.16385
75.23165
79.53438
85.73903
90.43188
99.25983
101.71921
109.72190
114.83519
119.52301
3.51373
4.63399
11.06474
14.63411
16.45506
21.90079
25.60314
33.20276
40.62025
46.00088
51.32703
55.53823
60.13901
65.45567
70.20874
72.72431
75.52236
81.94482
93.73979
95.80164
97.86161
99.98942
102.58986
104.86940
107.76442
112.28407
3.19374
8.74038
13.32685
16.75945
20.01478
21.23614
26.11199
31.20966
34.29463
37.69196
42.96675
48.34286
51.48087
54.98673
58.58214
60.40554
66.03952
69.31333
72.84504
75.67949
79.99979
82.89792
84.92627
89.70856
95.50803
98.40965
2.72520
6.30547
7.78233
12.76994
17.24159
18.43942
23.21796
29.79663
32.95449
36.29295
40.88664
43.75329
45.35695
47.12157
51.86707
55.73895
58.68763
64.22265
67.82985
70.37274
73.28298
76.64022
81.83294
88.79520
90.56692
97.30901
4.58044
12.83500
16.93847
23.62891
26.09101
32.82891
40.95961
44.15838
46.98190
50.36421
55.76476
58.33359
62.59944
68.62441
70.07292
72.46210
79.40294
85.77595
88.01986
91.50708
92.66005
94.96698
102.65216
107.09060
111.57935
113.24866
5.16970
11.82068
14.31254
19.00283
22.60404
23.72379
32.72571
35.70884
39.94116
44.24333
48.82938
52.46144
54.73756
63.06395
65.01763
69.78696
75.97884
80.90556
83.62902
86.67989
88.98381
93.61740
98.77103
100.27714
105.94618
110.92705
3.19016
8.23390
11.43159
14.59148
17.49678
23.85289
26.60016
31.37287
32.83330
38.93462
42.34178
47.15935
50.58446
57.28045
61.39983
67.05288
71.60220
76.47350
85.36366
89.07212
91.14218
95.74673
103.47210
108.25742
112.41149
118.35766
6.38848
10.63358
15.08732
19.29153
22.50375
26.84954
29.99968
33.94450
38.45253
40.88954
43.31539
51.13921
59.61943
63.96950
70.29371
74.09850
80.54494
83.02235
84.18242
87.59497
88.89252
94.22674
100.49793
105.85398
107.43568
112.44777
4.02127
9.64311
12.16803
15.08334
18.58888
20.49861
25.30075
27.43815
31.81662
32.93841
39.11037
42.11890
43.91222
48.52833
50.54630
56.26872
59.08739
61.49598
64.80222
69.62117
72.08401
77.92605
82.92861
85.36304
89.02031
101.63706
3.41022
8.27063
12.01786
16.22065
18.63697
22.03892
25.18333
27.52541
28.87173
34.36676
41.17299
46.79359
54.95398
58.40436
62.25285
63.89070
70.04537
74.35252
82.20294
88.02140
93.14442
95.13662
98.60412
107.77188
111.92928
113.16239
2.44060
9.23428
15.54235
22.31522
27.48016
30.42489
35.22683
37.53161
42.46659
45.77655
49.44237
54.51077
59.12746
62.88216
65.57218
68.78805
72.66439
77.43358
80.39414
84.07044
90.70765
94.93284
98.20393
99.59853
103.49911
106.79095
2.24438
3.82668
6.95089
9.17244
13.12581
17.67029
20.40593
24.35275
26.53270
31.04265
34.33741
39.63805
42.86930
44.44209
47.75270
52.41360
55.37306
60.78373
67.10557
75.97124
82.30783
83.24742
85.89343
89.06097
94.17785
100.91501
4.80750
7.88789
9.22699
11.22618
12.80631
17.81914
21.72286
25.80593
31.54085
33.72784
39.34657
40.93582
42.90686
49.11330
54.60509
59.57496
62.53185
68.83887
74.81285
84.37850
86.48808
89.75777
93.67019
96.90507
99.84234
105.81112
2.88638
4.03348
9.52033
16.88684
21.76367
24.11390
30.68510
33.58548
37.05853
39.52728
42.26564
43.62319
50.50803
54.25937
59.23387
62.16307
65.52422
68.18455
71.00263
75.57754
77.54127
82.79903
85.67307
92.59321
100.01245
101.50606
3.73033
7.52375
14.41865
16.75050
20.07638
22.39300
23.42062
31.66049
36.03167
46.92785
51.39885
56.98483
60.39353
63.89147
64.98962
65.98769
72.58733
74.18203
76.61685
83.37939
88.82442
89.93186
94.29460
100.36835
104.78285
113.02055
5.93055
9.91268
11.52832
15.34369
28.67936
37.77733
42.13761
43.89320
47.04204
49.84752
53.98401
57.63437
61.45653
65.64003
66.76738
76.24318
79.86827
83.20305
84.34751
88.65008
95.88401
98.78735
103.54060
113.29466
117.83097
123.24716
5.84252
9.14536
12.60607
20.06536
26.75807
30.70216
32.49103
38.93559
42.84779
44.77248
49.19463
52.78535
56.07045
59.28152
62.62140
65.12373
67.89646
74.05210
78.54332
81.69542
91.28178
96.51846
99.26132
102.18008
104.25968
108.76802
4.53097
10.95105
13.40036
17.42084
23.44488
27.88836
33.27271
41.21156
44.09806
48.87150
55.44851
63.22949
70.23809
73.93741
76.27624
79.33303
87.52939
89.69421
93.55118
95.11845
98.02835
105.02818
110.90611
113.48914
115.56393
118.12305
1.75173
8.99513
10.20911
14.99905
19.50481
24.32856
28.04758
33.54133
41.77956
45.97185
51.50893
57.74563
62.30225
65.78083
70.80190
75.38072
78.93468
82.98119
85.43014
89.35020
93.80159
97.62058
101.03413
103.12794
104.89861
108.23797
7.49978
17.41873
23.33276
27.38158
30.29695
32.97294
39.16565
45.26691
47.76984
52.10826
54.30431
55.91310
57.45741
61.10974
65.93829
74.01589
77.27953
81.85662
89.33981
92.05651
96.46502
98.03953
101.82426
103.89187
109.44418
111.80492
5.51633
10.37998
15.63076
20.86574
26.15370
27.96253
30.90157
34.57326
37.85102
43.97240
48.71306
53.71865
55.92285
62.09874
63.40513
70.32398
73.64389
76.89938
81.14784
82.42367
89.42532
93.91705
100.23065
103.67990
108.00895
112.36649
2.62158
6.86715
11.77697
21.92197
24.22291
25.25201
29.96845
36.24348
39.36648
42.68589
47.69886
55.90367
64.31541
68.47432
72.38778
76.35118
81.81739
84.59315
87.46597
95.77281
99.43781
103.97732
106.14622
109.01468
117.12935
120.74628
5.18471
12.25787
19.31413
23.50634
26.88410
30.37060
32.97997
39.54520
42.08306
46.14541
50.42366
54.55404
59.76364
62.57155
68.17750
77.25429
84.85494
89.06221
93.40665
94.97231
97.94723
103.06825
105.60061
108.87849
112.41194
117.12448
3.49005
9.65792
13.64454
19.86216
22.12189
25.50675
28.85939
31.49774
35.75089
36.31348
39.21900
43.66015
52.98733
57.76140
62.88793
69.58542
72.35001
73.93010
78.76952
80.24358
85.64122
90.75114
92.61641
95.54618
107.13760
111.29722
5.54409
13.09846
18.19247
25.47401
28.85929
33.23307
36.47651
39.84696
46.40011
48.42234
53.76021
57.97591
60.36736
62.99172
67.39793
70.96038
75.09166
78.70211
84.61012
87.14001
91.96181
92.97284
97.74532
101.65666
105.57793
110.70021
2.26654
6.97826
12.65717
18.27818
24.32511
31.97706
34.51380
39.92880
42.63072
49.99730
54.65288
58.23802
65.37300
72.59275
74.91430
80.00958
82.22944
89.13198
93.40475
98.90000
107.22396
112.44403
117.71484
123.49269
133.31757
136.34780
3.69345
5.44355
15.00139
17.43819
19.24025
23.42789
26.84015
34.78737
39.56514
43.50684
47.78510
56.14380
60.92953
63.56858
65.43292
70.19035
77.33750
82.91896
89.68042
97.29824
100.78626
104.43294
110.95576
117.16538
122.03994
129.26718
3.62915
6.81678
12.08751
17.12010
19.62973
20.80258
24.52769
27.26188
31.19865
36.93145
44.64452
45.21184
48.17001
53.23056
56.85565
63.57646
70.55005
72.11338
79.09872
83.82225
86.36795
91.15078
97.88383
103.46863
109.50928
112.15414
3.50071
7.11685
8.63012
14.42756
20.61604
28.55548
33.27547
37.10617
40.41502
43.31134
49.85910
55.11505
58.75211
62.75529
64.83198
68.33073
71.38111
78.45780
82.63929
86.27429
94.48760
98.52612
100.76501
102.77413
106.03755
108.88928
8.37735
14.91282
16.94400
19.21642
23.45894
27.59267
32.12828
38.12865
42.07520
46.15177
47.51885
48.74650
51.65640
56.00848
62.88660
69.69431
73.27864
75.46435
82.17392
88.37173
91.46659
97.44152
99.47191
103.54227
108.64697
115.58448
4.29856
6.09287
10.80682
14.72692
15.94252
18.83786
21.72509
22.77480
27.11542
29.22392
34.16571
38.26582
39.83959
45.67714
54.75030
59.53267
64.03490
66.30568
69.13108
72.15616
74.87132
85.18390
86.67647
87.66610
91.96762
96.45546
7.14769
13.14046
15.55763
18.95387
21.66957
26.65816
42.07860
48.36640
50.29058
52.82577
57.43265
60.66059
64.52829
70.18057
76.70268
78.57980
81.39666
86.49751
90.91349
94.74665
98.02286
102.91575
108.35441
111.56158
114.32869
121.61944
7.44121
10.70927
13.23809
21.56747
23.24774
28.15817
31.06545
34.53208
36.58415
38.64326
43.39846
46.50937
48.80780
55.37015
58.30546
67.71941
69.18942
71.05501
74.88300
78.18566
82.31931
86.87587
94.18703
96.79184
100.66012
105.47851
3.33421
6.82708
11.43534
11.81036
17.44590
20.68991
24.76985
28.43449
30.93690
34.63164
42.66223
47.14290
50.74417
55.53877
58.20530
63.37470
66.57310
70.18241
77.29906
82.93114
84.79318
88.71969
94.64505
96.48489
100.77845
105.77508
2.79656
10.99153
13.21038
16.32545
18.71151
23.62913
25.48712
28.10475
33.05704
35.10906
39.75468
43.58428
45.49138
53.90140
57.35644
62.81491
66.68197
71.23445
74.87054
76.73862
83.31068
88.14179
91.41941
94.16844
99.10396
101.70979
2.82183
12.17724
14.03576
15.68639
18.49169
22.19066
28.86716
32.18191
41.30717
44.58814
47.17111
52.76927
53.58884
58.06876
61.99184
67.56659
70.02820
72.69128
75.02089
78.56699
83.30629
86.05699
91.64100
96.34531
101.97230
105.15169
7.01461
12.61549
17.35520
21.06725
24.98608
27.51667
29.61077
32.60028
40.64322
44.89263
52.02041
63.25712
70.99081
74.47770
79.50410
85.98715
90.04690
96.43016
98.31566
104.67639
109.04144
113.65916
119.50763
124.81851
126.73138
129.49035
5.22280
9.85786
13.29289
19.22849
22.87467
25.02616
26.75567
27.01560
28.57461
31.00352
40.72575
44.61023
49.28509
57.91576
61.32044
62.52993
65.00001
69.19473
74.28541
77.79306
84.56693
92.79890
96.45836
101.24409
105.35670
107.24869
5.48983
10.10226
14.80527
18.21651
21.67468
26.56968
31.49658
40.32339
47.83691
54.68548
59.15248
64.66780
71.10185
75.92530
80.64544
85.59241
90.69651
96.01905
99.26927
102.46344
105.18898
110.15649
114.41750
118.53039
123.51005
125.60169
3.00962
7.61050
10.60808
14.98561
19.34177
21.71600
29.79063
38.31639
49.26398
53.00700
55.95673
62.16576
66.26124
74.72710
77.94190
88.83472
91.96604
93.51697
97.79827
104.09782
109.88348
112.10760
115.28462
117.71461
120.49273
130.01073
3.31062
7.49761
12.21041
16.58772
23.71206
26.82352
29.81098
34.02927
38.07607
39.78234
44.30322
52.78499
54.76012
59.96964
66.61563
73.36310
77.50241
81.08116
87.85606
96.20017
100.64298
102.88822
105.91782
114.37291
116.90267
119.78728
4.07150
12.48646
13.60191
17.40398
22.76988
25.86867
27.26928
29.25210
30.30864
32.71022
37.53481
40.98821
42.46924
44.41010
51.99256
59.73977
67.05815
69.73326
71.85308
77.10795
82.11812
87.09511
91.66532
95.86125
97.87587
102.40976
7.08066
9.48917
15.39880
17.87131
23.43829
35.60288
39.86569
47.25295
49.10955
53.69491
56.65887
59.05195
61.91536
69.25962
72.07434
78.88346
82.40871
88.09955
90.16866
93.93223
96.90232
100.80486
104.11090
108.74411
111.62547
114.78110
5.27211
9.46965
13.24518
19.53833
23.31620
28.78933
32.97351
40.70549
45.77916
48.18353
54.30136
60.36606
61.32178
64.64433
68.62040
72.36217
79.65946
83.08805
84.65532
87.31167
88.78902
95.72181
102.45823
104.64574
106.50606
114.54823
1.62311
3.56099
5.32531
8.65442
14.17611
16.30433
20.68847
25.55405
28.84379
32.96014
37.85874
42.88428
46.83449
55.85779
63.65571
70.98962
80.90964
84.46313
89.13007
92.84490
97.16333
98.68658
105.76349
108.64626
114.42473
120.36287
3.69388
9.33115
19.72741
23.78397
30.32242
32.92051
36.22743
39.55744
43.04701
45.33017
51.04725
58.43467
61.78355
65.02157
69.08767
75.82715
83.90157
90.89164
91.81463
94.67969
99.49015
106.10652
108.17088
115.76160
119.69005
125.03554
4.05862
8.34461
13.88463
17.47027
18.90028
22.49339
24.59911
31.53747
33.78964
41.87620
44.61270
46.85313
49.32765
50.63853
55.10845
57.45986
60.79103
65.71039
71.95045
76.05631
78.56929
85.76244
92.77639
97.96040
102.22886
107.22713
2.13927
4.89848
12.48506
15.08954
21.55402
25.16426
29.60686
32.16858
36.09464
38.56834
46.64364
54.79959
56.36743
58.90802
63.54396
67.77550
70.79639
74.77077
76.66500
79.74116
82.62962
90.01682
93.00858
95.66044
99.13427
105.86039
3.30239
6.94921
10.76812
15.37054
18.83231
20.60544
22.78207
26.32109
27.79866
31.82954
37.92621
42.00291
47.57879
51.06293
55.71289
57.62197
65.06183
68.83735
70.94894
72.82932
75.64218
78.43204
83.22890
86.77882
91.63850
98.85020
2.04781
4.60037
7.29164
10.23683
18.49703
20.46469
21.52619
22.57760
26.19180
30.55119
35.30165
38.08799
40.55338
50.43872
57.29110
61.33102
63.04312
65.05172
71.44966
72.56651
74.01075
78.47547
81.00078
85.71818
94.25353
102.03104
5.05512
13.17050
15.89519
18.61187
21.48248
28.51001
32.61420
36.05864
39.88670
44.40471
49.20982
53.14605
59.43590
61.06427
68.85454
71.63235
75.03782
77.81522
87.20193
90.03129
95.32837
103.04267
106.65880
111.86001
115.92071
118.36111
5.93703
12.79131
15.51083
18.75057
21.21672
26.06717
28.58233
31.20623
33.63086
40.80312
45.68907
47.67030
49.68570
53.81310
55.48789
62.28663
68.42941
70.83050
81.15975
84.66444
87.46752
90.65657
91.45446
98.66181
103.43802
105.46169
1.42716
4.04497
8.48020
9.89933
12.77359
17.77599
24.17462
26.31945
30.45632
34.57362
40.95259
44.69891
51.68149
54.14848
56.19240
59.63786
62.99062
66.00824
71.22675
76.73680
81.41916
83.78484
87.21773
90.72111
92.72076
96.37998
4.20129
9.40319
13.16280
15.44557
19.89500
24.24651
28.93397
31.48907
34.08977
38.88016
42.99682
48.80950
54.67085
58.86480
69.17575
71.71225
78.99642
90.32891
97.12409
98.69487
101.95945
107.89654
110.54964
116.01097
118.57018
121.42372
1.96589
8.08885
16.42582
20.96790
25.50953
30.41408
33.71216
35.31967
38.58477
42.23327
48.62609
56.60611
61.83242
67.40954
69.42542
76.74165
82.84760
85.55567
89.78624
95.78705
98.27081
101.09485
103.19033
107.79554
110.73726
114.86727
3.67766
9.33835
10.98573
16.89688
22.46110
29.92561
33.33083
36.82718
39.35905
42.75376
46.82639
51.64790
54.21628
59.51495
62.32717
66.04717
70.20775
76.27424
80.60731
87.22183
91.32167
95.27792
98.55498
101.55865
104.36759
106.96592
3.92562
7.87977
14.38018
17.67956
19.34525
27.03145
30.17091
32.01307
34.74315
40.89813
46.91161
50.44100
54.01114
57.48482
60.50992
64.20014
71.31887
78.24048
79.99200
84.19175
88.24878
92.90000
96.97883
98.23867
104.16970
108.12220
4.68996
8.42826
15.38888
19.52177
31.21909
36.75356
40.52453
44.45715
51.52466
56.63182
62.92121
65.75900
66.00282
68.40349
73.50996
79.32635
82.37586
90.84768
92.48705
98.56741
99.70619
100.48492
105.23187
108.43086
112.46953
118.19153
6.99243
13.09020
18.42093
22.14770
28.31299
33.94713
36.13917
45.83894
52.49546
59.47243
61.27159
66.56667
68.11171
72.96754
78.16250
78.77568
79.95869
85.51528
88.83075
93.80986
96.64086
98.26869
101.18806
105.88192
116.62434
122.59690
2.47709
8.71961
14.56412
20.05048
27.56249
29.37935
33.23001
36.99155
44.69047
47.12784
49.03222
53.16641
58.63541
61.38373
64.38980
67.03544
67.73977
71.68509
73.80744
77.91978
81.82699
84.68776
88.09965
92.38404
97.02964
102.53222
6.59566
7.82292
13.03165
17.30109
22.01035
23.56502
31.05006
36.19660
41.41485
42.19919
45.35675
48.83023
51.31522
56.59415
62.25225
70.26296
75.11185
82.82548
86.35396
92.36232
95.47275
98.83186
102.24930
105.39759
108.56528
111.29145
5.59740
7.42010
10.17546
19.06743
22.17666
32.84498
41.49101
46.46601
50.34854
54.05359
59.27011
62.80642
72.54848
78.22898
82.08811
84.98623
88.50793
92.74212
94.81726
97.61229
99.34444
104.66647
107.32708
112.81165
114.24528
116.04002
4.82681
8.70491
12.13952
18.72393
26.50374
35.64692
39.47027
46.86529
50.91067
57.04540
61.36877
67.34000
71.85238
76.96699
77.72497
87.40498
89.31005
92.07205
100.14419
101.95847
106.78951
108.65454
110.92347
113.60569
115.26239
118.93260
4.79509
9.52526
12.44586
16.29576
18.81338
25.29628
33.69270
38.92071
42.57909
49.45644
53.32377
57.98152
59.64834
65.66817
70.20971
73.62959
77.90049
81.70967
85.83666
90.29067
93.04359
95.05554
96.17604
100.56448
102.29073
105.33466
2.41873
6.61161
10.62453
11.21465
15.52804
21.99229
28.17333
30.82999
38.64847
46.50709
50.51622
52.98021
56.17840
61.60532
65.31895
68.05564
77.05069
82.74514
87.63190
97.83661
104.42022
110.43510
113.30280
115.63804
119.26401
124.10372
7.77205
10.88387
16.59674
22.20829
27.33475
31.10649
33.14484
37.92269
43.92067
51.21227
54.94835
59.42107
67.66062
70.98991
75.50473
79.29262
84.42273
90.70483
92.30183
100.18742
104.07773
107.60980
114.84332
118.09639
119.78788
124.65230
3.06742
6.21552
9.65240
12.86475
17.00583
28.60110
31.44109
36.79358
41.86128
43.40897
51.41058
54.85023
59.46330
61.41331
63.53359
66.36575
68.87350
72.91751
78.85470
88.49597
94.59834
100.38925
103.82785
105.71898
110.04974
116.95969
3.38110
6.31565
9.83517
12.67865
14.84251
17.24759
19.80546
21.89365
25.99390
32.88336
37.71307
41.00420
44.43718
48.70222
56.56121
61.76682
66.08740
72.49686
74.97974
77.91036
82.24189
86.73482
92.54982
97.26796
101.60335
107.93232
5.26120
8.88834
15.70191
17.09870
23.54956
27.26354
32.26201
37.46179
42.29992
50.29881
53.46003
63.69329
65.52950
67.01711
70.80267
73.90828
77.90757
79.95216
82.99505
87.93200
90.08438
92.97223
98.53145
101.84987
105.87333
112.41599
5.06985
8.29398
11.77774
16.84766
20.20821
26.47074
30.05126
34.40977
37.32872
38.15231
41.34737
45.74066
51.83554
54.21678
56.84327
59.27942
63.62941
71.16932
75.49703
79.09846
82.01245
85.79052
88.51125
95.23762
96.47069
99.60971
5.71480
6.89903
10.00171
15.16530
17.10241
19.94789
21.05650
27.87934
32.41526
33.39957
36.41959
38.59795
45.45660
48.89356
52.58769
55.37767
61.90427
66.40942
75.07909
78.26011
82.05899
86.38790
93.56564
96.75341
101.39821
107.51336
2.17290
3.29983
5.95966
11.20583
14.28123
16.48820
19.80847
25.61312
31.06260
36.09139
38.63420
41.25692
49.89268
53.98577
56.58628
59.37466
62.03792
65.18447
70.25281
75.79193
82.30135
88.46393
91.16723
94.05039
101.27303
104.37832
7.05829
10.59669
13.56343
18.67301
20.89910
24.32147
26.22846
31.97439
35.16214
38.01957
40.46473
43.69494
47.44830
52.43111
59.37210
61.95735
65.36428
66.76107
72.40714
78.47897
86.28062
89.84789
94.92782
99.80325
104.53331
109.40453
2.61975
4.00413
8.33936
12.95966
16.46453
18.61724
25.85131
28.05921
33.20617
38.49526
42.89697
50.47133
52.06287
55.70093
59.53674
63.05550
66.81301
68.35356
74.11674
76.66811
81.45400
83.89908
88.06359
94.02076
99.24123
104.20608
4.99864
8.21264
12.53349
17.70723
20.18387
23.16438
25.96925
31.15246
35.36323
40.23928
52.94830
58.73964
62.49472
68.87709
72.33584
77.69284
79.93735
85.18085
90.56305
93.91444
98.75148
100.00639
103.04321
114.44422
118.57811
124.42171
4.90525
9.52473
14.57665
18.34232
21.74027
26.76002
29.63930
34.38430
40.89387
44.99757
49.81519
52.68711
53.90752
61.27212
69.11005
73.50138
80.31381
81.13293
83.77307
86.30131
90.15238
94.21436
101.98898
108.13171
110.53889
113.08952
4.25303
9.82095
18.62212
25.34829
31.19207
35.63999
38.71829
43.83879
48.00803
54.53808
57.45779
60.76041
67.22128
70.30637
77.84347
83.06681
89.70525
96.70916
100.35095
102.41697
108.99727
116.63548
117.95108
122.10538
129.68035
133.44729
3.41329
8.22524
11.71129
13.98945
22.22423
29.63358
35.97285
39.34975
47.13086
54.92026
61.05789
65.12467
67.01956
72.00189
79.28196
81.80712
84.82976
88.88853
89.53728
91.41286
97.01119
100.09997
104.11358
107.96486
109.52928
113.74939
6.45611
9.27188
18.62499
21.71306
25.59451
28.52010
30.68728
35.93352
37.22217
45.49060
47.54237
54.69053
60.50046
62.56235
66.43758
71.02549
74.10368
78.29881
83.93785
87.06897
90.84847
95.17276
99.22269
103.19408
107.91963
111.33184
4.03997
9.07106
10.66251
18.06294
23.52895
26.10427
30.23016
34.19736
36.97148
44.83530
49.53093
54.27139
60.98289
63.92110
68.06214
70.31152
73.53252
75.44047
79.68984
81.60397
84.08127
88.72831
90.80833
92.07157
96.55507
98.22289
5.61427
8.18612
13.77450
17.01863
22.77635
25.14607
28.64847
31.82474
36.28043
39.54980
41.27491
45.22593
51.43879
53.47902
55.87431
59.55344
64.90600
68.01429
71.34149
74.14608
77.36872
81.95739
86.99196
90.16909
97.40990
100.21833
8.85782
15.87084
19.71057
25.96608
30.47091
33.04701
37.03398
40.39638
47.19621
49.66486
55.21378
60.15030
62.89667
66.31172
70.45943
70.85525
72.90167
82.01366
84.48283
90.78745
95.05229
98.17144
100.87707
104.75181
108.29712
111.65896
0.64315
7.20464
8.68366
11.50824
14.49731
22.44981
26.32757
29.00819
30.49803
36.01473
41.24561
46.91003
49.67245
52.16020
54.64911
56.69557
61.46273
63.84731
66.39525
68.69086
71.82939
74.15580
76.51662
80.47560
85.37264
90.94711
2.01562
4.57593
5.53842
9.17977
13.25433
16.74977
21.94350
27.34984
33.29375
36.05869
41.68807
49.58537
55.00471
58.30510
60.94187
64.56768
70.65591
73.40471
81.46808
81.79786
85.49892
86.86308
89.49882
95.02362
100.07061
103.81818
2.37155
8.47316
12.27876
14.74601
21.79622
25.84774
32.49535
35.63811
41.36258
43.99986
47.46281
53.66276
59.85651
63.46214
69.66857
73.64440
77.80558
82.95786
87.68415
93.12490
100.74512
103.96792
109.66412
113.91765
119.49931
122.92192
1.55493
10.02992
14.66659
19.76888
22.25981
28.34529
29.13831
34.47370
36.46922
39.51858
41.25022
44.98764
50.45149
59.87120
67.52188
70.73027
74.12406
81.33927
87.06712
89.77838
98.84991
102.98794
105.68570
107.80425
114.75447
121.56857
1.61148
5.36187
12.93435
17.32188
22.80151
26.82806
35.30237
40.98641
43.89240
47.94872
50.58102
57.20511
61.76398
69.45285
76.94141
81.72658
85.32777
90.97194
93.16044
97.68021
101.60855
108.40817
114.35977
118.37195
122.40608
125.90807
6.43148
12.82914
16.82918
21.01553
24.08969
25.99585
28.89315
30.97536
36.89205
40.26927
46.63939
49.73785
50.87119
57.27672
62.04756
66.89542
70.15963
72.45521
74.87348
79.44497
86.48338
91.18889
103.44385
109.15935
114.87393
118.47248
