5.75006
9.81830
16.10724
20.60217
26.02991
33.14194
42.58962
46.54008
56.07357
62.16279
69.45468
2.67174
8.56006
13.17719
20.42292
23.80487
27.67754
31.05790
33.56984
39.32016
45.00627
47.01693
8.96880
14.12226
23.20306
27.16529
30.89312
37.24875
43.21080
56.95359
61.20268
64.65093
80.29840
5.62592
11.92346
18.90754
28.81101
36.08864
40.93684
43.37895
54.08849
61.54865
67.26041
74.20948
8.36606
16.91639
24.76704
27.71624
29.83038
32.66456
40.20795
42.03877
49.61915
52.87999
59.72661
9.12210
17.05100
22.54679
27.13589
34.48578
43.48143
48.58510
57.11949
60.62517
68.72207
81.51152
9.35429
12.88050
18.00486
26.52759
37.68561
42.60432
48.69484
57.16997
61.42009
71.24995
82.10696
3.86044
11.70315
16.49597
24.20304
32.17574
46.33946
47.60594
50.33483
64.45486
77.39107
80.86700
7.04073
12.86071
17.09777
24.52626
26.65009
36.29671
42.76208
48.49220
52.57899
53.47227
61.25778
1.78397
3.78151
18.03298
25.48738
35.85795
43.10136
50.40973
59.91055
63.14319
67.14974
70.19386
3.90128
11.78049
13.15669
21.19018
28.72135
32.03307
37.56764
46.04195
57.90771
62.12064
69.94702
8.88711
12.46812
20.21574
21.60166
27.51422
30.09162
39.31226
44.80865
50.18021
56.87941
63.00748
4.94353
16.72408
30.00466
35.39412
38.26025
44.52326
49.17173
63.03347
64.79764
68.91286
73.73157
4.66044
10.08999
14.71712
17.36043
22.43633
29.62134
34.29809
38.73561
50.32506
58.09463
62.31140
1.76539
11.36606
22.80112
25.24112
29.66068
32.26090
34.18702
45.79671
46.57013
47.81571
53.92456
7.83398
17.76977
24.03460
36.14048
39.88556
46.15211
54.27266
62.96509
69.20961
77.83858
79.98615
7.95182
13.22282
18.44268
27.75435
28.81292
38.61947
42.89182
48.83402
55.26690
62.12496
63.84737
4.07377
9.78395
23.12662
24.39078
32.84260
36.80060
40.47128
42.91703
49.31858
55.04779
62.03353
12.94046
16.83000
20.83872
24.49654
39.38406
46.48598
52.44330
57.55982
68.71509
76.59977
81.53848
11.03927
16.32353
22.08472
38.45678
42.25780
49.92596
57.87942
65.04065
72.18599
78.47893
82.72923
9.95905
18.13359
28.83363
32.25458
46.17558
47.12293
53.60846
58.92442
67.16316
73.49700
84.42644
4.52764
7.47906
19.33643
24.39204
39.51643
43.41555
45.13168
53.77608
60.79755
65.89435
67.78798
4.59581
8.07784
12.58773
13.71641
25.86751
34.70540
46.06513
55.47142
59.97938
64.94618
71.18841
5.98696
12.30907
24.80518
36.95837
38.75241
49.09177
56.35564
62.82946
70.81593
74.59695
78.47827
4.93036
13.15640
16.00181
22.94437
26.95879
29.04160
30.99109
46.05977
47.79429
49.91113
61.42901
16.09630
23.25784
26.41080
44.10857
53.42097
60.02066
69.97307
74.90106
78.37693
84.46990
90.55736
6.46151
9.81679
13.57087
20.68092
26.80237
31.11706
33.59948
41.03104
45.70981
46.37417
47.44093
11.03194
15.82491
31.33755
40.02531
46.26803
53.10503
55.43911
59.21811
65.55153
68.35158
77.71814
7.85344
10.01999
17.57324
20.82987
27.60648
30.94316
35.69275
47.79655
49.63890
55.22869
59.90348
3.89134
10.69431
19.25588
20.91322
22.64477
27.18438
34.99388
39.98019
46.84657
50.56924
60.33408
6.05961
11.15357
18.94581
26.51866
34.36684
38.71441
42.73553
53.67469
59.87217
63.57522
70.64026
10.12297
17.77063
26.68671
31.84623
35.60355
37.39455
52.51942
56.15975
57.88463
63.97545
71.28733
5.82697
7.18636
14.65696
16.67483
25.08721
32.11613
38.63538
42.82011
52.85836
56.69647
62.97716
3.06687
5.91712
14.16015
15.88806
24.54760
29.17736
33.50375
41.48983
46.87342
56.52918
62.56361
1.97692
10.45950
20.92427
26.60466
30.96085
42.12239
50.26006
58.93276
61.84269
73.61967
80.84541
6.74063
11.77752
17.89645
21.61376
22.54720
31.97003
35.04786
44.39633
57.33808
73.56815
79.43625
2.93394
10.17796
15.36646
18.05508
23.33869
27.52155
35.25385
37.31285
44.02908
50.37228
66.12708
12.96256
18.19086
23.28657
26.56610
40.34450
54.90407
61.96827
66.83712
70.14877
73.98979
79.57746
7.99204
24.05564
25.12531
36.30000
47.96025
55.46146
61.74579
65.82658
69.90656
79.77619
83.39827
8.30753
19.68643
24.18283
26.45724
42.15172
44.92694
52.57444
59.82911
71.98587
76.66369
80.30583
3.32697
11.40059
15.75434
19.91865
21.80589
30.37444
42.87340
50.96803
54.13846
59.76538
63.47329
11.00995
14.08060
24.88880
32.45229
50.28213
55.10285
61.70522
69.52191
72.51161
76.61150
91.50126
5.70533
9.54696
12.70602
18.64883
22.90998
28.35859
32.47491
40.10735
41.89664
45.78949
56.58661
6.08578
10.92335
21.63358
24.62230
27.99943
29.26452
36.66604
47.45295
60.45803
73.01410
77.95587
4.47478
8.14857
16.64784
19.34915
24.07519
32.00031
39.76229
48.51559
55.03715
62.86736
73.52751
3.49429
16.53613
25.97044
28.58271
33.14820
38.34887
39.89495
47.24042
54.66085
61.62096
76.76346
3.64279
7.20573
11.72202
18.91320
25.63485
37.79205
57.95973
59.54452
71.86846
77.20927
87.73904
5.01897
14.43786
23.35402
30.78873
38.43137
50.09320
55.90598
62.07947
69.42796
82.21334
88.90501
10.75031
14.47181
22.15257
33.33446
37.55716
42.31649
45.69724
48.20552
59.48865
63.23763
73.76768
12.95068
17.93881
26.78708
37.57291
39.91731
44.14188
54.43184
63.81012
67.81742
77.65122
81.82082
5.37586
7.55431
13.78434
21.86039
36.81842
42.82911
45.81747
50.77798
62.43430
65.08799
70.12842
3.15428
12.42275
25.57139
34.94093
41.21281
49.39412
54.96724
57.10804
60.08483
70.71981
76.23408
13.63685
20.32881
30.25445
38.37237
45.99622
47.82786
54.54261
57.89530
60.75410
66.47098
71.15690
6.53878
16.76292
20.85303
23.99154
32.76634
39.13871
50.54679
61.36328
62.18248
67.09580
72.58770
2.08762
12.80563
14.93459
21.24615
29.45148
32.89753
36.18227
41.42954
46.82262
51.07514
76.43196
5.00497
11.82753
19.33177
27.20417
34.90565
37.45545
53.05226
61.92287
68.03536
70.88851
81.63880
5.90975
13.29355
20.36997
32.27330
37.97723
44.85421
47.53052
58.56414
66.32152
72.08518
74.69441
2.21425
6.23293
15.73548
17.65034
21.44697
32.24238
36.83140
56.23544
61.99093
67.42466
70.75823
5.61066
9.98843
19.64480
25.98957
34.22202
35.79337
45.94545
49.60990
59.86661
71.27096
75.55891
6.71574
12.33049
18.39743
25.13643
34.61102
37.72020
50.80243
59.11615
64.76704
69.93609
82.97480
6.00902
7.37466
18.30059
19.01353
25.24024
32.54641
37.21308
43.96547
49.31300
56.34516
61.86629
7.06361
9.94569
14.87523
25.67187
30.41297
31.97701
35.26061
39.05475
47.38712
55.37672
59.58684
7.04273
9.80182
13.33994
16.69537
22.62580
31.65553
33.38084
37.61951
41.15956
41.91129
45.60950
4.54152
12.25616
16.23933
21.72336
26.09229
30.85812
33.72337
40.08202
46.06967
51.06907
56.00602
7.31352
10.47455
12.23393
15.17224
32.25259
36.61366
46.55967
51.36097
54.84989
65.03081
80.75791
3.72850
7.38157
12.47042
19.31548
41.52164
48.60951
54.22037
62.13553
71.50931
75.55654
81.81377
14.41481
19.81398
25.39863
38.86700
45.77060
53.77973
56.18429
58.81904
64.87339
66.65418
75.37163
8.99590
19.02368
22.90675
32.06873
39.59405
46.09731
52.18430
56.28465
73.94549
85.45928
99.16824
10.45463
20.04261
26.54937
31.11033
38.50942
40.94562
44.75542
51.33838
54.26477
70.92619
74.54605
7.02808
11.18606
19.10769
22.44450
24.74422
29.75621
38.16465
47.61807
54.99484
62.59008
64.97533
8.38420
14.76528
21.59443
28.32963
39.68879
46.54547
70.42116
73.09434
79.91028
87.79515
91.39763
6.78628
18.03141
22.40011
33.51075
36.75238
55.42944
64.93214
69.41818
71.37326
74.56887
82.58068
9.15166
11.14877
16.23158
16.99476
23.89677
33.16137
34.98979
48.80248
59.92905
62.88157
70.09678
5.14892
5.90651
16.43973
20.35654
25.41181
32.15000
39.37364
48.98967
59.00406
67.30050
77.38040
4.34039
9.00598
16.32145
19.73784
24.88725
30.54510
35.86325
39.80504
53.71617
59.60278
71.65363
3.45945
20.91538
23.23864
32.75321
36.51307
39.50155
45.66152
51.11105
60.30789
66.41253
82.28464
17.69633
23.24313
34.31934
41.89005
59.69401
62.96062
68.33602
72.20488
75.40729
84.83872
102.99838
3.60808
8.14396
13.25332
18.06322
19.57776
26.23736
34.45186
38.17688
43.28917
50.90695
60.83760
6.06026
8.07708
20.03106
26.79797
37.70817
45.23090
53.88741
58.06454
67.52937
73.41973
75.78054
6.06203
8.02822
14.27731
20.90158
25.16289
30.23523
38.57574
43.88694
50.30411
56.50184
59.36007
3.23994
11.90547
17.28329
22.06040
27.96459
41.42096
51.25129
52.09699
60.81577
66.11390
71.16680
4.16057
7.99390
17.49241
23.59893
35.52532
40.64762
45.83717
54.49543
60.22449
65.24159
73.11584
2.98831
9.76553
19.77015
23.13520
31.82774
41.36468
54.57136
57.76998
66.67726
69.66239
76.88096
5.60748
13.29884
15.46013
20.68177
23.63930
28.69845
34.15401
38.01205
46.40074
48.50335
58.41031
14.16489
24.23195
29.74585
33.10120
38.53605
43.17505
51.19828
55.76062
60.44563
71.72435
83.09204
12.12866
16.01463
17.22899
22.46518
24.71599
27.56309
33.08280
42.48144
50.42780
52.00251
53.89388
4.43110
7.56582
17.90708
20.02392
23.43572
29.62501
38.69997
39.91600
45.15993
55.95489
61.67623
17.95280
25.96178
28.88304
41.02635
47.45741
49.18970
58.36077
68.12153
71.48064
80.73248
81.73991
4.72513
13.15592
15.80339
22.24162
28.85880
47.71943
64.42174
67.91307
77.98027
80.77413
91.76190
4.84231
7.31482
11.66988
19.97530
28.95635
37.09338
55.06873
57.64623
63.64643
74.49356
80.03198
3.25760
11.89677
17.35383
28.53218
36.13047
42.00946
46.22120
53.06207
55.70320
67.07181
73.28488
10.71883
12.61110
16.21795
24.24084
25.30413
36.72195
41.56968
46.45098
55.88137
60.99235
66.61046
3.80404
8.22947
14.91138
21.77366
28.28998
38.19469
40.84562
52.97229
64.28283
69.80207
79.73532
10.49775
27.88360
31.33783
38.78162
44.06524
49.64136
57.65888
61.23031
68.57253
76.80849
82.17733
2.05279
3.44397
9.46921
16.47395
23.52791
31.64599
39.26731
48.76635
57.66695
62.87610
68.99275
3.64141
4.88482
12.12000
16.07261
20.74836
26.11374
31.57017
42.28935
50.59105
58.85936
65.67079
12.96327
24.44866
33.64049
39.43453
43.34039
49.60096
52.08250
67.66362
70.12024
77.31877
85.24274
23.87801
33.07808
37.83116
41.66594
49.85127
56.56912
73.52756
79.64017
84.34976
87.75902
92.84124
4.61943
9.05790
14.99958
23.60923
26.71377
35.17723
39.36969
44.28322
48.99231
55.71597
66.04806
6.06179
16.10865
20.50844
21.75584
24.83731
27.96093
38.93827
43.27789
46.58951
53.08712
68.41366
