0.22111
9.10361
13.11598
14.40421
18.25968
19.33809
26.18269
24.72909
24.95643
3.20687
4.75782
11.24532
16.35326
23.09992
31.31577
33.29516
33.45676
33.48230
7.11906
9.66313
24.99821
29.48931
37.22772
39.23557
48.97398
49.05041
49.29383
1.76534
8.13690
13.60946
25.09002
29.47331
30.42836
32.89828
32.93267
32.99294
2.34749
6.06599
15.60349
17.48906
19.19871
25.41960
28.87285
28.99748
29.21928
1.98790
3.04353
9.49750
10.03915
12.66341
17.09229
21.40289
17.03491
17.18048
8.01177
28.44447
37.76198
40.07276
41.51492
44.07621
50.97367
47.50674
47.65728
12.48343
16.24292
16.78558
21.38871
24.31661
32.91709
42.61422
42.73247
40.09724
1.00080
6.70997
13.93128
17.05183
22.07377
31.11738
32.99754
33.18552
33.27972
2.62552
14.07727
-1.00000
-1.00000
-1.00000
-1.00000
-1.00000
-1.00000
-1.00000
7.05470
8.24859
10.95908
14.85655
19.30681
21.88652
26.96448
27.20414
27.21269
0.52618
13.28919
14.00225
18.65362
22.32234
24.70308
25.37791
25.55080
25.60423
3.25317
16.18605
22.15880
25.22282
28.03099
32.81738
37.44560
37.45144
37.59998
10.25558
17.24494
29.95981
36.28306
41.04858
54.36577
58.74220
58.87369
59.01440
12.17479
17.56153
27.75016
36.89759
40.66158
45.28911
57.89876
58.05954
58.42778
10.79057
13.61191
24.60204
24.29339
24.56962
28.37888
30.79345
31.10408
31.38446
4.02015
14.11777
16.91280
20.76484
27.25353
28.92261
30.38970
30.42437
30.50750
8.39709
16.95737
28.47729
36.05363
40.28150
41.11209
46.64106
46.79638
46.93140
2.93901
10.71315
19.93875
24.96198
28.55345
29.83821
30.10414
30.50463
30.60085
7.40014
20.16110
22.06726
26.72282
30.23044
32.76862
38.57270
38.91102
39.05772
6.15084
11.53403
19.36797
25.29533
28.19332
32.30652
37.58242
37.74660
34.99121
1.92095
10.76626
16.72742
18.86579
20.29335
30.83382
35.19881
35.30578
35.47422
2.53290
9.86350
15.27708
19.47692
23.77199
36.53565
44.13016
44.33050
44.52038
5.31078
7.00454
8.86439
15.75519
34.47062
38.01770
47.02069
45.14305
45.20695
2.88683
10.15754
16.38311
21.99563
41.34683
48.00190
55.68019
55.95187
55.96582
6.60715
8.63432
13.68357
15.26161
26.14920
37.20700
43.99829
40.37611
40.43958
4.58846
10.34051
13.26283
16.56536
25.63034
40.28634
50.10990
50.36125
50.66208
15.32783
18.78850
24.20107
36.07139
38.48856
40.86972
41.41741
41.60022
41.75991
6.29959
11.78314
13.01279
22.25114
23.99941
32.17460
34.51584
32.00929
32.11675
11.83455
16.10362
18.77819
21.36184
23.00767
29.25436
30.35493
28.84418
29.03816
1.75980
8.38229
16.72127
17.82580
19.91056
27.37432
29.99697
30.27522
30.45719
4.37629
6.52707
8.65568
9.49415
15.93814
22.13605
27.14287
27.22750
27.31720
2.90222
10.47149
17.69306
24.58083
31.00093
32.33382
38.90583
39.15193
39.24886
8.97749
11.84704
21.02918
22.86692
31.87770
35.81596
41.96878
42.11015
42.13046
7.99698
14.43403
20.88014
33.58771
41.98432
49.42635
52.80017
52.87658
52.91148
5.44737
7.07488
15.33643
18.62196
21.38569
24.79140
29.24308
29.25921
29.37311
2.36388
4.10082
7.42125
14.12329
16.91778
19.76273
22.92866
23.16217
23.28059
2.77644
9.31287
12.96569
16.39302
20.06318
25.04714
31.55810
31.60429
31.77695
4.69673
19.45543
-1.00000
-1.00000
-1.00000
-1.00000
-1.00000
-1.00000
-1.00000
8.19360
11.36003
15.14103
16.15482
16.53689
28.06308
37.87098
38.37082
38.47592
3.86715
16.03312
18.37983
22.17835
23.33854
31.45145
37.89670
38.26412
38.37316
9.35174
14.10270
20.80103
27.91530
28.03308
32.89343
36.31730
36.63350
35.44371
2.87941
9.11845
17.99796
24.04494
27.41439
28.35998
33.08525
33.22311
33.31464
3.36817
15.31363
20.21915
24.08577
29.13763
40.55876
42.13590
39.90595
40.06110
10.26687
23.14430
28.04109
31.19191
38.65606
63.95654
68.29511
68.36570
68.62161
6.58222
8.09147
14.36141
22.12907
27.18176
36.43360
43.52076
43.63012
43.91683
11.98129
15.52168
20.63421
22.07905
25.51532
32.50279
33.34951
33.47589
33.58152
2.58813
15.68524
23.36292
29.15231
35.12269
41.36982
42.75768
43.02815
43.24498
0.94104
19.98381
23.13260
24.84675
26.35908
26.57549
28.73184
28.89707
26.02494
6.92257
11.38342
14.65293
18.93197
19.63308
25.71622
37.65315
36.55012
36.96708
11.64689
17.49791
22.86229
32.26356
51.24139
52.65514
53.98472
54.07412
54.22806
9.34899
17.86104
24.06438
25.46547
29.65236
32.50932
38.69971
38.80480
38.87606
2.95857
7.09495
10.36968
16.81187
19.62104
22.43543
29.83023
29.92413
29.93446
4.17479
9.33121
10.67913
17.32992
17.62834
21.79362
35.68232
35.91880
36.11059
13.11852
20.63441
31.48108
38.75032
49.15648
52.08660
56.39958
56.56308
56.67888
2.70594
5.29758
24.51043
31.89461
33.08153
39.69892
43.64054
43.78698
42.71749
11.50743
13.62065
15.51047
26.53823
29.06661
32.52390
39.57666
39.62538
39.93017
1.37686
14.33684
18.50952
25.87799
26.58346
33.60591
37.24578
37.43012
37.62590
1.81862
2.18849
6.20098
7.23212
15.47834
24.08219
31.97000
32.10825
32.22411
1.65926
5.76605
17.80393
21.42986
27.19778
35.80652
37.84236
38.11829
38.26689
2.84534
13.86026
14.77570
21.84524
36.26405
38.58473
45.83373
45.90140
45.96249
6.48335
20.45586
28.49313
40.63706
44.86567
50.90805
57.38684
57.50225
57.55382
2.64559
12.11898
13.31397
17.94729
20.46318
25.36441
36.99931
37.40164
37.41603
7.04017
15.10646
19.30124
40.84907
42.92044
43.83456
48.95110
48.98447
49.24774
5.54354
18.08783
36.30089
45.11960
57.36683
64.23456
71.75979
71.89423
72.10834
3.02440
10.12519
18.86086
22.20047
25.22900
45.79149
49.11651
49.17389
49.28684
7.33906
13.55874
15.74470
23.44751
28.67230
29.19391
30.22020
30.33419
30.46428
6.21406
8.22822
13.14451
28.02598
47.15802
47.90987
49.99651
50.32709
50.40047
2.22135
10.84596
14.33313
15.87168
17.99089
24.77243
29.78065
29.84014
29.96985
3.61161
18.45476
24.24251
26.67893
32.16880
35.47132
43.28192
43.43817
43.84383
8.17356
13.53085
13.52188
17.94780
19.56131
24.15996
28.75972
26.39987
26.58700
12.17498
20.97439
26.27920
37.58374
41.44653
48.68804
50.07418
50.12873
50.29990
3.47447
6.27731
8.14509
11.45652
15.62258
18.21260
-1.00000
-1.00000
-1.00000
10.69104
12.74398
18.80298
26.20464
33.95108
47.99297
50.95869
51.08665
51.11720
11.63745
21.63515
22.22807
24.62683
32.32289
36.44162
39.50398
38.74885
38.81049
12.14874
16.07551
20.03214
26.72350
33.30826
34.57543
39.76928
39.94592
40.02222
7.34345
11.00049
12.38862
12.11949
35.74315
41.51366
45.59425
45.68546
45.71089
6.07958
8.66202
11.10061
18.27128
27.16793
31.54736
38.32769
38.51681
38.57311
1.46293
5.66400
10.45037
14.91252
21.96821
34.45871
37.83114
38.01524
38.11590
9.17051
13.93037
19.30158
32.65385
32.37528
34.99088
41.47021
41.55699
41.79664
3.50046
5.44028
11.44227
16.23626
19.17836
24.56222
44.05243
44.14356
44.26325
14.97714
33.64902
41.27348
43.13643
51.07715
60.76265
62.31353
62.43672
62.51582
6.83240
13.14845
16.61529
24.28658
32.73370
38.95724
38.05492
38.17799
38.23288
1.65480
8.55915
20.07486
22.50033
29.27020
35.59858
37.35278
37.40011
37.61239
6.59082
9.51582
12.84074
16.63537
21.19710
27.56404
34.25090
34.43305
34.61299
9.89647
12.59513
15.43220
20.64636
33.61149
34.19367
46.88388
47.10609
47.41868
5.15182
7.19203
9.17862
10.90315
16.60150
28.64986
32.60832
32.86121
31.30629
1.57067
10.03327
11.52770
24.03663
26.98687
27.98526
30.70741
30.89834
31.14206
3.90240
9.00858
14.94826
20.60349
31.52177
35.18609
45.71222
45.82768
46.20239
4.21876
6.61245
10.94636
22.73794
27.11939
35.53532
42.23164
39.35041
39.49388
8.19519
12.19250
15.53929
18.55425
26.38100
27.71172
28.60638
28.88562
27.33976
2.98439
16.85053
16.45715
19.98340
30.74672
31.84826
34.68552
34.79165
35.23182
4.17256
7.76624
8.93199
21.45596
29.95528
33.76331
39.79496
40.11815
39.58949
5.64623
17.82221
22.07016
31.78849
39.57632
41.94969
46.37113
43.66623
43.98216
5.02616
11.55311
14.38474
18.61107
21.46644
22.71191
32.13565
32.33416
30.39068
2.55992
11.30339
22.67713
25.82016
27.03348
34.64263
39.62490
37.70023
38.12369
11.15037
12.93452
17.12630
20.59958
25.31505
32.35799
38.17042
38.24636
38.47275
5.51665
6.35991
7.12727
8.20611
12.80925
22.13534
25.20840
25.31326
25.46773
6.31868
14.21452
26.25618
29.25043
34.48108
38.54208
45.65005
45.77028
45.99677
1.10520
1.90201
8.41316
14.37683
19.22345
28.69397
31.06565
31.46824
31.65790
