0.65086
1.52379
2.05767
2.84114
3.43295
3.77185
4.88349
5.14546
5.46025
5.55305
6.03020
6.39526
0.47228
0.54812
0.76891
1.24006
1.82007
2.05004
2.38191
2.44097
3.30268
3.56669
3.72410
4.82990
0.17297
0.68052
0.86715
1.13307
1.39509
1.55167
1.87707
2.55086
2.99759
3.30138
3.38505
4.19184
0.86741
1.09972
1.50176
2.15245
2.39256
3.01007
4.29309
5.00937
5.11255
5.74503
6.39347
6.48830
0.06443
0.70053
0.70462
1.84500
2.13266
2.25516
2.82107
3.10819
3.49157
3.92368
4.26719
4.82764
1.53308
2.08214
2.28325
2.94305
3.34271
3.71835
4.55302
5.21980
5.83707
6.20079
6.56834
7.14156
0.18556
0.25956
0.58229
0.84650
1.09929
1.71525
3.33590
3.99338
