18.76399
38.72856
40.99978
42.02094
55.59647
56.50738
78.95582
93.78799
101.20801
109.98290
116.27997
131.49211
134.33738
4.78726
17.24390
34.59499
41.95170
46.45607
52.46048
59.03358
55.71856
60.29056
67.66617
70.48964
73.43653
79.63773
11.23584
26.38887
35.28797
37.08268
44.79717
51.36983
54.20159
57.80786
59.55485
63.05294
67.12340
75.86567
85.91124
5.60120
10.11362
13.61275
23.00504
27.94338
28.76536
37.17669
37.90399
42.48763
75.37450
78.73171
93.85345
98.12236
15.92986
20.81261
25.67138
44.53108
50.94770
60.02032
63.54957
68.47585
71.99999
74.29931
80.65866
92.53023
95.98862
15.98952
34.19059
37.10382
43.20676
44.93525
46.67546
51.38321
52.81664
66.61715
67.41502
69.96805
87.15830
104.15094
13.36588
18.97313
30.44697
43.59010
56.07938
71.25400
83.51321
102.23424
107.45202
115.59688
118.03714
133.36413
133.47410
11.69521
19.15315
21.65656
26.54676
30.05248
59.83542
74.69586
79.04908
93.18651
93.93318
104.04464
116.16914
121.23919
5.60417
11.06744
23.19331
24.35745
39.31136
46.49510
47.53817
52.71345
59.63826
60.91702
67.58723
88.00761
102.20755
10.26639
19.51568
24.47691
34.99771
44.03874
59.61119
66.98733
87.38379
110.03944
117.07808
123.51829
134.54844
136.92382
6.24601
9.59469
11.07685
14.15101
27.72248
44.83412
67.38244
71.42448
115.17875
120.78725
128.64984
136.32650
139.41729
10.82629
23.27721
25.73690
41.87647
67.45677
80.86880
118.01823
120.16046
126.13856
142.02851
151.01485
171.38151
173.55832
9.59798
14.27649
17.68254
22.05764
34.82967
47.58200
52.97011
55.72598
59.00708
68.56790
74.53263
80.95611
86.72680
10.84278
21.86369
40.91340
48.01173
58.13245
75.92341
101.59945
115.64774
116.87988
117.67954
119.54707
121.69392
132.91217
8.17808
22.89361
32.04520
40.39991
56.90511
58.42416
65.13888
67.95362
83.25926
89.11793
96.45652
102.83828
108.03814
13.57426
16.48191
18.40767
45.57033
52.90484
57.92891
61.15742
62.87966
71.25159
79.48755
85.05517
89.65982
98.52127
7.53184
21.08306
24.39006
41.67492
51.05096
60.94933
66.23258
68.22618
77.73632
77.59288
80.99444
89.85401
98.48021
9.95112
22.01483
27.19783
37.65808
41.92602
55.36198
72.10998
80.38387
80.78494
83.11926
94.51193
97.41274
99.46495
5.53385
13.05331
14.82909
22.17685
36.63105
43.65788
57.71469
75.66795
82.36186
93.86969
99.75565
100.66776
108.98555
8.74841
28.59268
34.24653
44.35304
63.14965
81.47698
84.61467
89.71693
101.68183
123.24743
131.53612
143.27517
154.92907
7.24358
16.27016
21.55694
33.82299
40.83175
43.16482
45.63093
55.14320
61.91856
88.65323
97.66035
108.24291
108.10830
11.23454
29.60364
31.98560
35.51919
40.98524
47.87060
58.34012
63.99309
63.69473
73.89135
79.53952
82.09126
99.40786
5.51557
12.00310
15.39033
27.98569
39.20831
46.94442
53.74894
60.92436
69.93675
84.09136
95.12591
105.81983
108.32273
18.91158
28.41751
54.77364
55.76267
63.77531
76.83747
87.33639
89.74291
99.06096
103.28634
120.30039
123.57476
133.16413
24.60779
36.63722
46.27506
46.83057
65.88457
71.81821
76.51858
99.52728
103.49284
110.84794
112.83334
115.83130
121.32579
7.59575
10.20046
14.47369
17.73006
33.36022
36.26586
52.69480
60.63145
66.34849
74.67990
81.95122
102.26811
117.15533
4.99927
7.02104
8.26841
16.16416
32.79990
41.12468
44.17348
53.15302
62.98230
74.68805
78.12902
81.84963
96.30881
7.56011
19.90179
26.50976
26.03541
33.38663
54.48033
85.69238
90.17773
100.06351
118.35278
119.78105
128.35427
136.25823
6.44839
34.86427
37.12821
47.42029
60.62282
60.99246
73.14440
77.60642
103.36514
122.23300
132.81919
132.88564
132.92504
4.77553
17.14854
34.42585
40.49854
46.08312
57.52660
64.62361
70.38431
71.65478
72.97834
77.23722
95.76516
104.35095
13.73136
28.54008
41.48205
47.86920
50.01816
67.09743
81.21329
92.66747
97.31974
115.90795
124.92598
134.55783
142.16129
13.27387
22.26996
26.41866
53.93332
68.39604
70.92994
72.03340
72.86872
81.50678
104.66838
106.17400
109.99841
119.87634
11.90665
19.53637
27.84503
33.73734
51.95749
66.00973
71.63508
82.91982
84.32020
87.39393
96.03595
97.33065
97.92554
6.14785
19.47116
32.16877
42.85945
60.77838
71.52772
-1.00000
-1.00000
-1.00000
-1.00000
-1.00000
-1.00000
-1.00000
10.97593
13.71730
18.22787
22.91164
32.47857
46.15860
51.96123
57.45462
63.52211
73.22020
85.20113
113.90798
123.11406
17.87138
41.59281
42.39474
46.18773
53.86125
64.13395
75.44071
75.87469
89.39849
112.08341
115.50797
119.22115
123.00596
7.20066
14.75368
22.18352
40.31428
50.08603
61.57262
66.15371
70.78578
79.09735
84.40648
85.00442
99.02471
107.28019
13.64525
16.82244
26.34933
34.22070
46.99796
54.66275
65.54740
76.22212
95.94671
106.24569
110.05191
110.10824
122.29616
10.33932
17.73398
20.42329
42.13057
51.48501
62.83278
68.07859
73.68165
89.76322
99.00193
123.03678
134.73481
137.66287
9.47209
10.94570
12.12889
20.65370
24.05963
34.31089
51.32718
77.11580
84.65777
84.59805
85.30766
92.65352
98.24023
7.74025
11.71202
15.83720
32.87700
45.91957
56.08200
66.11694
76.61927
77.46298
81.27344
89.71886
93.89260
110.21363
2.94673
9.86273
10.00081
29.58796
35.20652
58.48872
66.58426
76.68448
83.15572
86.33470
86.93458
103.74396
110.34058
11.74716
30.50005
52.48901
59.24735
62.03532
68.81913
78.30966
90.08400
102.56671
114.16256
127.45523
133.34173
135.20768
12.58615
20.71661
27.35885
37.79074
42.09134
63.42574
75.87967
78.66236
99.21870
101.53660
118.68711
122.24971
131.96966
11.26879
16.15952
23.10197
29.40710
35.73332
52.56163
58.34065
75.37501
79.27898
87.25591
94.68346
97.32063
101.23135
40.09366
50.88086
55.85312
66.83321
67.38886
69.43536
71.04568
72.25520
87.51969
106.78605
108.88405
112.25714
116.65204
15.15401
16.35729
24.49654
30.37495
42.73807
54.40936
61.19871
75.83210
85.30950
98.98114
103.15110
114.27291
132.62934
16.48118
21.29958
36.14493
37.94517
46.10330
51.90009
55.12752
73.27612
88.37692
104.14967
108.82478
118.26484
124.57718
10.21383
13.08813
18.54137
42.19722
57.92985
63.34855
78.94503
81.93657
84.46273
89.33638
92.15035
97.78657
105.49836
33.85258
39.67593
54.70082
59.78724
66.59528
68.75841
76.99742
85.96031
93.71251
116.85664
119.10415
121.74024
124.20497
2.68756
5.92213
17.83697
27.78481
37.86673
59.34096
64.54455
73.77728
74.14781
79.75582
82.22400
91.40341
101.15871
2.71095
9.62328
15.95828
22.62439
40.45440
50.53171
65.05113
69.03518
71.49773
81.74102
93.30007
102.57196
108.71097
7.01209
14.55512
18.26309
18.62836
22.49189
28.25474
38.69592
43.63394
51.38274
59.33927
63.15555
73.24081
90.96467
21.15496
39.51647
50.09402
59.11825
79.83317
89.76632
109.26438
120.00115
128.19037
133.37146
138.69662
143.07509
167.71643
16.19160
17.64987
52.77586
57.68885
65.62754
86.19632
105.38252
113.98391
116.41608
123.46303
132.22369
133.28275
146.34741
5.40222
12.29148
40.28757
41.89604
46.47097
56.25394
61.17847
83.04472
90.31913
111.78938
119.60009
132.40331
140.79598
9.24322
12.27936
17.64919
37.01504
51.86147
54.98280
65.26367
65.61253
81.28912
87.73947
99.65883
107.29878
110.18794
15.33431
22.84994
36.20880
40.71882
56.01227
64.00494
72.75109
83.50709
94.09318
113.26062
117.04665
134.80690
135.72298
17.44681
29.55720
35.38137
58.49540
67.50413
74.02827
78.37638
86.82382
91.10588
104.13959
123.63092
125.01291
138.58469
16.76395
29.64382
33.03382
59.72785
72.83863
82.38375
85.34596
91.92632
95.19214
99.32028
107.18065
126.79910
128.27476
9.69693
20.93791
27.71134
30.78087
42.97314
47.94150
50.34223
54.87257
58.98212
67.07651
75.15298
83.34357
83.97220
2.72423
9.71509
16.28496
33.86362
48.70529
53.46447
65.31144
70.41064
76.28868
90.34233
101.46409
113.44823
129.01057
6.48983
15.19444
20.09224
25.35548
31.69747
43.25237
47.48079
55.19805
65.48683
85.92842
94.09825
97.08951
109.11643
10.77918
20.35700
23.68160
29.80544
39.20830
67.86191
69.20648
74.23398
78.24367
91.79250
92.45728
96.18978
96.70490
5.95759
9.78713
19.16849
42.68534
66.50265
72.87553
80.73471
82.04087
84.37065
89.11221
89.84598
132.61616
141.42359
11.00826
19.81372
24.24557
34.10250
51.51822
51.61218
55.43150
57.67631
70.16107
86.13974
107.45443
115.47526
135.50662
15.91155
30.81549
38.36499
42.14584
85.10066
92.79868
109.93685
119.34715
120.89943
130.78245
142.45282
167.56734
171.52502
21.44971
38.28741
50.07147
70.09990
87.65744
96.61953
108.47728
109.94373
115.41051
116.79000
118.69696
134.57771
144.17224
9.75242
15.15413
29.69511
38.32495
41.77843
45.87052
51.31035
53.44897
65.47523
71.82708
76.46128
82.10579
82.77625
1.86390
14.58490
31.49516
38.33569
57.54325
67.06110
72.50767
78.83452
91.47054
94.96574
99.11469
-1.00000
-1.00000
13.41829
34.90711
36.72793
47.49808
57.61948
69.82641
79.58114
92.59388
100.07645
103.20150
109.67301
111.67288
120.05165
2.96120
16.09586
24.86571
29.42706
32.55471
34.53836
44.46272
57.97769
63.22632
74.14096
78.81456
79.35193
102.68094
6.74481
9.88878
20.85265
40.20405
53.74887
63.52899
72.50641
84.84316
94.45722
100.55680
106.12055
107.76362
113.98106
3.92833
14.68406
39.69006
43.19991
62.94104
72.75287
92.95786
97.49810
101.31340
105.67212
113.22924
114.07355
114.96021
3.31335
9.17264
32.28688
34.75230
49.59228
55.33781
66.22803
84.75531
100.17372
106.49785
107.17071
112.97128
116.00481
0.88022
9.17205
13.08710
35.30962
42.78011
55.48009
60.02510
71.72220
74.02291
78.13437
80.93666
93.43342
97.01528
3.05226
15.24641
18.26886
30.38735
35.42147
41.20396
56.43460
60.80952
67.75887
71.92697
89.60069
106.76702
121.23401
7.71102
25.33474
38.45447
42.97781
70.74392
73.52222
87.47147
102.28957
122.02170
121.80066
128.18869
127.43615
132.95211
11.63170
26.47652
34.32701
49.07570
62.89749
63.75469
69.65075
76.21930
81.55676
97.28235
100.13388
97.68296
98.19555
10.98283
25.40138
28.71782
30.25195
44.43907
59.80624
68.33835
76.33092
83.08817
103.86812
112.60209
124.60855
138.22580
11.68013
16.29023
31.67814
34.37882
39.31096
43.95376
49.38529
60.80015
66.03989
80.76470
97.19720
105.72184
105.08244
3.12811
11.10709
16.06936
18.18550
21.68311
34.48260
42.70615
59.41090
72.90130
94.53794
111.19565
120.55741
133.58991
10.57954
24.11645
31.68310
46.36615
58.11014
64.78006
72.58808
76.86591
84.72575
91.93976
94.70773
95.40549
100.08360
23.00184
27.38713
27.73235
41.64137
51.38833
60.26628
76.11983
80.13229
92.72502
98.16311
96.68114
100.20238
100.49662
29.33153
33.27753
42.11086
61.15575
63.65127
71.91101
86.90390
100.34756
104.51376
138.37822
141.85723
143.28610
149.63510
1.78522
6.33830
15.48290
27.02035
34.91177
37.60604
39.04508
47.31300
56.51619
60.48329
75.67030
77.73504
98.37070
4.39251
11.81847
24.86823
35.88695
51.27139
55.58147
61.99962
71.99941
77.71216
93.31659
100.34974
102.99710
115.11411
38.57445
60.75173
83.68876
100.63733
118.89232
117.54947
123.55762
131.99995
141.73187
143.90862
150.02000
152.23186
152.27454
9.62728
15.02829
33.21940
36.07804
40.54987
51.64125
53.84282
60.51443
90.09122
116.09317
112.96843
115.71610
129.80166
30.76864
41.30225
47.97065
73.53478
76.57330
77.17200
83.47329
85.01306
90.52928
105.49602
134.95934
155.45401
157.84383
2.32567
13.77798
27.30934
39.16246
52.22934
60.65486
62.44729
73.71988
77.41724
83.27826
95.46277
99.23264
107.62548
29.84536
36.52851
47.29108
56.30407
62.90233
81.62722
105.16625
124.20350
150.55060
154.35941
157.75593
162.90975
164.60362
12.13492
19.85182
25.27259
36.24679
53.47345
64.79027
67.93660
74.32360
84.59431
99.03312
102.25837
114.85266
133.92774
4.23307
12.63707
24.48430
39.25435
46.46116
56.33714
64.07018
67.98601
74.65368
77.94062
80.07123
90.34210
114.19018
8.09849
32.70583
39.59450
66.93060
92.57335
95.11906
100.39518
105.16937
108.96516
114.21165
118.03557
130.96733
142.72659
5.87280
10.67856
17.60888
28.84312
35.13206
43.69450
64.83403
79.18516
90.79168
96.01782
98.44322
102.19980
104.45624
8.34118
21.97629
27.94901
56.51722
70.65483
75.69707
79.36433
83.56621
92.95926
100.99633
116.91965
117.37382
118.22067
10.88208
24.40626
39.51871
41.45120
49.80121
45.00613
48.63195
51.43307
71.82026
81.85617
90.15372
103.25144
111.96580
6.95490
15.60652
35.40316
43.78853
54.32925
64.61757
70.69022
81.78209
84.55464
84.75763
91.82232
101.95200
107.97749
1.86118
11.79950
27.36765
33.97616
37.40619
47.33927
52.82451
64.68786
67.10966
72.96588
87.34710
90.02425
93.08860
