5.66795
9.54889
19.83552
30.50276
36.43789
52.14917
62.40108
65.16548
67.69315
77.42772
87.87630
98.30605
100.37783
101.47945
108.60236
116.82773
119.83019
28.82706
39.43305
51.56920
54.92590
69.00671
81.19189
81.90698
84.84090
90.50422
94.69535
95.76346
101.74059
106.69954
113.36591
113.81963
115.77126
117.50146
2.12694
3.18301
8.21404
14.63061
22.39439
26.96719
31.80813
36.34068
37.21544
41.67345
46.07657
52.00574
62.95631
63.55976
75.10717
76.82825
89.66796
7.16468
10.21251
11.31770
15.93287
36.18936
44.49208
49.41301
55.18215
61.76053
70.58122
77.88350
87.76545
92.13826
93.55460
98.28905
100.52417
101.93354
5.15797
11.53383
20.00822
27.49503
43.02259
44.62667
48.17520
54.70650
70.82523
77.72287
82.78061
85.96141
91.63980
93.66392
108.84431
113.41875
122.12375
6.30999
9.47039
10.96453
19.15382
25.24297
27.38015
30.94331
33.43570
34.18279
49.91694
60.12727
67.75158
67.86192
76.33890
77.53585
81.96131
82.84885
2.47853
9.84896
15.24544
20.93422
21.13721
26.35459
31.35162
38.04299
44.91327
50.68182
-1.00000
-1.00000
-1.00000
-1.00000
-1.00000
-1.00000
-1.00000
4.42703
6.69111
17.22834
18.50179
24.11871
25.98020
30.16846
33.93483
43.56276
51.13736
54.28712
53.27454
55.66903
61.55102
68.38376
72.54577
89.68681
6.52026
12.15032
25.44962
35.93902
39.02517
40.60464
43.13280
51.27501
62.08259
68.28215
70.69472
77.53265
80.37566
82.98667
98.02618
96.92628
98.53934
5.99193
8.20686
14.81795
16.89822
23.38376
32.73927
40.15856
51.09144
68.18327
83.40031
84.09905
88.78546
92.05842
98.89695
109.41136
116.49668
121.47505
6.07746
11.83593
14.82824
17.49620
26.80966
30.38310
44.16243
55.51002
57.15047
59.60109
60.86102
62.08219
72.03035
76.09716
91.62834
95.35172
99.99452
1.53115
5.41098
7.42241
18.94586
21.68826
25.22936
30.07041
36.99693
54.28969
57.43856
61.93966
64.26975
66.62897
70.37611
73.83555
74.11471
80.76072
19.97698
37.07217
37.36359
49.26477
51.85391
53.53151
59.36784
60.32024
61.80411
63.15746
89.25263
94.64854
95.51706
104.87404
110.75073
112.78104
122.70924
11.97366
15.70745
20.66047
28.46098
36.23676
39.81316
50.60674
56.18950
57.75060
61.07934
71.26537
78.90870
88.74011
90.84411
92.08228
92.27229
108.80787
3.22129
10.06535
12.74790
18.21618
26.56495
37.45298
39.40013
51.69420
61.47543
74.37325
77.87271
78.86124
79.70563
86.15846
95.56659
106.41457
108.69125
24.06075
34.12750
41.12263
54.00877
85.67541
91.17933
93.48703
94.61816
111.65701
129.15741
126.39085
131.36288
135.57713
151.96460
155.94539
159.03216
160.17221
10.66372
22.06748
24.24215
30.01338
39.42015
59.24143
72.41995
76.74626
92.41857
98.60646
103.12797
125.93425
128.15501
131.35705
135.51860
138.39435
151.19192
5.45204
8.63852
9.65381
12.46894
22.89178
32.93908
33.77781
42.98455
44.60199
48.66810
54.28784
54.90936
71.23497
87.47267
92.58302
111.74414
114.93859
4.79819
7.63044
10.27758
12.72767
15.08774
28.43277
34.28481
39.54054
57.70490
65.66371
68.80322
71.46384
74.43544
80.02275
83.68188
87.89574
108.54306
5.90223
8.12967
14.84720
23.71073
28.58483
35.48449
37.76392
64.21569
65.38234
66.97422
67.28040
69.48568
75.72970
78.34772
87.42572
88.46970
92.46717
2.27359
13.71537
30.55021
34.46015
44.41282
47.83307
50.18905
52.71779
53.71898
58.72429
61.32530
64.41640
72.58126
72.96162
80.96268
95.20058
97.31279
5.71765
9.27155
15.18308
28.28760
31.86406
46.13023
49.72466
52.11447
61.12905
70.27749
82.61969
86.74149
95.69619
108.40607
111.07617
114.20239
114.76036
16.99042
27.71448
37.65969
42.99535
44.11726
54.27332
55.98828
58.96741
61.92665
72.11337
77.54109
104.45066
106.19108
109.80905
112.20609
112.75018
118.67592
11.72236
22.72063
28.35750
33.48668
32.29577
39.61488
40.89812
41.98707
44.98232
61.77278
72.68852
84.69847
84.80853
86.63414
89.96993
92.66557
94.89797
3.80265
5.97460
16.74076
21.15227
27.59548
35.04780
42.12367
50.26814
58.55299
76.23640
79.45413
86.71513
105.85523
111.69533
116.33786
118.53281
124.26613
2.42389
14.34099
16.41158
19.96889
22.84488
37.23402
41.11406
49.55658
52.62166
61.09810
62.42787
61.53379
65.98874
68.06777
73.25860
87.16877
94.27511
10.48437
13.41382
19.88454
23.98175
25.00751
30.75793
29.25192
40.66321
49.98030
54.64152
55.09944
66.58276
68.68076
81.63693
83.67050
88.38913
89.50126
10.67071
12.00572
15.45641
17.26636
20.60146
23.45519
33.89831
35.31542
38.40461
44.61266
52.23308
63.53975
65.22786
66.60316
74.35834
77.86871
78.09733
2.22839
4.09620
18.21207
21.91776
22.90695
24.89769
34.85582
38.84851
43.40084
50.49253
55.04200
60.77021
59.42742
64.04836
72.03179
74.65460
75.01169
13.22334
22.56326
37.42036
39.82815
42.93267
48.07651
51.89577
83.46111
89.27002
90.24347
102.28355
114.65314
132.36641
134.26624
140.46719
162.08945
173.10722
12.18751
15.65754
15.31329
20.82184
27.21041
33.50173
38.24305
49.87666
54.63716
65.07520
76.17998
82.25182
86.96609
101.82385
107.49054
111.59674
111.44238
5.75224
16.29227
16.91051
20.96341
31.35357
35.11624
43.94677
45.45345
50.91497
51.51153
55.00459
-1.00000
-1.00000
-1.00000
-1.00000
-1.00000
-1.00000
0.40288
13.03583
20.24268
26.98264
33.41164
38.29054
48.90448
50.54515
58.87268
62.91322
67.13346
79.71219
94.27979
99.14343
101.25658
105.29194
109.14139
16.43651
25.46248
27.77595
31.74652
38.00913
44.07446
45.86794
49.38270
50.05436
60.36329
77.74369
87.09186
88.80474
89.33830
102.66885
114.68222
115.34000
1.15646
3.47988
18.99381
21.13537
25.36498
42.34593
43.16922
52.32110
57.37233
63.85725
86.63567
94.80012
96.23811
104.07058
112.14422
113.53222
121.14329
1.02100
9.01447
15.99797
21.09045
25.99362
27.26281
30.07969
42.16315
46.45515
54.83467
59.33806
72.72299
72.28458
77.13080
81.37647
84.14416
90.07998
2.87011
11.62097
14.74656
23.89118
27.52161
30.07087
35.16285
40.27661
44.87226
44.02240
48.12877
63.07822
71.50071
78.90326
85.79598
87.74464
87.93972
5.72841
16.21758
18.58070
22.35787
23.84703
25.61832
39.52911
48.93092
54.43420
62.68113
73.15385
80.15462
83.58144
90.40078
93.51967
103.03138
110.65791
3.73663
9.78744
20.88802
24.63830
26.26722
40.94433
47.86095
69.34289
74.36045
84.98446
84.11246
86.65177
96.30257
100.54154
101.58036
102.93716
108.11104
9.42187
18.20904
19.40989
19.71445
30.84271
41.70299
45.22313
53.22271
61.95135
68.18492
68.46038
66.96465
74.05887
78.88340
84.02000
83.80539
93.13233
17.76915
25.45145
30.89506
44.34169
49.46245
59.25719
63.43761
66.78243
68.44456
76.22374
76.50165
77.78326
82.88532
84.86723
90.13856
99.70188
111.41602
15.47951
18.07659
28.20543
39.23154
49.04211
59.31211
62.86878
63.91099
64.34260
78.39358
82.95368
91.02006
97.34557
99.83316
104.38818
110.98007
111.80240
23.02444
29.25035
33.74159
36.74321
46.02043
52.90159
55.23784
60.88171
61.88550
62.76528
61.46885
62.95337
75.59409
76.70347
95.08736
95.53042
104.27827
6.89489
7.71831
20.24143
30.26051
34.04918
47.62177
54.75904
57.68179
64.30587
64.55761
72.12083
74.13091
74.34684
76.71125
82.66756
85.47827
91.73689
23.82964
34.25107
52.12885
55.71729
61.49440
61.49801
62.02532
66.72510
66.57938
75.21617
73.49866
71.93871
72.91254
92.23888
105.24199
108.75780
111.61788
17.40842
22.41081
32.19777
33.69827
36.64138
41.86551
43.15951
46.01081
49.22672
49.66135
55.34528
59.71451
59.44780
73.70862
81.38659
85.20842
92.86972
0.95560
22.42213
27.43450
41.25371
46.44008
49.67471
52.04150
60.97835
64.04318
65.74012
73.12923
77.26863
81.85468
85.06504
84.91442
85.09127
94.04919
10.65235
15.83377
26.51797
35.53310
43.01029
61.46206
66.12460
74.83466
89.42280
95.25231
97.09620
100.65262
116.96663
117.27533
121.52847
135.09030
136.64805
11.49690
20.33212
21.22833
23.73102
32.12929
37.68731
43.50716
47.30916
63.07907
63.50705
65.77600
66.92090
80.57304
92.72904
103.11661
124.62593
126.29953
9.91357
18.67001
20.09254
24.96210
30.05013
35.61521
37.48677
40.38973
62.13774
95.15232
101.46949
106.01222
106.10907
114.09690
119.96064
127.47412
139.62882
4.82558
18.94373
35.11965
49.69038
52.77992
60.98359
69.74277
78.40580
77.54861
81.44107
92.47179
105.60363
112.03302
113.88156
121.24329
120.66006
120.22233
6.28122
23.36455
33.37599
38.91733
49.79272
52.22363
57.05094
63.40920
67.15891
69.52366
76.26368
86.31975
87.94095
89.08453
95.30901
104.63465
108.67585
7.89750
9.01660
14.85287
16.47698
17.81177
29.82443
42.87866
57.49597
57.36200
60.47603
60.79199
65.76165
84.27565
84.56908
98.55107
102.61110
108.61247
5.16063
7.85858
33.81579
41.98625
46.92173
51.71486
54.72729
70.53572
71.96494
96.77705
99.65670
111.55809
114.31348
120.45277
130.62992
150.36287
156.21833
14.27109
15.31624
27.04754
31.99853
48.05033
53.63248
58.88603
69.62575
94.93677
96.02834
104.93653
109.61636
112.20325
131.44462
136.28199
148.42389
148.79023
11.41902
20.96027
41.50470
44.49883
46.83197
48.41928
52.93419
53.19613
63.06646
66.24347
72.42036
83.28364
91.96316
92.12768
95.14643
99.81718
105.88753
14.24364
35.64137
47.19287
60.85589
64.18547
70.62624
75.64024
89.37467
95.98681
106.31398
106.98971
110.12162
120.34359
128.08465
132.96347
135.59095
143.43595
8.16191
14.93304
26.65455
34.02385
35.02997
54.78817
59.33131
74.66205
89.11127
90.19179
107.30225
115.37175
118.92880
125.24521
138.46556
145.84110
148.05968
13.13582
21.44806
32.38336
37.07585
37.89800
38.93536
39.06409
41.58818
-1.00000
-1.00000
-1.00000
-1.00000
-1.00000
-1.00000
-1.00000
-1.00000
-1.00000
12.63708
19.21562
28.23869
40.26242
46.97354
53.69269
56.07947
56.68814
66.18843
71.24323
69.88594
78.92014
80.91447
84.75878
89.26154
91.13635
99.10861
13.49378
16.08363
32.24945
40.11052
55.32697
64.57082
72.74857
93.86154
102.28158
103.22807
115.51500
113.96739
116.64019
124.94241
140.66149
141.67122
143.76916
1.83963
8.63281
26.35556
29.25611
30.63703
61.50361
63.53493
75.57939
80.74973
91.72305
92.38167
95.28205
114.31621
115.42264
118.60536
121.83813
124.01839
12.77362
23.43996
29.35944
34.67577
47.21777
55.47311
59.36260
69.63395
72.52551
73.08692
80.27610
87.89385
96.16490
97.53776
97.64420
93.23506
95.62006
10.63719
12.23883
21.72327
37.70767
39.42086
50.54042
54.06414
57.40346
63.26193
64.23749
75.06191
75.88780
77.96139
80.86896
88.93595
96.92735
112.75693
6.09124
8.31610
9.95837
16.95565
25.90376
35.82974
49.96139
58.77713
65.36918
68.38158
72.30475
77.70955
78.09179
79.21009
88.78526
93.83663
98.47433
11.34541
26.03182
39.12201
45.43596
55.91051
65.24234
67.39800
71.76354
83.30980
97.94397
119.14940
120.15162
131.86853
139.76194
147.87298
163.37855
167.45384
2.51354
11.53097
43.38043
47.72316
53.83499
58.07182
64.89186
64.38539
65.95303
82.38335
101.17058
103.70685
113.36850
115.95276
118.24339
121.29136
122.83070
1.16915
7.87839
29.11572
47.95209
50.75381
58.21932
58.27459
60.57605
56.10550
65.27876
68.21332
69.19700
70.30325
76.02568
80.75367
85.77084
96.92405
2.92556
5.23326
6.23193
17.29030
25.61175
31.57925
50.37161
54.52082
68.61864
77.26117
84.51667
90.34741
92.56455
96.99201
101.56303
106.45794
117.13226
10.30768
17.44228
26.49866
31.99403
48.56903
51.61096
55.09912
70.97836
82.24033
82.40862
88.93901
95.78527
111.95989
119.65455
122.56149
125.60142
125.66386
6.63055
17.15211
26.77640
45.22346
56.60404
66.46264
73.76280
87.20869
95.63026
95.18473
104.51741
116.12848
118.15854
119.39492
120.77705
120.77705
129.07703
28.28005
32.46866
39.92637
52.85645
53.88134
68.30725
76.11427
82.45860
84.59337
90.39347
96.15311
96.52373
95.56259
102.67094
103.25464
120.37324
128.87824
27.68603
31.46371
37.38263
39.84893
42.65815
54.00857
57.51840
61.45115
64.85282
70.00595
82.29605
91.36715
96.66461
100.73963
101.53801
104.95328
104.96937
4.85800
11.76768
16.18264
33.20332
42.16129
53.68548
54.19291
54.97920
57.70331
72.52877
77.46127
100.36078
100.47097
106.70850
113.34874
121.57109
124.50798
2.33532
4.63879
14.92912
27.29302
33.72778
49.42931
49.37663
52.75818
58.50118
78.16052
82.02457
93.98668
96.87094
98.92863
101.18192
104.33309
111.20074
6.35336
12.59843
25.03020
25.40240
33.44063
46.36006
58.44155
62.39725
62.34899
68.56325
66.98473
77.96015
79.66474
87.61841
102.71006
104.54338
104.92434
6.28176
22.17551
32.67807
42.18497
51.20710
58.06650
62.85842
76.68392
91.55537
106.18874
118.06810
118.99184
119.59312
123.61082
128.45277
135.18343
154.31945
2.67074
12.70665
19.23879
23.11248
33.84892
35.36469
39.26343
40.06224
49.79081
54.23392
66.62934
80.81760
87.07165
89.02421
94.38247
112.99050
137.40112
5.89061
16.38452
50.89323
57.12686
61.79394
99.95423
107.21470
125.65802
136.70575
147.69288
148.20998
157.41392
168.25903
171.71531
171.97126
172.86784
174.95315
2.06875
3.16460
20.75240
25.57718
39.33876
44.17880
53.10813
54.28862
84.35406
90.32693
88.81545
87.55089
90.16958
96.05678
96.07926
104.66890
142.18593
10.61011
14.23473
16.92896
26.99840
28.50288
34.59557
48.54252
52.74411
89.07076
95.83754
96.49531
123.64791
126.52949
130.61481
131.71790
144.16873
147.97287
6.57101
9.35792
10.23095
17.80230
38.78506
63.98706
71.40570
77.86691
86.84676
92.14513
101.27385
102.76472
111.50832
115.15823
123.18793
125.00288
126.93900
11.26463
19.92523
23.58024
33.16270
41.98576
49.18565
51.16479
75.55759
77.21802
82.80914
81.83343
89.19513
90.63399
102.18578
101.96610
103.78578
105.69475
10.72596
13.80716
18.46747
27.27507
34.20094
36.39437
48.70076
54.89178
57.31754
58.91280
62.88145
67.18828
68.02070
69.76459
76.27184
88.62801
102.34844
13.78479
21.40793
52.46090
68.44622
72.92700
87.56740
101.64905
102.62217
113.23942
115.61286
121.90048
122.98189
123.31989
123.85057
124.15655
129.07850
145.56852
2.77692
20.96366
38.39925
40.08977
47.50360
52.29511
63.39255
81.36948
88.00867
90.60450
94.72549
99.51710
102.75789
103.97354
108.30480
114.08802
118.09478
14.62105
26.72737
44.95913
56.73187
60.66954
83.39561
83.79384
88.13571
88.36248
87.44617
92.27896
92.69132
94.34098
95.81886
95.82362
100.25568
116.99211
13.77606
18.61482
19.91324
29.75398
31.00886
39.10574
42.03576
43.82466
49.94995
55.85110
67.24629
75.18328
95.70240
94.86337
96.90280
97.40604
100.31642
1.81741
33.97872
35.16993
38.04071
67.80080
77.87506
84.75769
87.34975
98.07308
105.93471
107.11977
114.91514
116.70680
123.40718
123.64800
132.07227
146.66375
4.40525
13.49022
23.21933
27.79771
36.04265
39.94413
53.50794
62.54018
69.02252
77.58873
83.09538
86.70401
93.00988
98.88187
103.80481
109.33012
116.88676
2.85870
4.38101
10.94063
15.96575
19.85219
23.17182
36.55839
40.26467
48.03747
55.47354
61.59356
73.20416
77.50788
80.36908
96.09590
102.22489
112.67987
4.61551
16.02493
22.92830
31.74375
43.64620
48.07546
50.42221
54.17042
63.96234
69.09046
72.65647
80.89690
94.83898
99.56083
116.02355
118.98303
122.26454
4.28036
20.58838
28.99730
32.33317
35.19620
41.94885
47.71363
50.73230
51.32487
53.00663
74.98643
76.15168
78.08960
81.33666
84.07882
89.07035
91.02753
13.54902
15.92941
16.43850
19.66343
19.81649
24.16548
31.72862
37.55049
41.53408
51.22224
54.66855
61.15414
71.76389
78.70339
82.20825
88.58370
93.43929
8.00157
17.60440
26.25943
25.56716
28.45865
39.43483
61.79933
65.68140
70.43907
76.17411
79.24265
84.65406
94.39462
95.79759
101.71218
104.21345
118.00385
13.62509
29.34091
38.46076
46.99657
54.58479
64.84188
75.32734
77.62316
86.67240
89.65450
88.60892
99.26264
101.11938
103.54035
113.32571
116.51185
127.90810
2.80899
10.06714
18.61203
32.99932
34.41200
39.95741
42.61584
43.93087
49.54070
66.88201
69.17264
72.15827
75.69804
79.13487
80.52271
81.15288
92.22306
3.02968
19.25501
32.59868
42.72335
47.53391
57.13057
69.02708
74.07171
87.32233
94.11510
97.30540
105.44725
105.75961
108.20851
112.75253
116.97879
117.59636
9.33725
11.04260
22.98090
26.45053
32.97736
38.70851
46.67283
49.97883
52.96023
57.32281
66.85015
71.87646
74.21982
82.30214
85.07974
92.35448
107.06962
6.88160
16.23710
21.73589
25.30010
30.41764
39.63705
51.28997
55.24222
60.95284
64.50773
68.96639
71.56534
73.96889
86.50348
112.80873
135.58140
135.87180
