26.91624
39.73818
52.39686
59.22850
63.90561
78.59268
90.20036
90.48091
90.60362
91.32391
92.06788
92.60048
93.18469
93.65324
93.89287
95.00599
96.16041
12.41922
21.64611
40.51055
61.17353
65.47066
81.97622
99.44356
99.95269
100.22922
100.63134
101.11579
101.58383
102.55180
103.12691
104.16907
104.59357
104.97138
12.46876
31.65510
53.88088
68.20121
76.77123
84.24681
96.37333
96.66596
97.08480
97.62106
97.81065
97.88376
98.31194
98.79890
99.55326
100.23017
100.69484
15.74141
32.94511
60.51436
81.55131
92.14917
106.51676
110.17920
110.35479
110.87450
111.50522
111.78617
112.51385
113.44494
113.98708
114.49740
115.31756
115.97089
12.12816
32.74418
47.48076
50.96686
64.03320
74.04859
84.73204
85.27083
85.56505
86.07365
86.11920
86.39851
86.80707
87.45227
88.24568
88.49349
89.18856
11.88844
53.71702
75.45418
80.60229
96.32986
102.97779
104.14308
105.05236
105.69048
106.06284
106.44733
107.33708
107.82822
108.33552
108.99977
109.57264
110.20785
20.37460
35.42792
75.11821
81.75486
88.95183
113.60777
123.60623
123.80157
125.14846
126.25255
126.67170
127.12253
127.44443
127.68255
128.27503
128.64947
129.61667
27.24558
37.93829
43.20978
47.04508
61.03481
69.78141
88.31113
89.15922
89.37237
90.42092
90.69640
91.82208
92.55493
93.11113
93.68402
94.07488
94.76026
24.00240
35.88018
54.56786
64.56973
102.96067
109.98469
117.75244
118.08201
118.62699
118.70182
119.32288
119.74572
120.32488
120.88654
121.29018
121.56179
121.80588
12.20064
20.60640
26.41405
37.42209
59.32973
65.87647
73.92137
74.67583
75.29508
75.47116
76.15666
76.56836
76.80862
77.02506
77.84014
78.11133
78.21029
18.55362
26.69051
47.85704
55.53945
63.26844
93.63218
98.77509
99.19222
99.55487
99.74121
100.18829
101.12664
101.63428
101.92177
102.41526
102.92240
103.81141
5.95835
23.95334
34.70927
37.89500
42.06933
85.06536
104.41434
104.44218
105.33812
106.12198
106.31930
107.07483
107.48677
107.54825
107.88180
109.40140
109.72235
48.21856
50.42627
65.84974
68.44800
91.68482
130.30096
141.71990
141.91189
142.11737
142.84531
143.43117
144.15754
144.55444
145.31737
145.58917
145.62475
145.99692
7.44549
22.27618
42.60838
51.14979
56.58240
93.30509
101.12087
101.92984
102.39301
103.49347
104.04553
104.26406
104.90134
105.37885
106.66384
106.95547
107.08897
13.52053
17.36996
35.19093
56.65181
62.02475
109.58632
126.54713
127.12025
127.53609
127.77314
128.01153
128.82663
129.66059
130.30541
131.40152
131.78207
131.96089
13.33040
48.22936
63.89143
69.12327
129.58227
158.31829
178.56209
178.89968
179.33816
179.57954
180.13769
180.47731
181.30649
181.65006
181.92599
182.53905
182.88915
7.21397
46.69353
55.79441
65.54270
95.98887
119.87137
137.09025
137.93345
138.68387
139.20204
140.25978
140.46091
141.50007
141.88406
142.35013
143.04612
143.47467
10.38701
35.09327
46.13311
60.72088
68.72341
75.92667
91.70608
92.31854
93.29119
93.48553
93.96174
94.19347
94.36525
94.92446
95.14461
95.65575
96.31187
0.66951
26.79952
44.35424
66.56001
85.39969
100.87803
123.74207
123.94354
124.40051
125.29389
125.97610
126.38493
126.97133
127.75072
128.00764
128.49185
128.73304
22.92395
68.23874
68.76530
81.33396
94.88273
100.08484
109.11541
109.75873
110.42863
110.84914
111.43680
112.64847
112.89025
113.54223
113.67115
113.88110
114.57877
1.04968
5.69956
16.09708
18.46820
28.32027
32.74328
35.28056
35.78704
36.91031
37.34047
37.60776
38.00209
38.59574
39.55274
40.35606
41.08340
41.19735
13.76663
19.90231
21.90629
63.02277
71.24309
85.74646
107.63704
107.99302
108.78672
109.74222
110.37814
110.75569
111.74453
112.32747
113.12578
113.69982
114.21727
6.55769
22.30476
53.29547
60.21555
76.00840
90.16131
93.99265
94.82960
95.10300
95.35671
96.43980
96.93022
97.13895
97.80421
98.16763
98.18713
99.23453
15.45921
29.53019
43.23156
47.53319
73.87620
96.79336
109.06353
109.40352
109.58711
111.16164
111.74948
111.86554
112.27951
113.01892
113.81971
115.04807
115.05966
13.85254
29.66711
48.76399
71.62041
85.44766
104.05540
111.12707
112.21955
112.51483
112.82195
113.39615
114.22193
114.41150
115.02924
115.26307
115.65697
116.16366
4.73964
34.51806
42.22814
53.52624
71.85552
89.71787
104.91294
104.97212
105.10285
105.56779
106.37834
107.63309
108.41049
108.95917
109.23548
109.89818
110.55871
5.15415
11.88261
20.55534
30.30192
43.70518
47.81342
60.70895
61.54676
61.98676
62.18181
62.77045
62.98692
63.15070
63.63916
64.68886
65.20448
65.97066
10.37545
19.79029
50.38263
63.33366
89.33050
101.07635
130.00083
130.42797
130.75386
131.50844
131.92452
132.40886
132.97935
133.10941
133.50833
134.10252
134.68582
2.83894
5.41517
26.27664
42.05607
64.69088
75.66376
78.09300
79.01237
79.31852
79.60830
80.05156
80.93488
81.68439
82.13792
83.00933
83.15174
83.23042
7.25004
14.44640
25.00780
40.03723
59.20927
60.55574
74.01373
74.84081
75.22043
75.64758
76.29184
76.75127
76.95670
77.67863
78.73314
79.00754
79.51267
6.11681
16.95855
53.17207
85.86289
95.48612
100.64092
108.22048
108.64302
108.71048
108.98425
109.43074
109.71765
110.94307
111.27955
111.59703
111.83394
112.22722
4.75372
30.63722
44.08439
68.01269
72.91265
89.55017
121.88558
122.11061
122.34970
122.73751
122.99868
123.15786
123.67072
124.74972
125.07790
126.26203
126.84283
13.05433
22.88494
52.72973
57.89938
66.40072
72.66331
95.03372
95.14142
95.74724
96.39470
96.73431
97.01123
97.66492
98.53295
98.83187
99.24094
99.42177
6.52471
28.93193
45.55154
75.14695
87.14226
117.18383
120.42935
120.65091
121.33507
121.67811
122.34836
122.68606
123.11184
123.60963
124.12017
124.78109
125.41534
2.97068
18.42178
23.14806
58.15832
81.53347
86.20058
89.62658
90.22465
90.43277
90.78123
91.09346
91.33686
92.64155
93.08577
93.23634
94.34370
95.09675
17.65902
29.14327
44.63339
49.15244
70.30661
95.97743
114.33207
114.55609
114.94195
115.34943
115.48053
115.88118
116.83442
117.65488
117.87894
118.16289
118.38754
5.26917
30.08731
34.02272
52.59450
59.43452
77.15127
79.15772
79.61590
79.91357
80.36757
81.05388
81.52730
82.19333
82.31294
83.21952
83.72180
83.85477
8.96338
30.29822
63.16853
87.66549
127.21876
147.23370
149.72514
150.39134
150.75849
151.25685
151.55920
151.66603
152.23632
152.61671
153.52787
153.77403
154.62070
10.13288
18.77795
30.34907
54.69715
67.48310
72.97410
136.37631
136.77585
137.34644
137.42125
137.61626
137.94490
138.54703
139.61426
139.81168
140.28123
140.55998
13.79695
35.72174
44.67331
55.03299
63.42681
84.47983
94.49996
94.74877
95.94274
96.09500
96.49573
96.82606
97.67763
97.88871
98.40483
99.11929
99.85583
8.44639
28.05238
68.13005
75.23375
94.01741
102.00076
113.50146
114.07277
114.89087
114.92928
115.30441
116.24655
116.61356
117.00196
117.56744
117.94292
118.53044
5.05254
10.85940
47.84708
62.04081
83.17132
88.92293
98.67226
99.17288
99.37776
99.61512
100.24985
100.84580
101.09940
101.47115
101.90726
102.38070
102.72346
17.00124
21.51571
28.61695
65.22557
114.29177
122.03228
145.14560
145.71013
146.11236
146.29776
146.93557
147.50359
147.80005
148.36272
148.41810
148.83988
149.25437
14.63908
19.07323
41.84551
49.44272
53.37830
56.33227
59.74985
60.09083
60.83041
61.55163
61.99320
62.02774
63.06110
63.34946
63.72303
64.54526
65.23578
17.01590
23.42630
39.18388
79.21007
84.73224
86.01737
87.84373
88.40751
89.03406
89.35851
89.63077
90.07468
90.87880
91.14809
91.37853
91.73886
92.13600
20.06629
26.25769
37.31035
40.16235
87.72072
105.09750
116.71733
117.09961
117.53627
117.61243
118.13803
119.02114
119.37170
119.39898
119.55649
119.70406
119.92621
11.04650
30.77938
56.81034
74.38247
86.94842
95.63067
113.91591
114.08947
114.38493
114.64894
114.76763
115.21378
115.76549
116.40521
116.57351
116.71401
117.37177
8.59670
29.33622
42.35772
52.24444
64.35718
79.85066
89.57939
89.84271
90.26112
90.58972
91.44976
91.85755
92.32307
93.17242
93.99710
94.31631
95.07450
20.19063
35.14495
37.13587
38.35408
67.90391
83.68460
90.62003
90.97976
91.37846
91.99120
92.34106
92.99820
93.56903
94.89776
95.53567
96.35825
96.96388
6.75912
41.41369
77.35239
101.66199
107.58391
115.24670
141.39431
141.72061
142.36387
142.69266
142.95244
143.31274
143.66574
144.42936
145.02491
145.55920
146.23618
8.82596
27.69413
43.54737
58.95334
63.92777
83.85403
116.82851
117.21216
117.38903
117.86108
118.16022
118.58755
119.86787
120.51049
120.98520
121.37643
122.04804
4.07273
13.10529
29.99284
45.56476
61.39513
74.05556
85.86514
86.88639
87.25310
87.71648
88.16216
88.76620
89.63622
90.30917
90.57442
90.71031
91.21126
1.77209
7.98525
11.32048
15.65804
17.00296
22.67206
39.78885
39.99641
40.79573
40.94619
41.43665
41.79401
42.19048
42.77412
42.95156
43.13373
43.87640
8.01889
11.43599
14.66962
27.87851
48.24835
66.08293
80.05674
80.88892
81.52784
81.58664
82.08078
82.65056
84.38728
85.48951
85.97967
86.48451
87.29690
16.00054
34.64816
82.67081
89.12180
92.21595
105.46665
116.22108
116.25640
116.47789
117.66450
118.19938
118.26712
118.26821
118.62708
119.29699
119.44872
119.95879
0.84918
5.97411
12.41441
19.36337
63.65196
64.81140
74.82243
75.05621
75.98995
76.21056
76.39517
76.70440
76.98233
77.36489
77.65681
78.49789
79.35085
16.03854
31.22024
39.52532
65.88385
66.43263
74.81724
79.63791
80.34185
80.76205
81.22130
81.54497
81.57906
81.88967
82.21203
82.66211
82.90327
83.16192
5.24007
12.93681
34.57460
56.54107
58.40037
80.16016
100.08865
100.28419
100.43102
100.85804
101.55056
102.20325
102.48401
103.18043
103.85798
104.80195
105.48285
21.46754
27.96560
42.30203
60.07803
84.20061
99.60991
112.02362
112.30312
112.98862
113.43286
113.56106
114.14275
114.96482
115.44118
115.83626
116.01680
116.17764
7.85518
18.41697
27.23188
29.29972
45.17588
60.00687
92.11018
92.25867
92.53102
92.71813
93.35019
94.21205
94.97473
95.21235
95.62780
96.11103
96.50716
18.03429
26.56103
43.32735
61.58959
75.64090
84.40048
102.48270
102.74527
104.07385
104.40424
104.66880
104.90690
105.34391
106.22396
106.66458
107.75674
107.89230
14.29326
36.82819
67.89374
83.15461
87.27488
115.80042
125.64384
126.12491
126.96790
127.67850
128.87134
129.74171
129.79446
130.29609
130.71392
130.78725
131.23768
5.02304
15.69133
29.03420
33.55295
56.27938
67.54595
70.18019
70.83667
71.04094
71.42446
71.86032
72.19284
73.49692
73.68094
74.74605
74.92257
75.92459
5.85360
18.95875
23.34197
42.97002
59.66627
64.79571
80.36199
81.20146
81.44155
82.05598
82.25028
82.86145
83.43306
83.98613
84.21282
84.59691
84.93043
10.13645
14.27635
20.58977
26.16384
53.14778
77.00874
81.84724
82.21942
83.46081
83.82298
83.91185
84.29487
84.93209
85.23828
85.60079
85.89723
86.21256
13.36025
21.22923
26.53525
35.30984
97.15699
114.01384
125.53697
125.93763
126.52650
127.38570
127.94390
128.59560
129.39696
130.42226
130.86931
131.51415
131.73320
1.67086
10.26389
11.61707
21.81480
41.90968
45.44316
65.96845
66.14894
66.93422
67.52635
67.80299
68.01543
68.81721
69.37188
69.80830
70.86061
71.53780
15.94633
32.24250
65.57876
74.36752
79.43745
84.96766
90.54519
90.87989
91.51444
91.91821
92.36334
92.94342
93.36204
94.34275
94.85774
95.07852
95.35976
32.48945
43.43836
57.23428
62.98034
87.24164
103.61426
139.06540
139.59662
139.87028
140.74203
141.13131
141.32203
142.08980
143.22518
143.46446
143.95561
144.88750
4.34359
34.54548
35.86449
46.84643
72.33822
86.82937
117.97135
118.45186
118.49553
118.65019
119.51794
120.74437
121.05172
121.25086
121.70701
122.09075
122.53100
24.96476
38.52883
48.41607
78.64080
85.10487
87.91598
109.62387
110.19797
110.42188
110.61131
111.08813
111.17453
111.50812
111.80839
112.63118
113.07032
113.25344
3.08181
24.05504
38.44575
56.32187
60.14548
63.80984
74.11313
74.42505
74.70775
75.16946
75.96185
77.34564
78.36603
79.76976
79.92264
80.64707
81.21169
25.40559
35.37506
51.88584
63.00520
71.51800
94.00852
104.92175
105.43469
105.74117
106.42587
106.84072
107.43846
107.89968
109.11989
109.47323
110.52075
111.37658
14.11072
39.30788
50.71212
73.06775
96.85763
100.93684
107.13014
107.44510
107.94603
108.53508
108.66853
109.90136
110.61080
110.81354
111.23023
111.92171
112.35891
17.20218
42.26658
53.86732
61.67300
65.20287
88.64714
96.26901
96.82561
96.83086
98.49560
98.93731
99.89152
100.23716
101.03520
101.46722
102.41323
103.14830
4.75432
6.66933
18.68868
27.49693
32.98233
44.38196
62.60038
63.35030
63.75569
64.71802
65.21568
65.63165
66.18136
66.22220
67.46570
68.03685
68.26575
10.26624
25.57157
35.52990
42.19511
66.91095
86.47863
132.44826
132.89942
133.39171
133.76066
133.94597
134.17929
135.05267
135.59327
135.94724
136.42709
136.51368
10.99237
25.39335
29.19477
40.56935
66.26140
92.69169
99.12883
99.61171
100.20719
101.56461
102.08145
102.92637
103.42218
103.72085
104.25279
104.95811
105.62527
21.23509
44.29523
99.39653
103.17595
117.95384
155.45294
163.64243
163.92432
164.89301
165.99586
166.32402
166.53311
167.01418
167.66386
167.81096
168.42296
168.79130
13.56565
17.28190
25.35473
47.14112
67.20345
91.88975
99.82696
100.67164
100.79701
101.19870
101.25266
102.78672
103.32738
104.49542
104.86555
105.55374
106.02627
13.13143
21.64178
38.63636
44.58336
51.71069
81.62391
98.45313
98.63538
99.30823
99.58512
100.11727
100.44553
101.18537
101.99934
102.31180
102.66351
102.95945
8.78262
12.87526
77.88762
89.96944
141.51167
152.74486
166.21911
166.74366
166.85809
167.31014
168.16158
168.62856
168.97416
169.30209
169.71024
170.41800
170.80229
2.47409
10.71237
24.39594
26.51708
29.25897
34.02868
35.42450
36.32654
36.69300
37.05095
37.71416
38.67196
39.07957
39.21772
39.52000
40.41833
40.54541
3.50768
22.49856
38.44336
62.70537
67.59205
78.95176
90.12681
90.57155
90.98952
91.63820
91.87995
92.13092
92.37163
92.44999
92.92350
93.38900
94.44704
14.49541
63.82993
91.52884
104.26123
108.75175
126.19021
126.65747
126.78252
126.93809
127.57662
128.13643
128.91096
129.13611
129.59718
130.16270
130.56755
131.48381
43.84805
114.66642
119.46786
129.39790
136.23676
160.54178
166.74092
167.14020
167.52934
168.18638
168.63507
168.68569
168.91436
169.66838
170.97500
171.38600
171.53090
15.12894
39.45340
51.83066
72.98709
90.70216
103.14854
103.42230
104.03900
104.18443
104.58564
105.24999
105.86408
106.01169
106.52774
107.23692
107.41018
107.44810
8.60287
26.57095
38.23880
43.19586
46.95957
48.70028
58.48745
58.67150
58.83111
59.08570
59.32856
59.39553
60.20923
60.95732
61.56100
61.95995
62.42928
7.54269
42.47698
50.63589
88.23232
95.71357
115.03021
115.93348
116.42310
117.09255
117.25086
117.75793
117.99352
118.22756
118.64351
119.29761
119.48222
119.87450
10.24799
14.04070
37.34900
60.19468
65.72793
73.94278
92.96659
93.41525
93.83011
93.97825
94.45974
95.49990
95.99490
96.16062
96.28563
96.96834
97.33756
10.81183
26.72978
31.64535
33.57395
37.79314
47.18115
60.68721
61.07402
61.30426
61.77158
62.89304
63.08050
63.26165
63.44429
63.54625
63.82053
64.88576
1.59977
25.10125
44.01037
60.75980
76.81877
89.79090
103.70748
104.09195
104.38333
104.74727
105.04361
105.44914
105.73056
106.04643
107.41586
107.76186
108.44550
7.03572
11.00383
29.46540
47.78886
51.06541
59.53594
67.59116
68.13448
68.57105
69.33776
69.61652
70.14692
71.35023
71.64197
71.64731
71.94328
72.43171
9.19732
21.18704
24.31236
42.59943
64.87083
99.30589
103.60925
103.78845
104.36683
104.57196
105.11025
105.92962
106.62938
107.17295
107.86021
108.20072
108.68381
23.48435
32.46961
58.11747
73.39938
80.42422
103.04887
127.00074
127.10821
127.20352
127.40220
128.08569
128.40957
128.84831
129.11904
129.80153
130.02262
130.05529
41.27255
64.12675
82.23271
96.02282
98.25631
111.34816
128.03031
128.25628
128.60512
129.11733
130.52991
131.05110
131.76021
132.16934
132.48732
132.80682
133.16173
9.54463
25.87311
27.55194
53.04077
66.29896
85.78949
108.86289
109.39619
109.85621
110.15486
110.42763
110.89209
111.63042
112.34970
113.36920
113.59721
114.10671
7.93856
17.92967
26.01619
42.65220
47.74193
74.32085
108.69888
108.96001
109.31783
109.58663
110.00201
110.42648
110.80303
111.06284
111.39430
111.71158
112.30594
30.27663
41.35047
53.88946
70.92927
72.40276
82.77412
114.73778
114.98832
115.38937
115.83662
115.96497
116.19535
116.91869
117.11767
117.33456
117.68906
118.52074
12.15926
29.10274
40.52181
51.57491
58.21427
70.88877
77.30904
77.42099
77.75615
78.03260
79.05908
80.12346
80.59436
80.63859
81.18429
81.76641
81.96650
