1.80900
2.23501
2.45399
2.75323
3.18690
3.19416
13.05215
13.11718
13.27785
14.07123
14.94910
15.36748
4.33808
4.49450
4.91472
5.28436
5.28925
5.74382
28.32668
28.62000
29.69208
29.89435
31.23583
32.59915
21.67889
22.21154
22.22194
22.72497
23.59248
25.07051
2.08588
2.78899
2.79961
2.80010
5.21536
6.55575
4.28367
4.29513
4.12449
4.41450
4.73558
5.37382
1.50507
2.30294
3.31493
3.33374
3.66411
4.09940
3.43827
3.66442
3.94942
1.55897
1.71559
2.43348
0.63160
0.85330
1.01641
2.57133
3.89723
3.94387
34.87837
34.93632
36.25022
36.46330
36.49908
36.64835
6.39710
7.06543
7.08906
7.12490
7.79976
8.04095
4.17720
4.56852
6.58221
6.62545
6.95961
7.90227
14.09308
14.09416
14.26918
15.30928
16.03032
16.04560
31.07969
31.15497
32.10819
32.46296
33.23339
33.71800
12.29212
12.67726
12.93759
14.07752
14.21482
15.05684
1.65449
1.96801
3.54923
3.78696
4.13544
4.79923
38.84601
40.04553
40.12750
40.12877
41.27761
42.09104
6.02537
6.14612
6.15375
6.44336
6.99476
7.60674
7.61407
7.84492
9.09410
9.21247
9.57077
10.22095
1.60433
1.61534
2.53537
3.22432
3.23537
4.12602
12.26747
12.37079
12.46016
12.82601
13.33563
13.83013
9.48328
11.02663
11.36363
11.56162
11.70847
11.88053
32.84693
32.89761
32.89996
33.41278
33.56194
33.98813
15.56058
15.97932
16.41661
16.55689
16.55772
16.68616
1.72691
2.31984
2.78940
3.41819
3.45163
3.90801
1.04974
1.63622
2.30720
3.20300
3.60483
3.60710
2.15932
3.67938
5.02462
5.04221
5.21622
6.10975
11.50395
12.97891
12.97944
13.11915
13.88401
14.22538
0.17381
1.12624
1.13049
1.26641
2.23598
2.24973
26.61872
26.64502
27.21146
27.41416
27.69629
28.40945
3.16625
3.31329
4.14480
4.18791
4.74481
4.92525
8.42267
9.94056
10.24280
10.24522
10.94155
10.94155
2.46345
3.98817
4.54704
5.09668
5.19310
5.45899
20.26647
20.51982
19.29366
19.30424
19.44463
19.54265
34.40797
35.20309
35.78424
36.01951
36.24978
36.96516
4.50184
4.91503
4.95826
5.30764
5.81695
6.08306
2.51773
3.02345
3.54981
3.96948
4.11833
4.43356
1.75476
1.98572
2.20043
2.46605
2.76948
3.28303
0.70436
0.77236
0.85774
1.91237
2.84517
3.75155
54.25612
54.79516
55.05784
55.25410
55.54281
55.81919
23.33810
23.56254
23.73588
24.10269
24.29547
24.34780
10.47401
10.52062
10.83416
11.41404
11.47933
11.83748
37.40000
37.79818
38.15645
40.16662
41.17261
41.17389
6.00858
6.02230
6.84339
7.01474
7.91447
7.94332
5.49087
6.00002
6.05419
6.41116
6.58353
6.60693
15.88925
16.36853
16.39053
16.66812
16.67465
17.05549
43.60805
43.74910
43.94498
43.97237
45.76743
46.08320
21.15993
-1.00000
-1.00000
-1.00000
-1.00000
-1.00000
19.92179
19.94747
21.11613
22.20130
22.26406
22.98103
2.31204
2.43525
3.14389
3.23876
3.26138
3.36694
3.64192
3.69918
4.44797
4.83784
5.87342
6.33768
6.06630
6.09205
6.65556
6.73735
6.94051
7.43741
36.44045
36.44171
36.44727
36.44860
36.73827
36.73879
15.32954
15.36556
16.25243
16.48216
16.48256
16.67088
16.20865
17.83614
18.05239
18.11556
17.92131
17.99441
5.14409
5.45217
5.49716
6.77370
7.28582
7.64694
3.24234
3.59166
4.04514
4.42882
5.90109
5.90192
42.10793
42.68609
42.90454
43.81799
44.47177
45.51796
11.68674
11.77161
11.77847
12.25676
12.96757
13.34520
7.86648
5.20777
6.62226
7.06054
7.55065
7.64374
8.39199
8.44395
8.69636
8.81780
9.28062
9.33519
0.87057
1.64731
2.01224
2.24405
2.56062
3.06367
9.06342
9.65510
9.77630
9.89624
10.55894
10.78375
10.03401
10.17797
10.48541
10.49941
10.81732
10.82606
9.88020
11.55628
11.94518
11.94623
12.17078
12.18705
7.40219
7.57809
7.74853
8.64328
8.88112
9.31324
0.19068
0.68289
0.86340
1.17947
1.42611
2.12608
5.07848
5.09564
5.19107
5.51085
5.61042
5.69578
44.57648
45.09973
45.42407
45.43510
45.88576
46.16059
1.25415
1.84811
1.94766
2.59509
2.63495
2.90912
3.93144
4.01826
4.68850
4.79471
5.71078
5.89816
43.04818
43.19942
43.92881
44.32368
44.33900
45.33965
86.42041
86.54363
86.73906
86.74041
87.68300
87.85795
28.67095
29.12594
29.20267
30.53856
32.07674
32.15907
9.62723
10.42091
10.59417
12.30651
12.35069
12.68158
1.48026
1.81927
2.55333
3.05658
3.05788
3.28675
9.95742
10.61547
10.77645
12.04258
12.09357
12.31444
0.84244
1.57070
2.58643
2.64040
3.04324
3.57843
26.74016
27.15950
27.26140
29.01076
30.44739
30.75481
2.96916
2.98347
3.42549
3.43634
3.58852
4.14966
7.61296
7.66463
7.67396
7.83188
8.14065
8.30678
9.63242
9.68602
9.91810
5.60327
5.67894
5.74590
7.54856
7.70345
8.00465
8.01063
8.03675
8.54271
20.60116
21.02242
21.05913
21.22589
21.24059
21.90588
36.29401
36.30298
36.80171
36.95341
36.99899
37.64282
22.95263
23.11707
23.18451
23.50805
24.31570
24.79877
49.49887
49.60303
49.91340
50.04631
50.05260
50.18562
9.13126
9.32280
9.55485
10.49526
10.49852
10.63052
3.56350
3.88532
3.91841
4.23255
4.47292
4.96283
3.39630
3.62160
5.58495
5.91407
6.06859
6.76133
9.67201
9.96502
7.58792
9.39996
10.22205
10.31551
23.53402
24.82322
25.08437
26.79333
27.05916
28.02359
0.39258
0.54086
1.50903
2.04137
2.45559
3.36913
2.59189
2.59889
2.84546
3.06717
3.90410
4.06369
2.46241
2.46606
4.79726
4.97245
5.08330
5.63709
50.80566
51.34419
51.41519
51.76566
52.44922
52.85484
24.76604
25.24970
25.98563
25.98866
26.15956
26.77453
27.36959
27.78388
27.86306
28.00114
28.12677
28.14364
3.39321
3.46779
3.56308
3.79100
4.90408
5.51052
