0.34861
0.52317
0.64933
0.75902
0.97808
1.08522
1.28556
1.52103
1.54275
1.58657
1.69088
2.25201
2.59419
2.82842
3.01960
3.75496
4.27151
4.43160
4.47449
4.58129
5.01955
5.37770
5.56707
1.02693
1.21016
1.25497
1.53900
1.63152
1.63544
1.86409
2.00253
2.42679
2.56395
3.07887
3.17258
3.42936
3.64873
3.89783
4.60051
4.93090
4.94464
5.40832
5.63729
6.11022
6.25905
6.33395
0.14322
0.65019
0.87248
1.09110
1.61698
1.70405
2.05007
2.63550
2.69642
2.90940
3.20647
3.20920
3.26692
3.47445
3.66898
3.75540
3.98592
4.88830
5.19078
5.20497
5.57024
6.12677
6.84415
0.18451
0.52094
0.69488
0.90139
0.90153
1.13434
1.14980
1.15597
1.20465
1.42107
1.89181
2.46766
2.86782
2.92029
3.44282
3.51539
3.86675
4.31032
4.58432
5.16335
5.75736
5.75999
6.00187
0.26685
0.53532
0.58037
0.60957
0.83515
1.57425
1.86371
2.55181
2.59145
2.69001
2.89765
3.50407
4.37690
4.62941
4.83666
4.99162
5.32128
5.90919
6.29719
6.74876
7.26099
7.67720
7.83621
0.53178
0.53421
0.99842
1.00729
1.33756
1.37595
2.19557
2.34270
2.71969
2.89386
2.96898
3.64250
3.64840
4.42491
4.99214
5.20865
5.40170
5.78947
6.26497
7.63612
7.73235
8.01156
8.25177
0.68989
0.69984
0.92744
1.49019
1.73919
2.28932
2.36168
3.33331
3.99279
4.12561
4.12639
4.67946
5.17219
5.65671
6.10411
6.38220
6.55529
6.79799
7.08573
7.24704
7.47458
7.52068
7.79208
0.63412
0.80562
0.93208
1.86728
2.01247
2.04920
2.92043
3.73137
4.56703
4.57678
5.07807
5.07812
5.20426
5.59645
6.11648
6.22480
6.65148
6.72369
7.50112
7.93158
7.93158
8.45702
8.76393
0.14507
0.53611
0.70948
0.83296
0.90831
1.18370
1.54691
2.02708
2.14274
2.88879
3.39704
3.66480
3.77734
4.30399
4.80607
5.42394
5.52808
5.97735
6.43862
6.53381
6.70806
7.17625
7.24349
0.02199
0.41040
1.08348
1.13984
1.46204
1.57747
1.83371
2.06727
2.28422
3.18974
3.36588
3.39236
3.68265
3.74472
3.89162
3.94464
4.00023
4.26344
4.40337
4.68072
5.14124
5.28439
6.38470
0.03362
0.41093
1.23941
1.26095
1.38054
1.39122
1.99268
2.42019
2.52922
3.73475
3.97634
4.19540
4.55284
4.76236
4.83552
5.33969
5.82826
6.92806
6.92827
6.93382
7.16761
7.50177
7.69767
0.00086
1.07021
1.24722
1.48609
1.56814
2.02902
2.08796
2.36374
2.58661
2.67886
2.98042
3.20964
3.54267
3.82563
4.18589
4.22916
4.23534
4.53281
5.22926
5.90866
6.20019
6.87645
7.16110
0.49491
0.81045
1.02504
1.27889
1.62859
1.64571
2.10718
2.21221
2.34236
2.47533
2.56285
3.30759
3.67994
4.16817
4.46773
4.81408
5.10964
5.27404
5.36500
5.71615
5.86399
6.04548
6.18131
0.48411
0.65717
0.84735
1.17950
1.23121
2.28213
2.87328
2.92778
3.36494
3.50033
3.53071
3.74030
3.78848
3.84372
4.03077
4.34988
4.83356
4.99288
5.11113
5.14318
5.58980
5.86707
6.78346
0.38553
1.04972
1.17558
1.30473
1.60991
2.20025
2.33537
2.42978
3.29409
3.60342
4.10763
4.90006
5.29758
5.93590
6.16901
6.36830
6.61953
6.96236
7.35523
7.75642
8.04394
8.46092
8.62979
0.36547
0.39439
0.53979
0.73799
0.85955
1.31443
1.73460
2.22648
2.32455
2.56246
2.67041
2.91036
3.12076
3.30613
3.39601
3.54305
4.03492
4.31473
4.36249
4.40203
4.40585
4.87623
5.24617
0.48947
0.48953
0.71064
1.17084
1.25262
1.38150
1.75424
2.19257
2.38193
2.61126
2.85927
2.92706
3.36905
3.87284
4.34201
4.52791
4.65076
4.80551
4.99714
5.11185
5.11195
5.54396
6.20064
0.33805
0.69755
0.98157
1.19244
1.43722
1.95604
2.18295
2.57566
2.62570
3.30540
3.32498
3.51765
3.61017
3.63191
3.65659
4.87357
4.95188
5.41092
5.51219
6.13067
6.57538
6.75944
7.33261
0.11729
0.76497
1.15960
1.85299
1.85301
2.46513
2.75432
3.28685
4.07238
4.64083
4.79975
5.49180
5.88860
6.29694
6.32731
6.44028
7.29428
7.56522
8.46568
8.57723
9.03903
9.91053
9.98982
0.09418
0.42106
0.69279
0.74323
1.24342
2.16398
2.50693
2.58841
2.67999
3.17875
3.18571
3.23930
3.95384
4.43304
5.19063
5.50690
5.74960
5.87931
6.47116
7.12036
7.62307
8.32419
8.71871
0.41131
0.74215
0.83357
1.11898
1.46244
1.58801
1.89743
1.92014
1.95359
2.10296
2.66808
2.78758
3.00286
3.41699
3.91483
4.01297
5.33356
5.60057
6.24255
6.52727
6.67944
7.09929
7.10613
0.30945
0.44976
0.91785
1.23538
2.21255
2.43325
2.64784
2.95221
4.05152
4.20442
5.02532
5.77446
5.81972
6.29156
6.55090
7.12398
7.38089
7.63423
7.70209
7.73195
7.91262
8.07052
8.22241
0.05935
1.01414
1.29239
1.61230
1.97309
2.61316
3.13134
3.52127
4.67418
4.99581
5.00170
5.14505
5.23655
5.63006
6.04812
6.89203
7.02278
7.17966
7.42592
7.61041
8.34863
8.96453
9.18701
0.08602
0.24670
0.28681
1.21477
1.60633
1.72573
1.89606
2.02965
2.34964
2.36421
2.57516
2.81399
2.82776
2.95665
3.23756
3.34397
3.97204
4.04371
4.18776
4.28026
4.33428
4.44999
4.66836
0.03302
0.54330
0.84822
1.88773
2.09336
3.02642
3.38316
3.67003
3.76309
4.04513
4.46967
4.80728
4.86791
5.05024
5.66110
5.98563
6.12153
6.32176
6.37639
6.59464
6.76691
6.88283
6.99164
0.00852
0.27136
0.30739
0.84336
1.32051
2.00067
2.02440
2.57247
3.25436
3.89812
4.16675
4.41349
4.88309
5.20268
5.35797
5.55879
5.56903
5.58913
5.61422
6.08638
6.80935
7.26672
7.39331
0.42328
0.43795
0.48629
1.66171
2.29921
2.62215
2.70189
2.70301
3.37411
3.87239
3.99146
3.99697
5.23102
5.48244
5.86908
6.88017
7.23472
7.31873
7.35160
8.20872
8.32236
8.93573
9.71241
0.17558
0.44351
0.99237
1.75875
1.90032
2.41884
3.79637
4.16144
4.35071
4.62622
5.13061
5.43342
6.15219
6.22603
6.24563
6.25480
6.59833
6.63864
7.45045
7.49267
7.58524
7.65598
7.80012
1.38278
1.42482
1.73141
2.05068
2.14300
2.74755
3.18351
3.76436
3.82479
4.38475
4.61647
4.76344
4.82511
5.07001
5.09272
5.10290
5.52881
5.95808
6.08191
6.29970
6.70003
6.92869
7.30275
0.00166
0.27940
1.47391
1.49413
1.65536
2.74656
2.81024
3.30951
3.32023
3.68030
4.15597
4.37168
5.34832
6.07576
6.73148
7.12523
7.38645
7.73397
7.76144
8.40907
8.77476
9.05435
9.38102
0.03208
0.04437
0.63317
0.64698
0.75063
1.04648
1.21547
1.29793
1.83451
1.91517
1.98566
2.53922
2.99214
3.07397
3.16564
3.34293
3.66537
4.28196
4.92407
5.12614
5.21077
5.26697
5.41093
0.39355
0.48361
0.94466
1.10492
1.50867
1.70199
1.96709
2.43309
2.57907
2.63545
2.92786
3.01273
3.20840
3.85038
4.29329
4.97798
5.29057
5.48751
5.49788
5.58943
5.66809
5.79361
5.89928
0.10146
0.64487
0.73801
0.98653
1.38245
1.53014
2.12707
2.93266
2.95132
3.05123
3.52134
3.77616
4.57940
5.20978
5.57014
6.03454
6.16041
6.50456
6.52087
6.61292
6.74050
6.83812
6.90700
0.29015
0.51028
0.74744
0.92600
1.72609
2.05592
2.25414
2.43050
2.56745
2.75481
3.34237
3.41432
4.03738
4.49721
4.89604
5.56415
5.71720
5.86453
6.20951
7.07198
7.40929
7.47571
7.74920
0.40763
0.86792
0.98671
1.13923
1.72502
2.02639
2.15936
2.17687
2.20774
2.68348
2.94473
3.51331
3.87916
4.08346
4.67272
5.27972
6.02946
6.18885
6.30240
7.63679
7.83329
7.83475
7.91576
0.21926
0.62078
0.92978
1.29404
1.33791
1.67692
2.11150
2.55960
3.58636
4.00854
4.41448
4.47549
4.97852
5.25132
6.09996
6.34536
7.05050
7.29402
7.47329
7.92853
7.94731
8.37202
8.50730
0.46662
0.46748
0.96094
1.07078
1.17762
1.34589
2.14707
2.36314
2.37313
3.44409
3.67372
3.98351
4.08810
4.29125
4.74072
4.93441
4.96494
5.17043
5.52993
6.19599
6.64402
7.11663
7.71704
0.40303
0.51535
0.78365
1.38642
1.88517
2.20119
2.62909
2.64126
2.64612
3.07100
3.21346
3.38656
3.68002
3.85414
3.94537
4.11913
4.56367
4.95666
5.65467
6.39062
6.58119
7.31967
7.38377
0.27576
0.65957
1.06982
1.13714
1.52835
2.36098
2.57544
2.96009
3.15022
3.90928
4.16467
4.42642
5.15104
5.75578
6.30058
6.98186
7.13084
7.19516
7.55565
7.64115
7.96144
8.28988
8.66633
0.04104
1.08453
1.64924
1.65715
1.93652
2.09579
2.51626
2.58268
2.76289
3.35911
3.46670
3.98858
4.62039
5.17019
5.59942
5.94064
6.07347
6.37680
7.06898
7.34891
7.62329
7.90159
7.94246
0.56502
1.61796
2.09852
2.30154
2.49114
2.54691
2.73490
3.33097
3.42134
3.64909
3.75569
4.06459
4.38439
4.43110
4.43570
4.80409
4.83842
4.96474
5.36944
5.54299
5.62734
5.82394
6.14661
0.21503
0.82189
1.15139
1.39873
1.52829
1.77567
2.45046
3.36812
3.38900
3.70926
4.19870
4.64617
4.71048
5.15333
5.29893
5.56697
5.79069
5.87648
6.91632
7.21816
7.36863
8.28257
8.51849
0.37944
1.11125
1.52524
1.62294
1.80020
2.40511
2.57215
3.25184
3.38861
3.94042
4.40101
4.84941
5.50800
6.55338
6.86175
6.97322
7.05606
7.12504
7.26425
7.39079
7.49354
7.58760
7.69189
0.02882
0.04919
0.53899
0.70863
0.79884
0.85048
1.62330
1.90427
2.45666
2.45951
2.75455
2.85288
3.24371
3.71927
4.33670
4.37406
4.58751
5.21956
5.31700
5.33498
5.79533
5.88545
6.31756
0.40138
0.65990
0.71131
0.73143
0.96014
1.45772
1.58642
2.21765
2.30620
2.31855
2.91109
3.38398
3.81529
4.54252
5.05341
5.36930
5.97847
6.20054
6.20298
6.37784
6.38836
6.86536
6.97267
0.10274
0.51874
1.20791
1.25667
1.52702
1.56227
2.36439
2.52970
2.69850
3.13551
3.17472
3.85837
4.06970
4.46929
4.85286
5.24450
5.93017
6.08362
6.24940
6.55430
6.57172
6.86835
7.00905
0.67665
0.75564
1.24759
1.46048
2.09969
2.36935
2.65609
2.74326
3.03879
3.13524
3.13990
3.29297
3.56429
4.30004
4.87180
4.95329
4.96158
5.04889
5.22343
5.36005
5.36902
5.48114
5.60216
0.22372
0.81468
2.09292
2.19955
2.27487
2.42292
2.61543
3.68299
4.10420
4.58695
4.84539
4.97212
5.03905
5.40115
5.72504
6.19486
6.24826
6.91190
7.17824
7.90802
8.04898
8.32675
8.42497
0.03878
1.01765
1.33643
1.40357
1.45933
2.34757
2.62145
3.16475
3.24305
3.46084
3.66250
4.11608
4.41229
5.04736
5.22329
5.55614
6.08418
6.43230
6.46264
6.46445
6.81057
7.27372
7.57083
0.12452
0.26853
0.42147
1.48739
1.84891
2.42203
3.24703
3.63725
4.35317
4.35332
4.43190
5.07516
5.50860
5.69615
6.46643
6.51483
6.69041
6.82449
6.98822
7.54055
8.06211
8.71665
8.77470
0.10138
0.29492
0.45179
0.64251
0.77087
0.87237
0.96871
1.47321
1.54116
1.74593
2.20642
2.61422
2.84783
2.94899
3.20793
3.33881
3.41125
3.75009
4.13819
4.16657
4.48363
4.57064
4.59957
0.01160
0.45996
0.61291
0.65906
0.68959
0.70039
0.78581
0.80000
1.45116
1.68989
2.03352
2.45308
2.73706
3.52949
3.74868
4.09594
4.16405
4.31112
4.33376
4.49555
4.69599
5.39095
5.97417
0.89072
1.21419
1.25420
1.80946
2.09235
2.26942
2.47395
2.60998
2.78614
3.06998
3.10503
3.27325
3.44188
3.48374
3.79373
4.29606
4.66831
4.79612
5.16488
5.73037
5.91287
6.26465
6.58139
0.49154
0.55132
1.07155
1.45884
1.46746
1.81309
1.98097
2.34252
2.76197
3.22847
3.26703
3.46671
3.48914
4.39677
5.24403
5.75789
5.91372
6.14253
6.47549
6.75901
6.94387
7.08534
7.29910
0.77088
0.82627
1.03145
1.24454
1.50934
2.16397
2.18189
2.28044
2.36560
2.58428
3.22670
3.22946
3.50323
4.36433
4.71237
5.13761
5.21974
5.99550
6.27333
7.08134
7.37068
7.70214
7.84720
0.29224
0.65739
1.34797
1.79187
1.79508
2.55362
2.78567
2.98163
3.24518
3.25169
3.38727
4.00349
4.02518
5.04666
5.94854
6.48120
6.59325
7.19236
7.56585
7.99744
8.53866
8.64733
8.70016
0.60472
0.61500
0.73748
0.95451
1.16758
1.20835
1.42179
2.02805
2.17122
2.24561
2.98333
3.58399
4.34561
4.76076
5.31291
5.91796
6.21665
6.32398
6.35276
6.38081
6.82034
7.26863
8.12911
0.53590
0.73608
0.91538
1.27511
1.28701
1.50921
1.79943
2.01549
3.92519
4.50190
4.84611
5.23586
5.37460
5.49830
5.92815
6.08491
6.24530
6.44722
6.56649
6.64810
6.66686
6.73430
7.35919
0.23309
0.71505
1.57787
1.58438
1.87534
2.03108
2.11540
2.41046
2.58696
3.35358
3.62350
3.84835
4.40575
4.48870
4.81545
4.88519
5.19677
5.62413
6.04999
6.68278
6.79200
7.70732
7.83710
0.00626
0.03392
0.67225
1.08071
1.17946
1.37990
1.78041
2.21205
2.97639
3.02418
3.30093
3.53901
3.64196
3.76935
4.06473
4.54796
4.60098
4.62656
4.77879
5.18041
6.05677
6.57245
6.85726
0.23371
0.68448
1.17553
1.44023
1.76108
2.15238
2.23808
2.50257
3.09428
3.62575
3.81160
4.19463
4.39145
5.41745
5.60474
6.57619
6.66797
7.40222
7.65047
7.77077
8.39570
8.46769
9.01364
0.19955
0.22474
0.29663
0.32102
0.53505
0.53591
0.54906
1.18985
1.21926
1.45313
1.70456
1.90946
2.52954
3.36986
4.04606
4.36595
4.58172
4.60508
5.29524
5.60131
5.65129
5.88910
6.27384
0.58711
0.88367
0.99152
1.16842
1.22947
1.64128
2.84339
3.41159
4.29461
4.45736
4.64308
4.68324
4.79858
4.81197
4.87599
5.02001
5.30639
5.77113
6.54547
8.14370
8.32915
8.46471
8.80555
0.72814
1.01324
1.01440
1.53536
1.85206
2.35585
2.81557
2.92629
3.94054
4.29420
5.12621
5.12724
5.79511
6.47197
6.66313
7.17464
7.50421
7.65564
8.04712
8.40305
8.51021
8.97612
9.74093
0.28029
0.78942
1.10636
1.12704
1.51675
1.81030
2.26542
2.27821
2.34767
3.14267
3.32959
3.33291
3.92996
4.32966
4.94014
5.41002
5.72791
5.78878
6.70683
7.41694
7.67588
7.96513
8.06136
0.67373
1.18984
1.48401
1.74157
2.14132
2.26895
2.46395
2.64371
2.77634
3.54812
3.85120
3.89753
4.11841
4.21326
4.39394
4.52236
4.90759
4.97161
5.21393
5.70764
5.80173
6.25013
6.45319
0.67570
0.82209
0.89631
1.25313
1.27055
1.56651
1.81504
1.92501
1.94949
2.28487
2.69728
2.87834
3.48418
3.72281
4.05097
4.57702
4.86989
5.39918
6.13172
6.85498
6.99953
7.46600
7.62088
0.50371
0.97884
1.80605
2.12730
2.16350
2.26943
2.26969
2.34287
2.72657
2.93608
3.19118
3.62736
3.88209
3.92909
4.01785
4.61002
5.28687
5.64531
6.02599
6.11678
6.51270
7.05282
7.22787
0.20924
1.34458
1.40967
1.89474
2.05419
2.06703
2.47874
3.10259
3.64074
4.16728
5.41567
5.49820
5.62371
5.83707
6.05319
7.45163
7.77813
7.85932
8.22600
8.27203
9.04704
9.18255
9.66331
0.15319
0.95116
1.05929
2.25157
2.42095
2.50028
2.64133
3.93760
3.99603
4.26352
4.60147
4.90708
5.49796
5.69610
5.75065
6.05956
6.59377
6.69024
7.35346
7.78219
8.17270
8.65528
8.95287
0.72667
0.81639
0.95515
0.98571
1.20901
1.20902
1.48219
1.65615
1.78320
1.93781
2.11264
2.83229
2.91909
2.92598
3.19956
4.12072
4.84674
4.96414
5.39869
5.52187
5.89531
6.01523
6.65388
0.16725
0.21986
0.60586
1.54066
2.10666
2.56678
2.69764
3.16399
3.51795
3.89328
4.45797
4.99185
5.28412
5.42684
5.57956
5.70584
5.94867
6.51571
7.66952
8.09848
8.55457
9.04335
9.30165
0.23585
1.02710
2.46087
3.62475
4.07397
4.65910
5.03747
5.04547
6.14596
6.52054
6.60315
6.88355
7.10248
7.26456
7.97917
8.09230
8.24524
8.48285
8.54946
9.89241
10.03675
10.45588
10.47798
0.50682
1.19281
1.65279
1.75097
1.79352
2.26503
2.55467
2.74912
3.47609
3.48341
3.71867
4.64896
5.13104
5.56202
6.00068
6.40476
6.92985
7.53401
7.76050
8.27416
8.43916
9.41292
9.42165
0.14211
0.18448
0.73064
0.96301
1.78949
2.12244
2.40884
2.91587
3.19689
3.26946
4.22206
4.30219
4.53632
4.96170
5.49470
5.64533
5.73198
5.86707
6.02628
6.31492
6.65998
6.66923
6.81454
0.00047
0.27691
0.51017
0.92576
0.93380
1.88821
2.04198
2.20033
2.33200
2.42555
3.24218
3.59063
4.08499
5.01409
5.45607
6.62109
7.31213
7.97220
8.04282
8.11522
8.38865
9.09639
9.40410
0.25559
0.94847
1.36699
1.58628
1.90329
1.96850
2.50977
2.64148
2.91710
3.22055
3.35763
3.61380
3.97521
4.19219
4.60843
4.94868
5.28919
5.44621
5.80747
6.01362
6.90694
7.54376
7.73125
0.11950
0.24237
0.45730
0.55040
0.64007
0.97250
1.13067
1.59726
1.59946
1.67402
2.28452
2.99810
3.82181
4.05791
4.11297
4.63364
5.35072
5.86006
6.31754
6.51281
6.71972
6.90486
7.05744
0.22928
0.48179
0.85480
1.26727
1.28424
1.56167
1.75208
1.87946
1.92071
2.15662
2.49682
3.27125
3.32948
4.00643
4.98252
5.59791
5.83156
5.97143
6.74651
7.28928
7.53262
7.69283
7.89974
0.19622
0.28556
0.66955
0.74693
0.89752
2.02413
2.07734
2.23347
2.77052
2.78853
3.77482
3.77691
4.88358
4.88372
5.08681
6.33677
6.43695
6.58490
6.60475
6.82691
6.83288
6.98781
7.61271
0.37943
1.19722
1.27827
1.92953
2.33965
2.63245
2.64458
3.07261
3.13145
3.41165
3.57575
4.18222
4.40125
4.40635
4.59589
5.26432
6.03233
6.37297
6.56774
7.08921
7.72489
7.91914
8.08263
0.26513
0.32693
0.61412
0.91926
1.16141
1.26632
1.57097
1.65221
1.73227
2.16687
2.68063
3.26686
3.51411
3.84061
4.21936
4.33295
5.33590
5.36454
5.66281
6.60433
6.75023
6.90561
7.25170
0.70102
0.81541
1.41413
1.56589
2.29229
3.04335
3.53831
3.67880
4.30097
4.67709
4.81380
5.60551
5.99879
6.03849
6.12625
6.20362
6.47284
6.82119
6.93198
7.10522
7.69181
7.92553
8.01486
0.42410
1.49958
2.05785
2.31339
2.32236
3.04810
3.27677
3.69547
4.41948
4.53689
4.59494
4.78586
5.01566
5.12547
5.53436
5.55709
5.68535
5.69843
5.72509
5.82883
6.47504
6.83959
7.01447
0.12138
0.55816
0.94703
1.21714
1.82209
2.01663
2.28202
2.76274
3.14190
3.33053
3.52692
4.11443
4.26221
4.71117
5.03501
5.23314
5.61761
5.76950
5.98063
6.17505
7.45564
7.47903
7.57353
0.48408
0.63957
1.02560
1.79037
1.81108
1.82489
2.30562
2.49976
2.64474
2.86141
3.51848
4.69209
4.97211
6.09247
6.12886
7.16769
7.26226
7.36252
7.63970
8.21590
8.73391
9.08383
9.36621
0.43863
0.72938
0.73636
0.74567
1.09369
1.27191
2.11329
2.15422
2.58376
2.90382
3.05901
3.07613
3.48565
3.61585
3.80660
4.26717
4.50956
4.61779
4.67902
4.91220
5.29475
5.39118
5.61605
0.43135
0.53142
0.91171
1.13642
1.58724
1.80459
1.88470
2.19257
2.45044
2.46939
2.50319
2.76172
3.16861
4.00468
4.08484
4.31630
4.32037
4.32988
4.38798
4.49403
4.57672
5.59096
5.94546
0.17580
0.37676
1.52109
1.76900
2.99764
3.61369
3.99642
4.08712
4.36754
4.96553
5.15568
5.28431
5.55084
5.73545
6.16224
6.46280
6.66835
6.84099
7.15407
7.18413
7.48888
7.59169
8.13728
0.66167
0.67569
0.94405
1.13751
1.72413
1.80422
1.88617
1.92526
2.80990
2.80994
3.19348
3.22138
3.42925
3.87793
3.90394
4.06745
4.77667
5.58643
5.73582
6.89196
7.24161
7.69620
7.70911
0.03493
0.14685
0.63963
1.28705
1.36552
1.38650
1.41715
1.93114
2.14827
2.63238
2.70891
3.04597
3.10346
3.48272
3.83901
3.96505
4.48688
4.50013
4.99878
5.20514
5.58451
5.71141
6.49491
0.13991
0.30438
0.45631
0.93791
0.98399
1.39351
1.60338
1.80042
2.16227
2.41777
2.80564
3.37807
3.98396
4.06192
5.12481
5.33014
5.61992
5.73207
6.52413
6.78592
7.47063
8.02461
8.08733
0.00648
0.27466
0.59525
1.02853
1.51457
1.60573
2.23723
2.94438
2.97352
3.25792
3.34479
3.44138
3.45944
3.55443
3.88950
4.16803
4.52997
5.17883
5.57285
5.58796
6.82570
7.02902
7.14856
0.37676
1.29170
1.49890
1.66455
2.25499
2.73684
3.24745
3.52492
4.13834
5.13668
5.16480
5.51574
5.75310
6.14106
6.15865
6.34601
6.43747
6.75929
7.01440
7.20490
7.23807
7.31385
7.36913
0.15997
0.76649
0.85356
1.52681
1.90683
1.91385
2.18183
2.59769
3.42433
3.53603
3.82595
4.40310
4.73160
5.39746
5.55270
5.91745
6.46158
6.79402
6.93903
7.16172
7.59874
8.17405
8.18699
0.51829
1.43882
1.96775
2.21608
2.24578
2.33269
2.68867
3.09008
3.09865
3.21392
3.34363
3.95594
3.98464
3.98479
4.06179
4.11541
4.60707
5.06029
5.13632
5.68399
5.98156
6.34333
6.46249
0.17852
0.27385
0.91133
1.07023
1.07790
1.10103
1.70354
2.08080
2.36588
2.43484
2.99377
4.21849
4.37055
4.67848
4.78366
5.23721
5.24480
5.65148
5.76496
6.16587
6.76992
6.98761
7.09753
0.36987
0.87276
0.96662
1.56330
2.12292
2.13398
2.51965
2.53394
3.52381
3.78901
4.26738
4.90234
5.23609
5.94743
6.12726
6.19430
6.35907
6.84580
7.02383
7.15409
7.20449
7.26430
7.66221
0.30403
0.65086
0.84490
0.90833
1.23899
2.32025
2.34017
2.66951
2.69532
3.11507
3.16254
3.29211
3.79431
4.18319
4.23309
4.93080
5.02112
5.31089
5.75379
6.31893
7.36405
7.44684
7.50457
0.43368
1.29826
1.73546
2.25901
2.47881
2.90595
3.52866
3.82293
4.12510
4.16255
4.18374
4.45652
4.86236
4.88462
5.15937
5.53924
5.61059
6.07506
7.15168
7.20101
7.42742
7.54095
7.86276
