3.47389
7.47092
10.57043
12.59161
12.69133
12.76667
12.87306
12.97990
13.05554
13.22655
3.85203
7.83337
9.45100
12.09328
12.18388
12.31285
12.44077
12.55338
12.66063
12.87491
8.20780
10.63400
13.28262
16.40047
16.50977
16.61273
16.70102
16.80180
16.86401
16.96117
3.02296
6.48508
11.09623
14.25240
14.32305
14.40200
14.54644
14.63990
14.74203
14.85853
2.97898
6.30345
10.20894
16.49427
16.58452
16.62909
16.68012
16.85346
16.92755
17.09293
5.32280
9.11546
11.88651
14.87955
14.93382
15.00659
15.08985
15.25905
15.30394
15.40915
4.29645
6.53133
10.73342
13.11353
13.22736
13.31203
13.34376
13.42639
13.52130
13.70069
1.69686
8.08629
12.81854
16.72744
16.76188
16.85949
17.06551
17.21539
17.34042
17.43276
2.43592
5.58792
8.15536
12.69861
12.82708
12.92605
13.08878
13.26598
13.35757
13.48356
9.66507
11.87276
15.92082
20.00936
20.20892
20.33441
20.38431
20.46422
20.57030
20.65008
2.09940
4.41627
6.52715
10.08883
10.13468
10.31765
10.40250
10.52133
10.65568
10.75978
5.54731
8.78429
14.73022
16.56342
16.64017
16.76640
16.86299
16.88791
17.09848
17.21199
2.29692
6.01016
9.90825
15.06812
15.11827
15.25128
15.38691
15.45215
15.52811
15.60449
5.03995
10.32119
12.86527
17.91429
17.98751
18.03665
18.12126
18.24804
18.28710
18.40142
4.96845
9.82485
16.36079
19.80041
19.88295
19.99705
20.13908
20.23934
20.40219
20.47382
2.70082
5.96750
11.61468
16.60622
16.64870
16.73600
16.89915
17.02023
17.10628
17.14600
4.05710
9.15435
16.33477
22.97225
23.04720
23.15570
23.32786
23.39939
23.53052
23.66601
3.56643
7.00033
8.95206
11.54499
11.72174
11.81716
11.91548
12.06151
12.16704
12.27695
1.28213
5.59918
12.23075
16.81645
16.92300
17.01653
17.09974
17.18149
17.27012
17.34198
3.28012
5.47247
8.18093
11.99536
12.04937
12.15955
12.38516
12.55002
12.70695
12.78208
5.18210
10.11026
12.76851
16.68121
16.85203
16.96457
17.01018
17.22402
17.29166
17.36542
2.99816
8.48217
13.04538
16.84266
17.08354
17.18503
17.33746
17.44957
17.53861
17.62392
4.88796
8.74595
11.34412
13.86275
13.98799
14.08632
14.26424
14.31529
14.39441
14.62926
2.55739
6.12097
9.86889
11.83450
11.86550
12.00417
12.16367
12.28516
12.38297
12.51171
2.83277
9.56899
12.99507
14.46536
14.56674
14.68414
14.75493
14.87776
14.98578
15.09497
4.46935
9.47363
14.54107
20.59848
20.67570
20.77499
20.84372
20.96808
21.03885
21.10395
2.13436
8.03183
12.36147
17.44086
17.47465
17.56171
17.71296
17.83284
17.95769
18.01570
1.84664
5.94957
9.25410
11.98896
12.16847
12.30148
12.37130
12.42932
12.45865
12.50103
2.62423
8.00991
12.33655
13.75240
13.80510
13.85685
13.94561
14.05611
14.14771
14.28015
6.85112
10.18092
14.34353
15.82751
15.91186
15.98012
16.13289
16.23627
16.32706
16.42036
3.86177
5.28558
12.39868
14.57272
14.66396
14.70747
14.81305
14.90007
15.00767
15.07413
3.39435
5.68303
7.18706
10.16918
10.32338
10.42951
10.48717
10.50644
10.65133
10.77387
1.54322
3.81512
6.48401
9.87158
9.94323
9.99138
10.02629
10.16970
10.31010
10.34065
3.48887
6.68004
10.61324
15.18313
15.34400
15.43238
15.60113
15.72454
15.83447
15.91364
4.13584
6.95661
8.92111
13.49444
13.65689
13.73005
13.91498
14.03791
14.11069
14.14941
2.86156
4.54878
12.33607
17.47491
17.58031
17.67058
17.77855
17.88144
18.02654
18.06760
4.59059
8.45108
12.18542
18.52677
18.65436
18.75073
18.93070
19.02965
19.08109
19.17104
2.90425
8.74886
11.86200
15.06692
15.13470
15.29797
15.43859
15.51656
15.58226
15.73196
3.06091
10.82490
14.08037
16.60513
16.69369
16.94609
17.02786
17.11894
17.19847
17.28247
4.77165
7.19140
11.24017
14.42844
14.51034
14.59116
14.66929
14.81540
14.90333
15.02413
3.57914
7.83182
12.46419
15.50499
15.57984
15.69186
15.82677
15.93188
15.97512
16.07259
2.70795
7.30549
11.22188
14.97402
15.10413
15.14119
15.27149
15.36765
15.46249
15.60488
1.09837
6.39653
11.78747
16.44293
16.53240
16.63434
16.71837
16.88104
17.01445
17.10295
3.86701
8.58060
12.05751
16.75047
16.86261
17.02338
17.23583
17.39264
17.48085
17.58411
5.48968
11.05452
14.06252
17.30122
17.45036
17.55395
17.60623
17.71609
17.79969
17.86794
3.49149
6.40627
11.87793
14.59027
14.64723
14.72519
14.76847
14.82127
14.94032
15.12220
3.97192
6.82394
9.97392
12.94828
13.01574
13.20811
13.29030
13.41680
13.63658
13.70838
2.31751
5.03946
8.89845
14.34507
14.43632
14.56653
14.68635
14.78198
14.81630
14.86134
3.57427
6.61670
9.66565
12.61874
12.75050
12.89690
13.01558
13.17187
13.22997
13.40959
4.45048
7.29171
11.31545
13.98829
14.17465
14.31780
14.51477
14.60913
14.70396
14.88508
3.84690
7.79740
10.40380
13.05090
13.14542
13.22115
13.33392
13.40203
13.52026
13.59049
2.56990
5.01903
9.88769
12.47506
12.58797
12.67988
12.71391
12.88852
12.96829
13.05419
3.27475
10.25259
15.19877
20.43432
20.50762
20.61587
20.76226
20.87681
21.00197
21.05117
3.39516
6.98245
10.19906
13.61261
13.70904
13.78235
13.85344
13.95100
14.02104
14.04929
2.47742
3.16936
6.19402
9.66880
9.72734
9.84919
9.90351
9.97039
10.09564
10.28430
2.26727
7.59310
10.30511
14.40778
14.45880
14.54829
14.65099
14.73366
14.89066
15.05971
3.57723
6.14997
11.29724
15.97807
16.10336
16.23225
16.28922
16.40490
16.55201
16.63216
3.23512
5.35838
9.44754
15.06233
15.08304
15.25394
15.36162
15.47218
15.53675
15.58888
4.18011
8.88325
12.42416
15.81503
15.91363
16.10988
16.16708
16.28006
16.31970
16.44074
1.98023
5.02424
9.36441
11.09418
11.19484
11.30517
11.41258
11.50477
11.59800
11.68787
5.16050
9.04965
13.27752
16.25282
16.32612
16.44264
16.47669
16.60853
16.70014
16.80213
4.94354
7.71490
10.38768
15.14686
15.27843
15.38609
15.53719
15.59148
15.73274
15.85628
4.06736
6.45504
9.12741
10.68772
10.81240
10.92695
11.02534
11.09603
11.17282
11.28170
3.48923
6.13225
10.77401
17.86738
17.95862
18.08665
18.17582
18.30852
18.36474
18.42011
6.84980
11.54316
15.97304
19.17955
19.29917
19.41017
19.45804
19.64722
19.78456
19.88718
4.15387
10.07585
13.29854
15.85172
15.93570
15.99980
16.13689
16.16207
16.28259
16.34664
4.95934
7.64704
11.20325
13.90720
14.01100
14.18939
14.30782
14.38136
14.50995
14.58149
2.74285
6.42783
10.57088
12.96808
13.20542
13.37834
13.42797
13.47612
13.60657
13.76706
3.38878
7.16104
11.75060
14.90066
14.99571
15.13433
15.20000
15.39906
15.53696
15.66262
4.57821
7.73333
9.20128
15.99006
16.06142
16.21766
16.32002
16.41965
16.59401
16.66095
4.32856
10.58533
16.19615
18.11161
18.22743
18.42798
18.52372
18.75777
18.84635
18.94177
2.15319
6.28980
8.35723
14.68455
14.84202
14.89924
15.00992
15.10518
15.21578
15.34338
3.27866
7.26817
8.43964
10.94808
11.11516
11.14825
11.23009
11.34274
11.41749
11.49873
2.73240
5.18821
7.05651
12.68161
12.81857
12.90173
12.98845
13.05247
13.15210
13.21566
3.67707
8.67641
13.22779
16.13651
16.29707
16.43312
16.57994
16.64271
16.70933
16.79075
2.73101
5.59561
9.13249
11.46575
11.62317
11.68568
11.74794
11.83671
11.92466
12.03076
6.41790
10.13517
11.91818
16.32293
16.42277
16.50578
16.59464
16.80639
16.93628
17.01545
4.57116
9.16606
11.78576
14.09105
14.14024
14.16880
14.22309
14.29539
14.38431
14.48219
6.07001
9.42443
13.60975
16.34053
16.41946
16.48405
16.51865
16.62421
16.80050
16.82925
6.08482
9.09886
12.22133
17.33792
17.39583
17.53582
17.59493
17.65180
17.75817
17.80929
7.46265
11.16478
13.21608
16.52348
16.62099
16.73933
16.79952
16.92786
17.08190
17.18838
2.73853
7.86543
11.56164
19.57511
19.67997
19.74621
19.92108
19.98900
20.06935
20.12782
6.36276
9.98277
16.10717
18.39149
18.49829
18.59125
18.64207
18.77231
18.86699
18.89812
4.07654
9.95826
12.36186
16.58587
16.68825
16.85925
16.92246
16.97172
17.08150
17.11369
6.81321
7.90255
11.63087
13.73216
13.92541
13.98411
14.04165
14.11157
14.31889
14.43674
5.62560
8.79782
12.84838
15.68321
15.72900
15.78984
15.89505
15.95416
16.11278
16.27232
4.29128
7.25274
12.13819
15.16147
15.33554
15.41565
15.53580
15.62426
15.69958
15.84200
4.42707
9.78039
13.98837
16.82503
17.07174
17.22614
17.35795
17.49197
17.58612
17.65262
6.27890
13.32662
17.68703
19.92226
19.98034
20.12920
20.24197
20.37433
20.49036
20.57521
4.81522
11.41739
16.87413
23.91956
24.00563
24.08838
24.16042
24.25511
24.34730
24.40726
2.91078
7.84704
12.98817
18.12317
18.21028
18.26695
18.34922
18.50157
18.56530
18.72457
7.27327
9.70889
11.63506
15.35954
15.46906
15.53518
15.62948
15.68441
15.70151
15.88506
3.32693
9.31695
13.44853
15.73753
15.87608
16.02100
16.08312
16.22347
16.31371
16.51537
1.98665
4.21206
7.92541
12.25308
12.31105
12.40835
12.55252
12.69836
12.78933
12.92187
3.33950
5.96704
9.87399
10.99464
11.09679
11.20634
11.29007
11.41972
11.51102
11.65717
3.63703
6.49844
7.84682
12.85904
12.92080
13.02885
13.19136
13.27215
13.32516
13.36326
4.15813
7.20408
12.35946
13.61311
13.90737
13.96620
13.99269
14.17905
14.38953
14.50683
3.91575
7.87219
8.90040
9.94018
10.06767
10.17063
10.28472
10.40016
10.48455
10.70925
3.86511
7.76486
11.18317
16.95863
17.13105
17.22924
17.38328
17.45404
17.54711
17.61490
7.09423
13.98047
16.90614
19.97604
20.02068
20.11114
20.16386
20.40277
20.48834
20.53230
