6.35714
12.51234
16.36293
20.92759
25.96602
30.59765
32.73602
34.89664
38.02633
43.69743
49.14902
54.00636
58.51525
61.97462
66.16868
72.85815
74.02503
78.52260
79.08558
81.14701
82.97669
91.01414
96.16085
97.42839
100.69205
103.12057
3.57315
8.16625
14.81473
17.99919
21.51981
25.90861
30.18757
34.86978
36.38265
38.42040
43.51796
46.79456
50.19191
52.25019
54.61421
60.64171
61.66574
65.43341
67.99385
73.11688
82.40315
86.75649
88.05689
91.76593
94.07460
99.21129
8.56229
12.05964
17.31483
19.75812
24.88757
26.22423
29.28112
31.10709
34.46963
38.83402
45.09448
45.62266
50.97750
55.86696
59.16397
61.07064
61.89271
65.58444
66.15445
70.10786
77.13715
79.58052
80.91183
84.28977
88.98013
91.01496
5.58201
8.37805
11.84561
12.91548
14.99278
20.01222
25.44329
33.46218
38.17669
43.20843
46.37115
50.95361
51.13315
53.47078
63.17097
64.56834
65.96175
70.50702
73.62551
76.49323
80.91385
83.92325
90.49380
95.51117
97.91990
100.04218
7.70563
11.10418
14.13508
17.30855
19.54699
21.01513
23.49866
31.63764
40.68252
46.12375
51.40813
53.89084
57.30875
61.20513
63.22258
64.60116
67.07219
71.51143
72.74177
77.09194
80.99314
84.82967
90.27569
92.68041
93.08990
97.66711
7.42417
9.16286
15.28818
18.61139
20.31921
25.90286
34.78276
41.24200
42.65431
46.98406
52.23769
59.72864
61.06741
64.93790
68.18401
70.17382
71.75672
76.19450
82.82127
86.10875
89.54777
92.79569
94.55476
102.58368
105.15276
107.02146
4.26355
7.82444
8.98928
11.33876
14.27179
16.65965
19.72936
23.88209
26.70312
28.82949
34.94542
36.22367
42.01637
47.83273
49.79610
52.94823
56.83097
59.71095
67.40364
70.41486
72.99447
76.72463
81.10743
84.40748
85.84166
90.69148
4.43636
5.79246
8.25164
12.11748
19.16011
22.03690
24.00616
33.69782
36.07744
38.31763
41.87308
47.69332
50.43959
57.76155
62.17142
64.33704
65.37192
68.20785
73.52437
77.46048
78.44568
82.16283
86.56269
92.29591
97.13197
100.91637
4.18434
11.72226
14.18850
18.70641
20.30379
29.75345
36.13337
38.81976
41.67988
43.53856
47.94908
50.16211
53.97611
58.10835
64.86928
66.67962
73.43380
74.50914
79.43677
86.99883
90.24753
91.39453
94.29408
98.52726
101.49486
106.43308
5.04887
13.41336
22.73681
26.21982
34.46404
36.33454
41.99683
45.39096
51.28678
57.11943
60.46418
63.66438
65.86161
71.89926
72.89414
82.83163
85.45485
86.36704
89.16937
94.26577
95.20634
96.19629
101.19039
103.56288
108.35412
108.75049
6.38020
10.65094
12.41756
18.14204
25.26763
29.32230
33.33101
34.97872
39.47700
41.65135
49.18825
52.13600
53.29033
56.40296
58.50241
61.77994
66.34375
72.62881
76.16696
80.52640
82.74475
84.79070
87.08998
90.11352
95.17443
97.69464
1.71487
5.19280
8.58553
14.58264
19.22107
20.68368
25.82432
33.84853
38.66151
42.58506
47.14544
49.37767
52.53525
56.00379
62.31606
65.34882
66.50157
72.94136
74.30668
80.87381
86.74594
90.02828
95.71146
99.69534
104.70310
106.81393
5.91994
10.15468
16.50762
21.71961
22.59907
27.22849
33.25731
37.75529
40.77253
42.90684
45.55625
48.88020
55.44881
-1.00000
-1.00000
-1.00000
-1.00000
-1.00000
-1.00000
-1.00000
-1.00000
-1.00000
-1.00000
-1.00000
-1.00000
-1.00000
3.51373
4.63399
11.06474
14.63411
16.45506
21.90079
25.60314
33.20276
40.62025
46.00088
51.13459
55.34579
59.46837
64.33581
67.95968
70.03493
72.23611
78.65857
86.07560
86.79925
88.56623
90.69405
93.08869
95.36824
98.26326
102.16550
3.19374
8.43643
13.02290
16.45550
19.71082
20.93218
25.69399
30.79166
33.61505
37.01238
42.28717
47.88178
50.72405
54.22991
57.82533
59.64873
65.43970
68.71350
71.78766
73.09860
77.41889
79.56029
80.69156
85.04361
89.27380
92.03090
2.72520
6.30547
7.38293
12.37053
16.32866
17.52648
22.43776
27.07874
30.23660
32.45395
34.61435
37.48100
39.08466
40.54984
45.29534
49.16722
51.36314
56.63794
60.38498
62.38277
64.78777
68.14502
73.01184
79.97410
81.57697
88.31906
4.58044
12.83500
16.93847
23.62891
26.09101
32.82891
40.95961
44.15838
46.27986
48.08299
53.48353
56.05236
59.90520
65.95303
66.73228
68.46309
73.27303
79.64604
81.20247
84.67934
85.16254
86.82300
94.86841
99.30685
103.45687
105.12618
5.16970
11.82068
14.31254
19.00283
22.60404
23.72379
32.72571
35.70884
39.94116
44.24333
48.08094
51.71300
53.98912
61.38468
63.09900
67.55598
73.74786
77.98906
79.10433
82.15520
84.45912
89.09270
92.77797
93.06701
98.52581
102.17992
3.19016
8.23390
11.43159
14.59148
17.49678
23.85289
26.60016
31.37287
32.83330
37.95622
41.36338
46.18094
48.99723
54.72467
58.84406
64.23874
68.78806
73.65936
81.60240
82.63896
84.70901
86.73070
94.45608
99.24139
103.39547
108.37324
6.38848
10.63358
15.08732
19.29153
22.50375
26.83023
29.98037
33.92519
38.43322
40.87023
43.29608
51.11990
59.60012
63.95020
70.27440
73.98215
80.10490
82.58231
83.36660
86.08518
87.38273
92.47703
97.68975
102.94120
102.94935
107.58886
4.02127
9.64311
12.16803
15.08334
18.58888
20.49861
25.30075
27.43815
31.58165
32.70344
38.87541
41.67249
43.46581
47.89332
49.91128
55.63370
56.43293
58.84151
61.60363
65.94156
67.98097
73.82301
78.39903
80.83347
83.47199
88.05667
3.41022
8.27063
12.01786
15.55117
17.96749
21.29033
24.43474
26.77682
28.12314
33.61817
40.42440
45.45492
53.61532
56.44463
60.29312
61.93097
68.08564
72.39279
79.20465
84.45456
88.81709
89.91865
93.05902
98.98217
102.79392
103.54623
2.44060
9.23428
15.54235
21.74907
26.91401
29.85874
34.66068
36.96546
41.90044
45.27065
48.62204
51.18864
55.80533
59.56002
61.76106
64.97693
68.45115
73.22034
76.18090
79.31911
85.16782
88.94607
92.16501
93.55961
97.06416
99.92746
2.24438
3.82668
6.95089
9.17244
13.12581
17.35365
20.08928
24.03610
26.21605
30.67925
33.97401
39.27464
41.79304
43.36583
46.67644
50.52645
53.48591
58.89658
65.21842
70.42537
76.76196
77.04134
79.68735
81.43558
82.44176
88.29196
4.80750
7.88789
9.22699
11.22618
12.80631
17.91120
21.81492
25.89799
31.63291
33.81990
38.41296
40.00221
39.40205
43.25434
48.74613
53.71600
56.03443
61.34794
65.14636
73.22898
75.33856
78.60826
82.52067
85.63371
88.25696
93.30466
2.88638
4.03348
9.52033
16.14538
21.02221
23.37244
29.94364
32.84403
36.31708
38.38648
41.12485
41.66498
48.54982
52.30116
55.87267
58.80187
61.89155
64.55188
66.64418
70.53843
71.73141
73.18173
74.09430
77.68289
85.08481
85.94213
3.73033
7.52375
14.41865
16.75050
20.07638
22.39300
23.42062
31.65637
36.02756
46.92373
51.39474
53.73650
57.10087
60.59881
61.69696
61.03847
67.63812
69.10369
71.53851
76.28290
81.33905
81.91845
85.01968
91.01867
94.96484
103.20254
5.93055
9.91268
11.52832
15.34369
23.47720
32.57517
36.00967
36.64941
39.79825
42.60374
46.83142
50.48178
51.81422
55.99772
56.49590
65.12279
68.07949
70.56042
71.70487
74.34654
81.58047
83.93106
88.68431
95.35424
96.60078
99.62014
5.84252
9.14536
12.60607
20.06536
26.75807
30.70216
32.49103
38.93559
42.84779
44.77248
49.19463
49.93508
53.22018
55.98789
59.26810
61.77043
64.35759
70.51323
74.38619
76.98453
85.43530
89.93044
92.44435
93.57289
95.01404
98.79006
4.53097
10.95105
13.40036
16.23897
22.33109
26.77457
32.15892
39.54949
42.43600
47.36315
53.94016
61.72113
68.72974
72.42906
74.76789
76.97871
84.70430
84.75839
87.80323
88.70005
90.60966
98.02034
104.03103
106.61406
108.68885
109.11334
1.75173
8.99513
10.20911
14.99905
19.50481
24.32856
28.04758
33.54133
41.34123
45.53352
50.35612
56.31406
60.87067
61.85346
66.70782
71.28664
74.84060
78.88711
81.33606
85.25612
87.45914
90.22386
93.34745
95.44126
96.64680
99.22264
7.49978
17.41873
23.33276
27.38158
30.29695
32.07690
37.19298
43.29424
45.79717
50.13559
51.72428
53.33307
54.05985
57.45946
62.28802
70.36561
73.62926
78.02715
85.51035
88.29835
90.53758
91.42883
91.48568
93.15210
95.39550
97.18424
5.51633
10.37998
15.63076
20.86574
26.15370
27.96253
30.90157
34.55225
37.83002
38.86076
43.60142
48.60701
50.30550
54.66935
55.97573
62.89458
65.63078
68.37877
68.49757
69.77340
76.77505
80.86455
86.94637
89.88870
93.93563
97.97514
2.62158
6.86715
11.26938
21.41438
23.71532
24.74442
29.46086
35.73588
38.34606
41.66546
46.67843
54.88324
62.43892
66.88253
70.79599
74.50671
79.68573
82.46149
85.33431
93.64114
96.60388
101.14339
103.31229
106.18075
114.29542
117.73392
5.18471
12.25787
19.31413
23.18293
26.56069
30.04720
31.79745
38.36269
40.90054
44.67671
48.95496
53.08534
58.01139
60.81930
66.42525
73.89018
77.80100
81.03680
84.81404
86.37970
89.44657
94.56759
97.09995
100.33886
103.87231
107.78456
3.49005
9.65792
13.64454
19.86216
22.12189
25.50675
28.85939
31.01200
35.26514
35.82773
38.51612
42.95058
51.17092
54.17809
58.92074
64.91245
67.67703
69.25712
73.48990
74.52027
79.46059
84.57050
85.98581
88.91559
95.78543
100.06875
5.54409
12.93520
18.02921
25.31076
27.13695
31.58814
34.83158
38.20203
44.75518
46.52659
51.86445
56.08016
57.65697
58.95641
63.36262
66.77734
70.25673
72.87720
79.00846
80.81961
83.65388
84.66492
89.08994
92.90313
94.15877
96.63033
2.26654
6.97826
12.65717
18.29814
24.34507
31.99702
34.53376
39.94876
42.65068
50.01726
54.67284
56.67264
63.80763
71.02737
72.80483
77.90012
79.29601
85.78824
90.06100
95.35204
103.67600
108.89607
113.49191
119.26977
128.22925
131.25948
3.69345
5.44355
15.00139
17.43819
19.24025
23.42789
26.84015
34.04894
38.16400
41.75972
45.39390
53.75261
58.32613
60.76634
62.20761
66.66968
73.81683
79.11992
84.85270
89.89530
92.82153
96.46822
98.79217
105.00179
109.65677
116.88401
3.62915
6.81678
12.08751
17.12010
19.62973
20.80258
24.52769
27.26188
31.19865
36.93145
44.64452
44.73257
47.44230
52.50285
56.12794
61.46899
67.86040
68.10429
75.12639
79.88629
82.43198
85.55063
90.56755
96.15235
101.87616
102.79423
3.50071
7.11685
8.63012
14.42756
20.31436
28.25380
32.97379
36.80076
39.72175
42.61808
48.28624
53.17539
55.47948
59.48265
61.55934
65.05809
66.90923
71.87609
76.05758
78.66385
86.27330
90.31182
92.01554
93.68760
93.69454
96.54627
8.37735
14.89109
16.92227
18.49920
22.74172
26.87546
30.53671
36.11526
40.24438
44.32095
45.68802
46.91568
49.82558
54.17765
60.65199
63.82402
67.40835
69.59406
76.32450
81.59162
82.98949
88.40591
89.98138
94.05174
98.00005
103.66401
4.29856
6.09287
10.80682
14.72692
15.94252
18.83786
21.72509
22.77480
25.99662
28.10512
33.04692
36.82938
38.40315
44.24069
53.31385
58.09623
62.59845
64.38251
67.20791
70.23299
72.94815
82.41057
83.35885
84.34848
88.72059
93.03634
7.14769
13.14046
15.55763
18.95387
21.66957
26.65816
40.62093
46.90872
48.08429
50.61948
55.22636
58.45429
62.32199
67.97428
73.04928
73.21099
76.02784
81.12870
85.56329
89.39645
92.67265
97.33637
100.04366
101.61143
103.91940
109.56505
7.44121
10.70927
13.23809
21.56747
23.24774
28.15817
30.67064
33.16131
35.21339
37.27249
41.50373
43.67421
45.13399
51.67225
54.60756
64.02151
64.95315
66.81874
70.64674
72.38430
75.06492
78.90649
85.93390
88.44444
89.10238
93.73971
3.33421
6.82708
11.43534
11.81036
17.44590
20.68991
24.76985
28.43449
30.93690
34.63164
42.18819
46.31439
49.89390
51.70239
54.36892
59.27152
62.38656
65.99587
73.11252
77.81896
79.11722
79.68540
85.45015
86.78364
89.26228
89.60945
2.79656
9.84521
11.38733
14.50239
15.26687
20.18450
22.04248
24.66011
26.83816
28.89018
33.53580
37.29867
38.10749
46.51751
49.97254
55.15422
59.02127
60.59254
64.22863
66.09671
72.66877
76.89372
80.17134
82.92037
87.85588
90.03130
2.82183
12.17724
14.03576
15.68639
18.49169
22.19066
27.89060
31.20534
40.33060
43.61157
46.10429
51.35344
52.17301
56.38636
60.30943
65.57479
67.88204
68.13730
68.33384
71.87993
76.61924
79.36994
84.95395
89.60939
95.23638
95.23700
7.01461
12.61549
15.34896
19.06102
22.97985
25.51044
27.60454
29.75582
36.79599
41.04541
48.17319
58.21686
65.95056
69.43744
74.46385
80.94689
84.99545
90.68940
90.71774
93.87214
98.00488
101.95020
107.79866
113.16443
114.41247
114.53352
5.22280
9.85786
13.29289
19.22849
22.87467
25.02616
26.75567
27.01560
27.57805
30.00696
37.86721
41.75169
45.76922
53.70437
56.89145
58.10093
58.42600
62.01046
67.16839
69.98245
76.75631
85.09800
85.17897
89.96470
94.07730
95.96929
5.48983
10.10226
14.81541
18.22665
21.68482
26.41080
31.33770
40.16451
47.33371
54.18229
58.64928
64.16461
69.99822
74.82167
79.38298
82.21366
87.31776
92.73392
94.61604
97.49276
100.21829
101.10314
105.36415
109.16851
112.84414
113.92312
3.00962
7.34868
10.34627
14.54058
18.89673
21.27096
29.34559
37.87135
48.67739
52.42041
55.37014
61.57917
65.11026
68.24866
70.20397
79.60387
82.73519
84.10790
87.06121
92.66868
98.20601
100.43012
103.76988
106.24573
108.85279
118.37078
3.31062
7.49761
12.21041
16.58772
23.71206
26.82352
29.81098
34.02927
38.27763
39.98390
42.86445
51.34622
53.09413
58.30365
60.62976
67.23023
70.82520
74.02919
78.74113
83.16432
84.81041
87.05564
90.08525
98.62746
101.15722
104.04184
4.07150
12.48646
13.60191
17.40398
22.76988
25.86867
26.27934
28.26216
29.31871
31.57473
36.39932
39.64922
39.48050
40.96572
46.34822
54.46544
61.78382
64.45893
66.57875
71.83362
76.01274
81.17063
85.74084
89.85339
91.86801
96.46025
7.08066
9.48917
15.39880
17.87131
23.43829
35.60288
37.40943
44.79669
45.70121
50.28658
53.25054
55.64361
58.50702
65.26169
68.07641
74.88553
77.47331
83.16414
84.77763
87.68374
90.65383
94.55637
97.86241
102.71705
105.59841
106.84165
5.27211
9.46965
13.24518
19.25342
22.10625
27.57938
31.53126
37.04298
40.76497
42.06632
48.18415
54.46606
55.42178
58.74433
62.63446
66.37624
73.67352
76.52040
77.57538
80.23172
81.63616
88.51496
94.36084
94.91242
96.29722
103.13665
1.62311
3.56099
5.32531
8.65442
14.17611
16.30433
20.68847
25.20589
28.49563
31.16297
36.06158
41.08712
45.03733
52.92762
59.59103
66.92495
74.80988
78.36338
82.12075
85.09898
86.05535
87.57860
94.33886
96.36894
101.75948
107.69762
3.69388
9.33115
19.72741
23.78397
30.11670
31.57506
34.88198
38.21199
41.70157
43.98473
49.70180
56.50613
59.81598
63.05401
67.12011
69.64144
75.57511
81.39636
82.31934
83.80517
88.61563
95.35968
97.42404
104.60336
108.53181
113.87730
4.05862
8.34461
13.88463
17.47027
18.39132
21.98443
24.09015
30.38075
32.10261
40.18917
42.92567
45.16610
47.29730
48.00288
52.47281
54.82421
58.12334
59.82797
64.17564
68.28150
70.79448
77.98764
84.10252
89.28653
91.55516
96.55343
2.13927
4.89848
12.48506
15.08954
21.55402
25.16426
29.60686
30.71485
33.59014
36.06385
44.05640
52.21235
53.56697
55.13119
58.40017
62.63171
65.65259
68.24054
70.13477
73.21094
76.09940
83.48660
84.19835
86.85021
89.61395
96.14499
3.30239
6.94921
10.76812
15.37054
18.83231
20.60544
22.78207
26.32109
27.39332
30.90416
37.00083
41.07753
45.76127
49.30277
53.95273
55.86181
63.30167
67.07719
69.18878
70.61670
71.68572
74.34221
77.04309
80.73010
85.66500
91.54884
2.04781
4.60037
7.29164
10.23683
18.49703
19.59035
20.65184
21.70326
25.31745
29.67685
34.42730
37.21365
39.67904
49.56437
53.17985
57.21977
58.05863
58.81974
65.21768
66.33453
67.77877
72.24349
73.74932
77.64055
86.35240
92.24998
5.05512
13.17050
15.89519
18.61187
21.48248
28.51001
32.61420
36.05864
39.88670
43.86988
48.67498
52.61122
58.90106
60.21094
68.00122
70.77903
74.18450
76.96190
86.34860
89.17797
94.72083
100.63991
102.04548
107.24669
111.37579
112.08928
5.93703
12.79131
15.51083
18.75057
19.84717
24.69762
26.09364
28.71754
31.11236
38.28461
42.93320
44.24510
46.26050
50.38790
52.06269
56.82785
62.97064
65.37173
73.51756
77.02225
79.03227
82.22133
82.69036
89.89770
91.80681
93.83047
1.42716
4.04497
8.48020
9.89933
12.77359
17.77599
24.17462
25.09788
29.23475
33.35206
38.52891
42.07816
47.84213
50.30912
52.35304
55.40198
58.75474
59.50496
64.72346
70.47576
75.15812
77.52380
80.95669
84.10642
85.30766
88.96688
4.20129
9.40319
13.16280
15.44557
19.89500
24.24651
28.93397
31.48907
34.08977
37.26073
40.97557
46.24397
52.10532
56.35977
65.75342
66.52320
67.95629
79.28879
86.23320
87.07365
89.84027
94.51829
97.17139
98.99341
101.18773
100.93225
1.96589
8.08885
16.42582
20.96790
25.50953
30.41408
33.71216
35.31967
38.58477
41.76656
48.15939
56.13940
61.36571
64.64464
64.95565
71.71355
77.81949
79.82767
83.72074
89.52012
91.22629
94.05033
96.14581
98.49759
100.77544
102.51062
3.67766
9.33835
10.98573
16.89688
22.46110
29.92561
33.33083
36.31833
37.97087
41.36558
45.20852
45.68630
48.25469
53.55336
56.36557
60.08558
64.24616
69.84156
74.17463
79.03067
82.11869
85.05942
88.41333
90.67952
93.12257
95.29485
3.92562
7.87977
14.38018
17.67956
19.34525
26.26372
28.03395
29.87611
32.60619
38.76117
44.43017
47.90030
51.47043
54.64618
57.27113
60.14227
67.45950
73.79759
75.54910
79.91827
83.74086
88.39208
91.06969
92.32952
98.13761
101.58541
4.68996
8.42826
15.38888
19.52177
31.21909
36.75356
40.52453
44.45715
51.52466
56.63182
62.92121
64.42999
64.36870
66.76937
69.81623
75.85112
78.90063
84.37950
86.01888
92.36886
93.50764
94.28637
98.72774
99.28686
100.82228
106.72006
6.99243
13.09020
18.42093
22.14770
28.17042
31.11953
33.31158
43.01135
49.87085
53.32205
55.12121
60.41630
61.96134
65.87581
70.54199
71.15517
72.33818
77.89478
81.21025
83.52112
85.34804
86.94605
89.86543
93.81203
104.55445
110.52701
2.47709
8.71961
14.56412
20.05048
27.56249
29.37935
33.23001
36.77348
44.47241
46.90977
48.81416
52.94835
57.62178
60.30871
63.31477
65.42042
66.12475
69.72906
71.85141
75.96375
79.87096
80.90399
83.91176
88.19615
88.28067
92.27986
6.59566
7.82292
13.03165
17.30109
22.01035
23.56502
31.05006
36.19660
41.28342
42.06776
45.22532
48.27398
50.75897
53.64281
58.82384
66.83455
70.22903
77.69496
80.25050
86.14622
89.20112
92.56023
95.33255
98.48083
100.14921
102.48421
5.59740
7.42010
10.17546
19.06743
22.17666
32.84498
41.14311
46.11810
49.30052
53.00557
57.97641
61.51272
71.25478
76.71118
77.18891
79.24100
82.76271
86.99689
88.02187
90.10926
91.10018
96.23419
98.78639
102.62341
103.63988
105.43462
4.82681
8.70491
12.13952
18.72393
26.50374
34.91579
38.30639
45.70140
49.74679
55.88151
60.20489
65.95354
70.46593
75.16882
75.92680
85.60680
86.12670
88.88870
96.96084
98.77512
100.21158
102.07662
102.38672
103.77709
105.25374
109.01769
4.79509
9.52526
12.44586
16.29576
18.81338
24.32939
32.72582
37.95383
41.61221
48.48956
52.29395
54.41240
56.07923
62.09906
66.68055
68.24940
70.11124
73.92043
77.39870
81.91884
83.82683
85.50573
86.62623
90.51972
92.24598
95.28990
2.41873
6.61161
10.62453
11.21465
15.52804
21.45397
27.63500
30.29167
38.11015
45.20464
49.19662
51.41027
54.37994
59.78354
63.49717
66.23386
75.22891
80.92336
85.62101
92.68032
92.88580
97.10922
99.97692
102.22650
102.52440
106.53374
7.77205
10.88387
16.59674
22.20829
27.33475
31.10649
33.14484
37.92269
43.92067
51.21227
54.94835
59.18987
67.29999
70.62928
73.51793
76.56660
80.05103
86.39552
87.99252
94.54141
98.43171
101.47668
107.79954
111.05261
112.00227
116.86670
3.06742
6.32223
9.75911
12.97146
17.11254
28.70781
31.54780
36.90029
41.74927
43.29697
51.29857
54.73822
59.35130
60.22732
58.85414
61.54945
63.93193
67.97593
73.33740
82.97867
89.08104
94.40908
97.84768
99.73880
102.80848
107.04356
3.38110
6.31565
9.83517
12.67740
14.84126
17.24634
19.80421
21.89240
25.59682
32.48628
37.31599
39.32491
42.75790
47.02293
51.90225
56.23333
59.97691
66.38637
68.77534
71.70596
75.91342
79.90898
81.26735
85.33635
88.32076
92.40729
5.26120
8.88834
15.70191
17.09870
23.05996
26.77394
31.77241
36.97219
41.81032
49.80921
52.97043
63.20369
64.51128
65.77522
69.51194
72.61754
76.61684
77.98841
81.03129
85.93152
88.08390
89.44868
93.40484
96.29833
99.55947
106.10212
5.06985
8.29398
11.77774
16.84766
20.20821
26.47074
30.05126
34.40977
37.32872
38.15231
41.34737
45.74066
51.83554
54.21678
55.39221
57.82836
62.17835
69.22951
73.51755
76.69463
79.60862
82.87752
85.52083
90.84145
92.07452
95.21354
5.71480
6.89903
10.00171
15.16530
17.10241
19.58991
20.69852
27.52136
32.05728
33.04158
34.78001
35.70415
41.78488
45.05417
48.74830
51.53828
57.47587
61.98102
67.11395
69.42424
72.87813
77.20704
79.23521
82.42297
86.88037
91.93677
2.17290
3.29983
5.86169
11.10786
14.18327
16.39023
19.71050
25.51515
30.96463
35.99343
38.53623
40.75189
44.76769
48.86078
49.65807
51.76602
54.42263
57.01193
61.92916
65.48153
70.96454
77.12712
79.05610
81.30695
86.94405
90.04934
7.05829
10.59669
13.56343
18.67301
20.89910
24.32147
26.22846
31.97439
35.16214
38.01957
40.46473
43.53209
47.12965
52.11246
58.02821
59.73073
62.44352
63.49589
69.14196
74.00510
78.31813
81.88541
86.50675
91.38217
95.59071
100.29944
2.61975
4.00413
8.33936
12.95966
16.46453
18.61724
25.85131
27.27838
32.42534
37.71443
41.34567
48.03576
49.62730
52.82671
56.11052
58.73838
62.49588
63.47861
69.49719
72.04857
76.81253
79.25762
83.42212
89.37930
94.59977
99.00842
4.99864
8.21264
12.53349
17.70723
20.05224
23.03274
25.83761
31.02082
35.23160
40.10765
51.69771
57.48905
58.79422
65.17659
68.35930
72.32042
74.04513
79.28864
84.93777
86.40836
91.24540
91.96448
92.92242
103.48494
104.82259
110.26626
4.90525
9.52473
14.57665
18.34232
21.74027
24.84963
27.72891
32.47391
38.98348
43.08718
47.90479
49.06568
50.28609
57.03312
64.11930
67.62312
74.59271
75.41184
78.05197
79.07821
82.44964
83.11707
90.89169
94.85711
95.72133
97.36333
4.25303
9.74123
18.54240
25.26857
31.26094
35.70886
38.78716
43.11218
47.28142
53.81147
56.19346
59.44009
65.37275
68.45783
75.99493
78.46086
85.09930
90.73913
94.38092
95.69026
102.34377
109.98198
110.75164
114.42062
120.03991
123.80685
3.41329
8.22524
11.71129
13.98945
21.48322
26.16769
32.50695
35.88386
43.66497
47.57237
53.71000
57.77679
59.67167
64.65401
66.61779
68.51584
71.59413
75.65290
76.30164
77.50577
83.23736
84.93749
86.75102
90.60231
92.16672
93.65094
6.45611
9.27188
18.62499
21.71306
25.59451
28.52010
29.44819
34.69444
35.98308
43.24209
43.71140
50.76389
55.70484
57.62040
61.00193
65.57178
68.64997
72.16924
77.80828
80.93940
82.48868
84.93688
88.81766
92.78906
97.51460
100.08833
4.03997
9.07106
10.66251
18.06294
23.52895
25.55864
29.68453
33.65172
36.10670
43.97052
48.66615
53.40661
60.11811
63.05632
67.19736
69.44674
72.66774
74.49448
78.33345
79.81108
82.28838
86.17548
87.84177
88.52780
93.01129
94.30021
5.61427
8.18612
13.77450
17.01863
22.77635
25.14607
25.25466
28.43093
32.88662
35.54807
37.27318
41.00480
47.21766
48.12498
48.44735
52.12648
57.47904
60.58733
63.91453
66.66275
69.64045
74.22912
79.39233
80.72713
87.96794
90.06118
8.85782
15.87084
19.71057
25.26925
29.77408
32.35018
35.77944
36.84187
43.64170
46.11035
51.65927
56.59579
58.22551
61.64055
65.84875
65.89103
67.35776
75.62869
77.65760
83.96223
88.22707
90.69402
92.57373
95.64249
99.18780
101.90055
0.64315
7.20464
8.68366
11.50824
14.49731
22.44981
25.34449
28.02510
29.51495
34.49169
39.72258
45.38699
48.14941
49.39846
51.88737
53.93383
57.65723
59.61866
61.49360
62.94157
65.30265
67.62906
69.98988
73.68051
78.57755
81.77648
2.01562
4.57593
5.53842
9.17977
13.25433
16.74977
21.94350
27.05851
33.00243
35.76737
41.39674
47.30224
52.48878
55.78917
58.35747
61.98329
68.07152
70.82032
77.94851
76.98497
78.34810
79.71226
81.56848
87.09328
90.31690
92.92968
2.37155
8.47316
12.27876
14.74601
21.79622
25.36585
32.01345
35.15621
40.88068
43.51796
46.98091
53.18086
58.77170
62.37733
68.58377
72.15692
75.96369
79.95928
84.68557
90.12632
97.83023
100.41999
106.33784
109.14249
114.60346
117.37794
1.55493
10.02992
14.66659
19.93018
22.42110
28.50659
29.29960
34.63500
36.63052
38.98991
40.72155
44.45898
48.92080
57.56028
64.75960
67.60496
70.99875
78.21397
78.78126
81.49252
89.79506
93.93308
96.63085
98.08556
103.56847
108.14406
1.61148
5.36187
12.93435
17.32188
22.80151
26.82806
35.30237
40.71753
43.62353
47.67985
50.25268
56.94162
61.54049
68.52979
76.01836
80.80353
84.40472
90.04889
91.63159
96.33281
100.26115
106.07405
112.02565
115.60450
119.30535
122.80733
6.43148
12.82914
16.82918
21.01553
23.83374
25.73991
28.63721
30.71942
36.76252
39.92035
46.29047
49.38893
49.77230
54.91778
59.68863
62.67830
64.60069
66.51139
68.32771
72.89920
79.93762
81.26515
82.41712
88.13262
93.84720
96.12600
