2.24911
5.37858
22.15088
33.46189
38.06342
57.88648
63.56398
77.23299
83.01957
87.70982
91.21993
104.51259
105.04203
6.42879
18.39791
28.94011
40.66083
48.09206
58.32549
63.14742
63.66328
71.04717
76.60482
81.01307
82.26019
114.66902
14.15455
33.00713
39.09405
56.52596
69.08254
75.53257
92.16250
100.29406
103.18792
123.26498
125.28092
126.22827
132.68054
3.52514
12.80211
15.80580
19.60128
22.45298
41.39962
50.31496
53.01245
70.81647
90.05306
99.12004
103.55203
113.05658
1.58397
12.33819
18.89523
29.88943
36.55545
46.79609
61.39461
67.64687
74.60023
79.16649
105.32120
128.32963
135.61948
4.94712
8.01977
18.01926
20.30935
31.07747
36.81955
56.87556
68.75155
73.27510
101.16534
123.19266
138.53087
157.39321
16.97542
21.25135
31.36085
35.17564
40.32426
40.94371
52.09871
64.49055
88.94789
91.21936
100.93526
105.38648
127.77341
3.16521
27.83163
30.35000
48.20155
55.42406
56.42451
75.31643
76.95345
81.60829
82.72903
86.60357
86.98878
103.67004
11.13446
27.65824
48.29603
54.29188
54.40486
57.31162
62.31400
71.78363
75.85179
80.12785
90.53891
99.45203
110.29669
8.40918
33.82586
39.76810
48.95298
52.34871
70.72751
77.22441
88.59483
90.26822
108.82594
124.26071
132.41588
135.89137
6.74644
19.21081
23.97513
33.68456
44.65699
58.24566
82.50780
91.00429
93.87083
106.19826
117.87577
118.60701
122.85541
2.49908
10.63686
18.89512
28.72623
31.70151
47.50155
50.58362
54.33873
71.23303
80.43435
93.09118
104.18580
106.56307
6.12163
6.77396
10.24039
21.63632
27.88362
33.33866
44.27677
44.81653
71.47390
82.21208
87.20439
96.65995
119.06930
13.85075
37.78115
41.59264
50.37985
51.24858
58.52344
79.85250
82.76539
98.75179
110.28231
115.47457
145.54790
159.32041
3.23414
5.04691
14.30545
21.26675
30.31139
40.25206
45.08629
57.31151
68.55508
91.88811
102.90931
110.85944
118.80093
19.70237
29.57481
37.30049
53.70576
78.17860
88.15023
90.43212
94.28582
96.20268
99.92179
111.84121
118.70951
119.65852
23.99180
31.86892
40.50489
55.08119
77.90633
80.83381
94.51970
105.41027
113.84643
117.03958
123.48837
153.27976
160.01226
7.65138
9.02663
10.58017
17.02412
34.58045
39.59002
43.61552
64.79917
75.84165
80.96818
90.75799
93.72246
110.35386
9.54891
16.19584
21.56641
66.02519
80.88148
86.81378
97.66226
102.50786
109.72614
120.68634
140.57384
146.65987
152.84344
10.97550
23.61027
26.97972
33.01120
42.45976
49.10842
58.32384
68.98317
77.15615
83.98107
85.22047
97.39844
110.81475
12.45757
23.05924
33.35912
48.21925
57.81918
61.59675
67.65337
90.14175
92.22637
106.40437
112.55047
115.57825
123.30320
14.32806
35.53326
47.65594
64.86075
68.21079
94.74475
110.76152
120.18623
121.12436
129.57430
138.56083
142.19610
144.77755
10.75979
17.43784
27.99138
28.93784
32.80405
41.98474
51.24941
59.33692
64.79557
65.59127
72.86005
98.46144
105.51871
6.67239
17.39325
24.74442
42.70370
52.50122
58.09136
65.00789
78.59012
92.45722
94.40425
101.28476
105.38915
110.05088
8.39118
13.05795
17.56750
17.99784
26.81476
33.29141
63.40472
69.05121
76.68536
93.75438
105.77462
115.59351
126.61258
25.11147
26.51446
32.00591
48.26377
57.96666
84.97193
101.40353
102.97648
106.81553
109.64396
119.85028
129.23155
136.96008
18.65071
22.83466
34.65669
42.03554
45.29234
48.17406
60.60364
63.28060
72.88037
79.06360
83.54597
93.58379
106.98078
12.57641
24.46930
25.61643
35.66424
50.51865
57.14693
86.99073
91.20199
104.71533
111.39706
123.57138
129.14041
132.92339
1.55603
4.73869
10.81452
15.46722
23.18948
35.93944
43.23693
64.64641
68.71465
83.43509
110.28906
121.10574
137.76986
3.75911
8.45345
27.78458
32.89832
52.09448
54.10976
58.72943
62.71730
63.29426
75.58279
97.07617
98.82805
102.77004
16.20880
19.97512
46.75635
62.31723
74.14207
83.59872
87.76398
91.10790
113.69622
115.77367
127.97393
144.75534
155.81395
11.27335
12.63759
29.75127
40.53635
57.07865
68.79059
86.21177
90.51430
93.20504
105.94548
129.44102
141.55644
149.91928
4.62211
16.19442
23.61391
38.92325
45.19037
45.63823
47.93645
56.59516
63.30538
66.09196
69.74682
80.79909
100.23277
2.14047
8.61147
13.21536
20.43473
28.22828
34.07024
44.69047
50.59912
59.98884
68.44942
74.69868
80.77392
87.51293
3.27353
14.08894
15.78395
27.07145
28.29578
41.19094
52.53648
60.93408
62.74564
69.02203
77.76323
81.03836
98.16679
12.06905
17.90684
24.34215
36.48666
46.23988
57.71369
76.34481
93.25701
93.26197
106.74564
115.44595
123.41825
143.61438
2.08173
19.48809
23.40108
33.76716
47.03060
58.90114
66.34222
80.25583
80.26436
92.28255
100.69698
103.07080
105.85013
9.25659
14.40244
17.37671
19.87328
31.40646
42.48904
53.48676
60.21744
65.09550
74.80194
80.09217
100.11721
100.88451
1.01409
4.81211
18.41792
25.49116
28.31101
37.55730
42.31222
47.86352
55.74804
77.23019
89.33402
98.23195
106.53386
25.75716
31.07694
41.13759
43.12702
44.79241
55.37302
57.94166
66.84864
68.50799
76.84524
83.21289
91.21178
115.05018
14.53172
23.56879
28.81248
42.10711
54.96812
56.14229
67.60443
71.81654
83.19605
92.34444
98.48150
102.11454
104.81695
17.29246
21.92371
33.61622
54.14591
54.67667
59.88932
89.72819
103.59666
115.02936
118.62787
123.85974
149.93101
153.39462
1.00373
3.37731
9.62404
12.52216
19.91086
21.77698
43.72562
64.30916
69.25994
73.23348
82.88206
100.48836
104.63265
8.51987
14.46270
20.25135
21.31442
32.06692
58.54900
73.46227
77.59470
79.45330
83.65215
89.92543
118.11517
126.87746
0.55274
11.68082
13.42888
22.50494
23.12903
31.52523
45.36130
49.53986
61.14032
74.21325
80.56759
86.58934
107.01155
4.09568
11.28740
12.09599
21.52725
42.63087
54.27195
57.21807
68.58775
72.82351
87.66506
116.60857
144.05698
144.86834
4.21583
8.09509
10.96530
17.83378
24.07874
41.77874
62.41171
64.27856
75.56287
77.59303
86.97106
93.12033
96.46983
5.16462
12.90149
18.36711
30.64024
42.54711
48.69397
63.12042
70.61544
88.47720
93.79714
95.42661
105.82631
115.68347
3.07219
8.09705
13.63096
19.60913
21.15875
30.09939
32.85605
34.85497
39.92110
43.22063
55.74413
80.98468
83.61713
7.16823
8.16819
22.11928
31.48851
35.06851
41.37794
44.75334
51.39185
65.33305
68.36586
74.78902
77.38765
92.41768
5.28449
13.38714
19.79025
23.01462
25.71893
32.65141
33.88003
40.07793
49.90595
50.27109
53.95072
72.24504
81.48613
6.54457
31.50566
54.22950
64.06739
89.26768
96.40342
99.77535
115.28965
115.88546
119.27920
120.02640
126.14533
130.80089
16.46143
26.92338
35.28485
49.37564
61.26157
65.88505
91.66893
99.97987
102.43993
110.11438
111.90516
115.62901
128.70514
4.11115
13.36412
14.66603
29.35376
44.93700
57.65819
59.69795
70.81317
83.36581
90.62952
103.72380
107.00837
107.77891
15.80234
24.99053
27.69988
35.30959
63.77318
67.73870
70.54368
85.96670
92.28055
109.05091
114.14039
132.23459
140.90554
2.83138
13.10701
24.50716
26.49009
40.56999
48.11634
50.05711
53.95286
57.26252
90.22905
116.29796
120.92190
130.34735
8.88695
13.74431
22.58281
43.16242
48.03551
52.39810
65.43934
67.70194
70.93749
89.39025
99.94183
107.75827
122.29020
7.48727
11.07906
25.95724
34.28053
48.63862
57.17821
57.57207
65.41145
83.89370
97.64284
107.47397
140.80669
161.15739
3.49745
13.72295
21.32435
24.76251
25.53532
30.55018
44.13251
53.64405
57.98577
63.19425
69.81165
77.06747
81.60668
10.44861
18.75723
21.84519
26.81708
46.30322
52.96642
69.75124
73.68570
79.45950
82.44299
92.69958
107.74463
122.28241
14.16863
22.51148
44.11058
54.46238
67.40437
85.48308
111.63537
124.77736
133.86639
134.25999
138.51584
139.16077
148.79899
10.82451
13.95808
21.44333
26.75585
32.61484
43.42677
47.52093
54.86668
62.35435
67.85604
75.76827
79.27217
84.00550
15.99885
19.81975
31.71223
34.47232
44.15682
59.65347
77.38690
85.17055
88.68792
103.84064
117.04330
118.21209
126.62377
24.09759
26.27402
36.98069
64.79518
78.91514
81.73552
91.15053
97.97402
105.29092
115.38790
117.98080
124.39348
132.07941
14.47744
30.95614
54.97700
67.87204
76.29242
93.70452
96.51111
109.94536
116.52185
119.64186
125.34554
129.77241
135.20905
2.34966
5.95055
25.93151
33.82978
60.25915
69.35505
74.70720
79.09486
91.63015
107.22007
111.04984
114.68382
124.70414
28.84064
51.08428
54.17089
59.14717
61.72042
72.45034
78.88036
83.91720
87.22708
90.22872
117.66230
133.66902
136.13169
9.02639
16.03369
17.09753
23.25205
51.27897
55.81433
68.48066
71.04579
93.80590
97.19632
103.01140
111.21103
117.10733
10.99901
28.11804
30.22705
38.18301
43.11125
55.42359
61.30040
66.02007
74.88127
75.33123
84.15819
89.19852
91.61446
3.30032
10.58657
40.54288
49.83660
52.85052
59.15872
80.62440
83.60705
98.02983
100.53002
104.96563
125.25919
129.33556
6.06670
16.79457
27.10523
43.78975
52.90488
66.17318
79.34651
93.35773
104.90648
114.95910
126.71720
135.07813
142.29274
10.88936
18.64953
23.49745
29.76466
40.10378
46.91993
58.13704
68.03731
77.66421
112.14189
120.28181
123.55473
124.77121
20.38364
24.05772
28.00908
30.36056
43.58291
44.67941
47.26518
67.83661
73.24013
75.12197
80.56422
88.89912
93.86078
14.18220
15.05122
32.97507
35.98004
46.16901
48.06056
77.68832
90.59410
92.27833
101.55380
108.76114
112.25219
126.76637
13.96783
29.17854
39.14788
41.72667
53.37873
60.37046
65.32842
99.85311
121.10699
126.39657
128.16418
141.23637
142.65200
1.59035
1.72968
15.86166
31.76515
33.94004
42.82192
47.09588
55.42776
67.24836
68.97636
78.49008
79.51680
82.86897
6.51237
18.22420
29.38228
32.97290
54.65599
69.53761
72.85237
87.89207
90.28902
92.33062
99.80733
107.37534
110.49094
14.97862
23.07385
30.20073
40.17359
49.34702
58.71249
72.06854
78.35241
89.42809
104.63889
115.23774
115.57130
130.03445
6.67345
8.50210
26.89536
37.39094
45.98236
67.20460
75.27618
95.99225
102.20974
114.44787
122.71075
135.81573
142.17008
4.50336
5.58118
9.11808
15.44042
20.49007
29.02724
34.00234
34.73150
45.75832
56.05354
72.28477
80.34200
92.91216
6.56735
12.32699
20.98944
24.40153
42.57135
47.69099
51.97189
60.72500
71.00947
75.51042
75.91807
88.90516
97.53958
1.91368
13.72204
34.38762
43.26355
45.99565
47.47339
62.90445
73.13458
77.11878
85.13366
91.10297
102.32697
107.12762
0.76207
9.18541
15.28388
24.10780
28.65178
47.94233
49.40594
55.95723
73.25177
84.77552
90.60238
93.53499
97.46015
6.45019
10.33300
12.93780
20.60599
24.52116
52.02486
58.01646
60.79792
65.41774
72.93014
100.52355
130.03857
135.47073
7.61017
31.71312
39.94575
57.03361
61.43831
64.24277
81.56095
82.32515
93.00272
102.80053
106.81223
115.60707
136.26793
2.65414
10.29532
37.70408
53.79804
66.86956
75.10087
80.61677
90.66881
97.53924
102.65424
121.03815
125.77696
144.50024
3.65598
17.55892
20.36984
27.39678
27.87946
49.32452
58.56753
63.36767
68.40548
75.72927
79.82609
101.16282
109.54080
2.32423
11.36218
28.43519
46.02313
53.98129
61.44063
70.13976
77.43135
81.44482
90.40859
106.61024
111.03081
120.48730
1.52616
21.70175
24.96316
43.85149
48.22911
60.66684
77.19859
81.79042
87.77075
94.85188
100.50007
107.42195
121.21818
3.03098
17.87423
23.48519
28.82723
33.17689
38.62228
45.75507
63.98176
89.65739
91.21589
107.69895
117.76143
136.73978
4.25256
20.26966
29.09818
35.31587
38.07247
44.84542
51.92569
53.40706
57.30932
57.56512
58.67055
68.30643
69.36879
30.84641
33.01865
42.53072
67.98328
72.79999
75.98607
93.67275
106.39041
118.90465
126.37641
132.32878
133.70032
141.34641
5.56397
10.23433
22.35645
34.87096
38.36177
49.96732
60.64987
67.15040
93.60828
116.32717
136.10634
153.12636
170.12745
10.54093
30.02712
34.05535
36.13596
41.35786
71.82046
77.92837
87.52988
99.78965
116.62207
130.58076
138.85731
146.27257
2.94164
5.17837
13.91034
24.92066
34.37693
53.99089
71.09244
89.53899
100.31543
104.39762
129.49553
136.84330
141.97091
1.70979
4.77091
12.05532
14.46690
16.68374
26.67119
40.46966
63.17414
77.39809
87.52090
93.90626
96.49429
107.18519
11.21550
20.79672
40.70868
53.22649
56.07437
62.94506
76.65497
78.68624
84.23508
112.71076
120.59939
125.03894
130.03368
26.13115
27.35717
32.55383
36.95224
42.15028
58.16998
63.77962
77.42407
87.66096
98.66786
105.30991
123.33722
131.87401
6.83391
14.97530
19.73537
27.62626
37.76534
40.28410
59.50903
68.23728
86.91577
87.36115
94.65660
104.23064
124.80828
4.08054
19.89728
32.96097
48.39095
52.38786
64.73492
70.04358
84.92431
85.68771
88.80933
91.83524
95.44040
102.62352
