0.07513
0.93946
2.42984
2.61034
2.62341
2.82703
2.93172
3.08473
3.55275
0.34180
1.71603
2.10049
2.37039
2.84986
3.69387
5.77232
6.20051
7.17448
0.51337
0.98270
1.62922
2.67920
3.32453
4.09337
4.97151
5.47608
5.57261
0.00262
0.05612
1.56616
1.78771
2.11656
2.36073
2.87614
3.02970
3.66424
0.16455
0.30431
0.99947
1.34295
1.46939
1.79757
1.83984
2.37101
2.65498
0.02614
0.74708
0.93793
2.42040
3.31795
3.33612
3.35941
3.94218
4.90308
0.00192
0.13936
0.56400
0.90876
0.92362
1.20979
1.21111
1.86829
2.23128
0.50992
0.57705
0.70029
0.76957
1.09537
1.79510
1.79968
1.99790
2.27693
0.50696
1.30605
1.68065
2.58032
2.86620
3.86216
3.98774
4.01299
4.43459
0.17001
0.17005
1.46141
1.76965
1.81254
1.86267
2.59989
2.92826
3.00485
1.55487
1.80485
2.57475
3.51863
3.69224
3.94254
4.62935
5.07273
5.16058
0.13287
0.13382
0.21555
1.19082
1.54019
1.93598
2.29245
2.51174
3.22708
0.13505
1.13895
1.20346
1.69001
1.72934
2.49306
2.69670
3.41961
3.52840
0.09046
0.09058
0.74819
1.14885
2.75773
3.30925
3.39197
3.98772
4.24644
0.73965
1.30815
2.92862
3.20140
3.69857
5.48900
5.55527
5.82422
6.13212
0.21250
0.26243
0.44966
0.50716
0.52707
0.53100
1.02408
1.38882
1.80932
0.19877
0.53882
2.26679
3.26093
3.40208
3.86272
3.91375
4.29916
4.47080
0.02226
0.08984
0.80965
0.93966
1.36941
1.51325
1.64963
1.96857
2.41936
0.32259
0.63431
0.66466
1.07332
1.20578
1.33706
1.33957
1.34952
1.37771
0.62623
0.65979
0.70128
0.85888
2.18582
2.36499
3.52653
5.09861
5.51716
0.29943
0.30295
0.40488
0.76916
1.07292
1.47426
1.49386
1.57064
3.05399
0.13248
0.33177
0.46413
0.90343
1.06250
1.17306
1.48916
1.49920
2.06821
0.00036
1.68300
1.83304
2.00987
2.01333
2.63904
2.87492
3.58994
3.74263
0.11501
0.49626
0.67736
0.92366
1.20126
1.25281
1.62119
1.71911
1.90911
0.18385
0.19018
0.44411
0.51210
1.40551
2.43593
3.14498
3.24679
3.25375
0.32583
0.37536
1.97332
2.59497
3.60465
4.22803
4.84566
6.24809
6.53301
0.02517
0.33665
0.39647
1.18438
1.70385
1.97654
2.71780
3.16323
3.35615
0.00031
0.99671
1.00732
1.59210
2.41811
2.83537
3.35647
4.54103
4.97609
0.02541
0.80456
0.85101
1.00737
1.48649
1.76564
1.89910
2.31072
3.21097
0.26474
0.27518
0.38744
1.05936
1.38070
1.75562
2.28964
3.08385
3.89421
0.67928
0.73897
0.96233
1.21487
1.32045
1.62997
1.65719
1.69508
1.93297
0.08602
0.08798
0.11932
0.20651
0.51174
0.82857
2.74498
2.87942
2.89105
1.22774
1.24505
1.53202
1.60790
1.62953
2.57618
3.38922
3.64417
4.21651
0.25710
0.36085
0.53156
0.83892
1.20059
1.96810
2.06132
2.31699
2.95166
1.03179
1.20511
2.61550
3.35129
3.74372
4.38574
4.38574
5.48999
6.04056
0.86193
1.17027
2.85966
3.25339
3.31441
3.43163
3.44811
3.64988
4.83597
0.38507
0.53372
0.72528
0.77153
1.07875
1.98722
2.96424
3.35917
3.52173
0.67868
1.21147
1.51300
1.85848
1.89070
1.94701
2.08579
2.10112
2.12996
0.01380
0.30975
0.52663
0.53787
1.81680
2.55621
2.65929
3.38291
3.55265
0.35129
0.68901
0.87475
0.94425
1.00340
1.54579
1.56413
2.22610
3.98282
0.06673
0.31224
0.76613
1.13182
1.26799
2.00580
2.55069
2.75233
3.98066
0.07633
0.56073
0.59181
0.68834
1.63410
1.81365
2.16401
2.34353
3.44769
0.58415
1.02112
1.20444
1.22969
1.50711
1.76770
2.07100
2.98645
3.19711
1.16979
1.49747
2.08277
2.08578
2.51874
3.20815
4.26745
4.26921
4.72579
0.81091
1.08922
1.19693
1.22796
1.23320
1.42219
1.62009
2.67415
3.47501
0.00162
0.56876
0.66487
0.67559
0.81974
1.90403
2.00406
3.28113
3.78109
0.43598
0.71949
0.82394
0.96687
0.98879
1.11303
1.21974
1.26427
1.39564
0.15845
1.13355
1.43095
1.90256
2.30887
2.39907
2.67542
3.43405
4.21230
0.08361
0.87329
1.99310
2.27957
2.81948
3.78379
3.95290
4.33006
4.66507
0.36690
0.52820
1.88238
1.91104
2.44854
2.51703
2.60721
3.37296
3.93164
