0.03627
2.04771
2.57101
0.98959
1.06452
1.81754
1.11214
1.50938
3.93015
1.75196
2.36582
2.50826
0.26604
1.51240
1.53226
1.02115
1.65663
2.57792
1.66703
2.22463
2.78102
0.13758
0.44435
0.70536
0.33751
0.98457
1.45238
0.35337
-1.00000
-1.00000
0.36281
2.49328
2.78486
1.09146
1.70985
2.88266
0.54461
1.33834
1.38295
1.53983
3.17724
3.21577
1.42091
1.45767
1.52150
0.79820
1.99754
2.86345
1.07755
1.29076
1.49693
1.07135
1.25350
1.26140
0.06265
1.21578
2.47112
1.31686
1.81214
2.32726
0.11119
0.56164
1.14769
0.68906
0.74132
0.74327
1.14818
1.51012
2.12837
0.15826
1.52368
1.69137
2.13101
3.82924
4.19781
0.41401
0.93241
1.49371
0.07496
0.71551
0.79655
0.30508
1.21391
1.34578
0.48210
0.91470
1.18759
0.68364
0.73713
0.97231
0.00007
0.57193
1.59386
0.71731
0.71732
1.25319
0.23738
1.72335
2.43403
0.34420
0.81457
1.25437
0.03104
0.57696
1.05673
0.05134
0.21680
2.22398
1.05497
1.41169
2.73464
1.62600
2.36634
3.18643
0.81842
1.14462
1.32589
0.54731
0.58352
2.40263
1.38922
1.40768
2.21762
0.39211
0.55999
0.70681
0.40921
0.51981
1.08301
1.01607
2.07996
2.24266
1.74255
2.19276
4.10027
0.86975
1.94422
2.88303
0.00051
0.51849
0.60187
0.54391
0.57988
1.96307
0.01045
0.91156
2.75445
0.22667
0.60924
0.62822
