3.42991
14.18863
31.06705
40.73183
41.52684
53.68096
60.33451
60.44256
60.58665
61.01530
61.08624
1.78009
9.82657
14.89858
21.28239
23.80076
30.20553
31.76800
32.04361
32.06121
32.57350
32.82240
17.98107
35.48027
37.21711
39.02939
43.19626
67.74094
68.53476
68.61932
69.19315
69.25560
69.26083
4.94593
14.29058
32.75668
33.21917
33.99680
40.78014
40.98259
38.66422
-1.00000
-1.00000
-1.00000
3.16434
15.55007
47.61639
48.90362
53.75722
59.59218
60.29952
60.35778
60.52995
58.59832
58.95448
13.35283
25.25728
26.36817
29.70041
29.99390
31.62606
35.70920
36.54915
37.51360
37.83298
37.95421
11.81336
18.62273
23.99592
39.83595
40.58056
52.09668
52.75521
53.43768
53.67054
51.80372
52.00780
3.52895
17.50534
16.89411
24.63485
27.14756
33.64388
35.91323
36.21829
36.68256
36.82512
37.17192
9.68603
23.55703
26.73162
65.46004
68.04644
78.41340
80.90849
81.35310
81.43308
81.64106
81.64597
4.89358
8.75556
11.53491
26.98158
34.73449
32.66476
33.52876
33.90620
34.41977
34.55788
34.79015
7.15939
14.20190
16.34061
23.77759
22.55139
48.38057
50.01503
50.03681
50.74941
51.84292
51.91586
2.31485
9.03476
13.83178
14.06414
31.33381
32.29128
32.62809
32.88874
33.16911
33.45619
33.46463
9.64584
14.66515
18.02572
24.48619
40.04025
42.75818
43.83089
44.26434
44.39035
44.64463
44.64541
9.74618
12.28581
32.08489
34.49766
40.30084
50.75969
55.59945
52.51393
52.59584
52.71236
52.84396
19.25522
23.67034
35.06756
39.66267
47.78110
52.73070
62.22958
62.36547
62.45736
62.77505
61.70688
4.85841
35.92326
36.96563
42.20732
44.73654
57.54471
62.54599
63.09108
63.36748
63.38468
63.54139
7.34316
12.71659
13.20250
14.93289
14.77696
19.09641
36.70970
37.17232
37.44202
37.73479
38.55669
9.29508
9.82057
15.99116
16.25082
17.54991
29.05354
32.53780
33.19863
33.58185
33.75501
33.78562
1.97141
5.01349
9.57415
11.05557
18.74574
23.56413
47.96106
48.13219
48.13663
46.70433
47.12034
14.45173
16.65211
43.42199
48.45826
62.14804
67.71077
67.70713
67.85073
68.11286
68.67441
68.72315
18.92450
24.49496
32.97074
52.28911
55.29534
61.01828
66.48770
66.48868
66.68043
65.51958
65.71101
4.04714
16.90808
22.76505
23.84935
25.80643
25.59361
29.22241
29.38367
29.38803
29.58235
29.71456
2.63578
7.18706
15.98992
23.68739
30.04496
33.14782
51.13267
51.22995
51.82130
51.99178
52.44452
21.36410
26.36289
30.07980
39.60271
39.78246
40.51764
45.01249
45.19610
46.44013
46.66824
46.87381
17.52049
17.69537
41.66140
42.90715
45.31453
52.63449
56.33301
56.59128
56.69026
56.81474
57.28903
6.68187
21.14067
22.64345
35.93137
51.09107
55.89404
62.52570
62.65848
62.84643
61.29937
61.44130
15.72569
19.75035
21.20014
23.62185
39.03318
58.41197
74.53559
74.74760
74.90146
74.97623
74.98845
1.31426
3.42452
4.57678
7.00529
13.73986
15.18250
23.39042
23.42672
23.44085
19.64485
19.72864
7.36003
8.01333
25.05051
44.54305
45.78116
50.43629
53.30971
53.41777
53.81243
53.90925
53.91132
6.06690
8.54161
14.24172
22.35034
30.96950
51.68691
56.19021
56.47054
56.52401
56.55675
56.93812
1.11133
5.16710
5.49348
19.99071
32.33881
41.84880
46.78745
46.78896
47.07996
45.11448
45.96437
0.70588
1.10809
1.94549
39.58945
44.91936
50.71545
51.40639
51.89223
52.25862
52.70661
52.78995
10.28911
23.70548
35.11026
46.05268
50.15056
50.80159
52.25822
52.33942
52.36484
49.89132
50.03299
1.62476
7.31706
21.05057
37.02891
43.92513
63.79494
71.24524
71.09543
71.10896
71.34972
72.00721
7.92086
22.43459
42.69477
46.67612
51.73842
54.96807
63.09042
63.47286
63.98481
64.39727
64.39809
0.81927
1.85325
10.05544
33.17278
52.38979
50.00614
54.17453
54.26277
54.40366
54.44587
54.68459
1.03055
8.41025
12.27501
14.77712
15.41184
21.56433
25.99882
26.21808
26.32314
26.69794
26.98102
1.69174
5.13120
16.34847
19.48193
22.73625
36.60478
38.71797
38.54022
38.90186
39.10431
39.10673
5.33069
10.73801
15.47789
32.39030
35.56843
44.26532
42.39740
40.04038
40.24122
40.42931
40.50492
9.54256
16.76216
24.66580
29.00032
26.87018
29.95378
30.94931
31.39632
31.51134
31.87594
31.96098
10.36214
15.00560
16.73547
19.78450
30.63284
31.16684
42.70535
43.02864
43.42179
43.56760
43.79927
4.91178
13.33641
21.90989
23.29684
27.76592
30.55536
39.29655
39.50863
39.77577
39.87045
40.00043
9.82071
10.91825
25.26917
30.93902
37.42606
58.97370
66.38098
66.47006
66.49588
66.81900
67.25188
3.78311
5.03379
8.87904
15.59177
28.46173
40.45607
46.01342
46.09739
46.59717
46.65504
45.83979
6.48009
8.21501
23.55793
24.45439
39.30136
51.42790
76.08772
76.49294
76.83747
76.84038
76.92833
9.56317
10.03090
16.24267
20.00684
21.70964
33.50531
38.03124
38.09439
38.49371
38.90186
38.93364
4.75475
6.72904
24.77153
25.53742
31.39994
31.49540
33.36766
33.49905
27.19169
27.32701
27.37627
6.80761
14.06705
18.93738
27.50425
29.83325
30.79392
42.77743
43.19598
43.48182
43.65905
44.10646
4.43295
14.51131
15.00341
17.93771
30.26632
31.75917
46.36987
46.68583
46.88802
46.92876
46.98511
14.02514
20.99044
22.60321
40.04291
62.46515
72.77853
82.02109
82.01862
82.17842
82.24157
82.41649
