5.09169
27.22858
27.42970
27.74463
27.76554
27.99508
28.43131
28.55613
7.41650
25.28237
25.45001
26.13230
26.30255
26.41698
26.53532
26.72432
5.87692
13.10918
13.32409
13.81104
14.39204
14.56023
14.72932
14.81318
40.02996
45.38022
45.97851
46.78504
46.95278
47.10126
47.36236
47.46468
5.68964
23.69258
24.29520
25.22515
25.36944
25.68041
26.05795
23.14848
63.23112
67.93105
68.21969
68.38760
68.68080
68.92579
69.50262
69.84223
9.47535
30.79617
31.43338
31.89657
32.23128
32.50938
32.57865
32.58170
26.05835
26.86228
27.12527
27.52069
27.86703
28.31406
28.72473
28.87538
3.21300
5.51503
6.04447
6.13879
6.50549
7.01008
7.43210
8.23512
1.91371
12.04180
12.78547
12.80083
12.87030
12.92630
9.91507
10.06735
1.14982
11.69283
11.90360
12.09754
12.24391
12.54359
12.78484
13.45427
5.05665
14.07339
14.36280
14.41960
14.67474
14.90746
15.93972
15.96799
2.86149
8.51777
8.84092
9.36260
9.58032
10.19925
10.22586
10.38461
2.45447
12.07634
12.32136
12.41444
12.76898
13.42536
13.92563
14.18096
4.62248
10.54666
11.14379
11.20422
11.48660
11.68065
11.68708
12.02208
20.95145
43.71161
44.05491
44.09992
44.85924
45.31957
45.69504
46.23018
3.57403
42.09554
42.46878
43.39423
43.85361
43.99174
43.99811
44.33240
13.52159
34.97580
35.20954
35.41192
35.63698
35.63940
36.20890
37.54979
20.62396
50.33206
50.55465
50.64481
50.97905
50.99294
51.03948
51.21658
4.39250
25.65188
26.18057
26.44051
27.40267
27.46750
27.71141
29.53224
4.37417
28.23884
28.38744
29.25188
29.38231
29.72031
29.82104
30.59109
6.13111
41.54336
41.87603
41.88464
41.88929
42.26652
42.27075
42.36020
13.59563
24.91520
24.91912
25.26521
25.47069
25.54715
25.61680
25.77928
10.53898
13.98893
14.40558
14.48411
15.02986
15.05620
15.92797
16.18368
7.95702
41.24775
41.30545
41.61739
41.88698
42.49037
-1.00000
-1.00000
6.66402
18.96370
19.14358
19.68982
19.74224
19.86146
20.12262
20.34907
8.27031
35.82159
36.33346
36.84131
37.04353
37.36868
37.48198
38.01460
9.50367
11.34098
7.52772
7.89426
8.56054
8.58198
8.98674
9.48346
0.39374
20.36078
20.51838
20.55882
20.73897
20.80320
21.12246
21.20135
4.72829
9.66581
9.72734
10.05018
10.14429
10.27439
10.39933
10.62279
0.87703
3.58156
4.97495
5.60603
5.80612
6.01062
6.33031
6.97510
29.41205
35.60383
35.79774
35.88179
36.27323
36.58924
36.74387
37.12503
13.45714
27.32897
27.33454
27.50835
27.66758
28.45025
28.75879
29.01325
3.16226
21.51876
21.66757
22.09606
20.49690
20.60506
20.77901
20.97544
6.49406
7.18457
7.26502
7.60090
7.60609
8.11638
8.98474
9.33138
1.74383
5.12541
5.89652
6.32957
6.38782
6.71465
7.12657
7.31419
12.51732
26.68783
27.69466
27.87045
28.00870
28.06707
28.34789
28.78017
3.62324
8.31578
8.54955
8.94505
9.23548
9.63351
10.15955
10.16960
9.86627
17.45276
18.13432
18.95740
18.99507
19.76510
19.92597
20.52512
7.84403
32.88261
33.10107
33.51481
33.63314
33.68831
34.00555
34.36767
11.34089
39.84330
39.85838
40.16075
40.27031
40.29500
41.17576
41.76221
29.69389
40.44961
40.60868
40.99828
41.23596
41.20079
41.52565
41.69005
10.99401
24.33211
25.02285
24.96742
25.27215
25.29371
25.44408
26.15269
1.17360
11.60226
11.77929
12.14285
12.50971
12.64727
12.88016
13.30769
20.29691
23.33365
24.05972
24.38721
24.44052
24.44060
24.68634
24.80964
8.71819
23.53056
23.88009
24.57870
24.77124
24.81267
25.34738
25.49506
10.49210
20.46404
20.87264
21.07284
21.41656
22.37097
23.53616
23.58112
20.63622
35.83027
36.00130
36.37973
37.17082
36.50960
36.77833
37.29878
29.11264
34.81343
35.47502
36.49413
36.81511
37.43055
37.43923
38.08423
32.73065
56.74144
57.34477
57.78524
58.63451
59.02036
59.78714
60.15422
