0.31488
0.61070
1.40241
1.46774
1.62095
1.68330
1.80630
2.46123
2.49528
2.76990
2.85393
3.06598
3.25394
3.29685
3.38199
3.84456
4.12893
4.18894
4.55873
4.92288
5.34712
5.88218
6.02198
6.02320
6.42833
6.50097
0.39217
0.63423
0.75412
0.86097
0.99741
1.74276
1.81017
2.23772
2.71017
2.91658
3.14690
3.37056
3.55990
4.02269
4.36381
5.37294
5.64799
6.08238
6.78013
6.84740
7.08213
7.55185
7.98475
8.39467
8.59504
8.88273
0.38538
0.59821
0.76301
1.18285
1.39848
1.54869
2.00771
2.12479
2.27245
2.54269
2.58751
3.01499
3.16356
3.69341
3.92458
4.19911
4.50411
5.26616
5.40672
5.55756
6.19118
6.58185
6.90180
7.24803
7.47547
7.87757
0.29251
0.39042
0.87342
1.32689
1.57581
1.69377
1.99580
2.47862
2.58413
3.01217
3.16008
3.33436
4.04273
4.41180
4.75468
5.26351
5.62648
5.83815
5.85040
6.69172
6.81992
6.94615
7.24956
7.29360
7.56113
7.78287
0.30493
0.75709
0.95368
1.19642
1.37535
1.54152
2.14459
2.93947
3.54165
3.58476
3.83327
4.04313
4.13340
4.45301
4.55691
4.60947
4.80345
5.02851
5.11198
5.21573
5.43095
5.65050
5.85319
5.98394
6.90758
7.06510
0.21079
0.66510
0.84495
1.36103
2.41763
2.63515
2.79919
3.12828
3.33198
3.40519
3.79758
4.02694
4.89273
4.92552
5.26017
6.08373
6.39943
6.68694
6.96425
7.64731
7.65987
7.83911
8.51518
8.73086
8.79318
9.07506
0.45584
0.68071
0.78839
1.07022
1.10077
1.76128
1.76794
1.84715
2.28230
2.82095
3.04579
3.11585
3.12490
3.40643
4.02745
4.67970
5.04588
5.34878
5.57115
5.68465
5.83109
6.19514
6.39970
6.55336
7.01281
7.13959
0.12327
0.36296
0.67223
1.83947
1.97979
2.03987
2.39693
2.85856
2.89686
3.30998
3.36172
3.56727
3.69682
3.89476
4.08564
4.49699
5.13227
5.20801
5.28180
5.79183
5.95028
6.11405
6.28504
6.51228
6.79956
7.05414
0.48004
0.61167
1.21086
1.22642
1.32608
1.67063
1.87832
2.57517
2.85013
3.01881
3.11192
4.18298
4.22385
4.66716
4.78271
5.05963
5.10248
5.22267
5.30998
5.51046
5.55332
5.82345
6.24890
6.49386
6.89081
7.25936
0.33434
0.78339
1.04736
1.13920
1.47323
1.51414
2.12052
2.13854
2.14309
2.18481
2.50715
3.23251
3.42312
3.73961
4.69426
4.70593
4.92342
5.02182
5.15588
5.46756
5.67577
5.73196
5.79564
6.00076
6.30159
6.82146
0.31308
0.44018
0.60312
0.63498
0.77482
0.89234
1.40693
2.00476
2.70588
2.87701
3.10133
3.25018
3.48663
3.86739
-1.00000
-1.00000
-1.00000
-1.00000
-1.00000
-1.00000
-1.00000
-1.00000
-1.00000
-1.00000
-1.00000
-1.00000
0.13246
0.42037
0.58075
1.70300
2.15087
3.20955
3.32457
3.98945
4.38464
4.50377
4.87073
5.14753
5.29330
6.11258
6.52356
6.55890
6.70586
6.70895
6.75747
7.29505
7.48582
8.01038
8.38943
8.48539
8.75657
8.79706
0.06294
0.17814
0.48004
0.61114
0.79350
1.00518
1.19999
1.61357
2.00720
2.29194
2.55711
2.59677
3.38864
3.41385
4.00705
4.29632
4.81256
4.95975
5.11858
5.32186
5.56694
5.72596
5.81788
6.22941
6.58499
6.88247
0.07204
0.44935
0.67051
0.83027
1.50327
2.08005
2.36233
2.60911
2.63515
3.16303
3.86582
5.36155
5.70262
6.37188
6.53244
6.76150
7.38646
7.59650
7.77984
8.38507
8.76129
8.85213
9.20307
9.40507
9.73171
9.99579
0.39714
0.72322
0.96000
1.10888
1.56313
1.74038
1.97630
2.07828
2.12237
2.14131
2.37802
2.67902
2.92182
3.06098
3.15386
3.48990
3.75093
4.53814
4.88564
4.93913
5.04921
5.40934
5.65812
5.96186
6.33734
6.65453
0.19002
0.29407
0.61574
0.89348
0.89412
1.46880
2.05757
2.09706
2.48164
2.64857
2.95059
3.11981
3.29318
3.74370
3.92403
4.30124
4.64858
4.84095
5.01546
5.42622
5.67400
6.10474
6.26249
6.32282
6.55769
6.71160
0.61063
0.78451
1.08437
1.67158
2.28982
2.59982
3.03312
3.29154
3.87179
4.10986
4.58392
4.59018
4.92268
5.01504
5.28634
5.40601
5.62563
5.81762
5.94735
6.48550
6.49226
6.72883
-1.00000
-1.00000
-1.00000
-1.00000
0.87853
1.24844
1.31219
1.70286
2.00480
2.30604
2.46770
3.11789
3.22797
3.54968
4.34532
4.44235
4.47520
4.91984
5.75436
5.95775
6.18174
6.26142
6.66842
6.97328
7.13449
7.23435
7.62108
8.09678
8.31294
8.62527
0.45659
0.95697
1.40839
1.90866
2.56778
2.65661
3.36561
3.73216
3.80090
4.32944
4.67388
5.20721
5.55051
5.81143
6.07554
6.13915
6.48513
6.61312
6.85998
7.11797
7.34576
7.51619
7.75872
8.18198
9.23859
10.00522
0.04226
0.42644
0.65931
0.91569
1.25954
1.40047
1.46412
2.11346
2.23326
2.50693
2.86271
3.07558
3.18746
3.18772
3.37860
3.41399
3.84861
3.88544
4.04423
4.14883
4.45844
5.03981
5.05538
5.05638
5.24656
5.32201
0.09016
1.09065
1.10786
1.25613
1.25671
1.51599
1.59367
1.79755
2.00909
2.41307
2.68059
3.06629
3.13362
3.41455
3.51452
3.80581
4.26341
4.36982
4.38455
4.63785
4.79235
5.45670
6.31046
6.32968
6.58591
6.82586
0.16800
0.77903
1.05909
1.18216
1.30159
1.33536
1.54935
1.93002
2.13372
2.50182
2.86086
3.42858
3.75633
4.06926
4.28326
4.47144
4.58912
5.11729
5.75308
5.82490
6.09696
6.44168
6.64363
6.78304
7.08696
7.59662
0.14038
0.94692
1.88434
1.90507
1.95314
2.04927
2.48874
3.61007
3.90994
4.04252
4.14793
4.79699
5.30595
5.39730
5.59616
5.78781
5.84921
6.01737
6.25155
6.25310
6.60535
6.60825
7.03897
7.21428
7.58839
7.69215
0.25754
0.39243
0.74977
1.16644
1.84340
2.08480
2.81354
2.87923
3.25829
3.41948
3.53502
4.63420
5.04982
5.65385
5.86062
6.04113
6.36533
6.61940
6.99032
7.34509
7.68240
7.82999
8.30727
8.99796
9.00309
9.14108
0.18044
0.45569
0.85525
0.92777
0.96967
1.02246
1.45981
1.98645
2.35255
2.78147
3.33116
3.75876
4.31596
4.69624
5.18573
5.35445
-1.00000
-1.00000
-1.00000
-1.00000
-1.00000
-1.00000
-1.00000
-1.00000
-1.00000
-1.00000
0.13539
0.32233
0.55427
1.11351
1.36725
1.91515
2.05300
2.25119
2.33507
2.58162
2.62050
2.74227
2.85929
3.02967
3.41368
4.27422
4.80857
5.10772
5.31081
6.10610
6.34927
6.71923
6.89810
7.53199
7.53203
7.69464
0.61502
0.86031
1.25279
1.29435
1.39289
1.53354
1.86290
2.23036
2.66250
3.36005
4.05441
4.42781
4.79034
4.89638
5.12994
5.70824
6.07233
6.19732
6.28984
6.67907
7.26666
7.65948
7.69316
7.94210
8.11129
8.34230
0.21134
0.85246
1.16142
1.52548
1.90109
2.28358
2.31525
2.48697
2.59221
2.60086
2.97683
3.18993
3.50727
4.02222
4.45146
4.66509
4.90938
5.48486
5.61216
5.82716
6.03393
6.31858
6.41498
6.74690
7.04195
7.46986
0.02363
0.45497
0.95727
0.99088
1.62055
2.67650
2.81449
3.03185
3.17674
3.91295
4.26209
4.35098
4.37005
4.54923
4.86899
4.96650
4.96943
5.12788
5.34607
5.50391
5.51344
5.86055
6.03182
6.46728
6.97259
7.42767
0.10111
0.27014
0.64900
1.20222
1.67781
1.79819
2.42782
2.61720
2.63937
3.43315
4.14793
4.78851
4.82874
5.52013
5.52490
5.93669
6.00314
-1.00000
-1.00000
-1.00000
-1.00000
-1.00000
-1.00000
-1.00000
-1.00000
-1.00000
0.38627
0.48093
0.86791
1.23621
1.50216
1.88822
2.45412
2.83980
3.10822
3.61323
4.18585
4.24125
5.14779
5.85856
6.24307
6.28392
6.52145
6.87038
6.97511
7.07742
7.27596
7.33449
7.62096
7.89126
8.32347
8.46378
0.05528
1.06534
1.25754
1.38138
2.44045
2.62791
3.08742
3.38478
3.80450
4.19356
4.35517
4.55053
4.66991
4.89530
6.02463
6.53961
7.02215
7.49709
7.59765
7.70045
8.15720
8.68003
9.68589
10.20134
10.22646
10.46855
0.12251
0.17154
0.52220
1.01818
1.13224
1.25109
1.80259
1.87655
1.92884
2.03403
2.44752
2.70531
2.84409
2.91353
3.22780
3.30516
3.49571
3.60598
4.04245
4.44549
4.60109
4.68660
4.90545
5.14432
5.37993
5.74152
0.54548
0.74157
1.53827
1.59243
1.86125
1.96172
2.08893
2.66175
3.01308
3.09513
3.64788
3.99125
4.22259
4.90266
5.17194
5.34151
5.90682
6.41653
6.59454
7.00008
7.15085
7.23030
7.66363
7.74435
7.77750
7.78060
0.21104
0.54280
0.84198
1.00226
1.48998
1.91184
1.95626
2.35729
2.59286
2.71753
2.73113
3.12978
3.40522
3.49970
3.74486
4.30692
4.74593
5.17184
5.49820
5.91293
6.42810
6.65398
7.09921
7.46250
7.84724
8.04904
0.57663
0.83436
1.15135
1.27692
1.76877
2.48343
2.69162
2.82320
3.30583
3.59223
3.63001
4.35839
4.56465
4.58446
4.69426
4.95380
5.43646
5.85494
6.28522
6.28533
6.48616
6.62914
6.98479
7.21237
7.38919
7.68400
0.08663
0.23620
0.45239
0.46987
0.76407
0.85519
1.26620
1.53680
1.97151
2.34117
2.73198
3.72944
3.98398
4.38974
4.40737
4.94846
5.01741
5.51540
5.68000
5.93640
6.43626
6.52394
6.71100
6.92150
6.97911
7.27066
0.03467
0.16238
0.20288
0.22619
0.25200
0.62116
1.07172
1.60932
1.97761
2.09092
2.31119
2.57618
2.65991
3.19348
3.41289
3.86640
4.17798
4.27160
4.44234
4.70702
5.51199
7.06838
7.12698
7.66113
7.76511
8.81314
0.10782
0.78479
1.02059
1.07822
1.70802
2.80450
3.06809
3.60182
3.67396
3.67951
3.72882
3.78798
4.04503
4.54345
4.93964
5.18621
5.82498
5.83383
6.25482
6.55982
7.26927
7.48989
8.13097
8.41813
8.47517
8.82150
0.36401
0.84903
1.44273
1.89207
2.43758
2.45940
2.60568
2.78492
3.18168
3.47084
3.93984
4.20188
4.44712
4.61815
4.77981
5.66215
6.23744
6.37419
6.78903
7.28962
7.47207
7.78120
7.78486
7.88441
8.41197
8.88645
0.39847
0.77271
0.86613
1.10609
1.19561
1.55228
1.61136
2.22923
2.53190
2.81680
3.07682
3.65976
3.65978
4.74687
4.87506
5.13331
6.04200
6.08600
6.31287
6.81551
7.61524
7.79895
7.95119
8.32124
8.51018
8.64300
0.33259
0.88672
1.11150
1.35248
1.51038
1.65466
1.92565
2.14562
2.34473
2.86227
3.25567
3.55557
3.68029
3.70772
4.02210
4.12017
4.35959
4.41191
4.50833
4.50859
4.54592
4.84153
5.10988
-1.00000
-1.00000
-1.00000
0.32368
0.44592
0.63995
1.22096
1.25371
1.42064
1.97843
2.07588
2.23164
2.57006
2.67435
2.78138
3.38468
3.76187
4.03545
4.48016
4.82916
5.50714
5.52888
5.57617
6.02445
6.14556
6.25644
6.29023
6.94608
7.43919
0.00119
0.02492
0.31588
0.54947
0.91311
0.91496
1.25371
1.44048
1.70119
2.38227
2.47116
2.76131
3.08493
3.58952
3.78401
4.82995
4.94525
5.09683
5.53939
5.68388
6.23714
6.33449
6.40379
6.89687
7.14693
-1.00000
0.19285
0.49483
0.59330
0.71943
1.10292
1.19447
1.45333
1.57444
1.81875
2.10189
2.20489
2.46889
2.96248
2.99153
3.76515
3.86224
3.88207
4.29294
4.57933
4.68330
4.81931
5.49501
5.54101
5.87551
5.87842
6.05585
0.14748
0.70186
1.27388
1.41473
1.66867
2.18277
2.32538
2.99958
3.24258
3.45623
3.89551
4.02264
4.29511
4.68254
4.86882
4.97054
-1.00000
-1.00000
-1.00000
-1.00000
-1.00000
-1.00000
-1.00000
-1.00000
-1.00000
-1.00000
0.32775
0.60978
0.83980
1.17548
1.22652
1.55548
2.23171
2.93916
3.16863
4.21875
4.48374
5.04130
5.08256
5.33460
5.76761
6.32192
6.76727
7.65873
7.75418
8.18754
8.53832
9.32398
9.38784
10.37491
10.56304
10.98618
0.36001
0.56397
0.83683
1.22510
1.44107
1.67991
1.82892
2.45404
3.22450
3.24680
3.80233
4.60572
5.00186
5.25063
5.95157
6.86425
6.87671
7.37044
7.49894
7.97960
8.33585
8.53309
9.30327
9.51104
9.55438
9.91885
0.03952
0.32590
0.65298
0.88600
1.52132
2.21875
2.73630
2.73743
3.05078
3.47451
3.61982
3.76339
3.98227
4.46644
4.68848
4.85487
5.06884
5.37968
5.50357
6.11148
7.09652
7.27212
7.37051
7.64690
7.98525
8.24713
0.37735
0.59714
1.05005
1.20098
1.62367
2.02813
2.12550
2.26560
2.41319
2.53846
2.84841
2.94730
3.10289
3.22693
3.67242
3.72322
3.91182
4.14188
4.26047
4.72354
4.88509
5.45621
6.03666
6.89806
7.50342
7.87408
