7.46015
14.73980
25.47900
32.51654
42.13358
51.39271
63.93690
67.03334
70.83612
74.83722
84.78825
6.67063
12.25524
18.69693
26.82561
33.95929
37.36875
46.60388
51.80577
58.10363
72.13949
74.11527
5.65589
10.05487
14.44675
19.60707
25.08247
34.63264
36.83033
45.43163
48.48358
55.49838
61.30343
8.22167
13.86260
22.53088
28.38540
41.83516
45.77185
56.12419
62.23522
65.79441
68.34106
70.91702
5.00651
9.25348
13.79016
20.03655
26.19727
31.13090
35.23806
42.17280
48.29171
53.69521
58.83546
6.22041
11.92108
19.71449
27.17797
35.59424
39.54538
49.18790
56.79123
61.01710
63.88244
70.60523
4.90906
14.45058
22.86922
25.65161
26.29836
32.99568
39.00916
44.63770
51.03763
55.76123
63.97715
6.76480
15.52827
24.26360
29.90729
36.20186
43.67947
45.71915
56.36841
60.37503
62.73614
69.96545
6.05801
12.15194
17.95839
22.78501
31.73776
36.46128
42.43403
46.24175
50.41438
52.75409
53.70189
12.30351
13.64853
17.88687
18.91980
25.00407
29.31067
36.95812
45.71539
51.42195
57.16018
61.02071
3.84703
10.59834
17.33025
21.20826
26.47685
33.78772
37.49818
48.03709
53.54767
55.86793
59.15084
7.33475
13.60958
17.30083
23.38937
30.83932
33.36325
37.01357
41.59486
50.67657
56.70688
60.37021
6.87358
10.20460
16.46120
21.58761
27.22472
30.95214
36.71601
42.09130
50.43217
53.59838
62.69258
3.45896
7.47614
11.90069
17.56327
25.06226
30.76234
33.60753
40.74278
47.13277
58.15478
63.59421
6.71837
12.09190
15.64158
23.99870
30.52563
39.03368
42.81905
49.77202
53.30785
55.74307
59.74534
7.56137
12.75340
15.49982
20.17370
26.66707
35.24222
39.42791
42.23330
52.57431
54.02631
58.26217
6.41353
10.63039
18.30341
22.66877
26.33713
31.96413
37.10185
41.10688
47.10512
50.54645
63.45269
13.77005
19.28400
24.48050
30.76279
32.85844
38.00028
44.10000
53.28090
57.21084
61.01912
61.73999
5.12866
9.34669
13.57378
19.40567
29.03441
30.93543
34.72740
40.44646
48.50672
50.29501
56.89767
4.89576
12.90516
19.47994
23.91494
29.26785
38.10782
46.50749
51.77942
59.21519
68.43769
71.91855
6.21834
11.37901
15.59160
19.03683
22.49422
27.99862
29.36226
41.56899
49.69639
57.94996
62.10535
5.33968
8.36925
19.24507
27.34028
41.05317
44.13568
48.56528
52.11810
56.49189
60.00289
65.19212
4.98533
10.65246
17.79122
26.70847
33.04504
41.60407
50.06114
55.10748
60.66579
63.47586
69.86314
5.15677
10.29303
14.68609
21.48408
26.44763
28.84758
35.24411
39.58917
47.95094
55.15581
59.63683
3.20289
11.50477
18.92716
22.33623
29.60553
34.10213
40.44172
47.28654
51.16016
56.28792
64.38946
9.88192
17.34977
20.46890
26.76378
30.87089
37.32180
41.86997
49.30562
61.47989
66.79727
69.09707
4.99165
7.98721
17.54707
23.48374
28.99056
35.57797
42.66942
46.40181
51.72451
60.82046
66.20437
5.95977
10.29729
17.35145
21.76032
27.48452
33.12403
41.49343
50.06217
54.06634
64.12202
69.62878
6.26005
18.59624
26.49987
31.21165
36.09042
38.14363
41.28256
46.33288
55.98958
59.36768
65.09615
11.53663
18.67832
22.63215
26.86452
31.39491
37.83730
42.96767
48.50797
56.13969
58.39656
66.33730
5.82456
11.08570
18.97714
25.32294
30.42314
35.73773
44.04476
48.38574
56.30657
63.62308
69.30432
7.38917
13.10352
17.26028
23.23077
27.68376
32.76278
38.18772
43.97486
47.91148
53.29308
57.82675
3.88980
6.98042
15.90128
21.12687
27.84980
35.39159
41.64545
53.14374
57.87619
64.28302
69.53402
5.81089
13.50457
21.40102
25.42081
32.03848
34.69436
39.41211
44.53594
46.47802
50.99369
55.11201
3.49967
12.60728
17.24895
23.32445
33.07794
39.91282
45.03132
51.34788
54.07661
56.41277
60.09632
12.32518
15.83050
21.49546
26.01386
30.83080
37.20119
44.36085
51.49057
55.61690
58.87055
64.92334
4.49130
13.72705
21.60460
25.73071
32.34032
38.73107
46.46170
54.17763
58.01548
64.44323
68.37333
7.68717
11.65688
14.70236
18.06329
27.86420
35.73007
41.47163
45.80974
53.79437
60.29570
67.30999
6.46905
12.70059
19.61897
22.06188
26.87235
32.59609
37.37510
39.92642
44.44680
47.99662
57.05269
9.56094
14.03642
18.21398
22.63481
26.60764
33.20786
37.14580
42.69840
47.30673
51.80896
58.23837
4.84093
10.49972
21.19159
26.09706
31.21928
40.98671
46.30590
49.66173
54.05222
59.78865
63.14495
6.05191
10.57531
14.50578
20.36396
26.33909
35.64946
39.30668
43.96858
53.23165
59.13277
66.22871
5.96531
12.32150
19.36146
24.44991
32.36578
37.66351
46.03653
52.11224
52.44522
58.87234
68.27873
5.38737
14.42064
17.51199
22.77339
26.29324
33.50010
41.49243
47.88977
54.49236
62.69675
65.84200
3.33328
8.17557
12.82998
16.53525
26.20219
30.43505
36.63486
41.29714
47.39620
54.62712
67.26569
5.99166
11.09706
16.12234
22.04500
28.93028
33.00339
41.87647
49.54503
59.67789
63.79006
70.09142
6.08657
11.34485
26.15310
31.74498
35.47450
40.06786
43.28815
50.90692
53.51880
57.66356
60.73194
3.89955
9.42525
19.52369
26.60038
40.35749
45.44078
46.42824
50.08659
56.44713
63.64343
68.04698
6.96835
12.93716
16.80237
22.27374
25.58988
29.71399
32.45214
33.84921
38.32298
41.89639
45.11135
4.50233
11.87988
16.09206
19.50208
22.93024
27.39459
32.80591
38.09492
42.91600
47.86625
59.50454
