8.61649
23.21603
40.20166
46.85682
49.45894
57.83968
70.45144
75.65101
78.87245
84.59947
86.53822
91.23410
97.35665
6.11520
22.97556
32.80079
45.14771
50.71017
61.51637
75.13644
76.79593
85.82641
105.37494
112.09756
118.77236
127.23829
15.99107
48.65313
55.90720
62.30730
70.90486
76.05793
79.83397
86.42899
97.57176
101.04404
102.01187
113.15068
121.02795
6.71004
18.45360
31.84243
38.65360
65.26249
77.21254
79.61011
90.83459
95.18846
117.65750
120.24763
123.24340
132.99460
31.46582
32.54981
42.55323
44.48964
65.13436
78.23965
88.64927
95.63352
108.99376
115.88676
131.81942
141.56692
141.56975
5.39226
11.57052
38.35592
54.37873
56.53017
57.89923
66.52825
70.93181
77.35021
77.80710
96.59131
103.28051
108.74369
15.39260
23.65373
32.45180
34.33692
43.32241
46.37466
52.71113
56.42175
60.70522
71.54946
83.54091
90.11178
106.02230
12.96705
33.59217
35.80597
44.24634
55.76012
85.79720
86.75986
88.61843
90.97334
100.28328
101.49689
108.43636
114.68683
7.48308
14.09824
19.91700
23.97271
49.91251
62.76619
72.35718
80.60545
96.62534
96.58496
96.86217
100.33027
101.41279
9.68645
45.37818
49.60614
42.06908
50.09927
56.84611
69.41466
84.54713
97.37644
103.53032
105.78190
132.26918
135.34668
7.22333
22.20399
27.25391
36.17019
38.07827
46.84293
50.52412
62.48849
81.26341
82.98680
114.01232
115.98896
121.18316
20.86634
22.56415
41.01494
55.20818
67.17038
75.96946
92.92083
99.47840
102.82477
116.01501
118.78807
124.58182
141.14034
6.39305
11.19703
19.37695
46.76761
52.76708
66.63714
72.05220
95.70496
95.76150
107.59563
114.18400
121.08903
129.05505
6.81347
15.39042
19.62182
24.09108
25.56097
31.45559
34.72392
36.27786
39.02057
54.26017
65.84719
83.78065
84.87065
15.70844
22.55277
31.60487
37.03462
48.51962
61.02497
76.19468
79.19797
89.85344
93.40213
100.10699
118.15215
131.75015
11.81914
22.57176
49.52385
51.94878
54.15209
55.75428
67.16302
67.25134
71.65512
82.48326
88.02895
103.75458
103.75458
6.51624
8.04774
20.91285
26.67030
33.63600
36.98636
52.66659
63.39277
69.08495
75.82749
76.94965
79.43319
83.30334
1.42736
9.83402
12.95265
22.49898
37.90558
48.32470
51.57325
55.56897
63.64786
79.48720
93.77527
97.45423
102.97094
8.79909
20.20869
30.76725
45.95517
63.99512
68.18609
95.84370
99.18529
104.82941
108.40998
115.71452
121.77450
130.17135
2.11525
22.48430
40.15088
52.24011
60.46794
68.51545
77.28524
85.44444
104.60673
116.08630
119.90570
132.88023
155.47666
5.63123
16.24253
30.90374
45.18920
48.64705
49.82066
66.03310
70.51293
74.27148
76.66616
88.85206
95.86960
99.02192
11.34060
19.53114
31.47950
36.04618
53.74264
61.99004
69.81337
73.46307
76.66993
82.77111
100.00992
115.17314
116.51055
5.65949
9.71453
17.87858
34.93022
44.49423
57.35635
60.55299
73.91335
87.94338
101.89762
102.58275
105.61131
109.21518
3.60046
8.13199
18.84188
18.33841
21.36108
30.61373
40.44039
55.98422
67.18451
74.92979
85.49106
89.39973
106.36580
28.01069
29.95433
34.41683
39.76695
61.85205
67.85340
80.76466
93.03092
93.56418
103.18540
103.23001
110.63529
119.43121
4.42558
11.27211
22.31526
45.97867
52.44524
59.13495
64.12496
76.55297
81.63798
95.15571
111.66346
118.49579
122.44871
5.63534
17.45181
32.15033
33.50795
44.17708
59.12872
88.55464
105.14073
109.58862
121.88171
135.47495
142.80796
152.36348
7.78385
13.39590
22.54207
42.02246
50.73772
61.39055
68.05531
74.22988
76.79607
84.59403
91.81930
99.69391
103.25003
5.29319
21.68453
35.49136
42.99617
48.20953
61.52668
78.84875
80.56930
93.69361
101.59119
120.52446
122.71156
123.27873
15.68528
18.03304
22.17096
34.54348
36.73333
59.18350
61.50713
66.29903
86.18710
91.57581
102.80200
108.55456
110.87972
11.02045
16.64678
23.06370
25.59616
28.49528
44.11286
53.39273
53.53863
57.25783
80.86986
82.13365
84.15260
86.48562
4.06225
8.67107
9.94405
58.11082
62.20834
66.89819
67.88538
74.67151
85.60744
87.80324
99.85640
105.83963
109.36104
3.52596
17.77653
20.28724
37.53404
47.79244
49.79011
55.13613
61.44767
64.28035
66.48339
73.53564
79.24660
84.66520
9.49047
22.76579
27.83033
35.95001
38.48992
55.26394
61.34580
76.99368
77.75741
88.91983
102.81695
117.63856
126.74371
12.88291
19.09768
22.14927
39.40958
49.48773
53.08223
65.14673
87.19020
89.44236
96.50189
101.43089
100.75128
101.17558
6.01171
16.21363
21.78115
29.00254
36.19508
48.72646
69.03665
70.36143
75.87235
89.00517
93.44371
93.86332
94.36343
52.45155
58.54082
66.79149
73.46860
78.89849
82.05601
110.27413
118.34375
130.25823
137.34723
148.94305
156.83244
158.02720
3.13416
14.06673
24.28574
49.77779
84.85004
97.74476
115.75151
126.30269
151.89280
151.90201
156.49060
164.21034
170.24772
8.23548
12.80707
27.30529
35.64421
36.93761
44.08127
52.35008
53.00335
63.20277
70.17455
77.10794
83.85994
93.84062
13.35827
32.41676
39.14650
58.97548
74.36721
104.24785
105.34514
110.99844
114.50431
139.75482
168.03190
173.22715
192.75864
12.19425
31.90406
42.73946
56.56377
58.88454
66.02644
71.00569
77.44870
84.90053
86.73482
86.33464
100.68421
102.89614
13.89847
26.57015
33.83129
38.89356
39.74724
42.38231
43.11147
44.88425
57.68812
63.72102
66.75689
69.90599
81.74510
13.98955
17.66903
24.94535
36.61412
38.49589
48.02107
-1.00000
-1.00000
-1.00000
-1.00000
-1.00000
-1.00000
-1.00000
4.88660
13.52618
15.47869
23.49188
40.70703
43.10876
43.04883
45.22340
47.63104
66.67709
78.76316
86.07320
88.58374
4.08633
4.59053
12.27987
25.11619
38.97644
47.53627
48.62919
59.31325
60.86816
62.41328
81.04804
82.71804
103.22582
16.89068
26.40560
45.25826
47.67843
65.57020
67.38273
90.43898
104.30379
106.62456
122.54467
138.27784
144.57111
-1.00000
3.12663
15.16795
24.71294
46.30544
49.21809
66.68643
76.97754
96.80535
111.82466
115.02214
121.87599
139.94016
146.02549
1.57384
10.44672
36.50018
41.28961
47.62679
61.06502
75.75056
94.54549
107.73308
115.71571
120.64545
129.38502
142.12360
1.61760
6.52653
13.52516
20.92531
21.71010
31.62990
34.11764
34.69281
38.22571
42.91478
54.43091
59.71240
63.71946
10.69633
20.68657
31.96146
43.81604
52.09215
59.88990
73.69830
78.54100
80.15190
95.85757
96.84086
97.14479
101.32176
