4.62994
12.56292
33.23388
40.14909
48.16089
53.56591
55.95006
56.76785
62.35191
68.24865
70.70908
72.60020
81.61044
10.66097
34.30001
40.89540
47.19337
61.59107
77.14465
81.61732
88.24136
94.43072
99.37540
106.76471
107.16512
119.39370
8.71711
15.15793
39.06607
43.10904
44.65617
44.69833
49.90898
84.99987
96.13917
101.32031
106.02730
115.21924
116.88660
4.93387
13.72355
22.29620
26.68463
34.57784
37.30724
49.65810
51.28073
69.31482
75.76633
76.95001
82.93055
91.44330
5.28017
23.93082
25.17177
31.43014
36.54433
43.89297
53.28282
69.74657
73.86542
76.16201
81.67917
99.92875
103.91622
3.12405
9.68336
9.75628
18.86252
20.93104
28.22018
30.86470
49.56310
50.85431
63.57873
65.94552
68.38051
74.62379
6.56752
12.50633
21.30059
26.81661
31.85247
33.82541
44.04507
52.50411
55.45430
72.20045
78.55374
79.37457
99.09435
8.84666
15.02586
20.29232
21.57503
27.01905
33.94561
44.41826
64.33522
68.90251
75.28611
76.97146
81.01782
90.85849
18.18417
32.02836
35.49083
42.64988
47.73416
51.58825
56.76872
58.70483
72.28482
85.70192
90.26839
96.29334
96.78752
1.18765
2.71184
9.07033
10.60117
26.05072
28.24471
33.88589
41.56795
70.74293
71.13792
76.22285
86.29347
89.93593
0.21975
10.69055
17.64902
21.44197
22.66516
24.83754
41.78790
49.87740
57.68217
78.41667
96.23338
104.26308
110.22596
3.92221
8.74632
23.93548
25.56498
50.79152
57.73326
65.74196
75.28322
90.73034
98.59451
100.38360
102.87762
111.55837
20.07064
41.35162
50.01077
60.61486
65.29764
74.06671
77.44896
92.94474
93.02929
97.24267
98.55312
110.47665
117.11572
9.68789
19.03578
19.58860
20.36532
25.35285
29.44280
47.03458
68.13182
75.21750
78.01262
78.98987
87.06405
98.49746
0.64734
2.30242
6.98704
8.27477
22.46503
29.37100
53.18881
68.31405
75.77079
80.16428
83.97141
112.19660
116.09134
5.04582
7.83135
32.93144
48.45391
49.08824
52.87955
64.98072
76.44916
77.50863
79.66055
77.00866
79.06469
81.77630
8.48601
27.80453
35.28593
48.99343
56.17181
74.14851
77.05489
81.31389
86.33486
93.26845
96.06851
100.74049
104.39168
3.72767
21.76209
38.29896
47.15446
55.07435
63.91918
81.53946
87.79261
106.18504
119.88997
130.53591
134.15464
137.14806
10.70755
25.13096
34.55700
49.55334
58.50819
64.15476
82.51669
93.88891
102.65736
110.33740
120.04675
121.71497
126.77792
21.10453
31.61212
36.44281
43.62859
50.03465
51.28269
53.90244
72.08760
73.53473
77.77018
89.40811
93.12382
104.55486
15.72030
25.30221
40.23577
57.12006
60.49914
72.51382
90.19598
99.01469
113.70941
124.90605
133.46377
140.52268
145.30513
9.10543
12.75029
17.20083
36.14909
41.71304
44.96988
50.53706
55.20686
69.27318
74.94845
77.66503
90.43952
94.49783
6.94491
14.31963
17.57755
21.71015
25.91507
42.53686
47.08039
53.67448
59.19886
62.46848
71.04885
71.09128
79.32820
9.24162
15.39874
19.64041
22.98556
30.37126
39.62372
51.34459
72.99769
84.08242
97.38787
105.83313
119.32204
121.56794
11.57030
19.63266
49.35819
53.03167
67.48882
76.95356
90.38174
100.17583
107.67183
115.33324
120.28897
122.10503
134.51838
14.18388
21.92125
31.25826
32.41135
34.16142
41.12924
49.61503
58.99117
63.74474
72.40926
82.06786
88.16013
109.00897
4.19394
15.54489
20.91233
24.84622
28.73242
39.30041
47.14787
55.82979
65.03672
71.31053
75.75593
89.72312
106.15208
15.10033
22.54759
37.33351
49.17211
55.21171
78.28872
80.82185
91.47650
96.65906
109.07046
114.02996
116.24347
119.24233
13.32019
22.72959
27.70439
48.43724
58.55645
60.10108
81.18620
81.42305
81.63371
82.81835
87.93656
95.71777
104.29247
12.95488
21.21740
26.16474
30.36146
31.71274
35.52456
39.53523
48.98024
55.83671
72.21508
74.23269
79.50063
81.68974
9.21767
13.08020
14.57766
22.64777
47.25680
72.75731
86.16171
87.46048
88.58844
92.17512
96.10916
104.06165
118.04227
3.07822
20.54310
24.13991
42.22289
54.52585
59.28819
62.90335
80.99206
94.47308
96.88926
101.05542
102.97537
107.02049
2.26844
8.09481
13.04732
27.76091
41.25804
49.01987
58.38750
60.36599
64.45371
73.92343
78.18533
79.85429
84.85460
5.36161
9.02756
18.13971
30.97981
37.61775
51.05894
67.39579
68.60455
75.27967
89.64788
95.59039
95.89092
108.58908
2.99584
15.29463
18.16352
44.40386
53.70048
59.20566
65.95895
80.34499
86.22407
85.33003
97.38179
98.39892
100.28572
19.37811
24.72139
45.80297
55.24837
62.44662
67.24689
75.48173
81.63327
91.53565
99.70034
99.71818
108.14304
107.88682
0.79892
3.02759
6.79101
21.90278
31.40000
36.78250
42.14956
46.07901
52.05619
59.87282
69.54182
74.98691
76.49237
6.24577
7.04842
10.98083
27.35938
31.52918
34.07223
44.23490
57.23679
62.85115
67.21253
72.26219
91.18475
104.37952
8.26133
21.53001
38.60728
40.52101
47.13722
49.52700
69.59814
72.98684
76.66623
86.08361
87.36117
92.16388
104.69314
28.59771
39.09832
44.87100
46.17888
46.18069
52.86763
59.22282
75.00021
97.26494
108.50375
115.53649
117.77151
124.69142
10.53673
11.47039
24.77896
26.20921
27.53868
46.81473
57.61448
61.86821
70.63200
91.33724
92.64397
94.84739
104.14511
16.38102
19.96878
29.80652
36.11279
54.81436
57.99029
58.39614
61.68490
68.25909
77.22536
86.91812
101.88238
110.98107
23.10367
35.11217
42.44729
53.74217
57.78839
72.65776
85.71134
91.71522
114.98739
126.17880
135.80756
135.81594
143.91780
2.42482
7.10783
24.10123
32.61631
47.13247
51.37233
54.87798
73.75391
80.23690
82.27282
85.22469
87.42852
94.63166
3.19870
4.48106
21.23800
35.52136
47.73683
54.88216
57.77839
67.87569
68.73800
83.97255
84.36230
98.38133
114.72242
18.34386
23.83534
28.51140
45.92861
51.90244
55.17812
58.22319
75.62871
85.36487
87.77657
88.39819
93.69930
98.81098
7.47560
25.54334
42.65392
48.74496
49.41465
57.70096
63.10599
77.58876
77.59996
92.42208
101.01569
104.74913
123.17636
19.61592
48.40665
68.51994
69.66902
80.45537
81.70906
84.10636
84.11509
86.18881
89.12936
93.60187
93.68980
99.31057
4.65059
20.76856
25.52813
41.01122
47.63406
48.99663
49.72337
46.60422
47.39514
71.02941
85.74884
90.44710
98.04026
3.61500
15.81387
34.59667
43.56548
48.02120
64.67448
72.14363
75.76427
84.52525
86.57696
89.04919
110.37719
113.21884
