1.02996
1.54245
1.93900
2.22503
2.39053
3.11471
5.05986
5.06574
5.28195
5.43472
6.02047
6.24205
6.64423
7.50491
9.08069
11.34600
11.71048
5.20323
6.43161
6.54364
8.03816
9.13804
9.57882
9.98222
10.87687
12.55217
12.55670
12.81803
14.66496
14.67008
15.97979
16.22175
16.26839
16.32550
3.44145
3.48167
3.48180
3.69564
7.84591
9.38336
9.38725
9.40118
10.06969
11.16499
11.81583
12.22539
13.83300
14.78949
15.37734
15.55387
15.64680
37.09118
37.58792
38.01772
39.07382
39.27420
40.39499
40.85654
40.95686
41.46880
43.36170
43.80603
44.02760
44.40500
45.58026
45.89598
46.81257
48.61012
6.40979
6.85608
6.93794
9.95485
10.16846
10.47115
12.56513
12.60959
14.23074
14.26573
15.16783
15.22133
15.25310
16.02839
16.17167
16.37235
16.86330
8.52462
8.59906
9.27710
9.62927
10.39203
11.93819
13.82317
14.52354
15.50739
15.63470
15.64142
16.55803
18.27654
18.38722
18.82679
20.29656
20.76030
17.18368
18.43972
18.46969
19.23142
20.38699
21.88110
22.18613
22.76808
23.96110
24.10377
24.17190
25.44472
25.83413
26.58179
27.33920
29.14011
29.51600
3.91885
4.53846
5.23237
6.69832
7.56750
9.20574
9.21537
9.39273
9.78877
9.97435
10.80958
10.91689
11.20793
11.48044
12.07124
12.14006
12.65340
47.65002
47.79209
49.17518
49.23130
49.35764
49.45536
49.61232
50.14729
51.09031
51.16126
51.61265
52.64374
52.67172
52.85062
52.86798
53.89013
54.30483
0.31999
0.51196
2.64457
4.57572
5.27308
5.36876
5.42284
5.62202
7.49676
7.60342
8.37001
9.55569
9.58895
10.54507
10.90932
11.17673
11.40879
11.66689
11.95848
13.27602
13.39221
14.12739
14.49247
15.91786
16.22669
16.77898
16.92958
17.05667
17.18385
17.88468
18.80336
19.35507
20.64058
20.67565
31.05027
31.28384
31.46742
32.09906
32.45954
33.36767
34.45199
35.93076
36.35877
36.66903
36.77253
38.61660
39.73503
40.82544
41.27343
41.32066
41.67391
8.79651
8.82306
9.22500
9.40336
9.65942
11.05699
11.59520
11.99109
14.12980
14.69891
16.04158
16.35321
16.36105
16.49327
17.15556
17.56619
17.65662
67.22178
68.50539
69.00590
70.17803
70.74251
72.19336
72.68382
73.04263
73.05685
74.09938
74.28735
76.36609
76.83998
77.10451
77.12022
77.58122
78.03113
23.67099
24.43541
25.48277
26.09535
26.10989
27.52641
27.85816
28.45550
30.71079
31.66659
32.30709
32.66516
33.13927
33.93745
33.97461
34.37294
35.07008
32.43318
33.36143
35.03040
37.49715
36.87763
37.10730
38.21407
39.21633
39.97254
40.59501
40.65219
42.11801
42.75046
42.86284
43.92676
43.94923
44.37674
41.11998
41.65074
43.09302
43.19597
43.90697
43.93643
43.95312
45.83683
48.15151
48.53697
49.64293
50.20668
50.75610
51.61161
51.64077
52.48722
53.47649
82.83737
82.83923
84.10733
84.95420
85.52752
87.67359
87.90963
88.31286
88.40493
89.86613
89.97583
90.10707
90.11513
91.17935
91.19084
92.36146
93.45336
18.22616
18.43346
18.80229
18.80438
19.10167
19.99316
20.23851
20.69730
21.83059
23.13911
20.22680
20.75790
20.99096
21.02696
21.04765
21.04789
21.09240
7.42791
7.79903
8.03092
8.59630
8.84449
10.03698
10.27687
11.71377
11.83606
11.93279
12.45139
14.08595
15.38101
16.95310
17.37809
18.27797
19.27327
43.50379
43.50441
43.78713
43.78813
44.69588
45.10605
45.41120
46.36990
46.68546
47.50708
47.66461
47.70570
47.77413
48.86195
49.63624
49.84689
50.15189
2.25104
2.64225
3.13719
4.96131
5.91435
6.56990
10.22336
10.22586
11.87137
12.22793
12.86269
13.14857
13.36877
13.36900
13.83961
13.84182
14.06796
36.21746
36.31058
36.34542
36.73956
36.76086
36.77138
37.84138
38.32049
38.73674
38.98345
40.59227
41.13116
41.54060
41.62096
42.39229
42.65832
43.63532
5.88589
6.01417
7.13035
-1.00000
-1.00000
-1.00000
-1.00000
-1.00000
-1.00000
-1.00000
-1.00000
-1.00000
-1.00000
-1.00000
-1.00000
-1.00000
-1.00000
28.78028
29.26286
32.01956
32.03161
32.65571
33.95583
34.09849
34.13888
34.92328
35.00760
33.68605
33.94959
35.42951
35.71403
35.92471
36.08628
37.33177
65.73984
66.45930
66.69986
67.38628
67.96514
70.75063
72.17064
72.67491
73.68585
74.42196
74.85511
75.27407
75.53777
77.11505
77.13930
78.66809
79.62802
57.46827
58.10176
58.57290
61.17004
61.57651
62.49654
62.62009
63.96548
66.77700
66.91730
67.54494
67.70330
69.13610
69.67274
70.07505
70.60336
71.80671
23.53746
23.83969
25.33584
27.35690
27.52707
27.68357
26.57035
27.96769
28.18456
28.53122
29.35126
29.86024
30.12074
30.20515
30.33442
30.25473
31.98854
33.62314
33.72111
33.73629
34.51170
34.82641
35.32409
35.32513
36.62924
37.61310
37.61312
37.86612
39.65695
41.66306
42.12310
42.58499
44.27629
46.05386
34.02499
34.41794
34.99063
35.03164
35.43346
35.43347
35.51236
36.13452
36.64370
40.25102
41.15850
43.22071
43.22133
45.92524
45.99912
46.21331
46.71451
6.60468
6.75822
7.21742
8.27005
8.33080
10.12698
10.59569
11.30449
12.73515
14.69906
15.02204
15.36256
16.47995
17.52873
17.82107
17.97700
15.11702
35.39675
37.16161
38.61200
38.65716
38.78612
38.92317
39.02977
39.32332
39.37984
38.56161
38.92223
39.39237
39.78217
40.10811
40.77628
40.85237
41.95699
2.51092
3.04038
3.58429
4.42730
4.52885
4.57093
5.29051
5.31641
5.60301
6.59992
7.00835
7.43317
8.35472
9.32146
9.51325
10.20246
10.24066
1.22174
1.32957
1.72889
2.65584
4.64886
5.26839
6.05045
6.06092
6.93225
7.73730
8.11264
8.47438
9.16593
9.16651
9.69734
9.85525
11.19292
35.73541
35.80549
33.48055
33.76996
36.63151
37.08740
37.10826
37.37600
38.14457
38.49735
41.31940
43.53656
45.56003
45.89569
46.02443
48.05672
48.08798
15.69642
15.87332
16.26743
16.61739
16.68135
17.23413
17.44290
17.67298
18.18875
19.64311
21.40503
21.53616
21.74095
20.01419
20.11816
21.00781
21.33792
17.10701
17.12444
18.21914
18.22043
18.41050
19.49520
20.85892
21.85544
21.88413
22.49420
23.46947
24.70244
24.70244
26.21096
26.69192
27.53968
27.85833
6.68458
7.73795
9.55348
12.78514
13.77430
14.22622
15.79969
17.57136
17.97095
18.30683
18.58158
21.66467
19.27629
19.51891
21.56091
21.63511
22.88924
1.64962
1.69225
2.58731
3.40736
3.57772
3.81354
3.98468
5.71627
6.41020
6.57376
6.93444
6.94995
7.24937
7.70253
7.80871
8.04606
9.17701
74.32531
74.84409
75.49326
75.85507
77.06312
77.09710
77.20858
77.90599
78.11687
79.19949
79.40722
81.86171
82.36876
82.71559
82.95741
83.51922
83.91606
3.34141
3.90645
5.12422
5.36980
6.04370
6.60504
6.61141
7.84782
7.89932
8.58687
8.92359
9.21500
9.77158
11.86225
12.31341
13.43444
13.45859
12.87214
16.62386
17.62193
18.95972
16.33619
16.76037
17.18044
18.53585
18.90235
-1.00000
-1.00000
-1.00000
-1.00000
-1.00000
-1.00000
-1.00000
-1.00000
11.29601
12.10947
12.65439
13.79128
12.79708
13.46376
14.38480
14.38624
14.99524
15.06691
15.78341
16.46884
17.43548
17.97998
18.55187
18.82580
19.56879
30.56795
31.57271
31.67974
32.37970
33.53482
35.48459
35.83216
36.94069
36.56520
37.26696
38.10787
38.29027
38.52837
39.91599
40.01587
40.43664
40.92747
16.89105
17.42761
18.01214
18.37843
18.76214
21.08448
21.75038
23.59382
24.82445
25.31289
26.56144
-1.00000
-1.00000
-1.00000
-1.00000
-1.00000
-1.00000
10.42375
10.55335
12.80456
12.80964
13.04999
14.32670
15.48858
16.27393
17.28046
18.83428
18.96320
19.35811
19.61476
17.41504
19.36366
20.03421
20.27844
29.81554
30.39939
30.54876
33.73740
33.90367
34.17692
34.47066
36.66959
37.27592
38.16802
40.14464
40.36045
40.77071
41.26229
43.89408
45.46214
46.22224
8.52681
8.67293
9.40993
9.76069
9.99120
10.82007
11.35353
11.83322
14.71784
14.73016
15.00282
16.35674
16.50175
19.27171
21.98131
22.42175
24.49029
39.56122
-1.00000
-1.00000
-1.00000
-1.00000
-1.00000
-1.00000
-1.00000
-1.00000
-1.00000
-1.00000
-1.00000
-1.00000
-1.00000
-1.00000
-1.00000
-1.00000
4.97933
5.73599
7.18700
7.42830
8.81434
11.02524
12.42976
13.37296
13.38668
13.86523
14.41538
15.90166
15.96442
16.76605
17.31882
17.79194
17.95332
