14.02514
18.24687
23.65784
27.25888
31.22351
39.95933
44.45886
58.06480
64.44322
76.74905
88.67584
98.27313
102.51243
119.12544
127.73870
131.66026
142.76267
15.66519
31.73730
34.45795
42.32415
46.12397
49.08499
51.18206
51.51935
57.70229
82.40446
93.88364
101.33759
110.65895
115.98300
128.68434
132.66641
132.56206
5.32111
15.06568
20.37150
21.19500
32.82879
39.12287
41.78297
48.87766
60.05725
67.82925
74.90950
81.91430
88.81700
97.38605
103.15173
106.31235
108.20918
2.17843
14.28124
21.62946
35.41492
53.72104
57.00750
61.11708
62.11686
71.82568
73.78945
76.50349
85.59848
91.31661
103.69377
114.29631
119.99561
123.39121
4.48503
7.24623
23.13859
24.71461
54.84050
77.25090
79.66703
96.63177
96.69171
99.28891
111.57176
121.02111
124.21553
154.81861
157.22015
158.74540
158.94744
0.42501
10.54436
12.56353
16.73265
23.62232
43.84210
49.65201
55.51074
56.08882
65.97803
72.64305
77.46602
81.40647
85.69412
91.52532
98.76685
108.52646
10.65553
19.34670
34.04043
49.12983
54.95976
64.39305
71.69893
72.55975
74.83843
77.44809
81.94350
93.74662
107.71928
111.57218
118.44255
122.85865
123.25958
14.93861
16.12218
32.52050
38.41346
44.81421
56.33621
61.83972
62.29530
72.57220
88.51032
96.04615
98.41831
98.81180
110.62838
114.03858
113.23987
113.52178
5.96639
20.99928
24.48857
34.65187
39.83148
39.89956
51.46425
53.74207
73.35578
73.35994
78.53683
80.83590
81.26481
86.30993
90.21106
92.34580
93.73304
4.85286
11.07686
14.09615
29.50707
30.10090
35.51254
51.07948
66.76674
78.48203
88.66859
91.66149
93.13916
99.05686
111.90887
117.01643
117.81269
121.57233
5.52520
9.08407
9.48476
14.35863
16.69388
18.88639
25.01566
37.82545
38.32693
50.77067
51.25573
65.05454
65.59774
78.39517
90.83665
102.97841
107.08454
20.16754
30.64889
32.82503
50.42706
57.70621
58.74753
68.94132
65.06543
68.34151
75.91799
82.88410
83.47076
84.17298
94.84062
118.26147
119.18563
123.52825
6.38621
10.26785
11.57654
14.38893
19.73915
24.01472
38.41109
43.90516
49.29006
52.49180
59.03034
60.06407
61.41751
77.81899
80.55771
85.70475
111.94062
23.47242
28.43482
35.02921
38.01852
50.67910
55.86245
65.44359
68.80566
70.15313
61.70392
64.21581
64.56200
71.48693
77.37178
77.49957
78.55042
87.82695
14.17261
15.22291
25.34959
27.08571
44.27049
58.61600
79.47742
80.16993
83.50441
87.06056
97.51079
103.01925
107.92662
113.36776
116.42895
131.80937
135.84508
31.76175
35.00935
42.64000
52.76179
63.87509
68.28314
69.80741
69.70772
86.99589
88.15886
88.49006
116.01314
127.31620
128.02042
133.44249
136.52248
138.58563
5.30918
13.21069
18.50535
22.28570
24.04863
29.85404
31.04070
46.12350
49.59766
56.43499
59.54174
60.84801
63.95845
64.85004
85.03547
92.29983
101.39994
10.14753
34.93830
37.96783
44.77047
44.66636
50.89316
60.99842
72.51544
73.69672
89.21097
87.12698
87.63591
89.00941
94.31503
94.68707
105.68143
117.60644
11.58381
21.43285
27.89791
38.61292
49.47917
54.27323
55.87102
69.03778
78.09895
78.15798
78.35200
93.34479
93.66475
95.66559
107.92651
116.89405
119.46910
4.70540
7.48090
12.96444
21.14834
30.63399
42.48099
56.88895
58.49982
62.27029
65.38566
68.68867
89.45611
99.68528
103.18358
103.28930
109.65419
115.15270
1.82953
1.69850
6.66703
8.32082
16.40474
51.15836
56.79144
69.07271
73.17293
80.77115
88.88691
97.19868
103.42211
109.96342
112.70946
113.58875
115.94603
3.35434
16.82897
19.60341
33.58068
80.11701
81.05235
90.89242
93.45721
98.72429
104.36872
111.42211
122.30142
136.20848
146.28782
150.72946
150.75127
168.28682
5.94128
12.02995
16.84980
14.86014
13.10056
26.88909
29.56711
45.83286
52.64263
56.28572
60.78371
61.72179
65.70662
67.13610
74.66799
80.23828
93.18436
10.90483
17.89237
38.72302
43.10600
49.31861
55.67729
71.22324
80.52156
86.37052
101.14446
113.49969
116.66217
116.98754
139.05119
141.71840
144.25971
150.76634
1.05675
23.87930
27.77168
38.51561
42.06506
46.28824
50.25902
61.69662
63.75906
69.40363
71.51436
93.38332
93.79928
98.23693
112.72147
114.47533
114.51216
1.76031
2.23289
5.96508
31.12593
34.15116
38.33808
47.55092
50.08922
51.74553
54.16570
61.07459
62.93731
65.94870
66.50735
69.05363
76.72397
77.02150
16.29222
21.18582
22.97450
30.96227
37.74286
48.86285
49.15849
52.03909
52.31121
58.06683
65.51497
65.52436
77.67242
80.88738
93.45104
102.62572
114.66815
11.84660
20.69173
25.10269
37.73664
40.02570
59.52312
72.25685
74.24171
77.32592
105.94779
105.79747
109.97515
111.28337
111.86835
112.19318
124.41976
125.54131
2.05797
2.32791
6.26831
20.25980
38.55961
47.85159
67.54593
68.95724
89.07295
93.97114
102.60742
104.85777
116.38517
120.53283
122.20516
136.66631
139.95345
1.99361
19.55231
28.53110
29.01293
33.19492
38.25185
48.98256
50.44589
65.56150
75.41437
82.17080
98.90088
109.19863
113.33331
117.90086
132.37100
133.30799
8.82351
20.91159
26.40086
29.11049
43.69265
53.61292
59.55192
59.70829
70.14494
70.61809
71.31779
82.87032
88.89999
99.83612
114.13589
125.72343
126.37193
11.73879
15.03596
31.22632
43.28136
45.24809
49.42607
54.50777
58.99086
67.45334
67.82684
73.03674
74.21746
86.40305
88.95776
101.36020
102.54142
103.19175
11.19875
14.23821
16.90402
19.41795
24.16949
31.68564
35.18996
40.20895
54.13738
54.41464
61.46426
70.23169
81.40822
81.49053
82.19156
90.91765
96.42645
11.35182
19.45984
21.40902
22.05220
33.23567
45.09709
57.99564
60.31182
62.20229
67.52687
69.56600
75.47759
77.21650
79.95982
90.45732
99.48705
102.11585
6.01147
14.77122
27.29557
34.08005
39.43872
52.30002
61.75657
69.89186
77.96559
78.21655
80.75846
81.22261
86.01699
93.33012
101.76507
103.15174
103.63808
10.47313
27.39257
46.83411
51.69953
55.15831
59.60125
76.59720
85.36622
90.58166
91.28229
93.03652
95.35879
99.62480
107.26740
110.09164
111.71915
110.14649
18.02405
45.00451
47.95426
59.00456
60.68853
61.30003
80.51492
93.22706
102.47911
104.22207
107.42661
128.74266
130.29693
132.84281
149.08258
155.18475
160.94533
16.34390
27.34694
32.02099
39.91188
62.87124
65.58456
70.60425
73.61040
77.38521
77.95979
81.56789
85.56167
86.23332
86.13424
87.94613
95.33152
105.58525
7.65137
8.27780
10.67886
24.08315
36.23238
44.77122
50.22208
61.60700
65.67065
65.96102
74.85050
80.88816
89.88063
113.56332
116.82432
123.54289
130.20388
13.07538
28.27492
36.73528
42.21993
51.62316
54.62972
58.19622
65.89404
74.20911
76.82051
80.46264
84.26407
91.14135
99.41562
108.71929
110.00052
121.77416
18.64659
24.91308
25.34476
61.70130
75.10926
77.35692
81.17842
88.26683
110.36000
113.73967
115.63993
120.46886
124.86886
128.37140
146.53173
169.68157
169.82998
5.14880
9.65638
29.87831
28.05365
30.89846
48.39418
52.58258
56.29989
60.19901
64.71172
72.79966
87.71574
92.24662
93.27631
93.30871
96.40473
97.01554
6.88895
19.76766
24.83501
34.77308
41.04322
56.85937
71.23280
78.36503
82.69295
89.60129
105.31120
105.27088
125.83236
129.46148
131.61835
127.39589
132.55607
9.00341
18.85211
24.24714
30.64168
41.56238
44.61063
45.87542
51.41268
56.15524
73.12785
74.95601
84.57072
89.71130
95.99838
103.89980
107.06650
107.72564
0.34640
13.07722
14.45376
28.99791
42.27532
42.65593
54.46509
55.39308
61.30464
70.74369
71.68708
90.21887
90.21887
102.71019
107.04155
113.88634
114.10452
11.12539
20.16590
35.86633
41.01976
44.14858
51.90491
54.39021
57.56591
63.78935
75.28428
76.49122
82.20129
83.76651
85.88259
88.68430
104.42909
108.44968
7.66673
14.76740
21.21544
29.05719
31.73848
41.86063
53.48653
55.70657
70.61203
74.29762
82.77392
85.00516
97.40514
106.77058
112.94557
123.35948
131.96219
22.95469
31.64589
33.00788
42.13912
68.36613
78.50444
90.37711
93.01426
115.59829
122.13382
122.44664
134.95603
135.75307
146.29167
147.91723
163.13636
166.76415
3.67124
24.70845
25.10776
37.70013
38.43741
48.55289
71.30133
77.79101
77.79200
80.91756
90.88608
100.61327
109.30117
109.97001
118.43382
126.99298
127.27764
7.97067
36.79669
42.89766
45.19474
83.36259
82.60729
82.77736
86.05780
87.66303
89.23358
107.16045
115.19666
120.43782
133.07526
132.51758
132.88777
133.02075
