78.72920
202.55602
225.96945
226.34298
1.90196
25.55465
33.15779
34.85767
31.57041
111.41748
132.62548
133.31522
20.41373
75.37221
105.73767
106.24000
11.22809
47.92156
162.30077
163.00000
94.27693
107.73407
116.63095
117.29528
6.85321
48.84755
66.71531
67.58003
100.77778
154.71270
204.48978
205.18873
45.86978
64.67927
-1.00000
-1.00000
55.05430
66.05605
111.03228
114.09495
32.07957
75.02315
86.43333
86.91055
43.45045
54.52331
113.00924
114.75387
9.97344
32.98146
198.81716
198.85521
28.51682
50.39801
69.24769
69.36185
80.62371
106.06584
167.50821
168.74571
17.66300
68.94724
129.25773
130.48821
6.87531
44.57973
78.43199
78.96811
73.62589
107.21763
111.73772
112.20891
135.58429
177.07639
177.69208
179.12005
2.17063
34.24824
129.96088
130.26663
91.09441
133.80324
158.83250
160.28546
65.00048
68.91867
67.97177
69.04808
39.17932
54.50765
99.37297
100.87956
23.54082
75.22560
128.39840
132.22850
35.78629
70.07285
81.36245
82.41135
32.77476
174.40944
196.28474
197.41097
54.47231
83.58845
191.69484
191.80278
79.72512
-1.00000
-1.00000
-1.00000
5.81552
39.61342
97.93061
98.53164
63.54854
103.18972
119.05195
120.18653
3.46566
61.88372
124.69578
125.42536
20.12213
48.10440
66.67826
66.89365
15.93294
28.76426
55.13954
55.17215
4.57822
29.03984
68.87047
69.53736
7.51503
59.36097
60.04792
61.29817
10.78937
24.11206
99.62504
101.01226
6.49995
28.52865
56.26445
56.46683
51.14987
96.47776
165.20007
166.01107
55.38146
86.23441
205.23768
205.39071
17.06475
84.74014
108.32624
110.27132
152.08497
199.49231
257.59366
259.38313
7.60476
16.83202
38.06657
39.20832
4.22550
21.85715
50.35251
51.35970
15.95996
17.01593
37.11451
39.07213
83.09946
93.19651
103.97706
105.43765
94.92540
163.09498
188.17750
192.33967
52.27386
67.37654
75.06427
75.63577
6.73724
10.12899
88.79780
-1.00000
50.44057
64.32030
67.19577
68.04285
13.36596
77.67668
78.32668
79.82294
