22.06257
22.21241
22.76521
23.35164
23.36265
23.45676
13.27091
13.60552
13.64270
13.66314
11.05245
11.44874
14.22024
14.29414
14.42355
14.77865
14.78290
16.66554
2.85284
2.87863
3.29642
3.34997
3.80897
4.29162
39.66779
39.67212
40.47017
40.53708
41.08027
42.19524
23.93717
23.95392
24.25637
24.25699
24.49292
24.91133
41.91790
42.00326
42.01089
42.58403
42.70519
42.81776
7.76768
8.22677
9.19367
9.41926
10.22785
10.23085
28.34911
28.48360
28.66441
28.75720
28.78077
29.43069
0.40801
0.80429
0.81657
0.95243
2.72022
3.32054
0.24160
0.44936
1.25491
1.36503
1.52123
2.05922
12.25299
12.91596
12.92605
12.94079
13.22395
13.37261
68.97699
69.02624
69.09435
70.04461
70.19271
70.64472
9.42290
9.61350
9.70189
9.74790
10.17840
10.95556
22.13705
22.41178
22.42417
22.98063
23.07085
23.45591
12.63219
12.68235
12.81777
12.81841
13.38476
13.40203
23.47897
23.83179
24.82146
24.84919
25.16971
25.56392
7.52117
7.61926
8.91756
9.06547
9.20232
9.36302
8.46097
4.84139
5.33151
5.40107
5.41492
5.83753
26.73410
26.73426
26.98797
27.30888
28.35130
28.37269
85.21961
85.54038
85.55245
85.55542
85.56360
85.57494
6.19463
6.34812
6.75422
7.08316
7.09690
7.62071
3.78711
4.83021
5.36788
5.98821
6.20089
6.56495
2.24499
3.13082
5.11710
5.26973
5.89706
6.05271
21.62075
21.91171
21.97436
22.15206
22.22269
22.49544
1.37752
2.70531
3.05670
3.21213
3.24320
3.45536
7.86236
7.86470
9.08805
9.16337
9.31254
9.50190
12.47530
13.90344
13.92741
14.40088
16.12163
16.39933
82.09912
82.18941
82.74710
83.64245
83.67069
84.34763
4.77548
6.51910
7.63932
9.11751
9.30778
9.51395
24.20483
25.38933
25.71590
25.87201
25.90578
25.91074
43.04627
43.84368
44.30872
44.80270
45.57309
45.84101
2.02166
2.24575
2.56576
3.86230
3.94548
4.93034
1.21230
1.70097
1.97134
2.02102
2.02375
2.34062
15.39571
15.47357
15.87626
16.45444
16.46565
16.47274
3.08192
3.63277
3.63374
3.68627
3.96496
4.23546
1.54651
1.54936
1.70337
1.90421
1.91855
1.96339
28.84835
28.87675
29.17434
29.43417
29.51761
30.86364
49.59834
50.44871
50.56120
50.58762
50.67674
51.55061
1.19768
1.72693
1.81279
2.08683
2.31216
2.78169
41.01789
41.85330
43.74841
44.18867
44.37074
44.49539
9.32594
9.45769
9.68278
9.82132
10.37866
11.12720
26.96054
27.17064
27.21168
28.87972
28.88288
30.68663
15.33439
16.04732
16.98172
17.35039
17.37723
17.46351
6.54091
7.01768
7.06547
7.17863
7.19479
7.24332
1.47131
2.60358
2.94612
1.51603
2.51341
2.65314
24.01038
24.15824
25.46041
26.28302
28.38492
30.66708
1.67773
1.77198
1.94622
2.13769
2.24297
2.42396
2.44317
2.92071
3.64701
4.83425
4.93452
5.29472
0.38015
0.43642
0.48106
1.17588
1.17839
1.35453
