9.43250
25.70574
33.25028
40.04327
47.37327
54.23643
61.14358
73.28547
84.09667
84.52385
93.92524
105.49926
108.07361
106.61202
107.92837
110.93491
114.06756
121.59420
145.96666
150.31205
152.75819
176.92173
1.62139
3.26931
9.22670
19.17257
20.54582
22.63663
28.07196
35.30413
35.99896
42.19361
68.86575
75.29672
80.73605
85.64437
87.35690
87.67720
97.36521
100.89673
100.89693
100.02755
100.32731
112.56235
7.94105
8.80940
16.13754
16.81556
36.08784
38.61961
43.18080
44.17183
46.83170
50.64578
52.37748
67.60289
71.92934
72.84735
80.55180
82.79087
89.06284
93.01359
98.14555
106.11131
110.28987
110.90188
4.44817
10.44917
17.98399
21.68504
29.86079
32.86440
32.87981
45.36463
47.22764
48.24175
-1.00000
-1.00000
-1.00000
-1.00000
-1.00000
-1.00000
-1.00000
-1.00000
-1.00000
-1.00000
-1.00000
-1.00000
10.86968
19.84832
30.47019
29.83771
33.12743
34.74972
38.38569
60.51833
73.83964
79.53545
93.86914
113.49839
115.36782
124.57108
135.92722
135.90394
139.93996
143.35472
148.27815
152.27183
152.69448
151.30933
8.92597
14.31152
18.14062
23.42771
31.43897
34.68656
44.58721
49.80722
64.57015
64.81813
73.13357
80.44214
94.82363
95.78316
97.03599
106.59938
108.17890
114.38613
118.20088
127.15065
134.61357
144.97087
5.72587
13.35660
21.19154
33.23307
35.30393
40.70457
44.43149
48.03061
48.61744
59.54364
73.87814
84.27863
93.47515
93.56925
116.14318
116.47733
118.96705
128.82191
134.13846
139.07029
145.29809
146.93738
6.97251
16.49750
21.29530
23.93117
25.83000
33.39459
34.30680
50.40089
69.20115
70.14512
79.12861
85.93704
104.81234
106.32134
114.71453
115.71938
117.59147
129.47620
144.69794
151.68743
155.05165
158.81268
21.59699
29.91505
30.66786
32.31829
35.91275
38.37572
43.79614
55.38043
63.64157
69.38524
70.13727
87.30987
87.76829
91.51700
92.45627
93.10786
94.05789
101.38827
103.76460
106.68641
106.70606
110.55240
6.83466
13.76589
18.14477
23.05933
31.80130
34.01947
36.98074
49.56386
56.21433
59.15912
60.15989
61.82033
64.54116
64.97855
69.94161
76.02074
80.86284
87.05567
90.54308
96.99432
96.83421
97.51217
14.48577
22.04987
26.48885
36.91020
43.04280
44.75940
48.43481
51.87278
50.59791
58.09325
61.04424
63.23077
64.28499
75.13471
75.71105
84.36152
105.24343
110.34258
115.41483
127.40288
125.22590
125.28270
7.65681
10.74338
25.05478
26.29223
25.41762
31.53639
33.42179
41.08509
47.76652
61.09418
64.80148
65.60008
70.55209
75.15150
76.50040
84.39329
91.96680
104.36039
110.31671
116.06607
127.43191
128.64057
2.71492
20.43382
27.51043
32.18417
33.18994
34.07390
54.18234
58.51512
-1.00000
-1.00000
-1.00000
-1.00000
-1.00000
-1.00000
-1.00000
-1.00000
-1.00000
-1.00000
-1.00000
-1.00000
-1.00000
-1.00000
15.14852
20.74436
24.99474
39.25167
46.18463
75.81949
77.38289
-1.00000
-1.00000
-1.00000
-1.00000
-1.00000
-1.00000
-1.00000
-1.00000
-1.00000
-1.00000
-1.00000
-1.00000
-1.00000
-1.00000
-1.00000
8.80800
15.84010
43.21784
50.59035
58.74496
64.99383
65.35312
67.36911
68.29475
79.51583
82.42862
88.82160
94.79008
96.09467
100.63826
101.36227
107.51714
112.97210
115.00176
117.72089
122.58006
126.41766
2.39706
7.33839
15.33703
18.91065
25.95624
27.85119
28.37292
32.16445
35.52313
37.75831
40.02770
49.11192
55.40648
65.15261
67.30819
81.43102
82.72180
89.38120
97.35586
99.91637
104.10276
112.48448
22.38060
37.06283
41.08638
55.88213
65.17762
69.76399
78.71569
98.59026
107.88342
109.18627
114.70042
121.67074
125.02410
125.81417
129.86422
129.67577
140.05524
142.94695
157.91596
170.83671
172.83347
174.14493
37.49396
43.31281
49.60177
53.41249
56.98980
60.55641
60.61646
65.70721
67.54597
79.15957
98.38472
102.61246
102.69382
115.69024
119.02040
118.58998
126.89299
129.89614
136.22782
142.37537
150.36167
166.51906
2.59329
16.28475
32.15717
36.86849
39.52384
43.48618
43.62245
48.86165
51.07339
66.68992
66.83771
69.68897
73.41933
73.42019
81.88463
88.56082
100.69327
111.95716
121.38400
131.31926
134.89003
135.92347
10.89399
18.24869
30.86771
36.96219
38.27322
50.87895
51.36118
59.09811
58.73387
59.40422
70.21312
71.84935
74.08139
81.30274
82.14853
85.01831
88.65548
96.33090
100.14166
104.77773
105.21603
108.52664
5.31799
8.04522
17.10859
34.70857
37.03394
39.58579
48.00617
51.39686
56.93155
58.75857
71.33530
73.56161
83.19922
83.92614
100.92110
108.98385
110.95834
117.69830
118.82760
123.52321
141.81364
141.98731
1.95933
17.39050
19.57735
23.59942
31.28091
42.05108
46.04591
47.06822
69.56600
73.55864
77.79443
89.87087
97.33690
100.45200
100.47149
111.48499
112.37177
115.98755
118.49703
128.63720
129.64191
133.45108
6.77064
9.72735
17.75456
19.16453
23.87056
39.55185
39.97703
52.09158
57.54681
71.34602
81.41780
86.40735
91.42513
94.14668
101.99470
103.75539
104.83873
110.82718
114.85567
115.36246
117.91295
120.28067
8.44337
16.31183
33.43084
36.04288
36.53785
36.85413
48.74302
49.30051
63.26305
64.41529
76.87614
79.34798
-1.00000
-1.00000
-1.00000
-1.00000
-1.00000
-1.00000
-1.00000
-1.00000
-1.00000
-1.00000
7.02588
13.77701
16.06493
24.58769
30.43247
45.42671
51.31456
53.16628
54.12339
63.75019
67.91483
72.51625
74.05009
78.58447
89.49019
97.80624
103.33695
125.12264
131.42313
132.82593
132.93572
140.39464
7.11177
8.96010
10.22565
23.17853
24.21891
32.70751
41.26555
43.16239
52.32071
55.12217
59.91588
64.20633
96.54242
114.56558
116.38997
137.88999
142.57152
150.29350
160.63100
162.65508
169.85896
175.60393
7.58129
13.48566
15.92905
17.85154
36.35545
45.76170
52.63572
61.39953
71.74505
74.54541
76.17626
77.89006
79.76889
86.03321
88.26834
91.18903
108.58338
110.18908
118.47630
127.76290
128.88407
132.94848
1.29522
19.26592
27.60137
29.23564
41.05255
49.54591
52.21561
57.33180
57.75214
59.65085
60.31920
62.64286
64.84377
72.28058
77.30228
81.66967
82.57093
82.79349
86.11387
95.74988
104.17353
107.79487
13.60334
14.04762
21.12277
22.55428
29.94183
33.67016
45.67884
62.07874
62.52112
67.54437
72.27134
73.82540
-1.00000
-1.00000
-1.00000
-1.00000
-1.00000
-1.00000
-1.00000
-1.00000
-1.00000
-1.00000
12.07466
28.87266
40.43007
40.84419
51.05131
65.51011
68.86875
70.74946
89.20380
92.33955
103.99225
120.10887
132.91475
137.69811
146.31932
153.78941
157.79945
157.81308
158.65779
160.39232
167.55293
169.46123
3.50076
7.91469
8.95674
10.81000
14.87889
20.24022
26.35968
28.05828
29.47001
36.25240
37.88232
41.53021
47.22909
64.87462
71.50351
77.44410
78.50770
82.01559
88.02917
91.07392
89.26844
95.22127
9.47706
10.30197
13.48006
16.25005
21.68352
21.60085
23.98547
24.95660
30.40875
36.54284
42.56730
43.42497
45.16672
49.33042
54.27412
67.86920
74.91537
77.55047
85.82029
88.88241
97.40358
99.27428
17.54761
34.48651
35.46101
51.30680
52.23755
59.39533
63.02027
67.55275
69.92222
-1.00000
-1.00000
-1.00000
-1.00000
-1.00000
-1.00000
-1.00000
-1.00000
-1.00000
-1.00000
-1.00000
-1.00000
-1.00000
5.49211
17.08685
28.72264
33.37755
39.26315
49.96913
64.59262
70.80424
74.94325
85.57625
89.55078
85.92252
92.78239
99.99197
106.16806
106.26211
111.53632
127.85057
131.30342
132.67568
132.61851
136.63899
6.44081
13.45235
17.46222
23.27047
35.11524
45.99534
46.41359
55.21521
56.09029
57.53799
58.45437
58.39203
74.64406
85.24850
86.11119
86.13541
86.14953
92.15387
95.29158
99.55480
104.80532
108.67357
4.67049
12.54840
24.55506
41.35699
42.61974
44.19192
69.48381
72.05934
76.01406
81.55041
85.75709
89.52706
97.05718
107.46360
113.10400
113.64020
120.30882
126.92158
126.92212
127.47675
133.71209
134.89937
1.71209
18.46530
29.03538
37.17863
41.18407
49.27193
52.87162
58.83146
67.59166
75.21874
74.63036
81.16996
86.39521
86.04088
91.06486
95.42313
102.53632
103.75471
107.26346
113.03401
126.54902
126.55143
1.27772
3.31849
6.89448
18.42596
23.64142
25.08772
38.51557
40.86361
41.22384
45.15713
51.52411
70.35002
74.96305
88.55693
89.57557
120.24047
125.57712
127.92106
136.35451
137.49498
149.95398
168.43966
2.73412
19.56694
36.83416
37.31092
38.35215
56.09969
63.02632
65.93555
73.40433
78.28373
78.54226
78.88144
84.34487
85.63531
108.47407
111.00586
112.12109
119.03467
120.29976
131.20923
131.01494
131.66875
0.92110
2.33263
3.20226
6.87833
23.35098
30.29403
31.62505
42.85176
47.51059
51.55611
49.83305
52.04493
65.37014
65.78623
68.41308
81.01286
92.63642
105.01263
106.96947
107.02340
107.68196
109.02052
1.38533
5.35216
8.29489
12.58545
23.29802
31.37330
41.62195
46.31899
53.18878
60.75056
63.23953
72.80626
80.03384
83.34980
98.51706
103.59006
123.02210
124.69720
125.98503
129.25837
137.82803
139.53154
9.15503
23.17630
40.66693
45.22872
63.55777
66.57396
72.06126
77.45413
78.27049
80.32038
80.87640
86.01214
98.82480
105.50895
107.54602
111.98438
121.10780
126.53136
132.83531
145.10407
146.71513
158.21307
8.26483
12.75877
21.99360
25.10837
38.97224
46.76864
52.84782
54.80781
59.44799
65.37618
68.83139
73.71950
77.51320
86.74382
92.31320
94.80034
97.14657
97.15589
98.50722
99.57321
105.39081
110.87145
4.38465
8.54396
11.60396
12.45587
26.51486
31.89081
33.14705
35.65157
41.71069
44.36695
68.26450
81.86313
93.14430
108.60745
114.56393
125.98627
127.00064
133.04499
141.73257
143.05460
146.62791
150.15669
6.02088
10.61760
22.77182
26.67521
28.78603
29.40802
31.05051
37.17445
40.82962
48.29478
54.20166
68.15276
78.26073
79.76020
78.84867
86.44276
90.15613
99.41849
99.45628
101.94677
103.76408
121.75435
4.98459
14.53833
16.32069
21.98783
26.85540
29.76318
34.63386
39.93342
47.98052
45.23590
46.52368
50.67765
62.45432
82.92100
89.93317
96.42595
105.08119
112.00102
113.65749
117.06764
129.36772
132.15132
6.33190
10.33895
11.59298
12.36702
19.06977
23.90365
33.09770
36.55660
38.21023
42.36489
55.73774
61.59706
66.95231
72.78693
97.34132
105.14072
105.06774
104.11727
105.56658
114.25288
119.15421
130.19608
15.83676
17.54896
24.70174
25.09063
32.28535
31.89930
32.98815
34.54667
36.84114
71.47957
75.74448
77.88080
83.71252
86.80077
92.59272
92.81803
106.32355
109.69443
110.52416
113.75050
117.87531
124.98227
12.69325
33.49025
37.09313
38.52798
50.18354
52.57148
52.05066
67.63284
72.56634
74.41175
81.26565
81.45666
82.40324
87.33023
92.02899
95.97208
95.98355
98.09004
103.94003
104.67270
115.29251
122.10208
1.24947
5.52398
15.59039
21.15468
22.64494
36.42955
51.36989
55.59296
56.02818
58.27865
60.45440
69.52965
89.39470
91.64432
94.15753
100.34048
103.58338
106.40776
109.47813
112.54722
118.92026
142.60207
