11.39761
13.85727
34.59808
50.84180
58.48177
66.35552
69.59151
69.55856
78.37787
81.60086
90.03916
92.78275
102.00508
112.85168
115.70278
116.86705
119.63175
121.73893
122.56392
14.51750
20.74015
27.59406
33.06881
42.94358
61.15067
74.43196
93.43173
96.78834
105.90598
118.77754
121.98480
137.23156
143.68760
149.09055
156.51681
168.52427
172.58843
174.41676
4.64320
10.42716
23.58917
40.91268
45.93290
52.71812
59.28295
66.45839
73.15543
87.09979
92.51892
100.58570
107.35956
109.68463
110.07350
117.08293
127.66795
147.31247
155.97888
6.11270
10.08597
21.07539
33.75747
43.84184
46.80857
56.42004
60.55593
68.44546
81.76955
87.18602
86.99030
95.96125
111.79183
111.84006
111.89000
117.84570
118.47421
130.73320
8.74618
9.06114
16.41157
26.90550
47.31020
47.89453
53.05110
62.73058
68.47561
70.27692
72.82254
73.81747
78.56698
84.81780
101.31870
101.32108
107.71276
126.45669
126.78253
7.40224
20.60606
39.29947
39.87259
40.19290
48.72140
63.33886
76.70984
87.68939
95.74756
98.10184
123.81403
124.80044
128.36048
136.83566
143.50098
147.43027
148.77905
161.32452
2.50481
4.00254
21.16333
30.42994
40.03903
56.17431
60.65284
64.98000
69.01437
96.89391
105.29090
107.00257
114.97481
127.25072
130.71369
131.57517
137.66858
137.95735
141.32385
4.95295
17.16800
21.42614
36.05644
43.80338
49.99264
56.05693
67.19498
74.32129
83.58272
88.15715
94.18556
107.06339
108.79390
113.73675
120.54600
126.10115
136.99765
136.61125
5.49743
14.89575
18.62252
19.85381
34.80952
48.73650
55.71076
69.20165
69.71036
80.73522
84.64162
90.15358
102.67954
112.32146
120.90552
124.94706
133.30449
134.41058
144.92443
17.28574
19.15726
23.50443
31.03299
-1.00000
-1.00000
-1.00000
-1.00000
-1.00000
-1.00000
-1.00000
-1.00000
-1.00000
-1.00000
-1.00000
-1.00000
-1.00000
-1.00000
-1.00000
3.50446
24.41289
30.53852
47.33626
48.97998
57.36214
59.96053
71.71849
78.76420
92.77998
94.93103
101.46218
107.90527
110.68238
112.38446
125.48980
125.10584
128.65522
130.83229
20.56512
25.58329
32.57272
40.44356
45.39104
50.85168
54.98973
61.64742
67.63861
79.88653
85.13521
105.76308
113.43641
124.34220
127.29071
154.52881
151.10426
151.16713
151.81619
12.24917
21.43832
27.27957
44.40219
46.42566
48.28464
51.51247
61.42924
67.96238
73.95460
76.90070
83.35806
85.43506
90.30349
91.94901
112.52959
116.08748
122.40415
136.98002
17.17054
26.97070
32.49290
31.76668
63.66248
67.01857
75.85478
81.67321
88.84140
114.41830
136.48335
140.38750
147.48780
155.83237
157.26636
165.93514
171.02264
178.34314
186.90967
7.24138
10.25586
18.20141
53.74308
66.10040
95.25556
95.62961
108.57149
129.27236
136.88894
143.70366
144.73591
147.23272
150.01569
170.60394
200.58031
215.35304
220.61191
222.51537
5.53850
11.31619
20.07770
30.67823
33.52537
47.36240
53.67336
56.50865
74.57261
82.58147
82.91981
83.59484
97.97682
99.46634
104.27645
107.86423
115.69925
119.46714
119.47256
12.05814
15.31073
21.37537
35.30826
49.38225
64.96149
87.00659
107.37131
108.70762
112.00621
113.87694
117.20273
122.95642
128.24754
136.82714
143.32279
150.26381
161.96821
166.99355
7.97315
9.27206
9.92953
12.40339
20.26406
30.25445
58.82871
63.52522
65.52566
73.90805
77.25875
97.85526
101.33795
115.57356
120.21190
124.75078
127.96703
134.96761
140.99079
5.14698
9.55013
11.66845
19.56772
27.16400
29.99641
51.48062
58.21278
60.27211
66.63071
68.60652
79.53146
86.96438
89.29195
96.73658
100.14931
102.99355
106.03919
108.42158
16.45369
30.60099
35.40766
44.46536
46.41290
49.91201
67.63847
80.28735
80.32850
88.63304
94.93983
122.67560
127.90077
132.33603
135.02031
138.58761
145.60495
151.67640
154.29473
19.81154
25.96173
27.08292
33.60784
39.42580
50.38602
50.39453
51.13244
73.00185
74.57124
76.28250
77.57798
80.73106
83.81051
86.57178
89.76900
96.80073
102.12047
104.25213
9.49929
18.78554
25.07066
39.53185
48.95651
51.70765
56.96763
65.72537
79.49709
91.41169
103.13724
105.82591
109.32687
116.79207
117.73151
126.34541
127.14266
131.27667
141.62605
6.87236
16.28085
17.39477
26.16037
45.99817
54.78082
59.88176
64.07110
68.37266
73.65869
85.92643
94.59030
97.17328
109.56403
121.92693
124.32842
125.69860
133.46005
138.60506
29.26596
31.88278
41.85750
50.27279
55.48912
67.70340
68.65162
79.73579
93.48597
95.94696
117.37104
124.01067
129.14380
133.09864
147.92956
152.98304
154.84620
173.87570
174.34069
0.19701
5.26759
19.91232
33.14834
47.31818
49.57871
72.45009
81.15626
81.78420
89.38900
92.09339
99.65783
101.18535
104.04630
106.06699
121.23586
121.54236
132.92075
133.75359
8.39630
28.29515
42.49185
55.07240
61.37408
71.27036
71.22155
80.70492
88.36436
91.97991
89.66714
105.85392
109.83935
133.27251
138.63742
146.57663
149.30519
155.49653
168.67699
16.40661
31.16217
31.87826
33.60086
46.19749
48.56709
71.99411
84.36257
99.68565
101.03058
104.57899
132.60397
145.74683
154.65151
164.11650
164.73788
169.28238
179.12356
185.84192
6.74653
12.39570
19.31985
25.71822
26.84386
46.08863
61.33335
65.87775
66.77244
70.73575
75.62811
80.82811
82.18192
81.96791
93.53487
98.46787
103.79251
108.54748
124.19367
9.78804
16.42394
19.96534
20.57912
24.58914
36.41245
44.72014
51.60002
57.36465
62.16847
63.84528
67.44111
67.58617
78.26769
78.49317
84.26438
84.26845
97.33244
104.05501
0.45526
9.46235
12.46822
19.03634
23.40103
25.44563
25.84807
32.60611
46.10263
57.97565
63.68090
67.47121
68.08749
77.71480
86.64013
87.10188
100.40874
99.44547
101.97775
1.53141
13.26123
18.94580
22.36623
34.40077
41.88770
57.16501
58.01574
62.69309
67.92797
76.99236
77.70022
88.30432
88.44124
89.78082
89.45883
93.54344
95.58353
110.54330
8.78088
51.81423
57.71800
84.49788
93.38149
97.36495
110.74929
117.82451
-1.00000
-1.00000
-1.00000
-1.00000
-1.00000
-1.00000
-1.00000
-1.00000
-1.00000
-1.00000
-1.00000
2.11434
15.76973
27.32515
36.35634
41.92458
53.80921
56.84747
64.16204
74.02747
89.91211
96.76282
104.21027
117.15510
122.13136
122.17880
146.80055
149.75370
153.48682
166.76776
8.68232
33.44618
45.42075
49.11412
51.11037
69.83313
72.68374
88.99502
89.21413
100.33201
100.22011
100.45245
105.37885
107.59896
110.64367
112.28256
118.87696
118.94745
120.67357
5.58550
23.27682
38.12849
38.39899
59.00707
67.76688
84.97487
104.61269
106.97198
112.79314
127.38926
135.68539
138.16642
143.07834
152.40320
160.75483
162.27128
171.19993
176.47179
8.95670
33.60105
60.17871
63.32056
73.72394
74.59270
89.95854
95.50574
114.74967
123.32162
124.86635
125.89757
136.52660
152.80397
161.96566
164.10464
166.65304
171.60298
174.81576
5.95060
12.09511
32.55350
41.86142
45.50055
45.67206
67.27158
84.12117
90.76639
96.50868
100.34419
106.67231
110.44380
119.88364
129.10679
147.01800
148.35307
155.11611
173.62012
9.24389
34.34368
53.69204
56.17125
62.32416
72.59196
74.81018
76.70266
77.48181
80.28500
85.89660
110.10953
109.70592
132.15292
133.75528
136.59469
138.47350
141.91868
147.30647
9.93985
11.67265
28.60854
29.66966
31.64187
44.38860
53.92044
55.15358
64.79167
69.11819
77.55543
87.84270
101.46984
102.92546
104.54459
112.99444
119.82327
125.48812
131.01044
5.21367
16.96133
19.80827
29.60026
34.15861
45.27550
56.73138
60.41932
70.35625
71.30334
83.34010
84.49927
90.10192
95.96228
100.29577
109.05182
111.08760
111.63153
112.23369
6.86676
12.36015
21.70689
35.96659
42.31946
50.90047
56.31318
69.60407
79.79314
83.67301
93.49910
101.03459
108.83464
111.56798
123.36926
132.04572
135.82483
142.70904
154.89341
1.54650
22.22206
30.10219
31.68325
37.58609
52.76222
60.22395
64.81859
70.61451
76.69790
86.29881
91.17545
104.84281
129.96608
134.81821
139.23136
139.83828
146.62094
151.94441
12.31761
36.13895
39.35363
46.48146
52.17916
58.90099
-1.00000
-1.00000
-1.00000
-1.00000
-1.00000
-1.00000
-1.00000
-1.00000
-1.00000
-1.00000
-1.00000
-1.00000
-1.00000
5.58047
14.68492
20.14200
33.92640
34.44770
37.97840
41.60439
45.09103
50.69540
56.49899
68.60645
88.93395
107.14292
108.89135
111.52039
116.36596
143.68863
149.47404
154.50203
10.36499
14.39031
31.03122
36.01038
40.90014
64.81589
67.44931
67.83470
70.48802
71.53561
74.49044
75.01513
76.18950
74.68888
84.96845
87.63215
98.66928
104.48529
104.82803
13.98187
45.65117
48.99598
53.60258
62.34170
77.70965
78.82475
88.42991
108.84817
116.78031
128.49255
129.82148
135.63266
139.77026
142.57232
153.85046
163.76330
166.30438
177.72161
14.86308
15.96607
17.51599
23.53585
35.26034
48.23218
62.96874
68.10016
82.47518
85.86885
87.32036
91.79612
96.22750
117.00292
128.82904
139.07097
141.37215
152.29180
160.98762
5.99412
11.57046
22.10466
22.80371
32.40037
33.85538
39.65031
43.15098
57.62449
65.10416
65.94197
81.85804
88.19806
88.88852
89.08078
110.29615
117.64835
118.21498
125.39659
0.68591
15.29760
23.82964
26.96246
28.73981
38.13513
46.45993
53.12174
62.59860
86.17633
93.67265
95.72191
104.86428
106.14099
116.81569
129.39116
130.65931
131.72171
132.89692
10.22045
26.26363
33.51056
35.81331
41.61180
50.45287
61.59549
73.97936
74.58802
76.88817
88.57309
97.64061
108.89908
116.36823
121.50839
126.47180
131.80624
135.67431
141.64821
