14.70644
26.84130
27.23919
30.95123
32.07580
43.08439
43.24249
4.15009
12.16738
13.63316
13.86511
21.51224
34.32223
34.58115
1.53793
6.99157
8.78546
17.54648
18.69430
20.41123
18.82238
1.80940
4.32281
13.83101
16.61119
23.96852
47.12167
47.44455
4.45368
14.16872
23.69168
27.53469
28.10419
27.97481
28.18483
2.92595
12.97700
13.27450
15.35531
26.42407
34.79897
33.66018
3.45956
10.87436
14.77735
17.92615
21.63880
31.90709
32.05366
3.61633
5.01576
21.61257
25.67921
28.09872
32.81391
32.88810
6.73472
7.79058
16.13250
23.01532
36.94994
41.24835
41.42763
7.56811
13.74818
17.85634
25.34047
30.10965
34.15743
34.33441
14.15859
23.01860
42.50939
46.87833
55.98100
63.34142
63.47851
3.29113
16.36857
17.20662
19.98271
20.30416
27.02605
27.30256
4.92365
6.09673
8.36329
11.77082
13.98943
15.65230
15.81275
2.26052
3.30051
7.72689
14.02607
15.16302
18.05678
18.31121
1.28324
6.69109
11.96022
12.60978
21.01279
30.55530
30.74111
6.71622
9.22387
10.05992
13.14876
13.43078
14.60648
14.70679
0.83429
2.07198
10.13793
11.08396
11.22981
16.61576
16.96862
7.12814
9.67064
11.73968
18.47968
20.07500
23.41772
23.49519
0.83607
6.60702
8.11798
15.61378
20.04483
28.41820
28.60625
6.87607
17.56890
23.26398
28.38550
32.37378
36.95400
36.97563
4.97055
10.59684
31.09472
44.06214
44.27709
45.59082
45.67320
3.25078
10.15723
16.47063
22.85770
32.03290
30.12566
30.14815
5.40732
5.77168
18.54620
25.41384
44.11635
45.12782
45.26009
3.76609
12.74291
24.89310
35.87083
40.13314
41.67525
41.86370
17.84920
28.04809
31.43389
31.37073
36.90670
40.78833
40.83216
3.97600
11.48509
11.86333
18.73065
22.97897
26.56499
26.71396
1.09683
7.93045
12.06196
13.66023
22.41845
27.56799
27.57169
3.49246
5.61878
7.55308
12.29490
18.02902
25.04956
25.12641
2.69806
6.83299
12.08057
22.35609
32.12404
32.80687
32.93437
2.32381
15.97664
19.07344
22.23004
28.90337
30.27111
30.59718
1.42374
12.10504
13.15367
16.24302
21.42490
23.17506
23.23127
3.76498
10.11635
27.33522
31.55391
33.11355
46.32997
46.68167
6.98079
7.87234
10.28464
10.38673
11.38618
12.19865
12.30902
3.22199
18.13898
25.78411
36.31534
38.63478
38.82711
39.15131
11.77869
14.26422
15.50765
22.34601
28.33369
32.02422
32.16208
3.35250
6.85326
9.17883
25.83250
30.66875
34.33572
34.22133
3.43349
6.64202
8.08779
8.63791
10.96777
16.65714
16.77329
9.35746
18.62020
19.60171
20.96571
21.22059
25.69121
25.69344
1.65843
9.17138
9.76628
15.62068
17.72748
19.44461
19.83984
6.94386
16.20612
19.20947
21.18029
28.17087
35.15477
35.41384
2.22283
4.15301
7.12111
31.45618
35.44762
35.74254
35.89832
4.08445
13.10210
14.81783
23.57366
32.26702
33.44191
33.52208
4.70235
13.68635
15.48646
17.21938
25.14665
28.81720
28.97261
19.21007
26.87493
45.52701
46.22234
53.03801
57.02620
57.21568
19.27976
21.09437
29.11639
35.94604
45.21232
48.35709
48.51052
3.74395
7.67998
9.76040
17.25760
22.06041
33.84510
34.11946
4.80646
24.28145
25.61881
27.72783
32.95026
33.55436
34.12210
6.33905
11.34347
28.05797
30.17597
30.41352
36.78617
36.89040
3.77840
3.51733
3.17586
16.68732
23.71634
28.95241
29.05067
0.48785
8.25875
21.55473
24.45786
26.54776
28.94252
29.04669
