4.30561
9.13750
11.34614
12.94831
17.77617
19.83211
22.48207
30.60083
40.80320
50.28207
56.44496
58.97069
59.83187
70.08273
80.80642
90.40693
93.78874
0.68298
6.75739
13.97466
19.05147
42.56878
50.39051
51.09567
52.51474
55.18321
60.21328
60.39456
68.44820
73.43849
75.53801
83.87959
84.40202
84.84295
5.38425
11.99085
19.28443
20.12718
22.52684
34.21773
39.18745
42.23756
57.70648
61.56747
72.51384
83.29832
113.98659
114.81550
114.81552
125.91983
136.68942
5.54764
18.91730
22.64024
31.43383
38.92274
49.48198
64.71296
65.90120
74.04936
79.16385
82.98964
96.88273
97.03714
-1.00000
-1.00000
-1.00000
-1.00000
20.13874
40.32506
42.63383
51.30939
60.70440
62.46591
66.45577
76.35511
79.06757
86.14550
89.75050
93.09898
101.64588
105.87753
111.84485
117.49501
142.17218
11.76562
23.01370
32.95914
39.22957
42.71433
44.80200
64.80069
68.03248
70.12417
78.01524
81.82349
85.68190
93.12694
102.29634
107.11941
113.53126
114.85561
7.80476
18.39817
34.25567
44.43023
59.84448
61.51761
64.72326
82.51108
100.56602
102.80845
107.26441
109.62681
115.05143
115.99639
130.54258
132.76784
134.48966
12.33638
22.61078
25.97545
29.71371
33.40945
49.92195
49.43289
51.54554
58.52160
61.53839
66.32413
69.09050
75.19641
77.85483
95.54988
101.16418
105.58391
3.70374
5.49099
9.22765
10.99739
23.29704
29.26112
40.84875
45.96315
50.56333
55.71048
56.32049
62.61666
68.37706
81.79587
114.47747
134.66747
139.78977
1.94318
10.04116
11.49327
15.49647
18.10231
24.70212
46.34624
49.69529
52.25233
53.69778
57.80587
61.05987
64.34480
83.33181
84.85580
85.10068
94.46844
4.57292
11.82063
13.08877
16.33228
26.10406
29.87413
30.71340
57.05041
58.06058
61.88992
66.47759
69.45984
75.91421
80.11176
88.83472
90.55492
91.88883
16.01379
21.63017
26.82175
35.21392
47.72704
54.15217
61.81351
71.77484
73.86739
77.36765
78.60497
95.70093
107.06133
112.24423
121.28477
126.39985
129.15834
12.76282
15.59157
21.22022
24.14699
27.47521
34.68888
39.64134
46.47229
52.24836
63.79008
90.90953
98.91476
113.16081
116.49765
123.07241
130.57716
131.22900
14.03455
17.36567
32.46419
38.21603
44.64653
55.49836
68.38090
80.96026
81.74265
85.96557
89.14776
94.23655
95.65523
96.36828
112.54839
116.13092
121.22993
10.11588
11.65452
19.08658
33.82789
35.35567
45.04008
46.35353
49.58778
54.66242
64.92605
72.09453
76.00764
78.92143
84.48439
95.23160
96.47741
127.17295
2.82803
12.73410
16.21488
28.06056
34.88964
50.17222
59.61705
61.52989
72.62991
74.24414
87.54334
97.29877
122.90993
122.91215
125.02285
128.15604
139.74109
0.86780
4.10710
8.02592
10.81603
13.73577
16.66645
43.23753
48.01088
58.97628
72.06244
90.60083
90.16181
96.75222
96.75737
107.69284
115.18166
116.06339
4.22575
8.87187
12.05202
16.95360
28.64679
31.72479
37.92298
42.64915
47.85234
52.83292
59.07256
68.19300
85.24577
91.13101
92.81860
94.11490
97.07740
4.31806
10.43821
14.23570
22.49570
30.10232
34.53783
49.21936
52.31442
61.31457
68.33524
70.28031
74.79926
82.25548
83.04231
100.09355
99.95354
109.01946
6.88879
20.76083
29.01668
29.45065
35.59167
38.29592
44.98794
48.37896
48.42419
54.89415
65.74691
80.23869
83.52990
83.95829
98.59502
101.74341
125.83013
8.66174
14.19790
15.70567
14.78217
20.69927
23.67002
25.85819
35.12226
34.77421
35.52369
61.41944
74.50153
86.10593
103.31085
113.43270
115.66566
116.36419
23.69623
30.47011
40.40819
44.20132
53.87166
58.46255
59.35737
68.42057
99.84943
118.75120
120.68597
124.78471
131.95532
135.36230
140.29175
148.96826
153.51210
3.62732
11.91936
16.61206
20.70900
43.61838
50.28142
56.78027
69.69067
72.27775
80.81436
87.12464
87.18171
87.44825
91.25428
99.60455
108.11824
116.90447
0.71293
8.16283
12.18283
15.11352
15.39475
18.19293
30.89249
44.90333
55.41732
58.27896
74.05384
77.41929
90.17188
93.75148
99.94279
107.52830
114.62401
11.96914
24.58264
30.75604
37.36683
38.79076
44.76102
48.59758
62.07041
73.41178
104.92211
106.15207
106.49083
106.90228
110.37074
115.49569
117.85813
115.53382
10.30709
17.91094
23.20826
23.36172
41.89307
43.23414
49.70376
55.36457
76.49493
87.14823
92.82924
100.20091
101.01696
108.83021
125.89764
129.61153
140.37199
9.67380
19.65884
23.39898
25.81554
32.96733
39.55214
47.55570
55.59557
59.84011
61.90443
68.08526
85.78693
89.09712
89.97366
98.04656
97.98887
105.11827
10.95995
12.40711
17.33282
27.00980
37.55599
46.28564
55.57883
63.25991
66.19551
67.20205
75.00605
84.02352
84.45004
84.54281
100.28860
101.11333
109.32766
3.38747
8.09859
8.87033
12.73018
15.26260
18.79770
24.51283
38.44506
46.34355
51.89506
80.50867
94.04086
94.59277
96.21344
97.12622
97.51969
101.37448
11.64916
23.51197
26.53954
28.60186
28.80885
37.75295
37.45727
39.21531
47.16997
53.87820
70.04207
81.70972
86.56408
92.97154
96.34615
94.25917
99.64522
6.68857
11.60136
20.98847
48.80191
52.59601
68.04820
81.68970
85.53366
133.09108
133.23242
138.07119
143.14078
162.29942
164.01624
177.66383
178.36419
177.89797
7.70116
11.39579
13.95757
19.93912
40.16182
49.43442
57.20025
64.49553
77.68913
82.77142
83.54715
90.75515
114.28717
117.90266
118.98575
120.89800
138.72294
8.52674
16.59100
20.60310
26.51270
47.33547
55.39338
59.42089
66.09295
67.33744
78.08253
79.15561
79.25345
83.21092
87.04900
95.86853
101.61462
115.67021
1.77775
8.79087
16.42861
29.82121
39.48279
49.48198
58.90206
60.26800
71.51179
78.13704
81.25367
92.13595
94.55697
104.65219
113.57758
117.86147
119.58871
15.80870
18.88001
21.04594
32.60654
39.32074
42.49708
44.51795
45.13915
51.86238
53.38713
58.52097
69.17024
74.86496
77.07180
80.81701
81.95182
83.03996
1.07059
3.69279
7.03760
12.78369
25.38577
27.61119
26.72603
30.20380
38.01634
51.32490
57.93504
61.94159
71.27133
68.47719
71.64751
86.26412
94.68730
0.87179
10.47597
23.74130
28.34805
31.28740
36.53717
37.78982
49.63668
52.63978
58.00724
63.81430
74.72730
76.09280
82.48056
87.18909
90.07509
92.31010
19.01645
32.09141
49.71246
52.11461
63.25128
61.23771
65.78575
85.73206
94.11265
101.78872
114.62801
120.77409
126.72922
140.51185
144.68846
149.10904
153.56494
10.78691
15.42267
20.40425
27.60011
39.85680
45.66720
65.72830
74.65900
83.46683
81.32850
93.90189
96.34391
102.49026
113.65405
129.52603
134.62555
140.37293
2.17655
12.43006
20.85216
22.76784
25.76352
37.07400
49.85372
65.91911
68.90484
75.63336
76.12590
82.71323
86.89683
95.01504
104.77618
111.49540
113.70423
3.18002
6.77025
9.44943
29.75942
37.76290
45.91984
51.10171
71.31920
75.74215
82.18562
84.89104
85.11938
96.48195
102.06543
105.13109
111.70470
113.33002
7.49169
17.82364
37.12961
36.74075
53.44244
65.98188
66.48498
66.84313
67.37610
73.23894
85.62619
94.49337
111.14186
112.93495
114.14665
117.41733
122.47214
16.46939
18.67181
31.29208
40.81675
65.23317
74.86267
87.28719
87.90345
95.39981
103.72107
105.78297
112.38066
112.41081
117.60431
136.25767
146.64118
155.40358
18.95798
29.17791
38.15020
50.37390
54.28655
65.12376
70.23947
77.88939
88.42260
100.17813
100.75197
102.57081
106.69534
110.05085
113.21797
119.08570
130.46535
15.63670
16.63064
25.86879
31.27379
33.83778
48.58810
65.14898
66.40955
69.30822
79.67388
87.94044
97.71605
104.43007
104.61909
117.62867
121.36072
122.78049
11.50438
21.22663
21.32283
26.37964
36.32245
68.69332
68.94108
74.42575
78.73164
90.54474
99.96181
103.39127
105.38870
111.75461
112.35246
113.84271
122.64483
9.88499
17.10667
22.43176
24.51460
49.23028
51.51718
57.02780
57.98318
54.94350
60.80019
63.44750
68.78395
78.18723
80.93865
82.65219
87.83763
88.75403
9.53729
15.38884
18.59147
22.71184
35.54873
46.44843
50.53053
53.94673
55.74616
76.61360
78.97177
87.76161
98.53656
113.92621
118.13391
126.35155
127.11931
20.67075
42.11444
56.90782
59.00179
67.23488
75.32602
76.13922
77.41848
80.12303
87.36925
93.86442
99.34955
100.61377
109.71066
115.48382
129.46478
129.59225
8.76668
15.57826
17.91999
25.55737
28.07087
35.79726
53.02431
62.69766
72.45177
82.85040
84.33875
89.76954
103.21012
108.08144
112.91992
118.77889
118.98830
