0.78011
1.02933
1.89330
2.32575
3.41113
3.45939
5.80900
9.21963
10.12419
10.61279
0.27898
2.10915
2.94395
3.32728
4.35397
4.85709
8.78304
10.33546
11.24126
11.79093
0.47769
0.47997
1.08688
1.58885
2.59374
6.48687
7.88266
7.94908
8.37007
9.02852
0.33917
1.16190
2.47293
2.71864
2.77463
5.64045
5.93171
6.33410
7.26828
7.92100
0.90904
2.20319
2.30535
2.84979
3.45930
3.49305
4.18982
4.86747
7.72590
9.00622
0.50057
2.31176
3.48192
3.61543
3.61756
8.36072
10.56896
10.59641
11.14835
12.85830
0.06429
0.88103
2.40184
2.70985
5.28503
5.86928
6.91851
6.96664
7.19745
7.47018
0.43400
1.33088
1.37245
2.86498
3.29522
4.02675
5.67887
6.58047
12.30858
13.71846
0.19228
1.64711
2.23347
4.71262
4.96833
5.21090
5.74948
7.09260
8.34692
-1.00000
0.24304
1.36780
1.77821
5.18370
5.86210
6.70295
6.83223
6.99658
9.03732
9.23817
0.05244
0.80586
0.97908
3.45187
4.85684
6.80274
6.80298
7.34240
7.53005
8.84610
0.10081
1.18595
3.43355
4.62353
5.25863
5.41757
5.45363
10.21938
10.40277
12.12716
0.58214
0.58448
0.98544
3.10168
3.82359
5.16638
5.44364
9.99091
-1.00000
-1.00000
1.84940
2.05023
-1.00000
-1.00000
-1.00000
-1.00000
-1.00000
-1.00000
-1.00000
-1.00000
0.04238
1.54954
3.18837
3.34665
4.30445
5.11641
6.89454
7.05795
9.33966
11.51732
0.39126
1.16396
2.29663
2.91138
4.30462
5.34087
8.27961
10.00127
10.23669
11.63514
1.29991
1.77511
2.83975
3.99089
6.53741
7.34844
7.52669
7.62332
9.03795
10.68482
0.26913
0.76368
2.99961
3.24730
4.72845
4.79253
6.11322
6.68126
8.25935
9.48314
0.83123
0.92196
1.26877
2.05868
2.40640
4.59861
5.04048
7.11495
8.15949
8.33729
0.63745
2.15860
2.30400
2.39893
3.13319
3.91334
4.72934
6.90520
6.90911
7.16727
0.04978
0.11945
1.00619
2.62014
3.11459
5.95190
5.95679
7.33306
7.97533
10.78931
0.26197
1.51769
2.23596
2.54197
3.59419
3.88656
3.88919
4.05866
4.89966
4.95319
0.16858
1.38288
2.44235
2.53853
2.71553
3.95470
4.11512
4.72712
5.09530
5.21064
2.95442
5.47152
6.99764
9.36814
9.68435
11.40922
12.51909
14.45931
16.57286
17.47210
1.92710
1.99532
2.71452
2.80048
4.43747
4.48435
4.96662
7.72771
8.77371
9.66606
0.09817
1.26229
1.27653
-1.00000
-1.00000
-1.00000
-1.00000
-1.00000
-1.00000
-1.00000
0.45901
1.28991
1.53450
3.25001
3.66047
4.38330
4.45645
4.80485
6.72997
7.69533
0.57629
1.37707
1.57183
1.83230
2.33814
4.25189
6.49813
6.86104
8.19069
8.76857
0.00037
2.41552
2.91254
2.96854
6.54559
9.30821
11.04188
11.27440
11.47948
12.24382
1.09162
3.46896
3.60440
4.73823
5.77500
7.13868
7.51154
7.89955
9.81237
11.24000
2.41787
2.72242
3.27492
4.40935
8.89286
10.44925
10.61740
11.20440
11.48318
11.49065
1.19891
1.25715
2.36456
3.05402
3.17577
5.05906
6.74830
8.51562
8.77748
10.06876
0.56436
2.34933
3.15118
3.19633
8.55898
8.78704
9.71219
10.27590
11.74879
12.56055
1.84036
2.60295
3.32861
4.15220
4.20477
4.23220
5.89894
6.76001
6.92617
7.59236
3.07816
7.13418
9.37487
10.96402
13.51031
16.15647
16.22432
16.28298
16.53743
17.80332
0.43237
0.72979
0.76632
1.49377
2.82629
3.67177
3.97281
4.10461
6.26271
7.78658
0.40796
2.97622
3.88031
4.06956
4.59933
5.35929
5.43428
5.99719
6.17843
7.12417
0.49911
1.44775
2.06429
2.06511
2.58185
2.68368
3.72844
4.17511
6.29161
8.36857
0.51057
5.33225
5.72912
6.56558
9.48900
9.93823
10.30318
10.72688
12.80537
13.98912
0.24267
2.03915
4.64311
5.02271
5.95520
9.56049
11.25041
13.48992
14.27640
15.93686
4.50008
7.31624
8.78201
9.72022
9.91689
12.26213
13.39347
15.81894
16.74913
16.75658
0.64262
3.90687
4.75280
6.75722
6.94307
7.56663
8.31768
12.49189
12.59907
14.95978
2.28234
4.57677
5.56583
5.98097
6.84109
7.47597
7.84848
8.59804
8.72747
11.07354
3.44874
5.05170
5.34591
7.37830
8.59817
9.37285
10.00868
12.96593
15.52896
17.03203
1.15206
1.99195
2.14915
3.28284
4.43431
6.11383
7.43066
7.57465
8.06690
9.68822
3.67804
3.75511
5.29157
5.42569
7.37633
7.56605
8.23190
9.30345
9.38247
9.82582
0.58283
0.91076
2.45374
3.03481
3.67048
6.31975
8.20374
8.97393
8.97508
9.73758
1.38880
2.10516
2.35548
2.35843
4.49103
6.56964
6.60092
7.72258
7.82663
10.29712
0.21184
0.63792
0.64959
1.78992
2.89966
3.87627
4.46735
5.95991
6.70745
11.17052
1.27098
2.95566
3.07216
3.87162
4.09674
4.10763
4.43794
5.74193
5.95913
6.59187
