0.09378
1.07693
2.01221
2.34842
2.45192
2.45428
2.55083
2.60298
2.67182
0.92068
1.28118
1.44400
1.58236
1.98968
2.36019
2.36587
2.65033
2.88801
0.17723
0.84652
1.31586
1.85430
1.89601
2.01398
3.02874
3.03647
3.10279
0.04821
0.40070
2.34973
2.44057
2.63209
3.50241
3.70382
4.29422
4.37024
0.15011
0.88263
1.31420
2.45157
2.93136
2.99110
3.02426
3.16319
3.18903
0.21085
0.39811
0.43398
1.06932
2.57397
2.61902
4.20420
5.08361
5.15131
0.40957
0.85744
1.87139
2.50162
2.51621
2.66413
2.96624
3.20019
4.29906
0.11487
0.39112
0.50873
0.85626
1.54547
1.95537
2.20515
2.37354
2.59815
1.34661
1.74117
1.82732
2.04884
2.58410
4.13109
5.77612
5.78318
5.94853
0.96279
1.04039
1.04711
1.07404
1.30675
2.31338
2.58292
2.59164
2.92945
0.29115
0.84288
1.02324
1.78388
2.00353
2.94225
2.95602
3.23167
3.57246
0.54813
1.09385
1.72185
1.78702
2.47439
2.49045
2.95031
3.27300
5.55622
0.38047
1.10623
1.39209
1.99555
2.24367
2.57313
2.73867
2.91459
2.97430
0.46752
0.69859
1.00386
1.22486
1.77227
2.00748
2.55589
3.05764
3.13917
0.03764
0.19806
0.26560
0.80421
1.21574
1.74938
1.88481
1.94288
2.14116
0.05150
0.83569
3.04474
3.46686
3.58157
4.70100
5.27700
5.27952
6.19688
1.51420
2.37260
2.42607
2.54416
2.61452
3.36593
6.11249
6.60237
6.62129
0.21488
0.40103
0.84698
1.32493
1.63642
1.74119
1.84038
3.58435
4.34730
0.57752
0.75419
0.76328
1.31641
1.55823
2.02967
2.49165
2.67036
2.72790
0.46455
0.47162
0.51347
1.05597
1.55799
1.89021
2.20516
2.89670
3.06907
0.42352
1.00191
1.13456
1.30463
2.20037
3.91734
-1.00000
-1.00000
-1.00000
0.13455
0.78453
1.27978
1.59574
1.60074
1.90359
2.16277
3.22204
4.11914
0.54840
1.01522
1.41661
1.45847
2.02888
2.34582
2.55477
2.62256
2.72508
0.96996
1.11890
1.47948
1.83886
1.96180
2.16449
2.28556
2.87253
3.24077
0.27473
1.16767
1.29408
1.54693
2.14668
2.33048
2.43903
3.81171
3.87611
0.29196
0.50000
1.80792
2.74714
2.81372
3.40924
4.75378
5.25357
5.28689
0.60797
0.66212
1.96199
2.10777
2.34340
3.22818
3.44289
3.49409
4.11747
0.81985
1.16135
1.57124
2.05082
2.22077
2.38947
3.25742
4.49076
5.45787
0.28047
0.39805
0.56123
0.56671
0.67974
0.82533
0.99855
1.14907
3.31353
0.12189
0.12233
0.26725
0.34723
0.54990
2.65882
3.37046
3.43792
3.92427
0.01460
0.06925
0.16824
2.93150
3.18747
4.55828
5.40906
6.09187
6.13650
0.55088
0.59151
1.22472
1.31239
1.83112
1.90264
1.90472
1.92567
2.06552
0.14895
1.38210
1.46260
1.46285
2.27759
2.34229
2.53693
2.61037
3.18857
0.00272
0.00825
0.40779
1.21172
2.49648
2.58292
2.84476
2.94199
3.23736
1.11426
1.12564
1.54929
1.82568
2.24826
2.36546
3.51295
3.74481
-1.00000
0.11413
0.20492
0.63555
1.67301
2.17149
3.24647
3.67125
3.97745
4.78368
1.49971
2.11501
4.01420
4.44189
5.19368
5.41375
5.53336
6.73069
7.01965
0.54447
0.70455
0.73009
1.10363
1.57058
1.90272
1.90964
2.11801
2.34016
0.06574
0.79733
0.89460
1.83810
1.98470
2.62916
2.71783
3.03762
3.63647
0.09270
0.23185
0.68063
0.92165
1.14584
1.47855
1.48219
3.27759
4.13852
0.03829
0.72971
0.74014
0.87561
1.28881
1.33992
2.63707
3.21274
3.32709
0.07624
0.13981
0.78958
0.96287
1.03960
1.80169
2.09609
2.27334
2.82753
0.34530
0.34743
1.46267
2.11643
2.24147
2.80970
3.79353
4.79965
4.89845
0.14323
0.15687
0.48065
0.59166
1.00885
1.28365
1.28391
1.65587
2.88367
0.00971
1.10340
1.17787
1.75502
2.88891
3.23077
4.48316
4.96379
5.61206
0.24375
0.32441
0.43644
0.99786
1.85596
2.15235
3.85635
4.19220
4.79981
1.70937
2.08228
2.15990
2.54386
2.66050
2.66082
2.67348
2.69546
2.92384
0.19771
0.26565
0.94870
1.75536
1.88545
2.30214
2.51942
2.71557
2.74691
0.09026
1.05710
2.57730
2.95742
3.20000
3.41853
4.25244
4.30282
-1.00000
0.27831
0.93666
1.09357
1.13231
1.59953
1.62918
2.08312
2.41953
2.86680
