7.57542
17.39645
24.41594
34.17760
56.02897
82.34204
89.30715
93.09700
104.23196
114.81004
117.03773
121.50318
125.62083
138.51868
142.57642
154.14836
162.15436
163.66530
165.38321
4.04918
13.47021
17.57222
22.64432
39.05367
44.69887
73.79562
82.10215
87.61664
106.32560
117.66176
130.43390
147.51580
153.94009
162.42533
188.62501
199.58078
218.12223
226.74002
4.63157
23.47794
35.97415
40.47157
52.07101
82.52572
104.38751
110.30860
131.38911
141.41430
146.02129
157.20978
161.80844
162.68066
179.68695
198.47834
210.38693
219.79741
227.76066
16.91629
37.61029
41.89310
52.74135
55.26579
57.09026
71.92720
82.62106
94.29018
98.46790
125.20826
129.24238
140.03257
145.84525
160.37369
165.28068
165.78434
182.08396
183.16402
11.96329
29.72582
42.98002
73.97570
82.37674
93.38318
108.83677
111.77842
128.85131
131.59164
145.69428
151.91519
158.64056
158.77185
164.40085
165.61535
168.15024
171.77891
175.45564
23.42692
57.27248
70.42630
75.55063
86.68627
90.73294
102.49141
107.42656
117.02735
122.06972
122.78221
130.61614
130.95865
147.86592
157.64403
159.26567
174.69302
187.82322
203.60749
4.94076
11.48983
12.33460
18.19834
41.80021
54.37033
68.19542
72.98688
75.82163
92.20285
95.85232
99.17198
116.90266
132.74459
135.30432
152.47772
154.89809
157.87046
167.03298
8.05310
24.46888
24.94397
25.90599
59.68313
68.29473
69.52933
77.22379
96.54732
110.89343
120.84213
126.89874
149.40450
155.77935
170.81480
173.11807
191.43096
192.02755
200.27979
10.78527
14.61261
20.92848
30.63597
35.90881
44.32002
50.78765
53.91779
74.42193
81.55208
95.61799
95.89434
113.04641
120.34131
121.10788
121.60226
129.58377
132.38259
132.90164
14.36903
19.17407
37.33293
40.99271
67.45468
71.17198
72.44423
82.68630
81.87867
93.88315
118.65295
141.49379
143.59487
175.07906
193.06828
193.84476
202.15099
202.84020
211.61063
7.56132
14.16610
22.90006
57.40250
67.43315
79.36958
85.86693
99.81417
120.56375
141.29133
148.21090
151.21629
156.74592
170.63687
185.23593
188.36021
196.20531
198.59154
201.80145
2.77033
10.14927
17.45765
44.26526
62.39217
78.24084
111.31750
118.49735
119.20391
125.16773
151.10022
152.12177
163.98071
173.69658
184.35288
197.57926
215.13822
220.90394
234.07688
8.81822
14.59844
18.81880
35.08812
37.03585
46.29644
58.55547
73.39986
73.86602
78.47192
93.16537
97.98586
110.33265
135.91292
150.80944
154.02602
162.72749
168.01312
169.60515
24.18606
36.34257
38.64163
47.41847
71.59786
84.84848
99.60231
100.82146
120.22704
137.25120
140.34010
152.43773
154.12638
156.34671
162.44103
170.12555
184.45999
194.98173
213.78151
15.29534
34.77706
42.20473
46.20630
46.28793
58.95448
91.64702
93.69455
103.49196
122.59040
124.75289
138.27925
156.12903
159.46610
170.81001
181.24367
193.98274
204.40131
210.23114
25.93683
32.72149
40.31733
49.71688
66.10599
79.57157
84.43535
89.66740
102.19500
112.52942
116.36810
122.16578
140.94833
151.29574
154.87630
173.29022
187.26114
202.04536
208.74702
9.04141
14.22048
21.58039
24.73843
55.60821
63.80538
78.03367
105.34898
112.34299
112.34312
123.18431
129.55592
139.54150
142.33816
146.68427
151.62190
154.77493
162.16851
171.53874
1.82611
25.69162
31.88350
42.81468
51.28434
56.26549
63.79169
86.73230
97.29399
108.15566
109.59887
115.20514
120.17572
142.05887
165.06086
194.11282
199.96952
206.92231
221.12105
11.77839
14.02036
28.04931
50.78697
54.84647
61.21521
68.93432
77.22865
79.21909
101.84258
117.54627
133.33783
142.07776
147.23166
158.14631
159.28621
171.90756
172.96801
179.26703
12.90668
26.23115
40.75477
48.24917
59.17571
74.00194
81.43077
98.30838
106.83082
106.95712
112.56690
131.39914
133.80871
148.02595
163.34142
178.44350
182.08378
191.31525
196.55041
26.99705
55.33380
62.81340
85.17774
90.77559
106.04856
-1.00000
-1.00000
-1.00000
-1.00000
-1.00000
-1.00000
-1.00000
-1.00000
-1.00000
-1.00000
-1.00000
-1.00000
-1.00000
2.26363
8.38435
37.97786
48.44324
69.15410
70.90335
73.90590
79.25847
81.58364
85.69282
90.29885
100.04340
111.95586
134.15279
134.15955
160.41518
171.25958
176.78539
189.92470
8.67300
15.51155
28.68724
46.47342
66.71553
88.36883
90.54551
113.23925
125.48970
141.13039
162.58184
162.92022
179.12862
199.28288
200.78499
215.53491
235.60106
246.20362
250.63099
11.31472
15.18008
25.80591
43.88553
48.23935
52.35755
59.16073
72.06687
75.91701
80.16070
84.82373
89.66574
118.77356
135.20508
139.62221
143.78110
151.05116
158.64327
173.96749
4.69972
13.44557
31.74673
40.86291
46.70919
66.86667
82.98896
91.61199
105.55932
111.81984
117.72405
142.95389
144.96008
154.96607
184.83720
189.05915
194.39668
206.04224
207.82789
7.33882
13.37594
20.58625
40.83294
44.58016
52.99771
58.44087
66.68487
84.79813
95.49792
99.56915
105.22005
108.44964
120.56116
122.54746
130.17780
134.28422
135.64674
144.96381
4.46757
14.52213
34.85017
44.42181
68.23114
83.14523
93.72224
102.22264
105.20020
114.95625
130.63786
146.93676
165.50055
177.99152
178.62509
186.00224
191.90268
197.85088
211.83847
6.69933
9.73571
20.82289
23.39310
34.25869
58.94591
77.05957
83.10274
85.87142
90.47645
96.15553
117.38434
127.47089
129.94257
138.36047
159.15448
159.26731
163.58131
174.83456
5.09907
11.97514
31.91249
36.68898
38.52710
57.92527
74.35037
96.06932
103.91585
137.43869
146.84115
153.79906
158.85071
172.83867
187.71336
198.75914
200.92858
224.70806
230.25642
2.01235
8.63522
18.43188
23.06772
24.69462
44.08928
46.72609
66.72078
92.99332
100.75611
104.71154
109.61169
121.75843
126.65789
140.82832
149.53941
161.58379
174.63431
175.79545
3.09616
12.32748
24.38166
27.20404
39.24101
43.85976
51.07195
57.45031
72.33793
82.46146
86.83125
90.83531
90.99918
128.82181
138.22378
139.01399
153.94702
164.08981
175.06792
10.38707
29.55777
41.24566
52.20882
62.19676
67.48018
84.60877
94.98156
111.66339
114.12987
135.46444
137.80196
141.42082
145.45049
150.17683
153.21559
163.22265
168.02508
174.47249
27.43313
41.48697
50.66977
60.75774
94.49309
96.51105
101.31558
107.46188
136.54466
143.20750
149.58794
157.75447
168.16510
170.44363
174.00200
180.25244
192.88844
195.22417
196.96067
7.60876
16.31402
19.18278
26.25600
34.52148
39.04184
43.43960
52.85471
54.09046
54.21480
70.84947
77.79633
76.15876
97.10975
111.71563
117.84339
119.71331
130.75520
139.58578
5.01667
12.70453
19.86247
50.07795
57.21614
73.52778
81.38719
90.44241
95.88013
97.66480
111.85027
118.70683
128.37073
144.67617
159.15540
164.95821
177.99093
196.42347
202.83845
12.97721
19.25530
37.31819
44.29474
58.45409
71.29417
86.85827
88.80582
100.75030
102.77468
110.85056
126.63548
136.68260
139.08750
137.56958
148.96950
149.07483
164.00845
167.07330
12.96018
24.34355
28.17169
40.19096
49.30689
53.54142
77.36194
84.70601
83.79649
89.20984
118.06839
140.41672
169.84588
173.64303
200.93051
205.28023
215.73730
218.01968
220.57003
6.03213
8.68470
16.57054
31.14726
39.65430
49.15487
64.17333
66.42596
92.37128
114.79131
126.20162
141.62121
152.41986
161.17963
163.48872
174.75667
180.49237
180.66370
193.61821
19.64970
41.10838
49.41630
55.69020
63.16411
75.18728
84.07056
97.51351
107.09824
107.10093
116.81298
120.33776
133.50121
145.94883
149.79130
152.99087
170.48348
178.51511
186.70551
5.27945
26.91747
34.59671
46.94072
55.18251
63.79755
66.64146
82.67758
85.28179
103.23818
106.52627
107.26181
116.81251
121.50668
120.38983
127.84166
150.40360
158.80905
160.78562
2.50850
15.42981
24.61986
37.60599
45.94743
51.37667
52.34937
62.40426
72.99761
85.51071
94.70278
102.04002
112.00382
123.45155
139.44944
161.13582
160.50354
162.65674
183.37921
18.12066
23.56523
37.10551
54.24590
75.84640
75.28097
86.38216
113.46347
119.88301
136.39346
143.57435
150.02069
158.95050
168.66422
169.07108
175.38451
186.41127
188.34495
189.72865
6.19588
20.35122
24.18282
33.37440
52.08298
70.68655
78.80070
102.45339
112.02797
116.62198
129.34825
122.76867
127.29433
150.34784
152.33849
156.71762
170.15946
182.35993
185.21867
14.18610
20.83735
40.24820
53.04950
60.82191
65.33099
71.17340
71.94803
98.45935
102.90496
106.07582
119.45515
130.34379
133.16901
133.18930
133.28109
137.68676
146.01905
147.15704
23.71246
29.56552
33.38754
45.14074
48.86084
66.76022
78.25768
85.31930
99.26387
110.67092
125.16263
130.20347
148.02094
149.48567
154.78567
154.92267
159.52469
168.41758
174.36826
18.39897
24.16413
32.91701
38.59108
49.19272
57.23676
58.39523
75.21927
77.57965
85.83073
92.68492
106.26561
121.14852
139.22454
151.06017
155.29984
159.22885
171.59903
179.36960
7.90291
25.77910
35.98443
59.91920
67.38629
77.53781
113.76056
127.18731
134.56219
146.00788
165.50564
174.43354
184.97781
195.12985
191.31180
193.83011
204.89543
205.31841
227.07383
8.51793
16.43021
26.44423
31.40117
39.85787
54.37878
61.95613
71.31075
98.84492
120.75599
123.68963
131.72543
132.63011
133.49654
140.83767
141.23049
149.97907
161.42157
171.43436
6.76654
14.16739
28.83520
38.33309
44.17490
55.49080
64.25798
67.17275
67.42151
72.03860
95.17179
107.58601
120.17393
128.68807
139.74026
144.86599
161.25450
165.72637
162.28716
24.75157
25.73729
35.99571
40.81561
52.02031
61.90943
65.11051
80.49404
82.01892
82.08891
115.01378
118.29064
120.75134
123.93473
129.04008
131.32135
136.84931
146.29636
150.18870
