9.50383
10.15176
10.23222
11.58969
12.36037
12.36829
12.32640
12.78597
13.27299
13.33062
13.52544
13.55064
87.75004
88.11286
88.12359
88.14653
88.17062
88.95961
22.38098
23.32684
23.54017
24.04757
24.40634
24.63361
17.13816
17.15251
17.25261
17.38642
17.38775
18.24655
19.53010
16.72759
17.00402
17.05599
17.68372
17.87494
6.70571
7.45400
4.32380
4.34810
4.47081
4.47083
23.17173
23.37610
23.88847
24.96030
25.44102
25.64104
35.94631
35.99617
36.57270
36.58157
38.06774
38.26765
25.27376
25.31723
25.99142
26.15800
26.40453
26.47463
52.08799
52.28591
52.28592
52.42701
53.78997
54.11308
24.87362
25.05419
25.38067
25.47735
25.47991
25.64373
20.93748
21.58410
22.04657
22.25089
23.15538
23.19728
17.87883
18.02039
18.21633
18.21703
18.85786
18.94487
8.98988
8.99708
9.68358
9.74293
9.74302
9.88161
15.52345
15.82023
15.91621
16.23836
17.42981
17.44036
72.96976
73.63889
74.74585
74.74622
74.74814
74.74835
7.68204
8.25646
8.79142
9.73668
10.12522
11.06390
17.23571
17.55506
18.57376
19.39621
19.43392
19.98605
96.24763
97.39613
97.39632
97.62780
99.03718
99.13611
7.49608
7.60580
3.97036
4.01746
4.20431
4.21452
20.38203
18.00671
18.27042
19.34394
21.06468
21.10679
32.16575
32.34947
32.44468
33.09064
33.39763
33.59514
0.72438
0.73602
0.93694
1.89924
1.92091
2.04913
8.86387
8.87710
10.74643
10.86028
10.93419
11.11878
15.50286
15.50382
15.81725
15.82088
16.09291
16.34262
14.94831
15.02614
15.65730
16.36130
16.79796
16.84476
51.20224
51.45277
52.97582
53.81766
54.16279
54.56797
15.38207
15.46138
15.47490
15.61118
16.74071
17.23931
36.41033
37.25243
37.27656
37.54989
37.59228
37.70571
9.88327
9.94299
10.05116
11.08437
11.85222
12.81725
5.77335
5.89458
6.14431
6.16344
6.59676
6.61686
19.67530
21.85542
21.91708
21.93136
21.94459
22.53110
3.64392
4.79638
4.86755
4.98896
5.11983
6.23811
25.21846
25.39828
25.52806
26.14517
26.44049
26.48727
28.62165
29.41745
29.41867
29.53808
30.70209
30.79701
27.14212
27.19446
27.49500
27.78484
28.33673
28.45203
14.52391
12.25507
12.26317
12.69302
12.86225
13.30760
11.08686
11.33351
11.37928
11.58790
11.65134
11.67233
31.00748
31.34453
31.56619
31.68905
31.70855
32.45911
5.48701
6.23763
6.23986
6.69544
6.74502
7.73170
2.19427
2.46787
2.86810
2.94201
3.71843
3.86654
1.38044
2.99629
3.54398
4.45271
4.66401
5.38068
0.44291
1.22928
2.91806
3.70629
3.81527
4.14814
0.38467
0.42450
0.58405
0.59351
0.97812
1.37475
5.21276
5.32028
5.34163
5.73053
5.77947
6.03712
1.77414
1.77497
2.29262
2.67796
4.64863
4.74418
19.97225
19.38359
21.52120
21.53793
21.67105
21.92497
1.71349
1.76499
2.16333
2.40683
4.78047
5.36949
2.07654
2.46025
2.84443
3.04273
3.05218
4.20290
