2.94162
14.20175
18.19631
27.19662
33.30984
45.90104
46.33765
4.91630
7.72103
10.20791
13.32571
26.23370
27.44001
27.75003
0.71639
8.89191
13.78640
20.06679
21.30007
28.18489
28.50756
7.81240
14.50769
22.55274
24.70018
33.74732
36.49513
36.51672
14.16229
29.24139
37.27459
44.95443
50.48266
54.97667
55.31723
10.90439
19.73842
21.67961
26.06601
28.29759
31.86537
32.26129
2.60459
9.35070
18.46437
21.85187
24.15581
27.37557
27.66838
13.07660
19.27383
20.34924
21.16648
27.17023
31.83081
32.16388
5.85638
6.74636
8.87568
10.13874
10.71229
11.72823
11.82504
3.49976
5.07600
9.03588
8.63823
14.45590
15.31793
15.48425
1.73625
3.35233
7.26067
14.07180
14.84481
19.03381
19.04918
2.95503
7.33148
12.57457
11.76467
28.83238
35.82061
36.11813
4.25418
9.41032
14.65397
16.06532
16.81290
26.48801
26.67589
6.80810
10.27876
18.42434
20.62456
24.54214
27.48250
27.71559
0.37455
3.34067
3.89001
6.69855
14.00057
22.44843
20.93923
0.03177
3.33951
2.10912
8.13721
8.78513
10.13155
8.63666
6.64404
9.32449
22.28382
25.61510
26.97028
42.22946
42.28985
12.37220
15.52037
29.02548
37.61789
48.95124
50.30344
50.43685
2.19797
5.22013
8.38032
11.73684
17.93225
19.04475
19.12292
3.10152
10.02835
18.05295
22.41169
25.75232
27.31507
27.50667
7.26191
10.83981
14.23163
47.68952
56.23491
57.33486
57.36907
3.02910
10.75085
12.47472
19.07777
21.35832
21.95015
22.06755
2.24964
9.09765
9.94065
11.35729
22.44636
25.25939
25.36075
0.07068
11.60390
21.27842
21.74973
22.37068
32.05097
32.59170
0.79801
1.21147
4.32103
5.78677
16.78799
22.51411
22.71100
2.47462
6.78357
15.09653
19.40873
31.01027
33.91601
33.92096
9.86138
14.75134
15.59239
31.54898
33.71990
40.59312
40.91195
7.73830
11.88126
22.39863
32.96574
33.65260
37.25921
37.26558
4.46144
6.22476
10.48939
14.47510
17.78967
24.74213
18.77544
2.52267
7.53371
17.96669
20.76604
25.77439
25.30948
25.50788
12.29283
17.51978
29.59587
34.40634
36.93611
40.94597
41.07270
4.42041
6.45209
8.54505
14.59902
24.34834
23.78655
23.87868
0.51004
5.60325
7.55920
10.65005
18.22338
19.34999
19.37945
4.50603
7.61601
8.23420
15.21470
19.09686
29.27468
29.31981
6.29042
7.44171
7.52641
17.43140
18.17588
19.18082
19.32928
8.87701
10.35778
16.88980
20.83957
23.96279
40.79682
41.18524
9.65827
10.07386
11.95677
14.78181
17.02583
18.16670
18.22446
1.44274
7.07935
18.36921
19.46134
20.27473
27.47774
27.48249
2.30793
9.85350
14.04923
14.51429
24.99311
26.16792
26.26534
2.64244
6.44026
8.02464
11.84034
11.19899
14.12048
14.20077
7.37797
10.23117
14.34351
17.35645
27.70376
29.23110
29.23831
1.32068
4.98565
7.08814
12.39665
18.56546
19.55049
19.85823
4.00425
13.66430
19.77629
22.18203
25.40416
30.13029
30.33477
2.27291
2.58952
2.92684
10.86511
16.28496
21.83891
21.97413
2.47490
13.97056
14.12736
23.57157
31.06324
41.00774
41.20348
5.51610
6.67983
15.34900
24.16397
45.33475
47.57745
47.59812
5.25813
6.11171
9.93236
14.05516
23.46224
23.76329
23.96492
13.77939
15.04248
27.18282
27.43891
41.27717
42.03122
42.08860
5.42924
10.81195
12.81961
19.28490
21.11261
21.18060
21.31475
11.25602
11.67118
17.22561
31.06483
45.03890
50.49370
50.63368
