2.11132
6.28746
10.89817
19.27069
20.58568
23.63204
34.05295
45.27055
52.82229
58.91367
66.82534
5.11646
15.64933
22.35240
25.62804
44.56479
53.29250
61.06930
69.47273
78.51833
85.28747
85.41585
5.64687
14.13388
21.51226
28.44750
32.87345
46.73650
53.94523
55.52367
64.30289
74.34432
76.63335
7.02679
11.71238
15.00616
17.98347
22.62298
28.16519
34.30117
37.55194
46.32620
47.70844
60.85322
8.23546
11.23346
14.36518
24.98664
29.93482
36.45950
41.44552
50.43649
51.90229
56.13635
60.99214
3.66266
22.21032
26.50609
30.05143
36.90673
44.43057
50.66859
59.21089
64.59970
71.90263
82.16856
7.87818
11.88275
32.69346
43.71423
46.15106
47.60478
52.76768
62.99140
65.76666
72.29851
77.27055
5.32516
16.47036
23.66217
27.87265
34.34603
55.42656
58.92854
62.59284
68.65209
74.97816
81.02890
11.16105
15.83208
30.23462
41.87944
49.48122
62.41660
71.78567
72.60966
73.29480
74.97144
85.97038
13.37567
14.66270
27.04081
34.89543
45.43510
57.24035
64.70789
66.84882
79.13600
88.98353
89.16284
4.02866
12.75324
21.09536
26.89075
27.48515
35.68022
44.70242
49.74607
56.57123
63.01071
64.70007
6.14408
7.95181
14.08366
19.93197
22.50594
25.53908
33.03987
46.41469
47.34612
55.91339
56.37612
2.79864
8.32412
11.83976
27.51081
33.86969
36.40813
37.70122
45.38572
48.56127
53.86122
62.81673
13.84138
17.73906
29.16854
37.53780
42.22396
46.86254
55.25967
63.19912
65.71992
77.65237
86.49707
4.23382
11.95411
15.47235
21.24645
23.23628
30.02231
35.16257
47.31598
54.20405
65.19564
68.44090
7.52341
14.38446
18.47528
23.53023
27.46094
33.00047
35.50848
39.59062
40.76462
51.16096
55.84516
4.06054
8.57977
12.57769
22.45500
24.33236
33.77269
40.89235
49.29414
56.20627
58.49717
63.10558
3.40143
9.85509
12.67816
20.48904
26.24397
35.12434
39.60820
47.56464
53.17648
58.52391
65.07079
5.26778
8.74591
11.64744
17.19705
18.67853
26.02924
34.33635
45.46492
53.67792
68.59405
74.13586
3.21397
9.22436
14.39997
20.18271
30.45739
33.22313
40.59595
46.66430
48.84093
52.91497
60.90876
11.58691
26.37153
32.22327
35.84005
41.77982
52.41445
57.39973
66.82986
72.08509
79.89174
89.71262
3.78033
12.35855
21.00919
22.94521
26.98200
32.32711
35.79741
44.76757
47.70864
56.94540
62.12468
1.76322
5.04378
7.50826
15.72788
18.77378
27.55018
34.85294
44.52056
48.19193
52.24407
61.22626
13.41128
20.78695
26.34894
34.80736
40.28884
47.31462
51.96899
54.80898
59.53408
63.40274
70.51739
4.47260
11.04557
22.41212
24.03772
28.24989
35.77655
41.50298
45.74999
54.20542
63.01020
67.58717
3.07203
4.10555
12.13663
16.63048
24.84732
34.95245
41.32526
44.57757
54.96113
60.58951
67.27290
5.69703
9.27982
17.28959
25.10108
29.05344
37.77365
48.79191
49.55270
55.21976
62.34998
69.89377
6.87695
8.14573
18.42008
26.05764
34.13586
42.53358
57.64372
62.55756
67.73454
71.88984
74.34828
5.44311
10.00139
16.05003
19.36372
22.37996
27.58984
40.65627
57.99517
62.33530
67.84153
75.02107
10.53169
19.24706
24.12536
28.86015
33.38953
42.52754
50.10161
56.62136
65.74250
71.00801
75.75575
6.28405
14.93809
18.57581
26.90681
30.66939
37.81903
41.28145
43.06652
47.49782
61.04202
66.32874
10.61686
15.95271
22.03282
41.06862
44.65317
46.23386
63.74784
70.81416
85.81249
91.25874
98.02255
5.96078
19.75821
23.13520
26.13492
36.54947
38.30319
43.34955
45.00473
48.51396
57.14708
61.31241
7.28617
17.38631
22.13345
31.53050
37.05028
41.85203
52.08892
63.12447
73.28598
79.61186
79.81748
14.06144
18.66627
28.63748
36.36374
51.22466
55.61685
75.10251
82.17547
84.87220
91.73053
91.85796
5.56903
12.53313
14.43960
25.84121
38.68185
44.93247
58.39958
70.71759
71.23608
79.83302
93.25891
13.14947
15.63864
20.91795
28.09106
29.83998
32.64878
40.39105
47.41834
53.43031
54.67726
64.60938
4.75753
8.44066
17.27410
23.71699
41.88588
44.82369
56.18351
72.34181
77.55759
87.53966
95.77442
3.77392
9.39346
14.75203
19.53401
23.62397
24.91664
26.10623
30.11388
36.96295
40.97238
43.76765
2.46651
14.67580
20.72823
27.78042
36.84564
46.35068
50.20633
60.19282
65.15411
77.60603
83.62973
11.78591
15.29913
19.80061
22.71291
25.94852
27.82569
30.42066
34.86288
34.98173
41.46141
46.65041
4.22490
6.06753
13.95331
16.53951
30.27114
32.89573
35.90005
40.34804
48.32139
52.23546
65.41604
4.26556
6.88175
18.01733
27.68669
33.20872
37.87979
43.81841
50.77974
56.48938
65.19096
71.74419
4.07813
11.74509
17.31520
24.36978
35.30041
40.04417
46.48827
49.69858
55.17977
60.87440
68.04700
10.95449
15.11788
17.13014
27.02971
30.65684
39.59303
40.44066
44.71521
54.62463
63.31878
67.49160
10.10014
21.95795
26.51035
31.74920
34.91129
37.86951
43.07886
56.01258
67.09009
74.88422
86.52744
9.35008
11.75807
18.63050
24.41827
28.73646
31.54832
39.79753
44.30695
54.04796
63.61483
73.76516
4.63395
8.71738
15.26518
18.72404
22.66193
30.66646
35.97162
42.89729
48.76200
54.34910
58.53985
3.07273
11.13221
16.05554
29.05933
30.88938
32.83945
41.50476
42.36117
52.05660
52.58255
55.98540
2.00874
11.13877
16.01351
20.15401
28.50823
45.75446
54.21873
59.45980
62.92118
63.17917
66.86769
