0.77450
1.17857
1.39294
1.50574
1.68315
2.36794
2.55583
2.63300
2.92916
3.01632
3.14249
4.06959
0.42825
1.21829
1.61167
1.80606
2.30447
3.04053
3.72255
3.88906
4.38316
4.88359
5.26680
-1.00000
0.66986
1.67824
1.90923
2.65075
2.97818
3.31658
3.50446
3.68069
4.44169
4.92861
5.24828
5.74984
0.79093
1.27819
1.29744
1.49376
1.96194
2.52108
3.11652
4.00753
5.00820
5.30020
5.56034
5.80701
0.57765
0.75129
2.13557
3.16184
3.76844
4.74811
5.17722
6.52121
7.72571
8.06839
8.07342
8.25441
0.02850
0.25033
0.80885
0.92999
1.86229
2.62326
2.77472
3.51055
3.76790
3.93128
4.82890
5.67403
0.67060
1.51101
1.96865
2.07730
2.42351
2.64201
3.57133
3.58840
4.78073
4.91619
5.10485
5.29759
0.17773
1.44611
2.50557
3.54995
4.08000
4.15597
4.54529
4.57413
4.70320
5.08198
5.44466
5.56334
0.55673
0.76725
1.03962
1.49261
1.91588
2.52191
3.16475
3.59882
4.36851
4.66957
5.03689
5.26387
0.03892
0.28665
0.48774
0.55424
0.82418
1.01213
1.75371
2.72456
3.12693
3.30438
3.72733
4.12103
0.13254
0.87378
0.97805
1.05294
1.32088
2.05304
2.48143
3.10972
3.67601
4.39322
5.08050
5.39886
0.12375
0.36233
1.12839
1.39061
1.59896
2.29934
2.48054
2.65359
3.09960
3.21394
3.36377
3.94349
0.44868
1.00578
1.57016
1.67101
2.19083
2.32989
3.10735
3.36132
3.60382
4.44308
4.64987
5.02425
0.18355
0.49556
0.90784
1.35130
1.90350
2.54505
3.53231
3.93484
4.74866
4.98124
5.67603
6.21141
0.06504
0.44141
0.69653
0.85170
1.44369
1.73263
1.73520
2.46411
2.60735
2.93082
3.39811
3.72333
0.23071
0.49006
0.60825
1.00822
1.45679
1.82153
2.60671
2.97100
2.98168
-1.00000
-1.00000
-1.00000
0.22893
0.33717
0.54575
0.97029
1.10942
1.37446
1.61295
1.83262
2.06386
2.53392
2.83790
3.13355
0.22269
0.92866
1.02634
1.24177
1.59718
2.13047
3.04233
3.64734
4.45805
4.87946
5.34879
5.52207
0.32182
0.80080
1.20425
2.08880
2.29545
3.04703
4.54374
6.02386
6.34061
6.61796
6.86374
7.20522
0.57424
0.89668
1.38940
2.09826
2.73004
3.05577
4.51379
4.59777
4.82268
5.52084
6.28310
6.29628
0.39313
0.74847
0.79419
1.10295
1.53008
2.89328
3.52149
3.72162
4.31982
5.67839
5.81372
6.34939
0.32440
0.37485
0.65691
1.83869
2.35848
3.70764
3.80296
4.03753
4.05005
4.10280
4.53841
4.74982
1.14697
1.42268
2.05455
2.36169
2.82581
3.10125
3.13898
3.77678
4.19753
4.60801
4.78542
5.05669
0.87788
1.19869
1.40798
2.04204
2.30410
2.48453
2.88939
2.89690
4.47183
5.34692
5.51137
6.00470
0.43836
0.67881
0.91245
1.17349
1.81477
2.19923
3.10822
4.08498
4.60724
4.90976
5.89493
5.94505
0.83676
1.88949
2.09616
3.79771
4.06223
4.37578
4.40039
4.49425
5.13252
5.61673
6.13643
6.31954
0.03374
0.05228
0.67263
0.84019
1.44342
1.63359
2.12453
2.41196
2.80729
3.37878
4.45528
5.04591
0.66818
0.82576
1.49016
1.81628
-1.00000
-1.00000
-1.00000
-1.00000
-1.00000
-1.00000
-1.00000
-1.00000
0.24323
0.42648
0.84579
1.00202
1.20861
2.11856
2.24277
2.55307
2.80189
3.06410
3.14286
3.34531
0.98740
2.76414
3.11857
3.36678
3.67554
