13.67877
19.50205
31.97899
44.16919
54.97431
10.88346
25.23082
32.08032
46.39810
57.59322
6.28568
14.88088
26.50632
34.06275
44.42652
7.99151
20.81893
36.35053
44.81802
55.27979
10.47969
18.61632
30.19645
38.39532
51.57125
9.59891
17.91686
30.02455
40.15122
53.77219
8.70000
23.97694
36.06870
43.18525
56.41325
9.06152
17.58629
27.17412
42.67355
50.21345
11.28489
24.61158
37.08614
48.45310
56.16304
10.10001
26.66846
38.12030
49.04067
64.48959
13.24876
25.06860
31.57839
46.79806
52.18101
8.68541
16.59930
25.11378
34.27442
44.25464
16.11096
20.98385
30.77906
43.88614
54.52670
8.94738
14.92410
21.14006
28.12416
37.30677
9.52774
17.45931
29.92419
43.54434
53.50921
13.01885
23.47181
38.72471
53.28213
64.92353
7.82874
17.44476
31.72484
43.39142
52.59957
6.67483
18.47725
24.45358
35.74644
48.17609
11.80637
21.90563
31.04069
41.87966
56.88764
19.20877
33.50646
42.39760
56.18967
68.29139
13.69073
20.70959
36.80983
48.00561
56.66729
6.81979
21.62819
32.43611
39.13398
47.07487
13.52554
22.83694
35.97317
43.12879
55.76195
15.70603
26.79181
38.35841
51.77347
65.02863
11.07860
24.79478
35.21138
46.08200
56.08229
7.01174
18.40631
30.10341
39.61057
52.25246
11.47592
22.98385
27.88481
36.64851
49.79334
10.79709
23.57161
36.02402
44.67092
45.23042
16.59668
25.68051
36.95561
42.43180
56.04549
7.52367
21.96396
38.24131
43.79007
54.65255
9.98919
26.45365
32.90544
39.64476
50.74804
15.48941
27.06381
33.47339
45.54137
52.77884
9.39398
21.74914
37.75698
47.92973
57.67916
9.60632
22.26907
33.31494
45.78773
55.76382
8.45120
22.24529
34.19427
41.68468
42.70071
9.64313
20.84658
26.96484
36.66938
45.97367
11.69389
23.49588
35.83691
43.20448
52.61361
16.35004
28.78847
37.65156
46.80281
56.91858
11.83947
26.71817
38.17005
48.30988
58.83019
15.90065
28.89612
38.76191
49.14773
54.82352
10.24907
21.16254
34.25706
43.56384
53.60530
9.04778
16.14781
28.04494
33.72313
44.44959
9.95191
22.82264
31.87630
42.09533
57.76425
6.82807
20.69102
29.04559
42.00776
48.58948
8.19522
17.66323
24.85914
45.80733
50.05511
10.68316
23.34733
35.10105
47.88366
57.07510
8.98663
22.17436
27.12237
37.20112
42.57338
16.71514
27.08735
36.05635
46.03588
57.91323
8.97176
16.16304
24.77288
38.93300
47.13596
11.08852
20.77785
35.86449
47.68778
58.29377
