3.73509
7.62619
29.48966
40.47838
56.55672
66.34203
73.45572
70.76140
72.32488
72.58052
73.40061
74.12370
74.36894
74.87398
75.27394
76.39213
76.68680
17.38753
54.18419
104.45209
109.14498
133.54337
144.19672
152.63572
152.70986
153.08303
153.54999
153.85771
154.90940
155.17141
155.29858
155.84810
156.28276
156.64042
9.14463
47.42309
63.28709
66.00326
82.64796
104.54826
111.64412
112.00951
112.56102
112.84341
114.74385
115.05441
115.13557
115.64618
116.13096
116.19715
116.36832
25.20447
33.64698
53.36105
61.13572
65.85241
83.58375
91.56585
91.58748
89.95898
-1.00000
-1.00000
-1.00000
-1.00000
-1.00000
-1.00000
-1.00000
-1.00000
1.20985
12.35903
12.60567
33.32844
43.49375
58.51631
78.20046
78.31875
79.07895
79.51906
79.99737
80.67899
80.01612
-1.00000
-1.00000
-1.00000
-1.00000
4.93563
25.75773
30.91626
49.10049
61.18439
81.43173
95.96557
96.28859
96.95946
97.67945
97.66841
99.01232
99.19039
99.57431
97.25631
97.87075
98.43231
7.65821
12.37055
20.56851
26.18314
35.60917
38.27033
42.33904
38.89650
40.03333
40.47883
41.48249
42.10112
42.37843
43.45979
43.66765
43.77956
44.50228
10.32802
29.09043
37.52899
46.49405
48.01307
70.91555
91.25291
91.71926
92.08816
92.45623
89.69633
90.55806
91.70206
89.31308
87.66775
87.73354
88.23098
5.56300
15.18948
45.69794
48.74193
68.68685
79.78719
82.69236
83.48586
83.92656
84.25082
84.66978
85.17749
86.05231
86.45650
86.78018
87.84470
88.03297
27.26732
53.77740
58.45239
59.53995
83.52172
100.22750
111.03985
111.31033
112.29473
112.48522
112.80377
113.89938
114.41563
112.84338
113.17740
113.64812
112.75597
41.56850
46.86651
55.90245
108.20892
111.19072
127.50929
132.85498
130.18320
130.80873
131.23899
131.30627
132.35159
133.10746
133.23340
131.29785
131.46406
131.77106
13.83836
21.93831
39.41709
56.49610
83.78032
90.25632
103.07692
103.46574
103.72876
104.29116
100.70803
101.48790
102.33435
103.09693
103.44212
103.68040
103.90889
16.08599
18.57959
46.10454
55.08447
61.17037
74.51399
82.35439
82.75999
83.31330
83.77196
83.95043
84.02081
84.40694
84.69970
85.44693
86.52707
86.87553
21.00218
47.58489
56.80191
58.91765
85.54438
95.48016
120.17560
119.81905
120.32382
120.92379
120.97180
121.89944
122.26976
122.33191
122.90348
123.42962
123.59733
2.74179
7.04507
15.28792
57.64439
78.41751
84.36431
98.71610
99.41425
99.74333
100.61822
101.31329
101.47458
99.96296
100.27760
100.55604
100.36257
100.36272
7.15207
19.85234
26.43695
33.99562
42.19189
53.05418
82.98083
83.23284
83.75304
84.37834
84.68415
82.52463
77.89540
78.38478
78.77702
79.40932
79.54680
15.73736
35.94977
38.85304
46.99673
62.63620
72.33570
97.09552
-1.00000
-1.00000
-1.00000
-1.00000
-1.00000
-1.00000
-1.00000
-1.00000
-1.00000
-1.00000
8.59509
31.62652
37.85530
44.36773
69.74445
76.20963
93.07858
93.31133
93.61522
93.92407
94.02667
94.44124
94.71969
94.91153
95.51407
94.50889
94.99385
8.36211
11.65024
22.85199
59.61487
88.73246
113.24890
129.71067
130.08424
130.93535
130.92525
131.26248
131.49374
131.68690
131.94309
132.08639
130.26601
131.12206
6.20803
8.39450
37.60607
52.17116
64.86028
72.06266
74.32505
74.59716
75.11030
75.37778
76.10848
73.90098
74.12995
74.95154
75.70029
74.97662
-1.00000
8.38244
33.23006
39.53782
42.70255
50.97686
69.03909
76.48192
76.77677
77.33395
76.87937
77.38525
77.48587
77.75898
74.96691
75.09592
75.98313
76.18211
12.13935
26.47406
38.71909
63.17203
82.68307
111.42131
111.88126
112.09928
112.38659
113.10829
113.27724
113.80584
114.30000
114.47853
115.03387
115.16052
116.04259
8.92433
14.57720
22.20143
58.05208
62.55915
71.49268
92.05932
92.74286
93.00947
93.84598
94.56578
92.20797
92.35156
92.84762
93.08006
93.54614
94.54578
19.10225
22.97536
50.50477
65.45813
66.55979
78.22202
79.88425
80.42690
80.84038
80.18805
80.28497
80.50320
80.84965
80.87349
81.04935
81.46479
81.73783
11.60111
17.41999
35.77913
47.57752
62.35333
66.28300
71.46227
71.68661
70.10095
70.41147
70.92339
71.09917
71.49635
72.26672
72.75670
72.90540
-1.00000
4.87856
6.00341
8.16600
17.86399
36.63557
58.78038
75.87699
74.69329
75.03226
75.69745
75.94644
75.99141
76.14595
76.62821
76.73075
77.47108
77.96503
13.75517
23.74697
56.64104
99.33144
111.43453
117.20486
137.48661
137.74894
138.20361
137.74340
138.19220
138.96592
139.14369
139.43596
139.71512
140.08787
140.95198
9.30428
24.39200
26.99075
25.58860
37.10801
52.73064
63.00757
63.67579
63.89299
64.47286
65.00807
65.46075
66.25706
66.54224
66.64452
67.35860
67.45194
13.44429
23.37063
34.24680
49.93525
55.69259
90.74645
91.18459
91.93727
89.33703
89.91626
90.17560
90.41411
90.73887
-1.00000
-1.00000
-1.00000
-1.00000
12.74020
35.34470
48.48801
56.09777
72.44245
74.43264
82.79285
75.41175
76.95147
77.22992
77.28250
77.48221
74.07597
74.67534
75.24465
76.07673
76.32141
12.01675
18.87471
46.04088
49.26795
54.80326
62.00701
63.34278
63.94277
63.66499
64.64376
65.12058
65.53879
66.17631
66.57636
65.25228
65.59477
65.76598
30.26847
44.61719
52.05397
59.11219
74.06661
105.75207
121.41968
121.78156
122.13605
123.22943
123.50747
123.67857
124.92951
125.53879
125.58165
125.58953
124.08515
10.83475
22.57435
28.41343
37.64824
49.42704
65.26335
96.70890
96.78457
97.26000
97.55615
97.63182
96.06822
96.58475
96.85353
97.49088
97.84315
97.91442
7.83684
21.84880
36.92114
54.34507
60.86774
74.97010
81.24194
82.15860
82.54904
83.24791
83.56321
80.99453
81.43655
81.58424
81.90961
83.19034
83.90613
4.49826
12.67471
24.73407
39.70022
38.53272
50.23174
51.29201
51.59610
52.09404
-1.00000
-1.00000
-1.00000
-1.00000
-1.00000
-1.00000
-1.00000
-1.00000
19.19522
20.68975
27.68167
55.87558
69.54063
82.85089
91.26275
91.61370
91.67936
92.10688
92.82350
93.47438
94.12348
94.78055
92.60807
93.29337
93.56770
23.41510
49.15838
60.05501
72.32660
92.14833
111.00904
137.82999
138.94690
139.15229
139.24198
140.20818
140.24792
140.56522
140.73324
141.67957
142.48659
142.84895
6.76482
18.50058
31.66636
49.76856
68.65822
69.83827
79.69323
80.16328
80.55157
81.15382
81.51965
82.31995
82.73553
82.96642
83.56773
84.12719
84.66630
4.98929
42.40632
70.47156
97.78456
127.58659
146.09503
148.22620
148.47324
146.29075
146.96792
147.06291
148.25172
148.87549
149.85930
149.92780
149.92445
150.16247
7.37829
16.24931
24.47227
32.20738
39.75023
63.25589
77.91390
78.36976
79.11488
79.86972
80.13336
80.50466
-1.00000
-1.00000
-1.00000
-1.00000
-1.00000
16.41675
23.54405
36.88704
44.68451
63.03863
65.77094
77.23633
77.58240
77.74889
76.37808
76.83272
78.20066
78.83486
79.57076
79.83046
80.06730
80.58394
22.06656
43.95679
59.76436
86.13151
102.32856
105.37107
121.72906
121.79278
122.19733
122.74023
123.15168
123.43068
123.85711
123.98156
124.62276
123.16854
123.45331
12.07159
17.85493
23.43001
31.64813
52.83564
79.97911
79.79158
80.18447
80.60243
81.03707
79.76141
80.24318
81.17657
81.60331
82.37241
83.18351
83.76022
35.90941
43.53925
62.68495
78.65016
87.72037
93.03850
101.15096
101.49476
-1.00000
-1.00000
-1.00000
-1.00000
-1.00000
-1.00000
-1.00000
-1.00000
-1.00000
18.46149
23.29080
37.28212
59.67857
71.28338
83.39185
86.33541
86.70339
87.45075
88.08013
88.45525
88.85957
89.09633
89.18112
89.70180
90.05101
90.16174
26.68919
37.26564
45.30189
50.70731
53.29209
68.41503
86.18885
86.40231
86.66711
86.93193
87.22134
87.84109
88.40258
88.86605
89.19987
89.47694
86.34983
16.42792
16.34705
37.98019
46.68553
71.19421
91.02235
116.95514
117.84918
113.93297
114.24476
114.61733
114.88835
115.68579
115.88153
116.11359
116.55725
117.07563
20.99156
25.83444
47.36388
51.54567
62.87938
81.39343
92.33305
92.62965
92.77416
93.13975
85.18682
85.91319
86.47894
86.72333
86.78320
86.98512
87.67853
9.87580
68.18500
82.25207
111.51401
140.36046
156.17831
160.40897
160.68867
161.20710
161.61950
162.49217
162.68444
162.83803
163.05619
163.71837
164.09730
164.91292
12.87399
55.60550
84.92939
95.24744
95.62945
96.54985
98.58048
98.71602
99.05976
99.69049
100.49759
100.95849
101.39611
101.75809
102.44024
100.27430
100.96433
