10.10947
10.17181
10.80872
11.31247
11.54564
12.51625
21.51793
22.38596
23.55056
24.30724
21.05283
21.10457
13.83628
13.94419
14.80293
15.04626
15.56763
15.71075
74.56745
76.13402
76.73119
77.31606
77.57571
78.32448
1.61069
1.61140
1.98354
2.24837
2.64283
2.64804
0.56356
1.40477
2.15644
3.03910
3.68394
3.97708
12.04963
12.06408
12.06493
13.33846
14.82354
15.25663
8.67083
9.65995
9.68934
11.63224
12.40515
12.65089
22.80108
22.81738
22.94677
23.03691
23.07930
22.77616
93.06004
93.06246
93.48996
93.69041
94.60935
95.33359
10.15159
10.42590
10.72076
11.13403
11.30046
12.32129
0.84457
1.28800
1.64985
1.71739
1.71741
1.90757
38.45472
38.51529
38.74266
38.80964
39.41896
39.41922
30.82367
31.85757
31.85977
31.94594
32.33841
32.46521
11.10368
11.44446
11.96812
12.05167
12.17456
12.19290
20.83437
20.87875
21.29472
21.48350
21.59193
21.72456
3.71516
4.13432
4.49575
4.55546
5.11195
5.15519
4.02882
4.06754
4.25760
4.60332
4.95941
5.15313
22.01480
22.06199
22.41984
22.88042
23.03202
23.03499
8.94882
9.72972
9.87674
10.21860
10.54163
11.27425
2.29425
2.57877
0.73572
0.82389
2.66922
2.76493
11.84724
11.88301
11.89576
11.99223
12.55823
12.69251
14.25840
14.97590
15.32855
15.49975
15.50057
15.59887
4.43497
5.18406
5.28854
5.94684
6.40244
6.43328
0.52388
0.64048
2.11287
2.20033
2.37320
2.44146
18.65746
19.19256
19.26164
19.36493
19.66190
19.69478
59.84557
60.49870
60.70979
61.09046
61.24652
61.70837
26.09830
26.75262
26.75425
27.33349
27.55414
27.60714
8.53566
8.75088
9.02179
9.28731
5.74137
6.38740
12.08595
12.78124
13.11218
13.30032
13.95295
14.30212
19.38138
19.66260
20.03846
21.09476
21.49328
22.17828
48.28704
48.73608
49.08428
49.31181
49.31191
49.81906
2.47779
2.50363
2.64305
3.28050
4.33037
4.59558
10.02023
10.05150
10.08126
10.08137
10.25276
10.92034
36.40067
36.41502
36.45597
36.46218
36.68984
36.87147
11.42891
11.64839
11.76946
12.11601
12.38774
12.38779
5.21551
6.15375
6.47874
7.13003
7.13016
8.05671
6.08990
8.01696
8.03811
9.09235
9.28034
9.53983
7.44290
8.32512
9.06470
9.53952
10.28964
10.61049
35.18371
36.50452
37.10839
37.80009
37.96117
37.97193
5.09609
6.51144
6.72571
8.08382
9.12471
9.18941
11.74257
12.34595
12.48667
12.90488
12.25596
12.95464
5.96594
6.30686
6.39861
6.46751
6.49310
6.72762
18.79561
19.20212
19.81121
19.86557
20.71009
19.10541
0.80164
0.80946
1.14550
1.18796
1.27946
1.51970
20.67629
20.68586
20.98649
17.35460
17.43907
18.76864
10.27775
10.79398
10.85069
11.32346
12.02133
12.71601
9.71824
9.79149
9.90810
10.43114
10.92545
11.02882
4.49509
5.01078
5.99540
6.27196
6.30107
6.34609
61.95266
61.95773
62.01945
62.03876
62.19635
62.77010
