2.49445
12.84858
17.78542
36.67615
41.16950
44.38702
46.72298
53.87280
57.98234
61.64610
65.75998
69.80882
80.88791
89.52991
97.26369
100.53119
112.14554
123.97965
131.02133
17.58529
36.05832
40.39840
42.72030
48.09580
57.51726
69.69216
75.46418
75.46526
75.95741
86.77283
103.61280
109.78047
113.09342
123.47448
125.06329
132.34433
133.10156
135.00927
6.10626
13.00899
20.15409
22.31489
26.47116
43.96086
48.25504
51.94484
59.13973
61.11151
76.25395
88.83119
94.61088
106.84937
119.55452
122.59037
125.21295
128.81734
135.19435
9.77695
12.15134
31.60992
35.11940
45.11114
46.10559
78.87167
91.04019
107.05716
118.90191
119.94669
120.77850
123.67611
127.37293
126.77196
131.23480
139.37790
138.61269
142.17888
3.78116
5.23732
21.40693
21.74477
43.20774
46.69647
50.34846
61.94032
62.07538
67.96900
86.63934
92.78465
96.28375
110.12730
113.17866
126.79039
134.20012
139.78721
143.33899
7.53824
8.24420
13.63324
14.73347
29.81317
37.99715
43.50589
49.23511
62.73276
63.88954
68.51836
76.25104
76.84814
83.15661
89.23171
93.29978
96.54044
98.59246
101.26219
7.22520
18.49616
20.71634
27.87482
35.43587
45.02033
57.73038
-1.00000
-1.00000
-1.00000
-1.00000
-1.00000
-1.00000
-1.00000
-1.00000
-1.00000
-1.00000
-1.00000
-1.00000
11.39069
24.24842
31.94235
44.33845
52.72378
65.84150
83.55549
91.24768
91.65904
99.20197
104.03452
106.83766
113.48915
116.10357
125.88925
145.67979
147.35879
149.84122
154.70898
21.03619
34.03455
36.22991
40.65366
41.96363
50.07206
52.15097
59.56674
66.55493
70.55161
70.94635
72.76471
74.62815
77.69448
79.13438
101.29756
120.31316
127.24692
127.46750
18.54054
18.38221
34.17781
40.39667
40.52731
50.11583
58.45862
65.75497
78.75649
81.60529
86.21315
89.13449
94.13942
96.31188
100.03695
104.28962
105.11915
119.26980
120.90920
9.35924
14.70470
19.44304
32.54691
33.39804
44.13592
50.10722
75.48616
81.21083
86.44479
86.75597
98.66325
103.49495
125.64444
128.30884
134.08429
144.47864
161.30705
164.45166
3.01019
8.30385
22.14413
44.85940
46.68576
59.99635
74.15388
81.72197
86.54015
93.84169
97.82401
110.08886
115.35253
116.76202
127.89038
133.60712
141.42705
143.25771
148.35824
8.96742
13.38999
37.40332
41.01719
53.80548
60.15515
79.22844
96.56653
99.61339
103.31824
103.97813
126.49524
137.81977
145.93263
150.84942
159.51561
161.94982
167.00364
188.19316
12.72312
13.73402
29.86002
29.12648
32.86552
39.84450
41.55070
46.01740
49.94919
53.22874
64.54074
73.04793
73.85144
80.32580
83.50504
88.64598
107.62078
108.44020
119.29127
15.36292
21.27322
33.64840
33.59185
38.09357
45.22631
48.87972
51.88716
64.41708
86.63545
92.33453
104.85933
116.96016
133.09990
143.18037
145.94484
159.22061
181.23469
185.72855
16.69894
25.44332
33.79679
47.73575
63.71810
66.22752
69.47323
81.91026
89.07420
98.66746
107.86552
111.94784
120.73142
124.23033
136.49444
136.67178
138.11190
156.76400
158.56861
14.67534
20.42048
28.80100
30.74261
31.43969
40.11790
64.23938
67.49145
78.03662
85.80735
99.04469
100.48231
107.73604
109.08073
129.28954
131.40894
131.25692
137.05035
135.88934
7.03346
20.98526
24.11992
24.73991
42.01078
43.82128
46.05104
59.96981
62.18663
84.58308
96.92929
99.37335
102.18769
111.59411
131.11344
138.38146
139.77164
147.75564
165.21721
9.27959
25.96446
34.63970
42.53066
43.14450
49.41383
61.93620
70.43631
72.95893
77.80588
84.18262
87.72805
93.61991
102.69488
103.12760
110.40702
111.63717
115.97073
124.15236
2.00077
8.63377
17.24002
26.84895
37.39291
51.41570
60.98820
66.72374
70.72083
77.67058
79.96859
83.42708
84.04486
85.23948
91.73843
92.25685
92.51596
95.51752
104.60386
0.73341
1.90753
19.64343
25.63104
35.10277
67.31576
81.86618
86.91336
87.80068
91.13884
99.30115
107.43367
108.12756
108.38148
125.50571
132.96395
137.45798
140.44133
148.04746
3.45313
3.44660
7.30038
14.08373
21.13205
35.74177
61.68689
63.93708
65.87537
67.72409
75.14603
104.21812
116.00830
127.53822
132.75061
137.96793
146.75209
148.07288
158.47905
7.84908
28.27839
53.32441
65.58010
76.45478
79.05521
90.36756
98.82513
119.63923
123.13669
126.67305
129.75028
138.49940
143.19546
166.62979
168.52522
172.93760
178.55395
179.04357
3.45519
15.35912
17.48661
22.65483
29.23382
31.03491
41.11718
60.69364
74.40984
77.47340
82.69492
83.41314
84.05029
93.95315
107.44875
112.27902
113.98570
116.35487
122.51021
10.77001
23.49462
24.69969
30.31849
34.69767
37.80318
45.17400
58.90295
60.83775
78.02316
91.42706
94.47861
102.72813
107.75601
123.15689
143.10981
160.46598
160.74929
170.53868
0.98564
11.21799
16.47862
21.36989
24.96131
33.87101
44.96034
52.89201
67.60736
74.13299
81.67632
81.78778
86.81230
102.55872
109.13014
128.06904
146.36357
147.88497
147.74010
5.17615
7.63584
17.88992
21.80744
40.78176
71.66575
72.75415
79.13626
89.86613
100.52057
101.23511
110.28467
111.67222
112.25096
121.10296
127.09958
127.10244
151.53156
167.13609
5.20827
12.97621
20.26731
24.71616
36.34393
61.93864
76.02897
78.57200
87.34087
100.26738
103.01771
112.02098
126.33051
127.30441
130.21062
137.57473
137.62972
139.75839
140.71997
4.93541
26.21667
36.87246
38.44088
40.84573
43.78526
51.27478
59.93078
66.79306
70.12181
78.36699
80.39430
90.03190
97.52626
102.00676
111.97287
121.02514
122.12634
124.25607
5.37055
10.42844
27.54415
38.07089
39.02229
44.07389
46.03587
51.65395
52.21657
72.54416
75.50209
100.63448
103.29313
106.62561
110.90957
121.58153
137.52580
139.15510
142.66637
5.57031
21.66579
33.46574
43.71643
52.18922
54.07736
56.77722
58.07807
65.34238
68.21549
80.22514
81.34538
81.47123
89.56748
94.76717
100.73706
107.92895
111.76082
122.40051
17.13529
19.41076
31.43371
47.53788
58.80095
61.74605
66.29154
105.97334
118.92713
119.98548
127.23207
129.13879
141.95426
149.92110
163.65343
164.33746
167.24609
175.83150
195.67842
3.62655
5.60613
15.38122
26.27551
34.89959
44.96851
62.93152
63.04116
66.78444
70.06360
84.79133
85.94305
103.90911
105.13755
105.02645
127.16542
136.58507
144.11231
163.19790
2.03944
2.57613
5.69159
8.52291
10.83307
25.25281
28.10741
36.21229
38.73045
40.88696
42.00324
47.06012
61.52885
63.33249
65.12948
65.43855
91.98008
100.43736
110.77493
11.31301
20.46289
21.92423
32.26336
66.01405
71.93421
73.75687
84.84893
85.19222
86.72874
92.82566
112.18959
116.03992
124.00284
128.41658
130.01818
142.57068
158.83228
160.99953
8.92221
17.51759
23.86856
26.06171
44.90045
47.64651
56.52964
61.71222
65.09547
66.02553
69.12427
75.97899
77.78643
95.36482
106.47717
130.75924
139.50082
143.75190
145.94692
16.29849
22.21892
41.19068
44.26757
50.09830
55.71969
57.88670
77.61823
84.53169
87.53414
97.44525
100.42566
101.40933
107.16400
112.76974
112.89695
113.59216
120.17280
124.69542
10.38236
19.98186
27.35813
31.56680
39.61783
48.63024
52.74476
58.50763
59.67508
71.07054
77.08321
88.28999
97.85641
120.10221
125.55177
131.36661
136.00112
143.92564
150.15161
9.33161
17.99497
24.48458
27.53200
31.71665
43.75233
46.97398
59.51825
-1.00000
-1.00000
-1.00000
-1.00000
-1.00000
-1.00000
-1.00000
-1.00000
-1.00000
-1.00000
-1.00000
0.88267
11.45915
35.24546
50.40865
62.20288
73.77275
74.41750
79.46580
84.02544
93.94594
98.73270
99.71722
101.13030
114.74775
124.78325
142.12126
144.93032
151.56714
172.78265
2.83893
12.81897
26.47919
36.04583
49.06502
52.93214
58.61281
67.88580
76.72046
84.68096
85.20169
93.83057
95.43624
98.18223
101.72585
100.00404
100.97760
103.79139
114.20684
5.19022
7.34552
19.22198
16.13019
26.28627
27.25076
55.42237
57.66261
63.69810
69.14184
78.90576
85.69248
115.35130
115.45761
131.21812
132.53738
136.22101
138.88894
146.09598
12.78609
27.22906
34.65761
37.05496
52.84564
56.66099
71.08672
84.24328
90.93977
93.61484
93.99553
94.99930
97.78666
100.16290
105.13645
125.76326
132.74556
136.37303
158.79595
10.27344
28.36276
40.56345
50.69113
59.23597
67.12022
68.88089
72.84602
75.65989
86.78521
101.59221
104.74117
104.53221
124.57808
132.69775
138.70814
141.34798
149.22972
157.95958
2.73170
6.93912
12.31795
18.77185
21.15447
35.00213
51.23897
57.41220
70.48975
73.66817
70.69299
72.01409
71.88853
83.96921
101.42031
108.52709
114.22882
122.60729
131.17812
8.60855
27.66822
32.07792
40.42873
53.11884
59.93396
65.37426
71.03349
87.13519
96.77666
98.46672
100.12019
102.45177
107.08806
107.13148
120.25932
125.97146
129.88907
132.99420
8.39686
9.02366
20.77876
32.27633
47.40417
53.27988
57.76237
71.51993
71.99181
80.73044
83.05739
88.13921
95.72299
106.50376
110.28927
116.97654
122.66547
126.68908
134.02100
14.10600
34.14871
34.59639
61.67153
65.51334
-1.00000
-1.00000
-1.00000
-1.00000
-1.00000
-1.00000
-1.00000
-1.00000
-1.00000
-1.00000
-1.00000
-1.00000
-1.00000
-1.00000
3.36962
15.77393
21.31918
46.01437
53.03202
71.80572
72.38352
76.36537
85.90002
97.19014
102.91104
104.55766
111.68532
114.29038
120.87134
127.33676
130.21587
135.35855
139.49111
8.56825
11.24392
21.29018
35.02775
51.91215
54.87289
58.01517
82.56904
86.20972
89.86494
91.45676
104.98775
109.54006
110.26239
113.26132
125.54688
130.30682
133.18706
135.11404
