24.76985
29.51827
43.27917
63.04399
84.85990
96.16069
-1.00000
-1.00000
-1.00000
-1.00000
-1.00000
-1.00000
-1.00000
-1.00000
-1.00000
-1.00000
-1.00000
-1.00000
-1.00000
67.25435
105.00946
119.25232
119.85367
120.26393
135.19992
136.10850
146.28359
147.15104
150.30003
152.14677
152.92888
161.09058
172.41630
177.57332
208.12490
210.64048
230.89637
231.71986
22.57053
61.14256
80.93628
87.80764
93.52632
119.07710
124.35725
124.79470
134.11153
134.71028
159.24155
160.21974
167.59158
171.52732
177.98778
189.90443
259.02023
267.78310
270.74749
15.52852
38.72111
40.11364
46.20412
47.42166
82.93407
93.34922
96.67277
97.51772
104.02336
104.02566
103.75909
104.60920
112.37958
116.38438
116.91271
118.07891
122.20851
122.95138
1.93981
3.16742
7.21955
30.57755
38.21848
48.96360
53.08631
76.47083
88.24502
98.10906
98.15947
116.54243
118.66268
120.95672
159.44060
192.54339
196.04480
201.71595
202.34653
0.20250
3.48572
24.87017
25.44112
27.20985
29.61451
29.66894
33.44953
34.08587
43.72000
63.80850
71.80126
73.15829
73.12594
76.56813
76.57248
77.10642
87.35976
117.03674
28.63826
30.39138
43.15934
43.61882
44.31904
51.00074
127.43451
135.25605
134.15772
158.84605
164.26187
176.33157
188.90154
232.68246
232.72106
232.21999
236.08035
240.09241
240.01759
29.38387
33.75879
53.69575
57.12479
57.48609
58.75926
74.60115
87.40836
105.75965
106.22143
130.01992
130.29893
151.24527
152.81326
156.97739
200.10944
206.79559
215.42358
221.12775
17.51379
23.64599
25.31456
45.92320
55.04459
55.28005
55.35443
57.22931
68.76263
122.37001
125.42456
131.77213
132.29700
132.26107
135.83668
169.31198
170.17261
169.57885
174.09487
0.55728
17.19983
18.39719
18.94848
21.85379
145.23994
144.49016
145.64471
154.62054
156.25268
163.35750
163.27908
160.47877
162.77703
183.05854
191.56840
191.85216
191.85682
192.22220
31.05453
39.61655
40.54742
43.58563
53.01556
55.03550
59.94320
69.34304
73.39202
88.90027
89.02750
102.73344
111.48212
120.95148
122.11491
124.02479
125.27754
131.96520
185.30906
1.68746
38.54471
56.16620
59.46237
-1.00000
-1.00000
-1.00000
-1.00000
-1.00000
-1.00000
-1.00000
-1.00000
-1.00000
-1.00000
-1.00000
-1.00000
-1.00000
-1.00000
-1.00000
6.66862
10.26138
14.90748
20.35322
24.90247
75.07504
85.65736
-1.00000
-1.00000
-1.00000
-1.00000
-1.00000
-1.00000
-1.00000
-1.00000
-1.00000
-1.00000
-1.00000
-1.00000
6.81726
14.03899
23.20760
37.38381
50.14966
77.45133
82.57542
83.31738
84.77761
128.76136
143.47832
146.73255
147.15512
156.23154
177.40288
189.61132
196.33790
211.79185
211.80483
0.37402
10.16219
12.12352
10.41469
49.13852
60.42527
62.94593
73.59033
74.80248
97.86533
146.87831
160.34861
160.36674
223.72148
277.56717
278.03621
278.32181
278.34563
310.29927
6.56694
54.94838
64.55491
91.50375
96.07569
97.78812
105.04799
146.92704
148.72374
151.42384
195.84953
200.01623
200.23047
205.88709
206.28862
208.38878
209.52643
214.86423
214.86482
6.34710
12.77258
14.18575
31.64514
38.06097
40.27946
41.85926
56.77190
78.66887
78.76543
79.39213
112.26591
112.37235
112.56063
118.62738
118.71441
118.71714
120.59645
121.89585
0.86397
2.95111
20.68199
22.13320
39.77764
42.60703
73.79055
78.57709
90.87978
92.57743
93.01279
119.19530
150.19001
157.08423
182.79073
183.14842
192.50156
197.23564
206.21342
0.78683
22.09159
23.14699
38.49249
83.86887
103.51809
119.52819
121.80638
129.47222
139.94790
141.28503
147.83425
202.22858
202.52212
202.06664
202.06797
202.82320
233.57007
234.08134
35.31488
51.32742
63.19108
145.84098
149.39921
155.72057
221.07206
226.66635
229.79202
232.58508
250.30161
251.10983
253.70143
258.50207
266.34290
314.34399
316.00562
317.25274
317.97258
3.40418
17.47135
23.96550
24.54860
58.01231
57.04588
60.76817
76.37567
76.96586
80.95523
86.81515
110.19167
116.29638
124.54187
149.40112
186.62211
188.94918
213.55692
213.71705
47.67600
58.76280
79.01001
93.51509
97.43178
102.25232
104.34795
127.23512
127.32095
185.96158
185.97242
190.14536
212.70326
285.56517
290.33003
299.89551
304.15284
329.15068
332.21763
38.07312
102.87250
123.40650
148.44415
148.36155
150.10509
151.02361
159.94498
161.50700
165.77124
166.58299
171.96723
174.50526
197.16313
201.05304
212.55496
219.76174
225.46223
226.06037
3.32966
19.96188
26.91250
103.37467
103.46052
104.03345
111.77648
120.35992
123.77951
126.26282
127.21622
127.23715
127.25479
131.62905
137.16673
145.45789
150.12057
167.49964
169.55241
-1.00000
-1.00000
-1.00000
-1.00000
-1.00000
-1.00000
-1.00000
-1.00000
-1.00000
-1.00000
-1.00000
-1.00000
-1.00000
-1.00000
-1.00000
-1.00000
-1.00000
-1.00000
-1.00000
31.69571
54.62825
58.84523
61.05483
72.66693
74.84492
108.13996
114.11194
143.39799
143.50536
160.36169
177.20156
203.46848
241.41438
241.44201
241.64520
251.81764
257.64580
268.92561
7.76324
25.30787
32.58194
46.65192
53.65693
55.00717
83.35004
-1.00000
-1.00000
-1.00000
-1.00000
-1.00000
-1.00000
-1.00000
-1.00000
-1.00000
-1.00000
-1.00000
-1.00000
10.29696
13.90584
14.85977
33.41117
53.47412
85.45596
101.82191
110.26773
123.64265
124.22698
152.41417
187.11840
187.01092
188.90650
189.18531
212.60571
212.76488
212.77264
216.54288
36.50278
41.78737
42.74227
43.18796
46.66199
61.39653
101.68315
116.94930
132.98405
144.10792
144.40114
144.42896
158.18062
166.58884
171.58271
191.09273
191.09306
192.38740
210.55635
1.85547
41.13390
64.21343
69.99560
82.60266
83.29621
99.61142
105.44497
107.90980
109.65224
109.68737
165.82743
165.84685
166.43485
168.68487
176.75291
176.90552
176.99649
177.46461
8.03327
21.37177
26.90233
27.28670
40.23738
37.70079
42.29435
44.20597
90.69911
106.68214
109.01940
125.12260
143.37079
146.30425
156.87729
160.89698
182.67966
198.11795
227.15452
20.05897
65.05116
78.24269
78.65982
82.11263
87.54925
97.35910
101.35874
101.85957
108.18208
108.43074
154.90232
154.98205
154.98253
159.76671
165.79148
168.20246
168.57964
170.76764
7.53004
8.15352
15.78812
32.25817
35.28734
36.44074
38.05553
60.17207
91.33672
92.88555
98.41847
110.71260
115.31234
122.29113
128.40095
128.42924
155.19961
155.58016
157.42883
38.59571
41.27814
41.34851
53.19314
54.35961
57.02755
71.14968
75.73765
98.50187
105.85369
108.39907
108.56200
115.39960
120.69471
120.01727
149.95583
150.87816
155.41250
158.75749
45.64555
47.42173
61.64707
63.00646
67.63629
90.43858
92.95588
99.21760
123.29959
126.22205
127.80407
130.17246
130.92850
131.03009
139.28116
144.35955
176.34767
180.00182
180.01072
22.78462
57.67559
68.91964
70.73652
85.89464
85.89732
86.57490
90.45495
105.11657
124.00125
150.86907
150.86907
151.54782
163.49811
182.05013
193.23458
205.21145
204.54264
201.33570
5.69060
8.08640
9.69685
12.13224
16.76038
35.83752
40.84765
41.60581
51.24726
64.94431
65.14284
65.15985
80.16940
85.56897
86.27116
86.85217
88.42092
89.80655
127.03912
23.65396
27.18596
36.51814
42.71012
43.42916
59.40195
64.20524
93.84103
94.61902
102.56360
152.11353
152.27325
162.16007
162.30666
165.04453
183.02847
188.27042
188.29547
-1.00000
1.11976
15.29339
22.25791
23.77008
28.93455
37.97094
57.10656
65.26930
65.39767
68.76933
76.14301
81.82807
83.01694
87.15896
90.10227
112.46366
112.65051
116.91912
118.17863
7.44284
12.48104
21.20561
24.01305
28.48590
56.19522
58.71226
59.10901
82.48290
95.26123
97.01827
97.18895
105.61855
106.86928
108.00536
118.62142
118.74572
122.08620
127.17657
16.54493
19.85452
29.95350
29.97400
30.66336
36.19215
39.46246
40.09179
50.40048
57.52818
76.96102
83.94789
95.81412
95.92091
97.70980
108.67084
129.14717
139.50621
147.56466
12.96199
15.09971
16.54187
21.99909
27.47976
28.26543
29.29555
36.22124
40.07996
36.42375
37.69134
99.07281
103.17488
103.24712
104.46598
110.40242
138.40965
138.50393
170.83630
43.30302
73.72771
74.42221
85.17165
90.02345
117.57565
119.78473
126.06332
158.27165
175.37415
192.22070
204.11822
212.31317
223.66228
226.24932
249.42486
274.92745
286.59673
286.78262
11.93755
19.66507
20.64684
21.54337
25.49015
55.51886
57.72542
62.40726
63.45878
84.15668
84.93703
91.05073
95.56353
95.70395
104.33285
113.92928
123.83353
162.77602
162.77681
45.94740
59.62879
60.61503
75.10900
85.15286
122.85972
123.72530
147.21136
160.08593
160.08968
177.15210
177.15228
177.16360
177.32849
178.03061
178.57449
181.25319
184.64236
199.02505
7.65880
7.83773
12.06205
23.95512
26.12432
72.00706
73.90687
84.42743
85.88032
95.26422
95.46161
95.51356
123.97217
128.55531
136.50218
160.60950
162.58660
165.94249
176.00851
0.62655
3.70674
4.46177
17.37645
19.49561
28.98784
49.07207
54.49873
141.82161
142.06876
149.29765
149.71538
166.54268
167.00559
167.05221
167.30130
171.87622
172.69039
173.53535
15.56863
17.08423
21.95464
26.11985
30.45620
-1.00000
-1.00000
-1.00000
-1.00000
-1.00000
-1.00000
-1.00000
-1.00000
-1.00000
-1.00000
-1.00000
-1.00000
-1.00000
-1.00000
5.53261
12.10640
17.76446
35.26789
38.87634
41.19000
42.63777
48.52901
50.94425
52.18830
56.39024
57.06693
87.81895
89.76813
94.94439
96.52891
104.84772
112.83734
127.08202
5.64491
31.70262
33.01593
36.39438
42.70946
51.24596
54.34102
105.46175
116.05411
117.99653
117.84983
125.05253
128.06019
129.43463
175.29634
208.54307
217.41605
219.75235
229.59522
