4.61174
21.46953
64.08586
65.38821
71.73080
71.93339
93.45813
94.38377
112.13164
139.50764
143.61726
171.58132
170.91903
173.31429
176.59078
215.51256
220.96222
229.59792
229.60650
9.99457
11.95019
115.86653
140.13094
141.16678
163.88418
168.58231
178.54693
-1.00000
-1.00000
-1.00000
-1.00000
-1.00000
-1.00000
-1.00000
-1.00000
-1.00000
-1.00000
-1.00000
8.85103
38.81822
44.84968
46.02294
59.27329
62.38629
89.73696
102.32016
106.25009
106.34438
106.32331
106.34769
118.98520
127.83614
147.72778
154.34102
163.42195
163.56877
178.36998
18.01302
19.26340
23.74989
30.70328
35.97389
37.56624
43.37066
47.16501
81.36624
113.37730
122.53702
126.34003
126.29272
126.35184
136.58480
136.70280
141.54020
208.53530
208.56889
4.79503
12.51380
16.38553
19.52140
60.66320
101.35983
123.46889
123.83986
146.15084
160.65832
165.44873
212.73832
216.55621
252.70582
255.81493
264.68869
264.69597
277.31264
282.81868
1.93342
6.57072
22.15464
35.77865
49.14279
74.14428
85.05058
86.78282
90.43020
90.48969
91.03622
91.07791
91.32117
92.98680
93.01313
126.09606
147.70129
147.70359
147.99787
4.69533
15.00420
17.12864
35.56181
36.93509
39.41523
45.37775
47.49011
74.22277
81.54746
81.55244
90.94405
94.99041
95.99265
106.67129
107.03223
124.44090
122.55189
135.27441
38.26164
45.13655
48.91610
62.46813
65.39192
65.04382
69.49803
87.43800
87.10411
87.10634
87.29726
99.96905
100.45323
105.99177
116.56435
116.58078
134.88916
135.98563
196.93646
67.80149
69.32170
80.81593
82.04693
123.15998
134.35806
143.54894
155.61663
180.96094
181.81232
180.86064
182.51388
224.64833
225.90587
231.25695
231.45658
234.21550
240.98849
256.02303
3.92899
10.70547
16.14444
41.22222
53.88475
69.32220
70.91663
84.74208
85.01376
120.05712
126.05953
130.87732
176.74400
182.82961
183.90566
186.72814
202.40356
265.75095
287.06149
0.60622
5.06629
9.03713
14.50215
15.77991
29.50272
55.49011
63.13710
78.26278
82.78493
105.70635
110.93010
110.93067
148.63359
176.02779
176.02863
180.57099
180.75156
173.12890
17.11224
18.18447
19.47027
21.46316
22.73588
23.16392
31.88603
32.63821
63.16127
67.12699
67.37245
69.43237
81.03623
87.91870
99.68854
113.85973
151.35663
152.65482
153.68132
3.75021
17.96915
25.36431
38.03839
55.02614
60.25904
72.98944
89.46546
89.67748
89.71090
95.28121
100.74400
126.59414
137.83152
137.83209
165.36619
176.00569
184.43854
200.16933
27.89312
28.65065
40.12568
41.84949
95.67775
95.93242
97.05410
98.80750
102.58251
133.13521
157.60038
158.65106
159.19887
159.20355
159.38017
176.00553
176.03135
178.84406
193.18615
0.54036
0.80319
1.83331
2.61325
4.74883
9.32998
20.98883
25.19134
29.62489
41.98954
44.71688
47.51426
50.88543
71.26039
77.97400
79.59767
79.78979
82.39880
85.10028
150.21712
155.65675
162.80072
192.42402
202.40791
206.37783
216.96456
219.64190
260.78171
268.28775
271.51988
272.64489
279.09054
282.08121
282.28898
291.30847
291.32111
331.88508
349.32209
34.77744
48.24958
65.11678
68.57594
68.69814
78.24374
81.98447
96.11767
99.10029
99.12815
102.65943
189.46971
189.53425
210.12576
210.51622
221.84915
259.50984
291.23117
291.28746
1.48100
23.06297
28.52009
41.64162
47.52600
49.00964
81.15126
91.05297
113.44606
145.95870
146.68489
158.60740
160.25234
160.79528
167.41309
193.84061
195.47566
203.46483
227.55743
18.83411
22.01184
24.33957
37.73684
43.59274
49.41750
65.22972
68.49115
126.35745
157.03650
160.95807
175.80426
184.83624
-1.00000
-1.00000
-1.00000
-1.00000
-1.00000
-1.00000
2.78561
8.46966
11.17760
75.79945
74.72972
76.75407
144.72208
149.22735
153.64378
155.09159
183.13413
183.13464
187.78951
193.43876
288.97668
290.93640
294.04013
294.50695
301.51963
22.63115
55.53974
68.45137
70.05525
102.96203
113.95512
-1.00000
-1.00000
-1.00000
-1.00000
-1.00000
-1.00000
-1.00000
-1.00000
-1.00000
-1.00000
-1.00000
-1.00000
-1.00000
2.76642
4.69309
9.68270
28.06901
28.82592
53.78161
55.72537
65.01154
83.69742
87.53993
89.53518
99.18437
101.79773
151.25452
152.11737
178.56555
178.58959
180.31736
192.10948
1.03728
1.56573
19.80590
44.22525
44.69328
58.37926
100.02031
100.53211
121.34444
141.33362
194.16828
194.78161
194.94270
263.12706
265.27980
266.34716
266.92142
268.12917
270.00927
26.77042
27.05583
28.92264
37.12952
41.05608
60.00635
61.23701
74.11120
123.10384
144.65174
165.73459
193.52956
193.52992
210.90658
221.20151
221.35174
248.78717
249.09554
274.56937
107.09475
107.02389
153.15968
160.52622
160.88729
164.31160
196.90682
197.30848
223.60179
224.15651
226.67425
230.48567
230.77963
232.03589
239.49451
255.01477
275.95535
280.55888
285.87600
0.57823
2.60127
8.80015
9.64310
73.54687
76.03558
89.40849
102.38140
106.23924
107.64202
122.24012
137.34022
142.04624
156.62553
157.36080
157.49056
151.85527
152.03454
154.02435
7.46740
22.85524
34.12932
99.58965
120.49101
123.03421
131.54872
132.45191
139.98989
142.30088
154.48133
154.71579
149.91910
160.82499
160.84447
173.07464
182.87901
218.94331
223.29656
7.83911
24.94700
36.81033
47.61752
49.16902
51.60728
54.64676
54.79150
55.88335
78.99316
79.92245
82.63757
88.49672
111.23458
110.97731
127.59430
127.60933
137.34047
156.86564
38.29029
52.05305
91.11612
91.83198
97.26994
97.69431
97.84003
99.64064
101.46222
106.91271
107.06055
132.12796
145.83294
148.87879
153.56906
156.46093
156.48600
165.84767
171.14080
2.77887
4.50667
7.27572
13.58106
14.97391
30.99861
60.31586
71.81489
77.47498
92.83125
111.34375
119.08067
126.29642
151.48823
153.98196
153.99515
183.38094
184.25007
193.72957
0.24444
3.92924
8.38849
26.11377
50.36708
72.40982
72.69947
77.96463
78.87557
79.50203
101.57144
101.58339
106.62831
144.86064
149.08546
148.61831
158.61332
164.83772
172.13900
34.49588
35.25010
61.74495
63.81720
82.69796
85.01492
120.35943
123.91140
125.13847
125.67627
143.85003
153.68177
167.08823
167.09354
233.37039
272.96898
293.45850
311.41501
315.18400
3.48685
32.74073
40.93938
42.55278
47.36139
108.06938
111.07363
111.63555
134.13185
134.14844
143.14776
149.59930
158.63570
160.94051
173.16108
197.10535
224.73640
225.02599
227.90411
19.28318
21.37063
34.08796
50.66760
52.44392
53.60136
92.53070
108.30040
115.11054
121.90875
127.47991
128.48631
128.80056
146.84826
188.32384
197.77504
197.22056
208.65553
213.28550
9.70249
25.73430
39.28373
41.79002
58.83525
59.07973
55.55476
57.95306
58.56267
59.67496
59.78784
61.17463
62.47830
71.00912
101.78169
102.82789
108.76798
121.28445
124.62498
21.38266
32.04875
38.84500
51.02208
49.28238
49.53247
54.79965
60.58525
64.31438
77.98283
102.02778
102.02781
103.83189
103.80126
115.79864
119.86638
119.55899
137.00603
211.81124
12.04763
20.90121
22.51215
85.80079
90.28906
106.47550
111.15941
119.64931
122.05026
122.91781
133.51753
133.68043
133.68062
137.63040
141.61211
166.50689
179.59334
190.83707
210.74339
6.17164
9.86067
12.94282
40.54879
47.11175
76.41898
88.65708
109.57171
110.95012
128.03098
131.60346
141.82431
151.55068
171.04620
177.81002
178.31516
184.83967
192.31001
213.91456
7.15406
16.61791
17.37250
48.89507
58.80219
59.38407
59.47486
59.02173
60.41091
71.43204
124.03811
147.89432
148.33326
151.50497
165.14680
165.80215
183.32951
183.35457
183.44809
21.71706
23.61925
25.67962
30.49630
56.13250
56.34401
58.40953
58.66034
91.69513
91.74871
106.88023
106.49835
106.89046
107.21444
111.59205
113.50192
191.89907
200.12464
200.02475
35.81647
39.11629
46.17523
52.03362
64.29650
65.88911
78.68702
108.44346
108.77839
122.02564
148.40374
150.73144
151.76638
164.64620
188.63116
189.95068
195.21665
195.28528
201.02280
4.11140
3.79390
5.90777
11.14205
47.81681
53.34769
53.71051
57.11761
142.14154
153.98545
161.68337
161.74719
165.14302
166.40895
172.23584
177.42192
182.27501
184.42166
203.94433
4.34464
4.60678
38.28157
44.06116
50.52702
88.85091
96.64475
101.75818
102.32058
102.32261
111.87985
111.88818
114.30418
115.12916
119.98552
122.15745
123.06755
132.48994
148.44243
50.47276
72.31493
73.26796
78.40568
92.55311
94.21373
98.74458
135.76990
136.36042
136.94199
141.19464
154.82964
154.83994
172.23860
211.19536
238.40466
244.48467
246.99207
253.02503
0.10187
6.67972
22.91350
24.66893
29.81285
31.07523
52.88012
52.91083
64.59127
74.64435
112.38136
116.67259
139.40590
146.59385
146.70013
150.20916
159.30894
159.58481
201.27900
23.48602
30.66390
60.78011
63.35755
64.26302
68.41672
68.94000
71.31214
85.27480
114.41766
114.57370
152.20701
162.21638
162.48554
178.99450
182.98936
197.58792
236.34093
235.99712
9.15724
9.75032
23.77946
27.03027
30.15907
36.08746
43.46926
45.09034
67.36444
71.33839
72.72906
73.02675
72.93190
77.86484
108.21574
113.67733
117.47321
131.51502
131.93606
23.68389
46.08238
46.21883
50.25866
50.71179
69.90328
129.02691
129.47274
133.70416
133.41996
137.24188
139.15830
143.73256
147.71813
157.44404
159.76376
162.97876
163.00107
205.25294
0.58943
1.94149
2.22860
49.24975
66.65195
93.02249
96.60332
130.39802
139.78941
144.68595
173.67020
173.70535
211.58148
212.47274
212.52195
214.92183
219.32784
221.75339
221.75340
0.30711
30.54442
76.04343
108.18903
128.54417
151.72112
152.50767
153.86176
188.11693
192.58852
213.35366
238.37632
242.60937
255.56082
256.31201
264.14412
264.14458
292.60116
292.54302
