19.69684
34.49401
40.67311
51.36387
54.30404
66.62607
71.95969
77.29148
83.10557
96.26006
100.58013
109.19890
112.31230
17.15196
23.55753
26.63153
35.22729
44.87756
51.42977
59.62018
78.57575
78.95336
80.97577
96.55869
102.57300
115.31063
4.02009
22.01791
33.78853
47.43467
48.69804
64.57937
78.09665
88.28205
94.96648
98.92810
112.75877
121.51862
132.72220
8.42210
16.61191
24.92102
27.99531
31.52750
38.82860
44.10863
51.48507
75.07540
87.79835
104.45455
105.81768
121.69032
10.17863
22.64342
33.83794
37.46729
45.88663
54.93778
63.51238
63.90366
74.17359
77.35658
78.85753
81.64000
95.01486
14.36277
24.95786
37.43307
41.41045
48.97994
55.97684
68.17355
76.03590
81.30613
86.79673
95.60853
106.61109
127.74052
7.13608
13.95359
19.43413
29.72375
43.31386
53.58952
55.49686
68.06159
70.83378
76.52390
83.72333
83.82802
87.06885
6.83975
11.19726
15.39690
21.39588
27.24456
32.67472
48.23708
49.80688
55.26489
63.36199
69.31179
72.64292
75.09217
9.42344
22.63494
26.67692
36.64008
49.50666
59.38442
65.89966
80.26554
83.56130
89.07065
89.62485
90.42720
95.21293
10.09953
14.34699
19.23734
31.86216
42.72976
48.18180
71.12316
77.19652
86.96405
89.34857
90.66742
93.50911
98.43652
10.23675
28.53947
35.83473
44.59689
53.87402
60.00739
67.51138
70.52166
76.10158
88.41081
90.13460
92.18024
94.41131
11.69737
17.06998
23.17402
25.11504
40.87454
42.41744
51.00886
52.37165
67.37129
72.21134
83.57908
87.01576
87.41022
5.47625
19.92218
32.13866
40.92217
47.02815
50.61098
61.60401
69.81496
74.65766
79.54768
88.86693
96.04091
102.36954
2.65735
13.46847
25.94283
31.80407
48.52880
53.18945
74.42470
86.85476
89.64773
90.59967
97.23134
99.54116
103.87097
10.31268
22.02397
31.27869
36.33172
49.39168
59.95561
67.19147
77.61267
86.92145
99.13641
106.14655
111.55987
120.39272
5.97952
8.54043
26.65494
30.38994
31.91572
48.55416
55.91767
69.33657
83.87533
98.26919
98.98844
103.02821
103.08113
13.43871
17.36601
21.78363
29.58290
48.30605
59.32951
67.21952
77.60508
81.01229
89.18244
95.16746
97.58998
104.28631
2.41782
16.02926
29.62358
37.28223
38.18654
60.40140
70.06091
74.42348
77.22725
87.09273
98.27918
98.38926
105.62267
7.09529
12.53869
36.76893
46.27544
65.64879
72.40414
81.76964
90.52693
95.84618
101.55429
103.56375
117.68042
122.70149
4.71679
18.25437
23.74129
46.60461
52.93715
55.26762
63.94720
69.02432
78.79563
90.45470
94.38725
97.63334
98.80935
13.48271
18.22442
22.15550
29.76365
37.87250
42.20215
43.94517
54.13798
57.95125
61.44121
74.62154
83.90361
88.15760
9.22998
16.70624
20.39776
25.90170
32.18378
44.89460
51.51517
56.77727
66.82635
74.62290
89.05551
91.22199
94.91654
17.10459
20.63253
30.91874
32.58902
35.21896
45.96429
56.04051
65.54132
72.07970
77.17656
85.30893
91.94055
96.71054
5.15989
15.77348
23.06099
35.05109
37.31626
43.53326
49.32752
61.98277
67.01089
68.25154
79.71709
90.80873
96.08483
6.13331
16.07215
26.45553
37.52814
47.87384
56.26277
60.85307
71.95070
78.73648
83.61158
95.45035
100.58909
105.85879
7.43610
13.56105
18.21041
24.89345
26.43370
41.24761
43.61947
61.14447
63.18360
65.86578
70.81527
76.00732
87.06232
7.44649
16.09317
29.89518
31.62788
40.40096
49.48060
56.95254
62.09556
66.01114
81.02314
84.95379
85.68034
90.64679
5.35252
12.25639
14.32180
20.91757
29.49563
44.45147
50.06669
51.09487
57.49308
67.51320
71.39526
81.69436
89.30023
8.06182
17.92617
25.61376
43.78064
51.00352
59.74252
61.78950
66.30483
74.38034
79.51994
84.62486
91.15601
101.05464
1.62437
8.86854
11.55913
22.77920
28.24891
31.78611
41.55606
51.68100
57.30293
61.25884
68.06520
72.59863
77.93799
6.88091
17.45481
24.06132
35.03284
46.04023
51.61718
68.07597
73.88919
83.57657
88.34126
92.01460
93.78555
99.36641
13.33100
27.13325
37.36715
38.96841
43.08791
49.68478
58.45581
59.93634
63.20217
68.13584
78.78122
91.34801
91.85792
12.53859
19.48446
26.26370
33.21787
42.20165
56.56820
61.40754
66.01215
69.54507
78.40471
87.14536
93.78593
101.24474
4.73354
14.77357
23.38917
33.47010
44.71176
47.97685
50.37390
55.18178
59.16007
83.15595
87.65179
88.89498
103.08924
4.68115
12.27444
19.32515
31.77418
35.93510
43.12698
52.16460
62.50462
75.72014
89.36071
100.84930
105.79701
113.14719
4.97875
9.58092
29.78389
37.95013
47.23579
48.93865
60.51922
68.65194
73.25937
83.52969
94.53242
97.40019
101.23288
6.96180
10.78006
17.96091
29.62137
37.90487
48.60570
55.27996
62.36596
63.61298
68.42917
79.32550
86.21879
93.88897
14.73759
22.98067
24.32843
50.67827
55.12762
55.50827
64.07534
69.77458
78.13486
79.56655
87.64845
97.24541
108.36131
3.94565
14.62378
22.47194
25.42419
35.22479
59.47774
64.27158
73.61954
76.91160
76.96048
89.26187
96.04420
104.26606
16.23116
29.01303
42.89141
47.24688
52.39003
60.11378
66.40654
71.82361
77.08663
86.94294
93.36822
102.31815
109.42226
11.90690
19.50782
28.47870
44.11151
48.81026
57.33221
60.69692
66.90339
78.84710
80.89778
86.14166
88.96329
94.23476
1.98151
15.46174
19.11919
20.47245
24.90271
28.12524
34.92992
41.06330
46.20136
60.10814
62.39577
66.50474
75.33582
13.21057
20.74011
26.63175
41.51123
59.55005
62.27532
72.31775
75.09574
78.71184
83.86245
91.70387
103.52343
104.07184
3.63345
9.84604
20.48323
24.44605
30.88226
42.06575
49.78569
64.77981
69.19593
77.25655
85.11522
95.67628
102.35965
8.90893
23.58080
28.41312
34.34960
51.24030
55.54393
57.26437
63.87306
72.07540
74.93783
83.68886
92.43601
97.42005
14.68448
29.58821
36.72541
46.05192
56.12229
60.99798
67.74275
80.53896
86.69129
96.20624
107.99106
117.43319
122.89516
11.29610
15.92139
22.91484
34.85333
41.89954
44.95924
63.62438
80.94593
82.91271
85.76112
97.99640
112.51461
125.09349
16.51463
20.84908
30.30578
35.86525
38.47392
44.07084
44.47907
60.08092
61.66675
69.65987
71.76518
75.36708
85.03400
7.80530
16.00074
23.53756
31.87933
34.88316
38.94663
44.57127
55.17845
60.12542
60.99741
67.60837
76.38081
76.62026
3.46419
6.90168
17.92970
20.38145
24.69603
34.90469
45.93269
60.99415
64.36838
69.35077
72.53792
76.25789
77.91579
