1.56085
2.78931
4.10898
5.87514
5.87530
6.70110
7.57418
8.14192
9.04224
10.59855
1.36687
2.51152
3.60968
4.72567
5.94283
7.96491
9.62979
9.96281
10.38735
10.38737
1.87286
2.73340
3.65621
3.79030
5.03152
7.12555
8.12271
11.67978
12.72182
16.45888
1.50629
2.28611
3.73970
4.01669
4.02207
4.77464
5.30243
8.23344
9.67625
10.04012
0.01066
0.32779
0.51705
0.57590
1.90149
3.39973
3.86226
4.35120
4.43412
6.81320
1.61839
3.29006
5.09515
5.11892
5.89912
7.47202
9.39739
9.89879
10.89305
12.05248
0.00652
0.33993
2.53019
3.30353
3.68923
3.77097
5.25467
5.50002
5.50131
7.13476
2.43072
2.77160
6.43863
7.97890
9.54631
9.95489
11.03562
11.91124
15.41308
16.74962
3.47277
3.82927
5.25038
6.71851
8.03819
8.26759
12.96222
13.54924
13.74813
14.62163
1.33340
1.52425
2.55411
3.07550
5.02722
7.10032
7.74648
8.19232
9.89569
10.35075
5.29918
5.34161
5.64662
5.94970
7.11466
7.19056
7.69977
8.74978
10.82304
10.84067
0.00943
1.89562
2.97892
5.52549
9.45793
12.60194
15.11971
-1.00000
-1.00000
-1.00000
1.40086
1.66566
2.83536
3.50589
4.76894
6.61362
7.49467
10.90287
11.51256
11.85613
2.90839
3.24136
4.80554
5.63493
6.76220
8.52292
9.09744
10.19398
11.14757
12.26385
0.45968
2.41120
3.76415
5.44262
6.29263
6.96084
8.38697
8.90577
10.72200
11.77579
2.31960
3.23986
3.68091
3.72822
4.95903
6.58648
6.84634
6.95412
6.95764
7.43479
0.18159
0.90193
2.80793
4.29269
4.67480
5.63259
9.57573
11.03593
11.05062
11.61209
0.65689
0.88937
3.52381
5.08192
5.10340
7.48322
9.99974
12.31791
12.49521
12.56829
1.96327
3.39779
3.50266
4.24706
5.31047
6.59378
7.99709
9.40215
9.59542
10.10024
0.98822
3.38307
4.21008
6.64265
6.77761
6.83130
6.83851
8.29559
8.59268
8.96988
2.32158
3.61869
5.55389
7.22174
9.17233
10.22824
10.87995
10.93871
11.62778
14.28886
1.17280
1.43812
1.74130
1.83094
2.30485
4.05655
6.15320
7.75251
8.02772
8.67679
0.26693
1.25687
2.50113
3.47692
5.75801
7.82961
8.31726
11.31602
11.57133
11.59176
1.80530
2.80562
3.77373
4.49023
5.32386
6.91313
7.55448
8.56710
9.79181
14.32421
0.72377
2.31897
4.30684
5.26743
7.43905
7.44220
10.35982
11.41308
11.71121
13.16403
0.13107
1.12480
3.08034
3.64069
5.16969
5.17342
5.82960
6.94979
7.03783
8.75916
0.57712
2.23374
3.15771
4.56354
5.64013
6.07215
6.89014
8.52922
9.06652
10.59906
1.21874
2.83785
3.18380
5.62433
6.87767
6.89867
7.94617
8.03490
8.57333
10.80907
0.40946
0.58727
1.45065
1.70716
3.36061
5.13818
5.91171
10.19439
10.91784
13.89330
0.90512
1.20319
1.57181
2.71306
2.79371
4.36815
4.73764
5.58694
6.31837
6.55150
0.14950
0.94165
2.47165
3.12765
3.24266
3.88197
4.53079
6.50210
8.83464
10.46727
0.06472
1.25446
2.32480
2.43309
3.83828
3.83907
3.86024
4.55298
5.32405
6.45409
0.13153
0.47676
0.79676
1.79948
2.47890
5.10950
7.09548
7.56981
8.67998
10.56066
1.39083
2.04678
4.01155
6.07735
6.52899
8.32224
10.12307
10.37373
10.86105
11.44673
0.56041
1.81448
2.89757
3.44061
4.82032
4.96947
5.50849
6.60626
6.86325
7.57777
1.81445
1.97064
3.73851
4.06795
4.53576
5.15998
5.43276
6.86041
7.11652
7.56474
0.26290
1.14020
1.14097
1.77032
4.03198
4.18428
4.43459
7.57259
8.39643
9.22624
0.59048
0.70023
4.20996
5.52500
6.05453
6.08284
7.12176
8.10908
9.86165
11.30490
1.05854
2.02189
2.40918
3.24866
3.47124
8.19235
9.35786
10.36183
11.24827
11.90118
0.53113
1.32161
2.46982
2.59635
4.20755
5.27389
5.96202
6.98670
7.26369
8.52013
0.48111
2.82002
4.39209
4.71560
4.84898
5.02244
5.08860
5.69024
5.81854
6.69536
0.31265
0.84379
1.44610
2.52265
3.02007
3.56908
3.69083
4.91504
5.78590
6.43874
2.36724
2.45269
2.90654
3.34601
4.32545
7.93534
8.54550
9.16338
10.19395
11.26456
1.17370
1.89201
1.90220
4.40357
5.44057
7.22375
8.36806
9.82044
11.30044
13.32091
0.10768
0.45020
1.15800
1.64820
2.42654
2.51332
3.44078
4.87507
5.54139
6.80945
0.50355
1.86279
2.70890
3.33461
3.81900
4.32668
5.75949
7.63267
7.65694
8.40092
0.91004
1.57509
1.77571
3.33430
3.81293
4.93605
5.95841
7.01216
7.06327
9.33953
1.16993
1.27523
1.31608
2.51105
3.37960
3.93665
6.23453
7.67225
8.42392
8.54299
0.00058
3.02511
3.18814
4.83320
5.17557
5.74579
5.74632
6.82192
8.76996
9.59879
1.73967
2.72196
2.91959
4.81710
5.68895
6.51606
9.53088
10.29800
11.16010
11.35542
