9.81596
15.52678
24.69565
42.02929
64.47796
92.26563
108.57101
119.38206
128.10155
153.04319
20.74765
56.15316
61.98048
67.52793
83.36807
98.12140
110.34214
107.06304
107.15022
116.44948
19.30921
25.99180
28.74073
29.98422
41.22984
44.60077
53.51187
56.19499
73.31568
74.65099
5.52528
19.21794
25.86131
26.73252
49.36253
74.31268
79.72557
93.26221
93.93145
113.35586
29.34785
29.82401
-1.00000
-1.00000
-1.00000
-1.00000
-1.00000
-1.00000
-1.00000
-1.00000
2.47211
20.35641
27.66217
27.69073
31.89835
34.76590
51.21199
57.70161
61.45927
75.73303
17.83807
22.41158
33.25967
65.68463
73.40886
74.28834
98.82796
106.53658
118.95677
118.96108
12.97848
13.08824
26.72834
31.87154
37.88781
49.06040
75.43045
91.98096
124.86851
127.92601
14.40692
34.92932
36.06330
62.44132
69.09272
108.88410
108.88412
118.10931
122.28986
127.20555
4.69857
12.75916
13.89927
14.63940
54.14762
57.45614
71.89501
77.21447
78.12510
88.22144
18.35712
27.07296
28.50427
62.45900
73.77614
96.32917
99.06076
103.17785
111.02582
114.71976
5.26910
17.95993
19.26252
44.62782
63.77449
67.75514
95.58138
138.08314
146.82684
149.05360
1.65822
2.08265
34.02096
48.40885
55.23322
64.23513
75.97566
76.56905
95.49091
109.91948
3.60097
13.67100
16.98175
33.18279
36.39399
37.93898
50.55482
52.86031
61.99995
65.11027
2.64818
3.76855
28.48840
42.07359
49.38679
62.89144
63.34917
66.49394
79.24140
88.13025
8.74448
16.21189
21.71627
46.89013
66.52286
88.02924
111.50848
113.57324
113.69082
114.04560
4.35923
5.20365
13.29741
21.76389
23.06794
39.97006
56.25322
89.93777
90.37913
97.77977
10.48959
34.88887
40.76017
41.54981
41.76214
72.60643
82.57833
86.64957
99.54366
105.71993
0.91375
11.93734
21.38445
25.94513
31.23020
75.06496
77.11469
82.81352
98.40513
103.14005
4.66923
6.84667
21.00662
31.20526
36.09628
56.80215
84.72685
87.24578
100.47350
106.56734
33.21370
70.36971
73.77232
79.70028
80.49820
86.56300
86.56307
90.25210
91.39914
92.75695
25.26582
31.54511
36.64346
40.85212
56.70342
68.34008
72.48263
73.42922
100.80228
120.31688
3.16211
7.34005
14.73497
37.02953
42.45714
45.53108
55.00778
64.61430
70.36596
74.28918
6.92308
8.46191
18.29839
29.11676
37.64532
52.63691
59.00878
61.65891
76.68253
83.81128
1.58097
7.03272
14.61667
-1.00000
-1.00000
-1.00000
-1.00000
-1.00000
-1.00000
-1.00000
10.63826
40.78204
48.22087
68.34189
76.66903
94.85458
104.40143
113.23075
118.05331
120.88825
4.35296
39.67638
58.69142
65.43680
98.28462
99.09575
102.89598
118.69779
119.03232
138.01136
11.35769
20.36333
22.97032
30.33560
72.38227
88.57948
99.77044
100.03653
101.10816
106.50203
8.04398
11.79006
28.86752
57.71195
60.00275
85.21587
90.77181
103.05126
103.12411
123.36857
12.39361
16.72598
52.96513
62.31082
77.92409
83.17784
98.58380
108.11717
126.57400
126.13829
16.78827
22.60549
42.27185
71.94909
77.26117
82.63636
110.01894
116.76709
128.91353
134.33661
5.81417
34.02639
38.34716
58.19599
82.42698
83.90668
89.12909
93.21305
108.69128
112.38853
2.28439
4.50348
13.76860
26.37775
56.92458
58.90357
79.60991
82.96661
90.23769
101.94287
3.54296
13.72584
39.64190
44.67194
53.27639
62.02390
73.35677
76.44897
86.66472
95.98515
12.75334
19.28026
37.67677
42.93013
54.05657
65.34298
66.56165
87.24579
88.28858
104.29986
25.50442
31.34011
38.49630
50.68398
51.31213
54.96555
62.44298
63.24593
64.07047
71.55368
6.92526
25.14339
45.91729
55.87594
62.07812
79.03347
85.76102
89.46297
89.85314
94.61210
14.14756
15.08964
23.15019
38.89315
48.78225
61.55949
79.89760
88.48186
95.15573
114.00192
15.75958
34.54972
50.44900
55.07565
65.91174
65.34932
82.25797
115.20816
121.76558
134.25272
16.51070
32.86978
38.40334
39.91877
46.92388
60.82285
67.35559
70.30439
73.61533
101.10487
3.25554
15.80493
18.24039
25.84889
62.89356
69.57238
77.82609
84.52301
84.52301
109.38390
12.47967
19.95858
22.66014
31.75218
40.90668
38.22708
44.34369
61.72132
74.26761
81.00818
23.62193
24.60726
26.68163
38.15718
70.87931
116.00125
121.64566
129.53008
135.25036
144.45126
2.04874
39.49696
56.84220
62.90514
67.69998
83.55929
124.86154
136.14100
138.77307
140.92579
24.00466
31.45218
31.92149
37.84887
53.57878
57.73632
89.49912
90.64048
111.83738
115.38570
1.59478
13.07263
14.41678
22.39495
22.85779
28.02815
39.00566
49.38819
62.96090
78.89206
2.48994
8.11707
8.31282
12.19319
22.39923
60.55088
61.90904
64.16313
77.47961
89.23467
18.16405
19.12775
20.92684
22.19868
46.83796
48.87476
62.86833
67.13137
105.61030
109.63481
15.66238
17.99030
18.92431
21.54768
26.29725
37.84929
44.20925
52.98637
79.07857
89.08574
17.80634
23.66702
64.78783
67.14316
68.53540
76.25940
88.80615
110.84781
133.22268
157.35619
