6.58239
12.85252
23.89030
33.56719
38.69792
4.06541
10.48318
14.38999
21.70954
26.70864
0.87955
5.76035
14.77558
18.60189
24.43190
8.48005
13.67707
20.16180
23.69808
27.64600
4.07118
11.22723
16.59454
23.80242
26.45120
3.01579
14.49598
17.59179
21.88355
30.24508
11.89225
23.55349
26.07819
32.08952
40.66403
4.01631
17.66450
22.55781
30.99307
34.02865
8.10122
15.44561
21.11994
29.14511
35.35222
5.50245
9.39770
14.85378
20.75535
26.66772
4.25642
10.84720
16.00243
21.57640
24.97131
11.12448
20.51771
27.53564
31.59817
45.15237
6.73713
12.22097
21.59096
29.23909
36.42847
12.67319
17.35099
18.42433
24.38136
29.97403
14.55160
25.40091
31.56823
35.53530
36.90984
4.05888
7.96143
10.61977
17.51074
26.53206
7.34634
18.47816
23.20642
28.22615
39.92325
2.43988
15.37811
24.65780
32.90240
35.65803
4.00278
17.06075
22.60938
29.06933
34.41177
10.33027
16.07088
18.09278
29.97222
34.37866
9.36684
20.06177
23.79078
28.33352
33.63382
4.07167
9.85188
20.18850
35.25296
39.51601
5.51698
9.31529
14.01802
22.52950
24.94515
1.53521
4.08241
8.95723
13.09125
14.62793
9.00251
13.18581
15.88549
22.73498
28.88000
5.96835
7.04198
9.84412
10.01790
20.55094
4.08954
12.47062
22.46176
29.53654
33.42077
3.46861
9.20187
21.60082
30.22124
30.82655
9.61321
15.79041
26.94867
30.09330
43.22240
3.14197
7.31792
10.33220
15.31985
26.50698
5.05015
7.97554
22.08399
25.47556
38.34927
10.69647
13.20982
19.50680
27.29304
33.93325
4.47749
17.08030
22.15734
25.62375
31.99425
6.07584
12.55844
16.10054
22.00332
33.52114
7.77140
16.40671
18.30106
29.95363
29.94648
4.60869
9.69941
15.62391
17.25654
24.81666
22.35873
22.96494
31.75574
35.25861
40.00442
4.21833
13.70703
18.95425
30.59093
32.89884
12.56260
19.26708
27.19231
30.59879
42.49281
7.38120
17.02467
19.52062
24.02006
32.06619
6.01608
7.47734
13.16670
17.09551
23.32695
4.48216
5.30875
6.72850
13.75498
22.87743
9.46524
27.29140
30.42871
39.17788
44.96769
8.20215
13.27829
29.14966
35.73383
42.10611
3.31648
10.40561
11.91010
22.95606
32.09705
3.59764
11.88696
13.94603
16.94840
23.18064
8.48111
14.70250
17.77101
26.43922
30.75685
8.48339
18.41949
25.18493
30.30567
35.34770
13.76985
17.55613
27.25594
31.01811
39.59287
2.55155
20.23406
21.80273
27.89400
33.80496
