7.46130
23.85097
30.06731
32.58945
38.35007
43.82439
51.00241
53.30471
87.22089
98.82175
106.35540
119.87306
130.02886
8.17998
20.57154
30.96894
37.97599
51.17930
64.18441
74.57108
86.75581
96.61946
110.34449
113.23233
129.79023
141.08166
3.37590
15.44603
24.09269
25.90331
33.62111
50.22200
70.01559
84.61596
90.06648
96.65131
111.59582
135.29956
152.11420
24.91504
42.96240
46.94470
65.20401
80.93941
88.35254
118.33321
129.82863
149.39808
152.86411
166.83483
174.84665
180.90807
13.22834
24.03922
38.62234
53.91165
74.58720
93.62809
114.32117
125.59014
127.41543
133.46378
140.57265
143.26866
152.80958
15.58470
39.60943
55.53780
73.43418
85.02894
110.90816
119.64456
133.28234
157.73622
166.72614
174.65090
181.72158
190.60544
15.79270
19.43928
39.53002
50.95836
60.42923
66.97200
86.90434
97.32894
102.40364
104.08583
115.53381
123.44973
123.77252
3.33072
46.87397
49.68075
58.40957
69.87152
80.08969
93.19368
105.00884
110.78410
117.23549
138.66884
141.90384
149.27735
12.40855
21.72218
54.23340
61.53407
72.62265
88.46182
96.51445
104.43075
113.10861
124.35082
128.26528
141.72596
143.10395
12.41857
18.26655
26.75189
45.10594
52.91154
66.03292
99.12146
109.03807
115.49420
127.87749
130.81316
138.23979
147.44417
4.95512
13.26823
15.19663
26.25096
40.80174
42.45447
66.19340
73.64800
95.23588
103.25446
119.29553
127.28690
146.76777
9.96745
13.67564
18.86604
30.40604
38.17482
45.76807
61.76314
67.26244
71.90149
85.00931
99.13042
102.24758
107.35552
8.69273
31.28236
43.94609
56.05567
61.11921
66.30453
69.97514
97.08232
100.53512
103.59849
105.83545
112.09008
121.29554
8.41057
16.42389
54.44822
64.19457
73.24311
80.32714
100.18936
134.64483
136.59168
138.55768
152.30530
176.48000
194.76798
17.00517
22.61826
31.92800
34.81396
42.51413
54.12307
69.95280
83.56320
102.03977
112.53666
133.48904
154.91057
169.41195
9.29439
15.15453
26.97108
33.47037
37.88287
71.30760
83.26094
89.34807
94.29094
94.29156
94.51706
103.15609
103.41357
12.55199
19.61168
30.26047
50.78178
62.65719
78.00841
83.56473
93.10755
104.46419
106.95940
122.66756
130.14995
160.18528
7.82546
17.09927
22.93884
25.51041
29.65638
39.12915
60.06453
63.06098
85.91648
91.45276
96.44664
98.80296
116.78245
29.69775
37.04371
59.21417
75.15244
79.52148
83.67656
99.96704
111.44032
130.09792
130.48600
131.63152
157.00001
157.62938
9.99446
39.33007
50.24158
66.12785
94.73091
115.79151
123.22036
136.93662
158.58133
163.36852
171.11717
181.31128
200.78881
12.04070
22.30986
32.33119
36.28284
45.51407
51.26246
57.93393
62.88081
68.22707
84.35090
88.28582
96.69862
128.88539
17.66337
23.58876
27.42315
27.14088
35.42213
46.55321
80.36095
87.67839
100.62853
104.46117
108.22388
111.43826
129.51398
10.84971
20.54540
31.09864
49.61844
54.40781
79.93670
90.54684
106.62695
113.86556
123.41706
132.94085
133.13152
136.88483
14.95605
25.95703
32.67189
43.55320
63.34855
74.38054
97.39099
108.95915
112.89926
125.65821
129.55869
133.71381
144.02295
10.44090
28.23207
49.06018
75.07943
99.66685
120.41553
133.93187
145.79645
145.79645
162.99169
173.27428
210.33443
220.12584
18.49986
35.49546
46.39134
51.63949
65.44932
72.74556
97.23164
115.52131
125.34662
133.07516
145.06356
179.46591
181.40230
4.23018
11.04770
14.45862
32.48189
59.01299
64.77873
78.77329
82.01935
93.30857
93.06060
123.00633
131.55112
136.84685
7.19147
13.05227
32.75910
35.99009
62.80630
68.70260
75.34008
84.15188
92.66165
99.37545
104.34761
112.85364
122.40146
11.89908
22.11398
25.04551
29.70746
48.19814
64.13153
76.67491
79.65834
90.21121
107.17309
125.71718
137.23817
146.33918
18.56575
34.26196
43.36377
50.16116
61.11054
72.47927
77.73323
96.79805
114.92802
126.86645
136.36186
149.33747
168.67009
1.75800
10.55952
30.89194
33.14035
34.90993
57.39585
74.02642
83.28959
89.50162
97.83766
103.86708
114.53469
129.94472
16.18168
23.50467
32.02712
56.20943
58.99262
75.49665
91.98105
101.25298
107.24793
118.05475
122.36285
128.23521
132.27696
22.80318
46.00685
52.56247
65.01984
83.05941
85.06444
90.51348
106.55544
108.33939
130.38861
143.03206
155.38219
162.00760
9.43378
18.22168
41.65224
70.53864
72.48603
94.01265
110.06486
130.36390
135.31839
147.17268
152.84724
155.25238
162.02856
5.79442
30.20374
47.38482
48.52275
50.95879
63.87048
85.54551
116.30902
138.08042
149.59186
153.39639
176.57361
187.76200
2.71233
14.44224
28.26637
32.46129
59.94363
66.96337
72.71666
94.14281
105.21105
132.77029
139.12174
152.01982
153.37080
24.19083
30.36616
40.89822
50.63022
48.02729
61.76876
76.74021
92.71338
105.35769
113.97120
115.61527
121.90656
127.87746
11.78096
18.44224
21.34693
53.52039
59.14870
66.76979
71.62005
83.14703
87.20271
93.12135
125.08050
132.69392
134.88514
3.22204
13.55583
20.27683
34.85673
51.23247
72.90487
91.54293
99.43956
100.93259
110.16633
126.62183
161.90235
171.02694
21.20143
33.95420
39.93878
68.50840
78.08412
85.24957
99.34564
118.10691
128.64156
152.06073
169.71640
183.88359
204.04451
6.36544
15.05476
24.91524
35.21568
49.51352
71.05135
87.97858
99.75112
105.40797
128.54582
132.01421
140.00706
154.39611
18.16783
19.01445
29.03122
39.51366
42.58898
52.36553
61.49533
65.58705
72.06863
96.18409
-1.00000
-1.00000
-1.00000
28.66571
55.53767
85.44536
124.79011
149.02094
154.63925
161.48282
170.41015
188.64546
192.68126
201.06100
212.01948
217.78269
15.82853
26.30804
40.11394
70.57705
74.51397
88.11016
95.14378
126.00417
124.40159
125.59658
133.40885
152.40913
153.66267
20.22954
24.52564
40.82499
56.95025
87.26126
89.25301
98.04766
111.53717
117.42382
121.13169
135.48491
135.36236
138.32278
14.88623
42.85838
50.89154
59.43214
61.80490
65.00905
63.76553
67.02978
78.19793
87.23704
91.54869
107.05352
115.36103
9.02109
27.03478
25.38939
39.56955
44.36056
54.68846
61.23268
63.37119
69.78400
74.89398
84.39282
91.52357
101.18586
5.16901
19.09293
43.11122
43.21107
57.60563
76.03118
99.83324
115.50918
129.27641
141.76559
149.02943
156.92050
168.33723
4.13064
11.91757
26.83633
31.24767
51.38540
60.94101
64.90942
70.15929
72.24650
74.33405
79.01062
90.14631
93.17817
17.56969
26.46855
34.65369
50.10575
69.22564
75.48229
82.88091
104.80049
120.96462
125.05183
135.29401
137.14127
145.91821
