25.71582
29.74259
54.10406
65.61679
70.57725
23.58437
25.55146
28.59448
31.10080
38.49274
0.63714
8.71104
23.87953
31.40750
42.59633
21.16423
34.24919
41.61255
46.34297
53.69713
7.15076
22.29538
24.94972
30.36671
48.22235
5.61634
18.24112
33.94717
37.60088
50.39195
10.63336
17.74559
22.22962
27.92537
27.78598
19.48990
29.14662
33.05453
47.35179
67.00102
11.60707
10.97966
14.04004
21.04856
34.82944
6.66214
20.15156
35.18908
34.77362
48.17569
6.35658
27.09255
36.73843
74.62582
75.23431
16.02318
19.37126
21.53573
23.62820
35.50098
5.47841
13.24622
13.56046
24.22253
33.12999
9.55822
12.59664
14.44531
22.50948
29.15529
37.80622
44.80050
56.15821
62.49780
66.47675
15.86512
33.73827
41.10037
52.81644
73.63606
10.21504
22.79548
34.36257
37.81050
50.19314
13.62942
19.81801
44.14789
56.00434
75.87405
7.81206
16.84657
27.81908
30.46304
36.63101
12.44132
28.39192
32.49780
33.96963
70.15831
16.80570
23.88065
31.77612
37.99382
45.65793
12.15107
23.08656
23.47217
25.27059
34.96524
9.16185
30.79142
38.09695
50.32800
58.08992
9.21997
14.04848
47.48312
58.43732
67.34875
2.17323
10.60531
15.87808
22.72898
46.94664
7.12640
17.06962
21.77965
34.09546
37.74694
8.36964
13.95482
14.62731
20.49425
31.29816
4.91549
16.08668
33.25087
47.00606
47.36144
12.54953
-1.00000
-1.00000
-1.00000
-1.00000
18.15476
22.96606
41.06830
41.71725
56.65182
9.06322
35.05544
37.85116
54.80614
58.67342
10.68706
20.11305
25.80202
35.12958
43.03755
12.83004
32.01416
45.67782
53.07076
56.45737
9.44798
10.15212
14.54760
28.04652
30.75054
8.68350
29.63615
39.92904
50.31329
57.09920
10.00877
11.60568
24.51533
36.62517
42.36281
9.69703
12.70882
35.07874
46.86918
54.76105
13.83391
32.55522
45.50431
51.31438
59.18109
14.81811
22.70517
32.15432
33.78057
46.08917
23.95695
34.93974
41.14159
51.12010
50.43280
17.48094
33.54839
43.54492
62.55132
72.71551
16.43499
19.32927
27.22819
40.21277
44.20339
3.33797
11.65334
21.73698
36.96188
46.70625
2.52848
5.06770
28.50817
49.39734
70.63187
5.40082
11.73069
16.14298
34.48331
34.95237
7.53777
14.00390
26.83933
35.85994
38.11563
10.62907
9.71090
11.26786
30.42216
39.11427
27.03537
38.47372
50.68774
53.42944
78.70822
6.20727
16.56722
22.93749
25.12034
33.10489
16.57291
26.32351
28.82632
58.17254
65.88139
