0.38302
0.94558
1.27082
1.35930
1.52039
1.87349
1.87640
1.98577
2.33375
2.66454
2.75236
2.76267
3.16247
3.76169
4.59648
4.78974
5.48839
5.51128
5.75319
6.04903
6.35945
6.99590
7.67601
0.08061
0.36463
0.36859
0.55454
0.83117
0.89969
1.23775
1.52142
1.72099
2.03242
2.23411
2.30977
2.42338
3.22120
4.04961
4.53889
4.66693
5.27476
5.66886
6.30414
6.33041
6.40293
6.58000
1.04446
1.91491
2.09068
2.36280
2.96701
3.23124
3.93153
4.09003
4.14304
4.68259
4.77601
5.01656
5.77271
6.05320
6.11377
6.28418
6.66167
7.05597
7.14834
7.44531
7.51818
7.65594
7.76885
0.11110
0.25129
0.33262
0.74830
0.99442
1.28116
1.45391
1.71089
2.14917
2.34325
2.45742
2.68518
2.77157
3.23472
3.63000
3.80226
4.20683
4.24189
4.72029
5.16180
5.48720
5.61364
5.71130
0.01609
0.60324
0.69658
0.87592
1.08577
1.08614
1.30353
1.64850
2.65428
3.04661
3.15260
4.14034
4.25641
4.94337
5.26157
5.67652
5.99087
6.36364
6.49604
-1.00000
-1.00000
-1.00000
-1.00000
0.07886
0.46947
0.70234
1.25158
1.36521
2.35894
3.24456
3.29434
3.44026
3.89361
4.11635
4.43542
4.74985
4.80297
5.56504
5.72182
5.88454
6.00221
6.10005
6.61482
6.85439
6.89276
7.35813
0.11133
0.87343
1.30197
1.47008
2.05974
2.20474
2.65809
2.90546
4.62283
4.71312
5.96545
6.84874
7.32489
7.41269
7.43498
8.14552
8.22106
8.40074
9.67762
9.91539
10.13825
10.50273
10.68136
0.66503
0.87161
1.43490
2.09234
2.16385
2.24556
3.39786
3.45660
4.07917
4.21805
4.39225
4.61357
5.09380
5.67365
6.43884
6.95838
7.59451
7.77502
7.78990
8.02488
9.14788
9.73343
9.98130
0.11695
0.47070
0.96934
1.15789
1.24624
1.37024
1.89594
2.39305
2.60283
3.28054
3.31030
3.68208
3.85752
4.14905
4.52213
4.54899
4.55933
4.99118
5.57057
5.80039
5.90553
6.29737
6.35183
0.47268
0.53523
1.49377
1.76614
1.95440
2.37421
2.58720
2.89198
3.15903
3.92823
4.23573
4.65389
5.10272
5.88700
6.07152
6.58002
6.97089
7.36946
7.52338
8.24483
8.69725
8.89093
9.60514
0.06404
0.25004
0.30743
0.64762
1.11309
1.28773
1.44368
1.67389
1.96197
2.82029
3.12978
3.18328
3.79642
3.83298
4.18138
4.29907
5.30312
5.46401
5.53192
5.71417
5.78947
5.86021
6.30160
0.39999
0.57286
0.79072
0.86114
1.27622
1.42075
1.56865
1.89350
2.77474
2.88864
2.99711
3.08168
3.85292
4.74166
5.29050
5.39155
6.01348
6.50226
6.68852
7.25448
7.53810
7.93110
7.93149
0.72708
0.82348
0.98989
1.17769
1.18734
1.19577
1.57675
1.89703
2.22734
2.41314
2.92556
3.24339
3.51123
3.94265
4.20041
4.32127
4.60574
4.86646
5.10763
5.69262
6.67787
6.87394
7.20920
0.08238
0.37601
1.14644
1.81259
2.41288
2.96540
3.05575
3.10673
3.18397
3.25649
3.37985
4.06815
4.07037
4.89620
-1.00000
-1.00000
-1.00000
-1.00000
-1.00000
-1.00000
-1.00000
-1.00000
-1.00000
0.28903
0.37032
1.31641
1.64610
1.88528
1.98497
2.28103
2.29120
2.32711
2.74193
2.93882
3.02873
3.71852
4.33716
4.57930
4.59081
5.59366
5.76126
5.85396
6.11830
6.40873
6.47901
7.44100
0.07269
0.16055
0.56774
0.72437
1.12608
1.69555
2.07672
2.33317
2.56919
2.82015
2.85264
3.28472
3.66790
4.59718
5.20262
5.50336
6.04553
6.18593
7.11423
7.38972
8.03515
8.45900
8.69206
0.45891
1.01039
1.32595
1.51433
2.15556
2.29529
2.78529
3.10237
3.20913
3.31135
3.68069
3.91710
4.05224
4.21643
4.43581
5.23904
5.53017
5.85813
5.97095
6.44361
6.87671
7.22475
7.59420
0.28468
0.45741
0.72811
0.95970
1.17731
1.39953
1.55354
2.58756
2.97035
3.35236
3.39159
3.61693
3.79829
3.91421
3.93767
4.18663
4.67470
5.00501
5.12160
5.37005
6.19007
7.06401
7.54466
0.56406
0.56416
0.94861
1.46423
1.74712
1.90756
2.21607
2.29086
2.43794
3.61142
3.85485
4.33659
4.59410
4.88221
5.00202
5.08641
5.32925
5.84309
5.85969
6.85409
7.44092
7.49579
8.14082
0.32928
1.00374
1.01689
1.67364
1.95068
2.13041
2.34792
3.26917
3.92834
4.20092
4.24714
5.14353
5.26594
5.73100
5.73619
5.88839
6.31706
6.38724
6.55231
6.68844
6.82874
7.03911
7.14407
0.77143
1.43423
2.90069
3.21005
3.56845
4.43327
-1.00000
-1.00000
-1.00000
-1.00000
-1.00000
-1.00000
-1.00000
-1.00000
-1.00000
-1.00000
-1.00000
-1.00000
-1.00000
-1.00000
-1.00000
-1.00000
-1.00000
0.17347
0.47804
0.68052
1.29243
1.65220
2.09473
2.28646
2.43636
2.57812
2.78693
2.87499
3.21107
3.39003
3.95759
4.13935
4.27023
4.39817
4.64531
5.27909
5.88826
5.96601
6.39001
6.51379
0.20811
0.25485
0.29632
1.19213
1.19213
1.50128
2.41644
2.61660
2.97569
3.04997
3.48970
4.35279
5.05449
5.14615
5.34614
5.43681
5.67603
6.07413
6.38483
7.10982
7.51598
8.14175
8.60162
0.58753
1.04787
1.48663
1.94181
1.94862
2.11167
2.14854
2.24561
2.71434
3.26284
3.65612
3.65619
3.94766
4.07700
4.09817
4.16385
4.84744
4.95190
5.01041
5.45392
5.91120
5.94067
6.01384
0.43690
1.60043
1.81609
2.11276
2.30974
2.53996
2.83562
3.19742
3.31106
3.68301
3.84405
4.64000
4.74958
-1.00000
-1.00000
-1.00000
-1.00000
-1.00000
-1.00000
-1.00000
-1.00000
-1.00000
-1.00000
0.01724
0.23392
0.62077
0.62159
0.90216
1.26064
1.35543
1.73891
1.95266
2.71609
2.98070
3.97391
3.97410
4.30442
4.59059
4.85838
5.38470
5.62948
6.01348
7.28735
7.94694
8.73134
8.81867
0.41144
0.97142
1.04835
1.29715
1.60430
1.92680
2.04073
2.24430
2.53458
2.75420
2.80552
3.63063
3.66114
4.03877
4.56545
4.60709
4.87693
5.21153
5.62271
6.87883
6.90497
7.45526
7.88350
0.42426
0.76256
0.80639
1.13463
1.26798
1.29915
1.32904
1.39516
2.15671
2.50195
3.61336
3.85137
3.92109
3.93598
4.13891
4.38350
5.06950
5.29908
5.34217
5.43937
6.24626
6.29056
6.49108
0.06291
0.47815
0.90004
0.96070
1.31284
1.33524
1.68060
2.00542
3.06030
3.20744
3.33007
3.77880
3.94191
4.15607
4.53163
5.08995
5.36947
5.70639
6.36196
6.95950
7.19590
7.80900
8.15584
0.25103
0.47276
0.96587
1.03331
1.25043
1.41754
1.64692
1.88866
2.36101
2.43293
2.96494
3.11716
3.71968
3.90092
4.65280
5.06960
5.49925
5.72144
5.93840
5.95549
6.34526
6.67429
6.75556
0.00245
0.03118
0.82080
1.04379
1.18336
1.28960
1.56475
2.44582
2.93453
3.20999
3.67505
4.90057
5.29986
5.39611
5.43873
5.62024
5.68705
6.03560
6.04347
6.71259
6.92000
6.94438
7.32567
0.08644
0.10613
0.19856
0.71187
1.29127
1.53566
1.65851
2.03487
2.20354
2.72049
3.28634
3.86366
3.90502
4.06390
4.13840
4.20434
4.34383
4.54702
4.76992
4.99694
5.19516
5.83046
-1.00000
0.19418
0.75666
1.61437
1.83093
1.88789
2.06913
2.79585
3.51239
3.56968
3.74972
4.10567
4.28388
4.39259
4.40474
4.65776
4.90633
4.93433
5.00872
5.02357
5.06011
5.45781
5.48940
5.82541
0.20120
0.31926
0.54673
1.01779
1.35090
1.65042
2.13752
2.52744
2.85486
3.17329
3.19263
3.24330
3.29190
3.74969
4.25164
4.59221
5.77612
5.84065
6.65378
6.77458
-1.00000
-1.00000
-1.00000
0.48974
1.20286
1.63654
1.67139
1.83385
1.93189
2.41382
2.60674
2.80241
3.05374
3.23173
3.36867
3.73032
3.78941
4.39672
4.84003
4.97774
5.17326
5.19608
5.21875
5.97742
6.29294
-1.00000
0.02019
0.02092
0.02432
0.16955
0.28670
0.32834
0.40442
0.40721
0.49656
0.72152
0.72250
1.19988
1.56066
2.97675
2.98170
2.99206
3.00240
3.01275
3.29162
4.37660
4.71292
4.92034
5.00564
0.80906
0.98697
1.46222
1.48601
2.12132
2.15515
2.27791
2.28213
2.70535
3.29412
3.32275
3.43819
3.49428
3.54807
3.65976
4.03872
4.18467
4.20467
4.51475
4.64582
5.37133
5.49519
5.75992
0.69859
0.78042
1.61317
1.74791
1.86899
2.24450
2.74389
3.05847
3.14674
3.39511
3.87921
4.03024
4.05257
4.29398
4.49031
4.87982
5.24834
5.34673
5.57252
5.80095
6.07469
6.30661
6.62588
0.14183
0.34394
1.05232
1.16534
1.61043
1.64534
2.07066
2.56767
3.06332
3.39012
3.79914
4.07460
4.09627
4.56142
5.52975
5.53709
5.67326
6.00436
6.02179
6.19859
6.21183
6.54205
7.07457
0.12331
0.20118
0.49658
0.77848
1.83727
1.96340
2.11467
2.28390
2.45557
2.64042
2.90913
2.94563
3.43203
4.27767
4.95082
5.47354
5.47817
6.55492
7.17346
7.45793
7.51355
8.05528
8.10086
0.07552
0.10953
0.61799
0.85504
1.33982
2.08999
2.89360
3.48028
3.51674
4.13863
4.28950
5.08241
5.34222
5.56481
5.85789
6.16674
6.74824
7.59605
7.97054
8.21947
8.31509
8.35581
9.13963
0.17852
0.58699
0.80827
1.57183
1.69046
1.91182
2.04708
2.24437
2.48655
3.11096
3.39234
3.55847
3.75011
4.48101
5.06008
-1.00000
-1.00000
-1.00000
-1.00000
-1.00000
-1.00000
-1.00000
-1.00000
0.33617
0.79084
0.98122
1.36890
1.78297
2.30212
2.79528
3.10834
4.18719
4.73179
5.45691
5.93115
5.95952
5.99646
6.15632
6.91449
7.00686
7.39333
7.72696
7.90171
8.09178
8.68592
9.69642
0.22378
0.56383
0.76026
1.39001
1.80933
2.31537
2.33824
3.15451
3.27809
3.68544
3.89735
4.21039
4.68290
4.73255
4.86689
-1.00000
-1.00000
-1.00000
-1.00000
-1.00000
-1.00000
-1.00000
-1.00000
0.00731
0.31866
0.81547
1.08879
1.50670
2.03084
2.19426
2.55086
2.71439
2.84958
3.07023
4.37971
4.69727
4.92113
5.09544
5.29637
5.35481
5.40625
5.53760
6.19047
7.16848
7.36671
8.53897
0.29719
0.41438
0.83648
1.07727
1.10649
1.49480
1.63052
1.85612
2.32263
3.10513
3.32508
3.60081
4.07257
4.12712
4.79249
5.08742
5.85537
5.85813
6.71022
6.99223
7.62970
7.89810
8.40850
0.54014
0.56855
1.26717
1.48830
2.41731
2.84736
2.92674
3.35708
3.65705
3.99573
4.11498
4.35466
4.69073
4.75112
4.87797
5.12125
5.51333
-1.00000
-1.00000
-1.00000
-1.00000
-1.00000
-1.00000
0.10832
0.51542
0.85802
1.48654
1.58586
1.68910
2.09309
2.18076
2.52958
2.58092
2.81724
2.89137
3.44097
3.88388
3.88738
4.29097
5.38788
5.44802
5.64129
5.67248
5.90418
5.92787
6.08006
0.05090
0.13777
0.19371
0.67287
0.97281
0.97282
1.04507
1.14389
1.72388
1.99565
2.04583
2.17465
2.57732
3.92821
3.98339
4.11636
4.13393
4.40619
5.45553
5.84192
5.96366
6.08008
6.67213
0.48170
1.03613
1.27158
1.34694
1.36317
1.57300
2.53835
2.69950
2.74561
3.16105
3.75952
3.95866
4.40920
4.51872
4.55017
4.57011
4.71025
4.86403
5.27138
5.79367
5.86932
5.97759
6.08397
