1.29767
1.73250
2.17819
3.12237
3.68221
4.40808
4.66224
5.14392
5.56239
6.69368
0.30142
1.05974
1.56698
2.15887
2.26318
2.85581
3.47214
3.86890
4.68090
4.94728
0.67861
1.11608
1.62360
2.15946
2.86685
3.20654
4.93422
5.16009
5.63536
6.14273
1.02516
1.08579
1.76595
2.05956
2.52231
2.64064
3.29342
3.73095
4.05840
4.82880
0.33004
0.89899
1.45377
2.53972
3.12074
3.49544
3.65333
3.92419
4.27832
4.83612
1.46225
2.25979
2.82418
3.34330
3.48655
4.11496
4.37402
5.11112
5.56786
6.01544
0.35187
0.77700
0.79348
1.27846
2.22746
2.47002
2.83811
3.27891
3.53879
4.00224
0.20522
0.57260
0.86667
1.37521
2.32022
3.04063
3.21350
3.65203
4.26590
4.68450
0.08274
0.20094
0.50837
0.99991
1.25892
2.08987
3.17152
3.20898
3.91282
4.27613
0.29102
1.40473
1.93108
2.86091
3.48588
4.08294
4.76145
5.82385
6.23137
6.88667
0.25436
0.54461
1.56156
2.26423
2.62504
3.04171
3.69085
4.14449
4.42316
4.76809
0.33706
0.48536
0.68459
1.26755
1.42740
1.77991
2.80708
3.02341
3.76258
4.50259
0.54154
0.87528
1.26280
2.25910
2.93316
3.27211
3.64966
5.21466
5.32612
5.58062
0.87397
0.96448
1.82824
2.14662
2.74563
3.25618
4.58101
4.76216
5.27915
5.69482
0.17382
0.42923
0.86293
1.34819
1.70608
2.40828
2.79588
3.50476
3.64851
3.94076
0.76450
2.17946
2.65670
3.63639
4.27230
4.68697
5.42500
6.25148
7.14189
7.96095
0.43905
0.64871
0.89203
1.37389
1.80875
2.16254
2.58748
3.01882
3.43467
4.33153
0.35536
0.47718
1.07551
1.38576
1.91022
2.52316
2.72824
3.10339
3.67951
3.87275
0.33465
0.62751
1.19677
2.27993
2.91125
3.04964
3.63469
3.92817
4.08170
4.28155
0.39949
0.56840
1.55182
2.14971
2.88099
3.21604
4.08525
4.91921
4.98306
5.32023
0.86861
1.41529
2.24639
2.84399
3.59094
4.48408
4.94735
5.52900
6.35883
7.14060
0.49561
1.07316
2.31848
2.55669
2.83786
3.20520
3.33723
3.46407
4.37264
4.72278
0.41130
0.80093
1.87902
2.09543
2.63976
3.32923
4.01714
4.37539
4.58399
4.95112
0.38657
0.79070
1.26259
1.53726
2.01354
2.54777
3.19756
3.41438
4.33388
4.70115
0.62916
1.73174
2.52693
3.15170
3.27650
3.65494
3.99130
4.16606
4.58717
6.24536
0.76832
1.21886
2.16366
2.70639
2.83775
3.03784
3.48992
3.87015
4.14173
4.54034
0.52188
0.78958
1.63657
2.17968
2.48660
3.59886
3.93022
4.26032
5.06481
6.40759
0.79815
2.43138
2.96067
3.55139
-1.00000
-1.00000
-1.00000
-1.00000
-1.00000
-1.00000
0.25606
1.13109
2.41326
2.76840
3.58846
-1.00000
-1.00000
-1.00000
-1.00000
-1.00000
0.79803
1.15848
1.17792
2.19216
2.71993
3.67337
4.57083
5.03595
5.56487
6.22820
0.48071
0.71248
1.13192
1.72925
2.13028
2.76952
3.18578
3.49304
3.87504
4.13139
0.80560
0.88039
1.32250
1.49190
1.86278
2.17738
3.21547
3.38298
3.62712
3.94734
0.15411
0.56344
1.01549
1.70163
2.79201
3.10427
3.75224
4.27287
4.93892
5.13871
0.18703
0.62648
0.94760
1.27529
1.83824
1.95500
2.79152
3.97471
4.58535
5.21192
0.56378
1.28770
1.89308
2.78505
3.27086
3.84192
3.98959
4.72188
5.29521
6.64310
0.77477
1.13701
1.72060
2.10012
2.81166
3.06398
3.32821
4.62619
4.85587
4.91773
0.48705
1.09520
1.61194
2.28298
2.82778
3.33109
3.88146
4.37010
4.73739
5.30937
0.37369
1.06213
1.45551
1.72893
2.18120
2.63228
2.95632
3.52852
4.30579
4.60425
0.36405
0.55460
1.05687
1.36624
1.53653
1.92877
2.46005
2.97093
3.40957
4.42674
0.92811
2.02234
2.81431
2.99601
3.11638
3.94951
3.97670
4.57874
4.81898
4.98303
0.80779
1.21781
1.77248
1.86965
1.91892
2.13880
2.84068
3.54907
4.02860
4.31906
0.57100
1.16269
1.41884
2.23236
2.32860
2.86282
3.38128
-1.00000
-1.00000
-1.00000
0.78818
1.06326
1.78598
2.51721
2.61947
2.79863
3.40965
3.88046
4.12533
4.74791
0.37421
0.56275
1.38597
2.12415
2.66087
3.33832
3.98722
4.10259
5.38154
5.87023
0.43764
0.85531
1.38146
1.95773
2.81376
3.33434
3.77187
3.94946
4.37294
4.85385
0.47251
0.93805
1.41357
1.42200
1.64743
2.22781
2.33743
2.95959
3.43682
3.81554
0.38478
0.73573
1.03676
2.20874
3.37615
3.66523
3.79653
4.54789
5.70325
6.41313
0.93201
1.34192
2.91008
3.59098
3.84271
4.31793
5.29757
5.57636
6.10663
6.34688
0.87284
1.35180
1.46304
2.41319
3.41116
3.52481
3.56741
3.78747
3.80990
4.31269
0.58950
1.24441
1.70357
2.18956
2.91570
3.18846
4.29131
5.24188
6.04967
6.70197
