14.28995
23.21995
36.58581
50.88278
56.49909
69.96109
79.35761
95.44884
96.04259
99.54330
114.72184
5.21315
13.71453
15.50381
28.57694
36.96352
42.30648
50.66078
61.01268
65.70688
80.70035
84.27511
14.99271
22.11724
35.63764
41.39711
48.04225
52.60306
57.64087
70.65732
73.48819
78.65188
86.43510
11.70083
19.14919
23.32621
31.48449
37.16392
43.82129
52.14372
58.36177
61.41965
69.72061
73.06863
7.13758
18.06397
30.69779
38.04671
46.71777
54.29769
60.65024
63.98061
71.41769
85.62045
91.45266
11.37769
17.21291
29.16227
35.83589
37.58719
50.29396
53.89436
63.65456
83.86882
86.37886
93.63236
22.53264
31.12206
37.65546
46.58327
49.93649
60.80116
77.46580
78.30314
81.03131
91.19369
99.96727
6.90264
10.19158
18.40271
29.89879
38.33759
49.57433
62.25375
72.01999
84.13935
98.53920
103.26691
9.73519
18.19464
25.41924
28.15692
35.13518
38.59957
42.90551
48.14512
64.90273
75.79457
81.85797
15.34817
24.00932
27.58329
30.63608
40.19761
51.85553
56.21756
59.62509
65.85611
70.59660
76.68302
4.03372
8.83047
15.11508
35.75236
49.63081
57.10301
60.41825
66.29132
69.26511
80.68457
85.36774
2.37998
10.83046
19.73211
27.08139
33.71268
40.40166
55.29388
80.21171
82.69634
85.63249
94.37716
3.84146
8.87347
18.36638
31.25947
37.65417
43.57964
50.39642
54.94231
66.43513
68.59039
78.52666
18.58670
24.94981
33.83723
37.72631
45.14729
51.88905
65.46922
79.06070
87.82728
89.74171
100.01584
5.72405
10.55078
15.49854
23.35499
31.33337
39.02291
47.92746
60.79296
72.92967
82.43458
93.80631
2.69567
9.90974
17.50702
25.41269
31.75942
47.37183
59.67099
64.50214
66.61025
79.00523
80.91863
11.16072
20.10584
31.39968
44.47468
58.29145
73.86476
85.46277
91.89208
105.73394
107.76207
117.45476
2.22227
15.53780
22.45976
28.55133
31.34890
37.77043
46.46800
51.42175
54.77432
59.68808
68.54562
5.29068
14.34487
24.15100
26.89060
32.64551
41.68248
51.69080
64.40017
79.70020
82.00375
84.81569
2.40457
14.98380
25.82767
32.02780
48.41223
60.98298
64.68641
77.15083
82.15684
84.87604
92.60115
8.18353
16.89612
21.65546
31.29321
39.54289
47.21284
52.87808
59.07987
64.82845
71.95023
77.25176
6.56342
11.73364
21.24996
25.80235
29.06293
39.59335
44.10076
48.73992
52.67122
54.98296
70.02933
4.20507
11.06159
17.83575
26.99934
35.59195
44.55470
49.24067
72.57510
82.18906
88.21284
89.01548
9.97367
23.61103
29.52086
35.16692
37.36388
40.15016
49.22149
60.37595
77.63475
89.94859
100.25660
5.75735
11.53570
15.49229
20.57115
33.09851
38.53935
52.00706
55.88046
57.55184
59.76664
74.36653
10.17492
18.24615
23.24063
26.55670
32.53848
36.88366
38.57116
40.41397
49.85326
53.55383
61.59176
10.65836
21.57979
31.63214
35.76360
47.74807
58.35526
66.65549
80.87329
90.14092
92.59352
102.18290
11.69278
27.94853
30.37516
36.57592
42.65012
55.59914
61.97123
67.25529
70.68534
78.23595
79.45314
8.99873
19.26613
29.51097
41.15311
49.26892
52.93130
63.84681
69.47892
78.74181
84.97248
90.02677
5.19404
9.44359
13.35085
21.56256
33.13986
47.27609
60.47443
73.19212
77.21925
92.92407
104.92659
6.28067
10.85490
14.64147
21.98471
38.76387
48.18229
67.76282
76.54362
93.40348
102.31241
107.44711
1.75149
16.04754
21.07764
29.48297
35.83268
40.84321
51.39101
64.93726
71.16844
76.27846
88.38562
4.31372
17.70117
44.80720
50.56299
60.56207
68.56537
86.71965
92.94407
99.61672
104.61522
112.69403
8.76356
17.03106
24.50447
28.00587
36.34456
51.74051
56.85836
69.49836
73.29979
81.60283
86.06183
12.78975
22.02567
28.09624
44.49378
53.69635
64.58584
67.44631
74.26808
82.39322
80.50550
84.01044
6.37819
13.23269
20.52038
25.29231
37.04188
44.21877
46.33376
64.29052
70.53393
74.44951
79.65265
4.78501
10.86030
22.29684
35.52126
46.60625
49.54947
64.66041
66.95729
75.14741
79.90891
85.46431
6.28941
16.01475
27.71384
30.19599
42.00507
57.64747
67.08980
67.18643
73.12843
74.53481
86.05751
2.70015
5.92283
14.83457
-1.00000
-1.00000
-1.00000
-1.00000
-1.00000
-1.00000
-1.00000
-1.00000
7.02876
18.21191
27.90957
33.23731
38.39814
49.09953
55.81498
65.73826
74.01381
77.99118
83.65827
6.50039
16.99505
33.78212
37.31688
51.80422
53.31489
57.69677
66.32678
73.76081
78.68804
83.71331
18.61370
21.40766
33.26326
38.21144
51.65806
59.70201
65.83262
67.40597
74.02539
74.85054
86.71011
6.65971
10.01906
16.86444
32.99873
37.10347
46.76530
57.06468
67.31679
78.69885
82.90535
86.60446
13.68489
28.58828
47.78504
53.12137
60.76332
79.25194
79.78047
89.33919
96.49790
105.73064
107.41042
7.65839
19.41524
37.49896
55.00665
66.86798
71.77779
76.29528
82.06049
87.78939
101.56650
104.74635
4.11799
15.03729
22.83128
29.13268
34.43574
37.64956
44.51933
49.30490
57.16373
63.31683
66.06981
5.75623
7.58993
17.49048
32.29043
35.55799
45.06146
52.90075
58.90550
70.19203
76.94610
84.70281
8.98482
19.40927
21.28136
32.42716
41.15419
48.16752
51.44561
57.41240
66.56084
87.25953
99.28059
4.49277
10.12463
19.19642
28.93530
31.38931
40.61796
48.84947
54.59030
70.58235
79.17785
83.47571
9.21547
18.12331
24.32467
32.06961
41.84992
55.80160
62.36974
70.85519
80.27139
91.39892
99.77406
