3.16258
24.96859
38.67018
53.76520
62.56142
64.66230
72.67984
93.88108
97.33311
117.95603
127.59809
139.66563
141.17673
143.06177
146.10213
151.81364
152.89069
18.96125
21.00357
32.33368
41.33455
54.27073
59.80011
63.99488
70.31567
94.75646
110.45400
129.65121
143.96177
158.64069
171.14549
178.18038
188.36333
189.53163
18.37324
29.02681
38.71437
69.32801
82.57751
108.97940
109.67696
117.51707
122.84112
145.04496
162.41796
169.43171
172.58266
177.85806
180.98582
181.20021
196.76858
6.32398
16.28967
34.14174
44.69994
55.30681
61.05338
73.80238
76.89845
86.06236
103.88287
120.04582
122.81710
130.21347
130.48193
131.63721
135.20747
149.43199
6.31933
13.18569
14.20104
24.55219
61.18543
80.19939
81.29222
101.07490
102.86544
108.19373
116.21310
117.94848
119.27158
132.12376
145.85062
150.51040
156.88925
6.78845
24.06402
26.96396
45.18876
59.14669
60.96736
80.19532
93.12481
94.31535
94.72162
97.52724
107.08722
105.52617
111.35295
124.61942
136.64067
146.92205
7.65384
17.79259
30.30666
37.53877
49.02120
53.47102
66.58801
71.33663
72.31483
81.97296
118.66818
124.59694
128.41359
132.15043
132.93331
144.47699
147.28010
11.80363
17.62823
30.80556
57.49146
59.99721
69.92891
74.10938
84.45220
111.43694
116.46003
130.12759
157.79338
163.87679
168.90114
170.82239
178.82614
182.91916
4.40552
10.08237
24.57054
27.79513
35.89646
53.89498
66.87523
86.29442
94.45489
95.76267
105.18780
114.33216
128.63845
141.06490
151.43620
154.20982
157.44856
12.38280
18.13206
20.41655
35.23359
51.35025
60.33033
74.92314
82.13736
89.25731
95.88573
123.68176
128.29086
140.55094
155.66307
157.37701
160.69911
167.29448
3.29874
7.87664
22.92702
35.64103
37.58605
49.39368
50.51908
78.30276
81.67725
85.96689
92.83030
104.52016
111.75561
113.22892
117.03942
123.23750
145.54934
4.59442
5.76468
9.58494
21.17234
34.63189
37.75981
49.44041
62.97587
75.14460
94.81286
96.80372
99.44624
116.93218
131.39571
133.83655
139.83194
163.87976
8.74496
17.55946
18.76659
25.57812
46.33283
62.31813
82.60618
83.57405
99.04982
115.02150
134.61131
141.15222
159.90475
179.54853
189.22936
194.05260
195.13064
4.84744
5.39179
11.83862
20.04599
21.17130
44.87218
75.06211
84.05760
87.66873
95.44399
98.99545
114.70780
120.12804
133.37151
137.43431
155.21358
162.34555
4.47440
19.11301
41.19616
44.58483
61.53716
87.34418
89.85443
129.58633
129.35910
142.73552
144.76165
153.25949
154.10648
169.34373
187.93239
194.62353
207.39236
4.97568
16.89020
33.89179
37.20142
57.19502
61.17678
63.10969
64.02407
73.11708
80.94555
81.91534
96.27964
119.95408
123.65009
131.63104
135.79730
143.62120
9.62612
15.19184
31.25040
35.11832
69.06348
90.99183
102.01123
102.14272
119.25891
126.45692
136.15689
144.81090
157.13679
169.07468
186.39109
186.18740
183.56465
10.93978
25.77558
31.33477
35.09866
55.33369
60.01794
62.55978
61.40527
70.73996
86.98881
108.06802
113.79998
127.47957
145.76143
150.29919
154.80113
173.92774
7.29887
22.54289
30.94599
33.46013
39.18084
45.12884
60.38936
71.38707
77.31866
84.52570
95.18693
95.26217
104.85198
124.91867
128.36999
132.66437
164.06388
14.24818
18.08803
37.78267
55.98812
59.75516
90.33897
99.81596
105.30665
128.33048
128.34868
130.55980
131.21202
131.85063
140.59841
140.52003
156.80037
165.89880
6.53296
20.39575
46.56397
49.01071
51.49084
86.39062
92.65080
108.50823
108.51087
110.26145
124.57835
124.80052
132.59756
133.17720
143.15236
168.33804
169.51788
36.36509
70.37265
74.83248
75.91395
86.31828
97.19112
111.77170
130.94209
142.25349
156.70431
169.31463
175.56499
187.46918
190.52623
205.21883
251.46253
252.36622
26.89560
42.38584
53.91594
56.29627
74.99344
83.02194
92.55212
103.09868
129.25299
134.28843
151.76076
151.89414
168.05976
179.43078
180.87114
181.40426
191.74520
25.15173
33.10829
56.23876
62.70794
69.12079
87.25752
101.79230
102.03887
106.85196
113.49798
123.49198
131.53338
151.38756
151.72017
152.54388
185.54448
239.97467
10.09282
31.96638
52.89614
57.73319
62.38451
65.70325
70.75335
81.63534
111.38070
114.72274
148.83361
150.22171
166.99050
172.46391
173.26427
180.13451
187.82089
20.49852
21.83015
46.20596
50.12418
52.62509
62.61907
75.83015
89.55441
89.12235
93.77275
95.93819
99.31326
123.15291
140.23419
143.50477
155.84389
159.72404
2.81929
19.54453
30.92719
31.34491
45.49769
62.26977
67.45148
68.59294
76.75779
86.18988
113.43632
117.16447
120.27999
137.73223
139.73564
146.26618
161.38100
3.83057
7.68945
16.43007
22.73769
24.05403
28.39945
63.21671
64.52207
72.31593
78.53296
91.46169
100.01354
100.83648
112.59603
114.04000
123.56339
131.52306
11.31261
23.51838
39.79807
38.48394
86.75344
93.87156
95.78983
98.90240
109.21182
119.15443
120.49488
124.75477
154.71750
159.89682
177.12984
181.52100
181.54651
1.97949
21.70941
34.27723
46.65725
47.60570
58.88723
68.51914
71.12087
72.96076
75.16126
88.26330
88.76622
115.96544
118.94795
131.27946
137.77265
143.76963
3.99463
10.97230
15.26869
18.28088
44.70475
58.47096
60.08178
64.00903
68.29490
80.83716
103.32040
105.50023
118.30744
128.02424
140.28225
154.95223
161.39335
18.72046
37.28404
44.74694
66.75064
76.49141
98.17912
110.22796
130.93876
140.12785
155.05045
170.11960
172.19660
173.95470
194.70517
195.17639
198.20247
231.56268
5.61461
7.15138
36.84073
81.45331
83.78418
87.19306
94.81181
94.33162
105.96999
107.61368
114.37182
116.91858
116.67821
123.51683
123.83007
130.98848
141.80779
6.45517
20.43318
25.48263
52.03509
59.15319
72.54688
91.84757
99.49702
114.84503
116.79917
122.98349
138.66951
140.16166
146.37873
151.90697
158.37598
161.79761
9.74944
19.61119
37.16792
65.53685
70.38786
77.96444
97.97726
100.97368
101.36414
101.47690
119.77461
143.14381
149.55282
154.20935
160.71495
173.38353
177.67838
10.68920
34.30738
42.19937
51.14903
57.00448
58.89610
72.39034
76.53751
88.54349
112.38950
118.28015
122.86223
149.77590
155.14084
176.32182
181.43176
203.60840
4.31985
6.80009
13.30054
22.10031
31.94270
38.60162
40.23692
53.05529
75.34496
105.38298
121.44063
125.65364
127.09244
127.74661
140.81391
143.60324
176.29000
23.44945
47.13482
50.28277
63.92206
77.24745
79.47755
80.66889
99.13813
113.19487
118.64079
118.65382
138.98286
144.28156
155.17462
181.67554
193.30665
194.14987
10.63849
13.06309
20.34906
37.22652
44.37990
49.32839
54.37953
64.10886
82.16799
93.24693
96.15450
105.01643
108.66714
110.86702
115.42639
119.89215
126.87450
29.57332
42.21317
50.01029
59.48898
65.01022
74.43424
75.39193
87.26413
93.93853
108.54186
112.53469
114.53189
126.56138
141.86966
160.24621
173.55386
186.44276
3.70075
4.10009
22.52846
43.24590
47.94032
67.69759
70.71874
78.02184
81.90022
99.39612
101.66057
107.25381
108.23182
109.21481
115.39046
124.07001
124.19884
6.35151
7.81023
15.68365
31.33973
46.47703
52.52221
63.88401
70.07636
87.01677
100.23495
125.93687
126.56049
129.96346
131.45245
132.71663
164.04566
170.31681
16.02397
18.61972
37.43403
42.32185
62.79590
81.56291
98.70122
118.19337
122.55013
126.76031
132.96709
136.37228
144.41832
158.80224
166.22656
183.17223
200.64489
1.10728
6.85339
13.73800
18.05825
23.13068
38.00413
42.38334
51.78585
54.00648
93.79579
143.09085
147.86419
173.57912
187.53856
198.46986
207.08870
242.60130
16.22557
24.68460
38.12520
67.28900
69.98987
94.23119
102.08770
103.36054
107.99048
118.20398
119.02211
130.63848
147.34752
150.63510
153.72052
181.46936
193.78195
9.87150
18.11553
33.05975
46.48409
52.96372
63.53804
73.72751
76.87649
93.60654
95.72017
111.90268
117.79063
120.50711
131.24334
145.97141
145.99799
148.57657
7.89661
21.52421
33.06200
46.82288
49.18317
58.33607
75.93767
80.98200
89.53229
91.47553
93.44232
122.80318
133.26019
153.27544
172.43049
177.28752
181.78570
14.20437
23.32077
31.71910
31.28087
35.52192
44.19037
48.45973
49.69182
87.20784
93.09577
95.34741
95.55174
105.44356
110.73608
116.56099
122.14802
125.48659
7.52111
14.16271
23.06012
44.70290
56.84361
70.97071
85.33154
101.05099
103.78272
107.01727
115.28708
122.39272
124.78363
130.63880
138.37808
155.77905
153.81590
4.67713
14.98629
19.88586
24.07267
32.35531
40.55783
47.05749
52.75002
67.84983
69.86509
78.57967
87.85002
93.76882
110.62217
128.55878
133.91414
137.63569
