51.02680
156.90226
187.10992
187.93679
37.05613
54.07832
88.73280
88.79929
179.52348
184.61977
204.80291
206.14800
56.88306
107.31153
116.46369
117.98283
95.58071
175.77327
211.88521
212.92942
51.65479
170.56573
172.16033
175.08704
33.05656
72.77111
146.93302
148.00716
2.19604
12.38920
18.72606
21.24714
92.93256
119.99600
136.81284
137.02971
31.30936
50.51587
109.00984
109.79804
2.34201
87.45896
108.94465
109.02114
26.26205
64.65529
140.35951
140.45854
53.46109
101.26593
122.65661
124.11482
49.13518
241.12325
324.27261
324.32010
11.25572
14.65451
25.93945
27.08756
21.47083
72.06225
176.72186
176.72392
14.42244
72.27693
153.79637
155.22582
4.59692
72.19507
74.23227
74.39706
2.57519
16.66785
107.68189
110.47501
32.99685
71.83959
88.60584
91.95565
93.80547
140.30820
144.20643
144.55088
121.48597
255.42434
266.69297
267.38459
12.25681
42.17084
57.74042
60.06406
44.18282
96.21658
157.11927
158.37783
23.57967
26.35461
108.62529
109.26077
82.30951
121.22627
139.43823
141.06949
16.07319
46.35118
55.15556
55.85399
0.01493
32.47838
48.37944
49.02168
67.39028
134.52211
164.62747
165.26050
45.67424
197.98832
238.22534
238.60684
65.15945
163.64037
165.65225
166.49961
30.25414
93.22177
120.51612
123.35499
61.21884
120.70806
198.60706
202.26618
68.36597
106.65096
123.62728
123.72036
5.01944
16.02923
132.18592
134.66174
11.12967
35.02356
137.57305
137.60428
60.00270
66.89407
118.43215
120.44028
43.84630
49.58118
65.83047
65.98337
36.32124
81.38057
121.84621
122.82366
9.65046
100.32244
101.18289
101.61474
29.25725
76.86547
176.42359
176.71740
-1.00000
-1.00000
-1.00000
-1.00000
36.28565
44.23736
63.69915
64.96225
32.95208
103.99215
155.78317
156.65289
0.85183
5.63198
48.31491
48.31513
23.22328
45.97196
53.51140
54.19400
48.95702
118.27576
133.53140
133.60340
4.97649
7.45105
53.95815
52.07668
37.14725
49.13589
57.17821
54.04690
20.79906
115.68275
147.08757
147.82417
