15.51350
16.00567
16.33652
17.05920
17.90455
18.64699
19.48742
19.48869
19.66481
19.77889
20.72669
21.35802
22.57183
23.57217
23.24149
23.68608
24.74388
4.94829
5.46176
6.11925
6.82297
9.10188
9.44307
10.30218
11.02411
12.69185
15.31757
19.22936
20.34308
21.28722
21.69780
21.93437
23.09894
23.38797
12.94537
13.21294
13.51899
13.55225
14.36187
16.99355
17.96228
18.01570
18.69568
19.78816
19.82869
20.61660
22.02751
22.10414
22.34304
22.48450
24.78015
6.65535
8.90641
8.91226
9.66954
10.42170
11.78719
12.09601
13.36527
13.78009
14.38642
14.92605
14.94253
13.24942
13.40296
13.82534
14.69120
15.85046
8.39530
9.72789
10.17158
11.25387
11.43735
11.71071
12.44273
13.26291
13.74439
14.30296
14.94107
15.93572
16.90219
18.19012
18.68918
18.95433
19.76995
2.32365
2.77744
3.82388
3.85640
4.83057
5.60332
6.40747
8.88322
10.85182
12.36719
13.54130
-1.00000
-1.00000
-1.00000
-1.00000
-1.00000
-1.00000
26.45992
27.69036
28.24631
31.47040
32.15477
32.74659
34.01222
34.05850
34.93626
35.23260
-1.00000
-1.00000
-1.00000
-1.00000
-1.00000
-1.00000
-1.00000
15.76668
15.99010
16.87349
17.63834
18.26632
19.45472
20.47187
21.12619
21.42200
21.57507
23.28421
24.05079
24.62872
25.84127
-1.00000
-1.00000
-1.00000
42.33201
42.37407
43.50565
44.55102
45.66790
45.70268
46.70907
46.77822
46.80180
47.34865
48.41889
50.12104
51.08131
51.37463
55.02540
55.28690
55.58086
63.89199
64.99916
65.23163
66.82898
67.69950
68.29360
69.01131
69.01733
69.70885
69.99713
70.19386
70.30670
70.35280
71.71434
71.88407
72.20146
74.29169
44.27541
44.39489
44.42799
44.49114
45.53172
46.72635
46.79813
47.71184
48.70859
48.87245
49.43781
50.93521
51.82391
52.43564
52.73268
53.21573
53.54165
1.46749
3.00115
3.12738
3.56285
3.84392
3.84863
5.35864
6.53799
7.25909
7.26036
8.32365
8.63561
9.36385
9.40282
10.31154
10.38016
10.89652
30.65440
31.34111
33.36796
34.62277
34.98968
36.08850
36.59885
37.05167
37.17424
37.48836
37.61376
38.14291
38.85231
39.03908
40.14992
40.53735
41.12667
53.88058
54.53902
55.04847
57.54481
57.54481
58.50089
59.33338
59.39627
59.42670
59.88864
61.25999
62.46819
62.92592
62.97124
63.98761
64.58435
65.43783
4.95850
5.13724
5.27436
6.03266
6.92683
7.35533
7.63963
8.68015
8.85831
9.32019
9.38792
9.72935
10.95731
11.25896
11.84604
13.62751
14.12540
67.55560
67.69571
68.39116
68.94745
69.04368
69.57473
69.58692
69.59499
70.07117
70.21304
71.40866
71.86884
72.02716
73.08004
73.78031
74.24135
75.64782
0.67541
1.74147
2.03649
2.23507
2.78048
3.36165
4.02573
4.41571
4.52930
5.80077
6.28954
6.55739
6.66538
6.96710
7.37409
8.86757
9.14002
84.58323
84.97343
85.58367
86.34871
86.52035
87.76130
89.53579
91.38398
91.49952
91.73128
92.19364
92.57733
96.88070
97.79829
98.34120
98.88081
99.29363
3.03341
3.48743
4.78385
5.72761
6.25247
6.28243
7.18695
7.35404
7.89395
7.90148
8.06056
9.30801
9.33154
9.68763
10.89293
11.48527
11.52764
56.90243
57.11223
57.61601
58.90652
59.68202
60.80440
60.94865
61.18642
62.02945
64.23856
66.93171
67.30551
69.29598
70.71977
70.76272
71.20127
73.75583
17.32655
17.43840
17.57561
18.87264
19.39457
20.28508
20.59407
21.70139
22.11509
23.10795
24.57332
25.17583
25.24462
25.63291
25.78701
25.82576
26.62150
14.72651
15.13272
-1.00000
-1.00000
-1.00000
-1.00000
-1.00000
-1.00000
-1.00000
-1.00000
-1.00000
-1.00000
-1.00000
-1.00000
-1.00000
-1.00000
-1.00000
2.73702
3.08510
3.38548
6.66162
7.31027
7.38755
9.77666
10.94052
11.09173
11.43015
11.54463
11.79334
14.33552
16.29802
16.37304
17.36478
18.84690
16.69576
16.74553
17.07927
18.90394
19.25763
19.56268
20.34871
20.94523
21.27585
21.45853
21.61163
22.02741
22.19060
22.76647
-1.00000
-1.00000
-1.00000
41.87731
42.70655
43.84526
45.35863
47.90249
49.78933
49.97959
50.52104
51.69686
51.70462
54.23703
55.25690
55.47113
55.98344
57.31696
58.64680
58.67628
18.86812
19.80225
19.80780
17.95233
18.72557
19.68756
20.33574
21.20407
22.02493
22.36821
26.24164
27.30889
28.02334
28.08441
28.09858
28.20108
29.89169
7.40573
8.49610
8.51315
9.14544
10.24552
10.33849
10.34870
10.79525
10.80858
10.87112
12.14408
12.24955
13.43846
-1.00000
-1.00000
-1.00000
-1.00000
3.16826
4.57643
4.95230
5.44924
6.23697
6.67227
8.48741
9.13552
9.72672
8.28684
8.90805
9.31596
10.28725
10.42398
10.66119
10.78638
10.93451
19.34195
19.50953
21.36273
20.29740
19.46021
19.52454
20.25177
21.11947
24.64899
27.70318
29.30348
29.90239
30.59893
31.46279
32.07123
32.65489
32.65494
16.89103
18.53831
18.81659
18.98561
20.86107
20.92856
21.73887
22.09197
22.57547
23.66520
23.67242
25.61246
26.21146
26.73515
27.20206
29.67521
29.87403
4.03882
4.18683
6.83567
7.17311
7.20328
7.35006
8.46266
9.16380
9.63283
10.64741
11.17907
11.50528
11.50622
12.61581
13.35746
15.46003
13.30507
71.59136
71.95028
73.39160
74.07281
74.10401
75.95042
77.07804
78.02285
78.27015
78.42771
78.75505
79.37409
79.74033
79.89035
80.17346
81.58982
82.27240
8.61918
8.99490
9.80207
11.09449
12.03897
14.83527
15.13607
16.49748
17.17835
17.97389
18.10302
18.46826
18.86866
-1.00000
-1.00000
-1.00000
-1.00000
5.85162
5.87411
5.94695
6.33731
6.34097
6.71540
6.83939
8.12475
8.21219
8.84088
-1.00000
-1.00000
-1.00000
-1.00000
-1.00000
-1.00000
-1.00000
5.71116
5.85501
8.05103
8.69879
8.73500
-1.00000
-1.00000
-1.00000
-1.00000
-1.00000
-1.00000
-1.00000
-1.00000
-1.00000
-1.00000
-1.00000
-1.00000
25.06874
26.07424
27.03714
28.49621
29.04945
29.16143
29.54017
26.14373
26.33984
27.36895
27.53365
27.98948
30.18498
31.41046
33.11200
34.68344
34.98394
2.37393
2.38453
3.07764
3.58544
4.63967
4.92527
5.19892
5.20339
5.87839
6.63896
7.43531
8.93195
9.20719
9.79552
11.08342
14.19552
14.49534
7.94061
9.09243
9.57980
10.64798
13.31239
15.22256
16.96509
17.20001
18.12328
18.25349
18.71110
19.64284
19.88232
22.48519
22.52377
23.50508
25.01886
24.64562
25.47931
25.47934
25.70714
25.72315
27.10515
27.49920
27.71650
29.39900
30.21755
30.46611
30.84479
32.08495
32.35022
33.53803
33.93953
34.53522
25.68089
25.82539
25.82540
25.88944
26.13340
26.92159
26.92313
27.00923
27.59874
28.00571
29.34323
30.16912
31.02276
31.31796
31.90846
31.94909
33.17190
49.98027
51.05502
51.52593
52.62923
53.51305
53.92098
54.56018
-1.00000
-1.00000
-1.00000
-1.00000
-1.00000
-1.00000
-1.00000
-1.00000
-1.00000
-1.00000
62.69065
63.34960
63.38439
63.94558
64.88419
66.02954
67.84261
68.08714
68.38036
68.63538
-1.00000
-1.00000
-1.00000
-1.00000
-1.00000
-1.00000
-1.00000
43.99213
45.15534
45.52809
45.78031
46.19916
46.69458
47.63915
48.42955
50.40523
50.75732
50.79570
52.19004
53.23821
54.07431
54.85300
54.94814
55.13401
12.80287
12.80294
13.91730
14.53940
14.90620
15.12156
15.31353
16.92091
13.08984
13.10952
13.45064
13.92602
14.56859
15.10399
15.28108
16.10924
16.12396
2.16308
2.20262
2.21267
2.29744
3.64778
4.18414
4.45360
5.80582
5.86456
6.20429
6.28158
7.14633
7.15463
7.31324
8.64965
9.11282
9.83614
14.80877
17.81297
18.64965
18.70928
19.85789
21.36653
21.93085
21.94783
22.14343
22.52019
22.84152
23.93708
26.35148
26.44264
26.56713
26.95585
27.31014
13.50990
13.84004
15.13872
15.20190
16.11073
18.84421
19.20878
19.29462
20.34943
21.09466
22.39110
22.85535
23.51785
24.03554
25.96610
26.27538
26.79164
17.61294
15.49615
15.69453
16.19204
17.18549
17.40718
18.51362
18.53524
19.89337
22.66783
23.20441
24.49549
25.29551
25.87283
27.18475
28.17266
29.01330
19.76087
21.26542
21.34819
21.65939
23.88900
23.94770
25.53404
26.16116
28.63033
28.79386
-1.00000
-1.00000
-1.00000
-1.00000
-1.00000
-1.00000
-1.00000
2.32953
2.43428
3.78931
4.26223
5.03273
5.62387
6.65466
8.47878
8.57340
9.09564
10.74924
10.79182
11.78999
-1.00000
-1.00000
-1.00000
-1.00000
