14.53701
25.68739
46.00259
59.92741
78.21285
104.34178
115.76927
129.55000
143.80018
155.15199
163.46910
169.77778
183.04625
191.13389
199.43626
215.86410
226.66379
228.97061
232.33100
243.35501
16.88244
33.85327
67.30120
94.66720
115.23436
144.82098
157.16610
179.45241
192.80616
210.27946
214.59990
244.56548
251.64804
265.05934
267.54063
273.10119
291.31879
312.25436
326.42686
326.49518
11.80639
24.56381
42.90070
48.73375
54.10581
81.16661
91.05092
129.60566
138.25433
148.23958
160.79803
169.79469
174.62258
197.91214
212.20424
218.71239
233.16337
265.38850
297.22951
301.46019
16.19246
35.94146
56.56758
82.29894
94.86842
122.16527
134.82532
142.82217
154.68811
163.51442
173.03242
177.77462
180.14381
197.70925
200.01349
208.43394
221.80389
231.23225
246.53015
247.53856
22.32807
27.46843
37.91249
53.52815
67.09740
95.09653
114.61115
126.52334
129.37386
143.39828
153.24973
160.07816
176.02291
186.10206
196.11854
200.26767
205.08833
213.51066
214.75809
229.31730
26.72627
38.13953
61.35849
69.70174
77.45366
88.56643
100.36364
115.80494
132.52285
143.52397
151.64434
161.20911
177.59675
186.46853
191.02820
197.03372
201.78732
207.02538
211.29341
225.06629
7.16921
17.47499
24.02844
28.95417
48.75747
65.96796
76.51199
83.24189
107.58522
126.51839
133.09454
149.43639
161.62564
162.87471
181.27125
198.80041
213.31273
216.71415
227.96659
234.70236
19.27857
29.17014
41.28996
60.40319
97.41656
106.48672
129.54519
149.74600
156.79510
157.71125
167.81961
173.61078
191.18460
201.21831
224.86947
243.09690
244.52248
259.64847
267.78614
273.51996
4.36804
-1.00000
-1.00000
-1.00000
-1.00000
-1.00000
-1.00000
-1.00000
-1.00000
-1.00000
-1.00000
-1.00000
-1.00000
-1.00000
-1.00000
-1.00000
-1.00000
-1.00000
-1.00000
-1.00000
18.20887
28.09245
29.78805
32.31588
68.58023
78.88857
84.37156
96.41455
115.32612
125.45999
129.25968
134.38797
149.00914
153.56480
159.17549
165.00845
191.16881
193.97131
210.11873
216.51803
8.02334
29.76194
72.60348
81.41821
89.61565
99.64670
103.16323
112.60938
141.82649
145.52486
155.99035
157.59494
167.28492
178.32334
186.10720
198.54276
204.98227
223.32065
244.41749
251.90512
6.44556
22.46804
36.02847
49.06629
52.22296
60.04700
78.49302
87.41758
110.48054
135.81275
138.00385
153.02299
169.57866
178.52138
194.04392
213.66518
228.23697
250.40463
251.33624
268.22320
7.13048
14.91636
27.31673
52.82547
80.19960
102.94964
108.70764
129.12178
138.64953
146.86244
167.94149
173.98307
179.15848
186.34606
208.86833
220.78941
224.31197
229.73636
238.97861
249.20908
5.63382
34.34694
58.45197
72.64191
84.74394
93.86438
103.94873
106.29156
117.19206
124.89976
133.43213
150.52730
165.74377
169.76878
180.85535
188.90652
198.12629
218.13068
221.71840
235.52855
16.52331
31.62942
62.52378
75.96260
83.47033
91.43262
107.40628
128.00174
130.17267
132.30649
147.69282
164.03775
176.23953
200.19912
203.97866
216.69785
227.27165
240.53507
257.34794
271.84731
26.01530
34.55818
50.22600
54.27402
56.19184
73.05277
75.71166
102.16560
111.83965
116.03412
117.27791
132.58577
146.44194
153.80807
170.94418
190.72993
211.49256
229.58688
240.37750
246.12581
17.26823
25.75261
40.71614
45.24221
56.17297
63.38808
71.38092
91.84341
100.12595
112.89949
131.56271
146.62930
168.17966
182.14559
190.64045
205.94311
209.02196
225.90439
239.31102
242.18429
10.30633
23.11089
30.38633
41.15580
39.92424
40.28526
49.52137
63.45922
77.56514
86.61732
101.72700
104.71311
114.43230
134.59865
155.67168
171.19492
186.49553
202.19662
203.15263
209.40866
22.60791
46.37360
58.79667
96.06724
120.51900
121.94046
132.31517
141.97726
154.67521
155.57524
162.67732
168.62284
180.97213
200.89518
211.34597
237.01419
249.25747
273.11515
272.51455
282.30677
18.57374
28.47703
31.76541
45.98169
53.43704
60.14873
81.68293
88.85612
97.11980
99.18204
105.84569
123.82640
134.79744
136.96186
152.72636
157.65991
164.16567
171.72942
196.36304
210.19705
19.60127
44.23708
52.49746
58.60619
65.45472
86.22575
92.49757
100.73535
111.44086
125.05579
136.94537
150.58919
155.88737
172.21021
193.79189
202.76477
205.89565
221.77488
230.44684
244.64551
9.74146
25.00375
51.82093
72.28969
76.96040
80.65853
97.56393
113.10891
138.78805
141.84464
159.41178
161.96090
169.76112
176.15593
182.49149
202.54659
209.46452
216.73555
233.83118
250.01431
3.96476
38.25969
46.72926
56.57393
64.28177
78.48048
95.61684
100.00452
110.72512
128.64204
133.24071
136.54401
142.63603
167.55686
184.82076
216.23008
231.52787
230.42550
244.21995
256.79733
18.90936
35.24270
50.91781
58.83084
66.06155
67.02600
83.92921
89.45572
103.37782
104.14560
114.56371
119.81248
139.34944
152.71643
159.81526
158.59133
175.02598
183.92928
194.25864
214.61045
11.87340
22.53056
40.29927
46.19019
57.77242
62.46582
64.37337
78.18127
84.86778
105.13573
114.36937
120.93744
126.41094
152.44313
162.50506
166.99284
170.53017
199.14433
213.12500
224.35042
16.49036
39.41344
47.36469
66.64269
75.95371
86.59923
105.10296
112.62595
113.90065
129.18545
138.03736
153.45775
165.33966
172.57549
175.27941
196.07525
208.24137
201.96208
205.29660
225.01185
12.88542
30.68049
36.44186
47.54020
56.44350
72.68002
97.10502
118.87264
135.39769
136.86433
149.30207
159.72329
166.34819
174.44977
194.84160
201.13805
212.76842
223.36485
237.20631
258.08745
15.78617
29.53823
40.52167
47.76791
60.96763
70.51803
81.95689
97.76788
110.91950
131.37274
137.63807
143.72210
149.74895
147.70054
152.86253
161.95873
172.66416
178.14125
186.92532
193.74226
17.78984
31.44376
55.64379
71.22205
79.06313
98.08144
102.01302
137.25284
137.52737
139.83326
154.68728
165.31005
169.25536
176.40350
202.59463
207.18775
218.61245
230.15343
222.77811
233.58310
20.61422
31.84360
70.40840
86.86028
119.80659
140.52767
144.51492
149.32306
154.30908
156.03698
166.41380
185.62163
195.37080
208.30703
211.56913
218.57944
236.85640
241.12544
251.83592
278.25438
18.88486
23.64543
36.83431
66.33474
84.02938
99.13115
113.52886
116.11706
130.89528
144.33244
146.12532
154.19447
159.72681
172.16540
190.94999
200.63124
212.10646
219.23350
223.77992
224.69618
11.26284
23.40522
37.46117
45.52510
58.98664
61.66712
68.15042
84.01747
90.09242
98.66644
124.25011
135.44514
141.59895
144.18162
158.11348
167.76651
177.63452
183.08828
197.00596
206.45189
13.05386
34.72312
53.14954
89.72341
106.16640
119.27667
126.99318
133.08414
142.34632
145.71646
173.47438
192.77602
208.50177
210.52718
229.69832
242.92301
251.86130
259.25401
270.50184
288.15286
3.78698
26.15781
40.79354
53.52839
62.58531
90.28804
93.41060
106.60279
123.06753
128.80374
132.09878
146.04446
155.17832
176.58759
190.97353
194.93071
210.13207
223.63382
226.31555
236.36627
18.10594
33.34639
49.00024
72.53163
83.98490
101.88236
113.00115
124.70779
142.24063
144.86070
155.30494
171.16811
178.21616
189.56236
201.54633
209.41095
210.99669
225.56060
234.26257
239.00734
9.10080
21.22326
32.12402
42.68645
47.11609
49.44162
65.89732
92.55471
97.07372
112.87298
114.93117
119.50369
126.81915
132.37207
143.84395
153.09461
164.26548
176.47878
190.81061
201.27896
27.97974
33.06168
47.66202
74.41647
94.20903
111.32208
115.89960
128.61336
142.57253
152.27345
175.70331
190.65218
193.99653
203.71509
219.88595
238.26676
248.35504
254.03857
255.04139
262.16665
7.72562
24.54186
36.57437
45.22226
55.92921
71.62928
77.22049
104.88424
107.58638
138.47874
154.40795
165.09339
174.12651
182.49787
186.21859
193.64588
196.92916
210.00753
211.67926
216.50694
29.76201
42.13490
45.85383
55.84909
65.07186
76.82138
86.33749
119.89722
125.47875
150.90451
164.00133
180.51981
195.37635
197.47981
211.57571
220.48867
237.31370
252.25598
254.00047
265.76126
4.00478
16.92181
32.77759
48.03861
68.57809
80.11421
88.52587
98.10485
121.14584
132.78799
138.84089
144.99386
161.33341
168.37889
177.16686
180.95435
207.46477
254.71344
265.62255
268.31946
4.93941
19.79911
25.78366
55.51728
71.79387
92.43940
106.92806
111.79016
117.22277
122.00758
130.08347
131.80897
146.85277
163.02044
172.34483
181.34871
184.81013
187.10978
189.87721
193.31647
6.45785
13.21239
25.84805
27.06502
39.27631
52.35027
73.62611
86.29633
96.44074
106.52843
116.12849
124.93052
142.82978
161.01229
182.65003
187.72878
193.28468
205.31600
224.20402
243.33190
7.84849
33.86759
44.93701
56.57966
69.16774
75.24739
82.65320
92.42063
98.83101
109.53437
120.69371
128.16653
132.64057
143.66927
150.76478
153.89431
179.18416
185.62777
191.87243
200.18687
1.51220
11.19889
34.87504
56.40973
64.22042
67.02099
79.08748
90.23002
95.28347
103.35008
109.17665
134.12016
146.39920
163.58831
165.26990
170.45536
182.95255
194.97235
199.00707
207.72442
27.74707
44.90492
48.14931
63.40031
71.10683
73.85005
83.53971
95.24027
100.41253
105.33559
109.55421
113.68549
135.55680
152.92800
163.69760
197.00335
214.17320
216.90472
230.75101
244.57561
12.51010
16.70307
32.88263
56.52310
72.89819
88.06776
90.94162
98.64851
118.39770
132.18324
144.77140
160.20221
167.38368
191.80657
192.45838
181.92958
210.23926
214.48732
221.53654
233.45154
28.92273
91.64034
99.04832
109.13369
109.47554
128.30335
140.22509
153.44598
169.09351
186.50776
198.28496
198.28496
201.49206
199.60280
201.70303
204.33077
228.42050
244.04560
265.18854
296.90544
10.22621
35.79210
48.85836
63.37389
76.25980
83.05939
92.52135
101.71651
122.03857
138.48344
157.89964
163.65169
170.99477
188.27858
215.81612
217.77731
243.60157
244.80392
250.56994
271.04112
15.54074
35.55968
56.83690
72.51269
82.01658
95.96272
98.02213
107.12800
107.80145
125.59469
138.01181
150.47495
153.89534
151.46065
156.42738
171.25045
187.94794
187.95677
194.27386
198.35504
16.92544
25.37377
35.35052
48.65223
66.38251
79.66944
92.81965
103.81658
122.42927
137.73498
140.49103
156.39499
159.77788
203.47752
204.92778
225.17547
227.14481
229.75846
241.63007
256.89366
