15.37984
25.38625
39.23830
53.93345
72.76969
77.02389
83.98637
94.31482
108.88204
124.01512
135.95862
147.46040
164.39125
172.12634
177.93015
195.68515
209.56199
217.19584
228.24430
240.81550
21.18884
37.67980
48.55449
70.10705
98.63200
118.53295
122.86074
139.23020
158.00776
167.12326
180.22431
191.65331
225.01424
237.55321
250.28037
261.24120
279.08005
294.28980
296.11880
298.41271
11.12895
44.86061
53.28498
60.30431
66.31594
82.36254
102.30908
108.36083
121.55389
143.12786
148.99875
153.58067
162.28388
180.39118
190.41850
202.52620
210.73993
228.95943
241.36004
246.89055
14.71677
18.43887
28.44842
52.34759
57.42679
70.33398
92.13206
96.28766
97.51157
116.91007
143.38082
146.33510
156.07745
155.85047
164.94048
170.04448
174.26191
180.88003
217.53910
222.21672
22.97318
37.62252
46.70885
49.40117
65.65092
70.06806
85.88506
105.02010
117.01494
122.51001
128.44960
135.07289
142.16379
173.81294
199.10001
212.68292
221.92578
245.91804
258.99767
285.66490
9.67618
21.09908
45.40478
62.27113
83.79063
87.42269
106.59865
111.22539
114.30895
121.07991
155.26663
155.80712
158.87210
170.55239
172.40685
176.44899
197.17668
201.24030
214.63373
217.48379
8.12070
22.74939
46.86802
60.32456
75.83785
78.95075
90.00120
96.23075
113.94705
122.45633
132.18423
147.22786
155.92912
157.23384
158.34801
158.77445
174.41965
178.22680
187.98485
200.43229
22.42366
33.79274
50.48270
68.60436
93.69872
105.44046
114.70786
135.00488
152.15692
158.87686
175.87508
178.22910
193.23820
219.54183
234.14144
246.75885
246.80626
250.27605
254.26483
259.03077
1.95255
22.81764
35.20886
45.12847
60.37808
73.01699
75.25167
88.28203
99.88628
121.19438
124.83254
130.95849
139.44374
161.73040
174.18582
188.65193
196.99805
209.95576
221.56895
239.85004
11.03700
13.70070
29.39198
30.26863
37.69737
45.93183
51.84143
69.16411
91.06758
114.15705
117.62472
141.60192
142.79934
152.72935
155.38608
163.81320
175.53597
180.05341
186.18808
193.85210
21.67126
41.88934
62.95405
66.38663
84.70128
91.99042
108.13775
125.08488
127.60287
164.06087
166.58268
178.08235
182.45139
189.49210
202.98550
208.88320
218.12284
227.80377
255.18075
257.56212
9.60429
26.32029
55.86837
58.76895
78.43588
97.42295
120.32237
125.37795
137.88757
144.05077
160.74606
178.93370
206.82933
237.33638
242.85722
247.94015
263.19366
278.09721
286.78831
291.35934
13.05236
25.89128
32.51812
50.79402
72.50286
80.16326
88.49909
113.55891
130.64567
144.46518
160.42544
185.11054
204.46587
206.83483
231.19245
237.08750
254.06422
270.69795
275.23360
283.15173
15.86015
32.52948
41.55062
57.94573
70.39399
80.33964
96.49203
111.01949
123.65568
137.27799
149.37650
168.61766
184.84897
188.55808
193.83196
195.25751
203.37919
219.43716
221.12817
231.14662
23.81576
34.56442
47.87648
75.43190
96.80010
112.32097
149.51254
160.03568
181.22334
194.41517
208.15668
210.52971
217.53552
224.42478
230.38544
235.50140
234.89524
258.01364
279.86281
291.99078
6.94804
10.23276
8.54006
42.75021
63.08108
87.16345
94.52164
113.66342
120.55493
127.68176
130.99081
144.14429
165.38485
175.96080
190.25373
202.74095
218.64311
223.57284
235.70604
241.23695
16.30600
39.43687
42.56555
52.08878
72.65150
81.88616
90.93390
115.48539
125.88245
129.91821
145.78942
165.40188
179.21539
179.53187
186.72514
203.43779
212.49044
232.93873
245.20143
252.79396
7.03075
16.41475
31.83927
45.03470
63.10200
77.80257
82.00977
84.65290
99.07429
106.58187
134.12448
150.61373
170.97196
179.96727
180.22089
191.94027
195.94901
198.46045
206.42373
227.11435
22.30686
36.16019
43.83062
51.97795
96.21780
109.54067
121.37101
141.14493
142.46668
158.69723
162.91330
174.53186
167.95528
175.58398
194.83038
215.74191
222.79698
223.05099
233.12784
235.99378
8.89845
12.93379
22.05554
44.71700
51.27192
67.01985
68.21403
80.96564
90.07684
99.85251
117.91377
137.48426
150.60837
164.79050
186.14083
191.94631
189.73075
193.98568
204.13485
207.59584
3.38421
10.63448
28.17667
48.80849
74.47263
88.16801
108.15549
135.99066
146.95975
163.42120
182.72228
191.78583
207.92475
216.36985
236.78908
253.59498
270.74026
283.38665
309.89267
302.88798
6.08696
14.95778
16.10762
25.45590
36.83125
40.04931
41.76821
51.05710
64.29345
76.43705
88.84028
97.41418
106.46408
119.60770
120.54236
122.73393
135.40962
154.94147
161.23743
178.18711
32.07865
44.01359
-1.00000
-1.00000
-1.00000
-1.00000
-1.00000
-1.00000
-1.00000
-1.00000
-1.00000
-1.00000
-1.00000
-1.00000
-1.00000
-1.00000
-1.00000
-1.00000
-1.00000
-1.00000
9.94132
19.23661
28.03858
43.21446
67.51205
82.37306
95.25550
111.53326
120.38572
129.69990
142.86326
153.28273
165.04251
171.08503
174.71242
177.31835
194.25417
213.73837
248.44851
253.94712
15.96568
21.28468
26.82165
32.22260
45.13949
51.28604
59.56669
67.23913
81.97750
90.18602
95.12314
107.83469
109.08324
136.74248
147.56301
154.91208
155.09981
172.26543
196.40798
212.86241
44.62799
59.07828
84.78333
86.48632
94.06994
140.13385
150.47967
167.29601
172.85472
182.54820
197.24486
198.45106
200.19609
206.64771
214.48773
222.44448
237.79196
246.28347
255.82610
256.89372
6.43811
27.48799
39.73263
44.81304
62.71983
74.98646
79.95723
91.58023
107.16323
115.88989
124.72247
127.55733
147.19722
177.04776
185.70299
208.19202
231.91740
239.01492
244.39010
262.57809
21.71752
32.70804
35.02026
53.98276
55.88948
80.92979
85.17429
91.72485
111.33352
121.34903
129.68557
135.82490
142.19549
160.74495
186.75001
194.37479
205.49996
215.11117
225.20869
231.76749
19.20368
25.36608
39.33237
49.07013
57.17217
67.05201
76.13538
77.00512
100.85526
106.82424
119.53947
156.97465
166.87021
169.60942
188.17473
211.26064
216.02043
227.83244
239.09902
243.29799
17.66720
29.93588
41.85505
54.83025
63.86198
82.12182
91.66688
127.96906
144.65704
149.64512
164.10311
176.92323
191.89077
198.34543
196.14991
202.62575
228.26161
240.43441
255.85071
268.45816
13.52408
19.17699
30.04908
35.49959
71.44318
76.16129
116.98353
131.36019
135.43550
154.97119
155.69319
161.42313
177.64527
186.34502
191.81117
208.30353
232.18561
273.00471
283.69371
288.66912
6.34141
24.53279
26.98322
48.17064
62.98836
75.05675
80.37285
107.04994
129.87185
142.94926
156.46502
167.87378
170.76918
193.18967
196.35627
206.70012
220.86555
241.22620
245.37560
249.23122
25.82042
52.08177
67.49498
75.39948
89.79546
97.00390
120.30820
124.80685
135.81724
143.02870
152.52291
155.42283
187.82287
197.62611
203.25942
228.86914
236.04212
256.47912
258.75772
267.84149
9.66047
26.44740
36.18748
44.81501
54.28331
85.11295
97.98334
106.71399
127.57498
140.58192
172.68495
180.03457
194.52661
220.72873
221.99761
222.00475
255.06592
268.39999
286.39569
287.03447
7.04390
30.24551
49.97886
58.65940
62.37269
74.99621
80.17167
96.53720
105.66350
119.28511
123.62971
127.76777
141.24504
172.28905
182.45312
192.89121
195.18417
202.29251
214.50691
221.27786
9.30287
15.44105
50.40806
57.32024
66.63796
73.76345
81.23432
90.49202
97.83105
102.44477
105.59274
113.31066
136.65472
146.94407
156.35614
179.01685
184.05011
190.28156
202.57699
207.38496
12.41951
25.27257
37.59547
55.75984
79.18096
84.62367
90.70936
105.24484
112.08861
129.10785
143.46717
162.49997
163.68503
173.02231
193.12118
214.70448
219.90198
234.38724
261.07307
268.89621
21.66113
39.01395
62.57851
63.16347
76.56759
96.84794
112.98617
125.04513
128.92364
134.20041
144.87011
149.30989
165.22963
180.32826
197.57384
199.34562
204.53603
213.09104
221.85442
235.98861
10.14883
24.16567
40.37785
47.81340
56.64745
66.78772
80.94015
97.62556
113.24682
137.64830
152.89125
160.94460
187.60963
193.49832
205.62247
221.46511
237.70059
239.66017
248.45867
243.34568
2.30226
27.80783
33.02237
40.43413
55.50356
67.50418
82.30722
100.10882
127.37649
138.75318
142.82149
148.77000
162.33208
175.90217
192.05436
203.19178
206.23373
209.13176
222.38563
225.44862
15.24615
41.71211
55.12818
85.50645
93.85369
124.39722
142.20249
163.90075
188.69564
191.77846
199.95083
203.13353
213.40324
217.47604
234.73012
256.32362
261.32742
264.78474
295.45473
301.38088
16.73031
18.22090
34.88987
61.74125
66.91508
78.07998
87.57803
119.11886
123.33859
126.19450
143.84909
171.42309
180.79919
193.22880
208.26023
217.10510
225.26443
242.96696
251.18637
258.36519
3.36182
17.43801
28.22884
42.42403
60.59316
95.02954
109.92379
114.78688
121.93072
137.51634
146.34574
156.50643
173.32303
184.05964
191.52495
205.66702
217.85230
224.86472
229.36978
229.37911
10.02859
20.31805
28.83899
30.76049
35.12704
39.68683
51.09992
57.49465
75.68831
89.44971
98.70892
122.52941
140.04277
182.35594
185.88439
186.41331
205.67955
235.20630
258.19089
267.55826
19.45419
37.63755
75.78809
82.71813
91.81285
103.20862
127.47139
145.39186
156.99094
160.43120
165.71047
169.10698
169.44957
173.98390
179.33304
182.65442
192.24945
195.78313
218.84279
228.32079
12.54682
21.36393
36.05310
37.20369
48.36487
65.39554
82.37073
99.19934
109.18460
110.56935
130.00884
138.32477
145.13330
158.88949
160.28472
179.24386
195.71795
200.05450
216.57069
223.10741
12.72943
46.88272
48.79053
69.09027
83.75212
94.39455
106.70569
126.55752
135.21455
142.86716
164.88822
179.19815
196.50125
211.38489
217.39868
221.25348
222.83681
229.46730
234.74628
238.82036
8.65807
33.06669
49.48724
62.06437
93.33125
97.65948
121.78501
138.61050
170.92513
179.61912
184.59110
204.01087
211.48924
232.85697
246.25180
258.45974
275.37934
284.32088
290.29182
304.34074
15.57126
45.55313
70.20192
86.10333
89.58609
121.95666
123.17593
133.76312
146.17746
151.95763
162.66308
172.78190
190.33367
193.50920
200.00480
216.34056
221.21497
221.41032
223.94209
232.82995
26.05965
33.71119
55.95251
64.38420
68.52880
73.02383
87.36279
107.91532
124.31846
134.03059
151.06282
158.12222
163.00177
200.93344
223.58067
226.80431
230.20649
238.51869
240.85054
250.86602
