2.72930
4.71961
8.94903
9.25369
10.55540
17.77992
28.55979
33.91492
46.44553
61.32499
65.54988
78.17528
96.16089
98.59061
97.26075
101.35839
119.01659
0.59456
10.99672
12.52594
14.11599
21.20067
30.31333
52.12451
58.13015
63.50491
68.43428
76.60676
82.41415
90.67248
91.94111
94.22263
97.59686
97.85117
6.92013
8.53495
36.94120
43.10812
44.48879
67.73264
79.68391
81.57127
89.58607
91.46951
100.23636
101.34018
112.45247
129.26551
130.82260
132.53449
136.61134
21.77401
23.53585
25.37784
32.83652
33.03705
52.21318
53.50227
57.25882
57.52749
62.52956
63.05691
75.31020
78.46842
87.11979
88.95920
98.17965
102.51541
12.80852
14.33906
49.87831
52.15913
55.81626
67.78984
72.47959
79.24769
91.45164
103.32306
119.40383
131.83744
136.34714
138.66405
142.61395
142.61943
143.54512
0.00397
19.08663
40.22103
40.89311
44.38227
54.23405
68.35299
70.81926
79.84034
84.75275
89.63423
103.11861
106.08793
109.13289
123.42669
132.20324
134.25665
2.27286
3.64110
10.13282
14.23961
30.13057
39.23497
42.18678
48.31998
48.53817
52.77481
53.95486
57.19198
67.42416
70.09351
71.85753
80.17285
84.37771
2.59876
4.01588
8.66146
16.06439
25.33826
25.45917
30.25590
32.49926
34.08306
36.70978
42.85228
47.75843
58.25088
81.62040
91.38165
92.11313
94.44986
5.27754
8.70262
9.99314
13.38878
13.87284
17.40117
30.95677
31.69325
48.53768
50.47978
53.18666
64.58750
69.00886
77.60664
90.82909
104.00637
114.88011
17.19208
25.89198
28.41709
33.97123
37.26458
40.88962
46.03372
65.10345
70.75930
77.56360
79.96073
104.41595
118.13205
125.08249
132.17733
132.34235
141.01691
8.43520
8.59449
9.90707
13.71568
14.28403
15.81385
24.39412
33.79557
35.08650
44.38394
48.59902
52.63822
56.23753
59.57602
61.48153
65.65166
69.52038
1.12373
7.01020
10.58925
50.65445
54.72992
65.82848
70.15208
76.64996
76.17023
80.45197
80.47569
86.10913
85.61017
87.60720
93.50382
99.47651
101.88630
1.72921
6.91492
10.94151
22.69307
25.33853
30.97171
39.70976
41.03865
44.26084
44.53384
54.39590
58.54481
63.94388
66.65077
78.94471
79.37647
93.53348
3.05802
4.65493
6.10173
11.64588
17.48827
38.28943
38.50308
38.65795
44.86558
50.74210
56.60394
67.86109
79.96921
82.14535
82.27921
105.41936
105.45197
16.21236
29.27283
49.56111
57.03640
59.25375
61.33449
65.98955
68.57786
70.57080
71.13588
76.46345
78.62377
94.76129
95.09419
95.50745
104.00644
118.57799
1.76071
14.56076
16.73914
19.56932
22.54475
62.83170
65.90901
66.83011
85.09956
86.93083
96.17498
116.82160
122.22509
131.42304
131.67421
132.28704
133.86694
11.53871
17.48397
25.49474
28.43690
35.55379
42.29680
46.79611
56.08778
62.07498
69.12637
70.91055
83.70798
84.90468
91.01816
94.20171
95.66124
105.86874
4.62998
11.57394
19.97044
30.80901
45.45011
51.27755
68.59981
69.06936
77.01676
91.98479
97.93020
104.90180
107.37269
107.67648
112.84273
121.20041
123.31965
0.87990
5.27018
6.04189
6.32702
15.81727
23.42332
23.78766
30.54960
31.75749
43.36238
51.06797
60.43421
61.31547
61.34207
67.70812
73.89265
75.46374
9.40099
16.99179
27.01040
34.39127
42.38991
58.24966
61.70572
62.34086
91.68182
91.75658
95.82304
109.12099
109.36553
111.92900
113.64831
130.32075
141.23907
13.15037
24.96603
27.97821
33.90019
39.41952
39.99785
48.10397
62.49476
72.34603
74.33344
81.19609
103.03854
105.39095
107.98937
133.16776
138.98075
150.54336
4.29516
23.99301
28.92812
30.23241
40.98746
47.09445
48.56335
52.19833
63.07588
64.57792
66.51696
67.06520
69.31807
71.55480
71.73954
72.13317
82.68995
1.27986
3.56572
5.96570
12.41075
24.07935
27.35315
37.22995
41.90593
48.68324
54.11657
56.73232
67.21535
87.47859
99.86699
103.17050
116.68086
118.35051
19.96602
44.44756
44.82359
52.21647
55.49475
65.67771
87.47447
100.13915
101.78449
102.94705
108.83514
115.33303
116.76684
120.08579
122.84216
122.84990
129.16206
9.80450
19.93554
34.39009
40.34399
52.80980
55.92761
61.44730
76.89923
78.82932
80.74715
82.77742
87.37041
91.48366
90.98688
91.64023
97.27454
106.17317
24.46167
29.70762
43.76487
46.55199
54.23705
56.74876
59.01629
71.74580
75.79113
76.06370
76.36710
80.57678
93.05330
94.38147
97.30778
101.92538
113.33039
10.97163
12.04786
17.01166
22.77754
27.37154
30.29919
34.87854
34.93994
40.13942
44.75063
46.49636
54.00521
55.04225
57.13312
70.17266
72.16441
85.71127
8.67840
9.77016
30.88459
40.36079
42.31980
43.49920
48.09500
67.05147
83.05947
95.58502
100.67748
100.76414
101.35800
101.35823
106.37246
114.35571
118.36451
4.45605
15.77090
34.66655
40.20234
50.08217
62.66449
63.14370
65.42659
78.83710
86.20459
92.64689
101.34565
105.55907
116.44722
116.45263
119.68130
120.77034
8.13013
14.38793
16.37959
26.46761
29.72101
30.45532
36.78378
37.54017
38.88469
43.94741
45.24417
51.28514
51.65084
59.30062
73.28143
83.86109
93.40721
12.33556
18.88086
23.69730
24.73663
25.98666
48.03022
62.10443
69.11351
83.26410
84.99933
86.05369
87.25957
89.56428
89.96839
112.30011
121.47357
121.38333
12.44011
13.11741
26.61261
36.46148
41.46274
42.37337
66.83169
75.75973
81.41724
88.28117
94.04631
102.61515
107.97710
121.00816
122.51621
126.74764
127.53791
24.14077
49.75080
52.80170
54.70727
56.77850
62.11597
68.89508
74.78522
78.49831
93.63022
93.82527
97.03311
100.35005
111.49053
117.19179
117.76279
123.59787
7.14872
10.68891
11.86582
23.23520
27.67066
34.69515
39.80871
48.54766
63.82820
65.50526
68.85108
71.41947
75.02798
94.35805
105.79903
108.85979
116.25897
7.27079
10.03412
10.12141
13.60937
30.39766
35.79603
36.31943
48.09774
48.43973
51.97719
62.56751
65.32333
67.97880
73.94687
81.47693
89.11472
101.85804
0.67510
26.59456
35.83719
42.03119
48.66272
52.28698
55.90714
70.29319
86.87308
90.17240
90.95833
97.47713
112.02313
114.53489
114.72287
114.90768
116.86396
3.54031
11.24042
16.00592
27.30222
28.53677
51.38670
59.15021
68.86903
70.47092
80.62084
83.16409
96.86883
105.74887
105.84457
109.67484
110.16141
110.47139
2.47765
13.91394
17.15755
22.48742
33.20737
36.39610
44.09419
60.11358
61.90043
68.63211
71.69654
77.68587
82.33749
87.69591
89.95195
90.88718
98.87164
4.48806
8.74923
26.76704
27.53997
32.26159
41.17749
48.77625
54.94708
68.42312
77.21599
78.79643
79.76023
81.30635
87.36750
91.82985
98.53738
105.25224
4.36378
13.30563
23.92508
29.58301
33.47760
48.73268
52.57623
56.31007
65.46753
73.69677
88.41019
93.20849
95.67256
98.38750
98.54515
100.60742
104.48361
11.91514
13.27950
20.77893
25.36598
27.69864
46.65865
56.48484
60.08783
62.39947
74.49192
84.90904
102.56782
107.47176
114.66933
115.36591
118.51725
124.02607
3.02089
4.42757
10.70213
12.85624
19.18685
38.03739
38.47204
48.97445
49.68866
66.90550
67.42053
67.90795
78.81065
94.78376
107.91083
107.84410
114.87269
12.60460
23.81515
34.91310
39.50709
40.19234
55.90752
57.75845
58.05183
63.38841
68.51018
86.56653
93.13800
103.19068
111.02672
123.74241
125.94594
125.67597
29.13861
33.72788
44.71463
64.05167
67.71201
73.62994
74.71658
81.86419
82.34521
82.59187
89.16143
104.89769
107.86528
114.89021
115.45115
120.99904
123.71535
2.12328
7.76575
13.96293
17.97900
29.41672
34.68606
42.85059
43.60318
53.70573
57.96316
67.47765
70.70630
82.93513
85.87903
97.75690
106.23759
107.45516
2.37728
9.89781
21.86254
27.30041
28.59448
41.25046
49.32268
56.09454
62.91322
63.61291
71.46579
71.85750
75.64982
92.41552
105.24267
106.37989
106.23567
2.05221
4.36651
10.79365
27.05905
31.51678
50.56067
51.37314
66.43633
73.04270
73.15390
75.89919
79.51505
105.00810
116.09163
120.50084
123.90210
129.66652
18.83256
19.69929
20.77431
23.44306
27.51818
28.57674
30.91102
39.12341
44.37357
48.89638
47.21619
58.93044
64.89249
68.21556
69.20110
73.78635
81.13542
12.15962
23.25352
24.83661
32.38000
41.27005
41.88214
45.45767
45.78404
48.79142
50.60079
53.46758
56.89354
66.32846
75.54510
90.29711
95.20373
96.46834
5.91569
19.67995
48.01018
57.35309
57.59079
63.70252
66.25654
70.14798
72.73511
80.66949
82.58268
85.71377
92.10242
113.83991
117.70593
119.19757
121.23327
