3.98585
15.10515
21.14481
31.41168
37.97629
44.84489
67.70016
78.08710
82.51931
97.39574
101.61590
111.08392
112.41345
2.47326
8.07181
9.37083
16.98316
40.49460
60.60998
63.62335
72.99819
75.47005
78.78946
83.83183
90.67840
95.11864
17.43711
23.39039
35.94552
38.27742
42.90801
46.61514
47.63866
56.33563
77.00682
81.12917
80.19874
86.06119
89.09508
5.69606
14.64228
35.99020
41.99378
59.14268
68.68833
92.55816
98.49512
125.62599
168.39281
170.55337
171.90259
176.99938
1.14939
7.81814
11.72932
13.75875
26.17399
32.94674
47.11590
64.13549
67.85772
76.50027
85.91837
115.77458
124.53777
21.41798
30.18587
41.18139
54.49216
67.87095
76.51384
77.99349
83.26434
87.34417
90.88002
95.32346
95.19176
96.79273
8.73138
13.48700
25.91895
29.64707
34.75193
44.38116
52.76999
57.59827
68.56923
69.71922
80.28336
94.11035
94.19018
16.92735
17.29637
28.48384
33.54042
49.32816
67.59076
78.81437
84.17262
101.93330
103.61301
108.27835
119.01565
125.32306
0.09020
5.99485
13.55748
18.21300
30.27963
32.67627
54.05675
75.42962
83.08508
87.48212
90.15028
104.10048
109.57299
11.28579
11.86431
19.87469
20.08260
21.20744
28.68731
38.48379
61.88683
74.26143
77.72523
87.45342
104.43278
109.14067
7.53221
13.67478
18.63120
31.07784
34.57075
49.83732
56.92996
62.45865
65.68410
80.93246
85.16469
85.65262
92.57979
18.01005
30.45703
35.93543
55.53615
60.80929
65.21439
70.33318
72.23799
71.87850
72.43726
78.82552
81.65740
88.28120
14.39377
18.01543
50.81851
59.62281
62.92947
73.35474
79.55311
84.00360
92.73125
93.25373
95.28605
100.65159
102.85121
30.17492
43.61052
44.92302
47.34979
54.64075
65.43144
66.46846
74.10882
81.25775
87.05700
101.21913
106.20438
108.53271
11.70964
32.56713
43.02674
46.94827
56.71958
76.18395
81.01488
84.74552
90.57828
100.26887
100.90009
111.20313
124.18682
19.64110
24.80272
30.22583
43.53192
44.61513
58.31908
81.71760
90.97972
96.15600
97.10655
101.94826
104.76498
107.04208
3.78122
23.40332
28.92915
36.14769
43.80266
57.10611
77.93014
78.16830
89.57115
92.62513
93.65668
96.09687
100.81832
1.29908
10.17813
14.66529
32.43834
40.34303
67.00849
72.17548
79.20532
79.14875
90.98847
96.29076
99.31925
117.29243
2.52414
9.94183
30.40025
36.27125
48.38904
50.22359
61.17855
73.13646
90.23497
95.42784
109.63459
118.64854
125.74949
26.22347
42.54477
47.63485
50.03670
53.04884
57.13551
69.52792
70.21121
72.50808
76.21460
80.51922
84.89446
91.68272
7.99318
14.85471
20.58417
30.17689
34.43772
40.81553
49.86700
53.18135
58.50825
69.26475
77.11361
82.74706
82.90331
11.28230
36.36434
39.85565
70.11658
74.77643
92.03431
101.26545
112.30492
116.87616
121.77496
123.87053
124.06374
127.63210
7.16252
25.05296
34.76828
47.07727
61.20914
63.22344
69.46302
86.07745
92.14631
99.68470
106.94885
110.29258
120.76624
4.84792
19.65974
26.13203
26.92712
35.04932
44.81369
53.72884
65.83468
67.64321
76.61425
98.44574
116.33496
135.68189
15.02408
22.30347
39.57820
51.13872
56.62976
85.18491
88.43904
90.04796
99.04003
102.84113
125.16840
129.71855
137.16689
10.61055
23.76104
31.12218
31.56431
42.61264
54.55325
65.39818
82.68065
98.01574
100.16272
103.59962
135.21892
135.11593
7.01079
14.83935
20.72220
31.42652
32.70256
34.99872
39.15696
54.14342
59.82064
64.75485
76.68850
83.64994
97.15268
17.87278
18.38384
31.99129
44.39778
52.42378
77.04327
77.66051
78.63509
84.67221
101.28108
104.55300
105.96600
107.61119
16.55518
32.65657
49.23306
58.04152
67.17596
73.00014
74.87778
86.57729
102.62813
112.16224
124.52467
136.43320
143.52955
5.08776
25.07742
35.29091
35.44089
63.25350
69.11392
89.16270
89.93842
109.43304
115.02268
116.57002
152.61814
157.09998
12.31567
21.56760
28.16509
35.00172
47.56352
58.43395
61.49636
64.89516
76.45871
111.23881
118.41999
127.46800
136.07309
9.74824
13.78530
32.79152
59.16466
68.69446
79.09956
79.72727
83.93493
86.33017
97.01614
108.84973
115.88743
126.63714
6.90770
14.71716
20.85537
21.99579
26.55977
40.11508
42.73783
50.98549
51.92238
68.34915
75.36906
78.26248
79.67272
0.19936
14.54360
17.61000
20.39755
27.79395
35.80992
38.70176
51.20866
52.26876
59.76933
70.25021
75.99809
79.13903
6.79716
11.86145
22.80160
46.75108
54.75753
59.21618
67.24490
75.02801
83.13097
88.63357
89.05037
92.80808
93.39854
4.27617
5.04380
12.52230
13.66437
25.68282
26.54087
43.80496
46.92434
62.15867
72.62575
81.11415
83.60644
83.73195
4.26761
12.72506
15.95693
23.70405
35.52796
44.60456
45.91609
59.06785
73.56449
79.04705
90.37566
92.85235
97.80961
6.31178
23.01719
33.96535
35.11832
45.14661
45.01372
55.29821
58.57909
72.32619
74.52711
95.44062
98.84131
101.08240
24.90705
37.71384
48.11725
52.41096
57.11274
68.05379
78.93293
101.31255
108.76797
114.52153
118.79012
137.10322
141.06062
3.06653
38.93329
59.26020
87.10600
94.38742
103.47371
106.74442
111.70738
111.76630
113.46772
116.70352
119.24145
131.97366
21.76509
24.64162
35.66931
39.35318
47.75425
61.62265
71.35915
78.56342
85.67732
89.18757
88.98676
110.97298
119.69502
4.28342
12.06912
18.01944
18.36712
28.67450
35.46544
42.32685
44.81587
48.44524
50.50878
52.93180
59.78063
62.58002
17.82718
29.42717
32.13185
43.76584
64.38708
68.65812
72.29735
87.18722
93.46403
99.85624
101.53774
109.77666
109.66366
6.79737
12.68626
19.59635
26.74285
40.07758
53.93138
59.01571
79.30628
80.96221
98.56031
105.83140
106.10335
112.18711
13.74024
15.10230
26.57904
32.08755
39.83758
52.49631
53.74415
63.63062
70.64838
80.51558
86.62890
104.41668
112.94222
0.36401
12.90069
28.38746
30.50812
33.45818
35.31650
41.17694
43.66764
51.05679
71.14186
78.80767
91.53208
95.49545
24.22454
27.74048
28.38242
39.37251
40.34065
51.16311
59.21335
63.12167
63.14334
69.79639
85.57370
94.06122
103.92146
1.49458
3.72059
8.01853
14.73012
16.36237
24.92129
36.57662
44.58774
58.32990
78.78415
87.15322
95.40362
108.72052
3.40203
4.17190
9.63076
17.39303
21.12815
43.48534
85.10345
98.04480
108.11212
108.80160
121.99302
122.88485
123.18619
13.98101
24.34311
34.08422
44.22151
58.02161
64.57800
75.66073
77.98508
84.06415
90.78098
93.60011
95.39759
102.80324
