0.46213
0.68890
0.72532
1.35666
1.73792
1.77368
2.46123
2.62078
3.06911
4.56701
4.63730
5.82825
0.10859
0.15035
0.39431
0.54439
0.58169
0.85293
0.89740
1.39936
1.49723
2.51090
2.51109
2.99248
0.42040
0.53416
1.13829
1.83671
1.92842
2.47485
2.90637
2.90897
3.03430
3.12966
3.68980
4.19607
0.04695
0.61601
1.76472
1.84958
1.87326
2.45427
3.26549
3.87878
4.00648
4.56004
4.86382
5.00285
1.28135
2.80972
3.28244
3.42734
4.42379
5.00690
5.31322
5.63329
5.80356
6.16569
6.39334
7.44189
0.34385
0.80468
2.09816
3.06587
3.90910
4.43991
5.01768
5.29057
5.90297
6.02043
6.43614
6.50137
0.76309
1.39822
1.82897
2.05986
2.57250
2.57877
2.62380
2.96090
3.37530
3.52284
4.21627
4.42212
0.47758
1.27793
1.99609
2.11756
2.25594
2.53463
3.06581
3.59148
