4.47229
8.26445
15.37798
20.28126
22.18950
24.83709
33.82534
39.70454
46.14865
52.74998
56.43282
60.34385
63.97866
67.39244
75.36879
79.35530
88.58702
92.89347
99.77598
106.57092
111.06090
4.33751
8.95871
12.75846
17.14363
28.68891
36.36924
43.88714
49.63255
56.57010
63.88813
66.42504
68.71415
75.06687
78.84501
84.24922
85.88178
91.58262
96.65852
99.50150
102.15002
108.63298
6.19330
13.08508
15.00523
16.33697
21.23267
25.63714
29.31603
32.16087
39.50297
43.99659
47.70721
52.13957
60.78353
67.02421
72.54788
78.99836
79.75029
85.12477
92.34472
99.39487
103.90165
3.01654
10.20320
17.58658
21.61974
25.57950
27.09481
41.39889
44.51426
49.11731
52.59207
55.09490
57.39989
65.72374
66.96496
75.10624
78.85308
86.47623
93.53790
97.72068
101.73897
106.49285
3.89600
8.27367
13.94131
18.80198
28.26437
33.28375
38.02191
40.18664
46.16105
51.73137
61.45283
63.20692
70.13434
79.75249
88.16138
92.47455
96.47467
103.26767
114.27626
118.88793
123.09382
2.64610
6.57244
10.36630
21.32020
24.81944
30.22312
34.63080
41.55235
43.84692
47.84162
52.95723
57.33649
61.00002
67.01879
77.88211
79.08605
82.85141
83.66633
87.80911
92.28666
95.90708
5.21214
10.00390
18.75591
23.88446
28.26756
28.74475
39.31590
43.48141
47.29802
53.51925
58.39412
64.95211
67.76486
72.40312
76.84858
86.27154
93.19869
100.09377
102.20612
114.34009
115.70664
3.63142
14.14383
16.08925
20.48986
24.70503
29.93524
33.80387
43.24469
51.62515
56.16703
66.33338
70.80262
75.57625
78.62658
83.88963
90.28376
91.79046
93.16948
100.72279
106.59540
112.18799
6.14975
8.88454
14.15449
22.16191
24.83602
25.39655
27.68400
33.18308
39.23253
43.34278
50.48961
55.53565
60.01858
63.38614
69.24042
78.08575
82.06197
86.33480
98.79436
107.61726
110.43583
3.91450
5.50148
8.70828
11.13343
13.68954
20.99605
23.76314
25.33518
33.40460
37.10131
42.10493
50.10557
54.12089
59.67543
64.62048
68.14232
74.53817
82.73794
88.55720
91.96877
97.88728
1.77127
7.05675
16.53324
23.68234
26.85523
31.42007
34.59123
37.18126
41.79067
45.31402
51.40277
54.33334
63.28573
67.54952
72.74216
74.75816
77.32163
81.75554
84.77004
92.47388
101.01340
3.71734
6.97519
9.87449
14.41721
19.83133
23.11169
28.78577
35.22743
44.16244
47.83470
53.45907
61.28983
66.78636
73.07455
75.38909
76.70998
77.98672
78.98208
85.67042
86.27026
93.05902
3.61292
7.08711
17.49282
24.00545
27.97573
35.91062
41.92615
45.54486
48.45489
51.35734
60.06555
68.30254
74.48323
77.51116
80.23818
79.84938
86.79186
96.79674
101.18059
103.92007
110.96760
8.69170
15.82237
20.45316
23.54993
27.76382
32.50789
33.96394
39.98066
45.18804
49.75830
55.27248
64.40249
66.68850
67.44720
74.46031
81.37293
84.27012
88.94407
93.00582
99.07038
105.06855
4.26576
6.03333
14.42737
21.36137
27.48468
33.33077
35.92957
40.16287
44.05826
50.54049
55.09548
62.94154
69.26631
74.29091
81.11912
87.15180
97.11007
104.77625
112.97116
116.56831
121.41978
5.48306
11.09086
14.39082
16.13216
21.79569
24.90227
31.55873
36.08435
39.47846
44.36343
47.08687
53.28220
57.19433
64.32433
72.36124
73.82264
80.31960
85.43724
90.42158
101.49676
107.91331
6.35702
12.94217
22.13753
26.05823
33.57091
43.78353
53.58918
57.15745
64.20991
70.66392
73.25145
77.57656
79.61161
80.39029
83.54798
84.32254
87.55979
88.78631
96.53224
98.09459
105.47171
7.00834
15.14585
16.55674
21.50460
28.54532
31.96048
34.32219
42.14614
48.91801
53.92113
57.92813
67.71272
75.20131
83.25423
84.32321
90.98246
94.87104
99.37697
101.40301
105.45180
109.26235
3.73646
9.30217
14.29439
17.46630
18.94709
20.34556
26.28974
31.57590
35.36704
38.32831
40.99055
47.31712
60.12151
66.27249
72.59235
73.89015
77.47315
81.08687
87.70122
92.86463
99.40754
3.79994
5.38802
9.08538
15.05491
19.09825
26.52839
33.50905
40.18943
46.13913
51.95668
56.22509
64.16655
70.90571
77.03307
79.85975
81.63786
93.58075
99.39541
103.51642
108.56626
122.47184
5.65682
10.42956
14.64612
25.41433
29.58644
31.07191
37.44398
44.60343
48.18548
52.87195
59.39074
64.03733
69.36533
72.71800
77.36522
82.60773
92.35359
94.83012
103.11007
107.68418
114.11162
1.71427
15.44183
18.58050
21.91696
28.67559
32.86481
38.40134
44.66710
49.36948
52.61294
53.91954
63.01288
68.33545
73.13620
78.03111
76.56912
79.63257
82.07552
87.56229
94.53182
97.33247
9.91247
12.72188
16.97468
21.17800
26.27490
33.40939
35.87772
39.44455
46.77745
55.61817
60.43535
65.52834
72.10140
75.81158
80.26671
86.44722
88.63667
91.69711
100.63543
105.01940
108.23796
3.09234
10.22105
16.14280
21.64764
24.22641
32.36470
35.88448
40.21344
43.96115
49.05675
63.05075
70.08303
75.46467
83.10383
85.53985
87.19053
93.14868
93.88588
98.71442
100.69667
107.63262
4.25860
11.71036
16.17318
19.21940
28.85355
31.91442
43.78095
50.68168
58.44678
61.95026
62.13686
69.37436
82.21684
97.38883
101.16946
107.74120
111.97314
116.30169
118.49010
135.43606
139.56597
3.36957
8.36811
17.59418
22.42884
25.75091
27.06761
32.93939
36.62107
37.21258
46.85130
55.89130
60.61638
65.94915
77.00141
81.79760
89.36052
92.82248
101.73648
105.38750
114.43941
121.55118
5.01937
7.63577
11.97998
15.25847
18.89873
24.95973
28.82669
33.60431
38.24618
43.28784
51.32161
57.76355
60.21358
63.37150
69.12202
70.72019
74.48857
77.95563
79.76842
84.91681
92.49645
3.11069
6.42431
11.31869
21.94933
27.72571
33.73108
40.61632
46.20862
51.83106
52.09002
57.44525
67.31957
72.43938
76.71419
83.43334
89.59687
93.13549
95.80383
99.04825
106.44642
114.07638
1.86816
9.98010
17.27919
26.38612
31.78435
34.27043
38.82664
47.05737
52.38403
56.78161
63.96791
67.88737
71.53963
74.65584
82.07441
82.68297
92.23507
92.54249
97.04745
102.79317
105.52224
7.21281
11.13865
15.52937
20.90326
26.30448
33.56031
42.59257
49.59751
54.06338
60.93481
70.10337
74.51727
75.68950
78.45329
86.65323
92.39719
98.16187
109.28083
118.31781
124.32374
129.48123
8.23206
12.08582
21.24621
26.25351
29.22174
34.54143
36.05316
36.72042
42.26805
48.58910
53.34129
56.79908
65.54406
69.36025
74.22268
77.14497
83.71806
89.97432
95.10351
101.26381
105.71096
2.71787
16.27656
21.85052
27.53434
32.75088
37.55622
39.79075
44.15422
51.71370
55.50532
60.38013
68.43527
72.31101
77.66458
79.74599
83.25889
85.24352
92.98628
95.60023
107.22123
110.37256
4.51864
10.64998
20.79410
23.13264
26.21015
33.35200
39.74933
47.17611
53.46030
60.02139
64.62472
70.41625
77.41757
80.22747
82.72106
84.54360
95.40347
96.90125
100.65685
105.42372
110.14477
5.77741
13.94117
16.80103
25.51809
28.98682
37.93901
45.12757
49.31188
63.26611
74.63727
82.90030
89.63534
95.68541
98.74479
103.49416
108.67445
109.30088
113.88163
123.46350
129.39858
131.82386
3.64510
11.37682
19.94657
23.89997
28.28857
34.05634
38.76284
44.99399
50.27590
62.02872
64.77740
66.52478
73.52128
81.55248
86.85780
90.34860
97.29123
99.41130
109.21240
111.19891
114.65479
4.52588
8.17021
16.16676
24.13299
29.92580
36.04656
41.48534
50.42648
56.00139
62.39019
64.27868
69.33211
73.13550
78.17560
81.16162
92.53978
100.38021
103.84154
113.24648
118.38506
123.64408
4.86490
11.78191
16.50647
21.08767
29.57952
38.99784
39.89790
47.79104
50.15154
52.52441
56.74414
61.04939
64.96502
74.73965
79.98032
84.13814
88.89834
90.69079
95.47574
100.33263
102.97411
14.72884
18.90558
25.55179
31.52471
35.81254
39.83654
44.25520
46.13818
49.00594
52.65142
57.02538
62.39718
66.84718
69.91776
73.50552
76.89730
83.12930
85.73048
99.58494
104.15912
111.07335
4.02911
11.08040
15.46205
20.35725
27.01772
28.64320
35.32864
41.67925
42.90107
51.81511
57.39984
62.99853
66.28180
74.23177
75.16702
78.60346
87.98668
95.26450
104.90618
110.91626
114.68430
9.97793
15.35519
20.72618
21.65092
23.96866
25.98505
29.33463
33.02835
37.35605
45.37646
53.68583
56.09846
60.52419
65.55545
67.60164
72.03412
73.34721
81.90966
88.41192
95.78566
102.35546
2.79355
14.74132
23.35017
32.76761
36.94482
39.81434
43.20780
50.08915
52.90642
58.36846
68.42519
70.88501
74.57347
85.89601
93.31037
96.60427
98.89680
102.50716
104.40240
119.27226
123.34983
3.92822
12.22681
18.31897
24.74736
30.17128
33.77444
39.29389
43.49891
48.24750
53.15987
59.93272
62.91661
64.88101
71.04520
73.82749
81.72789
83.24408
84.68225
86.70691
92.26504
97.91921
5.88449
9.85889
17.41974
22.27774
29.02472
32.06156
37.35773
38.95145
48.70856
51.97672
59.98610
64.90883
71.87112
73.29589
76.36439
85.85690
87.10436
91.96360
97.60070
99.42271
102.92550
9.94584
15.39329
19.56858
22.12739
28.34058
38.42885
40.33674
44.67728
56.55129
61.59536
69.65753
74.68415
88.04051
102.42752
106.18880
109.53631
112.32816
114.47403
125.05628
128.93265
137.85184
4.71437
7.17417
10.43537
15.06458
20.48195
23.07073
26.58205
32.20724
36.67962
44.76355
51.25084
53.96773
57.75647
64.51201
68.31994
74.57771
75.21958
76.15392
79.40860
89.39121
91.90969
2.21552
12.36184
22.34303
25.98660
30.21017
35.63513
39.45622
48.68760
52.07516
60.41876
66.68791
70.12758
79.54939
85.18463
90.20631
97.40573
105.20040
107.37488
112.05341
119.76880
125.47525
3.91077
8.10778
13.08409
24.02256
26.88196
35.16924
39.66831
43.31890
49.86116
57.52075
62.77906
69.44971
72.23875
78.69681
79.78481
80.83390
86.20366
86.55407
91.55497
102.58892
105.90415
12.39160
18.84541
22.29492
25.50342
28.34214
32.30306
43.23363
44.95621
48.88779
53.00936
61.28317
66.51491
71.98711
76.52978
77.80308
81.63603
85.24589
90.24919
101.52398
105.65616
108.30968
6.12650
11.25125
15.98204
20.65252
25.09344
29.77999
40.74084
41.93732
45.07067
46.96694
51.51412
58.50576
64.50545
73.00191
78.80627
81.75812
86.29484
90.48345
97.47240
109.03166
115.64019
4.47447
15.15363
20.02477
24.79637
28.31528
34.37014
37.84464
41.98394
47.07787
52.13546
61.81214
65.70645
72.57531
84.69344
88.62476
92.90671
95.27901
98.06111
105.79689
112.58460
116.17603
