6.79623
18.06863
26.41472
29.67597
38.72416
46.80717
47.72699
60.65375
63.65224
71.14676
79.16663
84.79468
100.34667
113.26161
114.90335
129.39594
137.51849
137.84236
143.82575
28.43765
50.64691
57.66815
65.60398
76.24621
87.58876
91.08389
93.89515
98.56877
100.91026
104.31086
105.79755
118.94561
118.64404
144.29917
149.31278
153.39649
153.80203
158.43680
8.87570
12.53045
14.94442
18.45733
29.73944
35.94919
41.96323
44.47059
55.20435
55.72082
81.25652
92.53566
94.28765
101.89937
104.41691
108.04769
107.65406
110.10538
118.85159
6.56800
25.49879
29.39298
47.49176
48.40043
51.38787
53.24668
55.86971
66.41083
67.23963
67.86759
80.08394
81.77550
88.27711
104.40059
105.94603
104.10633
106.69248
110.19412
1.64347
9.08329
15.30554
33.52351
37.02764
46.36315
47.92508
55.58003
68.46258
78.76637
87.73637
92.71125
97.36400
112.17430
131.32405
135.09884
158.38827
164.74947
165.77040
9.15010
25.62800
26.21446
33.47285
39.39095
47.48111
48.14507
62.06303
68.41429
80.38542
83.21494
86.42031
86.76480
88.46675
90.79594
105.22269
105.47208
116.36327
121.50042
5.25457
9.48498
12.75288
34.55752
52.09045
56.96993
65.24048
72.00552
78.72711
101.51740
110.99772
118.27630
131.34617
132.41472
132.65941
142.99001
145.80627
148.51666
148.36598
21.21711
37.01721
49.49556
51.08950
54.60214
70.81746
74.53858
83.61606
84.00386
92.35773
94.86398
97.05510
104.31849
112.59357
120.54226
123.81281
126.37753
136.15688
141.28085
9.63743
10.23788
15.10957
17.86707
27.98664
34.26966
54.65062
66.92782
80.32454
80.18747
80.45781
85.55346
105.62625
116.05548
130.33685
134.39339
137.11255
141.63941
144.88936
6.20147
13.61976
17.68684
26.14347
25.49266
32.30084
41.42468
58.34017
57.43943
67.46569
77.51870
84.98857
85.80152
95.87578
103.21000
105.01522
106.23022
117.68387
118.72314
17.46414
24.64242
27.46318
28.24345
34.33073
37.72733
41.04975
45.31389
50.89749
54.25471
77.29269
85.24395
90.82666
93.05670
98.28494
111.05338
116.01288
121.82691
129.67803
0.89319
15.37529
24.06371
35.04795
41.25583
53.65308
57.86875
62.20096
63.96386
65.56292
68.26103
69.75824
77.08629
80.13889
81.85419
82.63487
90.36444
97.31648
104.93429
2.53937
6.59690
7.48633
15.48248
39.63463
41.67426
51.47554
54.16051
55.55981
56.73555
69.09038
70.99154
75.75178
94.97811
103.61151
106.92576
109.60834
112.14808
115.48689
1.98140
7.70211
17.27838
16.61651
29.17917
32.46668
47.80016
60.19978
83.84602
102.11975
111.15247
115.12711
134.24946
140.25627
140.28193
142.27179
144.17811
155.17485
157.29447
0.24677
2.57233
-1.00000
-1.00000
-1.00000
-1.00000
-1.00000
-1.00000
-1.00000
-1.00000
-1.00000
-1.00000
-1.00000
-1.00000
-1.00000
-1.00000
-1.00000
-1.00000
-1.00000
13.61863
14.65079
17.49899
18.32581
19.67873
36.15011
45.40891
54.29205
61.92693
61.92766
65.92770
75.16476
87.07282
91.96922
94.76949
118.30894
127.79665
132.60863
134.91000
0.35119
11.58295
18.15705
20.96266
26.97659
29.86897
30.33724
34.45050
34.06321
39.78608
48.01778
60.85309
63.71860
71.52533
74.96374
77.78474
84.52169
90.59230
93.26081
13.34270
18.90335
20.27819
21.27732
31.84543
38.85730
45.37115
48.80621
59.56288
74.58572
75.52788
77.15802
87.03789
88.66875
90.50790
106.97330
111.28693
115.55055
127.55522
5.07509
14.17305
20.40449
24.10379
47.88366
51.88402
72.75356
79.84924
97.26903
108.75507
124.54637
124.76428
133.51546
133.52279
143.85593
155.34914
173.63048
187.28308
197.05807
8.61889
18.97753
21.97599
37.64741
53.18521
64.72094
75.39492
83.13558
85.41265
106.17644
108.67745
108.93818
110.70333
111.86472
118.89430
121.53239
141.21618
145.63873
146.40664
7.43036
24.94730
25.84432
36.86177
46.17950
48.16995
68.57990
78.45531
83.07638
85.92991
94.72063
100.78973
112.14076
112.14077
115.33661
125.97188
129.30573
137.44465
164.63969
5.36168
9.77704
28.54537
35.72278
57.29098
68.46325
75.73601
92.03330
96.81301
109.38920
115.58377
112.99057
135.52063
146.85083
152.32948
161.07199
176.96581
203.25538
203.44301
1.67648
7.80257
13.70587
17.99010
27.68428
48.53227
55.78742
70.58705
91.37923
99.89903
102.21128
113.84721
114.72114
115.04968
118.85071
124.18800
129.63942
144.81416
153.83889
10.39424
38.03922
48.46774
52.56340
56.33212
56.62560
61.24903
68.40473
75.86280
77.36603
82.42179
91.11637
96.76890
122.12512
123.99198
129.32348
136.58167
140.08119
141.59491
2.97105
7.92889
17.68956
22.93369
39.41363
64.08893
78.49940
80.30396
84.11080
104.44084
108.09286
110.53605
116.94320
160.34661
167.19820
172.94486
178.35307
183.32540
191.63861
9.87577
19.04403
36.05826
46.78743
47.51924
56.90651
66.49783
68.68329
73.00395
73.51086
78.15817
102.06493
104.36138
106.78478
126.13611
129.93858
131.87196
134.44545
135.68925
12.10650
23.48383
32.10489
39.67621
86.95213
87.79120
100.20669
102.22900
111.75998
113.47096
130.37116
132.29755
148.19085
157.82148
169.02547
174.95834
176.15833
179.29363
187.13478
3.38280
6.11401
20.51837
26.98384
39.47099
41.15527
39.62770
42.86948
48.65189
58.19689
69.46344
77.75877
86.01077
88.12146
87.93288
99.99453
104.33685
108.99192
113.47976
3.49060
9.49824
12.54835
17.29884
35.23405
35.55507
38.27043
48.17397
52.28446
53.55600
59.79086
63.96875
64.77551
73.87103
74.61793
88.55760
100.69383
109.44646
131.68540
1.73809
6.24513
8.07511
15.03034
16.22707
28.51772
32.33184
42.27879
47.21985
47.37843
62.11283
69.56271
69.00759
75.48956
75.75466
80.42473
91.78537
91.78925
103.94227
7.74000
24.46092
48.07450
49.87212
68.98764
73.16034
75.64951
84.53180
87.01462
90.59756
95.25874
97.73441
110.73576
119.70504
126.15285
130.54629
138.15978
143.69309
144.99846
21.11812
37.55363
40.97111
41.48840
56.57147
60.11961
61.42233
63.95801
77.15347
86.48826
88.42258
93.12932
120.45247
124.06318
127.46426
144.35417
155.31603
157.60541
174.04461
10.41867
17.33257
23.76538
28.50334
38.39307
39.58703
40.20491
45.01628
48.25224
54.36384
63.00593
64.84339
66.71281
82.54053
100.34632
102.91398
116.31444
125.61200
130.72817
9.74524
27.86649
34.90866
36.87322
50.23715
52.17607
57.54717
59.01240
63.09634
69.41658
75.35371
90.22130
102.06106
102.55395
102.63881
101.47384
113.28763
116.95610
118.73487
0.79166
6.43081
12.25843
15.65695
32.51274
36.26191
45.62637
64.48420
65.68364
88.10975
90.43097
101.04185
111.12563
123.11295
127.50340
130.53521
130.68701
131.46206
157.79111
5.13694
10.50767
25.32734
25.93591
33.42473
42.14413
46.27603
54.83813
59.45365
71.81700
72.22590
74.70881
78.53689
85.94589
96.97056
95.65928
109.54110
112.43290
119.53577
1.35079
6.24016
11.87930
33.96364
40.62462
48.31929
60.83301
64.20417
69.80665
85.46316
86.90164
102.06936
104.59006
109.12207
138.89541
155.79017
166.90001
178.47740
185.36185
8.60441
16.09486
22.30016
28.86210
33.87845
42.17552
50.57842
56.53549
61.12701
62.25957
66.17237
72.82456
72.83003
76.33903
86.64465
88.08856
89.79988
97.54157
101.73173
5.43705
15.01282
20.53376
23.17339
34.91009
37.21523
53.98684
57.74792
62.78108
72.33537
83.91191
86.65233
94.87471
97.86230
105.73010
106.09117
108.47959
130.21508
140.64260
7.44310
31.63251
34.87150
43.99667
52.05745
57.82811
66.03238
67.38249
90.34558
90.93617
102.86192
129.08257
152.87959
163.89646
165.70681
165.73329
182.01943
185.76257
189.22880
11.98891
20.12230
27.40056
33.94311
38.78024
42.95236
45.59978
49.09198
51.94122
79.48422
91.37930
93.75552
99.80035
112.61215
117.53680
120.35231
130.51261
140.30473
141.79083
4.99036
20.70724
22.65206
27.83309
30.59872
46.13651
63.72377
76.69962
82.66264
86.75156
96.25939
98.34617
117.71282
115.03443
115.27611
122.79610
123.70963
125.00870
130.70626
10.00928
16.14977
18.10595
35.93170
42.40879
50.48936
60.43623
83.11028
86.89585
89.11734
94.87314
101.46710
117.90635
135.74335
138.40897
138.07724
142.61155
144.07497
147.24594
1.91659
10.00278
19.20459
35.28203
48.37280
58.98644
64.77348
61.95124
66.72503
67.17709
74.52147
85.70666
105.74822
114.35866
124.11675
132.20743
134.61889
143.99370
149.45724
6.03350
17.04692
32.49721
36.09098
36.73943
58.94599
66.24201
74.86840
80.76370
91.44953
119.39511
124.01105
130.98866
145.85632
147.47005
164.67261
171.89387
177.25690
187.66574
0.42640
1.46416
3.43192
10.45940
12.43914
17.10005
21.14710
30.29979
38.00357
42.34388
44.42906
68.88962
77.31540
88.32666
94.70241
99.60868
102.84674
112.44139
122.87933
1.41140
4.74762
26.23316
30.37732
39.16556
49.56860
60.57923
64.51284
74.91586
78.07923
79.71762
83.01853
90.90563
92.30601
94.14457
96.52813
108.12764
112.61704
112.64667
5.52391
11.89336
14.17941
20.31523
32.70298
35.61424
45.44507
55.58083
55.83121
68.33263
68.95086
81.22916
84.13241
102.51033
105.17277
108.49879
112.19745
116.43692
136.33114
1.62083
7.97719
8.51616
28.39958
29.70267
33.81370
37.21948
39.58845
47.46564
52.23123
70.83254
71.54284
77.03833
100.75535
113.48687
118.75059
123.74094
126.81409
131.00134
3.40476
13.16597
22.75162
23.95815
27.94216
34.53585
39.22282
46.46947
48.27187
59.36826
60.61852
63.41516
66.82586
77.36795
83.22070
92.70046
94.94210
104.16947
108.16942
7.71604
10.39662
19.98558
36.17692
39.46149
47.13448
49.32323
57.13051
62.82899
78.11563
81.54642
87.71646
91.01075
93.42050
94.65449
105.00786
108.97934
119.23536
131.76139
20.15206
24.01451
29.41664
34.56439
50.50952
47.00265
63.76519
71.68931
77.15605
83.85796
87.59844
109.60426
116.47692
117.20286
140.54034
143.26576
147.63377
148.88089
158.65684
7.02114
16.92931
36.03261
41.26818
42.83506
63.81889
68.28254
69.79187
72.03536
72.39064
90.97789
95.56794
107.78619
116.35277
129.35358
129.45266
130.41584
132.79871
149.02815
5.66116
9.67529
-1.00000
-1.00000
-1.00000
-1.00000
-1.00000
-1.00000
-1.00000
-1.00000
-1.00000
-1.00000
-1.00000
-1.00000
-1.00000
-1.00000
-1.00000
-1.00000
-1.00000
7.07622
10.21882
22.58765
29.17110
35.45824
38.02832
40.02998
46.01658
49.64349
57.73969
57.91056
68.17539
70.43002
71.81469
73.75302
74.08569
84.93183
103.64886
114.23182
0.45103
2.41972
3.11514
13.05721
21.29136
26.80812
31.17913
41.39451
48.26179
51.36370
54.33632
69.94861
71.43071
72.77229
98.83394
104.64377
111.59543
114.76444
119.81653
4.68204
16.57118
23.55625
27.94581
28.28474
51.61564
52.57803
59.40784
68.08424
72.04998
84.76053
89.80705
92.45423
106.67287
112.54976
113.97227
114.56609
116.81259
118.00503
10.80994
16.22932
26.63176
35.78296
39.07843
49.45682
54.01489
55.03510
70.16043
81.59975
82.93127
94.89609
102.66223
102.41572
108.64196
120.39378
137.03024
137.68980
154.43023
2.92915
6.32442
12.59912
31.14862
34.96706
46.61495
53.68736
61.20420
66.79856
75.08693
91.54470
97.29670
99.90738
103.54016
108.53370
114.30785
115.79394
119.59564
119.88478
0.68730
22.88387
31.06779
43.16007
87.44292
89.16015
103.88146
112.37448
122.93035
133.79004
135.29758
141.86586
147.85909
148.02339
149.74828
157.12532
170.37384
170.84163
172.34659
18.05367
22.47158
43.44044
50.83933
54.22018
56.78854
58.83250
69.13441
72.63516
79.78710
89.62296
90.83495
109.42418
117.87147
120.12064
126.46261
132.78180
146.99314
150.94642
2.31392
21.37904
30.66987
34.65137
41.34703
45.76253
47.18018
-1.00000
-1.00000
-1.00000
-1.00000
-1.00000
-1.00000
-1.00000
-1.00000
-1.00000
-1.00000
-1.00000
-1.00000
2.32848
5.71388
13.70870
21.41882
25.95705
53.89244
57.11433
62.24270
71.67065
74.10988
75.30075
81.64352
90.65240
93.15114
106.55581
111.02978
116.17407
116.17441
129.30074
11.71994
18.77947
26.20919
27.07385
27.25958
40.46749
43.63236
48.68649
60.11589
66.11743
68.65429
69.37428
84.47176
85.73448
86.32814
89.69073
92.39595
99.50547
100.38535
12.98602
18.04529
22.13233
28.81400
31.87953
35.98048
43.13806
54.07007
56.65997
65.14481
68.74538
74.18782
78.84707
90.21763
110.19208
115.22456
119.20361
121.18114
132.25824
8.64272
29.74783
35.54196
46.43751
60.17382
72.48028
77.46206
79.40128
77.94375
84.28032
86.54972
103.32057
107.85252
115.46917
127.92595
132.16249
140.53995
156.94664
160.97524
6.72133
10.78362
22.87310
31.28419
68.33117
75.22386
81.39334
87.00855
94.69369
99.15336
106.21039
121.93757
124.85028
125.49999
136.98361
139.79797
144.27522
147.35906
154.92309
5.08050
10.71199
18.28541
25.87534
29.76859
33.86627
38.37037
43.83112
46.83685
50.19014
55.84275
56.35716
56.82482
66.37873
82.49973
98.18735
99.20910
108.05517
109.65840
5.03689
9.77878
38.83323
41.35592
44.74344
49.29067
61.29611
76.31191
85.75466
83.60979
88.01218
91.41883
95.77140
95.97547
97.16900
107.75311
111.86502
121.67538
117.20608
7.76747
20.73185
23.43260
42.37583
71.95864
78.98613
86.64327
91.34214
91.95979
118.74234
122.82335
124.94350
132.94258
135.72477
139.45168
142.77965
144.01552
147.66718
152.19483
5.51527
12.97302
18.41313
18.31407
37.94015
44.74571
51.44123
59.91406
71.55591
77.95684
85.12092
99.74172
99.74475
100.73913
106.00129
116.98776
123.12838
129.51244
141.84799
17.80137
23.93860
24.75491
28.96194
42.14159
61.58954
70.76728
74.81273
77.98149
79.31763
91.23454
91.48565
95.55571
98.48612
101.60575
102.08970
118.00577
118.59503
122.58110
12.91290
14.37070
48.33274
48.31055
55.76048
65.80085
69.35161
80.99766
81.21857
84.11149
96.43131
101.62320
108.51106
109.64722
133.63932
137.32305
150.95352
150.43988
163.94174
1.20522
8.07764
11.85774
18.84395
21.77412
25.59041
33.53086
28.92367
37.32993
56.00973
59.58907
64.00285
64.65659
65.85661
86.92041
88.47961
109.68269
120.64294
130.02079
24.07524
27.24218
49.25543
50.76912
68.69218
75.37080
80.74205
84.72954
91.62743
100.10796
100.74835
106.77162
117.22444
121.00876
123.75744
133.84646
134.31096
149.32892
151.42081
11.27370
15.48171
36.82942
52.15631
74.36346
75.66723
76.63877
79.03181
96.96826
98.74643
107.14201
121.61667
126.42369
137.97782
140.40007
140.01915
142.40434
144.90445
161.56530
10.90958
16.97297
32.63617
35.54057
58.79242
-1.00000
-1.00000
-1.00000
-1.00000
-1.00000
-1.00000
-1.00000
-1.00000
-1.00000
-1.00000
-1.00000
-1.00000
-1.00000
-1.00000
3.20955
13.81767
15.95989
19.25615
33.61119
39.87241
41.43676
43.56623
56.25894
61.33628
69.13692
77.22596
84.87682
94.35519
94.35600
99.56038
106.99756
112.37986
118.60562
10.74257
18.69491
40.46002
44.55697
51.23734
60.15603
62.84807
77.94932
79.26431
82.35536
83.13216
86.48058
95.82888
96.02325
98.97820
99.42058
103.08466
112.27421
126.56559
8.00388
9.66886
17.09202
28.62111
29.83304
33.05864
41.09369
44.40964
53.41823
56.79340
66.55879
73.62689
82.34537
91.21457
105.88703
117.02943
118.13723
120.61586
124.31841
6.67081
7.53440
9.01486
11.60734
12.67630
13.54639
21.22851
34.41616
47.92274
67.44920
69.60929
82.31841
91.81478
90.22785
91.41131
94.40835
103.04153
103.17957
103.77551
8.68904
18.97022
19.78807
26.35157
33.81286
42.37336
45.68170
50.59808
67.15331
71.22928
82.93714
90.31578
97.93310
101.67272
108.05598
110.46813
114.76796
125.62773
124.26072
1.55971
38.04600
43.11279
54.75077
60.38041
69.83481
71.58191
74.44721
82.54788
92.91821
105.07487
107.86851
114.14469
115.56462
120.45299
121.40202
126.60321
130.05311
133.62080
2.80775
7.69338
17.06248
24.35698
30.06601
33.24257
49.66872
70.38161
74.83462
77.68476
82.26545
85.50184
88.92908
107.25960
113.42579
115.91697
120.71747
135.26431
135.71645
6.87847
9.55607
24.66645
37.16271
42.63039
50.67323
70.39262
88.41493
95.43714
97.42440
99.55822
100.47152
102.63674
104.51661
122.47300
123.38745
123.82665
124.87195
125.36462
9.85831
14.74708
25.22936
27.14112
33.53634
56.39360
63.23461
68.55548
68.85712
84.41730
95.85051
103.07059
113.31205
133.81520
137.03536
158.09663
160.39379
162.52827
167.01258
12.44119
15.97336
20.14469
29.09809
38.37730
46.68896
54.01665
52.19696
55.42708
57.59227
60.76350
72.41825
105.30209
111.86723
129.52730
131.99840
143.47234
150.76594
155.33128
12.45216
15.94051
38.86910
41.08070
45.34847
50.91748
50.97248
63.23504
67.62661
69.33072
74.49284
79.79822
80.79432
84.94941
92.75734
102.25835
86.69348
93.44181
103.97296
3.26871
18.07750
33.10558
42.86992
47.11876
47.65348
55.09471
60.34305
67.08095
70.21394
75.25910
77.19334
84.18379
88.62745
94.67206
98.00217
113.98445
118.52743
128.56731
4.63961
5.64271
14.50808
23.64829
32.36334
35.33475
37.66552
40.74502
46.76834
50.54116
53.92666
66.51255
66.75038
75.29403
81.68880
94.95558
94.86279
107.35665
119.12753
9.80192
15.84460
21.48496
35.38421
44.25960
53.34590
70.08637
70.70695
81.95495
85.43531
86.29816
88.87271
107.26401
112.69614
125.27060
127.52924
127.78640
136.03724
140.63260
7.82533
22.06853
42.76752
55.81271
58.84656
64.52586
81.28805
94.88563
106.47361
112.36950
119.05472
124.94828
131.00967
131.29442
136.47373
149.59594
156.53030
158.38740
174.44649
10.28798
25.47032
42.07719
68.84980
71.29647
77.91909
83.10445
104.44005
109.67477
120.69798
129.96951
132.84492
136.63295
144.75828
153.23049
157.58313
172.58867
197.27054
202.59681
5.92554
11.98210
17.99643
21.66794
40.17714
55.71640
60.75095
67.86897
74.14183
93.19852
102.92761
108.38884
115.05520
124.40621
126.28733
127.53806
131.80165
141.63914
141.68824
2.45678
8.82137
11.09924
16.69987
24.93034
35.35947
56.54738
61.31517
66.32822
77.31768
78.02093
84.55294
87.31412
90.06903
96.13317
111.25835
119.47917
123.50829
124.90142
11.57012
17.13547
21.52880
37.33962
43.53637
49.53643
56.32057
74.33402
82.06575
90.77630
94.08913
101.36109
108.78937
115.49636
123.56897
128.22802
132.58024
136.00663
137.73068
10.12127
17.76981
20.22243
27.01496
30.20425
49.50793
50.64682
54.33029
57.41435
64.29067
68.49050
69.99847
79.94092
94.01364
98.10623
106.95204
122.85224
127.76488
147.63373
16.34316
25.38207
37.04220
45.28452
47.52447
52.76943
55.94331
56.68330
66.49458
79.18463
97.83412
117.50433
118.00965
131.62453
140.52617
142.36416
145.12958
151.62451
155.72921
8.34061
9.78686
20.82048
21.25079
26.18754
27.96141
29.87081
40.25376
48.18873
50.53213
54.94971
79.27080
82.06043
88.93134
98.29444
115.99952
133.51949
141.34750
146.13647
14.45158
33.95119
48.41533
62.58985
67.11833
67.63863
86.43848
87.89237
107.42358
110.67976
114.11632
115.71453
118.53533
122.27657
127.26269
132.30427
136.49077
158.12178
158.93842
