3.35191
6.53566
15.78279
31.77872
35.19087
39.36438
43.96845
44.17213
42.43694
4.30724
6.65363
12.18263
22.53787
27.17144
30.11614
33.72449
33.73764
29.44294
10.10703
18.06420
21.12340
26.64877
29.10230
35.36684
35.81472
35.81348
35.86598
4.49913
10.35115
14.46200
19.83771
24.85461
28.39913
33.69977
33.88594
34.14306
2.63403
5.54300
10.56217
13.43684
17.73346
22.27765
26.87946
26.64326
26.78975
10.45690
13.64077
16.38754
21.00179
23.42589
31.99994
32.07963
30.60418
30.72637
0.94838
7.94819
15.17538
37.18116
47.27453
53.30144
74.73197
75.05134
75.15547
6.87035
10.33723
15.56434
14.91287
17.14592
20.88973
22.79613
22.79882
22.86670
7.45750
7.72810
19.31214
21.08967
