16.53312
16.93890
23.31632
43.60970
45.56783
49.66286
52.79037
59.72764
67.70611
89.17196
97.87584
109.07772
114.38946
3.33348
10.93597
16.40830
31.62355
46.34563
65.25568
80.38636
80.40954
83.23891
86.03900
86.42090
94.18260
104.08964
2.74410
10.98554
34.13900
39.08628
47.30796
49.33700
66.76607
68.52390
73.39217
75.97117
81.22662
96.06828
104.19709
2.72964
7.16472
11.99199
21.48877
27.31468
39.57944
47.75622
51.48247
59.02874
59.93065
64.09081
75.46164
85.18275
0.35478
12.48816
35.28012
37.43100
40.77095
54.21427
67.14054
75.84866
92.01619
93.32916
99.24819
102.76499
105.47862
2.50635
5.51531
19.27079
32.06355
41.84616
47.36255
64.82382
68.10545
71.21532
71.30824
77.27963
86.44482
93.13614
2.99421
6.85833
17.58684
22.21103
35.33699
41.10359
53.34876
67.47785
81.11485
86.31440
88.06438
102.60141
112.42197
12.05113
16.95488
53.73793
72.37664
87.96630
90.14593
100.38326
107.69714
119.47466
128.68268
128.67801
134.63134
136.60633
21.39102
37.24253
53.77202
58.89991
64.33099
74.01362
81.02902
83.48333
93.28882
112.37268
112.44115
127.45326
150.06095
13.27499
16.30236
23.87720
26.97839
31.93633
32.06369
39.98685
65.86078
89.78015
87.36033
93.16403
94.34560
103.71328
21.88723
35.67122
47.39446
55.89329
58.13927
60.71347
69.19999
89.94764
117.53501
124.32770
125.28479
128.20660
147.61352
6.60088
25.00210
30.64273
34.83076
38.32409
39.36856
41.37530
50.57278
56.49623
67.70711
70.66651
84.22217
87.92470
6.16082
36.96375
39.40805
47.88079
49.22713
49.22768
57.36700
69.30886
72.23042
73.82950
81.59109
83.50240
92.87968
5.58731
5.72431
16.37800
27.31315
34.07011
36.80907
39.23419
50.77030
56.02776
63.45424
72.61468
83.02305
87.62552
9.22328
24.94536
39.22437
39.33061
45.79269
52.35431
66.00952
69.63488
72.41538
78.73723
81.93363
86.89102
95.17171
1.00206
4.33296
9.52846
25.61235
30.36904
47.49806
53.83487
60.70666
79.59567
85.36503
85.54823
102.18407
107.79458
18.70328
23.04918
57.08382
69.28783
71.31296
76.33942
77.20456
79.08491
92.11135
105.04107
109.41698
110.32413
114.90978
7.20854
11.76755
21.94805
30.82939
34.14926
34.54743
39.57323
55.28464
60.06444
63.51003
68.93829
82.66786
89.03349
15.91086
18.59536
19.95484
26.94846
37.73285
40.56406
52.17237
67.98522
71.09860
89.08193
104.27169
114.50763
125.44433
8.03029
15.96147
32.98250
37.21690
37.99339
46.37981
55.35653
70.56669
76.94533
84.22666
85.85369
96.65370
97.14628
14.62980
19.45301
31.28649
46.25743
52.59873
52.60170
55.23665
64.42912
67.37980
68.97855
77.03056
78.05924
79.93004
8.44354
17.70099
24.43834
29.07409
34.46438
44.06516
48.44350
50.87699
55.47654
60.03940
75.66998
85.13000
91.51069
1.07754
7.97427
28.44804
34.82885
46.99971
52.28777
55.01146
57.76116
62.81239
68.08802
72.30029
78.11859
79.92267
7.30335
20.83603
34.01604
43.14456
44.52565
45.77117
55.12398
64.18377
74.04161
78.31240
79.60079
91.67066
95.21548
2.37200
3.90495
16.68742
22.66896
23.05714
36.38830
48.19932
55.32196
58.95001
63.16721
63.72341
66.61392
73.12536
5.25145
7.90087
13.63114
21.42192
28.21491
28.77274
39.69567
47.62843
57.74268
71.20754
74.52560
84.04162
84.84659
8.59243
15.70304
22.43397
30.02014
39.69208
52.68017
58.76747
65.55735
78.96716
82.09305
86.12939
92.08492
105.53283
5.98794
6.77831
9.55935
10.84827
22.71731
30.52463
50.81557
55.22547
60.51884
65.06213
78.03182
84.55185
92.13914
7.13062
44.23185
51.20423
55.07150
61.89892
68.76753
73.96505
75.88926
89.19454
96.09462
109.51349
117.85661
125.67024
3.75093
6.58729
12.03543
22.59045
23.21078
38.15992
45.58876
59.79311
61.15184
64.45024
79.80562
90.98326
112.03342
12.41023
20.90996
38.99260
40.45570
45.00538
53.44041
63.70404
80.82518
83.78895
98.46297
107.28004
113.81820
131.13631
0.84714
11.22537
15.93142
15.55417
41.33486
49.06591
51.81490
57.23330
61.15589
63.81126
66.19167
66.83285
91.72476
4.38942
15.05625
15.68142
25.84734
32.31319
56.19780
67.37153
68.44531
82.66750
84.06102
85.25641
87.15238
89.86360
7.60306
20.24621
26.06475
51.65601
63.64029
71.33902
90.48632
92.28406
93.17415
93.72999
97.08564
102.19283
132.96524
6.65770
14.83313
25.39526
25.70209
48.97686
53.69284
59.90352
68.45774
78.23883
77.10971
88.19319
97.80997
116.67002
0.35626
9.15914
14.41743
15.31192
28.30717
35.87169
46.97733
49.14805
56.87893
60.25545
62.60988
69.05813
85.84530
10.81203
26.63366
43.68387
50.35544
66.68129
67.89815
74.97818
84.51877
91.16943
102.46530
102.15562
106.73103
116.93636
8.40129
27.85244
34.26187
41.93892
57.57682
58.06532
59.09564
63.24956
66.44924
70.20152
70.78847
92.51814
101.76869
6.19006
13.47775
19.89548
37.56560
41.12214
51.88916
61.14143
67.54112
85.24013
83.58502
85.18788
86.05944
112.08757
4.26126
6.07506
12.74505
29.19165
52.59676
74.90583
92.09071
99.48079
122.17826
148.18374
153.29463
154.40340
159.98346
23.37094
39.67472
44.78096
46.06751
46.38284
49.08851
51.28072
57.11215
60.90211
64.85080
76.60682
80.88275
90.69651
11.35639
12.89004
28.21342
33.62106
36.84572
38.70343
46.71898
55.57737
69.55281
77.49089
86.10810
95.47679
101.89442
7.28479
12.88849
28.59095
32.22492
48.03734
67.56315
68.22579
72.56043
86.91707
87.49483
88.50211
105.97727
106.71733
9.34958
22.72270
28.65964
28.87647
39.11483
38.92160
41.72785
49.83157
56.37303
59.23839
63.20606
68.60061
77.74858
5.85018
24.01287
26.62422
28.46131
47.99371
50.26826
58.75459
66.77029
72.62082
75.15765
75.04417
77.31491
84.11210
0.41215
7.33678
8.25868
20.51065
31.84083
37.50384
53.46713
54.13388
70.37402
71.68147
81.65618
86.66095
95.85836
9.52228
16.06846
23.30046
32.13686
38.23405
68.15687
71.94609
88.05877
92.76141
93.51442
100.01984
100.27926
104.88699
3.70311
16.69140
20.15549
25.78247
40.23821
44.51927
57.33097
69.35494
71.64408
69.93622
77.06255
80.83630
89.30444
12.17726
18.52180
34.08705
43.01353
45.30611
47.53283
58.62056
65.37670
80.52473
93.64610
97.92788
101.34937
102.18582
15.66277
19.81964
36.85739
44.63871
47.95568
50.94299
56.15616
64.14356
75.08404
75.34322
85.29564
90.12442
101.29777
