4.77511
9.70912
23.17352
32.75384
48.68252
50.88531
51.02916
6.29339
21.91292
22.95582
26.59281
34.61267
42.32628
42.39379
1.61439
2.55891
4.12900
13.19386
14.72926
21.29951
21.59431
17.86610
24.38147
28.84055
29.39765
40.96970
49.17037
49.24978
3.53583
7.17185
9.26711
14.20774
23.36027
38.39540
38.54482
8.96529
16.48777
20.49162
33.55275
34.98736
48.10454
48.28055
3.75977
6.38040
13.63821
21.30252
36.85000
40.23482
40.51248
1.91279
10.79923
11.57913
13.71514
14.15087
16.88519
17.48422
2.00420
5.04882
9.17422
13.54211
14.03233
17.57404
17.75958
5.72092
8.97653
10.51297
12.10844
15.86944
21.65420
21.69895
12.67666
14.55478
30.89879
36.62785
44.24956
46.94762
47.20769
16.24275
27.66061
36.58863
41.62548
49.01346
50.44974
50.66522
1.70112
4.08939
13.51886
20.76846
39.33773
42.82885
43.20838
1.99627
4.74721
6.23271
9.22853
12.59293
18.48110
18.49760
3.28454
8.03904
8.25825
8.74198
11.60462
20.84128
20.99674
8.60879
16.04578
24.37365
27.48861
47.15696
48.83640
49.01773
3.97755
6.69149
7.31304
10.19651
11.15864
22.24968
22.47315
3.97481
13.43854
17.93828
31.89651
40.51975
45.08277
45.18877
0.16974
5.73558
20.64378
29.02988
35.21006
45.24682
45.31421
4.35828
8.80532
18.96485
24.03486
25.89026
33.32573
33.51166
4.54154
12.59700
16.67933
23.16542
24.38064
26.48501
26.65714
1.05482
4.11697
15.51823
17.45607
25.79578
27.69056
27.83890
6.26329
10.97049
13.80155
23.68055
28.38847
30.53953
30.63588
7.16956
11.67513
17.50632
22.70230
27.60577
36.33638
36.54856
2.15025
15.09198
17.91803
22.70895
33.21719
37.90445
38.26705
20.57321
26.35325
36.62698
41.02403
47.26546
49.70986
49.78827
2.96841
6.10609
10.11025
13.53205
20.93651
23.23142
23.34488
3.67646
5.42334
10.90785
14.63814
16.57799
21.77958
22.06189
2.40813
6.90767
7.46813
9.68233
9.86279
10.34530
10.48763
5.01152
7.21482
8.02839
12.11308
15.34085
17.97831
18.09018
0.94621
9.43146
12.51205
20.70675
23.76197
30.38093
31.04155
5.67224
9.66807
12.24123
15.99177
24.69528
26.32577
26.43625
8.00511
9.51593
11.38430
18.62405
19.98748
22.26734
22.40803
18.63038
20.13180
21.71147
22.69006
26.04350
26.29751
26.59003
10.68214
12.09761
18.08207
20.10670
25.92176
29.15424
29.24338
7.56225
14.41339
16.08811
19.41659
26.13387
27.62233
27.69957
7.11136
7.24438
12.13248
14.36556
22.55909
26.94278
27.30188
3.57687
5.46134
10.95266
21.77250
28.36662
30.51317
30.57365
1.67238
23.06826
29.84595
31.37341
33.70847
35.75727
35.84627
2.36521
2.93768
13.65690
13.95355
26.48141
26.94052
27.16724
8.86943
13.58265
17.47780
27.23999
34.31414
34.70103
34.88152
11.36750
29.21083
30.93395
44.65139
54.60491
61.39973
61.64181
2.83725
7.69520
17.08971
18.78057
22.52286
29.54573
29.83866
4.19829
5.21360
9.91689
11.99793
16.25961
16.63583
17.07693
2.02877
8.84909
10.30138
10.95522
29.43653
32.21464
32.42162
8.01625
12.47486
28.79653
38.69170
38.95953
42.65678
42.82276
2.87422
14.70845
23.10684
29.10911
37.06344
42.60610
42.65967
3.69658
7.07408
7.85956
18.99476
26.95711
28.41722
28.61912
9.20587
12.28744
25.47917
37.69224
39.29657
40.59812
40.71855
1.09378
3.96767
6.21989
8.59209
12.33025
14.15125
14.26965
11.38654
19.41494
28.13741
37.60321
45.11538
51.36811
51.37137
1.81496
2.23863
5.09781
5.86168
19.45335
22.37285
22.42747
9.01933
15.67552
16.22079
17.17076
22.96132
33.46225
33.52402
23.93836
35.01436
37.13344
40.85088
43.17304
46.10221
46.22260
8.31244
9.53191
13.79009
23.84385
36.30062
40.78428
40.94928
2.77001
9.46702
13.66627
14.29490
19.80425
24.11251
24.23563
2.18788
9.34891
30.49486
33.48918
44.02868
45.99729
46.03216
15.24894
27.30374
31.86501
47.61188
47.87514
54.73936
54.80264
4.97770
11.58898
20.06355
21.38938
23.48719
24.82160
24.96238
1.82918
3.16455
4.27373
6.37749
16.41290
19.14210
19.43653
3.83572
14.17010
25.38769
29.40574
35.20784
37.69435
37.75039
4.99693
10.00745
12.44788
17.87509
18.58687
26.11141
26.25811
2.98075
6.39361
12.38537
19.14584
28.67317
35.10394
35.23850
0.48959
2.15908
3.51204
12.57639
16.79884
27.23111
27.31007
11.69852
21.06724
29.44311
41.60202
45.10267
60.94556
60.95964
7.95805
11.11616
19.32919
21.94759
30.78284
37.93950
38.25347
12.85369
17.61147
19.87893
23.40374
26.76153
37.22857
37.26994
6.27402
11.29941
11.79292
40.19320
41.67834
45.94931
45.97832
3.97225
13.81572
26.18951
27.44259
32.48314
38.18422
38.23490
17.22712
25.20658
36.96310
37.24192
38.80239
46.56462
46.73814
3.34802
7.85064
9.52792
23.85339
27.10795
28.62912
29.07132
4.75858
11.65002
13.75984
26.93267
28.85521
37.04449
37.18915
2.99295
5.12403
9.33234
15.09594
21.20747
23.93138
24.05192
9.13423
21.74400
22.07297
29.52649
32.49745
39.66120
39.66436
0.36292
18.53818
21.37581
26.58558
28.33781
31.13401
31.29731
13.03802
13.93565
27.98458
38.51334
44.68893
48.06812
48.37320
4.89633
7.47882
13.22628
22.00455
24.61538
29.04083
29.34920
3.92668
8.81812
13.90731
23.12500
26.34321
35.23660
35.48642
6.55897
16.66194
21.77785
24.49174
29.00087
29.64535
29.76113
5.09866
6.22868
11.58904
20.39300
26.32079
29.48611
29.69710
1.14217
4.73040
8.37114
10.49292
15.52898
21.36326
21.84813
1.65847
5.07587
12.12207
16.04550
22.07913
25.76653
26.03445
6.05625
6.88879
23.56915
31.79482
36.53798
66.95476
67.04140
2.06207
6.84394
15.25799
23.72353
35.00391
42.72396
42.79021
0.80564
3.07003
10.12706
13.37738
14.24128
18.04038
18.05677
14.01373
19.23121
22.33976
24.27422
29.78550
34.95880
35.34715
0.61979
5.19678
6.46282
7.87130
9.91419
11.58326
12.22600
2.44484
5.51241
8.77459
9.73996
21.65185
46.63382
46.68035
5.75248
12.81427
17.08985
21.24973
29.14201
35.92926
36.02895
7.78161
14.90855
19.94659
30.63282
37.28129
40.35788
40.51201
14.09969
18.21271
21.37202
33.81062
56.66042
77.99487
78.08271
2.48762
14.34321
23.42388
24.75862
30.55861
38.13940
38.35078
2.75485
2.87005
5.18342
18.89821
20.28572
25.08594
25.45320
3.79015
10.03075
18.89315
27.44740
29.77014
34.94619
35.13988
5.67153
7.76731
9.95597
11.85891
12.22406
16.74739
16.91707
5.56302
9.32449
14.92540
17.14256
24.13181
27.59308
27.77663
10.51549
10.68673
16.77409
26.86292
27.36288
32.47288
32.47772
5.71680
16.80103
18.90492
23.81489
27.97223
45.09097
45.09098
4.83595
5.85420
11.76289
27.92543
30.86877
32.26365
32.50246
0.35621
5.67396
6.84063
11.10006
25.17113
36.27045
36.44811
