21.11324
29.63809
36.22856
44.90664
69.78013
74.40244
76.05275
76.35893
76.82029
77.56852
78.29734
77.73959
78.06308
78.10457
78.61309
79.40121
79.72505
21.02136
31.78175
64.41758
81.83855
90.28139
93.97893
135.62476
136.12339
136.75839
136.95943
137.23145
137.51561
137.76447
138.50823
139.40266
140.32114
140.74406
8.80767
20.46679
59.14553
81.36592
83.20440
91.88182
118.78903
119.24096
119.55196
119.69330
119.96964
120.48273
121.29290
121.80733
122.16881
122.46245
121.92397
6.65577
14.74153
51.07143
61.05844
62.99644
66.06695
114.93157
115.35881
115.84102
115.99317
116.93277
117.22443
117.41443
117.86644
118.10478
118.37659
118.61716
14.50851
18.19856
24.70084
43.57744
47.67986
51.50844
62.44170
62.66700
63.99623
64.51175
64.81262
65.24964
65.41564
66.07581
66.58168
66.84671
63.94581
3.41336
27.72344
40.20921
84.06398
94.18966
95.69947
109.57653
110.00924
110.55055
110.75241
111.12799
109.01209
108.41777
108.90458
109.42898
109.94239
110.43845
21.89779
40.58163
47.62409
54.99022
86.79319
109.55235
135.77038
135.86987
135.96931
136.40493
137.46487
137.68263
138.58511
139.34074
139.48387
139.98776
140.06081
52.85007
83.92002
91.63681
95.31407
105.84408
141.31579
144.62105
145.33998
142.51704
142.55008
143.10699
143.83012
144.29858
145.19642
145.44220
145.68219
145.75978
3.50099
13.86654
32.79374
45.47490
72.98115
77.81908
92.54286
93.24742
93.59213
93.95175
94.42558
94.51218
94.75713
94.79694
96.02809
96.41935
97.10210
16.30044
19.87787
31.45773
43.86554
58.71776
61.51891
72.81971
73.86739
71.21778
71.46863
71.94467
67.28433
67.46308
67.72239
68.39022
69.13425
70.43250
4.10664
15.85944
23.71604
