11.84402
14.93503
24.47597
27.42056
44.00535
52.96654
59.96797
74.34314
76.23481
77.57257
78.96358
82.69190
85.01611
89.09687
92.49143
99.33120
102.87877
122.32274
127.32308
9.29458
18.64070
20.86622
22.60517
36.98987
47.75229
48.07132
54.18604
77.98688
78.99715
86.68127
92.17463
94.11150
99.40362
100.53060
103.78919
113.96501
113.57097
115.41160
13.73365
20.67585
23.63496
30.52952
37.34311
46.07715
52.59744
55.79731
68.46613
82.96869
86.65802
98.80761
106.36226
119.50894
122.22877
126.65567
134.89339
140.71810
158.50698
3.42568
9.92842
20.13768
30.35490
34.50570
43.71611
45.19404
47.65036
52.34265
65.17026
70.19457
73.71337
76.57588
78.50949
81.99494
86.74655
89.69484
103.86821
115.61788
1.04968
12.53174
17.37859
28.29730
29.43138
39.09690
60.46930
67.77135
79.23994
82.52040
83.91562
91.79177
94.08999
112.32602
114.39002
123.60031
145.51929
146.23907
151.99756
6.40730
13.16651
21.90598
24.56713
42.51292
45.63637
48.32472
50.14902
56.69903
62.13131
66.10271
68.62865
76.61722
77.45627
90.06316
97.15763
105.17754
108.16153
107.86371
5.40009
7.15551
16.35421
27.49445
46.99823
48.46417
59.86146
62.07086
64.96247
70.42574
76.90709
79.00007
80.73638
81.44574
83.82674
89.44526
100.01974
103.60977
106.08258
13.30417
14.66746
14.92265
28.73091
34.35208
36.43713
43.37158
52.97957
65.45913
75.40917
83.47661
102.98773
105.78052
111.84507
113.56619
120.36314
133.04281
136.30329
148.44331
7.21995
39.50762
63.93781
68.93685
77.16309
90.50313
90.80980
93.02166
111.23602
121.94436
139.46112
140.57721
144.55669
149.46559
159.36736
169.64512
180.65275
181.92873
183.92120
8.49932
19.39731
22.26635
22.08837
23.36522
34.45005
50.24629
61.92001
70.33651
80.95829
85.18514
102.43672
104.74592
106.27127
112.56129
121.22771
126.12408
146.59735
150.14548
19.90066
26.26985
27.99572
29.69089
31.38042
45.09315
48.76454
62.56622
71.81341
73.91045
80.95954
85.78345
92.23766
111.30070
111.48983
126.51390
131.72183
137.10196
137.14240
6.30513
9.52220
13.51032
13.75658
18.82355
19.32235
23.42051
42.88028
54.11376
56.80702
65.06801
80.29709
88.74947
91.39316
