26.74153
27.06081
27.29201
28.17553
28.82827
28.87145
28.99751
29.00880
30.80290
31.82554
32.02399
32.06000
33.42075
35.48185
36.18434
36.77608
36.87944
52.46803
53.34668
53.38035
54.01443
54.14709
54.72941
54.91915
56.23289
57.93861
58.25003
58.35542
59.83997
62.43487
64.21957
64.92807
65.17446
65.22420
27.95718
28.63923
28.85215
29.03672
29.75193
30.56329
31.59434
32.89745
33.28251
33.77238
34.11376
34.13754
36.64823
37.25496
38.14272
38.60658
38.60659
4.73268
4.91841
5.23287
5.64586
6.58086
6.92857
8.72007
9.68737
9.87134
10.35978
10.56644
10.83040
13.88429
14.62124
17.48227
18.29784
18.54837
18.95486
19.66743
20.92423
21.50246
21.77405
22.09394
22.12949
23.46781
24.60338
25.12301
25.82838
26.24958
26.44618
26.80491
28.59274
30.19895
30.21363
75.95426
76.34665
76.58410
76.97469
78.13914
78.76454
80.69394
81.46533
81.62918
81.94558
82.85961
83.86390
84.05450
85.29473
86.07592
86.32600
86.51025
12.41090
12.76977
12.79978
13.19200
13.25596
13.47635
15.01393
16.17221
16.17221
16.45751
17.20500
17.47303
19.91655
20.20252
20.93859
21.10019
22.23401
0.30031
0.53135
0.95009
0.95421
1.15020
2.07608
2.19483
2.22710
2.40842
2.79342
4.25249
4.76190
5.36606
5.82947
5.94136
7.06013
7.17575
13.40926
13.97759
15.39077
15.41472
16.11809
18.34665
18.44788
18.87627
20.96187
21.01429
22.38962
24.25913
24.43158
24.81330
25.47076
26.60427
27.50314
15.93592
16.01555
16.36865
16.49924
17.84193
17.84196
17.86215
17.90584
18.06847
18.47670
19.48775
19.67421
20.87164
21.39915
21.79170
22.84302
23.28436
36.48784
37.27622
37.81189
39.18627
39.90249
40.17868
40.21616
40.22875
41.41531
42.14690
42.99485
43.14285
44.35896
44.66591
44.96351
45.28084
45.91781
41.28987
42.66676
43.53519
43.89414
43.89427
44.57477
44.90270
46.73125
47.41663
47.88159
48.47957
49.45866
49.72234
49.95875
50.73639
50.98645
52.60753
48.16428
48.35425
48.66913
49.04728
49.13641
49.77161
51.94359
52.41750
53.17548
53.75951
54.38368
54.72912
54.95545
55.01005
56.42862
58.75986
59.78046
38.48980
38.79078
39.22016
39.54411
39.98571
40.34194
41.57328
41.95337
42.60923
43.56993
45.92222
46.57601
47.61458
47.80528
48.29590
51.25904
51.42865
3.38660
3.43070
3.43196
3.98098
4.54417
5.29952
5.86781
6.08569
6.11131
6.90132
8.09304
8.47229
9.38669
10.01805
10.21535
11.69019
12.16301
5.73076
6.06856
7.04389
7.97531
9.09879
10.43778
12.46876
12.62160
13.10419
14.50080
15.48083
15.59641
16.10077
17.85431
18.67148
19.79004
19.87962
159.86853
160.54952
161.55160
162.04700
162.12983
162.16620
163.78913
164.02423
164.56100
164.85135
164.89733
166.99997
169.21860
169.84244
170.37634
170.67185
171.18601
1.64209
1.89360
2.15478
2.18129
3.50831
4.17046
5.07818
5.17175
5.38847
5.64091
6.10575
6.13679
7.08823
7.69178
7.78371
8.18816
8.93440
72.22079
72.51010
73.02499
73.08304
74.16912
74.30438
74.39920
75.01892
75.22386
76.60008
78.03856
79.27359
80.88290
81.39972
82.26241
82.85938
83.23757
72.86054
74.52730
75.11808
76.08249
76.51080
77.77333
78.36606
79.32870
79.71581
79.84839
80.27541
81.18138
82.61371
83.21473
83.72518
84.13052
84.57256
13.34110
13.67072
14.28845
14.49747
16.43982
16.49595
16.53855
16.66619
17.28722
17.31641
17.33644
18.41161
18.44539
18.80697
19.30295
19.87186
21.51877
15.07444
16.17356
16.62480
16.90642
18.38732
20.48065
20.71558
21.28540
22.56210
23.01623
23.01755
23.42182
23.66109
24.52196
25.16667
27.64226
29.58189
26.96319
27.17520
27.32584
27.51604
28.75714
28.95364
30.03788
31.02792
31.18775
32.97471
33.61144
35.65714
35.75371
36.42475
37.11718
37.76876
38.59305
15.45072
16.09799
17.43010
18.33685
18.38030
19.04639
20.41969
20.72558
20.92797
21.08113
21.44578
22.17992
23.56201
24.01796
24.01881
25.10971
25.55695
1.99201
2.74145
2.83047
3.04687
3.41183
3.47400
3.78992
4.49844
6.33721
6.98803
7.78517
8.78137
9.10394
10.12024
11.38950
11.83718
11.85173
19.06780
19.88436
19.88973
21.46385
22.64712
26.56071
27.01955
28.80621
29.81340
30.65115
31.09582
32.07145
32.19084
34.13274
34.90920
34.91222
35.16045
18.19932
18.63879
18.70264
19.16057
19.45202
19.70524
20.70614
20.81133
21.24824
21.33881
22.06447
22.33165
22.87470
23.43922
24.73358
25.10938
25.60022
7.40927
7.61681
7.88120
10.08732
10.40258
11.62390
12.88529
13.67134
13.83658
17.30786
18.20782
18.91964
20.63594
21.44930
23.00750
23.08884
24.54907
10.56478
11.88520
11.88787
11.94741
12.48473
12.70728
12.97952
14.01490
14.45852
14.90366
16.20487
16.31919
16.58260
17.18083
19.20243
19.49470
20.70433
41.27145
41.51117
41.77529
43.12547
44.04981
44.57287
44.95944
45.14368
45.36997
47.03753
48.28795
48.31373
48.66034
49.82556
52.25081
52.47477
53.10060
16.01796
17.67898
20.46323
20.80996
20.89494
21.11465
21.33089
21.80872
22.36802
22.74482
22.85104
24.31799
24.39153
25.01645
26.67287
27.29932
27.84494
38.12485
38.64014
40.25127
41.49092
42.52283
43.01977
43.16179
44.06711
44.79951
45.10574
46.70396
46.87877
47.72371
48.05170
48.36077
49.39421
49.98554
6.61990
6.79125
6.99753
7.26226
7.98992
9.15968
9.65107
11.23842
11.69791
12.10114
12.22041
12.86103
13.72346
15.39126
15.39391
15.40155
15.58213
2.54828
2.70412
3.69797
3.77598
4.57416
5.30449
5.60069
5.75992
6.25033
7.61187
8.35608
8.36305
8.75668
11.15116
11.38185
11.38211
11.87190
1.05165
1.34500
1.69474
2.00060
2.04998
2.10128
2.10410
2.29604
2.80184
3.38164
3.45877
4.51822
5.94986
6.59946
8.05273
8.05373
8.09322
8.71780
8.95120
10.54457
11.57927
11.87912
11.88010
13.55516
13.84364
14.22615
16.80925
17.55917
17.59277
18.26443
18.52363
20.39770
21.62933
21.72358
7.58348
8.01801
8.78911
9.09195
9.42566
10.96972
13.21200
13.78089
16.77949
17.13010
18.01466
18.84663
18.97162
19.12412
19.34215
19.55942
19.66887
0.82830
2.11857
3.10573
3.87213
4.27760
6.20503
7.65363
8.68715
8.70020
8.84278
10.09565
10.31419
10.72531
11.98180
12.66428
14.12027
14.68941
27.53567
29.48590
30.36154
32.29849
33.88671
35.58761
36.38920
36.93809
37.25034
37.37446
37.62594
37.76753
38.31149
39.52116
39.96933
40.68734
41.36258
35.72583
37.65634
37.66122
38.43601
38.49608
39.21720
41.22696
41.48736
42.06833
42.37091
43.01819
43.90414
44.35688
44.85481
45.63378
45.74193
46.44787
6.15133
6.27763
6.30572
6.39717
7.06928
8.13707
9.06975
10.13656
10.73338
10.93481
11.20604
12.51448
13.08196
14.25720
14.59466
16.03779
16.38305
0.19444
0.48129
0.84679
0.87928
1.86496
2.22651
2.22667
2.90387
3.24330
3.72419
4.95281
5.69192
6.18264
6.33868
6.82936
8.21872
9.41932
33.30998
34.75350
35.03907
35.19553
35.44423
36.38948
38.05843
38.44170
39.41923
40.03488
41.11585
41.26490
42.19199
42.45766
42.99796
44.00667
44.49835
9.25939
9.73393
9.76150
11.76001
13.17904
14.28627
14.50327
14.94858
15.12056
16.70357
17.07921
17.59681
19.34550
20.39800
20.87362
21.88486
22.05874
9.31436
9.94792
10.05227
10.08309
11.05676
13.22005
13.41511
13.45448
14.49986
15.46772
16.08200
16.74346
16.81997
17.53800
17.54321
18.43144
19.27691
11.26203
11.48621
11.91369
12.65224
13.34544
13.43043
13.43080
13.92242
14.66783
14.90520
14.93846
15.67662
15.73196
16.81572
18.63208
18.90989
19.60488
22.75166
22.96830
23.63201
24.10401
24.82077
26.05580
26.09056
27.67162
28.58605
29.43095
29.50024
29.56676
30.08629
31.89703
32.41383
33.51056
34.10524
13.74818
14.59249
14.69541
15.60537
16.92819
17.15728
17.77526
17.87583
18.24889
18.35301
19.51059
19.82322
20.21037
21.06007
21.11375
21.69240
22.31229
3.88646
4.41133
5.30284
5.49152
5.85677
6.63650
7.35449
8.05272
10.26417
10.78347
11.42921
11.52340
12.47674
12.62035
12.83287
15.38124
15.47329
9.02781
9.31487
10.56460
11.03232
11.09651
11.78644
14.12946
16.03338
17.10909
18.03889
18.56650
19.71186
21.17163
22.64551
23.30432
25.26788
26.01919
9.69053
9.89274
10.30798
10.50776
11.28502
13.76055
14.03363
14.81338
16.16135
18.37988
18.44020
19.51884
20.62661
20.65558
21.93476
22.78449
22.91721
2.86694
4.91420
5.11617
5.59580
6.64626
6.95135
8.43090
8.79917
10.64704
10.99419
12.73560
13.03510
13.89866
14.23704
14.85102
16.29308
16.77308
6.11719
10.18344
11.77512
11.77524
11.99695
13.07452
13.39830
13.59893
14.24886
15.07346
15.09262
15.41135
15.47409
17.14280
17.65559
18.74564
19.71195
44.00794
44.65953
45.01195
45.04399
45.18350
46.21140
46.64171
47.07654
48.18401
50.14445
50.59066
51.24415
51.76353
52.68557
53.09613
53.67198
54.30929
7.89801
9.44975
9.47955
11.16416
11.56063
13.35102
14.69992
14.87432
15.03595
17.00747
19.92078
20.81608
20.97135
21.71994
23.28774
23.31703
24.95742
84.40967
84.51498
84.84869
85.69060
86.84984
86.85182
87.93710
87.93717
88.42656
90.55963
90.63310
91.08965
92.38230
92.50784
92.62723
94.17822
94.79049
87.40638
88.23688
88.71236
90.12060
90.25076
91.28705
92.01292
93.24709
93.45103
93.62486
94.59945
95.42039
96.81805
97.32772
98.04021
98.75158
99.43443
24.84620
25.67582
26.13966
26.35533
27.64708
27.65754
28.09489
28.53397
28.80669
29.73172
30.46045
30.97561
31.50261
32.65130
33.49256
34.02135
35.72743
1.03865
2.06558
2.14955
2.20007
3.16707
3.31758
3.75762
3.80792
4.67597
5.22299
5.33478
5.90436
6.81601
7.18659
7.26335
7.90097
8.56268
55.63751
56.97987
57.49369
57.95633
58.40284
59.00387
61.50971
63.63366
63.77236
64.30570
65.40846
66.28745
66.54365
67.39867
68.99796
70.85981
71.73772
139.36081
142.07115
142.07308
142.22910
143.80190
143.84651
144.29844
144.33810
146.16977
147.03207
147.43020
148.28261
148.28745
148.32371
148.65414
149.70614
150.05855
51.00321
51.31958
51.98791
52.55674
53.33744
53.65490
53.83362
54.02980
54.16338
55.56639
55.97415
56.81050
57.04057
57.36950
58.57442
59.08133
59.45025
18.35892
18.82149
20.76638
21.50979
22.81404
23.54367
23.74292
23.75250
24.04949
24.06450
25.18002
26.57614
26.71071
28.07990
29.11052
29.41851
29.82591
13.90631
15.12924
15.47013
15.92501
16.64022
17.06162
20.18649
20.27583
21.05953
21.97427
22.70304
23.52451
25.64444
25.74589
25.81098
26.12413
26.25983
7.77576
8.57360
9.84410
11.31518
11.33984
12.50619
13.14805
14.49342
14.53965
15.20145
15.61265
15.84804
16.22050
16.32906
16.60926
16.72557
17.83899
40.08521
40.16974
40.69972
41.42705
42.25479
42.52924
42.96988
43.17415
43.39200
44.67571
45.16831
45.49386
46.09660
47.03282
48.22441
49.75209
51.01945
133.91041
135.60815
135.88933
136.02000
136.39946
136.89812
138.33328
139.60195
140.25148
140.76348
141.61921
144.91578
145.21238
146.11862
148.02045
148.64107
148.75150
1.58721
3.00851
3.42996
4.00211
4.17582
4.58984
5.43921
7.84542
8.28774
8.35694
8.83875
8.96839
9.38867
9.83215
9.95754
11.28566
12.84688
5.86361
6.28599
6.94812
7.35324
7.82204
7.82204
8.14058
9.34921
10.59308
13.29637
14.68723
15.27818
15.50404
16.72964
17.45811
17.94259
18.18513
58.76925
58.83452
58.83987
59.04531
59.57998
59.70077
62.00736
63.03567
63.23940
64.39643
65.24751
65.93829
67.28364
67.83174
69.40205
70.06658
71.35147
12.25713
12.53824
14.06080
14.30375
14.77328
17.43061
18.83498
19.77851
19.90719
20.80681
21.22340
22.54274
22.98066
23.72642
24.05840
24.45995
24.54623
78.25643
78.30344
78.63870
79.44918
80.09360
80.74961
81.10778
81.63535
82.57848
83.54675
84.34044
84.96742
85.97116
86.27975
86.37541
86.40551
86.49144
63.02464
63.05485
63.88806
64.46269
66.09852
66.39120
66.41936
67.94390
68.12109
70.41052
70.49316
72.33158
72.99109
74.63732
76.51084
76.56529
77.08431
31.18360
32.39652
34.61623
34.89877
36.05583
36.70479
37.20506
38.15504
39.32924
39.48358
39.69787
39.73205
39.73245
40.93463
41.39201
42.20478
42.63256
83.59216
84.77038
85.12714
85.33107
85.81723
87.73061
89.25269
90.08881
91.07403
93.35409
93.60551
94.12585
94.26040
94.92323
95.57752
95.95343
97.60088
45.11807
45.60427
46.72183
47.26110
47.26174
48.86444
50.31796
50.68141
52.96588
54.00038
54.85409
57.42925
57.57275
58.68051
59.88304
60.52516
61.38978
31.93905
32.08890
34.64425
34.88706
35.41577
35.73847
37.06521
37.29593
37.72221
39.58462
40.91496
41.59724
41.87560
42.67003
43.15987
44.08299
44.34988
59.17863
60.62610
61.41668
62.32476
62.47311
62.70055
63.41849
64.10457
64.30861
65.40567
68.07348
69.40256
70.04256
72.13390
72.42257
73.48901
73.92771
24.53995
24.75993
25.48234
26.02368
26.86057
28.57342
28.74780
29.88764
31.15141
31.31145
31.65181
32.58456
34.18184
35.14960
37.98189
40.34116
41.27045
16.30938
16.84868
18.13654
18.28193
18.54996
18.93242
19.48335
20.12212
22.20703
22.34816
23.17378
23.99641
26.13561
27.11357
27.23750
27.87911
28.39777
61.27624
62.33251
62.93224
62.93492
63.11826
65.54835
67.14022
67.33668
68.79678
68.98110
69.07269
70.00185
70.02499
70.17346
70.58562
73.39800
74.50397
8.90338
8.94126
9.32525
9.59653
11.35505
11.61383
11.77538
11.81048
12.07507
13.75643
13.76961
14.06696
15.28952
17.17171
18.69882
19.35140
19.82975
43.82848
45.34607
46.71364
46.74968
47.34403
47.47812
47.47841
47.73120
47.93633
48.51565
48.75920
49.27015
50.00291
51.20858
52.22578
52.61522
52.86581
1.91728
3.77872
4.26522
5.22266
5.23972
5.72180
5.82557
6.06113
7.46859
7.97579
8.02156
8.21904
8.97279
9.21785
10.04695
10.09538
12.69952
24.42329
24.50010
24.98100
25.26939
25.27594
25.37832
25.44543
26.97383
28.75567
30.37990
30.67335
30.67335
31.17259
31.20627
32.57500
34.03542
34.81305
34.14369
34.18200
34.38401
35.44849
36.51964
36.83641
38.77004
41.44535
42.04193
43.42320
43.57708
45.02570
45.77294
45.87106
46.32427
47.41714
47.69626
31.36889
31.40041
32.31424
33.09671
33.77096
33.77361
33.88646
35.68591
35.99063
36.22911
37.22636
37.69664
37.85714
37.96980
38.38970
38.44081
38.68042
81.33647
81.52398
83.60601
83.85468
84.60505
85.31213
85.61201
85.73453
85.93491
86.99062
87.12666
87.44634
88.57386
90.92308
91.35896
92.84949
93.29534
2.73473
3.07217
3.46015
4.00486
4.01134
4.20804
4.84334
5.05999
6.61228
7.69825
7.98487
9.45757
9.87974
10.75760
11.19073
12.25420
13.45307
3.95310
4.11810
4.85145
4.86787
5.19218
5.55112
5.86226
5.89197
5.93734
6.50997
8.14891
8.42090
9.62958
10.41447
10.90378
11.10023
11.22786
18.28054
18.97096
20.16271
20.50588
20.98939
21.34686
23.63500
24.06605
24.06956
24.09407
24.12147
24.30482
24.54808
25.23826
25.79023
25.91844
26.38562
18.94734
19.97990
20.40355
20.57731
20.94794
22.21599
25.34500
26.00512
27.88487
28.01537
28.86973
29.98230
30.24855
31.47325
31.78208
32.02010
32.57406
38.40829
38.64139
38.87993
39.46162
39.78096
40.47688
42.24431
42.70937
43.27591
44.34269
45.39834
45.95393
46.12699
46.12735
47.30114
47.65528
48.23405
59.80733
60.04498
60.64175
62.19847
62.30193
62.61634
62.80331
63.30371
65.02061
68.15470
68.91861
70.11933
70.72960
72.65531
72.91287
73.97139
75.68386
5.26230
5.47721
6.01055
6.22666
6.32964
6.81103
7.20825
7.20865
9.16724
9.20416
9.58607
9.63682
9.83546
9.95833
10.16641
11.11417
11.54975
5.10827
5.88163
5.99076
8.24035
8.33047
9.06474
9.24824
10.03983
10.83877
11.00485
13.04006
13.63629
14.32723
15.30612
16.44798
16.69762
16.70448
26.09127
26.28915
27.43176
28.70464
29.89478
30.20619
30.27467
30.36886
30.38897
30.97815
31.51619
31.87618
32.27294
34.07720
35.65690
35.76709
37.16999
9.27151
9.55296
9.76169
10.00066
10.24497
11.00148
12.92499
13.54166
13.84665
14.08105
14.19488
14.70659
16.60923
17.89963
18.38651
18.88346
20.64362
31.52263
33.78403
34.15978
34.73146
36.53393
37.32998
37.66998
39.12936
39.68773
41.09338
41.63509
42.51219
43.46028
43.81351
44.29807
44.33515
45.00764
6.42124
7.39377
7.39388
7.79130
8.64819
8.65240
8.65441
9.36084
9.49354
10.38601
10.74584
11.88066
16.22084
16.28679
16.99011
18.10195
19.07069
