3.72171
7.41610
15.30908
19.36527
20.31527
21.66844
22.80683
31.11847
32.02019
36.26702
37.70615
41.77314
42.87767
47.31588
48.04812
52.53840
58.95355
60.58836
62.27335
65.41999
70.64736
75.16421
76.83788
81.26443
6.55011
8.59692
13.22791
15.42894
21.47716
24.75274
30.07027
31.57691
32.93590
36.38608
41.87836
46.94562
55.25541
56.58437
62.94732
65.27991
70.37776
71.26712
73.34377
77.54869
84.30392
90.60744
93.37942
99.32745
3.57945
4.28693
9.83026
10.54133
14.82877
16.98958
26.03163
27.35074
28.72208
31.11084
34.44556
38.84320
41.22099
45.00582
52.15683
54.34861
57.90743
62.77188
66.43200
71.13557
75.77964
78.87902
81.29860
88.91950
11.27765
12.70129
16.46411
17.06013
20.59376
23.02309
29.90751
32.31762
35.28703
37.92941
40.62136
45.32470
47.09350
48.10613
52.80596
57.88442
62.44088
66.59587
68.34973
74.62231
76.22052
83.44183
87.10277
90.41096
1.31954
5.57870
6.47035
20.46156
25.29301
33.29711
33.49408
34.18589
39.71881
45.82857
49.23637
51.40980
52.06092
54.52631
58.01576
62.59653
62.58727
66.68609
68.40758
71.46932
77.82904
83.34930
86.74092
88.90002
2.72610
8.68516
20.66765
25.98131
35.83012
44.80680
47.33478
48.79019
50.42657
56.47461
57.43827
63.67867
63.69234
65.59250
72.38389
74.09041
77.53431
81.23613
86.50510
88.51146
90.33936
92.44514
96.61612
100.00065
6.50691
8.60111
10.42620
13.68857
16.37292
19.63901
22.41580
24.48125
28.82106
33.86406
34.60265
37.28709
40.73339
46.17743
48.17272
53.98120
56.74174
56.83347
60.40113
65.90656
67.45979
72.11757
74.57516
74.82615
5.37517
18.85757
22.96182
25.47023
28.13783
32.56411
33.73977
37.16550
40.01443
41.80727
44.97785
49.21049
56.29439
61.59240
65.78989
67.39767
71.37972
74.29424
76.16210
76.35166
80.26598
83.70601
88.12510
88.32347
6.63229
13.86578
20.22818
21.47539
23.13459
25.07522
27.75239
30.14811
35.43466
41.14734
44.65393
49.72445
59.38082
61.18003
65.66204
67.33072
68.31818
70.56595
72.28288
74.12658
77.92650
80.08498
85.43377
86.69506
3.22911
10.51831
15.33035
16.55719
18.04300
23.81467
26.76597
32.67721
37.72887
40.01897
42.89259
47.40411
49.27856
49.80028
50.90595
57.99153
58.44715
60.96772
67.98752
71.58547
75.24588
85.37152
89.26162
92.44760
6.20519
11.92334
13.09176
20.57794
27.99647
31.38867
34.29179
36.96456
42.06991
45.86638
53.56553
54.69898
57.87505
59.64568
62.52541
64.18580
68.31561
77.37762
82.59829
84.57130
84.85842
87.17728
88.33275
90.94194
1.60222
6.31298
8.77269
13.15253
13.68027
22.48836
28.52789
28.67593
31.43985
33.90418
39.01291
47.76848
48.37068
52.21118
57.46256
59.76297
62.82373
64.86976
69.91082
70.88411
73.12654
75.61214
76.71046
79.30942
2.44051
7.39215
10.07459
21.69950
23.82998
30.11157
35.61301
37.40395
41.09191
46.96493
49.28021
53.77168
58.31271
61.34461
63.98356
64.54608
68.61051
71.38122
77.09777
78.67041
80.20159
85.26438
89.58824
92.28569
2.20500
2.30325
4.01329
6.24912
11.60521
17.46469
23.72216
32.90044
37.60035
43.53907
48.71682
50.90684
52.98306
55.62351
58.11917
58.46821
67.99300
72.61688
74.00880
74.80461
78.08047
84.14211
89.15482
90.78881
17.59469
21.56269
29.90842
34.86359
38.14306
45.58473
47.03649
48.45804
50.58122
52.48791
59.54777
62.50933
66.48332
67.38786
69.27507
69.95058
73.28439
76.70444
78.70795
80.71822
84.48154
90.64060
93.60272
95.78191
2.94291
10.63258
14.32492
19.95241
23.21438
24.99808
28.04008
30.05984
37.06134
42.72776
46.22686
52.29698
56.18815
56.46658
58.31838
59.28526
62.32824
65.47233
68.12093
73.10030
77.78776
82.06328
85.07347
87.41073
1.38003
3.88747
5.14318
14.88139
19.02858
20.07254
22.38648
24.75748
31.17818
32.18231
34.85853
38.14594
39.60786
41.27274
44.21819
45.50198
49.20116
53.37218
54.84336
56.75381
61.09159
61.66826
62.32388
70.82813
1.65330
4.15158
9.49223
13.07464
18.50227
23.77840
25.95983
29.25960
30.55326
34.20540
37.19896
44.48562
49.73112
52.64346
56.82329
61.91843
66.56128
74.44360
74.51286
76.63521
80.97727
84.05051
88.70691
92.16113
2.47519
5.74182
6.72022
10.41810
16.27444
19.12799
29.64729
33.70475
38.57491
39.16037
40.76634
45.30672
48.67677
57.15046
63.60127
67.91691
73.47798
78.91467
84.14725
86.51494
90.22256
95.91232
99.13367
101.94627
5.74998
8.06191
9.29960
9.62763
13.29869
17.80964
20.82896
24.05528
23.13782
27.40103
32.82053
37.97314
41.13691
50.59268
51.86496
55.90656
59.17559
63.79903
65.78655
68.26935
72.16399
73.70429
77.37758
78.82847
2.23666
11.14314
14.32662
17.41482
19.23562
24.24971
25.40848
37.45483
39.47659
46.98576
51.06664
53.64943
57.56899
60.68716
65.58688
71.10588
73.99918
80.60477
82.60314
83.89370
84.50531
88.06238
94.57083
102.98234
4.80634
5.41601
8.90320
16.89646
19.20634
23.05513
24.47743
25.81212
29.75693
34.91065
37.53875
41.90334
45.40876
47.47383
48.17146
55.79438
60.93487
62.32037
64.16021
66.39859
67.45273
68.93283
72.14230
76.19591
4.50270
7.97907
11.86451
13.20410
18.75562
22.28947
25.78721
26.80299
32.09579
38.88975
42.66005
50.13377
50.47373
55.43334
57.75668
62.86746
70.64816
75.77245
78.11802
81.67888
84.28224
89.74379
99.42758
104.11412
3.57109
5.89194
7.42740
16.92367
22.69424
24.70178
27.41105
35.39752
41.42316
45.59239
46.69756
49.93433
52.19467
54.89203
59.25703
59.25730
65.06667
69.83630
71.12636
71.62397
74.09327
76.88713
80.57867
85.72539
4.77687
6.34389
12.55021
13.12534
17.00619
18.03346
21.42463
23.92604
26.13945
30.09265
30.14394
38.09713
48.25936
50.36379
52.84890
57.25981
60.86220
65.57312
66.60358
67.53758
69.50040
72.69528
76.19138
80.76001
2.64540
6.08028
7.20965
9.07024
13.09069
18.61370
20.79495
23.20124
24.73586
30.37563
31.91213
36.08713
36.59545
40.69170
43.46024
45.39085
46.58412
48.32433
52.28408
61.58189
66.54309
66.99291
77.41972
79.40893
4.76435
11.88361
20.04164
24.49777
25.72917
31.79784
37.19841
41.58976
44.78181
46.34199
48.48772
48.66405
51.57798
56.10968
60.33117
63.09026
66.79689
69.98418
75.84799
81.60112
84.30361
89.96283
91.08837
101.53227
5.85924
7.98432
11.43820
18.15890
19.65893
21.33004
24.41974
29.01096
35.36119
37.22766
40.01137
40.29718
46.97570
50.73753
52.05783
55.12879
60.55019
61.78163
67.52390
73.77403
79.20537
83.08546
83.85747
85.90784
3.24200
6.80576
12.45252
16.37371
17.52773
23.00021
27.49514
28.44116
30.86089
32.88114
39.39007
41.22178
43.99599
47.92762
56.89834
60.20085
64.82425
76.35750
77.32656
80.44066
83.99958
87.79820
87.81101
93.63963
2.89117
8.21497
11.27892
16.08327
19.58260
22.32600
25.11331
26.61163
29.38131
30.59772
35.94751
38.64199
42.05663
44.06186
46.14784
48.99955
52.82783
57.39462
62.29219
64.58665
68.27713
69.18445
72.18870
76.42099
4.35634
12.79676
19.61757
22.60693
26.76590
28.35498
33.74950
36.13824
38.61458
46.01395
50.72445
54.46891
58.47997
63.26954
66.91965
70.89543
73.02567
74.46741
78.27877
83.09403
88.90934
92.02745
96.97621
102.79208
3.98085
6.85310
11.69105
17.73225
20.73526
23.09301
24.28205
31.35948
34.35957
38.76146
45.37727
46.29626
49.56691
50.23443
55.88448
59.80005
62.29821
63.18837
72.01253
75.14150
76.82579
79.00579
83.49098
91.33103
6.80094
12.67867
19.16426
21.06571
23.75312
32.37109
37.45524
42.57890
51.20617
54.91766
55.18635
59.26963
61.19155
67.27467
70.61222
76.44635
78.41945
82.06953
83.97718
85.62160
90.85442
94.93432
98.85122
105.32642
4.68605
6.50172
8.87083
12.36238
16.13519
20.17173
22.85091
28.22180
30.34473
34.01785
36.46175
38.67861
50.66445
51.23211
52.96467
54.05910
56.06348
57.69613
62.26831
68.04849
69.11430
74.63034
81.43513
82.76586
3.14474
9.25719
15.90045
17.70081
18.59271
20.50166
24.55368
33.02055
34.45265
38.58903
42.57471
46.31181
49.13427
54.47741
58.60438
64.13854
64.47407
68.14770
69.32055
73.12899
75.66184
80.64207
85.41130
89.48225
1.28808
7.22543
10.95105
17.10696
19.28097
23.89135
26.60012
29.71329
32.45690
34.20257
46.92462
48.47276
52.45047
55.52191
56.85283
59.64838
61.44230
71.62525
77.35327
80.74848
80.92988
87.13486
92.49468
97.27665
3.87327
7.04183
10.22641
18.45530
21.40312
22.37220
28.87659
30.67518
34.22567
36.90938
39.61169
48.99884
51.90372
54.56808
61.64999
66.12399
67.16620
73.57291
78.63511
84.21523
84.46971
88.02794
90.35711
93.32313
6.56534
13.00461
14.70459
20.33805
25.23568
29.90831
32.53231
37.62921
42.04610
42.36532
50.69697
51.59023
56.17407
64.46344
65.54676
70.59850
72.96525
78.67598
81.15627
82.74745
83.92133
84.48259
86.81340
87.59358
2.23313
3.77340
6.51149
11.92440
18.35234
30.49757
34.53254
37.27650
39.87994
43.58674
45.48032
52.89100
57.92348
59.88169
61.41604
64.60279
66.99606
71.65641
74.33053
77.70573
77.79819
84.41495
85.30176
87.75836
3.24389
6.99939
11.99681
13.07522
15.66063
17.03931
21.04891
25.51426
27.12159
30.39388
32.84165
34.91335
38.50375
46.40559
48.20451
51.14634
55.20776
56.96714
57.72301
63.62147
69.64849
72.43285
73.92504
76.48691
9.04981
10.50072
13.40317
15.94027
18.49550
21.12410
24.66995
26.49604
28.98328
30.11636
32.93309
38.13772
43.76139
48.88760
51.09644
53.99128
61.55553
62.61824
72.53308
77.58408
83.78564
85.91711
88.67737
92.62629
3.06143
8.30761
18.46703
27.19209
30.08199
32.43739
33.01216
37.33322
39.84555
44.92659
44.92667
44.94677
47.74828
49.97768
52.01340
56.08968
64.38372
66.27567
68.68852
69.91733
74.15758
78.23216
80.73589
87.49210
3.45442
7.91997
9.54773
10.28230
14.18473
19.34380
22.90242
24.51665
24.80730
31.79280
36.92591
39.45383
45.03821
47.69950
50.65521
55.69938
59.55352
65.09353
67.41904
71.32743
73.05181
74.54401
77.25169
83.22419
2.98319
5.83163
10.60916
14.01487
16.08951
17.43288
18.09384
22.10114
26.22858
29.29004
33.92448
36.41649
39.00496
41.40041
45.71887
48.83684
50.63490
53.97896
58.86362
62.05604
63.80085
71.82915
80.10353
87.05702
3.86739
9.88496
12.08281
15.11571
22.17488
28.11739
32.32766
35.16480
37.06212
39.77294
41.09753
44.44890
44.58237
46.82633
47.87781
53.18459
55.78425
56.19326
61.17152
64.62670
68.56605
70.65939
71.13318
74.66297
1.93799
5.74267
10.60803
13.74447
16.93304
18.78561
21.09273
24.73746
34.62929
42.92648
49.66520
50.57069
56.61476
63.75445
70.92921
72.30516
75.04487
75.30055
78.09025
78.87783
80.71935
83.37330
86.74628
88.39882
6.15664
9.31298
17.23451
22.97775
26.14313
31.47378
35.43567
37.35320
39.36873
42.00973
47.35402
49.32735
49.47277
52.23219
57.49492
60.42137
69.41398
75.13072
80.40558
85.03851
94.68687
96.19910
103.30331
109.66831
3.65187
7.56125
8.87404
11.57830
16.04647
22.40880
28.88400
30.49337
33.68783
43.04338
45.64705
47.07252
51.58927
59.19994
62.60170
66.41294
66.90302
70.29033
78.86835
85.80714
86.99348
91.91047
92.85427
95.34566
0.48700
3.37998
9.72157
17.74425
22.70492
32.92335
35.57243
41.05811
47.07040
49.92980
52.67328
56.71092
59.68435
68.50008
69.96558
71.50649
72.92173
79.04788
79.87455
80.56968
84.67670
86.52617
90.15684
90.82563
1.53897
5.71391
13.10569
15.64832
22.90927
25.47503
31.35780
34.86750
40.25034
41.76115
42.80030
44.93188
46.88755
51.37709
53.77799
56.01557
58.84505
64.72063
67.04826
73.48453
76.61899
79.43223
84.15180
90.18250
4.44863
5.51772
9.00308
11.34703
11.89165
13.26578
15.25318
18.31326
20.08628
29.73121
32.23557
34.36614
36.22788
40.82701
41.76513
45.54924
46.17646
46.78172
49.26621
52.14415
55.48744
59.29742
63.70245
69.09844
1.86863
2.50296
8.05007
7.99667
14.10067
16.91932
19.00550
24.13858
35.03085
38.74349
43.06879
47.74506
53.92676
55.61426
59.59275
61.59364
62.32145
64.96302
67.58017
70.53019
73.15502
77.65902
81.02579
83.83050
1.96943
4.87748
11.28678
22.18100
27.13057
32.46999
44.01133
45.86917
51.99374
55.15508
60.32786
63.62617
64.81271
65.94192
67.33108
70.56208
73.27697
76.94724
78.04311
80.67271
82.25702
84.04123
92.33998
95.05708
5.67442
9.66232
11.62239
19.79843
23.66336
26.56398
31.15978
31.63937
36.66068
40.06929
41.84991
49.82853
54.24835
59.40235
66.39760
69.26167
70.46434
74.59338
79.61656
80.28119
85.15959
86.27601
87.32400
92.00419
4.10718
6.56657
9.58016
12.91531
16.41955
21.69299
24.81613
31.54740
33.38459
35.21462
37.42777
39.09369
41.90630
46.32192
50.24006
56.76840
61.67826
68.29797
74.67624
78.39217
79.20714
84.05175
85.68345
89.84761
2.01436
6.51152
10.74115
14.10726
15.40337
16.77864
18.32218
20.30988
23.84461
30.14621
32.35759
37.07044
40.16674
44.07982
50.84230
54.66186
57.07836
64.80642
74.50939
78.44504
80.76239
86.40328
88.91528
100.85038
6.72246
10.24520
12.48173
14.10739
19.27004
26.89348
33.97822
36.57810
43.95928
47.16382
49.73848
52.86317
57.04913
62.97522
64.87507
66.96999
69.51774
72.73091
78.31783
83.23459
88.21620
92.23707
93.77739
95.97618
2.50977
5.88007
7.10444
12.86877
14.13149
22.54197
31.59083
37.73527
48.10696
51.05387
58.96493
65.98925
67.34406
71.27847
74.66819
83.66760
88.47707
89.45239
90.57498
92.75766
97.56246
97.90896
99.43109
103.16832
1.69556
9.43645
13.65867
15.05595
16.34800
17.46943
22.37617
24.67670
28.52821
30.25149
34.77758
41.40495
43.85658
46.05486
48.54608
56.59267
59.86925
63.82738
71.22103
73.23203
81.39435
83.67855
86.52631
91.02472
3.71858
6.54513
13.29803
17.40930
24.18857
26.49408
26.88029
32.01742
32.15923
36.65052
43.17288
49.02032
54.58554
59.02137
61.16952
70.04324
71.98916
79.37232
81.74890
87.12358
90.47706
91.29230
91.38218
92.95152
6.60202
11.43041
15.05082
21.25862
26.53897
35.36952
38.64501
42.05415
44.64847
45.03484
46.65250
48.36819
53.40696
56.87133
62.48181
65.28617
71.78708
76.88258
78.57926
82.85367
92.93003
99.45290
104.10123
107.28250
3.88556
13.58266
16.42884
18.19347
21.54687
23.66987
26.81321
31.73529
33.55035
38.79888
40.20792
46.37120
49.56150
50.87831
55.91455
58.14838
60.43714
61.50548
63.90947
67.11633
68.66967
73.89848
79.49923
80.56242
5.26908
11.06838
14.74332
18.96390
24.45209
26.56723
29.73817
36.17795
40.02735
42.35819
42.83000
50.68264
55.48292
59.91470
69.98872
71.21236
79.43505
80.52791
81.50745
84.01732
85.41627
88.56462
89.24688
89.40120
1.84350
10.66534
14.74308
18.75077
21.70740
22.97838
25.37834
32.29810
34.43170
35.61649
38.12451
40.77272
45.10526
47.69618
57.11375
58.93372
59.36157
62.78614
62.92751
66.08417
68.11172
74.44226
78.67335
79.03380
5.06133
9.44247
18.65573
25.88400
29.65861
32.84937
36.37674
40.11249
43.04140
46.62346
47.17052
49.52505
55.11010
57.03325
63.24331
66.92849
70.31107
80.53208
85.01660
88.02591
93.94336
96.35152
102.60620
111.36541
2.35617
4.48799
5.12977
5.98926
9.44990
13.50378
17.36116
18.68915
20.34974
23.99727
33.16001
33.86585
34.79375
37.99607
38.70661
48.77252
51.96997
55.44472
58.44459
68.49933
73.88406
76.71794
81.11508
83.59577
1.98699
4.07809
9.97924
14.59332
19.85420
27.29185
32.84300
38.09093
38.96380
49.37198
51.95429
59.76360
64.32884
67.90004
75.25583
77.52442
80.49446
84.28605
86.54744
89.33465
93.05294
93.52452
95.12326
97.37900
1.10021
2.69766
5.51841
12.44283
17.05035
22.06942
26.27963
29.30494
29.85057
33.30711
34.14203
37.23009
42.45991
44.03556
49.53113
51.19942
57.21546
62.57178
65.79241
70.35187
70.66694
72.92789
74.66341
79.88954
3.76676
6.49710
11.37415
13.15991
17.48955
24.50492
30.52339
39.29098
42.37542
46.92740
47.83957
51.33829
53.20486
58.33708
61.93922
63.58901
64.46056
66.35332
69.07068
70.83401
77.52444
79.52460
83.98530
85.29113
1.29221
4.91329
7.15713
12.59782
15.09287
21.07751
22.77597
25.25628
31.61694
32.18604
40.14337
42.37914
46.55007
54.55615
56.69052
60.68027
62.46564
69.92520
73.19489
76.06517
79.11253
80.10104
82.02931
83.04297
1.96092
5.31094
8.98043
12.46135
17.50110
26.82159
27.98345
29.72756
32.85254
34.19199
41.13446
45.48658
46.68254
50.78039
55.62226
61.22899
63.19732
63.31048
69.04289
72.20320
77.07228
78.69864
82.34750
85.16435
4.24712
8.70950
15.01245
15.62965
18.71063
20.37856
21.89978
26.65586
30.17975
36.06981
38.13884
39.72495
40.13742
43.83804
53.07545
58.20954
62.66157
67.45018
73.19272
76.33643
80.17974
80.22666
81.80050
81.80768
4.00900
4.70440
11.64283
20.83281
27.15942
29.45243
32.63424
37.93385
39.97068
43.82111
44.92790
46.04798
46.52198
47.72802
54.14104
54.71764
59.57422
65.54635
66.23072
67.61349
74.13275
76.26599
81.35236
85.56695
2.20603
5.72443
12.77334
13.81052
19.14817
25.89075
29.91177
35.40479
37.32963
40.74441
45.69313
48.76867
56.99337
59.91044
65.25051
69.06383
72.67236
74.59095
74.59463
78.97754
82.83182
85.48403
87.28505
87.80456
6.51166
10.65876
15.03731
17.70572
21.17744
28.71176
34.27291
35.56169
39.84202
40.54340
43.00951
44.69812
53.45736
63.86050
68.09088
71.76003
75.23482
81.70508
85.39851
92.42464
95.88510
104.62162
107.86479
111.77498
5.71863
14.66636
19.10260
20.00201
21.50239
30.64454
35.94065
37.92925
40.40542
44.21013
46.65951
47.18797
57.78469
61.20305
63.33197
64.78674
65.97038
70.36598
72.53607
75.58279
81.66136
85.60929
88.89292
91.52631
2.43654
6.39479
8.64022
13.61956
17.96885
20.77953
24.77640
25.49793
29.88200
33.18716
37.34912
37.65993
41.37192
49.07149
58.48961
61.60648
65.56240
67.92903
68.04830
72.16392
74.73398
79.65123
84.98265
87.40256
6.03710
11.34425
16.17827
18.98464
21.63748
26.13811
29.18091
30.72783
36.71472
42.03767
45.06637
49.19083
53.77306
56.45513
57.46186
68.83550
70.56721
72.85452
75.79980
82.32441
85.75174
90.13818
92.01146
94.83429
1.44866
1.82133
8.25842
8.87911
21.19602
27.25370
34.91462
38.59336
40.04828
44.65795
52.13906
58.22107
65.84600
71.65029
76.09397
77.03859
81.68076
82.32147
88.47860
90.39140
92.03644
95.49000
100.39919
100.99501
6.72986
9.56346
18.76722
28.41446
31.03001
34.45630
41.50591
42.55775
42.59983
45.58537
49.96540
52.28402
57.00133
60.91009
61.41304
65.67007
67.32097
70.15360
71.71854
78.22231
80.42719
83.09323
83.28612
89.85813
3.03023
5.26485
6.57386
9.09456
14.17900
18.22262
20.66683
22.91932
26.37395
33.85086
37.85595
43.78984
46.78881
56.53791
57.65189
62.97253
67.18641
72.61977
74.29837
76.82976
82.59425
84.79305
87.09117
90.18499
9.04505
22.62341
24.84180
27.01750
32.63009
35.16460
38.47947
42.18405
46.71645
48.55508
58.61399
59.08947
66.07958
69.27065
71.73423
74.85078
76.50492
78.15208
78.61901
83.45756
86.67312
90.06819
93.96539
98.32864
4.08821
6.03669
8.22040
12.30854
13.21542
20.92677
30.05576
30.07859
36.29841
42.25370
46.31927
54.58375
54.81019
57.60859
60.89301
62.10616
66.92305
74.32351
77.79533
81.55289
84.53410
91.57867
95.40478
93.50356
10.41722
17.91542
22.24754
24.41532
26.56540
29.59602
33.72976
38.30632
43.75835
45.64585
48.75537
53.98895
57.29806
69.36768
71.56471
77.16239
79.93269
80.77872
83.26815
85.54415
88.15921
88.16018
90.45947
94.07741
4.47702
10.57737
15.79089
19.86770
21.33198
31.33186
34.15117
42.17555
46.50628
53.70059
57.21241
59.40748
60.91625
61.54225
65.07888
70.29550
76.01284
80.73885
84.03881
88.28779
90.20943
91.92949
99.16530
103.12095
2.64710
8.19709
15.76296
18.34104
23.07693
27.40675
30.47343
34.17180
36.44775
40.43980
41.17623
43.35832
49.66636
50.63666
52.57409
54.83966
58.79651
61.87022
68.05377
71.60491
80.20899
84.64893
87.83513
89.61893
4.56326
5.25014
8.98423
13.27989
16.02122
20.75154
25.97704
30.84891
34.22285
39.67748
44.52168
50.04464
58.49694
61.84136
66.26258
69.77571
75.97126
78.89115
85.40888
87.13104
91.44616
94.72133
95.54571
99.28437
5.05018
9.07608
12.93675
17.46882
20.15094
23.04279
28.92731
32.47616
34.77332
36.62737
42.26303
47.66131
50.25162
52.28320
58.79156
63.45832
69.15269
74.08784
84.11302
89.88950
91.90887
94.82661
100.94303
104.27749
1.96291
6.82910
9.22906
12.79534
15.59514
19.45757
26.78817
34.02681
39.49663
43.30389
54.08965
62.39241
63.64738
69.18658
73.72507
74.81788
76.68439
78.29170
85.57952
88.37059
89.96778
91.22205
91.98655
93.67778
5.50348
8.15838
11.64462
18.17405
20.62783
22.98159
25.64020
27.16705
30.73544
33.71973
37.14318
38.13162
40.19105
42.52553
45.11277
55.22412
59.42052
62.49251
71.47669
72.60171
76.66293
81.41774
84.26339
90.11685
0.23904
2.39791
7.69018
8.75343
17.43583
26.79338
32.55994
36.09815
39.18273
46.36918
47.04217
51.51537
56.60714
62.31215
65.15497
70.99346
73.65548
76.61202
79.67844
86.95059
91.93919
94.89008
97.67163
99.34507
7.23003
17.89281
19.88361
23.09407
33.96096
40.82997
46.45480
47.96549
49.96670
50.78039
53.14035
60.30295
64.44769
73.43464
76.85093
79.43172
80.13962
87.23871
90.99231
92.42202
99.78674
108.07727
112.23543
115.00688
2.57908
4.65957
9.51659
14.66529
16.58041
20.04188
23.08621
30.89260
33.79191
34.14240
37.45219
42.17104
44.83857
47.85139
53.34057
57.08641
60.65311
62.30977
65.08741
70.10902
75.41574
80.99972
83.25833
84.47392
2.20857
10.05870
14.16974
14.96382
18.16096
20.37210
25.11337
29.97191
31.14605
36.32067
41.32728
46.55680
53.75574
60.78813
69.41626
73.62804
76.03931
77.59455
78.81561
80.79622
81.33577
86.57922
88.53909
93.74480
9.39416
14.52094
22.50575
30.91512
32.60113
34.37370
37.53943
37.62679
40.39510
44.87791
49.24293
52.37688
57.81233
62.31132
66.41026
69.02649
69.02683
74.87605
80.91638
85.37513
89.96873
98.00118
101.43252
102.82174
6.67166
9.42928
10.98250
17.23096
26.23112
30.65268
34.90059
40.05399
48.84903
51.68518
54.70746
56.79420
57.71773
62.66870
63.88489
64.90400
67.92837
72.89435
77.38663
77.70629
79.74634
80.93564
84.09846
90.54549
11.00769
16.48868
23.47043
32.37008
37.21491
37.96147
44.05639
44.70321
45.31328
47.13287
50.58745
53.08925
62.32240
64.57655
70.74462
70.94371
72.25413
74.22279
77.23186
79.34562
84.14128
84.99167
87.01054
93.09877
4.80592
10.38455
15.67274
17.85191
21.50867
26.49229
28.91408
33.90454
42.25481
47.32332
55.34587
59.83719
61.01372
63.76886
67.66377
69.42255
74.15354
77.20948
77.91159
80.66512
82.06675
84.31703
85.65374
87.37697
13.33669
24.60152
26.32076
31.27343
35.34460
37.31352
41.89769
47.48073
49.63373
61.46385
62.84169
66.25028
67.14370
73.47224
73.62129
80.46767
87.12467
90.56465
93.69851
95.27612
99.31573
100.80770
108.95438
111.96225
7.57208
10.88444
15.83662
20.15375
22.73535
24.80793
29.19222
38.56798
47.66834
48.43590
52.13647
54.54162
55.27652
64.79217
65.82061
68.56360
71.89793
72.26826
76.79104
87.75475
90.72810
94.01879
95.81599
96.48318
