9.51295
12.84499
24.34778
30.99066
39.29792
59.41665
67.06942
70.75018
91.64722
105.92333
112.85669
3.72266
10.11784
23.97695
35.36975
42.88632
49.41897
56.65217
60.57150
67.43699
76.33610
87.32776
9.16633
10.67623
19.03089
20.57495
32.29034
53.47433
69.82659
75.08278
79.05522
86.19504
94.39816
17.86372
25.69165
37.00522
40.00653
47.46861
57.20503
68.86238
74.08882
77.52948
83.72319
92.83767
7.50837
10.89486
14.78412
29.47158
38.93006
46.09443
57.21383
65.15326
74.43941
78.10723
85.94835
16.38351
18.68041
31.67986
39.87282
56.69023
65.78829
75.64159
79.29364
87.04694
107.21484
110.29852
7.29310
14.77788
19.78883
22.44669
29.63686
45.64280
53.58355
64.10146
74.35581
77.11030
89.90998
11.84984
15.94386
29.53561
32.62645
46.14985
58.17120
61.28150
68.91297
86.30270
94.95526
98.76136
11.41930
17.95685
32.34933
40.20715
43.62918
51.86819
58.41094
67.17368
76.92771
78.77772
84.66728
7.03549
9.07306
12.68150
22.59001
28.64236
34.60789
41.47939
46.24306
58.59969
67.61804
81.70331
8.07733
14.30012
27.14957
30.90901
44.11639
55.21339
71.30262
72.57362
80.49073
90.19845
95.67353
10.70661
24.57988
30.77778
41.73872
47.66061
56.12922
62.41549
62.62990
65.79447
77.62472
85.75751
12.63171
21.04525
30.78627
40.80440
46.37884
53.81372
56.33017
59.50080
70.27937
76.05892
85.70422
10.53131
18.33543
22.32333
37.03314
51.21017
54.22979
60.20327
68.51790
74.79309
80.27071
93.34525
5.88789
12.32363
31.58715
34.92875
45.03150
51.15599
57.20921
67.52778
71.15509
76.78153
80.14524
10.54707
16.39034
22.13126
38.17351
43.51223
57.50506
61.02597
67.01611
76.21163
85.15935
94.41357
16.70766
21.60475
30.26582
39.11147
44.86844
48.48334
51.15426
55.94140
67.17525
74.90376
89.21595
11.18469
27.58306
42.21172
45.67376
48.68412
64.26268
68.98933
82.11048
92.98159
101.88565
109.89843
13.85325
20.13336
24.31286
26.70109
35.34250
41.07857
42.78602
48.55513
59.50378
66.23728
81.40714
6.87557
19.09661
33.74049
40.23772
48.95247
60.14329
70.02672
71.58734
79.55919
86.63650
93.89636
7.71529
11.50742
25.25859
36.35296
41.83075
45.60187
49.91162
52.39585
58.35739
67.06670
73.69613
5.61580
13.94610
25.11330
31.80956
41.25549
52.48830
56.50291
61.14916
63.79973
65.73288
71.50247
5.98459
17.03427
30.56350
39.50594
41.24713
57.20261
64.19511
64.68905
77.67357
81.73434
86.42218
2.94422
10.74201
19.17227
24.10599
30.16961
42.92017
51.18897
58.86160
64.42312
73.45757
83.64216
5.10022
15.70601
25.66345
29.99125
33.13223
37.63116
45.19772
57.50001
68.42053
83.36622
88.56876
2.37916
10.04755
12.02132
23.50728
31.82937
54.71734
70.59773
71.60835
81.08245
87.81112
99.15848
6.80458
14.62015
17.33753
35.03023
39.26942
51.33643
55.20957
66.45000
81.21507
82.98188
87.28521
7.86835
20.51167
37.29160
52.21190
57.05161
63.80404
75.88349
78.35789
81.48645
82.30060
89.74889
3.46149
21.73167
25.35681
35.44377
43.63632
63.14560
75.15245
77.08660
86.64323
92.02937
96.37984
7.93211
22.92845
31.62983
35.28594
46.04153
60.16633
70.89854
76.44283
86.49850
92.47813
100.09528
13.36085
36.93376
45.14100
54.20718
62.04279
67.74386
70.75589
72.81056
76.10956
89.23838
93.80952
12.66676
16.98521
26.15828
33.93484
50.41314
57.32869
68.40699
76.27477
79.94294
95.79458
103.04446
14.56074
21.59538
29.85579
43.50226
58.21503
62.94911
66.22883
74.08937
87.13168
101.02151
107.95531
10.45554
32.77810
42.16493
46.43292
59.03754
66.02590
74.64801
80.89981
89.19922
93.44181
105.98477
3.26356
6.79671
12.31763
16.68300
22.80931
31.89910
38.39857
38.59546
53.95311
58.88005
73.56032
13.31364
19.79143
23.99838
40.05000
43.28770
59.25091
71.95577
72.95890
81.47267
88.10815
96.52241
6.88572
12.29417
18.78280
27.55128
37.37518
46.80381
59.33697
59.85360
71.78531
83.27742
91.04723
4.68361
11.57950
19.06304
23.11023
40.96254
53.55294
68.01545
68.66758
75.74325
78.64166
82.61430
4.81833
16.87796
22.38341
48.09663
53.44575
61.38785
64.52669
71.79034
83.89124
84.31239
92.02837
4.04520
12.00557
18.39014
25.32446
36.22685
38.29895
43.73586
44.47150
50.19771
55.89600
68.39759
24.07028
29.67416
40.27086
45.61256
62.37868
69.29084
79.33732
90.36412
105.53287
108.12323
114.48049
8.43450
14.06314
20.12624
29.35821
32.26976
39.44839
51.77930
65.39684
73.77607
79.34945
86.72268
1.94114
10.53835
26.52237
35.11617
38.56332
62.61487
64.79600
72.94532
76.33739
83.09190
94.11214
5.08357
8.42959
18.76674
29.85220
41.93752
49.71127
54.36982
68.26177
75.39148
85.55966
93.84506
3.46134
19.55461
23.81101
34.57457
46.76163
51.37995
55.93756
63.39283
76.42283
86.22580
95.34040
5.88361
9.38831
14.63370
28.72065
43.21505
54.65464
60.74985
75.21706
90.41909
102.35510
108.15355
14.06468
21.69260
30.20459
35.33970
41.44747
45.35848
56.64993
61.13947
72.46377
80.26178
96.71119
3.71100
11.91252
20.52842
30.32742
38.11442
46.11601
52.99126
58.78321
67.11749
80.09404
90.07571
6.04421
10.03126
18.68261
22.99805
35.57517
41.00252
53.44522
55.42486
61.53658
70.42059
83.08190
4.93050
13.59064
19.32176
24.89796
35.03276
49.12196
56.03743
59.65155
65.57351
71.91969
83.66591
