8.69452
14.94771
21.21956
30.66015
37.23013
37.86491
41.28763
45.80468
79.60029
92.51180
95.93212
95.13560
98.62670
38.02590
54.41572
73.24199
95.92952
126.90644
148.89606
151.40379
166.93377
171.90570
186.34325
192.60762
206.75480
206.83460
12.83291
14.57388
21.44587
47.37858
54.36106
73.05902
89.33250
117.05759
133.31854
152.14873
161.83524
162.09419
164.04727
23.58507
29.97267
36.74845
41.49331
44.34815
59.72884
69.92647
76.00599
86.62029
89.29201
93.76702
99.77138
131.08851
21.61977
24.15644
25.58688
39.78449
53.26699
61.81631
62.94700
63.48392
73.73863
79.44339
95.11825
96.86302
116.35451
5.60215
10.68915
15.64118
21.56090
29.46457
46.28970
76.43748
79.14223
84.76607
90.79162
99.75920
102.84071
109.93193
14.18146
20.87309
27.09235
37.99526
47.42758
54.31455
76.89167
81.37422
82.44675
91.28450
96.79870
98.43888
100.74390
16.04167
21.05749
38.28401
55.73124
62.01647
70.15909
72.22020
80.93907
94.91459
106.87544
127.71338
140.14791
152.18152
13.33324
16.21258
41.39181
73.80078
77.62164
80.44903
108.98265
112.19163
113.52849
119.47093
126.40456
131.40235
138.32253
5.12464
8.08618
9.04256
18.45809
21.76212
44.03322
47.88546
48.96888
60.35473
79.25500
93.24233
95.21956
100.23437
15.70673
18.61324
24.99896
37.12988
40.38792
47.32330
52.13474
52.54575
65.89038
91.62736
110.82055
119.12926
124.57986
34.99289
59.65439
67.26293
83.19669
93.75041
99.76210
104.34099
105.00309
114.26092
123.10770
128.06366
130.99236
131.45432
12.65433
24.13359
29.74905
33.75128
59.08890
75.63890
92.97019
101.30411
110.13923
114.14343
131.13146
148.26136
156.34060
9.54277
24.55417
42.37073
45.71483
56.95048
64.56243
66.00595
69.37082
76.60102
76.45797
94.60908
100.06942
110.38860
4.01040
9.29507
25.65257
30.01673
38.26200
65.32953
67.72565
67.18208
70.93087
71.52024
75.30800
83.20390
94.13585
11.57488
18.82470
33.22724
39.91731
53.84878
73.27536
100.49421
118.57022
124.33162
139.74937
163.06678
170.15406
184.72635
7.48941
25.72963
33.46730
53.00761
60.65357
70.89689
86.44776
96.64158
106.71104
127.47803
129.44394
135.28698
137.57937
11.11696
32.43043
38.94080
56.52186
65.31874
79.03919
84.33558
98.47091
102.47896
103.95068
112.68897
137.81162
139.37286
2.57336
15.83292
30.64047
42.97585
63.83554
91.84455
92.64500
99.18115
99.62811
109.53586
123.65447
127.90989
129.17223
12.68120
17.52511
33.52579
42.23120
52.86390
58.05636
69.13207
85.52623
96.24270
103.86728
106.73776
122.33883
123.23764
6.27035
14.23075
18.84376
39.10797
56.28474
91.72610
106.85114
117.55821
131.86125
139.33172
154.56865
162.62800
170.42607
22.08843
25.18933
49.86045
56.03500
64.37003
75.69114
88.52463
90.85256
92.92038
101.08909
129.69586
140.50169
148.31168
20.92666
26.35412
28.02113
39.63901
44.36979
48.15212
62.15988
72.70095
75.74228
81.25666
114.85304
119.73134
129.40619
15.22782
43.00597
46.17815
52.09890
64.16704
71.99943
80.41844
80.92095
100.47681
100.67947
106.82967
119.95210
132.49867
9.27109
20.33856
35.22717
39.30781
59.53899
69.87893
71.65651
87.80655
100.62920
117.75203
129.51498
148.85621
149.44486
17.59769
31.03395
47.50758
52.92806
62.46883
83.63778
85.37354
87.71596
88.08365
94.20561
105.76392
116.01817
117.65091
8.13259
12.49260
37.15539
47.52746
78.94156
94.89958
100.24244
114.18828
118.66425
128.87959
138.98895
143.94849
149.83021
10.00066
12.23337
14.56562
19.31274
27.13588
28.42397
38.20705
52.57966
80.46606
82.48193
93.34119
101.99813
123.23655
9.95354
28.41027
33.17919
49.65013
54.68612
73.60200
85.43277
116.95707
126.80465
139.93996
148.19789
154.53193
159.21403
12.30736
20.86643
27.89567
34.97425
46.60439
71.37318
75.36221
82.69653
90.66936
93.75200
95.87764
103.18097
105.53297
7.96060
16.81302
23.52299
50.38495
70.48256
83.13700
91.87582
93.72473
105.96450
124.24289
128.79078
131.63719
131.66725
20.25117
28.45084
33.83784
52.75859
65.65252
72.90042
105.26057
117.44205
125.74360
145.15119
147.85730
163.58518
171.35967
9.48691
16.21261
31.23984
36.89314
44.96802
58.39130
64.28100
83.33679
89.36219
99.90485
110.74989
137.45641
153.71455
4.63459
17.08966
27.30851
44.96618
82.40381
79.74027
82.38273
91.73055
96.86796
110.68663
122.79376
151.69794
152.24324
13.97561
28.21214
61.82646
69.27267
77.06475
104.20954
117.08114
130.58757
133.42594
155.58282
167.42049
176.29413
176.79351
10.74762
35.11348
48.24455
53.86661
66.59010
69.56358
69.02495
77.26040
88.83152
93.77257
112.60584
126.22844
130.65422
11.83525
18.11497
21.92661
44.84174
58.44567
61.88068
70.37871
80.86989
90.50089
100.10125
119.14816
121.11269
132.20222
14.62601
29.19574
35.80769
47.77443
52.64855
56.10994
62.31487
68.36077
73.15077
85.69205
109.23960
114.98300
143.98130
6.92509
13.33050
26.26251
34.14318
57.17220
72.44878
96.48789
97.18288
110.72542
128.80108
132.08774
132.98697
140.06934
23.90249
29.78733
53.57770
55.88510
68.61780
107.59995
114.21245
124.46600
127.33383
140.74168
156.29210
161.94012
170.09607
2.17090
10.35428
29.61863
43.90879
49.44269
72.62229
78.26716
81.92581
104.77184
107.05794
123.84678
136.15667
140.72571
20.44361
23.85608
42.57717
49.48849
54.51554
70.74896
74.55793
82.08441
86.62024
89.15523
92.60595
94.20781
96.21105
7.25739
12.54796
22.01030
33.11950
41.35320
50.44083
61.56628
74.28843
77.99716
88.00257
102.76582
112.70181
118.74950
5.79247
32.21055
43.31142
47.77849
64.89779
74.25042
87.03537
92.95766
111.42763
120.51237
121.80665
127.99759
137.79461
33.06700
40.89420
48.93413
79.55779
91.77893
99.85216
102.95245
111.05015
112.90281
127.39414
141.16738
146.02823
151.08236
14.72773
53.89211
70.53878
72.35910
80.09943
92.30596
92.30596
101.96613
117.07240
127.71013
135.33108
146.20080
164.00668
10.32403
13.91031
16.40902
26.40480
33.34597
57.20428
64.17627
79.26236
85.83652
93.64001
102.45909
118.73925
134.23883
35.95118
42.16700
45.66107
64.91594
71.51300
78.10483
84.27937
95.03960
108.93477
124.93864
133.78332
144.79957
155.97900
15.12147
27.01952
35.98409
41.83272
58.31067
65.34291
65.35886
85.44717
89.48422
100.36394
106.61333
109.84017
119.36932
9.77387
28.85270
45.40731
78.28607
89.47541
115.54689
131.78390
151.96331
157.51829
168.30913
190.19887
190.23233
194.08410
