20.17799
35.68019
53.21446
56.13360
73.32070
83.11328
108.22514
108.76714
109.60456
109.98336
110.39278
111.39589
111.91858
113.13128
114.35910
114.79090
115.40546
8.80415
27.07306
46.54739
52.30208
61.18740
64.07943
79.36255
80.27290
81.02365
82.17269
82.81991
83.54969
84.04113
84.76452
85.33261
86.72736
87.39493
16.22559
33.68288
57.58993
65.95977
75.27829
128.31200
130.55475
131.34900
131.67779
132.25747
132.68470
133.50822
134.09282
134.65482
135.44359
135.82204
136.44831
17.43996
37.85000
42.56506
53.24781
65.00098
76.32612
80.20300
80.45856
80.91092
81.43214
81.94378
82.13578
82.88533
83.25951
83.53487
83.98314
84.54701
22.26924
37.11216
42.75516
52.28275
53.63065
111.31881
135.06856
135.11908
135.74844
136.08056
136.53128
136.89153
136.95700
137.05116
137.38917
137.82982
138.69248
8.85069
14.01158
30.07845
58.14461
65.23246
68.53122
81.43343
81.96963
82.64596
83.82591
84.34150
84.50035
85.74980
85.88531
86.62676
87.08276
87.98309
11.58406
36.76814
47.37811
71.99292
113.68101
140.12013
169.19881
169.77405
170.18055
170.56111
171.48065
171.62971
171.92598
172.52725
172.92720
173.15289
173.60599
6.10670
15.09254
18.83385
36.93431
47.29824
66.89582
80.76118
81.02985
82.12374
83.19703
83.79490
83.88978
83.99559
84.14135
85.19870
85.67293
85.91592
10.53577
31.22874
36.20718
38.98546
60.85850
67.78152
75.66072
76.04193
76.62772
76.79664
77.02145
77.50523
78.18846
78.44017
79.17415
79.75111
80.87272
3.32780
25.84356
55.56244
81.59690
90.95177
103.51872
115.70734
115.73751
116.52374
117.11865
118.10490
119.00013
119.24724
119.84087
120.76642
121.65223
122.10687
42.92463
54.47447
61.28316
73.52089
112.15785
141.79847
151.64651
151.94586
152.48107
153.05250
153.58756
154.07484
154.32783
154.90270
155.01024
155.55091
156.14450
56.89500
60.84338
73.32231
87.37701
106.77485
121.95168
123.09271
123.40965
124.03480
124.17747
124.60947
125.10988
125.54323
126.15016
126.28116
126.89182
127.47813
19.32791
22.20455
44.88662
62.36488
75.14747
83.15106
92.23305
92.73740
93.10163
93.58401
93.84154
94.27119
94.49168
95.02963
95.80449
96.03953
96.90050
4.36185
23.48572
32.37528
50.30430
61.18018
66.92844
88.22876
88.59862
89.13749
89.30176
89.49561
89.83572
90.66986
91.08601
91.61142
92.22836
92.92502
4.45793
15.49878
20.19374
40.87225
70.15636
73.78279
87.31775
87.76807
88.11668
88.33827
88.57142
88.71409
88.93973
89.14325
89.88967
90.30419
91.31493
13.84768
34.57786
52.99663
65.32552
76.13772
81.33048
83.96674
84.81659
85.48383
85.77145
86.06864
86.58162
86.98777
87.31085
87.95070
88.33305
89.59813
2.74745
19.79801
32.56090
54.35914
56.42556
67.99397
79.89194
80.04610
80.89434
81.39436
82.07928
82.32900
83.30170
84.46493
84.70912
85.66353
85.94332
4.68060
15.71811
49.81191
80.27377
98.51856
115.02690
148.13198
148.30489
149.26604
150.56954
150.99408
151.19553
151.33571
151.75275
152.21208
152.62444
153.11899
14.94780
23.08395
35.86995
40.31888
47.93284
64.55408
80.59692
81.21993
81.38359
82.20337
82.62184
83.12698
83.27287
83.41521
83.64004
83.95993
84.24398
18.45958
39.29530
45.12719
66.92949
80.80119
84.05215
102.35598
103.00947
103.89823
104.06846
105.33818
106.41056
106.77038
107.76263
108.27265
108.62806
108.98396
2.07902
28.78666
42.97379
51.11200
51.88199
66.70855
81.95273
82.13345
83.69217
84.33688
84.88049
85.18836
85.44183
85.80340
86.26717
87.35082
87.47996
26.21867
36.97503
65.13552
86.13393
108.39015
117.78577
127.94417
127.97860
128.64186
129.07809
129.30090
130.21349
130.38846
131.14970
131.50022
131.99431
132.67972
19.23336
22.79639
32.54958
45.88836
56.43662
59.00061
70.94022
71.29942
71.51541
71.95791
72.21665
72.85085
73.83815
74.11083
74.31032
74.43910
74.57176
3.12021
20.04915
39.87582
45.36043
51.19476
84.27089
105.67225
106.47057
107.58002
107.79544
108.77556
109.10127
109.30747
109.48007
109.88545
110.76880
110.93060
22.11224
32.49190
43.70254
72.87650
84.19307
92.59092
100.47963
101.50756
102.78238
103.68689
104.20199
104.64533
105.33620
106.08892
106.40153
107.06264
107.74099
20.16146
28.10049
34.13921
36.03342
60.23205
63.27259
72.25889
72.90823
73.22180
74.06576
74.15401
74.42410
74.81312
75.77633
76.27889
76.76566
77.43832
17.76649
24.99207
38.29058
52.69610
78.92616
117.81362
149.00884
149.63033
150.09949
150.44601
150.98994
151.69349
152.23819
152.92467
153.67536
153.95046
154.67896
8.49207
13.20830
32.10070
39.57228
43.90924
59.50988
77.84632
78.61662
79.21398
79.31493
80.25615
80.46369
80.87393
81.26594
82.17818
82.91155
83.32724
37.29681
47.92595
82.56537
98.84828
114.22454
127.58051
151.08917
151.49686
152.14846
152.27427
153.08599
153.22852
153.67582
154.79663
155.31555
155.72777
156.36575
10.74141
48.23251
62.80753
77.63236
98.15911
128.90202
131.99819
132.31339
132.61241
132.76187
133.03343
133.50726
134.30540
134.92571
136.16817
136.52978
136.70815
0.67333
29.28859
46.02977
82.63976
90.82330
105.06769
155.35656
155.46275
155.93543
156.92882
158.50947
158.86551
159.07439
159.85598
160.21205
160.61405
160.90248
6.61429
18.62180
91.56232
105.23625
109.21505
161.59519
186.80607
187.32404
187.62786
187.98217
188.15506
188.51833
189.42836
189.54697
189.95687
190.35649
191.31878
13.95939
24.14692
29.34837
38.46953
59.98474
73.78154
83.82613
84.32532
85.07001
85.64098
86.20223
86.61311
87.29804
87.44688
87.84410
88.80486
89.40173
20.60850
35.18321
52.17414
58.84929
86.17410
94.56975
122.54781
123.07214
123.85548
123.98718
124.20105
124.66894
125.79670
126.38573
126.40010
126.75733
127.15208
8.84894
26.04191
44.79051
50.65866
69.82117
71.71311
77.36159
78.00854
78.31893
79.88934
80.59417
81.02450
81.87681
82.43679
83.14944
83.80240
83.90613
2.93756
23.63957
29.97448
51.18934
59.97543
65.57555
98.22787
98.99522
99.31813
99.48385
99.74164
99.87824
100.29483
101.42422
101.80092
102.21892
102.88947
9.48331
30.14089
42.53299
54.41744
61.65196
103.74506
106.14739
106.37741
106.90841
107.11341
107.77424
108.04545
108.30063
109.38724
109.53935
109.96662
110.12192
22.08440
70.67420
79.78994
99.82267
127.05195
132.35334
144.26983
145.19527
146.01758
146.52971
147.49062
147.65756
148.41353
148.57522
149.04294
149.16131
149.57854
29.57738
36.46441
49.70070
68.71190
80.93016
89.41806
138.64095
138.87613
139.42873
140.04289
140.35088
141.25446
141.70088
141.76519
142.29117
142.85517
143.63192
5.58994
13.83188
25.70260
37.59260
45.53300
66.83009
68.61538
68.67195
69.36690
70.35339
70.84320
71.42200
72.04754
72.39486
72.75977
72.97677
74.44113
16.45226
27.83652
46.73366
53.22643
66.07788
92.50532
99.60772
99.81193
100.34954
100.43283
101.12562
101.33496
101.57143
102.24551
102.81398
104.45987
104.53002
31.36085
41.24023
63.23964
79.50702
101.53615
115.38243
116.41658
116.96138
118.16988
118.54972
119.22523
119.42675
119.74341
120.82955
121.74077
122.61856
123.31270
16.72638
39.14824
55.51550
90.92540
105.14365
137.10257
148.10396
148.30728
148.95936
149.33642
149.69860
150.00723
150.38926
150.80635
151.46275
151.86908
152.15541
3.11172
18.81132
32.25267
40.17012
86.97367
101.26828
107.00658
107.84548
108.28329
108.61566
109.21545
110.05914
111.04919
111.37928
112.11513
112.63061
113.02841
20.89334
44.49022
67.86048
91.18318
104.59087
129.48420
138.46612
138.95621
139.73341
139.90751
140.58557
141.10747
141.37529
141.94689
142.78657
142.86333
143.24868
6.09300
14.62830
31.52478
45.73481
68.78462
107.96762
110.10204
110.98596
111.30337
111.60146
111.89400
112.33076
113.47295
113.75874
114.45842
114.90882
115.48093
11.98027
17.37589
41.79171
46.79696
64.06719
78.49006
82.36848
83.26493
83.46460
83.98643
85.04538
85.71114
86.03885
86.95155
87.93911
88.49802
88.52461
9.49870
41.90517
54.51298
58.23493
70.99517
81.37764
145.26687
145.48156
145.59744
146.18469
147.08095
147.76333
148.29720
148.52148
149.51415
150.05742
150.32792
11.14341
24.20912
55.26270
63.84531
72.59921
75.88822
89.82177
90.09823
90.44235
90.77771
91.30963
91.63016
92.44268
93.09455
93.65902
94.38513
94.63791
24.31176
39.02410
41.16008
41.89680
53.35082
77.11615
106.85932
107.53871
108.09725
108.50795
108.84041
109.19442
109.72855
110.07978
110.49769
111.34355
112.24608
4.99457
27.43965
70.39597
83.75431
86.79029
97.83161
128.34446
128.86932
129.46524
130.00483
130.23596
130.64509
130.92421
131.16458
132.41297
133.09220
133.58638
39.87973
41.99104
48.61784
60.32951
79.36542
89.84868
95.53417
95.79833
96.19718
96.24646
96.70574
96.77127
96.97425
97.87355
98.52584
99.00477
99.34236
19.96879
45.74567
66.97345
71.70086
75.86608
87.70570
118.13821
118.76791
119.47103
119.86760
120.15833
120.85014
120.94801
121.57321
122.13062
122.82525
123.14599
13.38097
21.40339
46.92193
65.24957
74.23262
111.50041
146.00008
146.36100
147.04767
147.95664
148.11305
148.83675
149.23290
149.54508
150.25598
150.57872
151.26742
14.89565
58.74006
76.98118
92.80595
94.72003
102.97807
118.03896
118.32249
119.28490
119.86928
120.26821
120.50865
121.23585
121.58372
122.02686
122.34666
122.84801
10.39142
21.96450
25.58499
43.29564
49.57265
64.56780
80.65902
81.50406
83.04651
83.56731
84.38626
84.63724
84.74801
85.18560
85.40277
85.80506
87.38873
10.27916
15.24448
32.42904
40.68162
70.28036
76.82254
95.67483
96.34931
96.84178
96.91554
97.26983
97.53856
97.75606
98.37187
98.89709
99.18383
99.33828
2.51943
10.28391
13.99374
42.54841
54.27337
63.36926
81.28910
83.03014
84.08013
84.34260
84.70323
85.65117
86.12373
86.68676
86.81212
87.12943
87.29209
12.48669
31.58116
38.95826
50.01908
59.61089
65.85860
83.56895
84.40275
84.57705
85.51146
86.04416
86.85327
87.51661
88.34756
88.55145
89.10218
89.85469
25.32616
47.27141
50.60719
83.98564
104.57365
130.82878
134.34652
135.06515
135.32197
136.34873
136.52084
136.65039
138.08875
138.64199
139.02384
139.64526
140.08362
9.19921
22.73489
35.17197
42.21686
51.10956
57.45938
79.99441
80.33846
80.78850
81.26374
81.60795
81.94014
82.39938
82.98336
83.40589
83.59189
83.81736
14.85233
26.75858
48.10287
60.45536
67.30079
95.84367
106.29834
106.79217
107.55557
107.59230
108.29419
108.76941
109.29354
109.86931
110.28250
110.75579
111.01130
5.87167
31.46436
39.17542
53.90902
67.45427
114.33815
123.56240
124.00386
124.40194
124.88799
125.72739
127.02919
127.53332
127.62439
128.11626
128.42490
128.51115
7.27543
14.14442
27.82684
44.09728
92.92800
99.69336
117.82968
118.27419
118.52670
119.27245
119.62340
119.82868
120.52802
120.93570
121.56198
122.16761
123.09950
1.30745
25.05076
38.43563
55.36878
77.81583
104.43939
116.80320
117.44493
118.12224
118.45161
118.89353
119.38618
119.88938
120.35976
120.89512
121.35608
121.86455
11.07264
22.08214
31.75204
41.71012
49.61032
51.51232
74.31285
74.57619
75.17918
75.70050
76.04237
76.63175
77.65253
77.91089
78.66914
79.39256
79.66736
14.99821
17.26496
20.42027
25.41931
35.93491
51.03421
60.78789
61.59369
62.34930
62.57283
62.65448
63.11615
63.78696
64.50838
65.24275
65.89389
66.32232
12.26267
32.16591
56.14755
73.57072
83.22882
91.77922
106.38984
107.08058
107.33527
108.20009
109.22991
109.73850
110.53681
111.43124
111.89564
112.09440
112.49992
8.05952
20.98471
58.02654
64.45517
70.63425
78.05164
94.80028
95.51555
95.55475
95.89083
96.40894
96.85780
97.16525
97.88487
98.71801
98.99682
99.06222
52.70819
66.42809
81.32969
94.22671
111.25120
127.53081
147.02437
147.14117
147.35801
147.44828
147.64496
147.93026
148.55538
148.94751
149.39263
149.73812
150.29461
5.62926
24.76879
50.46849
52.09009
65.36308
80.86154
104.28146
104.40510
105.16256
105.21852
105.83068
106.45384
107.00167
107.22599
108.47242
109.42138
109.50834
11.86580
15.53777
38.02710
41.40620
61.59301
89.16307
107.71068
108.21896
108.82739
108.92892
109.10812
109.83809
110.20616
110.48970
110.85949
111.68316
112.31068
15.42733
27.35812
45.24245
73.52463
79.14683
101.12021
116.31389
116.76138
116.90882
117.24740
117.67268
117.86184
118.52367
119.60193
120.41864
120.62083
120.78111
30.95368
44.37183
67.43116
88.41580
96.61380
119.28285
123.65879
123.80860
124.45958
124.48988
125.48534
126.08725
126.65902
127.49680
128.31631
129.28363
130.53233
17.35515
18.20820
77.09311
97.74490
100.04045
106.16281
128.11418
128.66365
129.13628
130.03324
130.71807
130.97134
131.55256
132.64898
133.56687
134.42476
134.91245
12.11851
36.24561
44.24413
63.89032
108.26251
114.25346
122.18252
123.57183
124.00432
124.60993
125.53950
126.87023
127.50105
127.78719
128.57897
129.18690
129.89463
8.76394
26.33111
36.29665
58.74841
71.19543
79.99587
119.00969
119.70394
119.99743
120.22093
120.97532
121.21309
121.46198
121.96094
122.42241
122.68370
122.88325
24.03596
34.94149
54.68418
56.96677
62.00411
100.39458
104.38407
105.06955
105.96610
106.59640
106.74454
106.92062
107.40295
108.07427
108.75470
109.54515
110.12239
8.55355
29.95278
58.41892
84.43627
114.37561
167.91075
176.20203
176.83961
177.55772
178.41484
178.79349
178.99445
179.33697
179.93142
180.32151
180.53085
181.21294
21.25814
29.80953
39.43375
41.09847
54.63824
56.36250
69.17836
69.55284
69.86081
70.26905
70.64266
71.48856
72.09813
72.47705
73.05837
73.45710
74.23248
1.76105
26.90468
63.41382
68.10070
82.05797
91.43507
99.26820
99.45090
99.51142
100.10664
100.54743
101.29118
101.51619
102.43721
102.93573
103.25182
103.52790
19.55660
40.42039
52.53926
54.00039
75.80123
83.99601
85.58928
87.43313
87.81431
88.21920
88.67633
88.89331
89.55518
89.77431
90.03059
90.57584
90.85757
18.63718
27.18075
45.19090
51.66899
83.21802
90.41181
113.15208
113.90737
114.24988
115.29968
115.65196
116.30693
117.01705
117.21645
117.92931
119.99710
120.38643
10.97380
13.91013
19.04770
39.49664
55.28325
76.72783
88.72733
89.04467
89.38103
89.84125
90.53827
91.00162
91.55022
92.01093
92.51941
93.20584
93.56411
13.03509
41.43550
43.35226
65.11904
113.22060
116.10542
129.74460
130.32222
130.87487
131.75879
131.90620
132.14328
132.26066
132.95925
133.45608
133.85243
134.88331
24.73158
32.07717
54.16882
71.71094
82.65233
105.88469
106.25061
106.53511
106.80515
106.88029
107.25539
107.32248
108.10874
108.36406
108.40039
108.76809
109.91753
3.70134
11.63597
17.33917
37.02537
45.52271
60.98252
91.43838
92.29123
92.58756
92.92284
93.65101
93.93890
94.49649
95.28722
95.80099
96.01065
97.20447
20.51053
34.93377
60.10717
91.09080
100.10405
111.52446
146.06207
147.43214
147.67399
148.06099
148.33212
148.94285
149.15891
149.80683
150.57360
151.30054
151.76271
15.57417
36.80590
41.58407
61.36591
75.22347
81.64744
88.07615
88.19842
88.92324
89.34934
90.18030
90.30884
91.02089
91.52810
91.66156
92.16647
93.18441
21.32451
46.11568
58.61392
81.11487
102.96786
116.68019
132.11756
132.90495
133.25485
133.54847
134.12896
134.42737
135.09564
135.67318
136.28925
136.66657
136.98837
6.52101
22.07954
34.44330
46.85407
78.12635
99.42091
134.09791
134.52988
135.52983
135.54850
136.37218
137.68612
138.51990
139.40159
139.64745
140.04177
140.30798
2.20490
10.20380
31.41929
39.56335
58.72202
76.64905
93.23742
93.69018
94.72281
94.95310
95.19226
95.58543
95.63243
96.05639
96.17624
96.37305
96.79058
9.13052
11.06390
16.33068
21.09973
48.40793
66.88017
79.59476
80.04905
80.61309
81.50212
81.96647
82.71610
83.25934
83.47029
83.96904
84.06111
84.60243
15.40476
36.32385
39.42901
49.58476
61.41340
70.41701
74.63632
74.88241
75.05224
75.52376
75.62544
75.88648
76.80861
77.33530
77.70088
77.83142
78.31647
7.78694
19.43721
20.54793
27.17586
36.35759
60.47137
74.51844
74.82994
75.37147
75.60398
75.90057
76.30839
76.87462
77.03988
77.62740
78.39073
78.97207
8.42858
20.60375
27.09753
52.51167
75.10614
90.26832
103.39908
103.50927
103.66634
103.79889
104.33815
104.40927
104.40935
105.23002
105.36777
106.37495
106.75085
29.89952
48.69299
77.27858
93.73465
123.02630
132.53692
168.91337
169.84556
170.02312
170.56624
170.69072
171.25509
171.88735
172.49444
172.89775
173.30487
173.59582
4.45043
23.65078
33.39900
49.15528
80.20016
92.53158
97.65022
98.17843
98.96222
99.49804
100.11372
100.66242
101.30245
101.86636
102.06669
102.19257
102.77074
26.31591
53.89681
86.31926
92.37045
118.17378
133.15869
146.70225
146.78219
147.19710
147.51822
148.01636
148.59392
148.95767
149.32980
149.78489
150.19503
150.53867
3.40393
7.93751
13.61335
38.15349
94.19256
104.24240
111.81921
112.73905
112.91451
113.74703
114.16016
114.76042
115.19736
116.80596
117.41066
118.32255
118.68682
