0.60790
0.83406
1.02512
1.07282
1.22187
1.44426
1.64269
1.88192
2.17686
2.77854
3.13679
3.24847
3.30192
3.69032
4.04193
4.49168
4.82294
5.34835
5.64771
6.05488
6.22116
6.71870
7.15658
7.24042
7.57380
9.02274
0.50133
0.71435
0.75556
1.30317
1.61120
1.80590
2.40026
2.75251
2.77297
2.92497
3.38171
3.52542
4.09734
4.31665
4.76846
4.79006
4.88591
5.59920
5.81409
6.18980
6.37708
7.29597
7.48177
7.90483
8.25646
8.35596
0.51518
0.72526
1.37868
1.61437
1.84915
2.31537
2.49484
2.94008
3.27568
3.36824
3.37041
3.71275
3.80692
4.82604
4.92251
5.12640
5.44643
5.58416
5.75607
6.06626
6.22395
7.02091
7.27253
7.48736
7.67151
8.17402
0.02842
0.09250
0.93217
0.94096
1.19864
2.25067
2.38056
2.43178
2.66090
2.81049
3.08971
3.31847
3.57790
3.84994
3.94003
4.04562
4.48743
4.50292
4.61750
4.79808
5.17710
5.45452
5.46571
5.72383
5.81900
6.23729
0.24969
0.73244
0.93388
1.28026
1.92173
2.15729
2.23498
3.18996
3.38911
3.66734
4.27230
4.38819
4.54583
4.91517
5.05130
5.28843
5.28972
5.68890
6.06741
6.21839
6.67195
6.80736
6.96356
6.97132
6.98374
7.04238
0.21263
0.22353
0.35143
0.71148
0.79196
0.94076
1.20746
1.38850
2.07865
2.14664
2.53188
3.15034
3.35826
3.71758
4.15174
4.51015
4.85216
5.37645
6.02097
6.62927
7.38529
7.53575
7.91387
8.46993
8.91262
9.56441
0.15797
0.38081
0.50520
0.70331
0.78271
0.87810
1.09344
1.58746
1.97585
2.11357
2.16910
2.34875
2.58972
3.48582
3.76318
3.87000
4.29913
4.34877
4.43482
4.89767
4.90496
4.93747
5.51480
5.99938
6.42838
6.94410
0.19099
0.20374
1.17981
1.38683
1.57975
2.06948
2.29331
2.35832
2.66915
2.75373
3.26438
3.66205
4.02762
4.03716
4.19625
4.79480
4.82854
5.23318
5.38700
5.60988
6.27496
6.48156
6.66889
7.22269
7.29325
7.41361
0.11202
0.23283
1.17532
1.28557
2.18572
2.89403
3.69257
4.04836
4.66562
5.11221
5.18488
5.52645
5.83077
6.31191
6.94596
7.70583
8.11264
8.82903
9.10098
9.62870
9.65613
10.19265
10.40388
10.85688
11.18859
11.26592
0.10094
0.31145
0.99031
1.60677
1.84469
1.88815
2.73805
3.00975
3.40937
3.48364
3.49367
3.72919
4.02634
4.62798
4.92588
6.00903
6.22486
6.36319
6.69843
7.05212
7.34175
7.75569
8.03924
8.24735
8.53359
9.20451
0.44706
0.66962
1.31452
1.49712
1.50977
1.56724
1.70360
1.77643
1.94443
2.02096
2.38677
2.63049
3.45169
3.75488
3.90511
4.14947
4.36396
4.50976
4.51239
4.74850
4.90995
5.17799
5.23738
5.39810
5.57247
5.88549
0.06881
0.17826
0.87464
1.37673
1.55308
2.03338
2.17778
2.73051
2.73541
3.25900
3.47844
3.61595
3.65576
3.93147
3.98340
4.35433
4.36450
4.70375
4.75430
4.91691
5.32946
5.80996
5.99116
6.02966
6.12307
6.18566
0.14940
0.49189
0.62871
0.63466
1.02227
1.40067
1.43028
1.70407
2.40723
2.89959
3.36940
3.47548
3.81357
3.91501
4.25944
4.58161
4.99963
5.06227
5.38874
5.44634
5.56955
5.88737
6.59747
6.95370
7.18258
7.85874
0.34547
0.34715
1.13519
1.51593
1.70232
1.86367
2.47828
2.48025
2.75272
2.80594
2.94136
3.61927
4.18423
4.49583
4.68919
4.86194
5.90491
6.30235
6.67174
7.13858
7.28155
7.68983
8.20976
8.58977
8.92088
9.01236
0.27013
0.35685
1.36514
1.43703
2.20820
2.32662
2.49014
2.58796
3.11329
3.60587
3.65761
3.91854
4.19193
4.57242
5.05908
5.11503
5.24101
5.44996
5.58238
5.79535
6.64829
6.91584
7.23134
7.78129
8.17497
8.60999
0.20969
0.46160
0.52177
0.86181
0.94245
1.08555
1.33636
1.95366
2.71426
2.87054
3.75329
3.82124
4.25174
4.66275
4.95918
5.77784
6.40898
6.69136
7.59983
7.82005
8.35207
8.80110
9.03018
9.16010
9.61640
10.14177
0.40241
0.84020
1.32792
1.39774
1.84888
1.87111
2.45154
2.76806
2.94323
3.14961
3.39696
3.50591
3.84902
3.91877
4.41893
4.68471
6.12459
6.27334
6.57513
7.08688
7.37033
8.05055
9.19684
9.37422
9.86367
9.98493
0.13493
0.18784
0.30115
0.73443
1.08376
1.35796
1.88888
1.91261
2.16094
2.45450
2.57520
2.70314
3.38124
3.52473
3.65346
3.84991
4.30019
4.59294
4.78280
5.01044
5.21274
5.36093
5.92477
6.25168
6.72527
7.20852
0.26436
0.51506
0.63091
1.09515
1.25954
1.93712
2.37287
2.88316
2.92201
3.43408
3.52057
3.72475
3.80016
3.85165
3.97843
4.54215
5.02177
5.27311
5.91020
6.41937
6.42370
6.92057
6.97807
7.00134
7.24023
7.60452
0.46356
0.68937
1.11658
1.26480
1.55312
2.07045
2.42257
2.43175
2.60258
3.16817
3.45482
3.88438
3.93495
4.30392
5.15052
5.97287
6.12469
6.60431
6.74189
7.34575
7.80156
7.93765
8.02967
8.35794
8.50206
9.03716
0.15494
0.84668
1.04080
1.25314
1.57738
1.69068
1.95129
2.40201
2.85565
3.12118
3.32736
3.43819
3.59621
3.68426
3.96337
4.36972
4.45388
4.72778
4.80755
5.35825
5.96196
6.11112
6.30845
6.52651
6.70057
7.27546
0.02340
0.16147
0.20836
0.52778
0.80880
1.32570
1.55461
1.84674
2.05047
2.21449
2.36265
2.95942
3.56241
3.68743
3.74127
3.82805
4.31774
4.90126
5.08174
5.26398
5.45944
5.75063
6.31850
6.48874
7.30708
7.43303
0.25775
0.38173
0.70819
1.05422
1.50408
1.78854
2.17507
3.12106
3.53962
3.67812
3.85933
3.85940
4.04959
4.25116
4.47056
4.72309
4.91820
5.14851
5.55636
5.74086
5.79054
6.64254
7.03209
7.10222
7.25562
8.16559
0.62217
0.78635
1.18902
1.45412
1.86493
1.95154
2.78562
2.80277
3.24198
3.58135
3.98838
4.35285
4.90655
5.29779
5.84962
6.01591
6.51866
6.60754
6.81703
7.11644
7.68182
8.01295
8.32435
8.77727
8.90044
9.02335
0.69723
1.34713
1.49782
1.71904
2.34268
2.78682
2.89193
3.12999
3.42768
3.69428
4.22182
4.42410
5.41192
6.55920
6.86347
7.40693
7.83417
8.26341
8.35420
9.12900
9.45145
9.94750
10.05188
10.18280
10.44057
10.73566
0.41796
0.59948
0.89449
1.44209
1.55637
2.40016
2.52585
2.92983
3.22453
3.24112
3.81439
3.87232
4.54282
4.74093
4.94379
5.45516
5.81317
5.97900
6.11548
6.72542
7.30025
7.48504
8.02321
8.35598
9.01731
9.36731
0.25113
0.45405
0.56668
0.79329
0.83646
1.04975
1.62159
2.25394
2.48578
3.08699
3.36510
3.55299
3.68602
4.07413
4.40046
5.05744
5.17355
5.17903
5.65484
5.77920
5.86683
6.18889
6.18918
6.42640
6.47982
6.70353
0.08754
0.58796
0.97333
1.66508
1.73836
1.90867
2.27773
2.56444
2.87475
2.95336
3.00088
3.29419
3.63558
3.67455
4.10704
4.69023
4.77920
5.04082
5.28802
6.10346
6.36775
6.63500
6.83594
7.20996
7.45700
7.78723
0.25774
0.46230
1.73053
1.94853
2.00035
2.22003
2.59271
3.19736
3.83165
4.79395
6.08624
6.42377
6.65363
7.03723
7.22872
7.69945
8.07753
8.22490
8.43584
8.57310
8.81029
8.93934
9.11209
9.52292
10.00120
10.66652
0.23051
0.56927
0.89044
1.31905
1.69479
1.78728
1.85983
2.12623
2.23907
2.24349
2.60024
3.17734
3.28996
3.87542
4.53805
4.75943
4.78495
4.96078
5.26970
5.88615
5.98920
6.06634
6.14754
6.16230
6.30481
6.84594
0.08376
0.20316
0.54104
0.78858
0.99178
1.20077
1.68813
1.72690
1.98077
2.64010
2.75485
3.00708
3.18948
3.48969
3.56034
3.59334
4.04912
4.37684
4.69407
4.69779
5.22953
5.30122
5.42274
5.71476
6.35122
6.47829
0.32525
0.82812
0.89038
1.06948
1.41946
1.77100
2.07343
2.40048
2.55722
2.77916
3.36434
3.84185
4.16714
4.49803
4.61420
4.93829
5.24245
5.49503
5.95369
6.67439
7.37943
7.49496
7.54893
8.02548
8.64460
8.73927
0.46187
0.79492
0.85848
1.04142
1.42512
1.91580
2.35690
2.41264
2.46615
2.75270
2.83688
3.25591
3.50761
3.70863
4.02839
4.39231
4.62267
4.86867
4.86980
5.19768
5.38918
5.61559
6.08840
6.24664
6.32431
6.54838
0.12081
0.41295
0.56626
0.57555
0.61258
0.76485
0.79429
1.14755
1.23948
2.03219
2.13780
2.13887
2.71336
3.09304
3.35503
3.45470
3.69573
3.84160
4.00345
4.02443
4.33084
4.75303
4.86682
4.99142
5.18186
5.23382
0.40182
0.44459
0.55194
0.64172
1.38634
1.66874
1.89523
2.57307
3.19826
3.66538
3.72572
3.89094
3.89840
4.07362
4.21891
4.48476
4.80254
5.09818
5.23208
5.24557
5.29660
5.74995
6.00237
6.67422
6.94327
7.18234
0.43972
0.62036
0.73690
1.23762
1.44180
1.70985
2.18575
2.31054
2.43147
2.52004
2.57725
2.76051
2.95634
3.27914
3.33013
3.47200
3.71284
4.07284
4.14780
4.66906
5.02242
5.44196
5.73189
5.96254
6.45474
6.71639
0.38343
0.53024
0.71270
1.42015
1.98959
2.15342
2.56568
2.86327
3.36600
3.66610
4.07453
4.47773
4.90041
5.08737
5.36698
5.52982
5.55876
6.09316
6.54811
6.87095
7.02030
7.11714
7.32642
7.40019
7.90263
8.72171
0.20322
0.44085
0.55069
0.59423
0.84024
1.16536
1.23903
1.75231
2.14143
2.71641
2.99758
3.22359
3.54693
4.33533
4.90217
5.46166
5.71581
6.20704
6.30298
6.39204
6.64526
6.66176
6.69390
6.93857
7.08088
7.22844
0.83095
1.26310
1.50948
1.60182
2.06579
2.46281
2.48660
2.94413
3.11630
3.58664
3.84191
4.08443
4.15945
4.47743
4.84261
5.55832
5.71339
6.37129
6.40540
6.53121
6.66054
7.12085
7.66736
8.01487
8.13487
8.48908
0.25180
0.56459
1.04737
1.39978
1.43995
2.49546
2.93845
2.97685
3.18756
3.70138
4.06266
4.59693
4.68716
4.82914
5.12280
5.54889
5.71038
5.94062
6.06806
6.27888
6.43841
6.80844
6.91475
7.17908
7.25166
7.38025
0.53958
1.43412
1.65037
1.94013
2.69844
2.92918
3.53199
3.78121
4.04623
4.43793
4.60873
5.66657
5.83750
6.12956
6.14644
6.55861
6.65275
6.75511
7.17211
8.13429
8.42366
8.67218
8.99961
9.34019
9.37157
9.48445
0.39148
0.46389
0.94032
1.23828
1.50998
1.68927
2.11337
2.17085
2.98611
3.08917
3.18888
3.50366
3.50557
3.90176
4.01715
4.20207
4.74420
4.78588
4.86259
5.00542
5.25018
5.38916
5.42981
5.45224
5.51850
6.23930
0.48957
0.92756
1.10243
1.42529
1.59416
1.99975
2.11620
2.32534
2.46985
2.71310
2.95749
3.33081
3.87941
4.26753
4.71119
4.87556
5.28987
5.77942
6.02202
6.03193
6.14395
6.68510
6.69155
7.13066
7.39166
8.00771
0.31711
0.68396
1.66023
1.77497
2.13806
2.17014
2.17290
3.03429
3.03549
3.46370
3.81948
3.94313
4.13868
4.77660
5.36349
5.45129
5.66273
6.07649
6.12275
7.32427
7.82203
7.88387
8.55119
8.61592
9.31281
9.40465
0.51062
0.56801
0.79173
1.18082
1.29712
1.81778
2.18867
2.42193
3.06215
3.25998
3.62381
3.93994
4.26599
4.34251
4.94868
4.96419
5.03681
5.17365
5.96066
6.21407
6.33480
6.63085
7.18370
7.40804
8.09417
8.12134
0.41717
0.51653
0.85377
2.10109
2.10762
2.95925
3.63326
3.88711
4.69243
5.13044
5.41687
5.79483
6.05013
6.46044
6.78862
6.95230
7.00705
7.17529
7.44043
7.58771
8.11204
9.02127
9.49983
9.60262
9.82888
10.07287
0.13920
0.21384
0.77779
1.03104
1.03767
1.87399
2.15847
2.20175
2.47693
2.75163
2.77105
2.96854
3.09994
3.36386
4.10288
4.22195
4.52022
4.57566
4.79610
5.25710
5.45791
6.01759
6.03026
6.11363
6.40182
6.75836
0.06981
0.17546
0.35717
0.54897
0.71763
0.97907
1.31901
1.68472
2.51477
2.60364
2.73540
3.03902
3.60490
3.66433
3.77523
3.99491
4.33609
4.39976
4.45683
4.87528
5.12405
5.17331
5.44403
5.45887
5.57637
5.93040
0.04063
0.13196
0.54079
0.70123
0.73867
0.79891
0.88554
1.08399
2.01798
2.41300
2.77662
3.09487
3.32425
3.38123
3.79708
4.30050
4.56824
4.80966
4.82355
5.01322
5.18590
5.31184
5.70178
5.98413
6.21602
6.46343
0.03864
0.27241
0.57764
1.02428
1.32322
1.90509
2.33080
2.38845
2.81881
2.99097
3.50207
3.82276
3.95929
4.13249
4.51304
4.68859
4.97497
5.34182
5.51399
6.70023
7.15206
7.71738
8.11165
8.26470
8.99168
9.28348
0.12262
0.58072
0.74807
1.44753
1.50690
2.07694
2.37809
2.78976
3.17234
3.42308
3.76559
3.85703
4.09787
4.37832
4.52992
5.36452
5.81327
6.47951
6.64173
7.25678
7.36341
7.46238
8.28841
8.52478
8.70026
8.70043
0.29887
0.43863
0.73344
1.12039
1.28137
1.52410
1.82718
2.00969
2.15895
2.32881
2.40940
2.93914
3.07582
3.47497
3.67268
4.24756
4.54762
5.17512
5.40987
6.12824
6.18590
6.49443
7.17818
7.35343
7.36587
7.57853
0.07342
0.23504
0.57757
0.71652
0.95263
1.27816
1.48626
2.27792
2.40922
2.87348
3.14919
3.84074
4.04786
4.55951
4.89429
5.20543
5.64588
5.74343
6.26780
6.60291
7.23700
7.47625
7.62629
7.99052
8.22372
8.34112
0.18256
0.47310
0.97397
1.13775
1.75757
1.84105
2.35777
2.96495
3.07642
3.07801
3.56449
3.69085
3.95267
4.00674
4.19678
4.57560
4.67451
5.49043
6.41596
6.53997
7.07984
7.21655
7.26339
7.76391
7.84108
7.91667
0.35354
0.47592
0.68062
0.73406
1.11071
1.54857
1.70937
1.78122
2.33347
2.75807
3.17367
3.40301
4.08889
4.31309
4.32124
4.42550
5.01062
5.12048
5.26247
5.32217
5.66742
5.82112
6.12160
6.22773
6.84045
7.16171
0.15002
0.80962
1.39085
1.93631
1.94103
2.21789
2.51031
2.78505
2.87702
3.37116
3.98493
4.00577
4.15397
4.18266
4.63077
4.71372
5.07942
5.09794
5.31760
5.37116
6.05994
6.69700
6.87351
6.93637
7.04337
8.18744
0.49952
0.61979
0.74572
1.03839
1.42407
1.61429
1.64633
1.71089
1.90410
1.95762
2.26602
2.36823
2.76149
2.78974
3.42065
3.52322
3.54396
3.86540
3.99494
4.37160
4.43434
4.72004
4.88170
5.23896
5.62999
5.77313
0.23261
0.70723
1.13203
1.16761
1.24867
1.96093
2.48467
2.95849
2.96755
3.37939
3.53245
3.67085
3.95911
4.04112
4.10534
4.32416
4.65857
4.67139
4.97919
5.53846
5.90166
5.93345
6.25329
6.66518
7.21632
7.52851
0.16701
0.44424
0.47423
1.13607
1.69805
1.89213
2.12010
2.50598
2.76657
3.58668
4.16584
4.28634
4.66043
5.03370
5.34319
5.66769
5.88593
6.33701
6.71495
6.91990
7.46185
7.63985
7.77051
7.94903
8.23361
8.26142
0.11713
0.21181
0.89907
1.73045
2.22687
2.29872
2.63650
3.67147
3.95561
4.75149
4.83052
5.02057
5.24670
5.68462
5.89404
6.19216
6.36758
6.84351
7.36205
8.47854
8.56841
9.27858
9.56581
9.99320
10.29942
10.42243
0.05112
0.78991
0.87403
0.94719
1.66557
2.14376
2.26366
2.46669
2.52791
2.76177
3.14596
3.53279
4.22391
4.61891
4.85883
5.01006
5.30264
5.69451
5.95032
6.36009
6.44670
6.84333
7.65664
7.87071
8.13718
8.33516
0.17848
0.55913
1.17663
2.11765
2.27741
2.45790
2.64115
2.83051
3.06123
3.31974
3.66714
3.98479
4.08207
4.54896
4.63573
4.79888
5.24667
5.41762
5.85671
5.97467
6.19402
6.27886
6.47144
6.86237
7.42306
8.60265
0.30482
0.82709
0.97999
1.19131
1.41052
1.41223
1.77603
2.14923
2.47094
3.06166
3.62100
3.80968
3.88874
4.38511
4.62401
4.91842
5.35425
6.04039
6.48066
6.77949
7.20379
7.20480
7.34770
7.84325
7.91897
8.30366
0.45984
0.64723
1.34292
1.34619
1.80077
2.04979
2.45358
2.60389
3.15781
3.67580
3.88833
4.27411
4.57490
4.90942
5.16870
5.40573
5.89519
6.05148
6.27402
6.58209
7.23880
7.50492
8.32913
8.43888
8.78184
9.69619
0.05426
0.09862
0.27156
0.35219
0.38117
0.49129
0.82642
1.21892
1.34411
1.59163
1.64621
2.31359
2.50361
3.38703
3.40773
3.64200
4.44888
4.66203
4.88985
5.21157
5.41957
5.64304
6.07376
6.43349
6.64677
6.85277
0.47205
0.81291
1.52548
1.78943
2.36138
2.85710
3.62376
3.75749
3.99861
4.17726
4.66136
4.66233
4.92041
5.12542
5.46352
5.78755
5.82378
5.87648
6.17335
6.43716
6.68436
6.93796
6.96196
7.13578
7.59484
7.81240
0.25462
0.35196
0.56587
0.87510
1.74087
1.77500
2.21718
2.41781
2.71643
3.08434
3.29160
3.78246
3.93905
4.05964
4.11664
4.16399
4.48244
4.88376
5.14027
5.48099
5.65514
5.83193
6.22222
6.34390
6.62099
6.68338
0.43895
1.09711
1.40385
1.55766
1.67806
2.21092
2.21119
2.52504
2.58667
2.61748
2.75795
2.95222
3.38718
3.71860
3.79534
3.91520
3.96287
4.23259
4.52718
5.00926
5.52339
5.77477
6.30504
6.77559
7.04794
7.13527
0.51432
0.73667
0.91320
1.56135
1.84488
1.91705
2.24535
2.51959
2.52816
2.67208
2.99456
3.41301
4.16753
4.58139
4.62383
5.10231
5.21404
5.70894
5.96505
6.80635
7.18853
7.53302
8.39638
8.93753
9.07289
9.30034
0.23472
0.39777
0.76129
0.87467
0.88167
1.36790
1.41203
2.09600
2.14374
2.74002
2.89405
3.19137
3.61749
4.33616
4.61399
4.61895
5.01816
5.68327
5.87113
6.28339
6.62004
6.89430
7.08084
7.08394
7.41409
7.56655
0.48666
0.59258
0.94178
1.12157
1.29929
1.69567
1.83596
2.11470
2.63128
3.09354
3.18075
3.18562
3.81646
3.98014
4.09856
4.46267
4.75456
4.83400
5.52177
5.61895
6.46775
6.76328
7.08680
7.18808
7.31657
7.65977
0.29708
0.67715
1.13240
1.27323
2.32633
2.59757
2.73800
2.90186
2.96454
3.48687
4.06657
5.09824
5.59522
5.97248
7.12693
7.14857
7.26418
8.07833
8.49793
8.72565
8.91984
9.17079
9.38512
9.68452
9.77327
10.02011
0.68885
0.99043
1.12356
1.57103
1.63103
2.01921
2.29399
2.32792
2.36009
2.44392
2.56486
2.86785
3.13507
3.41077
3.85575
4.15249
4.41332
4.70325
4.97731
5.20428
5.70185
6.32631
6.65674
6.83378
7.12207
7.52728
0.50328
0.84791
1.53633
1.75447
1.98340
2.23963
2.64587
3.17354
3.23459
3.42380
3.74294
3.87318
4.13490
4.27450
5.58051
5.94410
6.19941
6.63377
6.74065
6.89191
7.34123
7.82732
8.08384
8.43987
8.62621
9.25151
0.95441
1.27912
1.36299
1.39090
1.42394
1.95781
2.23528
2.50708
2.87720
2.97969
3.42033
3.71661
3.88357
4.06846
4.07651
4.73556
5.66722
5.70393
5.70911
6.45523
6.67378
6.89328
6.97763
7.00311
7.01175
7.29157
0.09091
0.16601
0.76450
1.10076
1.42490
1.70902
1.98408
2.61444
2.97936
3.79069
4.35444
4.50097
4.56160
4.85137
5.03078
5.11801
5.30470
5.69611
5.72664
6.05976
6.31205
6.78935
6.78935
7.08648
7.36104
7.89127
0.84383
0.87432
1.06811
1.09790
2.01570
2.30723
2.43647
3.09167
3.64243
4.29737
4.43473
4.77554
5.39880
5.76547
6.04152
6.52312
7.32692
8.13153
8.28751
8.72040
9.42952
9.89262
10.38739
10.38740
10.62825
11.02143
0.05996
0.87324
0.96146
1.08136
1.20965
1.46029
1.53584
1.83617
2.17577
2.39023
2.51718
2.80099
2.87875
3.14078
3.64086
3.91304
4.20415
4.59488
4.60143
4.79714
5.20623
5.43994
5.52506
5.61102
5.92580
6.12011
0.14202
0.33647
0.85566
1.38627
1.45747
1.84690
2.90788
2.94997
3.15800
3.55988
3.93365
4.19670
4.45057
4.48442
4.68589
4.86263
4.86571
5.08363
5.08387
5.31440
5.68270
6.09611
6.26007
6.45912
7.02642
7.40338
0.07176
0.12227
0.50791
0.60465
0.97074
1.08801
1.56994
2.20574
2.39141
2.60989
2.76544
3.01310
3.48267
3.92871
4.42047
4.96896
5.17222
5.40666
5.74910
5.90812
6.24575
6.34838
7.08355
7.31588
7.55646
7.71580
0.49597
0.54464
0.94423
1.23952
1.43457
2.01721
2.50655
3.15763
4.38873
4.75227
5.10509
5.22385
5.50885
5.60340
5.69648
6.39945
6.80927
7.22862
7.57098
7.66627
7.91602
7.98035
8.26478
8.38202
8.66919
8.88485
0.57345
1.04728
1.05464
1.32069
1.50112
1.89693
2.31302
2.31652
2.34055
2.71189
2.82065
3.07960
3.15776
3.35720
3.58169
4.07094
4.77508
5.14899
5.47190
5.49988
6.09862
6.40895
7.09156
7.33513
7.53587
7.83546
0.24084
0.29408
0.83564
1.16964
1.69042
1.99855
2.15002
2.38803
2.43659
3.13600
3.31891
3.39525
3.60893
3.93211
4.21939
4.50177
4.59227
4.83046
5.09318
5.39898
5.79149
6.02024
6.42346
6.51188
6.91032
7.29782
0.55783
0.77783
1.41370
1.81465
2.39316
2.48300
2.77743
3.21073
3.59275
3.62014
4.30034
4.67992
4.74233
5.14418
5.57198
5.87032
6.38006
7.49970
7.75649
7.97720
8.15315
8.60885
8.69291
9.12546
10.16980
10.63441
0.01950
0.18049
0.25411
0.43485
0.83371
1.01734
1.33164
1.44075
2.18527
2.37777
2.51975
2.89922
3.15667
3.22119
3.76384
4.64663
4.87764
5.25543
5.62606
5.93851
6.16634
6.31609
6.76912
6.91368
6.96469
7.09725
0.25473
0.46825
0.55933
0.77069
1.07196
1.26816
1.38753
1.89562
2.19277
2.52490
2.75214
3.14962
3.34369
3.86118
3.88042
4.54035
4.54693
4.74992
4.86237
5.04507
5.66617
5.85179
5.95084
6.27670
6.44738
6.58799
0.45692
0.53741
0.54277
0.90888
1.16558
1.21995
1.44671
1.54195
2.01665
2.21532
2.29223
2.53846
2.90251
2.94817
3.21441
3.22731
3.40335
3.50477
3.86693
4.05659
4.15555
4.53894
4.68138
4.94915
5.10068
5.35260
0.29002
0.51188
0.99342
1.53615
1.72474
1.93327
1.96620
2.64254
3.28517
3.47872
3.68211
4.26835
4.63074
5.15078
6.17481
6.68833
7.04441
7.37174
7.44916
7.70045
7.81840
7.92816
8.11872
8.43924
8.65533
8.75647
0.44200
1.17564
1.62411
1.66920
1.89698
2.05697
2.55053
2.95109
3.81943
3.90760
4.28306
4.39874
4.41355
4.52619
4.59226
5.06685
5.24116
5.36445
5.72313
5.94493
6.16281
6.55532
6.87062
6.88551
7.53179
7.57305
0.26399
0.48192
1.27143
1.66316
1.83602
2.06713
2.66299
2.72643
3.53329
4.02558
4.65728
4.99735
5.41128
5.48941
5.79222
5.88298
6.65653
7.15000
7.30414
7.63443
7.80684
7.87662
8.03709
8.36782
8.79943
9.34703
0.24333
0.52248
0.55766
1.55830
1.92406
2.30167
2.84312
3.31588
3.32100
3.35489
4.04882
4.60605
4.91633
5.08338
5.58749
5.86002
6.01139
6.12908
6.65561
7.09453
7.46831
7.66343
7.78435
8.00932
8.19024
8.29964
0.48672
0.92993
1.15987
1.19530
1.29551
2.34260
2.49007
2.53449
2.59421
2.66468
3.62732
3.89829
4.06975
4.20530
4.39020
4.50102
4.61497
4.61791
4.81222
5.73474
5.87118
5.99759
6.60468
6.90982
6.97330
7.23867
0.11143
0.22412
0.47855
0.75239
0.76424
1.01144
1.26456
1.35731
1.38582
1.58003
1.68374
2.44337
2.99023
3.28372
3.73425
3.98667
4.02839
4.36630
4.53601
5.41476
6.02035
6.09541
6.62453
7.24946
7.89043
8.16880
0.25864
0.73704
0.93885
1.11343
1.12222
1.12223
1.52197
1.80493
2.10551
2.15389
2.63588
2.77311
3.06880
3.14845
3.30196
3.31258
3.66246
3.92397
4.35266
4.54282
4.91854
5.26604
5.95470
5.96212
6.30487
6.66943
0.11226
0.54158
1.40206
1.48539
1.76930
1.99100
2.50527
2.69425
3.21857
3.55310
3.64720
4.26690
4.38648
4.77605
5.17909
5.25944
5.52698
5.85478
6.39596
6.60884
6.98847
7.33459
7.36224
7.64142
7.65537
7.70143
0.19452
0.21209
0.36514
1.18160
1.30827
1.68698
1.90638
2.19541
2.90577
3.07230
3.80712
3.96317
4.75863
4.90815
5.46964
5.66002
5.66716
5.97064
6.84523
7.09189
7.47666
8.36658
8.64499
9.02860
9.03874
9.06217
0.24207
0.30191
0.49812
1.01719
1.10824
1.23633
1.30610
1.77726
2.20980
2.43320
2.53100
2.54454
3.10208
3.22044
3.52780
3.79262
3.90069
4.21459
4.29888
4.58358
4.62642
5.17979
5.20767
5.49380
5.95039
6.13113
0.30655
0.58458
0.89005
1.26934
1.34879
1.64895
1.75897
2.09772
2.14312
2.41171
2.57768
2.63400
2.82455
3.22478
3.68874
3.87102
4.37593
4.46536
4.54594
4.58217
4.98773
5.41881
5.48988
5.52242
5.54437
5.78115
0.36004
0.50698
0.77974
0.82110
1.14366
1.44138
1.84715
2.04216
2.80416
2.82325
3.28545
4.60721
4.89553
4.91522
5.68953
5.87651
5.99582
6.21228
6.43332
6.85960
7.43933
8.25970
8.36731
8.74573
9.01120
9.17214
0.39767
0.65784
0.82983
1.59431
1.63339
2.23470
2.32786
2.38759
2.52329
2.90274
2.95751
3.47116
3.69434
3.93744
4.27576
4.91943
4.93897
5.21171
5.74591
5.77553
6.02463
6.45701
6.90906
7.00970
7.36599
7.70871
