6.42170
10.25738
15.96749
20.86435
28.55220
35.11988
45.54387
50.71196
57.80876
64.59674
69.45197
76.54948
80.78300
83.96651
93.58920
97.74622
100.78593
111.28365
118.18250
128.34397
132.20093
2.31544
4.55248
6.56915
17.21959
24.29742
28.56630
36.28867
46.28196
46.76101
54.87479
61.94874
66.18235
68.01732
73.69808
77.62987
81.52832
87.09275
92.97125
97.17910
100.00130
105.15544
6.43326
12.07542
17.15975
24.66707
29.57975
34.72429
41.43885
49.46273
56.57890
60.01422
62.56830
69.91459
73.41807
80.36733
85.66656
87.74556
91.86877
99.10585
103.82016
112.75626
118.79135
3.95250
4.88876
10.06869
11.44834
13.81856
23.08153
26.29590
30.68778
33.93737
35.25139
41.29457
53.91721
62.64801
66.88174
73.20156
80.12832
88.24558
92.44033
100.72849
103.75521
120.04414
4.20351
8.65941
12.53943
21.76294
24.42132
30.27995
36.16623
41.86423
43.36736
46.89464
52.81139
58.33231
64.49233
72.37173
79.76762
87.42966
92.11645
98.25061
103.40889
105.81519
109.20243
8.10633
12.24706
21.50141
35.31974
39.72600
47.33726
54.10788
69.21337
73.26938
76.62282
84.34018
89.52812
91.44293
99.86810
104.16113
110.21963
117.06516
119.26176
124.85576
132.71145
135.11321
3.60454
9.50725
17.57281
21.70785
27.81595
35.67728
43.73575
54.43627
59.00862
64.72219
71.20259
78.03080
82.77600
88.27104
94.28993
100.43825
106.89841
108.60626
111.66399
115.31785
121.32630
8.12090
17.49630
24.45588
28.06870
35.67836
43.44021
50.10633
53.40794
61.76531
66.37740
70.65051
73.67650
77.80105
80.71970
83.83435
87.98141
92.07534
93.47239
97.60496
99.90912
102.94507
9.71171
12.92400
27.81308
32.07379
36.24267
47.83709
50.31265
56.48091
59.94933
61.53756
67.50630
72.14207
74.47925
83.77040
89.96119
93.91630
98.46392
103.48741
108.23158
115.86497
124.03215
7.66452
12.22337
16.97651
34.31786
36.66859
41.03843
45.56640
52.55909
55.32108
61.25507
66.93292
71.27374
79.19480
87.32333
93.13895
98.48779
104.40429
111.11778
115.19339
118.51283
123.75073
5.07732
14.87693
18.10896
24.70155
34.68784
42.80312
47.77362
52.92222
59.26639
70.12724
76.94890
82.13885
89.45048
91.79574
97.87960
99.95940
107.36572
112.84527
119.25432
126.36789
130.57982
4.11021
10.07913
13.17286
15.91333
17.81179
25.21224
28.18172
29.30325
37.00695
40.18955
44.13953
47.90229
54.71451
65.99290
69.40555
71.35489
78.02905
84.64456
88.44845
90.56546
101.34159
10.77576
17.73535
25.26165
28.74378
33.69172
40.01692
45.26734
50.90720
60.80140
64.18398
70.03674
72.75984
76.03326
83.37683
88.38714
94.38234
104.31225
106.77159
112.05622
119.16681
125.41580
2.26087
13.16212
16.09589
21.01709
29.37414
34.55953
38.31200
49.36920
57.98836
65.12861
69.29516
73.09754
76.36955
84.20843
86.05272
93.50057
100.78153
106.46171
112.18822
123.06040
127.64469
7.27238
14.50886
17.94083
25.48654
31.19931
35.26470
40.61138
43.20363
47.62576
52.04481
56.63874
64.96899
70.97113
74.22492
85.18837
88.46832
93.21650
98.00367
107.21429
113.13602
115.10330
9.41962
21.30277
32.28415
35.84141
39.56931
47.34587
49.29760
52.97428
56.94115
62.92777
69.01903
73.47150
86.63190
88.22665
96.64876
99.52378
104.35642
111.49811
120.22394
123.06837
132.02799
5.35178
12.42245
21.48658
27.81364
35.02964
43.35527
46.85552
56.63808
61.27208
64.33768
73.37825
77.04351
85.09524
90.18977
96.76467
101.79372
103.77983
107.97392
112.50931
125.13896
133.64848
3.27566
8.10463
12.42566
14.93679
20.22253
28.53082
38.15818
43.09849
48.07728
51.28192
54.93077
61.65786
64.12604
69.91360
79.18467
83.04860
89.84146
93.53392
101.55248
112.32479
120.04389
3.89493
9.23181
15.15842
21.45579
25.78527
28.43941
33.52321
35.64153
39.68915
43.21442
51.26317
63.76936
71.26579
76.61738
83.29552
88.16533
93.80064
100.34030
108.08889
112.06281
113.94268
5.57440
11.76911
20.13309
28.66867
30.16407
37.57827
38.12219
42.50781
45.36236
52.20774
56.27161
60.32006
64.92572
72.15440
75.27510
78.63931
82.95172
88.36694
93.10205
101.64143
112.02111
12.53151
16.89788
27.07239
36.18718
39.67083
46.07257
50.47224
64.75413
65.89661
72.23585
78.60829
84.63136
86.95003
96.76729
97.94410
102.19266
106.47768
113.75783
120.48490
125.26408
136.25511
6.73700
13.06707
15.15330
32.20907
38.06872
48.12265
52.22957
60.52848
64.21609
72.28678
75.09284
80.93369
87.69491
90.15105
92.59381
98.97614
103.75826
110.18695
112.92076
115.32960
118.92403
7.33242
15.02490
19.79610
25.91518
35.19451
39.84153
40.53766
42.86638
51.74491
58.52094
67.55049
72.78253
77.03442
82.04032
88.77232
99.30336
106.78811
114.54209
118.79363
124.19821
126.60679
4.32746
5.12054
9.33280
18.40300
22.31182
33.24079
40.14906
43.94030
52.15875
61.12983
65.83409
71.16709
75.53365
79.07498
82.55443
93.80983
97.98167
112.45601
117.23593
126.27235
132.90973
7.66354
11.76745
17.74483
22.08717
24.99801
31.30093
40.56874
46.19740
49.43267
54.76534
65.68167
74.81700
81.38894
89.28555
95.02536
99.42516
102.65058
107.40824
114.52422
122.60825
127.89354
1.95634
7.37475
16.66367
22.74873
24.15668
29.37092
33.62061
38.52941
45.78902
52.13228
63.82983
73.96094
83.49987
92.16333
102.10069
109.19591
118.73294
121.80922
124.03615
128.64078
133.19468
5.51518
8.57997
11.59695
16.82968
25.38445
27.61392
40.57817
43.12362
50.89833
52.81393
57.39540
61.25861
64.92485
71.36402
78.86738
83.03160
86.24859
95.24090
101.25752
105.14325
107.57698
2.97200
5.28754
10.98236
18.79758
23.56828
28.63751
33.00184
38.78470
42.31722
48.87235
55.56088
59.20653
61.10648
66.89674
71.67846
76.58059
82.78990
90.39489
96.75326
104.99510
108.78070
2.09640
8.93407
10.79424
16.80849
26.79213
32.86737
37.93248
42.41461
47.02879
57.21392
62.90502
67.34135
76.58483
82.36174
89.73285
100.01943
107.11763
111.85367
118.01612
125.43777
130.88336
7.44996
18.63417
23.83323
26.99632
28.91780
35.85008
40.02750
43.52653
49.13484
54.97204
57.10568
60.73460
62.68093
67.86793
76.25712
82.57905
88.58311
95.79780
97.70419
103.05786
106.83663
4.17970
12.19101
16.75728
25.37373
32.98377
43.17999
49.35613
53.90732
60.74171
65.54092
72.54864
75.95753
80.10698
83.48624
94.67060
101.14532
103.14470
114.35780
125.54611
127.18217
136.79215
13.09519
18.23619
27.66794
34.54739
39.45535
45.41781
49.67990
56.33077
59.37333
66.21008
74.72395
77.99921
86.78611
91.54954
97.17943
102.38196
110.36944
114.82503
118.40891
126.77349
136.17575
6.29772
14.23438
18.93515
21.51160
33.72217
44.44303
46.31175
54.67240
62.28607
66.77178
70.89672
73.23602
84.92684
88.61965
92.25859
98.79390
101.86179
108.38846
115.04646
122.81434
133.24291
5.53653
13.86324
24.32957
29.43693
32.30256
34.17802
38.97639
46.07433
48.55784
50.50228
52.67784
58.34037
62.29097
75.36826
81.41863
89.53308
91.81261
99.79798
105.98670
112.93934
120.11292
5.08519
9.44465
14.66920
20.66824
23.48182
32.19935
37.37321
48.04297
55.93154
61.47689
66.70070
68.77220
70.63971
75.31122
81.24027
84.18807
89.55393
98.14521
102.79762
106.36564
109.90404
6.95431
10.91072
15.43170
20.84245
30.89433
34.54753
39.82546
45.87182
49.29602
54.22412
66.87434
70.00206
77.98157
81.93493
86.80057
96.07881
102.52537
106.57229
112.43925
116.61022
120.60626
9.73331
15.54605
21.12815
30.45703
32.99730
38.26582
42.13001
48.21856
51.28909
61.10362
67.08935
71.10005
72.94507
74.93502
81.18102
88.79733
98.18746
102.63955
107.15609
112.67283
115.83680
2.00267
8.61231
16.49027
22.57238
31.89599
38.65731
46.79782
50.50738
54.44645
61.59783
67.23589
71.32155
79.94343
92.54732
96.67463
102.66637
106.68584
109.12191
113.71341
119.43647
127.19627
3.45724
13.98183
19.22049
23.45288
27.13648
33.30508
40.86165
46.39237
55.35517
62.20524
67.98212
71.15397
74.63841
81.81092
84.19385
85.65274
93.53144
100.69562
107.10075
110.27008
117.88675
6.54959
15.35425
17.33237
23.12148
30.52574
40.44828
46.94569
57.02106
63.12338
65.56970
74.91694
77.37874
86.61745
90.57925
99.80030
103.24702
112.77409
120.29686
126.75377
129.90833
136.39031
2.61111
5.42838
12.38716
18.57179
23.26736
26.11810
33.50878
42.58756
45.69817
48.25970
51.88631
57.67728
62.06334
65.59467
69.50886
75.22572
78.95141
87.84266
92.44346
96.12220
98.37565
2.90047
8.56927
13.38552
16.91057
20.33386
23.60314
29.37980
36.51626
44.73265
50.64796
53.22755
61.69828
64.25352
66.51731
72.94840
77.63387
84.14620
91.90842
96.91812
100.65786
112.48713
9.72196
17.46657
23.86886
27.93882
35.49780
41.88848
49.10181
54.82152
60.60074
67.58540
69.49893
75.28436
77.93381
83.11461
85.73581
95.86287
108.27040
118.23145
121.45825
130.26924
135.17893
3.59640
7.33976
10.84708
15.98653
26.50609
30.35992
34.11650
37.69834
43.26966
47.56237
54.64848
57.36539
61.95676
64.44161
66.48815
72.46387
74.66640
81.28934
91.24874
95.02995
103.68536
4.85673
12.41585
16.49929
23.16215
31.29500
35.18643
37.14561
44.72112
47.90799
56.71959
66.79283
74.74390
78.76294
81.86836
85.61747
89.98943
92.86263
101.42621
104.74810
114.40354
117.98388
5.56438
14.72045
16.13312
20.81138
23.27887
27.12213
31.19902
42.03318
45.74986
52.22532
59.13405
67.19540
75.13405
79.25965
83.13891
88.86803
95.33186
101.13129
110.31888
116.83562
118.39109
4.25515
11.92097
15.07338
17.61976
24.03952
38.06947
43.29900
51.32251
58.98205
66.59843
80.88688
85.24796
91.78908
99.43215
101.95664
107.38251
113.32425
117.84969
127.17778
134.54717
137.24277
6.25337
16.72315
22.07046
27.18612
41.39734
45.97709
48.50190
53.23325
59.89961
65.90256
70.37097
75.85755
84.23197
87.04861
92.56098
95.09441
98.74411
104.70038
114.45712
119.93602
123.92343
9.54723
20.68217
28.44467
33.61480
37.90915
42.32814
55.54178
59.48720
63.55859
70.23954
77.32172
78.54168
85.52326
97.00046
100.36225
105.86178
109.43979
119.66648
134.53249
139.74592
147.54666
4.91347
11.29916
12.58613
18.84925
21.69215
26.06176
32.26580
36.93684
41.97513
45.60492
49.26762
60.16376
67.94527
76.01409
84.31239
98.53012
104.06707
114.16801
119.22820
124.75555
139.22048
3.99691
10.28102
13.14292
16.41562
25.59145
32.69598
38.43749
50.67690
54.54878
60.34094
64.46435
66.59481
70.24911
89.04209
101.02093
104.80719
109.08770
114.04693
124.27472
129.05005
136.04057
5.98009
14.66564
20.37725
22.93610
32.53164
39.41890
46.82178
50.29473
55.25515
62.36731
67.94346
78.90765
88.61965
90.98536
98.33760
103.88470
109.48231
115.44751
125.93966
134.02163
141.38767
6.98303
9.60147
13.93065
21.24037
26.50028
33.08418
38.86455
45.80199
50.49284
53.88234
57.71455
59.97863
63.45102
66.71972
69.62931
75.63042
80.34082
85.63888
98.17325
103.24977
109.98513
2.69058
9.13459
13.30256
21.17775
27.84946
33.30457
38.35301
43.53198
57.08228
61.60162
70.18120
77.90450
82.09410
87.43864
91.80266
100.08674
105.43916
111.69747
120.47479
122.66911
126.34582
5.42172
18.44911
27.03583
33.39284
36.88396
42.07333
43.31423
48.30972
56.18625
62.34943
68.65013
72.41573
77.99722
86.31074
88.47622
90.89405
97.92714
100.08510
102.67823
109.10175
117.03906
4.49924
8.99440
17.51731
22.81159
33.91131
41.82010
46.93455
48.10774
58.12832
63.68762
72.78311
80.66876
85.14152
92.79116
100.58989
103.31837
110.83539
115.78186
122.67674
125.84878
131.45574
5.52124
17.30432
22.77327
25.93082
32.82340
40.28879
49.02870
51.26847
54.32321
62.45639
65.26031
70.18003
78.92232
80.32234
83.20105
84.60477
92.21879
97.20454
104.22489
110.26346
116.68952
3.05206
7.06454
12.00124
15.37985
19.56114
20.96096
24.87952
30.35695
36.58882
44.17837
48.99704
58.18137
62.64907
69.21318
74.68519
80.13315
87.23271
101.12219
113.87542
115.84493
119.06323
2.96123
9.07739
14.60467
21.31430
25.70385
29.43506
34.84350
40.23530
47.22516
53.61372
57.31853
61.18610
66.98455
69.58108
75.76018
80.22847
87.15611
94.26278
96.77230
101.61092
104.55202
7.25305
24.08027
30.83574
48.15549
50.74642
57.89761
60.30559
64.22807
70.52510
74.32658
80.56248
87.76899
93.04974
102.76470
104.93581
108.16108
113.05597
114.70821
122.66716
125.16188
128.46140
6.67123
14.80022
18.99189
22.95167
28.34152
38.78844
49.33156
60.07719
61.87653
67.53531
75.10853
85.90060
92.20311
98.26173
104.87533
111.24828
119.49084
123.25828
128.77904
131.51235
139.52563
10.05531
14.57244
16.87557
23.07218
24.92324
28.42222
35.46685
41.10824
46.33336
53.07685
56.75199
62.88194
73.31109
77.21150
80.01144
86.10025
89.91100
92.22834
95.17575
99.83432
106.23210
3.21654
8.59449
11.46432
20.27486
23.43909
29.21296
36.19991
40.96504
45.68233
50.46494
54.34351
61.71967
72.39924
80.29618
86.10843
90.62131
94.07374
100.07933
107.80072
112.58859
119.28219
7.91692
15.65979
21.68632
23.65702
26.87872
33.34357
39.79792
44.01129
53.31645
57.17534
61.91400
65.94294
69.23586
72.99730
75.57183
80.42888
97.91400
105.94941
120.47926
122.00430
126.28753
3.62475
8.22637
19.13132
25.65695
27.76385
35.02273
38.76338
42.77079
54.05046
59.83037
66.71943
73.09709
79.25246
83.70447
86.59862
95.56991
103.52647
107.08332
116.46534
120.73237
123.88046
4.68697
8.34425
13.34560
15.42432
24.27268
27.39832
30.70100
36.46095
43.88571
49.92803
53.02763
60.38943
64.08128
66.77799
74.05915
79.70140
87.64794
95.59646
106.17349
108.99471
113.82425
9.00740
19.11446
25.06187
30.38166
37.77404
43.90917
47.89658
50.74304
57.50556
62.78694
65.11212
76.37657
83.11847
87.98984
90.78255
97.02050
100.44846
103.25064
108.50410
114.02064
119.69593
2.91281
5.76246
9.54739
14.50008
18.53571
27.71709
30.60436
35.52611
38.76711
44.12516
50.09880
55.53636
58.72385
63.72645
69.75065
82.27756
89.67354
96.92899
101.89009
104.84475
107.22254
9.66592
28.19194
35.19677
43.64227
50.71939
53.21868
60.92361
68.50603
76.77571
81.54353
87.99125
98.75777
103.76815
113.26991
117.21655
122.06411
125.81490
129.16819
139.19204
145.94133
150.28362
7.42114
8.49569
12.97841
19.26947
22.39689
29.11649
31.18918
36.46646
38.39071
41.08711
44.17603
55.26498
64.16061
68.29265
77.21346
85.94510
92.59977
100.78233
112.36498
115.81625
119.13280
8.09014
15.52317
23.29043
30.26990
40.07938
42.04694
46.19880
50.79210
53.90798
55.69245
60.72320
66.51157
71.21746
78.64908
81.29089
88.47496
96.21476
108.42972
112.38567
117.11657
123.06343
2.30404
6.56281
10.86147
16.55829
20.74351
26.09876
32.77465
33.93744
39.77244
42.71617
45.64004
51.46432
58.85157
61.58618
63.17478
71.25188
77.55729
82.34565
85.09584
88.14049
99.13011
3.86090
6.28937
13.26886
20.03495
22.34626
28.63132
32.68171
36.92384
44.54789
48.77510
55.84901
68.15017
71.51662
79.08419
82.83296
88.46504
94.77748
99.39177
104.55901
112.26858
120.49932
9.57156
13.73909
15.59264
19.85643
24.96541
27.44305
34.03351
41.68284
44.66782
48.85098
53.73894
60.29742
62.14721
65.99308
71.43103
76.49677
80.04449
86.67216
94.44264
98.20836
103.49754
16.35659
18.28703
26.64683
33.45393
39.94661
42.64709
51.28553
57.12934
63.73978
67.20409
68.98445
70.58732
77.78351
81.94878
84.70364
86.41824
94.67526
102.30222
112.99347
115.60699
127.25851
4.46999
10.16921
17.97118
27.69627
35.16044
40.09506
44.74026
51.11999
58.11644
63.70545
68.48979
70.32651
76.07817
82.81515
86.96477
91.58042
94.89816
99.47512
105.01116
108.18871
116.53970
4.80352
10.00843
15.24247
18.76125
23.45541
26.17346
29.70497
34.24071
42.02935
46.48447
50.44988
61.50430
67.29913
71.18893
75.31157
80.87987
88.01893
92.76872
100.59199
106.59025
112.25241
3.86245
14.32282
16.30083
18.79068
19.54550
29.10990
34.68903
40.12219
48.50032
54.61681
62.41461
72.09623
78.87595
82.73392
85.68724
91.06338
103.34145
116.18933
119.21723
130.38127
144.20240
2.02796
6.87774
9.15928
15.28569
28.01770
30.20300
40.35896
50.40998
59.88352
64.03897
68.66833
71.89355
77.53328
79.32237
87.12877
89.95671
93.52392
98.91491
106.54424
110.22031
115.79473
5.51965
9.30537
16.21110
23.55540
29.23734
35.85547
40.37306
46.87383
49.92047
52.86326
69.11987
78.57281
86.77519
89.53807
96.64045
105.75039
114.32676
119.79804
122.93857
127.24126
135.23913
1.44761
4.80170
13.06231
17.24910
18.14333
19.09966
23.00898
30.60714
35.34731
42.83782
49.13716
53.70788
57.12492
64.03003
68.33000
69.62129
74.68995
82.58717
84.99126
89.22115
92.78670
5.23714
13.63008
14.93317
22.65530
26.28673
33.88192
39.75618
47.47856
52.89164
56.23691
66.62994
68.20124
74.87840
83.00054
85.05012
87.82367
96.56524
100.55577
109.15891
116.51004
122.50405
2.47602
7.91715
12.29371
18.87124
25.25868
33.87023
39.52614
46.30703
50.13753
59.44624
71.01091
76.19934
88.58431
94.10228
101.05743
106.60231
114.98786
118.97051
122.17774
124.07541
133.91682
4.83230
10.12359
14.00324
24.11668
27.45195
33.67324
39.59217
43.79477
47.75302
52.29863
57.27126
58.21892
63.77894
72.09220
75.13232
80.00892
86.22965
91.00940
101.38619
102.56197
111.59595
5.49598
10.10569
16.47327
24.23721
35.76473
42.61121
47.69290
57.17611
63.15875
73.53896
81.13635
86.18758
89.31574
105.79224
110.66440
112.85722
118.24308
120.98985
125.36644
131.05112
138.68128
4.67954
10.97215
13.43689
17.95439
21.85097
26.16775
30.26260
37.17466
42.65558
49.47246
54.30705
56.28348
62.67270
69.10598
72.54071
74.31351
83.18479
87.76644
95.39927
100.85410
111.44035
6.07756
8.43705
12.98118
23.41663
27.88958
35.79512
42.36122
49.44727
58.32967
63.83143
67.29217
70.88623
79.73875
82.96681
85.64679
93.65958
100.30492
109.94554
114.69404
118.33872
124.19880
5.33541
10.59389
16.84889
19.68109
28.16428
33.65512
42.47194
46.74994
52.49907
54.53639
61.86114
68.02108
70.60903
75.39429
77.95881
87.56916
90.95112
93.72540
96.28121
101.50105
107.88220
5.95641
9.30685
22.84591
27.51556
39.51957
52.29659
62.97209
70.23781
73.74861
79.34710
85.09644
94.83823
98.59572
106.31415
109.85357
112.22078
118.18346
124.38517
126.65867
133.98192
142.08311
3.70259
11.13606
18.04334
23.01955
28.72946
35.55862
39.49000
43.79408
48.44085
53.69557
63.06711
69.39020
73.58572
78.15765
86.29847
96.92615
103.12650
107.02460
115.19398
126.17928
133.91741
4.52822
11.54276
18.03894
21.06784
26.11181
32.64294
42.12718
45.22074
55.86750
61.64451
65.70109
69.21078
73.62507
76.39537
79.59364
83.10607
89.92940
101.86299
105.69851
110.43412
114.67731
2.52795
9.24032
12.54493
16.18497
25.40652
31.84899
33.72435
41.69784
47.29059
52.00542
56.96575
59.61871
64.01068
70.77345
75.38433
80.75899
91.88926
95.81356
102.97403
108.98966
114.08426
5.69253
6.91559
13.23893
17.89912
23.82063
25.74127
30.33534
35.81673
41.44793
50.32418
56.13075
64.69513
69.51131
74.62909
79.22263
83.26230
88.37955
94.36286
103.07362
106.18749
109.34741
4.41728
7.58385
14.63435
16.99476
22.19611
24.47912
30.01616
34.55810
44.29010
49.33818
54.23978
60.12047
65.57849
73.84877
77.57731
81.10273
91.80408
94.30269
97.40408
102.03363
108.15709
11.47268
16.67446
27.10290
31.63568
35.51650
41.59168
50.18424
55.30496
64.43417
68.57990
73.68517
74.56784
78.22498
81.41452
88.66837
93.71857
101.77919
111.27118
113.44833
119.62722
126.13447
2.74320
10.66546
20.29705
25.10740
30.43167
33.25082
41.86867
42.62416
47.93778
52.64633
57.47397
66.93287
77.79969
80.60004
86.40686
90.43844
95.15822
104.00230
106.60087
114.58071
120.42457
7.49612
16.90104
22.09143
26.85992
31.72890
33.07210
40.22629
41.97721
45.19668
52.14714
57.25045
63.75439
69.99883
73.95042
80.32262
87.79408
91.39095
96.20703
104.66272
114.48159
118.17656
9.59294
13.68489
18.11148
25.33699
32.28395
38.77616
44.39289
50.21459
52.11227
58.36536
65.97812
72.51835
75.53581
77.22054
84.85783
89.05286
95.71582
102.42667
108.00660
112.21730
122.73140
1.26651
6.01590
12.50887
21.46297
26.99751
36.26515
40.68807
46.85313
55.04904
59.85550
64.64541
75.43673
78.42311
83.93976
87.60256
90.83784
93.56679
98.54984
100.82439
116.65959
123.36776
5.57777
12.72306
18.39581
26.76447
29.84169
41.75146
45.40209
47.67371
54.82929
57.57488
60.38209
61.52769
63.81006
67.28944
70.21688
79.31539
83.18720
86.13888
89.03709
99.69086
107.83571
