6.83697
10.95968
15.49147
19.28246
17.27732
17.41944
17.49693
17.57491
17.66926
17.84906
6.29803
9.40253
12.57507
17.57682
17.72649
17.81580
17.90119
17.96285
18.18088
18.27531
2.72403
5.47006
7.99586
10.73411
10.86428
10.96209
8.63247
8.79313
8.83716
8.90173
3.83383
7.05542
11.57745
18.17551
18.26428
18.40993
18.56698
18.61464
18.67416
18.80188
3.93346
8.42937
11.64437
17.40391
15.46159
15.55717
15.64084
15.70096
15.77374
15.87329
2.61327
5.75903
2.85810
6.22059
6.33980
6.48004
6.58519
6.66801
6.74439
6.77629
1.70106
4.66227
7.17201
12.84892
12.99624
13.09636
13.25263
13.33871
13.39781
13.45560
1.44001
8.17753
9.11185
12.86955
12.93460
13.08307
10.78568
10.85805
10.97766
11.07955
2.40772
4.54143
4.12911
4.47756
4.58737
4.66284
4.77639
4.90038
5.06324
5.17088
6.66063
11.14787
11.77261
14.03559
14.09967
14.22345
14.31831
14.41768
14.15179
14.21839
5.19614
7.39141
7.05787
12.48809
12.51374
12.59320
12.66667
12.78243
12.83130
12.87664
3.25714
8.48034
11.79321
16.22961
16.31463
16.45473
14.45256
14.56989
14.62752
14.72149
1.33567
10.71830
13.72395
17.81155
15.74246
15.82611
14.06907
14.12473
14.22936
14.30247
4.90080
8.67119
10.84591
13.85425
13.90558
13.99637
12.17039
12.30874
11.77186
11.81533
5.46160
10.15214
15.38785
18.32498
18.38814
18.52215
18.60074
18.06506
18.13567
18.23293
5.00253
10.91523
14.40635
21.18562
21.26519
21.33822
21.38295
21.51555
21.66429
21.72007
4.69940
9.55275
11.29180
15.12212
15.17506
15.23378
15.35055
15.40664
15.47720
15.54000
1.24417
4.16361
6.98726
7.06483
7.24402
7.27728
7.42126
7.54414
7.61569
7.78961
2.85920
4.35850
9.27679
10.29285
10.36919
10.52634
10.68386
10.83433
10.92100
11.00106
3.05327
7.91601
9.84727
12.67944
12.83805
12.89001
13.06482
13.14526
13.30972
13.40168
3.87194
7.30828
9.54214
14.46349
14.56330
14.61793
14.68344
14.73019
14.86226
14.97556
1.70852
4.13295
6.02085
8.17421
8.23656
8.46062
6.76710
6.84898
6.93785
7.10085
5.15536
7.87278
10.30632
14.00320
14.05306
14.24332
13.31616
13.45363
13.56231
13.73533
2.47792
5.18992
8.52599
12.57414
12.66309
12.76727
10.66573
10.73271
10.81704
10.84748
5.05659
9.67711
14.33888
17.27658
17.31671
17.39827
17.49909
17.57543
16.58880
16.65991
3.66235
7.75836
12.01458
13.51072
13.54958
13.74743
13.83903
13.91246
13.98423
14.03964
2.74990
5.17831
8.59788
11.66450
9.37630
9.58012
9.79989
10.02649
10.13352
10.21658
3.06601
7.98718
11.53090
14.44721
14.52998
14.60655
14.69239
14.77301
14.84357
14.98288
4.24195
5.96801
10.17901
9.69822
9.84095
9.97626
8.92035
9.07277
9.21720
9.32391
7.85080
14.45686
14.23485
17.39000
17.52633
17.56952
17.64764
17.73439
17.79899
17.90508
4.15288
8.45453
12.95252
15.87976
15.99631
16.13037
16.27442
16.32319
16.39440
16.43130
2.82240
4.54778
7.99711
8.97147
9.00958
9.11056
9.19475
9.25173
9.35634
9.46866
2.34158
5.90109
13.37042
13.28262
13.40994
13.50747
11.54090
11.60354
11.71504
11.85045
3.20614
5.25686
11.21979
14.81776
13.47986
13.60839
13.67042
13.70651
13.77367
13.83500
4.62213
8.55490
13.27979
18.85461
19.00607
19.11562
18.02449
18.08531
18.18904
18.26693
2.23210
4.99963
5.21513
6.55976
6.64756
6.73469
6.89607
6.97665
7.03093
7.16975
4.79996
10.83177
14.28888
16.82972
16.90618
16.95338
17.07043
17.16077
17.20732
17.38896
3.88911
7.30174
10.36274
16.78817
16.86891
16.97835
17.15602
17.22403
17.32321
17.44484
4.72048
8.25441
11.62399
16.71492
16.74576
16.87391
16.92774
17.01959
15.28168
15.35095
4.56341
7.33137
12.03766
18.91160
18.99089
19.05496
19.15378
19.20731
18.83853
18.94155
6.21294
8.61659
12.31464
14.63779
14.76266
14.84863
15.06537
15.11109
15.15994
15.26362
4.05057
10.43798
15.07650
17.21661
17.25930
17.35220
17.40941
17.47792
16.52595
16.61842
4.05017
9.36482
11.40899
11.71011
11.80524
11.84502
11.92643
11.96808
11.56804
11.63661
3.81463
5.92295
10.45265
11.18953
11.35714
11.44023
11.51779
11.58021
9.71994
9.83010
3.14518
8.24089
14.99381
17.06391
17.21775
17.27542
17.36818
17.51400
17.65230
17.71806
2.64387
4.38403
7.57786
15.20826
15.31002
15.48119
15.53238
15.65981
15.76569
15.91431
5.34011
8.87667
10.40575
17.21814
17.34099
17.48008
17.59644
17.65491
17.78744
17.84450
1.92238
4.30554
8.59994
14.26470
14.44247
14.60677
14.70035
14.73538
14.87116
15.04017
2.50548
7.11402
10.24468
13.83306
13.99499
14.00845
14.09373
14.27113
14.38326
14.44577
5.39515
9.40009
15.05347
16.96102
17.08203
17.13491
16.02884
16.12785
16.23719
16.53151
