3.32641
12.62798
22.11980
33.87916
49.94532
2.26898
34.20861
38.16056
69.54002
81.20103
4.75050
14.26037
18.01022
26.82348
32.21479
10.84309
17.25819
44.63107
54.78994
58.58858
15.40631
20.31021
32.49375
67.89700
79.95758
2.59704
18.23708
33.35143
38.40383
51.69073
30.12600
37.81962
43.50019
49.38158
58.88894
4.77410
16.98320
32.18429
47.92981
80.61722
8.70504
13.13247
58.43821
68.82306
75.49986
20.11489
28.07476
31.24203
38.57750
42.97453
6.78557
17.55345
28.98908
46.80171
55.39781
16.52553
28.26670
37.40513
52.55949
55.15168
6.57341
10.05124
17.12373
20.17925
26.23790
9.29844
21.41263
32.29072
39.12050
45.92609
17.16964
31.79759
43.90071
56.81363
68.63544
10.91641
25.82802
33.34849
37.00778
66.11912
2.21567
13.70150
17.72439
18.79379
35.33121
21.94746
30.70396
41.39277
58.10420
67.41605
2.18669
15.35735
33.65393
39.31276
47.19274
5.45030
13.06916
27.41263
41.21905
57.17506
25.75637
35.11772
57.72310
64.00903
68.28671
7.41727
16.99101
28.36210
44.63602
53.02692
4.98056
12.77136
15.76925
22.23208
28.03851
1.33404
7.52900
23.00582
38.11841
50.02538
12.70808
25.29979
36.32648
45.25218
57.31074
16.03293
25.47087
35.57306
42.31090
54.13987
9.33309
26.06318
50.50341
68.44049
79.34672
4.29986
34.57072
36.17665
47.96171
54.64474
3.89104
9.05075
19.07418
53.33389
70.68385
21.65065
30.14285
31.71569
43.75431
55.63743
10.03368
18.99411
23.95274
37.70300
40.24057
7.41519
13.14343
26.78387
38.69793
39.44875
16.53168
22.74958
24.38428
37.44951
45.28428
5.86233
7.23627
10.46881
38.77129
41.89101
7.69539
12.18706
34.65369
40.68852
55.55559
12.89612
16.70839
26.06956
28.74266
45.95907
4.44283
7.90052
16.62325
26.76208
31.10859
20.52408
29.08438
31.35727
43.30039
51.83908
14.20232
22.13616
47.64416
70.49221
75.83624
4.54807
15.16984
27.86362
37.77886
59.91680
1.59119
5.34063
10.84712
30.24831
42.88417
13.11258
27.30404
32.04745
34.04069
41.15871
12.63699
23.07269
30.90816
34.56575
44.93847
11.98753
18.12241
27.18617
43.21102
46.64584
13.40859
14.88569
16.12369
41.81561
60.99720
12.29353
17.36835
35.90935
48.47523
60.17725
7.41929
19.46659
37.30352
40.13660
44.46160
0.74177
16.91025
36.77863
55.43884
58.24914
13.40406
23.00363
34.02648
42.82139
44.00225
11.56581
40.31453
43.59370
47.33691
59.13757
9.78193
17.03179
25.03287
32.54859
38.79215
9.72133
15.19737
19.37041
26.97045
41.53769
22.49374
26.28346
28.29846
53.41440
55.38162
13.74637
25.64381
38.84763
42.16435
48.40255
17.19563
28.86192
50.18231
57.39615
59.91646
16.77043
20.77873
25.07302
33.01550
33.19865
17.77770
36.52187
49.61467
51.32903
70.92046
8.74608
17.20417
20.39395
36.64766
48.25988
6.68713
11.50342
24.60046
24.95802
26.63991
4.82072
14.05782
14.87806
27.18373
32.87701
21.59395
34.97634
40.80302
56.51901
65.45528
13.44054
26.49421
34.10089
53.70253
59.93307
7.10078
23.15080
32.50203
38.86805
47.39750
2.91154
8.77285
9.52644
18.00232
27.01476
7.18284
18.65884
32.57322
50.36733
61.84900
10.62242
28.20842
45.98380
49.11839
55.28267
3.11101
3.81043
11.54270
21.61644
36.94036
5.27179
13.39816
16.30526
26.47518
39.78837
25.42330
35.87625
40.37358
42.00716
51.62546
9.58985
14.09531
22.50737
34.45905
43.62806
6.20533
7.98322
14.42555
31.15871
40.04775
4.98362
19.27185
21.18181
28.44326
43.57209
14.14679
23.08512
32.16512
47.09418
54.02600
7.17614
11.02995
14.61240
16.65134
44.25218
8.40700
28.73892
36.36802
48.83831
52.69335
4.24275
9.06350
19.70498
23.81311
30.79172
10.57246
14.29091
20.79064
29.72239
48.75523
7.83515
13.01772
26.79345
48.57205
65.28883
13.42198
32.67437
38.62870
56.62761
65.22359
5.91625
10.18762
38.54523
48.93363
50.82779
16.68113
28.32066
32.78831
37.43409
47.27936
9.08548
13.27051
15.83655
23.34518
39.77791
3.83565
22.82388
42.55946
63.06192
72.69880
4.65981
14.48575
44.12813
52.55563
56.68887
16.66579
21.91435
29.50947
37.96676
45.02540
9.47129
19.82494
22.16616
31.55689
40.15044
12.75667
26.97531
32.54842
49.33629
63.25386
17.16009
20.50454
24.25916
27.51822
52.07313
16.92477
25.48259
27.90965
35.56573
42.69897
20.22724
22.26765
37.32339
42.64693
53.26160
3.44165
22.54838
29.27880
58.73087
65.05860
7.34893
21.17662
47.97172
52.17638
64.39315
10.29368
20.52289
32.98558
36.29387
50.77353
7.80640
18.04015
31.04921
35.48368
38.04531
6.28834
20.74577
22.81117
30.84807
35.56568
9.76495
15.69849
27.67075
32.74958
36.32096
5.48919
11.85046
18.94671
23.76784
31.16878
5.74849
27.81982
36.17591
45.54883
46.74349
8.75845
15.73728
32.51437
50.03883
61.51881
2.38265
18.88750
26.42734
51.43996
79.69746
