15.12678
30.14490
43.27720
54.60594
60.98803
11.94392
24.22687
32.89788
48.06167
57.27990
11.06183
19.37193
29.59329
40.49608
51.60976
10.21017
21.40310
35.43319
45.68617
53.45860
14.22056
24.60997
39.20606
50.11030
56.65763
12.63936
23.59889
34.15111
42.34685
53.84900
14.08685
28.88082
42.44829
54.36086
65.82485
13.18804
24.79194
36.07649
48.17255
54.86112
11.27197
20.96730
31.42327
42.59794
53.34703
7.19826
19.29782
34.10845
42.61656
56.75191
8.86194
20.04535
33.26196
45.82424
59.01995
8.55774
17.79713
26.44310
37.38215
49.36500
14.22678
20.54280
29.95164
40.78968
51.29382
8.70803
21.15565
30.11035
39.52097
56.13033
8.28938
21.65342
33.04937
48.45823
63.45615
10.69287
18.85713
26.16142
35.55417
46.33709
8.76167
18.34142
26.75062
32.01668
45.28679
10.07855
21.72793
29.07458
39.43661
46.91954
11.34273
19.33384
32.54709
41.95525
52.04881
15.25938
30.83258
36.89590
48.42031
57.62733
10.34297
19.07262
30.81214
41.48376
58.24706
12.59317
23.27980
34.41768
44.18248
57.08620
18.08213
26.86272
38.23666
48.88483
56.61918
12.83787
20.09107
25.77521
34.93791
42.91748
8.30198
17.01089
22.92632
33.09624
42.81527
9.90108
19.57105
31.14667
42.81082
53.93107
16.39768
27.47416
34.58360
43.47609
50.57801
10.11762
19.57915
26.78127
35.29467
45.63263
9.30531
24.21088
39.62700
50.25911
58.58775
11.21848
20.66533
30.70384
41.60174
50.47303
11.64184
23.30979
39.66985
47.83543
52.68331
7.39810
19.04242
32.28237
42.60486
56.70444
11.37936
19.16209
34.17708
48.01266
61.97823
12.40317
22.53526
33.58255
45.14886
56.96742
16.96257
28.35078
38.30328
45.34916
59.79721
13.84387
20.40448
32.68289
41.59955
50.55129
10.93861
22.38786
40.29236
51.54845
58.55048
10.74393
15.94359
29.76194
40.06367
52.52197
12.04590
21.20408
31.79406
42.18504
49.60809
13.04051
26.95315
37.60104
54.55612
67.66209
8.01510
18.11366
30.43071
45.23439
54.61291
9.68003
17.43606
26.99271
37.68582
49.03578
12.05259
22.34917
33.55924
44.22340
51.12479
12.96470
25.20547
39.33555
48.57854
64.11650
10.39869
25.34633
34.93089
48.88268
60.40930
14.90429
26.41814
34.42292
44.69995
51.67755
14.46426
24.50731
37.45328
48.72636
64.11165
20.57693
28.96646
38.43586
46.84104
55.28190
10.34716
17.09885
26.88015
38.71969
51.86981
16.42541
27.00688
34.71655
42.86627
54.53587
6.78227
15.78805
24.65170
32.64625
46.61636
6.56018
16.78324
28.12070
34.33639
46.56859
10.06488
18.40457
26.05859
43.63672
54.14601
16.54709
27.99200
34.57363
43.32710
61.24007
11.17279
23.48532
31.42968
39.25102
47.36931
17.29688
29.08635
39.41871
46.99904
53.59702
11.15301
20.34049
30.53334
42.20903
48.45115
11.98372
28.60042
37.50960
48.37752
61.23637
14.83887
26.33897
35.84644
46.36359
54.60661
11.77112
24.31570
36.08814
46.78583
56.90148
8.31190
23.19595
35.96555
51.72379
58.61596
18.01817
32.19172
38.57247
50.88405
58.79260
10.39963
21.44961
32.72115
42.86440
52.02064
7.17206
20.22127
32.50896
42.06451
51.66018
9.97470
22.47473
29.66775
43.26798
53.40389
13.11470
22.02639
32.54224
44.01918
57.34840
9.12385
16.35665
24.35739
34.77999
43.26335
13.23555
22.04460
33.75957
48.71028
53.77917
6.70837
14.41007
24.82452
37.73134
46.50962
9.88720
20.60705
31.74474
43.00893
53.51474
4.76836
16.70799
24.04128
32.11098
51.40756
9.05263
19.73882
31.05999
40.85537
51.16793
12.97114
22.38797
30.18393
37.09065
42.50383
15.42116
28.45662
39.54240
47.46518
55.34323
6.16447
17.81732
31.50259
46.08030
54.49400
14.20150
21.23422
36.39436
43.53158
54.53616
9.19121
16.90872
30.63450
42.92656
52.04445
8.78891
14.99969
27.38290
35.70309
45.25372
10.29072
25.51340
34.17594
42.73754
53.40965
10.43565
22.88072
30.21336
39.07461
52.16133
8.23803
19.19537
33.13705
48.20832
54.47642
10.34332
23.77236
32.96541
39.99824
53.04477
9.53079
18.12306
29.55923
39.97411
47.90253
8.14781
14.29366
24.41116
36.91171
47.78627
17.36730
24.38676
32.68767
45.36471
53.35093
14.36260
24.91228
34.73810
45.57365
56.00430
8.21626
14.72910
23.59408
31.37265
45.60960
9.24725
27.33615
36.36235
49.84280
59.82385
12.20489
21.54489
34.10285
48.44550
58.04140
7.34415
12.42155
23.84955
35.27834
43.03664
7.53199
18.49138
26.60755
36.45416
45.39088
10.81008
17.00302
27.62000
38.81189
52.26866
13.39520
21.26078
32.94830
49.40943
60.45872
8.90962
19.21445
30.02763
40.59096
49.89317
7.06196
19.63356
28.42688
38.42422
49.82852
7.82090
18.43758
27.26637
40.83278
47.31807
12.60651
19.42185
26.18454
31.68827
44.51042
10.73776
21.02809
33.63927
42.40502
59.63909
13.12460
25.85647
43.60525
59.18322
73.54098
15.62890
26.31273
34.99660
48.04549
56.46164
