4.58751
6.86978
14.73624
27.21038
32.37205
44.22985
47.26187
47.74446
47.91814
48.21226
48.52807
11.08034
22.00915
25.60183
48.69813
50.30888
55.05554
56.61310
56.65095
57.01608
57.55436
57.57213
13.58875
32.12741
42.98389
45.46039
52.14394
63.85492
65.23080
65.58019
65.63179
65.69815
65.74852
6.75179
18.40025
30.32948
60.21479
66.51204
67.00617
69.00747
69.42603
69.48920
69.97988
70.15761
4.10870
8.64052
14.22648
45.05212
51.64213
59.78191
63.52123
63.98600
64.39556
64.59341
64.99610
0.72042
11.21017
40.77816
41.84566
46.39022
51.70435
61.37980
61.45027
59.48887
59.57609
59.90280
8.18754
23.42999
28.72374
31.67753
32.30983
36.12056
39.67113
39.73825
40.07586
40.31525
40.79013
0.73534
8.61455
15.24053
18.97169
30.62049
41.85424
51.53111
51.83899
51.90872
52.53304
52.63559
4.30357
21.04034
22.42758
36.40724
49.47655
54.27757
55.63357
55.77961
56.23968
56.45249
57.09772
2.89199
5.02611
7.58427
9.59302
12.97618
13.51031
22.36524
22.74243
23.16278
23.22213
23.28130
4.11900
12.68196
23.04085
23.94882
35.32792
41.58276
51.05176
51.39737
52.65394
52.67961
52.81739
8.17281
13.93857
14.17036
25.16771
25.52592
31.30782
48.75133
49.03584
49.97209
47.86638
48.28307
11.52423
17.65977
35.67176
41.19667
41.92170
40.05911
70.74884
70.74888
70.93730
71.13846
71.20816
14.77687
19.12012
21.92311
26.94915
30.70440
33.88044
45.36041
45.75125
46.10961
46.20400
46.24480
11.18788
38.04919
39.16501
41.17574
41.34800
58.05028
61.83693
62.02623
62.13297
62.23784
62.45134
4.84663
20.06611
40.22904
42.25948
43.72283
44.47240
46.81448
46.85822
47.02033
47.21571
47.39186
2.08856
3.36982
14.41385
21.59797
53.49988
56.81489
58.50236
58.60415
58.62035
59.34214
59.54848
19.83875
27.32016
32.26700
42.28356
50.57870
67.76508
72.42976
72.46869
72.50697
72.62706
73.06974
0.73484
6.73972
9.09831
12.15173
10.84289
24.53110
37.24706
37.73993
38.03288
38.05828
38.07008
2.99547
3.12314
12.71055
27.33124
37.20819
38.14519
40.03868
40.04567
40.05717
40.49480
40.49617
15.70451
37.01489
53.77233
63.91800
83.26639
123.09412
123.99162
124.28246
124.48128
124.88889
125.57008
2.57868
9.00566
13.17402
24.46077
32.14037
52.26156
60.42903
60.76600
60.84577
61.50442
61.56529
3.99408
18.14402
18.55935
35.28011
35.31648
77.33096
86.93200
87.32206
87.45811
88.10539
88.35506
5.20962
9.52596
12.74845
31.96466
34.62848
47.15084
71.10689
71.57223
71.67753
71.75535
71.88096
17.72816
41.58910
45.71631
61.17983
61.92096
71.67211
81.17704
81.19253
81.47224
82.05469
82.19947
4.97073
23.27927
25.48735
25.82848
38.03144
42.53848
55.41557
55.82993
56.41205
56.54623
56.57182
0.43566
21.29173
27.45286
29.94595
33.87726
37.37663
61.61046
61.67971
62.15003
60.29254
60.53576
5.11530
5.57737
10.34462
20.90914
33.94599
36.53094
36.82417
36.96217
37.15284
37.34136
37.40148
7.88538
15.97368
18.98312
34.91670
37.95496
48.81758
52.08360
53.23319
53.26698
53.36159
53.50858
8.20810
16.77441
21.59945
26.25138
40.45919
46.15778
46.86610
47.22203
47.84144
47.90374
47.98922
13.70750
13.77977
22.95104
23.39917
21.13400
30.11125
46.49032
46.58326
46.75784
47.11701
47.34746
5.32882
13.99229
31.28755
43.23065
56.57689
59.87536
60.19406
60.28354
60.46914
60.48225
60.62555
10.39778
15.46886
16.82275
21.52059
24.86323
35.75047
32.97189
33.16023
33.55372
33.81927
33.84230
19.45179
20.86662
21.07278
26.67516
27.99029
28.14208
34.73559
35.06357
35.07442
35.14044
35.68255
6.51693
22.05839
33.51229
33.85089
50.40316
54.72472
55.62944
55.65871
55.69970
55.73051
55.92618
11.42232
13.64122
16.57435
29.98411
54.42654
57.63673
74.13372
74.32523
74.72938
74.73141
75.39881
24.09693
24.83938
36.32354
39.56524
40.74217
49.78677
46.92914
46.95172
46.98026
47.02889
47.15500
38.00106
42.01788
48.11803
53.59669
72.17192
72.98512
73.53962
74.01878
74.38226
74.79641
75.19650
1.61773
