8.43565
11.05830
24.20446
32.82916
33.35414
33.69331
34.43900
34.62776
34.71322
35.18769
35.59763
12.22688
21.45833
25.89804
45.13822
45.46914
45.65234
42.25282
42.92789
43.21816
43.47259
43.63244
3.30679
6.26357
35.05624
37.73352
38.49536
38.71277
39.07820
39.54725
39.67398
40.09120
40.13625
7.75668
15.67256
23.37019
58.66336
59.09840
59.52574
59.70781
60.14453
60.22398
60.69858
61.12367
4.03716
16.17207
30.13916
43.88589
44.11215
44.49712
44.88651
45.55063
46.08207
46.29983
46.50475
18.33497
21.51274
29.01485
40.64632
40.80310
41.07230
38.96571
39.30614
39.78187
40.23800
40.64291
9.93438
24.46257
34.31033
54.97401
55.18783
55.74234
54.81552
55.39618
55.57938
55.66937
55.81132
8.33728
10.83774
18.35139
32.47964
32.65424
32.93794
31.71300
31.95719
32.05244
32.31435
32.62247
11.43990
18.04245
21.63314
33.73175
34.56990
35.01275
32.53587
32.76017
33.02381
33.58075
33.67485
11.73486
23.50382
30.38592
37.69610
38.19142
38.88513
39.55939
39.77525
40.25721
40.45707
40.72297
10.47191
38.88589
40.94916
47.29127
47.65112
47.83849
46.29793
46.49016
47.10889
