5.27815
8.32103
14.35505
27.50025
43.28641
50.79731
76.28434
83.02569
87.71865
97.68915
110.26332
119.98315
127.65317
7.78170
17.75027
18.56366
29.91435
34.89445
58.19585
69.26823
74.66834
80.43913
84.75962
91.63509
98.11215
106.49750
15.53849
19.17061
35.35094
39.12008
39.48308
50.63735
57.65226
78.66946
83.29968
86.82911
100.58178
103.67762
118.87811
31.46177
54.03058
61.22948
75.74848
77.20487
80.69143
95.75473
99.53085
102.71190
104.32137
123.57850
131.68570
139.57989
15.33617
24.86957
32.84876
39.33305
39.50722
47.43543
52.58633
58.80334
64.26158
67.27325
77.05221
92.20475
98.40253
11.44858
34.68525
44.92957
51.52374
51.25025
55.06011
62.62449
79.13571
86.01085
93.27241
96.16090
111.08735
117.92840
9.06856
17.62332
20.42000
32.09281
37.58064
41.01637
62.07980
73.26243
73.74388
81.82964
90.62892
90.66178
96.03009
8.96268
20.20995
25.47996
32.66015
39.68708
48.18763
51.30041
53.64096
62.89097
74.37030
85.31396
92.20771
110.86408
12.38208
17.19022
34.15202
41.54265
46.13145
49.77005
53.15169
61.66159
70.39744
75.73258
86.68121
90.81568
104.15982
2.89445
5.16712
14.65509
16.50777
19.62263
29.54144
32.73924
35.10065
40.77100
53.10930
61.96145
67.65183
70.67835
12.44871
20.43740
23.82954
37.09311
44.01175
44.76704
66.06637
66.94570
70.43054
74.01008
107.31174
103.12664
107.44411
11.74481
16.47673
34.76110
44.86541
45.63216
62.34613
66.56102
72.45591
92.89634
109.73883
132.62074
134.38801
161.58659
1.58513
10.63905
18.90301
21.35124
24.41345
28.70215
55.82003
59.87148
66.51016
69.51244
75.39178
82.75940
94.89194
4.32401
14.42144
27.82966
31.70703
44.12480
42.55132
50.44546
56.17110
61.89041
67.46713
84.52359
94.50455
100.09826
21.89189
28.58522
58.17773
76.50488
81.56986
87.83600
103.08158
109.46510
118.37317
127.36801
131.77726
132.18376
138.78957
14.97852
19.19150
43.30229
49.67315
50.57870
64.94382
72.48991
78.67235
80.58593
84.68077
100.61585
106.63223
107.84725
3.13965
12.50967
21.90003
32.07536
44.78953
45.62933
47.85775
66.77967
71.88229
75.13646
83.29322
99.64205
112.04586
27.85230
38.36439
48.64166
57.19864
67.12244
75.71111
85.65150
89.73717
117.74972
130.71697
159.70549
164.19209
175.00226
2.92576
11.42836
24.42148
44.26144
50.17185
60.58002
71.05611
87.64095
91.85429
96.38837
97.60176
104.54431
111.84615
11.26277
39.67236
44.90588
54.69787
67.29409
63.79403
74.07428
83.62432
89.83178
91.44779
114.88534
116.74161
127.43950
3.16347
8.58351
39.62322
44.50449
54.03041
52.33326
59.32528
74.66788
80.14343
85.77133
88.39116
92.52878
93.43742
1.94187
7.54621
24.90392
25.17330
25.38689
43.82940
51.31371
68.05659
72.02676
106.16497
116.41545
126.30386
128.35325
22.62499
33.80212
46.21637
53.11161
53.34758
65.17567
74.28461
78.39207
84.64481
91.27326
100.76787
102.70272
118.72731
14.41681
43.75067
55.06799
66.22644
73.05867
76.11770
81.17865
87.67742
98.77737
100.00409
108.39274
112.19158
115.96378
9.42495
15.61896
31.13244
30.75357
56.80319
60.27217
71.64953
93.78772
96.11520
108.97254
111.72663
119.18314
124.20854
13.69828
24.17324
29.62577
38.60414
41.91409
51.50640
55.65372
63.84225
73.49146
78.01503
88.18462
85.99907
90.31327
12.29105
16.59814
27.90482
35.53545
37.40280
41.34596
48.94327
57.97755
64.78309
75.12517
88.02674
91.65143
100.64760
11.82691
23.00061
33.54356
53.31958
54.88284
57.23061
65.13877
69.97055
75.14997
79.85487
86.72584
108.70190
122.93725
20.43348
37.87593
47.13641
54.86926
57.03405
69.29388
83.87086
96.19320
104.11831
123.31290
137.96719
134.65146
146.05086
6.30378
12.56303
46.77779
56.19353
56.67860
58.64753
63.88644
77.76355
105.54729
106.46126
111.18285
122.10309
141.67271
25.06139
31.52336
39.57209
52.50078
57.04419
60.00271
69.64211
84.27503
92.05002
94.85376
102.19910
107.38618
126.43226
8.80588
14.38466
28.79637
38.38485
38.79448
42.42058
45.61884
61.98064
72.21132
83.71972
96.43217
105.18387
106.05717
8.33953
28.49266
45.21169
61.56774
65.91871
97.27845
105.59360
113.75266
119.56851
144.77724
149.88416
157.29128
160.41744
5.82060
13.05479
15.29934
19.58168
26.37909
28.76155
45.28935
63.03463
66.28077
77.10775
89.61247
98.76581
111.73302
7.45360
27.68472
45.52410
55.72010
68.31517
71.12880
78.13335
88.48886
91.41698
96.25106
100.38317
106.98647
116.39822
4.03597
22.89684
33.36141
41.73589
41.31079
53.66221
76.98174
100.69388
105.47568
126.65993
128.59726
135.87252
138.45723
15.36304
18.13279
25.64666
51.34309
64.06039
73.84462
90.04708
100.19966
105.48241
106.00029
111.39413
132.92281
136.62660
14.09689
21.88839
35.93976
38.53358
55.87528
64.44309
74.50068
90.71753
103.89847
111.50345
118.20565
122.50681
124.46440
12.90390
39.88578
55.12369
56.86657
59.13953
67.01029
72.36939
80.92935
93.10098
96.18441
115.04017
125.86118
128.74223
4.59108
10.89171
14.83326
25.32673
33.63756
38.35547
48.06438
53.61669
60.40425
72.08641
127.49339
134.60376
138.83702
10.46419
24.41379
34.49636
51.08987
53.96155
70.54821
75.94020
83.32559
90.58979
107.81884
121.97201
121.91910
132.04384
6.80574
11.32400
21.44608
24.88787
34.95834
35.19237
51.38276
64.05995
73.27857
74.59920
83.16489
88.42046
94.26376
7.96220
13.44320
20.82113
29.31007
39.08429
55.84878
70.82657
98.05496
101.02273
107.05599
118.53830
122.90441
123.76874
10.23213
15.09847
23.75208
28.09147
31.22895
53.09356
61.60454
76.70162
84.70011
94.95650
97.65138
105.14071
129.04530
5.89907
10.41128
27.41057
30.67004
41.95714
50.32279
64.63489
70.94084
77.80331
87.47058
89.93359
96.92973
101.35053
10.45281
16.81027
47.68673
49.98772
56.77135
58.81272
61.61994
75.08467
79.62055
84.50710
95.11548
111.72619
130.13535
15.97948
29.97217
32.54962
38.87291
43.14852
52.33478
60.44597
77.92355
79.15265
96.42660
102.88855
116.41093
127.75168
16.90744
22.27476
24.39457
30.05702
35.08645
44.27252
55.22447
64.12542
75.53505
81.99818
92.78102
102.33444
105.56114
12.58730
16.84660
17.79401
21.85550
23.09516
29.18062
46.89746
47.36510
54.15124
59.97442
60.44450
68.98646
77.37100
5.77717
32.43645
43.84921
48.84699
58.63112
68.33115
70.89897
81.40485
104.16008
113.95523
120.45510
134.03726
145.03597
