0.22111
9.10361
13.11598
14.40421
18.25968
19.33809
28.11942
28.61788
28.84522
3.20687
4.75782
11.24532
16.35326
23.09992
31.31577
37.10331
37.26492
37.29045
7.11906
9.66313
24.99821
29.48931
37.22772
42.42689
52.16530
52.24173
52.48515
1.76534
8.13690
13.60946
26.41957
31.78648
34.16342
36.63334
36.66773
36.72800
2.34749
6.06599
15.88443
17.77000
19.47965
27.98039
31.43364
31.55827
31.78007
1.98790
3.04353
9.49750
10.03915
14.09345
22.10582
27.12578
27.34069
27.48627
8.01177
28.44447
37.76198
40.07276
43.85165
46.41294
54.10387
54.35188
54.50243
12.48343
16.24292
18.61586
23.21899
26.16085
34.76133
44.45845
44.57670
44.87464
1.00080
6.70997
13.93128
17.05183
22.28949
31.33310
37.62245
37.81043
37.90463
2.62552
15.88490
20.50938
25.09025
28.51966
38.82099
39.57060
39.80446
40.03905
7.05470
8.24859
10.95908
16.81697
26.69826
29.27796
34.35592
34.59559
34.60413
0.52618
13.28919
16.57383
21.22520
24.89393
28.88902
29.56385
29.73674
29.79016
3.25317
16.18605
22.15880
27.01148
31.16107
35.94746
40.57568
40.58152
40.73007
10.25558
17.24494
29.95981
37.97153
42.73705
56.05423
60.43067
60.56216
60.70286
12.17479
19.90645
30.09507
41.83679
45.60078
50.22956
62.83921
63.00000
63.36823
10.79057
13.61191
25.65150
28.05255
30.18978
33.99904
38.64049
38.95113
39.23150
4.02015
14.11777
16.91280
20.76484
27.25353
28.92261
30.38970
30.42437
30.50750
8.39709
16.95737
28.92938
40.63813
44.86600
45.69659
51.47939
51.63471
51.76973
2.93901
10.71315
19.93875
24.96198
28.55345
29.83821
31.19141
31.59190
31.68811
7.40014
20.92713
22.83330
27.48885
30.99647
33.53465
39.54683
39.88515
40.03185
6.15084
11.53403
19.36797
25.29533
28.19332
32.30652
41.42261
41.58680
41.90691
1.92095
10.76626
16.72742
18.86579
22.78268
34.78997
39.15496
39.37942
39.54786
2.53290
9.86350
15.27708
21.75301
26.04808
38.81174
46.40625
46.60659
46.79647
5.31078
7.00454
8.86439
15.75519
34.47062
38.01770
47.02069
47.18046
47.24436
2.88683
10.15754
16.38311
21.99563
41.34683
48.00190
55.68019
55.95187
55.96582
6.60715
8.63432
13.68357
15.26161
26.14920
37.22334
44.51812
44.75978
44.82325
4.58846
10.34051
15.16744
18.46997
27.53495
42.19095
52.01451
52.26586
52.56668
15.32783
18.78850
24.20107
37.42063
40.49939
42.88055
44.11773
44.30054
44.46024
6.29959
11.78314
13.01279
22.25114
23.99941
33.01642
37.48364
37.74302
37.85047
11.83455
16.10362
18.77819
21.36184
23.00767
29.25436
30.35493
30.46604
30.66002
1.75980
8.38229
16.72127
19.56141
21.64617
29.10993
33.11268
33.39093
33.57290
4.37629
6.52707
8.65568
9.49415
15.93814
22.13605
29.55443
29.63906
29.72876
2.90222
10.47149
17.69306
24.58083
31.00093
32.33382
40.96864
41.21474
41.31167
8.97749
11.84704
21.02918
22.86692
31.87770
36.41899
43.73087
43.87225
43.90924
7.99698
14.43403
20.88014
33.58771
41.80228
49.24431
55.47715
55.55356
55.65117
5.44737
7.07488
15.33643
22.04732
24.81104
29.28213
34.86692
34.88304
34.99694
2.36388
4.10082
7.42125
15.10097
18.89427
21.73922
27.41366
27.64717
27.76559
2.77644
9.31287
12.96569
16.39302
20.06318
25.04714
31.55810
31.60429
31.77695
4.69673
19.45543
21.04248
24.55914
26.39289
27.94362
36.02179
36.05530
36.14208
8.19360
11.36003
15.14103
16.15482
16.53689
28.06308
37.87098
38.37082
38.47592
3.86715
16.03312
18.37983
22.17835
25.72302
33.83592
40.28117
40.64859
40.75764
9.35174
14.10270
20.80103
28.00079
28.11857
32.97892
36.62535
36.94155
37.04023
2.87941
9.11845
17.99796
24.04494
27.41439
31.79906
37.43314
37.57101
37.66253
3.36817
15.92145
20.82697
24.69360
29.63597
41.07939
43.73982
44.13559
44.27647
10.26687
23.14430
28.04109
32.84224
40.30640
67.67543
76.50194
76.57253
76.82844
6.58222
8.09147
14.11268
27.60236
32.65506
41.92536
49.24019
49.34955
49.63626
11.98129
16.73440
22.70106
24.14591
28.52407
35.51154
36.35827
36.48464
36.59027
2.58813
15.68524
23.36292
29.72680
35.69718
43.17219
46.71143
46.98190
47.19873
0.94104
19.97765
23.12644
24.84059
29.05667
29.27308
33.20074
33.36597
33.44032
6.92257
13.27285
16.54236
22.01549
22.71660
28.79974
40.73667
41.00512
41.42209
11.64689
17.49791
22.86229
32.26356
51.24139
54.44204
55.77162
55.86102
56.01496
9.34899
17.86104
24.06438
25.90020
30.08709
32.94405
39.13444
39.23953
39.31078
2.95857
7.09495
10.36968
16.81187
19.68677
22.50115
29.89595
29.98985
30.00018
6.86580
12.02222
13.37015
20.58258
22.36695
32.47176
46.36046
46.59694
46.78874
13.11852
20.63441
31.48108
38.75032
49.15648
52.08660
56.39958
56.56308
56.67888
2.70594
6.79676
26.00962
35.29406
42.07916
50.44492
56.02240
56.16885
56.45032
11.50743
13.62065
15.51047
26.53823
29.06661
33.70042
40.75318
40.79294
41.09773
1.37686
14.33684
18.50952
27.05132
29.32304
36.34549
39.98536
40.16971
40.36548
1.81862
2.18849
6.20098
7.23212
15.47834
24.08949
31.97731
32.11556
32.23141
1.65926
5.76605
17.79912
21.42505
27.19297
35.80171
37.83755
38.11348
38.26208
2.84534
13.86026
14.77570
23.37745
37.79627
42.95040
50.72182
50.78949
50.85058
6.48335
20.45586
28.49313
40.63706
44.86567
55.34918
66.30989
66.42530
66.47687
2.64559
13.32241
14.51740
19.15072
22.34723
27.24846
40.47338
40.87571
40.89010
7.04017
15.10646
19.30124
40.84907
43.57855
45.21921
50.33575
50.36912
50.63240
5.54354
18.08783
36.30089
45.11960
57.95277
64.82050
72.34573
72.48017
72.69428
3.02440
10.12519
21.82829
25.16790
28.19643
48.75892
51.98049
52.03787
52.15082
7.33906
13.55874
15.74470
23.14624
28.37103
28.89264
29.91893
30.03292
30.16301
6.21406
8.22822
13.14451
28.02598
47.67087
48.42273
50.50937
50.83995
50.91333
2.22135
11.77169
15.25886
19.47130
21.59051
28.37205
33.38027
33.43976
33.56947
3.61161
18.45476
24.24251
26.67893
32.16880
35.47132
43.28192
43.43817
43.84383
8.17356
13.53085
14.26215
18.68807
21.19308
25.94507
30.54484
30.76878
30.95592
12.17498
20.97439
33.14560
45.23965
49.10245
56.34396
57.73009
57.78464
57.95582
3.47447
6.27731
8.14509
11.45652
17.31185
19.90186
24.91256
25.06274
25.22800
10.69104
15.84249
21.90149
29.30315
37.04959
51.09148
54.46009
54.58805
54.61143
11.63745
21.63515
22.22807
24.62683
33.48787
37.60660
42.29440
42.53205
42.59808
12.14874
16.07551
20.03214
26.72350
33.30826
35.20070
40.39455
40.57119
40.64749
7.34345
11.00049
12.38862
14.24778
37.87144
43.64195
47.72254
47.81375
47.83918
6.07958
8.66202
11.10061
18.27128
27.16793
31.54736
38.32769
38.51681
38.57311
1.46293
5.66400
11.73399
16.19614
23.25183
35.74233
41.05568
41.23979
41.34044
9.17051
13.93037
19.30158
32.65385
35.18195
37.79755
45.28370
45.37047
45.61013
3.50046
5.44028
11.44227
16.47783
19.41993
24.80379
44.29400
44.38513
44.50228
14.97714
33.64902
42.73337
44.59632
52.53705
62.22255
63.77343
63.89662
63.97571
6.83240
13.14845
19.71955
27.85120
36.32250
43.31029
46.64173
46.76481
46.84403
1.65480
8.55915
22.83062
25.25610
32.02596
38.35434
40.10854
40.22580
40.43808
6.59082
9.51582
12.84074
16.63537
22.65389
29.02083
35.70769
35.88985
36.06978
9.89647
12.59513
15.43220
22.02649
34.99162
35.57380
48.26401
48.48622
48.79881
5.15182
7.19203
9.17862
10.90315
16.60150
28.64986
33.91553
34.16842
34.33181
1.57067
10.03327
11.52770
24.03663
26.98687
30.49625
33.21839
33.40932
33.65304
3.90240
9.00858
14.94826
20.60349
32.52471
38.14537
48.90101
49.01647
49.39118
4.21876
6.61245
10.94636
22.73794
27.11939
37.12376
44.14731
44.38741
44.53089
8.19519
12.19250
15.53929
18.55425
26.38100
27.71172
30.17955
30.45880
30.58672
2.98439
16.85053
19.40785
22.93410
33.69742
35.77824
38.61550
38.72163
39.16180
4.17256
7.76624
8.93199
21.45596
30.70412
34.51215
40.54380
40.86699
40.90358
5.64623
17.82221
22.07016
33.17473
40.96256
43.33593
47.75737
48.10386
48.41980
5.02616
11.55311
14.38474
18.61107
21.46644
22.71191
32.13565
32.33416
32.47968
2.55992
11.30339
22.67713
25.82016
27.03348
34.64263
39.62490
39.91019
40.33365
11.15037
12.93452
18.16347
21.63675
27.03099
34.63057
41.35334
41.42928
41.65566
5.51665
6.35991
7.12727
8.20611
12.80925
23.46532
30.06864
30.17350
30.32755
6.31868
14.21452
26.25618
30.21648
35.44713
39.50813
46.61610
46.73633
46.96282
1.10520
3.24137
9.75252
15.71619
20.71725
30.18777
32.55945
32.96205
33.15170
