8.92511
19.97785
22.01943
35.80642
38.04207
39.34066
39.42180
1.52399
4.63494
12.30992
18.96854
24.13686
25.78705
26.01422
1.85527
10.37479
15.88469
19.80695
20.88072
25.66562
25.75098
6.70484
7.37805
15.64832
30.84998
37.10470
38.24166
38.49986
2.41491
3.35931
5.38881
8.02912
13.84355
16.68807
16.70392
5.75693
18.05901
19.24563
20.47032
22.60829
22.70098
21.08540
3.82271
5.42810
9.49623
15.13158
31.21944
38.74709
38.79916
13.39132
16.33650
17.26697
20.70334
21.37751
23.09495
23.29800
3.32615
25.98125
30.37731
37.63647
44.25450
47.21064
47.37729
4.06884
6.29475
6.88368
10.17797
18.53640
24.53138
24.73007
4.61369
9.62202
10.65647
7.43718
9.09478
13.32100
13.72741
2.46406
12.01958
12.71385
20.36353
23.13356
23.28158
23.48464
1.56924
2.32050
13.22124
13.44623
22.02994
22.91131
23.32019
1.99505
10.17817
12.82931
16.46287
18.03731
22.15562
22.22934
3.57940
6.45353
6.89194
7.90873
18.92031
23.04861
23.11054
7.68274
8.85948
12.41504
18.01880
24.35924
24.80551
24.83284
6.43246
11.21767
15.37404
11.96388
26.04929
31.18534
31.38703
10.68318
16.93102
21.99932
24.92006
37.34761
39.79809
39.81409
6.70067
12.50835
16.21571
28.39341
39.00831
43.83232
44.09141
1.62158
9.70252
23.48785
25.41389
34.63768
54.70671
54.74949
3.07761
4.33723
4.80642
12.46617
21.99940
23.81596
23.93968
3.70749
12.94498
19.96251
20.45613
29.74977
39.14967
39.38129
10.77453
11.77321
14.23411
19.47546
26.55956
35.14452
35.30097
1.38196
6.50916
16.99128
16.60059
21.88964
29.49768
29.63697
12.69591
15.42922
25.42563
32.47814
35.73583
40.62210
40.72675
10.74725
19.21427
20.22487
22.41125
24.12983
35.83183
35.85298
2.45569
11.67933
14.63104
18.26692
22.14519
39.71888
39.88284
3.84983
16.49315
27.45457
35.62819
44.67658
62.41485
62.41937
11.50792
25.76983
27.05081
27.71182
32.73537
39.47087
39.66742
2.88509
7.60568
21.76177
24.44050
27.97445
33.16598
33.36625
5.62957
7.77962
10.30367
12.08115
26.51436
31.90661
32.09434
5.86719
9.59851
11.26565
12.39341
15.18215
13.53101
13.68559
2.13190
4.64637
5.27628
7.11811
8.59877
12.06646
12.34210
10.13036
15.30021
22.94742
19.54009
25.97303
29.99640
30.08030
10.52939
15.28572
15.52988
17.31125
22.68313
23.66880
23.84972
5.83839
6.19456
7.13536
16.10651
19.02441
21.96152
21.96994
7.35295
15.55202
19.99962
29.98174
33.63651
33.96045
33.99057
6.19107
7.67470
8.15080
7.61149
25.58608
28.72977
28.82741
12.29372
13.02546
15.92723
22.94267
27.67944
30.89851
30.92217
12.38161
18.42534
24.38934
28.15179
37.77903
37.58139
37.69395
3.02423
6.49025
14.35450
28.08321
28.33630
32.04682
32.08001
3.16061
10.67319
10.85750
19.35445
21.79621
23.23292
23.27423
0.60840
6.69754
10.01648
20.67756
22.52040
23.47796
23.70906
9.92652
15.90103
17.59397
23.02918
25.24274
43.58236
43.60145
5.19462
12.66285
15.94042
17.50180
24.05200
29.32850
29.38846
6.46716
14.73706
20.31754
16.15453
24.14220
24.84055
24.86176
8.66318
10.49313
10.89014
13.84234
17.97497
35.61367
35.66598
3.89358
7.80768
13.98752
20.41787
37.85658
42.95527
43.16546
4.97203
5.76438
11.60523
12.30632
22.11701
24.55558
24.62342
6.09905
7.07922
11.05522
15.53514
17.61347
27.20170
27.20227
