6.24987
13.58458
19.69202
25.32799
29.42165
6.78965
22.60157
26.82772
33.75164
37.51238
12.76621
19.49607
20.33596
22.34688
28.72123
16.31658
27.63422
37.87111
42.04738
47.65175
28.32688
41.22448
59.42642
75.12985
86.63164
11.03038
20.07179
23.41605
34.02593
35.44280
18.74008
21.57598
26.90923
28.96826
36.28229
4.49318
12.09968
18.30800
32.85589
37.47857
6.16709
15.10453
29.44640
36.85889
38.15115
11.29201
12.36809
22.23158
34.82289
43.39075
7.54138
22.11688
26.76354
28.70232
56.47069
21.32325
23.96026
26.99635
34.81894
53.37855
13.46328
16.76628
19.29617
23.02567
33.06004
6.50775
7.63876
28.59923
29.63245
41.13053
6.55761
16.16199
40.16689
45.50071
59.98839
3.37139
20.60518
34.76597
46.37370
54.86132
6.36294
19.84305
36.15333
55.46771
62.65882
17.55738
53.19219
67.04822
72.01211
74.84246
10.41713
18.14075
30.07487
60.55402
62.32129
25.04614
53.42797
57.73887
64.12996
69.66140
16.39973
29.95348
34.87736
35.23281
35.07714
19.20862
32.37829
36.64479
39.93963
45.91234
4.13308
7.78248
31.06221
36.20305
49.32366
3.18896
30.26135
51.13301
71.87887
84.35045
13.68855
36.87566
47.79267
56.58370
62.35689
12.32571
24.51787
39.24741
49.90788
55.61098
22.61356
34.19256
45.44271
46.95396
52.39146
3.65412
12.21764
22.13860
24.95095
34.94716
15.31540
16.67867
17.17587
30.42549
36.81564
17.23860
29.95020
31.95434
34.62366
41.76405
13.25260
28.80273
46.13317
48.21879
52.24085
2.18316
17.66061
36.65624
44.21765
54.21173
19.78184
20.61615
30.41354
42.02081
46.20896
9.86023
12.72286
22.83949
23.47287
24.47756
6.65314
15.42843
31.42356
37.67487
52.00715
15.79396
22.38464
34.39710
38.46014
85.68511
26.76000
30.35366
42.28965
43.40890
61.31824
2.98455
4.27932
15.09490
25.59837
27.95018
5.75218
19.06926
22.99880
23.95284
29.35884
8.20415
10.45252
43.20898
49.22456
57.18972
8.18769
14.05151
19.55366
35.57122
44.75131
12.86249
22.12847
25.64368
28.06618
37.69304
15.16449
32.15091
32.91601
36.77024
52.45349
8.54073
18.03358
27.38218
29.82149
39.01546
1.63206
17.02817
22.87230
59.40471
85.51858
7.29799
16.74172
22.82127
33.75914
37.74154
9.27997
15.21726
20.80081
32.40154
50.28798
10.62765
18.22076
38.18395
47.89136
56.22980
19.25487
39.89632
65.71135
74.54523
96.09404
8.60623
10.99759
22.98590
30.28691
35.90610
