12.32896
26.35887
33.78692
46.15610
62.16988
81.33639
86.39214
91.50912
102.79641
122.47498
134.70649
140.39781
156.60643
167.95811
171.20167
179.53173
187.78683
196.40454
196.41898
11.79277
21.21392
37.96023
68.77973
83.55074
101.75000
116.12687
134.45493
137.62699
143.70672
159.22277
159.58470
166.94716
185.49076
185.49433
186.86891
204.42006
221.74316
221.74316
1.43105
29.43606
43.71926
45.89399
61.57828
78.14039
83.75200
90.17978
98.09540
105.50061
118.80385
136.37651
146.01961
168.24540
178.31370
182.36855
188.90241
191.71940
191.98095
5.16009
18.03181
39.55061
46.06486
63.02552
82.83104
98.82828
117.95679
119.08973
147.95720
154.02718
157.60954
170.67589
180.77991
182.66612
191.99969
206.34668
207.03180
212.33864
20.14446
29.49834
46.10329
49.46023
51.57779
58.07344
89.55222
110.16938
111.14691
114.38466
120.61788
134.58547
135.95147
155.47133
156.65679
166.27925
174.25882
187.73407
200.66408
12.52339
23.11456
31.94280
37.15077
44.86848
49.00406
71.88284
97.08400
123.89181
134.85417
141.99101
144.83715
148.34960
160.81880
173.90401
191.26338
195.16992
206.99859
208.76532
7.80344
19.75579
36.70485
42.05291
53.80578
69.60925
81.14585
88.76128
105.19721
106.00240
121.06183
133.08649
143.66850
164.15255
169.49197
185.36763
191.36769
204.49758
213.29589
6.87864
23.28417
28.51657
43.55281
54.63319
65.60918
80.78639
85.72773
88.67117
95.30051
98.49569
107.33107
114.56323
121.37144
130.71702
132.88686
135.09697
144.69961
148.97840
9.40963
24.48283
35.81623
48.12101
61.40532
67.41283
77.80157
79.04403
97.91236
105.23680
106.24178
118.29499
119.17371
131.75477
142.22103
152.42446
182.71831
186.91115
187.41221
2.35310
13.83832
42.95089
63.35232
67.94268
78.62420
97.14291
109.40841
133.96965
146.44736
166.38189
171.79669
171.95844
180.95022
185.71713
191.66561
201.88777
200.33325
208.76521
6.10975
9.06626
10.62539
14.42447
27.16801
33.83996
57.58967
62.48225
72.10796
105.90414
116.27370
125.94519
134.72271
150.10570
151.88594
154.83327
161.33971
176.10516
186.29783
9.14426
26.94436
44.79219
49.10828
55.84137
67.14253
72.09542
93.02538
101.91306
103.21755
107.60091
107.66906
116.35343
121.90187
135.29543
147.78204
158.80996
169.38231
177.22219
4.26112
12.19612
20.29167
23.37096
27.41724
37.37202
54.01341
70.98342
80.54465
88.33361
105.56687
106.97571
110.62806
127.20900
125.42084
134.93182
150.91407
152.68150
155.84056
26.35389
40.61596
44.90493
55.38614
57.30504
65.86953
75.30285
80.48255
106.84298
114.92450
127.83489
128.38084
136.54679
138.65233
143.58458
147.24718
156.90940
166.54167
182.31947
11.74536
26.90013
38.98249
45.29742
51.94125
64.76063
68.87854
86.60914
96.02383
102.97720
103.45467
105.32694
119.99087
127.58886
128.48739
129.38657
138.24544
154.36795
157.84315
6.04999
9.53781
22.51043
29.94321
35.09761
39.86992
47.29189
51.08357
79.00946
100.29633
109.65133
125.01051
127.76813
133.17523
144.62458
150.14723
152.31570
158.04518
166.08502
12.03229
45.33685
49.56987
78.00945
79.02095
87.67818
102.37560
105.11648
120.95416
134.17906
140.26562
139.39693
139.71540
152.35002
158.24830
171.89419
180.45364
209.30859
219.08908
6.38142
15.31002
22.88252
32.24428
40.56567
68.26823
93.41019
95.07722
105.96891
109.59353
120.17560
123.95889
132.47533
150.96836
155.10772
166.46850
169.54217
180.56748
184.87054
16.54604
19.22305
28.64474
55.21864
63.70448
89.05732
92.58208
108.55971
115.45465
130.03591
144.14307
149.42296
151.21692
162.59815
164.72947
172.99521
175.63115
176.51679
183.80620
23.78782
28.81656
29.41684
40.05861
40.16238
46.06822
57.94565
81.31922
95.12725
102.79668
108.72372
111.83083
122.97922
137.25520
139.70423
155.92278
169.71053
180.32521
188.82547
10.91568
19.73621
21.54819
35.69040
54.06557
61.33350
63.20626
71.61386
96.49643
116.05522
117.12310
121.13811
122.80541
127.60805
147.09047
161.16855
175.99728
186.58477
193.77183
37.50760
46.40471
51.21028
71.24782
83.57231
97.00065
110.30576
118.83693
119.68062
136.87948
148.47532
161.34207
167.67817
180.18364
188.06229
189.07350
192.65105
199.39599
200.10420
7.31815
14.72370
39.03313
40.44285
56.38429
67.13850
78.02631
95.80317
102.71176
103.98583
139.96987
150.07978
165.02713
187.40028
187.40950
191.95874
218.95429
239.21425
239.49760
8.96317
22.20461
28.50987
55.91063
60.45514
62.20286
76.49086
78.61014
92.88725
95.43050
117.56227
122.73084
136.44481
151.49172
151.49172
158.37076
163.13721
165.07479
168.66925
25.64847
32.24572
42.41096
53.12994
60.35689
79.02315
94.13113
102.43891
109.82607
134.26303
142.87594
144.23691
153.42790
157.49079
160.70608
171.61119
173.61478
177.22662
177.76264
10.64005
15.75572
28.14764
40.09631
45.81452
48.76071
59.61855
74.19545
78.12045
88.08860
95.16755
95.93462
108.24963
110.28852
116.18367
123.52665
127.70797
145.80024
152.11209
13.80771
26.04526
30.58902
44.23938
48.24071
67.79514
71.78774
78.83289
79.17223
86.52573
93.15163
98.10095
114.05960
131.20502
142.53562
150.17479
156.21371
175.87004
180.07270
5.81988
21.73977
38.08287
38.98322
49.47769
55.77597
62.48737
69.67048
72.90221
95.05013
95.19498
95.55338
102.55862
105.01907
113.63007
120.99825
120.95549
128.50685
130.62742
4.05977
13.29847
21.04662
28.84134
33.23902
42.33335
43.72537
52.19777
60.29579
63.51531
67.40221
66.67459
74.05506
87.66090
125.20712
143.24968
145.23289
164.15042
168.61453
13.51584
21.42496
28.36081
44.68252
72.05257
79.28436
92.17540
99.85121
104.18378
118.86108
136.22156
142.59276
167.95104
169.84518
170.33331
196.21000
200.52712
227.07127
229.73064
16.42323
30.69558
40.37810
58.99320
67.67969
79.48093
83.88813
94.55216
98.65164
109.32842
121.69530
138.03925
148.32546
151.35388
156.69904
159.77573
176.47710
179.24436
181.67529
13.77606
40.90853
49.81795
60.23629
66.56448
90.17893
95.43562
125.35425
134.03315
148.10576
153.77501
155.05481
161.59199
161.59015
169.47415
184.61785
193.00651
208.29972
211.56648
3.74858
15.76140
41.19434
48.29458
55.87883
61.27220
69.86027
93.30351
98.87600
111.85331
130.54495
153.07267
161.59881
176.84873
180.51088
186.02461
189.57865
200.00419
201.75936
17.51895
32.70874
55.46449
78.29840
80.96070
107.49939
132.46507
147.33706
159.84154
167.59194
177.83208
189.29242
202.16461
203.76668
204.19328
215.98667
232.67865
238.80592
239.13659
7.59543
24.21758
48.32336
55.47490
58.67699
69.08502
82.09261
84.31463
88.05048
106.96672
118.72991
143.01787
144.73882
148.07086
150.14989
166.39255
183.04507
197.99716
204.21615
7.18402
16.41607
20.67107
35.84137
43.34129
62.93467
62.81369
83.92541
100.87347
116.51826
122.58232
125.08921
126.83630
132.67498
143.92256
148.79351
153.75422
169.13268
181.17893
20.20897
36.27944
46.22797
58.84501
60.64062
69.69645
89.57820
91.36314
108.38659
115.17296
126.16254
150.83461
166.98961
175.19602
178.38534
193.46439
210.06472
223.64996
223.65229
14.18445
25.64544
33.84868
44.32525
57.77421
72.98546
88.25205
96.40875
113.98342
120.60261
127.24109
144.77806
148.55459
163.58734
164.25368
173.77417
188.75326
194.68188
219.59946
4.14369
14.49015
30.96918
42.53717
47.95001
63.92882
78.35548
79.75998
95.10533
104.26723
116.56731
127.36370
137.28007
155.87970
154.78178
181.59585
204.84228
214.69904
217.51837
1.80190
11.76006
23.21903
29.23934
40.36819
41.38374
51.75831
56.84060
65.97805
73.46009
75.75879
80.38441
84.19086
92.39001
94.11826
102.99695
122.13199
125.77570
132.15023
24.62597
45.13304
59.14567
70.19722
78.66666
79.99657
91.47351
94.59572
99.14463
100.88011
109.56774
114.09033
118.14295
121.02299
135.69609
145.47929
165.55589
176.00656
177.38992
15.74854
25.08485
34.09505
47.85543
48.29410
49.18343
71.81280
89.68241
107.17365
118.08492
136.91358
139.57851
146.47866
151.19916
153.81980
166.94062
168.19186
171.38058
173.61705
2.93621
10.35303
43.53149
47.99229
53.69452
59.35392
65.14757
77.80671
94.13736
108.08015
117.55579
117.56610
136.82397
159.55301
160.13096
173.18355
183.51776
189.61070
191.43132
16.79031
30.87928
50.16823
71.04648
82.71260
97.89962
106.57672
120.59024
126.85882
127.31183
133.37556
133.08685
150.41594
154.62805
174.22513
192.23419
202.12968
205.96197
210.88557
8.52838
18.82440
27.07165
28.11374
35.31766
42.62230
67.29701
68.79825
79.56534
95.34507
102.66865
121.86225
122.84351
130.75385
132.60077
140.42688
151.82165
178.63948
181.54795
13.58157
19.98213
31.44976
35.10358
46.97760
52.53608
68.45407
89.37413
95.86775
103.99300
110.38799
125.24795
136.59412
155.07652
158.75590
171.91161
175.79143
183.80670
184.39230
13.36775
26.08254
30.07563
50.16069
57.23005
63.50740
75.80229
83.22848
99.76560
106.31141
122.47711
135.80680
159.72970
167.01803
172.92899
187.32581
186.01776
195.53235
198.35057
7.25077
14.46888
29.02520
29.46432
38.47026
47.34632
61.50239
72.24142
85.08951
92.34866
98.82167
110.70505
121.09473
129.56777
140.30511
154.63918
156.53038
177.05369
192.95534
8.34863
15.24242
21.96111
26.15718
28.91642
32.02419
45.90616
50.45990
61.86560
69.08372
84.18407
90.47923
102.90352
108.65876
134.30324
150.80416
156.77628
157.51538
160.64693
3.30778
17.63773
27.08913
31.50886
31.36748
43.58378
49.63729
53.70356
72.21342
93.46178
99.27759
127.82781
140.51810
147.94639
157.64655
173.17803
182.79467
187.11149
195.50860
