3.78683
16.68088
21.94308
29.99625
33.18268
39.14148
48.78167
55.60916
69.88929
77.20722
89.68892
7.18954
11.40848
21.75046
29.61565
48.62510
54.70675
59.76522
65.13194
79.35736
82.56199
87.40973
13.47304
19.10157
25.60609
41.41338
47.33401
54.19104
55.78014
67.54704
70.35294
87.87234
96.75568
4.53184
16.08038
29.82346
48.58413
52.21279
60.97323
66.20774
81.88985
98.85017
103.37590
107.57048
6.72780
10.58006
20.22735
26.24021
34.65152
51.09976
55.73160
64.40799
75.70117
89.45134
100.63075
9.03599
16.84110
27.51885
30.89398
36.91628
45.13925
57.57125
62.59021
67.44167
68.89363
78.32832
5.99387
15.16688
22.09924
25.99068
30.33726
42.18818
46.59054
53.77386
56.97472
68.73283
73.48765
7.02422
19.56212
30.04760
38.84173
47.53480
51.27616
57.06334
71.88009
80.03957
84.58921
89.91862
6.79382
13.40078
21.56548
36.41653
42.96975
56.13797
57.23268
61.98385
69.19998
74.91547
78.65938
10.93331
14.40827
23.46890
24.91214
30.21173
45.39032
63.90361
66.61611
73.63652
81.93198
87.08760
3.33536
9.56766
19.74562
27.21969
28.16377
36.24013
41.30448
48.92080
56.88380
63.57812
77.45940
4.98497
15.48306
26.93990
34.22198
49.66904
54.53528
60.91583
71.79036
82.98681
97.47233
104.80049
9.22509
16.11550
24.13049
31.40862
37.21976
48.19835
50.54291
59.85154
64.47111
77.97251
85.69595
3.69744
5.57840
6.88520
15.22905
28.94967
34.65150
43.89405
47.24883
55.80801
57.49443
70.18537
3.88869
21.67292
31.76050
40.01209
48.41448
56.26889
58.74806
64.06552
73.43732
86.69902
95.61967
3.73814
8.98777
15.14177
21.23587
26.53947
35.49626
42.66488
56.66065
73.68042
82.13469
83.55431
14.45130
23.50470
29.50727
33.36090
45.28852
54.52361
57.85489
75.44566
87.10814
102.24539
109.03649
3.46162
9.55554
20.28663
27.67488
33.50627
39.83763
46.69254
49.53543
58.90553
69.10461
81.54354
13.74399
20.71049
23.20195
35.94158
41.28960
47.86405
54.53154
57.62442
68.05846
70.85712
78.07581
5.37446
8.49019
12.37570
23.93443
33.23892
51.03803
61.72692
72.83345
84.20964
92.38131
99.65342
18.12611
29.19424
33.76470
40.17691
48.66549
56.73012
63.42439
75.15206
82.72017
86.41942
94.89688
6.63528
18.38598
27.76300
28.39690
35.61915
45.07399
61.19043
79.19534
90.01898
104.31572
114.18312
20.76126
33.22181
40.01498
47.76334
58.30307
65.11145
76.24096
82.06592
90.69391
99.93235
107.73911
8.76629
16.70354
31.57267
36.65505
37.73282
47.64717
49.88609
62.27595
74.72582
86.68860
95.33639
3.71774
12.19394
19.45872
24.79464
35.90788
48.75638
59.93303
73.68512
78.65321
85.46905
92.99684
13.22914
17.10705
35.44384
43.05326
50.83258
61.04235
62.64621
67.92450
80.66772
84.98903
91.60711
2.50075
17.22044
25.99106
37.00712
56.85872
62.66138
65.51137
71.29200
74.38536
84.91596
90.18567
3.77231
7.65899
18.27991
26.26785
33.20955
46.57486
50.08887
61.34575
69.30578
78.87133
83.44514
14.12310
31.09116
42.59186
49.61402
56.66433
56.75722
64.38917
71.02622
74.77973
79.22562
89.38995
11.28048
14.94026
30.61831
41.63539
54.25562
56.94160
66.69545
73.81977
83.12770
103.58621
114.84341
9.20837
33.56371
42.67423
46.53261
53.67849
59.91356
68.39515
70.98217
80.36264
90.08010
100.27198
14.37709
30.81884
32.65995
48.82855
51.36185
54.37408
61.99677
68.25507
75.98598
85.26737
96.77376
2.97609
7.47235
23.69097
28.91110
38.86374
45.91463
57.29811
61.79998
73.52465
79.37551
88.26264
6.04286
22.00657
28.70764
34.40386
38.83781
41.45276
45.53342
65.36244
71.91912
87.31045
94.41830
3.04816
10.50140
22.23936
26.94567
35.34719
38.51870
49.91684
59.78406
76.91219
81.43229
87.55008
12.07692
15.70624
24.10607
34.61615
52.72387
71.33123
79.51218
85.22869
94.55666
107.92438
114.97797
6.20838
18.21450
23.43000
25.76265
35.08929
40.67597
51.85025
57.24193
64.49961
73.94813
78.53419
12.76887
33.59755
46.68876
52.75321
53.92850
62.72758
76.45435
82.32286
91.48826
109.48230
118.98593
5.79641
16.68558
21.10221
24.51354
38.10497
51.19762
59.34168
71.82103
72.39460
76.42920
81.62688
11.65352
20.47983
28.61816
32.82565
38.37464
52.20931
58.58845
62.27746
79.22811
88.30751
102.33379
11.58424
19.59333
30.35320
42.97933
45.03094
48.71838
56.21426
59.19308
70.90706
82.43739
106.18700
2.19792
9.07887
18.59747
19.27278
26.07839
40.52679
47.60201
59.14589
67.34511
74.23550
78.03955
8.56664
27.53798
40.31350
49.39361
58.21640
71.58712
77.94193
87.06258
91.50854
95.42499
99.57242
13.99878
21.16761
32.19223
34.32684
41.73884
47.61016
60.93839
70.86708
75.33711
79.25016
79.66719
9.09503
13.82500
17.25727
28.53062
35.65474
36.99438
47.66446
49.86170
54.89081
60.28459
63.90918
14.67687
26.23073
36.07555
45.68322
56.74572
63.38152
68.97442
76.32172
87.71607
91.70452
100.76909
2.50576
14.84866
26.59588
34.41276
35.88373
44.84232
50.55876
52.28328
59.77365
66.62145
73.73680
7.38605
13.94345
19.23304
25.94577
33.75808
37.08918
43.72325
55.74127
67.19296
71.19599
72.81042
6.91080
14.84773
27.47569
37.33534
47.54920
57.85992
63.47921
71.49429
79.34932
86.26567
86.87342
12.67875
17.91213
25.36444
31.25469
39.18512
48.25755
53.05898
60.29925
64.85970
73.62827
81.68637
3.20216
9.40167
15.23367
24.30618
32.35445
38.26805
40.41996
48.19853
54.47236
72.23608
78.69577
5.82540
13.16046
27.49920
48.41225
54.22652
66.37464
74.04216
76.61993
79.79118
93.57602
100.87438
4.77828
9.30607
18.61957
26.05660
35.25494
45.18878
49.91344
54.93194
67.47825
82.50687
92.70919
12.05019
19.04871
24.19903
35.63461
42.60827
49.40161
52.80368
59.72525
60.70446
70.72760
82.73543
4.87878
13.28554
18.63576
25.14911
31.16507
43.69659
50.27161
54.55671
63.57539
71.92620
77.87030
8.87600
23.29521
26.68740
35.19370
42.57460
48.68352
63.51492
63.82082
72.95487
77.49301
82.72616
4.27330
12.16229
23.79913
33.05665
38.96376
43.09042
50.38731
55.00031
63.19390
67.53699
76.46775
13.01067
23.61769
32.14910
43.51735
54.39192
69.15729
77.19103
83.46131
90.68196
98.87374
101.11014
12.83436
19.78343
23.16273
32.41718
45.10111
49.42282
62.21420
73.43944
76.69471
83.63737
105.80700
8.68395
24.65024
29.09791
37.09886
44.35748
49.91131
68.98520
74.94754
77.38003
86.70929
96.12584
4.60423
14.91941
22.38143
28.63730
36.28671
45.63345
51.03486
58.38203
64.45580
72.64103
78.11101
8.21960
14.36210
30.70524
37.06789
41.68677
53.00365
62.20603
67.80239
72.45362
79.17334
81.59401
8.42621
12.24303
20.10655
27.33307
40.31361
49.47203
58.93896
63.80432
71.89871
88.69431
94.57213
3.74623
7.62258
16.55521
28.25139
39.51209
54.77632
59.48231
63.48418
69.77707
84.08650
93.26158
3.70658
10.11066
22.69740
37.40206
41.24016
44.30123
57.23044
66.49654
72.92500
82.89018
97.31413
10.01266
18.20931
26.23933
37.44834
41.96624
47.41284
54.63259
61.97015
66.43986
77.75873
93.79460
4.03995
15.63438
24.04942
31.68483
39.54172
44.56853
57.96105
63.08552
66.80659
81.42769
90.82360
3.21521
12.19907
22.25062
33.47006
41.17472
67.52361
74.45398
76.45519
84.33386
88.66059
97.64177
7.12484
11.08784
17.47922
24.17738
37.11302
39.22031
46.72995
50.46016
55.38929
61.72096
70.53434
23.07385
30.34998
34.03505
42.12348
54.99699
63.31107
71.16236
74.69063
87.86891
97.93444
108.32822
2.13599
11.38614
25.07912
29.72233
41.63668
46.08140
52.90262
67.22515
82.76642
102.49937
110.80309
11.40118
17.03802
23.61879
27.12636
30.76931
36.88091
40.23156
47.51752
56.54633
75.55946
81.77369
5.63847
14.50671
23.48617
28.42277
42.84644
49.43493
58.96319
61.18032
68.58917
73.30404
82.64297
13.49893
23.17865
29.17572
36.85260
42.65146
46.25322
46.37491
52.90070
58.90970
68.53487
74.04022
2.37260
15.12942
21.16489
23.18179
27.73356
37.75926
55.44693
68.70360
78.17970
80.71279
85.35950
19.78378
29.97827
32.27630
45.09742
52.92122
60.29227
65.60144
77.06540
80.33372
82.66297
95.69558
8.91508
18.15557
30.01680
41.23220
53.15646
63.41613
69.49941
76.73110
89.63201
101.42488
107.92911
4.41599
13.81787
24.60752
31.73799
43.94987
55.96182
59.02647
64.06584
73.26829
76.53054
94.32973
3.68460
13.40931
25.37565
36.42292
39.46103
43.71217
51.00403
55.99519
58.13407
61.11956
67.33455
13.49413
17.86155
20.15589
31.14171
34.74426
47.02274
52.44008
59.88639
75.85096
78.82317
87.66932
5.19212
11.19431
20.00886
33.48278
38.34851
41.71124
49.49855
61.69391
71.11473
79.69320
91.94055
16.36721
22.67762
26.11133
39.05577
46.82271
49.23004
62.13985
73.04809
84.20548
90.54618
100.35603
6.09986
13.12429
22.93951
28.71492
43.33691
52.74477
60.94886
62.01439
82.41984
91.39588
103.34262
3.91913
16.95795
28.68553
33.84991
44.10459
46.99199
63.01096
68.27550
74.82968
78.70115
86.71797
16.79551
23.14781
40.55292
49.29259
55.46655
62.15054
68.57761
86.57607
93.98554
101.93458
103.43317
7.72706
16.41608
26.03377
32.51833
44.71641
53.22809
64.81312
69.76053
74.41303
86.74664
95.51741
16.28199
18.49810
25.73499
27.53048
39.06480
44.81439
47.92926
53.27725
58.85240
70.07748
73.22427
11.03003
23.77358
28.74258
33.05739
42.49035
51.93370
62.37201
70.68973
83.72589
100.04183
106.62804
17.39603
26.04616
34.87338
47.38758
64.25411
75.85390
85.15068
87.46465
91.11421
99.87054
103.60708
2.13709
11.63280
17.96272
30.65634
41.33455
42.50893
50.05882
56.07352
67.94568
72.36550
78.30236
16.88399
26.07510
33.64090
38.56344
48.52312
61.07544
62.17420
65.10568
76.27873
86.55120
95.14130
10.13437
15.89530
22.50369
27.55595
40.11763
46.86548
52.82105
60.06195
66.97659
77.14738
87.63624
5.34423
7.86926
11.79190
16.82882
27.11307
39.24336
51.66258
66.20678
78.67333
88.39216
100.21900
12.38013
22.76826
30.96373
37.44194
48.96532
53.61285
59.12495
63.58925
74.79271
85.51522
91.43521
8.06138
17.36529
26.90928
31.58965
39.51541
51.31320
60.38962
75.04744
90.34019
99.70251
109.45437
4.98526
17.55288
26.30137
46.99359
47.90809
55.80298
60.15458
60.48607
78.64126
85.08511
90.26874
13.13176
22.87938
26.95300
32.51410
45.72395
47.71526
50.66274
62.02498
72.07945
90.32493
92.59580
5.82005
13.64701
21.50313
25.45350
30.39407
42.58264
53.80725
63.76264
71.29739
74.02167
79.09703
16.03223
22.55791
27.70903
31.73589
37.05178
45.75465
51.22388
55.63774
64.91399
71.34903
81.86123
8.83941
18.00386
28.31347
38.69850
53.51433
56.36533
64.97897
78.78449
87.90112
93.69554
96.71754
