0.50987
0.56752
0.78240
0.83297
1.02180
1.02385
2.32847
2.83199
3.12811
3.53953
4.32839
4.76822
0.29105
0.34647
1.25169
1.53751
1.66372
2.04654
2.68605
3.47283
3.97563
4.81956
5.09595
5.82364
0.64292
0.72291
1.41935
1.73068
1.92504
2.30214
3.19002
4.13957
4.70685
5.74263
6.00088
6.14146
0.38906
0.73819
0.74706
1.10581
1.16678
1.45214
2.53542
3.44761
3.86533
4.81768
5.51707
5.65481
0.17190
0.77554
1.12710
1.24958
1.58714
2.90281
4.11745
4.71264
5.08998
5.63099
5.82999
6.15075
0.41399
1.48523
2.27676
2.83707
3.35084
4.20986
4.69394
5.15208
5.40954
5.87058
6.24748
7.74958
0.31332
0.96983
1.67257
2.18455
2.23136
2.91884
3.26539
3.71435
4.45685
4.52166
5.67152
6.10105
0.66032
0.90098
1.03812
1.07866
1.17919
2.55144
2.70497
3.45326
3.58750
4.22965
4.65743
4.98451
0.36869
1.33004
2.04544
2.30873
2.96264
3.08045
3.76366
3.79396
3.88093
4.48544
5.00866
5.28129
1.28252
1.50285
1.83645
2.10171
2.42249
3.06482
3.49242
3.52897
3.69907
4.31889
4.46332
4.96409
0.28516
0.34289
0.46357
0.90849
2.00248
2.54233
3.14774
4.93596
5.77464
5.93265
6.32702
7.20778
0.23338
0.41876
1.69469
2.39210
2.45694
2.95870
3.38882
4.10697
4.30792
4.74952
5.01938
5.35763
1.10266
1.30882
1.55953
1.69332
1.75713
2.27282
2.41363
2.43104
2.63886
3.08115
3.37611
3.42059
0.43695
0.93623
1.21018
1.52504
2.61938
2.98187
3.52182
4.36652
4.55128
4.55971
5.35901
6.00333
0.02436
0.77950
1.08657
1.16003
1.35188
1.42125
2.22077
2.40623
3.55233
3.56726
3.65606
3.96729
0.20655
1.30969
1.33529
1.73436
1.81625
2.05800
2.28645
2.50502
2.69155
2.85500
2.97158
3.57110
0.51282
0.61211
0.65099
1.35155
1.46009
1.49820
2.10007
3.54509
4.66775
5.00797
5.12069
5.25529
0.12905
0.82544
0.91845
1.09580
2.55515
2.84607
3.38238
3.54237
4.40289
4.95623
5.48604
6.14034
0.40298
2.46957
3.41802
3.74216
4.66647
4.82811
5.59367
5.94359
6.79248
7.07434
8.07421
8.16789
0.18505
0.57541
0.71141
0.83236
1.25738
1.76380
1.91779
2.23930
2.85308
3.81522
4.12622
4.62200
0.77033
1.10411
2.35676
2.69194
3.17537
3.28806
3.77879
4.03027
4.20552
4.95802
5.07845
5.12191
0.33931
0.71214
1.52237
2.27387
2.36234
2.86859
3.40375
3.77157
4.04296
4.18654
4.79343
5.38740
0.28771
0.31481
0.57701
0.70539
1.08691
1.58104
1.87777
2.33384
3.03834
3.37549
4.22395
4.91024
0.21513
0.75310
1.46040
2.24004
2.56713
3.67286
4.00697
4.27868
4.33572
4.49575
5.12985
5.45242
0.18187
0.52686
0.85443
1.65227
1.70068
1.83074
2.22369
2.45377
3.07997
3.11725
3.16301
3.29451
0.54105
1.12815
2.06390
3.22843
3.46408
4.19510
4.82360
5.45784
5.64004
5.85270
7.30785
8.07221
0.82521
0.88325
1.43591
2.29312
2.79796
3.24530
3.43419
4.70249
4.97121
5.27880
5.29548
5.49346
0.12493
0.41453
1.64952
2.02807
2.08919
2.36055
2.94880
3.11322
3.43474
4.31192
4.80040
6.02728
0.00879
0.23063
0.77417
0.77418
0.98800
1.79886
2.61467
2.73011
3.03160
3.25678
4.47026
5.22461
0.01193
0.35516
0.58085
0.64471
0.83841
1.49071
1.79322
2.76789
2.77292
3.45490
3.77034
4.57526
0.18855
1.34627
1.84802
2.25174
2.32945
2.89016
3.86877
4.30782
4.30800
5.47473
5.64668
6.16918
0.26342
0.52102
1.24638
1.25752
1.30369
1.71424
2.34186
2.66409
3.11093
3.16715
3.51505
4.07592
0.32764
0.43993
0.68878
0.79032
1.75929
1.80366
2.16417
2.69959
3.05550
3.88178
4.23908
4.59949
0.55318
1.61354
1.97247
2.24525
2.69559
2.93018
2.97600
4.15503
5.07789
5.14508
5.79681
6.26595
0.02036
0.33250
0.55889
1.80590
2.09580
2.56558
3.24888
4.07743
4.60797
5.00407
5.14727
5.54665
0.27737
0.42893
0.48171
0.74122
1.15924
1.56189
1.76552
2.25053
2.39336
2.40137
3.45533
3.51020
0.54410
1.21219
1.48498
2.23898
2.50264
2.60344
3.66159
3.97345
4.80441
4.90720
5.19254
5.77583
0.03598
0.29162
0.77417
1.22232
1.96820
3.24348
3.91349
4.07109
4.31316
4.34900
4.91219
5.18528
0.20272
0.55611
0.97647
1.22398
1.56872
1.70972
2.29237
2.69133
3.05489
3.66055
4.11046
4.45942
1.13026
1.74858
2.07391
2.54071
2.98434
3.05632
3.67725
4.35441
4.42619
5.06940
5.19896
5.52118
0.28787
0.59817
0.95998
1.23031
1.29919
2.18620
2.42740
3.23188
3.52438
3.62524
4.35054
4.72425
0.02308
1.08572
1.50134
1.72802
2.18097
2.34464
2.53031
2.76281
3.38197
3.47279
4.46075
4.48773
0.69237
1.17538
1.24958
1.55020
2.24560
2.60249
2.96989
3.34575
3.79928
3.88821
5.09205
5.29492
0.92024
1.35890
1.50380
2.52304
3.18551
4.01761
4.48775
4.86348
5.09016
5.27901
6.77554
6.81878
0.33442
0.55393
1.01375
1.01467
1.22656
1.93629
2.04619
2.58569
3.40291
4.16606
4.41311
4.60002
0.69069
1.53012
2.01486
2.01549
2.21681
3.39824
4.10282
4.64833
5.49012
6.01271
6.97698
7.95168
0.60293
0.91988
1.33657
1.79589
2.70340
2.73747
3.48731
4.39492
4.68093
5.54364
6.58364
7.00100
0.72481
0.82889
0.83503
1.42924
2.47503
2.86641
3.45535
3.66912
4.10260
4.61945
4.99256
6.82782
0.31019
1.25460
1.39876
2.41270
2.41738
2.59414
2.93879
2.98643
3.71956
4.01887
4.89837
4.90516
0.56682
0.80561
1.07463
1.43442
1.84738
2.15439
2.65155
3.63141
3.67925
3.91436
4.31729
5.00617
0.29504
0.58531
0.68098
0.81727
2.13811
3.05917
3.22798
4.01049
4.01167
4.18534
4.74456
5.53977
0.22266
0.25821
0.80442
1.82631
2.35187
2.83300
3.52131
4.04116
4.66768
5.04156
5.28823
5.70635
0.28221
1.04661
1.45514
2.13894
2.61833
3.16411
3.75419
4.51609
5.31101
5.68031
6.60333
6.81766
1.06180
1.12947
1.63067
2.25717
3.70493
4.03903
4.25345
4.62536
5.09412
6.25023
6.35699
7.32373
0.08114
0.73767
1.75147
2.52374
3.29972
3.66562
4.10602
5.20003
5.93505
6.04350
6.79965
6.96540
0.30641
0.80397
1.95973
2.91613
3.30897
3.39191
4.30394
4.61464
5.35472
5.93255
6.13339
6.27890
0.13409
0.29672
0.59133
0.64699
0.73642
0.90852
1.53651
1.55968
2.32600
2.80175
3.11851
3.52058
0.48280
0.82805
1.71168
2.52215
2.67293
3.63512
4.58723
5.05410
5.56310
6.22706
6.63963
7.14870
1.02833
1.32161
1.97697
2.15323
2.33990
2.81832
3.59171
4.02162
4.23946
4.56444
4.94551
5.46697
0.19439
0.36766
0.85605
1.16995
1.27766
1.58363
2.27783
2.40556
2.76768
3.43066
4.46908
5.03342
0.15047
0.25124
0.60540
1.37948
2.50882
2.94653
3.26937
3.70762
3.88301
4.74175
5.68911
6.95069
0.02519
0.29323
0.68885
1.83374
2.71644
3.04554
3.72565
3.96258
4.96805
6.93261
7.30155
7.50447
0.48865
1.11047
1.40374
2.25501
2.31978
2.54009
2.74632
2.92240
3.25808
3.52705
3.65612
4.33135
0.65746
1.21395
1.58864
1.77017
2.00309
2.63644
2.76553
2.88132
3.74990
4.69581
4.84417
5.26328
0.30813
0.76789
1.20881
2.04094
2.54201
2.73343
3.55971
3.91586
4.14741
4.39049
5.13666
5.50695
1.64269
1.85705
2.50990
3.00435
3.49258
4.18476
4.33216
5.20156
5.31186
5.36262
5.43363
6.09126
0.71608
0.83108
1.85637
2.38499
2.69938
3.24999
3.30466
3.72700
3.93479
4.16921
4.37307
4.47851
0.17952
1.42664
1.54123
2.43156
3.04524
3.14735
3.21056
3.73227
4.84930
5.42525
6.22078
6.62767
0.16785
0.60078
1.60543
2.41556
3.47639
3.67118
4.04284
4.16293
5.03093
5.54832
6.90501
7.66514
1.46693
2.20082
2.32798
2.83226
2.93623
3.48707
4.22357
4.77412
5.47830
5.95006
6.06418
6.73988
0.77031
1.92649
2.15656
2.29123
2.31993
3.32149
3.38657
3.61615
3.88511
4.45901
4.52290
4.74734
0.38019
0.44309
0.49556
0.72058
1.08173
1.39922
1.59444
2.64963
3.42545
4.24933
5.58401
5.61734
0.89149
1.60477
2.20276
2.45130
3.99293
4.55306
4.71683
4.88947
5.42309
5.57451
5.78839
6.09602
0.28676
0.65189
1.25880
2.10500
2.23603
2.71742
3.20826
4.13783
5.12537
6.17240
7.51951
7.96760
0.62028
1.14910
1.24154
1.99721
2.41614
2.41629
2.47622
2.79300
2.87279
4.07557
4.28119
5.85602
0.78356
1.59479
1.86919
2.10173
2.74245
3.08455
3.21738
4.23425
4.36057
4.46536
4.94072
5.93116
0.50281
1.14012
1.30234
1.71114
2.06631
2.35142
2.93579
2.97010
3.83832
3.83845
4.10616
4.86096
0.76187
1.04971
1.33554
1.68668
1.89549
2.81662
3.47669
3.92133
4.14125
4.49638
4.92529
5.84924
0.12754
0.30805
0.74246
0.77654
0.85081
1.09424
1.99690
2.99429
3.40184
4.05874
5.67085
6.38728
0.08354
0.73942
0.90384
1.33149
2.00017
2.41429
3.43271
4.65450
5.00442
5.82464
5.84734
6.66561
0.05766
0.28720
0.51867
0.94391
1.31885
1.97266
2.13206
2.49082
2.56153
2.96222
3.12187
4.04739
0.34193
0.91901
1.01523
1.17529
1.18362
1.70150
2.24442
2.74134
3.02140
3.46136
3.69100
3.73106
0.28428
0.28648
0.32203
1.38220
1.54150
2.23590
2.64481
3.41304
3.47877
3.97195
4.45575
4.71881
0.42374
1.28541
2.19042
2.73523
3.29020
3.74034
4.00037
4.03873
4.39381
5.27602
5.50559
5.56840
1.00565
1.06713
1.53213
1.55862
1.92863
2.30539
2.55512
3.03563
3.15490
3.95993
4.11663
4.16864
0.16489
0.37789
0.62095
0.90167
1.49338
2.16146
2.70203
3.12672
3.18187
3.70441
4.38597
4.78865
0.20401
0.69691
0.90074
1.17108
1.51688
1.58927
1.72898
2.30017
2.72370
2.72753
3.31571
3.51503
0.85714
1.55191
2.10032
2.92336
3.90029
4.27988
4.62990
5.13589
5.98958
6.35140
6.88845
7.02208
0.92379
1.48363
1.67167
2.03220
2.74797
3.09292
4.27643
4.50763
4.93317
5.04573
5.54785
5.87199
0.65622
0.74671
1.10452
1.25001
2.05935
3.37651
4.36810
5.74810
6.09783
6.19165
6.60342
6.76920
0.11826
0.76840
1.49338
2.11768
2.40031
2.55620
3.11684
3.65500
3.92098
4.46913
4.63669
5.64341
0.43087
0.88386
1.85994
2.19652
2.58948
3.50357
4.15351
4.41553
4.96074
5.47062
5.96242
7.06382
0.85238
1.73445
2.41687
3.02624
3.96267
5.35795
5.65778
5.89989
6.02112
6.39029
6.39107
6.39161
0.70834
1.13609
1.46793
2.13912
3.10447
3.74283
4.16242
4.33782
4.72298
5.21153
5.22803
5.51215
0.91338
1.02564
1.15972
1.41304
2.19308
3.55624
4.25361
4.73544
5.63482
6.05687
6.35398
6.63088
0.56492
1.76107
2.28287
3.41445
3.72849
4.34018
4.71539
5.99274
6.30371
6.56827
6.93255
7.31731
0.99911
2.09325
2.44729
2.74285
3.42663
3.73353
4.58920
6.14088
6.14718
6.76170
7.09397
8.34017
0.11379
0.34949
0.50877
1.68154
2.22809
2.61655
2.77872
3.07287
3.66897
3.90103
4.25637
4.34833
0.36817
1.11019
1.22948
1.69149
1.75647
2.05495
3.02127
3.32288
3.74205
4.03548
4.53289
5.15587
0.27366
1.53674
1.93793
2.30753
2.92343
3.18492
3.37460
3.68848
4.33402
4.87050
5.55934
6.10541
