7.74184
15.06829
18.55598
32.58786
37.40741
46.04701
47.43281
50.45551
58.59408
60.97638
75.64332
81.95751
97.60130
100.76256
101.98256
109.35091
116.99543
3.09076
15.74911
30.09342
39.02954
44.90403
53.72949
60.50116
64.89851
66.55515
74.15520
81.85488
82.93343
101.98988
107.19274
110.63893
118.29269
133.42078
8.35307
15.62269
20.65912
21.54655
35.49028
45.97404
62.60306
69.38424
83.18836
89.69054
92.88451
110.18868
127.14139
139.53612
147.25484
148.45939
152.76666
1.77225
14.65130
30.12512
52.24309
52.45874
60.09322
62.47966
69.60023
80.64305
82.25724
84.78900
94.32317
96.99121
105.81396
112.53092
116.25120
121.43058
12.63494
13.42803
17.09059
18.67093
30.46564
38.36034
41.79047
47.78507
49.23612
68.04843
73.97387
73.36388
75.80763
83.91891
84.99566
86.69591
100.45187
3.54202
13.53559
18.48037
30.98105
35.55130
41.30122
46.00562
51.07029
52.30280
57.34653
88.02515
90.94526
90.03836
95.97062
100.67885
114.84722
123.84316
6.68749
14.66301
18.78087
35.80385
42.48419
45.09769
55.45389
58.89830
75.74905
85.65867
86.81650
92.63434
96.99911
99.04464
109.40865
131.19971
135.53702
17.99268
22.57685
35.60201
46.73529
59.71286
77.70541
98.02390
101.23001
104.35245
110.93055
119.42716
120.55027
121.36359
126.38886
142.93495
154.38600
160.71615
8.74264
12.27586
16.57658
25.10811
23.24352
28.55716
48.06482
52.03935
59.18543
67.73845
69.24272
70.27110
80.99034
81.59443
93.09437
100.41372
107.85661
6.22484
8.40587
18.81076
22.93552
27.73198
34.67579
42.55467
44.15036
52.38297
70.20229
75.39648
86.37271
86.37271
91.60921
91.60986
98.63053
101.35751
3.59302
20.34856
30.87450
39.22775
58.05341
79.51123
84.02959
92.56647
93.05057
95.21014
101.45570
111.49387
111.59630
144.49457
159.86353
164.41001
164.75267
5.69942
31.36501
32.14637
39.47419
43.81197
57.27008
70.99463
89.16130
100.68309
105.22850
109.89907
117.30514
125.95718
133.98184
137.45099
136.04664
147.41580
6.86019
17.40430
26.05846
43.57151
47.37404
51.16996
52.04073
52.84569
56.23958
59.39337
63.14444
64.42996
70.58377
72.69654
78.26266
79.49797
82.66064
21.72478
33.98066
55.97529
58.18682
60.46873
62.74058
66.50401
75.15154
86.46869
91.43190
108.11131
111.75711
119.92915
122.23934
128.21019
131.28929
137.78098
9.19615
37.17758
40.02134
47.48537
56.87290
63.08893
67.83156
74.42355
78.02737
90.68513
96.29962
103.04017
107.83330
134.93910
139.37642
144.06443
161.93476
9.54870
9.19710
25.11305
49.83110
51.38263
53.67252
57.01368
60.14117
61.72492
76.62239
78.91166
82.44183
90.70184
96.30991
102.60817
105.77251
106.45691
18.85972
24.20771
32.95029
40.76923
48.58544
57.34819
66.13264
78.08349
78.13307
88.58594
90.07371
123.68197
125.52851
128.03613
132.08705
140.63067
148.41298
3.86890
11.54653
18.97650
25.38308
-1.00000
-1.00000
-1.00000
-1.00000
-1.00000
-1.00000
-1.00000
-1.00000
-1.00000
-1.00000
-1.00000
-1.00000
-1.00000
23.26839
30.99051
44.60827
67.43691
72.19900
79.70261
91.13152
94.45804
100.43252
109.57092
115.47696
117.03565
117.11655
119.44241
134.64845
147.24095
149.89108
13.39480
16.38568
30.33891
31.02614
36.99629
42.11583
48.25222
52.97126
53.39875
58.62554
65.51203
73.07901
73.07902
85.66452
91.97072
104.77881
113.80857
9.85439
16.43696
27.87004
32.61907
39.13818
46.87635
70.11616
74.44760
83.65132
94.33740
97.11206
97.88342
100.82204
107.47521
109.06545
111.21894
111.62019
8.89603
13.54473
16.98236
27.31564
33.23034
42.58381
63.57492
66.61553
82.78369
87.60313
97.05618
109.95008
112.99949
116.32588
117.78032
128.04531
129.62883
0.62798
11.03128
14.18323
21.51401
25.10199
25.23167
29.09619
39.38145
49.92016
50.43424
69.98828
73.24443
84.14398
93.42362
107.45802
115.81274
122.74908
2.98327
5.99002
18.02015
35.78670
40.99795
47.68668
56.54531
62.35255
67.08778
69.19134
75.23298
81.29730
95.46700
106.13843
115.72056
109.89443
114.74718
6.53314
8.66805
24.98737
32.19565
52.19877
57.05117
57.96424
67.45846
71.69819
75.86115
88.93197
100.40507
100.50889
104.92813
108.98411
116.61129
117.32697
3.17182
6.72297
15.61441
16.65007
17.24137
22.12195
25.41881
30.00429
35.26719
44.00293
57.43947
70.82252
74.31558
86.44570
95.07302
95.24913
101.69427
3.03790
5.67790
14.31976
38.58522
46.27768
50.99472
59.27820
60.35615
61.90033
76.87748
77.52805
81.20716
83.39929
105.11119
106.67843
106.91705
138.56551
1.19590
29.09514
34.48743
38.52250
43.76053
46.21863
48.07368
52.81861
58.98837
60.26876
72.79780
82.62126
89.00152
92.00342
92.44594
113.87423
114.48871
3.31017
13.21679
19.99432
21.02208
27.08821
37.35596
49.30320
51.58555
61.67955
65.89003
81.65048
86.20593
114.79691
115.14564
125.44916
130.39682
139.57354
3.71947
6.24298
16.83453
23.34912
26.31988
30.01025
38.11976
44.39184
56.35838
61.66588
67.66393
77.71423
100.31225
103.38666
105.74675
106.13227
110.68501
7.35582
22.08926
22.77723
38.58015
43.33316
45.26655
54.28274
70.02952
74.32279
79.66721
81.27224
84.23997
94.38038
96.01967
102.93443
111.78556
122.04207
8.06035
9.08012
15.54780
21.53600
21.52935
32.44081
34.08476
40.96325
55.53160
65.63194
80.55926
92.31719
93.63312
98.45792
114.05090
117.97651
132.29613
31.22391
39.66517
44.30216
61.85059
66.32677
69.27846
79.58898
79.78697
82.81774
91.86130
92.36665
102.86895
105.20472
109.48197
121.75869
129.32457
130.49367
3.74049
12.73849
14.20382
26.04709
28.62865
36.38750
46.38007
53.60553
55.30159
55.93289
64.71769
71.12172
72.70504
84.73456
100.69484
102.99716
108.28161
9.74612
12.52797
23.54862
24.13245
25.48406
27.54084
32.46908
33.87604
35.05087
39.87570
45.11625
46.81431
48.17406
57.44338
57.22243
61.82817
71.27973
4.00821
9.07100
11.47404
14.40791
27.66333
33.52816
35.23604
35.16413
40.29277
50.85716
51.36641
68.69862
80.73054
84.21615
87.36874
95.22122
95.68232
6.12526
9.80981
9.96427
14.03750
25.84906
27.01367
27.72762
28.79301
28.74020
39.62939
43.24006
62.68650
64.76426
77.07526
86.86038
96.35936
124.82310
5.93938
11.15317
11.46787
14.01618
36.16647
42.50997
55.84744
58.42341
60.13638
64.07868
67.60896
86.95154
93.60458
113.98579
116.40207
121.53193
135.93393
4.43342
14.64767
17.94704
27.38717
31.37185
39.52066
49.03080
63.18698
66.47321
68.24437
69.11230
73.72276
74.00105
86.58604
89.19251
90.03145
94.83885
6.04978
14.36082
23.35056
33.51143
35.90431
47.52188
67.60230
79.77581
89.85075
98.30604
114.67050
119.59065
140.66225
140.72623
143.90351
153.86965
164.77948
13.49329
14.84451
16.71558
19.80482
24.75113
31.98498
41.61940
46.79170
50.92441
55.07861
83.30504
90.07812
113.27725
128.91609
133.04164
137.50656
148.87442
4.05547
9.41385
14.11638
24.26927
37.89487
41.17938
52.59325
69.51949
77.76176
91.91716
94.66054
96.91249
104.81602
108.79416
109.80296
111.81008
122.01423
17.60375
35.89525
40.10305
48.03396
58.67103
65.43428
72.47314
73.33111
81.28689
81.41863
86.76095
96.37652
97.72750
106.51104
112.07382
129.11433
137.01760
7.56828
9.70690
21.42181
24.40627
27.75085
36.04529
65.43334
73.96632
81.23529
94.41850
107.80543
114.58878
120.06754
121.35724
124.97780
127.50532
129.38624
5.75413
34.16854
38.02579
40.94164
48.03694
54.21519
57.52881
67.42886
78.07408
89.42280
89.08146
97.13206
99.64635
107.43151
116.08479
118.15698
122.19224
15.21431
20.84500
20.26268
21.94466
22.77133
31.63753
32.86658
62.14341
68.03828
75.91129
96.79172
99.14768
105.40183
110.94004
128.98181
137.23696
173.06571
7.44666
17.93111
18.95261
30.74765
35.23661
39.54454
50.65255
51.37397
60.86786
68.26297
69.41899
78.25282
96.35305
98.87961
107.03996
107.57913
119.02486
5.64059
8.81257
12.65750
19.72207
24.07422
37.31896
39.33463
41.34512
64.89635
70.52855
68.40196
71.74274
81.63622
86.38959
108.77780
114.51105
122.71132
1.77930
4.79384
6.87848
27.06349
31.21458
36.63830
37.08038
52.15805
58.28425
60.37600
69.44384
70.63308
77.28563
-1.00000
-1.00000
-1.00000
-1.00000
4.32746
16.24958
23.55115
31.45196
42.81772
45.65502
72.92848
80.98370
81.09020
104.16119
104.92674
111.24524
122.77592
123.79130
135.25611
140.69546
142.16102
7.77778
12.90896
21.79118
44.76928
48.79620
78.38744
95.60254
100.93242
103.89224
119.49868
137.89239
148.00568
150.46578
152.70847
163.15899
165.12856
165.14871
17.38374
37.17695
40.33244
44.61060
59.31402
59.34449
64.06487
66.79522
72.79053
87.84633
87.91732
105.97830
125.21215
127.06212
128.00233
135.25150
138.90798
6.50162
15.75046
17.86514
18.36483
30.83226
36.60846
37.50661
41.15982
47.12072
61.04557
61.42379
72.52029
73.88450
83.06974
87.66772
93.96943
96.73112
10.91998
27.62713
33.55717
38.17474
53.48961
59.88276
60.11453
69.01502
77.26088
79.21553
94.16587
104.83822
106.42653
109.79598
114.32604
134.25276
134.43651
1.59571
5.53566
11.50545
18.03568
18.84245
21.51627
30.26744
41.27107
61.03348
66.52557
81.22476
86.56075
90.44755
94.02538
111.81305
120.32055
125.12209
3.08457
9.83261
39.12458
80.84251
89.30469
89.51939
94.73476
108.57621
122.51547
131.36321
137.80329
139.23712
139.91723
142.67920
155.98183
161.27780
162.05093
3.45317
13.53998
34.84674
48.69304
55.01474
60.14714
60.30167
67.94873
79.13490
94.78324
107.46195
113.17458
120.99445
145.20834
147.36489
147.48330
155.05848
0.16283
7.41921
15.36370
16.53647
19.73612
26.87573
44.53915
45.56921
54.81547
60.83095
63.40090
69.82019
81.49470
86.28995
90.98366
103.86114
112.77460
4.82930
9.44213
27.98878
29.06976
64.18753
73.87293
77.09538
80.38642
82.74949
89.16193
94.37421
100.49731
108.41279
125.26457
131.24870
140.65791
145.55881
3.75074
6.00287
10.65538
18.83093
21.40973
27.01690
34.88163
51.21464
54.00975
55.25151
63.41839
64.91881
85.81265
94.78500
95.41530
105.03798
109.54131
8.48725
13.52640
31.69223
37.21697
49.71111
68.15113
72.71719
77.36395
78.75172
81.36415
83.88159
84.82260
90.15368
95.79679
118.37107
118.61921
127.20156
5.04208
7.64585
44.99854
-1.00000
-1.00000
-1.00000
-1.00000
-1.00000
-1.00000
-1.00000
-1.00000
-1.00000
-1.00000
-1.00000
-1.00000
-1.00000
-1.00000
7.04043
22.04835
26.22835
34.07570
46.00294
65.20211
65.91959
67.24516
72.33512
76.72510
86.48584
98.36913
107.43027
112.61686
116.98307
118.38590
121.10077
4.23505
7.20957
7.61744
36.11305
39.50752
50.20563
61.67056
74.06449
91.74777
93.05780
100.59869
107.55269
110.29029
116.53458
121.97392
130.91194
150.48183
6.81331
9.77911
17.00777
20.37299
31.17115
39.09442
44.64622
51.80044
66.11083
66.51369
70.00296
78.22233
100.19251
108.50680
112.01922
114.48546
118.83907
3.77781
10.02636
16.76398
21.10162
36.84549
42.35380
43.43121
47.18392
49.38854
49.91497
52.81874
59.07393
64.59096
72.58337
71.65362
72.56212
73.06623
3.59700
5.10681
23.36669
28.81780
41.62968
48.85587
54.48546
69.16951
79.43666
86.91775
89.56017
93.03262
105.40479
106.11533
109.58807
125.89031
131.63023
7.33136
12.75049
17.48649
27.73036
42.06446
59.21882
61.10016
62.53048
72.18959
75.79230
84.12806
88.30867
98.30329
99.29180
105.67672
110.00358
113.22096
0.46283
6.11567
13.65164
21.54620
37.79274
43.59722
49.20334
59.04220
62.56357
71.16392
85.24768
89.24079
102.41200
105.22779
119.56533
133.50404
134.83482
8.79044
17.17481
27.64449
28.78975
45.88053
56.63642
61.33539
64.56741
75.38398
82.45825
83.86024
88.71739
94.72840
97.38073
99.93407
104.11680
111.00620
1.33378
13.89352
26.60359
37.03721
40.57108
46.83504
49.91360
53.78821
55.13814
59.68892
63.94888
66.80559
68.35146
68.65376
91.05474
106.26300
109.79770
1.91436
8.66688
10.17215
12.93012
13.69996
23.54877
29.60991
51.47813
56.66791
59.84549
73.83419
75.35137
90.92931
94.52499
96.78511
97.80335
107.76563
10.99465
17.87916
19.70236
30.44142
35.44559
40.43324
51.77935
51.86268
59.20928
63.99557
78.05871
89.40709
105.16749
111.80842
134.01306
138.60021
144.00113
3.20574
4.35906
6.94497
19.02681
42.67447
51.27129
63.60657
78.23042
95.77887
96.41447
108.16329
109.56346
114.80453
139.83084
142.63397
155.38622
172.57471
10.91897
27.01881
32.82633
37.94433
40.10272
49.01104
60.79237
68.75660
76.71503
81.32629
92.13254
94.00697
101.13498
102.02205
109.42102
125.11440
131.59364
10.56224
30.84914
36.56259
43.00894
48.45854
65.94635
75.04064
75.90073
77.07441
79.23932
79.85563
86.14276
90.32238
101.56896
115.64297
126.40495
143.28802
7.37969
14.17839
34.30756
36.79053
38.11090
46.20830
48.96398
56.84342
63.48917
78.32625
85.68062
98.16995
106.51144
113.09074
113.15431
113.41744
120.87234
9.67865
16.52015
34.50257
53.99655
54.43533
65.01135
67.15792
78.58825
87.06337
90.69130
95.42494
112.09298
117.00716
123.82542
124.15669
132.66886
135.24369
4.93571
8.82273
19.78446
27.29402
32.95670
32.59369
37.63587
42.93230
49.31406
52.53646
55.19341
66.16194
75.25680
84.11717
78.44036
90.92571
101.32501
3.82801
8.62414
9.06841
16.24950
23.96508
36.12360
39.59734
50.60124
60.45250
64.23013
84.56338
92.57691
92.59763
100.48080
108.59866
111.69725
122.31511
11.78011
19.05133
33.36459
35.60142
42.77801
43.75386
64.93875
81.44564
87.26632
90.21238
93.26998
98.41382
100.35343
101.78704
106.21344
108.88615
109.50224
4.82840
6.17428
27.53330
48.61188
52.64096
56.66562
68.29625
80.35174
81.48381
121.45461
125.91183
127.52585
136.16141
137.13397
137.81244
140.49063
142.49568
8.80379
15.61888
20.29624
23.00563
37.16883
45.64303
50.98430
52.49014
57.06984
63.15253
70.31450
81.61860
85.00824
92.94713
96.70402
103.66220
105.65850
8.18939
11.36801
15.38056
24.05596
39.19827
54.47171
62.22214
75.95259
83.70187
87.43479
90.59275
113.22819
126.13032
128.44975
131.44871
137.47498
145.33283
1.59761
4.04124
14.51306
20.69401
45.49516
47.38920
49.64274
56.88337
65.27055
70.68771
84.91189
89.04554
95.13654
104.04933
104.70064
105.34027
121.17608
6.47496
17.23650
23.78679
30.38762
40.04427
51.26341
52.88414
57.21144
62.53652
64.54600
66.63998
67.89228
70.04375
78.56399
80.89411
82.45285
89.17107
4.23555
13.10365
16.95746
45.32505
52.26032
54.15775
55.34051
55.95685
60.40707
68.86794
73.17553
75.76783
86.48029
102.64061
104.69904
104.88856
130.60005
4.60460
11.28707
27.02649
29.01587
34.96887
40.04604
45.07461
60.53800
62.53499
73.65772
75.20956
79.10377
79.14099
84.86530
84.99633
91.74785
110.83421
6.04204
11.26906
24.17324
25.33093
40.34006
47.56318
49.84335
56.34809
61.29918
64.52579
74.60469
76.06253
85.22620
89.34249
88.93987
90.02164
92.16203
2.94065
5.21169
14.78223
24.66810
24.85988
25.34770
26.32626
39.22241
42.77870
53.35213
66.85803
94.86829
102.65992
117.19983
124.92380
124.94350
128.55765
6.81658
12.40953
28.91529
31.86773
33.86486
38.34443
42.78256
58.07876
63.23127
66.94416
68.93564
77.34157
78.42785
82.57141
86.62283
96.87844
107.43751
2.35851
2.83715
21.97506
35.25361
47.63864
52.56529
61.91696
80.75398
90.36771
106.92256
119.99774
121.81273
124.12258
127.08831
132.46932
139.07784
163.81581
2.96427
5.22593
12.08598
16.12076
23.21211
48.75913
50.74517
61.27369
61.38576
66.89595
70.74342
74.53022
83.92778
86.73199
91.10936
97.75129
105.86822
11.13402
16.36337
33.41133
35.38339
44.37068
48.19327
49.57194
67.04378
94.03076
97.68169
104.34776
111.94269
114.09641
126.03518
125.68932
125.94155
130.73942
1.12169
1.96317
13.29672
23.82393
31.73578
38.96123
41.55166
57.89067
61.78917
70.88810
90.63786
97.76324
108.08192
108.38624
110.44119
129.25194
133.33700
11.74072
17.90782
31.12860
31.42218
34.21678
35.87929
38.08636
38.50611
44.29195
54.71251
61.27608
90.61639
92.00532
95.76760
105.99669
106.86095
110.18148
7.42158
26.31246
31.01037
36.54204
45.72890
48.38024
51.89082
64.61886
74.49975
79.02098
85.73172
93.67346
102.84862
104.82195
108.32978
109.33889
112.91293
20.28661
25.84051
29.91654
31.86931
57.20872
59.88798
72.70859
84.55239
96.05683
111.30273
118.86910
128.47570
144.71389
145.39667
146.14988
153.42769
156.35480
6.52061
11.08224
13.37867
30.29628
35.31394
37.87439
47.30924
53.22590
57.06628
65.56498
66.90859
67.55559
70.95984
73.34241
82.41763
87.09328
97.68770
0.69044
11.53532
26.43521
28.09014
45.69660
49.93823
56.11874
61.29258
67.81331
78.57619
92.59941
105.66611
111.24245
126.28186
126.30873
129.62687
129.95294
