10.40706
19.60302
25.83263
40.88182
52.01608
69.28775
76.38348
83.11480
94.84223
102.63311
117.35059
127.25989
127.29994
138.39479
139.52326
149.06159
154.75495
19.13801
22.23157
34.61620
37.32088
44.63276
49.13796
54.71807
62.63521
74.42704
75.51247
84.75244
88.39853
99.46058
108.42201
113.61304
121.99578
132.74871
28.46086
32.51346
40.60374
43.95499
50.94919
55.20090
62.86184
65.40428
67.52450
69.83917
89.80456
91.18560
94.42273
105.23136
141.98772
151.62904
164.68146
5.19023
14.40871
43.76390
44.78615
49.91542
59.14179
71.26043
77.02652
82.05495
92.49530
97.65264
105.64828
107.69920
113.16042
116.22504
121.38092
124.87849
10.93089
25.81872
36.42102
48.83600
56.55927
58.33285
62.53543
67.71914
80.60390
93.75341
118.20044
124.57518
132.45811
136.75143
148.68244
149.51093
159.24327
1.34081
7.09158
11.61109
24.09453
35.40326
42.78739
59.28178
70.27256
73.58852
87.03976
104.89706
115.89767
122.84048
130.04264
131.95983
143.23063
167.80689
9.71622
16.32898
26.65802
31.50875
37.33887
44.57532
56.71737
91.05064
113.82885
120.88357
123.07614
124.98519
133.86820
145.38012
146.13467
148.27065
160.66944
18.04410
30.37562
31.56841
40.57682
41.73973
52.45463
58.56318
60.72184
70.04340
77.84392
96.45584
98.13373
98.16553
120.38088
122.78244
132.73747
137.01963
0.94736
6.40182
11.92859
32.49667
37.85599
42.39051
46.91923
48.70914
56.36309
70.97434
79.10098
101.40818
116.74311
127.04153
136.14391
141.66530
144.51635
2.77324
16.90804
30.11971
38.10845
46.79063
54.56272
61.89876
65.75036
78.60210
81.10706
86.83899
95.64892
113.30358
115.32794
122.39436
138.17871
143.26341
5.22741
8.49963
28.05635
30.20696
35.04813
39.60963
44.84730
52.07771
59.02867
72.03265
74.55352
78.48325
83.91933
99.71055
107.36762
110.58091
113.32476
1.28199
5.47922
17.94218
23.06802
31.12369
37.83660
43.41413
62.27522
97.54900
99.16691
106.29177
121.30733
132.20870
132.24590
132.79788
137.03812
142.08451
7.08846
16.34596
26.54939
40.35543
52.64314
71.77800
78.06995
84.17102
117.81842
127.76935
133.86447
152.19356
164.43971
171.34753
177.44489
189.42250
192.05784
7.39819
14.53982
20.18007
31.62729
51.05850
57.06900
57.45618
86.18465
96.55007
105.88113
134.30464
135.61674
145.03311
149.27843
158.59287
173.27163
179.28735
30.87374
33.83864
37.69395
44.07191
64.79585
73.52232
83.72092
106.54723
112.07292
119.60039
133.83270
141.82200
143.36395
144.71582
153.17471
156.86591
161.40343
4.12285
23.56600
27.56090
34.72571
40.59907
42.32249
48.42483
56.14604
76.17402
87.27919
94.94135
102.08161
108.08171
111.73803
122.11357
125.57477
126.03759
2.65116
3.73760
4.41135
6.87030
7.89742
16.17510
32.02595
34.38583
41.26223
46.97699
51.18197
64.76169
70.93180
83.43309
112.40422
118.51977
129.01076
3.81045
6.64271
7.77025
13.81113
22.86150
32.15903
39.96333
41.60038
45.58002
50.15719
67.53782
72.46237
81.91731
98.31080
113.46759
115.33874
119.58646
7.35388
18.87426
25.14267
27.52506
30.76893
33.24229
41.18994
41.27907
45.22351
48.93879
62.57852
68.20523
70.83994
86.96882
96.87259
100.13630
105.32880
4.15518
8.61877
9.61354
13.20214
34.10383
47.82608
58.12319
63.64549
69.88668
70.49388
71.04995
76.35868
77.66456
81.45681
102.14414
111.55492
114.82083
3.42652
9.91124
14.26287
15.28671
36.89216
41.98724
44.93951
48.71307
53.80338
62.45083
74.32097
75.21918
84.60938
91.89493
102.20639
121.82653
149.28388
4.55809
5.50094
24.45323
26.88176
30.88121
39.17168
39.26366
55.65654
61.40441
70.20547
82.31133
86.25519
90.98894
126.06979
126.94801
136.35768
140.50176
7.79989
12.84236
14.42136
18.77817
30.37527
53.74285
63.98625
65.15442
65.28839
74.72621
76.21994
85.37076
98.61371
100.18920
113.63990
119.50140
132.70323
6.32846
14.58925
44.67072
46.50921
50.72250
62.89131
82.72777
85.17723
97.10016
102.80287
124.58825
135.86138
138.06057
143.18519
159.17114
180.89320
189.79794
0.94809
7.60511
9.80963
47.02200
56.04055
71.17959
77.68905
78.34485
82.20483
123.22015
136.08901
150.32426
160.72225
165.90821
170.08727
173.33512
184.24052
7.59743
8.57329
14.88273
39.23041
45.25876
52.94337
66.05635
69.13728
73.30925
73.83752
95.85086
107.83012
122.02107
129.81729
131.35897
153.95009
168.40020
9.80701
11.26309
12.52315
17.90161
32.34739
34.08839
57.16497
65.40617
70.84379
92.81992
106.49035
114.68663
125.57199
134.90296
142.43365
145.19047
152.68312
4.13189
11.66133
14.93281
18.02271
28.51640
42.27118
49.72504
52.48469
65.32283
74.84378
87.49398
89.39766
101.76287
127.01463
127.28772
149.06328
157.03149
10.71062
18.33758
30.35785
39.77616
46.46126
48.33019
57.28376
62.64701
74.68703
83.11203
88.22910
108.59474
116.37933
121.91286
125.11949
144.23616
153.47715
10.24704
11.26971
17.23744
21.24699
40.10882
43.01616
49.78573
50.26224
79.73482
90.41681
99.39437
129.57759
134.71497
142.46884
155.28701
160.07044
163.30735
3.00891
8.87018
30.66547
33.44380
46.61700
51.07262
59.39157
76.21051
84.36173
99.29851
104.65551
114.22104
126.28524
139.74721
151.24304
154.29642
156.72689
20.27232
22.70649
26.48734
40.14834
48.38596
51.54498
52.60465
77.75392
81.29855
93.52290
94.15523
124.53860
136.41220
160.32033
174.79216
182.14325
182.19190
9.28620
9.93806
26.15065
41.23202
73.16287
74.26086
84.36834
94.26559
99.63284
105.50504
112.97430
114.46364
123.48242
145.27874
150.49960
164.04185
171.98836
3.23886
29.50102
33.88240
37.51908
39.99403
44.71801
47.42774
50.97612
59.71870
63.33488
71.35893
83.39699
89.49629
116.32424
120.62797
130.25804
140.74105
9.28826
16.98329
40.80326
59.83805
62.01413
67.53800
100.23301
108.82048
117.87534
126.32295
128.55600
140.52225
151.13048
154.14097
159.92440
173.30876
185.31865
2.95800
5.25163
15.16783
28.21780
32.22716
34.87841
37.33939
40.18738
40.29752
44.30531
56.62298
68.57820
78.42657
79.29208
85.30975
86.97425
87.66584
6.51316
22.16849
25.43283
30.22218
35.28097
42.46311
51.85726
67.56272
69.86204
71.55330
81.59276
94.03248
94.97942
100.64740
104.14340
114.81559
124.95887
5.17232
12.33995
24.01370
32.90213
45.00065
54.95097
66.55782
73.11237
78.06642
81.23866
88.84471
102.71510
106.21146
116.11067
117.36547
123.74419
148.49798
26.19111
38.71662
40.94132
47.30578
48.95842
58.18417
61.38301
68.41132
92.33551
106.63197
108.83564
111.55150
116.77183
122.76648
131.95280
134.85151
149.59867
11.83118
17.63831
24.75530
42.88021
49.30245
58.96565
77.80050
87.05481
90.12231
93.29900
94.14131
99.54910
122.42655
133.69454
145.78803
156.05830
170.67486
7.54669
9.26447
12.58251
18.39379
30.14620
31.45538
46.30137
50.92715
52.32338
54.39300
58.41752
80.74791
90.20477
97.96794
101.21543
103.62130
117.29530
10.01538
17.38529
19.46332
22.39175
23.63099
39.80127
44.48336
46.30186
46.43985
51.98910
59.88789
72.83311
94.09632
95.60093
106.29086
110.41170
119.67468
8.98339
9.20265
23.80493
27.30112
41.09834
44.51619
50.23150
50.99569
58.16643
58.87544
64.68959
81.04635
83.50310
89.63076
92.21235
92.64491
96.36804
10.41159
21.47834
28.36891
39.18763
48.23256
51.58657
55.53153
59.63130
63.13423
65.97334
80.58169
87.30882
102.66013
113.95641
117.77066
128.20708
131.05749
7.17800
16.05198
20.45651
32.16446
35.43530
40.77668
56.04640
71.41484
77.47854
85.11971
91.06411
99.89324
102.32400
108.63293
109.57897
120.08660
123.04375
1.57228
11.17183
20.81509
23.43321
28.29490
41.90176
48.21042
52.98811
62.08894
70.67752
73.40638
75.31000
81.31239
82.93563
83.00483
84.92829
92.15382
4.56758
5.78309
6.43659
12.27047
27.36938
28.50437
31.63832
32.16703
38.42579
50.85228
76.81432
84.62848
91.21161
95.48639
102.49032
115.34055
119.32301
22.59360
29.71608
35.07302
46.61986
51.82290
74.58741
81.05241
82.09419
84.15575
86.74190
94.51707
97.09281
117.26593
127.00157
133.67681
140.10807
156.68339
2.71448
6.69614
14.97076
20.68993
27.68846
40.65914
51.58824
65.40630
66.96483
76.62778
84.62808
93.91848
125.20623
131.24749
142.37150
161.29217
168.44431
2.28555
8.34513
14.05781
14.80326
25.43503
33.13186
52.63803
55.99487
58.05363
60.63828
63.27982
73.10261
120.55800
132.71781
137.64481
151.00359
158.08722
7.77907
10.89884
15.82391
33.40545
34.81071
41.17839
50.35279
59.49978
61.54689
63.12119
75.28948
79.19217
84.27044
85.96183
88.01018
93.85178
98.27052
10.54323
15.00679
19.39998
29.61212
43.41826
51.98798
59.75354
70.36196
73.25886
96.92532
105.35281
112.66663
118.86656
121.11575
127.95485
174.65471
185.40473
6.51842
24.36086
39.06319
46.42375
54.41101
60.01216
65.56729
68.34807
71.34394
75.43278
92.64733
95.61520
100.17641
106.42026
112.34648
117.87999
143.32963
10.67316
15.60325
21.43113
35.63974
39.86404
61.37157
63.57454
76.13420
84.09062
103.52539
107.90066
129.03530
134.65740
136.69926
152.17724
154.53247
176.65434
12.70849
27.30950
32.85163
51.14874
53.06456
59.01689
62.93162
74.19044
85.19360
90.32421
91.27472
93.92709
106.76917
111.96717
116.70591
128.15144
137.87863
4.94882
15.74822
24.16015
25.68611
44.89058
54.29924
61.40440
66.48438
70.39452
80.76035
82.34305
84.30801
88.70635
107.68708
109.01187
130.20680
132.29865
6.24789
13.12621
14.19981
19.82582
30.00839
35.99662
37.85059
39.79696
48.86462
55.76155
58.59036
67.95546
69.63671
73.54020
75.15947
78.23821
80.79611
12.11060
17.04072
32.79022
41.18069
50.48346
68.19798
78.36389
80.34211
83.76409
86.99370
95.31560
101.76540
103.80721
108.92128
118.90069
136.29316
139.15090
6.01003
26.25409
27.02157
58.64240
74.38496
83.75787
92.84651
101.13084
110.43981
111.85224
116.02399
117.09860
118.40139
124.55079
126.78301
131.59658
141.54137
10.13961
15.14794
25.25793
30.13661
44.27069
54.81495
57.26997
63.03972
69.83109
74.70478
78.19918
79.08672
99.97651
124.81406
135.01220
152.16704
154.33420
0.41062
10.69542
22.23115
40.66033
59.96069
66.72931
73.17540
77.08704
99.64142
100.29808
101.45506
106.57632
125.80267
130.42943
141.89343
151.34668
159.39733
4.07964
13.46740
17.90351
21.52295
27.44652
32.92693
36.09256
39.49066
67.38730
74.44562
79.64822
86.46715
112.63531
139.06226
141.28964
147.88393
154.88272
8.38997
18.97610
29.50043
34.94316
35.48700
46.53511
59.84570
60.19391
74.05195
84.46987
89.83675
93.26044
98.74711
105.01609
109.02632
118.60377
126.18427
3.81283
16.70291
27.79283
34.35954
54.52511
57.43462
74.40510
93.76949
98.50440
109.41340
115.37062
117.95865
120.35227
130.47841
140.17727
140.38952
157.31036
10.25217
18.86083
22.11313
23.12024
34.87809
43.14413
60.11179
64.78433
85.39182
92.81907
97.70893
116.31581
129.50019
150.36032
153.64381
156.14226
158.04602
6.17042
7.75820
17.02600
26.75080
31.50369
38.71035
46.71907
65.00239
71.40212
76.78168
108.27874
123.05787
135.97426
138.99625
154.38408
163.38782
165.83207
16.69676
22.91746
31.79205
35.30161
42.38986
42.90305
44.75408
52.04632
64.61851
67.13508
95.78978
102.60565
113.97936
125.27916
129.61522
156.07191
165.92837
3.83983
11.58021
20.07643
43.54374
43.92580
52.99947
86.97266
94.21372
108.46350
128.04774
131.14738
133.69901
139.55727
150.50807
152.64834
154.02437
164.06618
7.44210
10.49810
15.42836
20.24551
22.75000
25.39924
34.26280
38.30407
53.08992
65.79256
69.48174
82.12650
90.35397
107.07630
109.84867
112.26905
116.44335
2.15823
3.91587
11.31274
22.06199
23.61324
35.96751
37.82031
39.79430
57.84610
73.13386
77.45722
86.81476
89.57155
94.88921
105.44012
109.44345
110.82776
10.14435
17.64490
34.79530
38.56066
39.66060
49.03278
53.99472
75.88347
77.82671
87.33350
89.73577
93.23995
97.46019
98.04264
99.59970
104.85423
111.76640
11.61017
15.38708
21.98139
32.40337
42.33965
51.87107
61.84524
72.90272
78.91239
85.76928
89.10507
91.16445
92.05646
99.50341
117.82806
128.16632
130.41060
11.58586
29.09809
51.20681
53.75962
66.46660
75.88742
86.27669
98.68862
100.96860
120.15961
126.67562
147.24562
152.65229
163.06448
169.60920
180.72880
194.31224
13.30474
33.89253
48.92141
51.02572
60.73556
67.33138
73.21871
84.48026
87.36829
97.87709
108.05937
125.69529
158.74267
165.82384
173.95793
190.06478
192.50034
4.24662
9.99597
20.17995
23.29220
41.79403
44.45575
52.37040
57.21064
69.29435
88.17562
97.65553
111.21606
130.91104
140.57802
145.65392
149.18789
160.27244
7.65294
11.37603
17.88592
27.48626
27.87471
45.13773
49.50407
52.92387
54.80689
70.22812
93.41033
113.98752
115.49939
115.64343
122.74933
124.50922
130.51342
4.29666
6.98269
17.55782
21.56105
35.15820
37.12428
46.56736
56.97540
69.17972
74.39888
85.10885
96.10834
102.36386
102.54566
106.60125
109.39802
116.56091
5.52129
11.40318
17.35422
25.46556
29.55677
33.03701
42.01598
66.81652
69.25008
95.27185
112.26110
134.72812
143.27355
149.40255
153.12067
154.62720
157.23758
3.12473
11.92784
16.21906
19.62809
23.19675
27.28900
40.09470
42.89869
51.30461
54.22625
60.87611
64.86328
67.40890
80.45990
84.93154
87.14971
94.17060
39.84331
50.67088
76.13335
87.86033
91.08096
107.28658
108.64236
113.33695
126.48099
134.93768
137.11607
140.28157
149.83460
154.21585
159.32317
166.91520
169.19463
4.55144
18.29299
39.58693
42.44449
49.28662
50.03464
58.13861
65.82475
72.70392
82.36282
93.38109
93.38802
94.54557
100.90923
105.50718
113.58810
122.98414
17.53368
35.32739
41.66924
45.01483
48.21791
67.13533
69.42898
69.72712
78.76447
84.76435
97.68311
100.37295
110.12908
115.73840
127.21592
131.48207
140.80913
12.19636
15.50178
16.86584
17.23879
41.07307
46.38773
49.84082
55.57007
59.16352
60.90385
63.87899
68.80893
74.07824
80.80584
89.24289
103.47461
116.14275
13.66849
23.63048
28.96531
32.49163
38.12845
43.56635
82.17229
88.77195
92.47453
95.14456
96.17793
99.06850
117.41299
135.32567
138.37011
148.75447
154.55242
5.80908
14.02364
67.80385
69.33988
77.88293
80.76219
83.66424
88.40298
99.24143
108.26196
118.77656
131.85572
138.74194
144.77378
155.01354
164.09574
174.66142
9.25695
18.51902
24.48662
32.59332
40.11142
51.84856
52.75537
60.10810
69.31008
78.81869
95.54537
105.70977
109.38158
113.56472
117.82150
125.06447
126.38463
11.60037
20.58418
23.59954
43.86881
44.61192
52.99974
63.78439
75.52718
79.82098
85.77768
97.54610
109.92295
112.84139
114.14095
129.62713
149.02366
149.61526
6.95912
28.04774
31.23925
40.04969
54.79196
67.00072
77.43536
86.02829
93.58533
111.98620
114.12583
121.48959
143.43658
152.76689
163.83889
173.22746
185.08144
13.52480
31.72677
44.18394
48.01619
56.12136
59.86048
69.06870
73.92165
77.99056
84.58787
85.25202
110.84792
122.72491
125.66471
138.63398
140.08752
172.39381
26.47306
28.87804
39.26413
47.44808
57.33063
63.95692
93.44567
104.68141
106.91081
112.53389
116.94080
122.37834
129.35587
131.19329
137.08245
144.84235
160.49423
2.69457
14.13432
16.79623
27.10327
28.01078
30.93673
34.03561
55.26027
62.21569
63.35742
69.10549
75.37374
77.09396
89.33140
90.52263
128.12402
140.65934
7.40861
9.67492
16.89056
29.40280
32.54096
46.45839
48.57350
52.39020
60.00215
66.50067
67.34684
74.70530
77.05885
81.57146
83.36286
88.86610
90.96782
6.26415
12.95824
17.33684
19.34372
24.78053
29.53384
29.66720
41.37346
57.55914
66.95549
80.66121
96.93507
103.90523
109.59275
117.29107
122.17759
123.42125
19.51925
20.85939
34.71770
48.42231
58.58210
74.56844
78.70819
81.22020
85.41067
98.68717
116.29811
121.71404
138.89683
142.29337
146.70676
150.84522
154.83056
16.90231
26.72600
31.24478
38.55499
50.80065
62.12127
67.78830
70.77801
74.97752
75.12696
78.58048
84.72245
95.61958
107.25724
114.36302
116.77724
125.06558
12.85559
17.62869
22.75255
37.36477
40.30949
46.62026
58.01694
65.43696
74.99276
87.06344
91.67366
114.32676
132.07945
137.97240
160.45662
186.84406
187.35701
14.22234
29.68085
42.23607
51.41519
65.17768
65.90068
73.16462
98.00553
104.89801
105.24413
113.19410
118.59018
140.09289
147.58229
162.41140
167.09276
172.75872
2.72548
11.03132
27.97776
34.42434
45.49125
48.80928
58.80328
72.31830
74.54430
78.69789
87.12274
100.02966
108.21289
118.85911
125.66833
150.85195
154.36037
6.72826
22.82349
26.20870
27.98862
36.15275
46.41838
70.05048
74.28027
95.93098
109.39179
132.04049
133.62002
142.58859
172.05486
182.84666
186.97628
193.03778
2.80606
6.01601
13.52589
28.68839
29.73892
49.05899
57.44015
61.45309
62.13930
72.61015
80.30013
89.05272
90.40761
104.89429
117.10994
129.24724
129.84768
