4.05004
7.68999
13.26369
20.72442
23.25797
30.52640
48.46160
49.05501
58.65775
65.22193
76.85298
81.65553
85.89909
90.57981
104.56664
105.48357
107.40083
1.38185
27.92138
37.20443
50.88969
55.06514
67.50630
70.75201
81.00094
99.87581
101.85615
102.65305
104.64318
105.46403
106.11798
107.76484
108.91129
117.77435
11.55768
16.31017
19.41291
24.78024
28.71020
31.25607
31.31780
33.84773
34.86227
55.24584
61.82076
71.19516
76.35380
80.28693
81.93136
91.27101
104.08996
12.12548
19.44682
39.17419
40.07303
43.84291
52.65901
66.71873
70.87820
72.27005
84.14488
84.50280
84.37363
93.36304
97.02797
102.33924
121.69885
131.60127
23.54315
25.86599
37.63738
39.53592
43.11896
46.37325
63.90635
68.13384
69.41614
70.36490
72.83844
83.75841
102.79758
112.85616
113.43493
115.65637
119.38633
15.71978
24.57708
24.22262
24.86299
25.17360
37.82039
45.79560
56.52869
59.16170
65.75193
67.85476
79.55243
86.62048
87.85105
92.25145
113.20469
115.10299
29.62979
38.27828
40.43128
41.58881
48.00038
54.07463
55.49479
60.42353
67.30240
69.84029
74.54196
80.50296
81.73978
93.19436
97.02155
110.55870
111.61882
3.56567
11.67294
36.60097
44.54617
50.52487
58.17075
64.83276
65.44517
67.85349
69.74171
94.61509
98.08678
100.34848
102.59500
105.31258
113.30736
116.86465
3.00619
17.47018
24.81740
28.80478
33.07532
39.98772
47.23074
52.98434
56.91738
66.78467
67.47116
67.29950
73.45843
78.15218
91.65951
92.52894
105.11647
0.52624
14.92438
17.87951
20.11832
22.80512
30.44735
32.33778
43.97631
52.27482
62.52796
71.98113
72.01320
72.52705
73.32736
85.60557
90.39892
91.84583
1.05387
4.48708
5.45699
11.53080
23.86943
33.66122
43.14269
47.81271
67.12781
68.17806
72.75881
75.08202
75.99209
94.00149
105.36706
110.30708
122.39820
4.61377
18.70268
34.38743
40.89856
43.03461
62.62085
80.25943
93.75608
100.17658
100.20097
101.90155
104.22519
109.68059
111.97763
119.07311
119.54574
121.38608
0.51187
12.61615
14.89833
21.85130
24.91030
27.12497
30.01067
39.57060
48.67185
64.05700
64.23487
72.55563
75.24715
88.59413
92.82803
105.17188
111.89974
19.72879
30.98444
36.99068
53.63481
74.32632
99.30978
104.57714
108.71767
119.73838
123.67818
133.48715
143.79837
149.24387
153.20748
181.20233
184.85932
186.71548
5.34634
7.62866
22.10106
22.73479
25.76017
28.21915
39.80674
52.14383
58.23567
58.16353
61.41069
66.64244
68.77867
78.29383
88.14635
89.27940
91.19439
17.81126
19.61374
20.59843
38.33755
38.65109
39.87794
41.06404
57.79659
65.99455
71.96752
75.46408
81.83104
83.61852
86.81310
87.27828
91.52497
91.08286
8.77376
26.84134
26.65734
35.31375
35.39770
44.77501
49.97534
58.54486
67.19588
73.40996
81.50133
87.87385
96.91373
105.08883
111.39824
112.67262
112.81599
0.35828
2.50452
5.92445
25.00021
29.97154
38.45294
50.35090
51.53462
61.07665
66.20909
67.73398
73.02244
78.87721
80.93100
86.09574
95.38130
100.19655
8.43558
8.44486
8.46145
16.14346
27.11093
29.85450
34.05123
50.12463
53.71175
56.38446
56.60062
56.58997
57.75291
62.42445
69.66069
74.44978
87.31519
8.98668
13.82161
17.51854
18.87897
23.97056
30.57085
33.97520
41.10458
54.24534
55.06445
66.15950
71.18468
73.24132
75.67494
79.02022
82.56993
85.66046
6.71709
14.95596
18.86954
24.85992
39.08803
47.26237
53.39278
54.14372
61.06514
66.96052
66.99502
67.62157
90.00291
99.85858
106.13871
107.17469
107.32502
3.73308
10.81840
21.06087
21.15874
24.78345
40.42218
40.81990
51.19792
64.59399
64.85851
77.60601
81.54611
89.40014
91.65020
102.96588
103.29442
102.90332
14.82555
18.32011
45.09943
48.84804
51.41381
80.36602
87.28556
100.37681
103.52499
114.91809
121.02828
124.13410
124.56230
130.17877
144.33769
155.01252
175.46935
3.50917
11.42205
13.30581
38.02546
42.81269
43.75026
51.08679
51.98228
57.61162
59.84811
61.94025
63.62784
66.71988
68.20660
68.26687
76.62897
85.96870
15.57836
28.48470
44.76671
45.33249
48.07485
59.26356
62.88255
73.51795
77.50197
78.95088
94.41334
95.00232
95.75956
98.46745
98.67297
100.32572
102.49713
1.74645
5.30362
12.34146
15.30240
21.73668
30.44579
39.77102
51.97071
52.90032
89.89950
92.48736
93.11383
100.94430
107.19536
115.75635
116.21227
118.76743
3.44745
6.40173
11.58668
24.70113
33.23581
41.37542
53.32722
70.59604
82.90067
83.85489
87.30123
87.26966
90.12143
91.58516
115.21510
122.88666
123.34387
12.54672
24.86193
26.90286
27.28497
27.33447
32.72016
38.85723
42.27969
44.53460
55.67610
61.02458
67.43095
75.03275
78.20378
82.57991
84.38202
86.97201
14.39008
21.59285
34.53443
40.09433
41.28675
52.87512
56.93257
79.76012
87.35355
96.20559
97.74700
106.07867
113.07008
126.54418
137.05620
149.15393
152.48706
0.63792
13.49478
21.85806
29.75776
34.86630
53.45970
63.95098
64.18783
97.48314
103.47910
108.90647
114.24560
114.68629
115.26834
127.82619
132.23850
136.16689
8.10535
10.29121
24.94313
32.82059
38.85178
41.11619
50.19647
65.16518
65.89576
69.12493
81.35248
92.71299
112.11933
116.84382
117.61849
121.50642
122.40780
5.32506
10.90104
13.26918
17.87470
18.90335
20.95289
21.08706
21.32274
26.48228
31.61169
36.30152
36.36471
39.99534
55.84668
61.55076
67.78173
82.70881
28.37824
30.65040
31.30160
34.77735
37.69623
40.96940
44.26663
45.28226
59.60813
66.36726
70.22610
87.91802
88.67062
108.06346
110.88485
124.24733
130.24185
17.34433
19.21958
23.03821
48.30648
49.55761
59.79952
63.06634
65.99818
75.96682
76.04424
86.58666
87.41340
87.43666
98.97500
107.08820
110.70089
110.35035
3.25443
22.53631
26.82164
44.55304
50.04886
51.92959
57.06808
59.14042
74.69408
75.78167
79.33924
80.90631
82.68046
92.96701
97.89109
102.82074
115.67562
3.30575
17.60371
19.51257
34.68451
51.17748
53.06939
55.10432
60.81280
63.20777
75.72705
78.58377
90.34725
90.48049
100.00674
100.71659
100.04128
102.34699
0.07725
3.59955
6.57457
10.91276
35.39593
36.89254
37.53360
40.71298
54.57960
59.61282
63.58762
67.05646
72.49338
72.66251
72.91335
81.58029
88.41041
7.62095
8.60481
14.28274
23.19009
25.02940
28.16381
35.26890
39.45788
43.30487
69.92771
81.29552
82.86097
87.37790
90.01029
101.93587
106.30589
111.37610
2.44743
14.71320
20.02764
32.10773
32.59820
32.86172
33.58252
41.14660
52.76119
67.66648
93.24078
105.30151
106.27681
112.48197
126.60827
135.41628
141.87016
1.74176
15.20646
28.33214
49.93178
65.36457
71.30363
79.34034
80.13739
96.32165
105.58064
106.56887
111.67056
113.31203
113.64750
116.58236
115.85138
133.13823
12.88931
16.69027
30.72074
32.62070
40.55974
47.31621
63.70713
66.31572
67.27756
67.30066
67.58592
83.59899
87.54194
88.09826
92.83940
90.16835
98.47675
10.53501
11.29179
16.74039
24.15207
25.80761
29.10433
34.00177
38.41625
42.96259
54.13628
57.70969
71.70077
75.96690
81.14838
81.34413
82.84943
87.66659
2.06452
8.72314
14.99821
26.10156
28.65422
32.71784
51.71165
55.30374
69.85470
89.12041
106.06742
109.33968
113.11497
116.46212
118.15603
122.18944
139.00660
12.43282
23.03376
26.61292
26.97394
27.63678
35.57860
36.58355
52.51176
53.70006
64.88550
66.73471
68.83470
69.99890
72.42206
76.28761
80.03684
96.86451
0.05297
0.53175
13.60093
22.01965
22.57668
36.83270
47.09122
53.71318
61.53195
63.05172
66.69153
74.61734
82.35737
82.91602
85.75777
86.38628
93.22009
15.15017
19.89784
26.78117
31.42430
42.65878
45.99312
47.33862
60.24084
64.34308
75.25152
76.70471
82.55323
87.42631
92.93138
94.36977
105.13083
108.95543
6.25967
7.36167
9.87973
18.56503
20.31634
28.46076
34.16003
34.66200
39.91599
40.78104
53.62045
57.07864
66.34178
70.39553
78.13950
88.32160
99.91615
13.27625
13.29673
19.27269
21.78613
30.18273
33.99363
34.72128
44.41046
53.88794
61.10899
62.29358
62.69373
68.11080
68.14835
74.71985
78.74188
82.17724
6.11732
8.37172
35.49939
38.96281
55.90063
59.81535
59.82681
72.81470
87.69816
93.11886
94.63147
99.18371
106.43312
109.90031
114.55786
124.55031
127.81640
2.31903
7.17956
10.97272
21.97069
43.74778
45.45425
46.03624
49.97837
57.04657
68.85887
77.57883
77.99895
80.31006
82.16489
92.51901
93.53647
99.76805
