0.11836
1.19753
2.09641
2.94480
3.56428
5.76246
5.91950
6.32567
7.08859
11.14663
2.79083
4.70585
5.72516
6.69103
9.42752
10.84728
11.02424
13.21464
14.69710
16.11318
4.12518
5.33780
7.14974
7.33834
7.50081
8.31994
11.91374
13.06799
14.79822
15.47023
1.82972
4.85719
5.65191
6.46649
7.41453
7.69650
10.21303
10.75825
11.58681
12.59043
5.10809
6.39139
7.12441
9.13742
10.73014
14.22107
16.58473
17.11773
20.47629
20.52873
1.31549
1.34534
3.89883
4.07199
4.07201
6.75692
10.13991
10.33492
11.65514
14.91299
1.09918
1.99026
3.28975
4.45964
8.01287
