1.95278
16.23629
17.99447
25.66040
28.89629
31.02483
32.32973
32.69934
32.75372
32.77857
33.17516
33.48269
33.85662
34.01110
34.20814
34.22233
34.28205
34.64953
34.76153
34.88639
35.23339
35.33022
35.80063
36.37558
3.79421
17.38642
27.68524
32.95261
43.03483
47.81538
46.16347
46.25379
46.36956
46.50924
46.69016
44.69180
45.14855
45.65939
45.87746
45.91693
45.94760
46.07918
46.16987
46.20781
46.33748
46.46915
46.73693
46.97300
5.18145
10.45357
13.83761
19.02833
22.17874
35.69116
44.45531
44.56039
44.74180
44.84633
44.95141
45.05565
45.18519
45.40424
45.42706
45.77299
45.89116
46.05697
46.47504
43.85573
44.17344
44.22238
44.37396
44.41635
4.80352
10.01613
16.03074
18.06084
18.72489
22.55410
31.11395
31.34327
29.09533
29.41795
29.44051
29.53476
29.55774
29.68966
29.71991
29.90220
29.99666
30.31876
30.32947
30.78351
30.83862
31.11823
31.27691
31.44106
2.20529
14.80731
20.39271
26.12064
38.04083
41.19944
42.85610
43.13264
43.59702
44.06106
44.14966
44.33192
44.52195
44.91048
45.06701
45.47337
45.74810
45.96405
46.19097
46.35503
45.67413
45.70697
45.79294
45.86330
2.50794
4.37406
33.26227
34.96849
43.02929
43.12296
47.93947
48.24881
48.55230
48.80445
49.09824
49.11321
49.37942
49.39952
49.58890
49.72108
49.98600
50.05792
50.20017
50.41626
50.49771
50.64753
51.09082
51.20633
4.92831
7.33973
18.33969
24.01399
25.82682
27.67085
34.44756
34.81217
35.21210
35.31841
35.34322
33.15876
33.79241
34.14817
34.47277
34.78615
34.72927
34.86661
35.04710
35.13090
35.22218
35.40386
35.73393
35.82183
2.12810
4.58131
12.14336
13.36317
17.02026
19.23748
42.16618
42.18512
42.18769
42.45927
42.73302
42.97011
43.19193
43.20365
42.55187
41.46566
41.50410
41.84234
42.23544
42.42335
42.88611
42.91246
43.07512
43.32384
4.96368
5.85357
11.41909
23.67134
23.44830
40.04142
42.05174
42.44992
42.49064
42.51407
42.52466
42.76335
42.94933
42.31140
42.50934
42.67285
42.84235
42.84811
42.94306
42.94066
43.04962
43.13667
43.43572
43.91827
13.88013
17.56539
32.99816
38.73178
40.49492
42.76238
43.08543
43.23559
43.32559
43.48978
43.86633
44.02964
44.24878
44.37617
44.40711
44.78284
44.84002
45.05456
45.24021
45.38308
44.20780
44.22348
44.36576
44.44175
8.26052
8.91737
11.40715
15.90257
20.79801
32.72633
35.96082
36.07258
36.20095
34.05427
34.19004
34.31756
34.56775
34.65907
34.92808
34.94763
34.96955
35.03772
35.19050
35.25713
35.36786
35.49268
35.59813
35.67194
12.25987
16.69641
17.45872
19.37109
22.32566
43.45444
45.83557
45.96314
46.06777
46.16235
46.56438
46.78112
47.23060
47.49191
47.66301
47.86365
47.94330
48.09273
48.22493
48.30234
48.40416
48.46116
48.52621
48.57536
6.28616
9.99924
9.44606
18.75025
22.08538
32.76440
37.46680
37.99756
38.20358
38.51853
38.57073
38.66603
38.98941
39.13666
39.17743
39.35635
39.54841
39.81050
39.92756
38.62127
38.84890
39.04377
39.23019
39.42495
2.15327
5.42528
6.02871
12.24813
22.40077
29.79925
30.21144
30.31701
30.49096
30.52256
30.55619
30.89585
31.02904
31.30972
31.84692
32.05559
32.35886
32.47575
32.66993
32.79094
33.19800
33.22622
-1.00000
-1.00000
1.65373
4.83059
13.99470
42.23668
44.49173
50.79409
53.75288
53.92315
53.96592
54.43273
54.51520
54.60058
54.76656
54.83924
55.07922
55.42391
55.77626
55.85071
56.06059
56.27949
56.41197
56.62022
57.07999
57.12063
5.32309
8.89373
14.82411
27.48145
28.68690
30.36613
38.46562
38.51028
38.82307
39.15595
39.29892
39.41776
39.42036
39.64008
39.84313
40.01719
40.17564
40.28425
40.97694
41.31534
41.61725
40.17459
40.40677
40.57121
7.06135
12.62166
18.84652
22.04562
23.78699
28.53388
32.32586
30.60904
30.78419
30.94863
31.17232
31.26754
31.40558
31.55124
29.54744
29.70924
29.71036
29.99563
30.36404
30.71663
30.86745
30.93946
31.00712
31.40586
12.29481
20.92471
24.17993
25.16975
38.39897
42.92953
48.05269
48.22852
48.36183
48.72746
48.92038
48.95719
49.09417
49.27321
49.38171
49.50588
49.63849
49.63933
49.89372
50.07294
50.19792
50.35140
50.36015
50.48391
1.40990
11.35019
15.23115
18.39344
19.73719
24.43228
31.17011
31.30413
31.58069
30.15546
30.62057
30.73237
30.99977
31.22345
31.76165
32.05472
32.24881
32.91105
32.97602
33.07687
32.83707
32.98875
33.68183
33.84367
1.62403
8.74280
14.41920
15.26130
29.67560
30.93298
33.64761
33.78007
33.98365
34.30521
34.41272
33.82846
33.96370
32.19579
32.27427
32.28525
32.54491
32.58364
32.58764
32.70108
33.49127
33.67857
33.88685
34.26532
2.98650
6.87027
7.78708
18.46294
20.10417
23.50449
23.56715
23.88938
23.88986
-1.00000
-1.00000
-1.00000
-1.00000
-1.00000
-1.00000
-1.00000
-1.00000
-1.00000
-1.00000
-1.00000
-1.00000
-1.00000
-1.00000
-1.00000
7.79079
14.93951
16.67512
25.69887
29.08282
32.70598
33.76592
31.56286
31.65838
31.79368
31.81721
32.20373
32.45039
32.90527
32.96660
33.23879
33.62121
33.72517
33.94645
34.34102
34.76201
35.13206
35.20060
35.60077
5.11439
9.66475
11.49867
17.84964
20.60813
35.39416
46.20501
46.54913
46.59002
46.79939
46.87224
46.97307
47.11564
47.17539
47.33036
47.34809
47.46212
47.62154
47.73830
47.74459
47.77023
47.78476
47.89016
47.99917
2.16087
8.26183
9.26092
12.75798
15.02243
22.15197
23.69372
23.81324
-1.00000
-1.00000
-1.00000
-1.00000
-1.00000
-1.00000
-1.00000
-1.00000
-1.00000
-1.00000
-1.00000
-1.00000
-1.00000
-1.00000
-1.00000
-1.00000
6.65308
11.46874
18.66045
23.04493
35.33678
38.94408
39.26197
39.34669
39.60313
39.67120
39.78676
39.89494
37.58317
37.58427
37.79413
37.95046
38.10088
38.18253
38.40345
38.86894
38.95421
39.43523
39.70507
40.38556
12.06758
14.86461
15.10192
15.49630
18.94259
36.97605
37.51853
37.60549
37.74612
37.88669
37.98462
38.03867
37.26935
37.44837
37.56831
38.04714
38.25371
38.48194
37.19517
37.49902
37.61978
37.75427
37.97982
38.26839
6.43305
8.57016
9.31544
16.76600
19.51427
21.45246
32.05518
32.13367
32.30300
32.38715
31.04655
30.76962
31.08370
31.27828
31.51275
31.95628
32.06242
32.30331
32.75467
33.22831
33.40065
33.76044
33.90347
33.95762
0.72154
11.82613
15.98977
18.81531
22.55670
24.30705
24.36473
24.42963
24.57915
24.58271
24.71571
24.92949
25.00986
25.28352
25.59944
25.80287
26.30484
24.35045
24.46911
24.66880
24.67254
24.90266
24.51078
24.64633
5.30954
6.01677
28.62796
31.11797
45.58933
48.09713
61.93525
62.31675
62.58145
62.66116
62.72962
63.08818
63.11258
63.15658
63.22883
63.66822
63.88340
63.93564
63.96092
64.45967
64.67220
64.90476
65.21386
65.42362
6.38583
10.38064
18.60490
23.09369
27.66950
32.21276
39.47074
32.59478
32.93104
33.17867
33.36790
33.56272
34.10631
34.13373
34.73633
34.84098
32.80991
32.92182
33.14755
33.43489
33.54351
34.27064
34.29560
34.33998
4.13898
11.80502
13.79697
17.04067
17.16686
28.29748
28.78870
28.86142
29.14533
29.25424
29.42919
29.68994
29.86842
30.33253
30.73986
31.05914
31.09144
31.13093
31.26774
31.39777
31.67677
31.86065
32.13197
32.19266
1.97563
8.67030
19.36712
30.84977
32.98869
48.41724
53.69199
53.75221
53.76449
53.87377
53.97227
54.18829
54.35142
54.54242
54.84571
55.07379
55.10192
55.18121
55.30132
55.44831
55.68804
55.71332
56.00535
56.03991
1.71834
7.90218
9.86583
11.54839
15.77512
17.13637
21.22252
21.36630
21.58965
21.72517
21.81952
22.28683
22.39581
22.55827
22.69758
22.99998
23.42338
23.68714
23.76249
24.03203
24.39518
24.40387
24.64375
24.83215
0.37370
22.21854
22.21042
23.87983
28.27479
36.32137
38.58167
38.66647
35.41729
35.78500
36.03614
36.56066
36.76611
36.81919
36.95332
37.11018
37.16484
37.36877
37.50894
37.81548
37.89011
38.00877
38.46429
38.61374
1.64301
3.87300
23.23642
24.94641
39.39107
44.52788
50.42559
50.73116
50.85391
50.96519
51.12432
51.40276
51.42117
51.67880
51.78601
51.87329
49.69079
48.41733
48.48742
48.50947
47.18489
47.60247
47.76742
47.79526
6.83929
7.47386
13.68090
17.75471
19.12941
27.59245
32.60448
32.65414
30.56340
30.70675
30.80327
31.10227
31.17704
31.18607
31.54772
31.62174
31.62214
31.98250
32.43183
32.47660
32.55142
32.69268
32.75398
33.00546
13.88288
15.96715
23.65813
28.88849
32.66550
37.80541
41.84361
41.85234
42.04007
42.29214
42.40069
41.30760
41.30801
41.44044
42.55649
42.69552
43.05964
43.14035
43.52661
43.54635
43.64036
43.75555
43.79419
44.23038
20.54862
24.99283
28.41343
31.59666
32.38062
35.21159
46.45310
46.50626
46.50682
47.06668
47.52516
47.69802
48.02251
48.04174
48.11626
46.10724
46.52679
46.55523
46.67165
46.80706
46.88901
46.96531
47.25589
47.35591
7.50865
7.97601
15.45569
28.98428
30.25458
32.99582
38.83029
39.04116
39.20503
39.37565
39.39756
39.51603
39.82580
39.85937
40.04665
40.36295
40.51255
40.68267
40.85978
40.91337
40.97535
41.10274
41.25620
41.45335
1.33884
10.34692
33.10827
35.94399
38.68876
39.58248
49.20629
49.24125
49.59925
49.74106
49.85114
49.93452
50.16575
50.47259
50.61579
50.69690
50.70307
50.72825
50.73215
50.95128
49.79502
50.05750
50.19778
50.44796
5.14850
6.19662
8.06034
8.38730
9.10809
11.80041
12.67546
13.03463
13.13284
13.34841
13.44559
13.55376
13.33850
13.47806
13.87286
14.37385
14.47387
14.66617
14.84093
14.85478
15.03205
15.13374
13.58639
13.79500
6.13403
10.68179
17.13329
19.31479
23.06372
25.98081
31.83132
32.21860
32.54549
32.67648
32.89496
33.14650
33.22836
30.09340
30.14495
30.46322
30.57051
30.76316
30.89100
30.90012
31.06349
31.34975
30.84735
30.54023
15.31992
20.51384
22.37794
25.78032
26.76944
28.43086
28.42725
28.55971
28.68268
28.91996
29.12658
29.16501
29.27241
29.37931
29.43213
29.58751
29.68391
29.92756
30.05507
30.28865
30.46412
30.70157
31.19896
31.59727
2.57591
6.08858
18.55041
20.29404
21.90804
24.81249
29.83074
30.06366
30.13988
30.60624
30.88894
31.28793
31.43889
29.62255
29.85117
30.45896
30.45915
31.00197
31.47490
29.55076
25.51584
25.68785
25.91486
25.98141
10.03909
11.73472
28.59069
36.11719
42.66281
45.92906
54.67935
54.74988
54.79441
54.83994
53.23301
53.31934
53.43746
53.47692
53.70124
53.73699
53.79124
53.81546
54.18069
54.49851
54.74443
54.79980
55.22315
51.66603
6.84359
10.09310
12.53771
14.59764
19.45733
31.35239
35.70356
35.27377
35.49645
35.67398
35.88869
35.99036
36.12721
36.19228
33.74580
33.88890
34.09793
34.48321
34.55464
35.00667
35.18596
35.42730
35.48415
35.77983
13.52741
15.28630
18.17464
21.27076
23.72161
27.56987
35.86541
36.01656
36.02571
36.32187
36.59233
36.86540
36.96172
37.27401
37.33013
37.48961
34.98282
35.16819
35.29216
35.34368
35.87868
35.94665
36.11900
36.38791
12.44929
16.44713
31.05756
32.36410
54.76502
70.73669
75.38179
75.74927
75.78778
75.83994
76.43318
76.56392
76.71469
76.99702
77.10586
75.64919
75.68352
75.73165
75.78726
75.93955
75.98282
76.13316
76.43793
76.49039
1.67104
17.58975
22.08169
23.83100
24.28927
25.82726
29.43547
29.92012
30.60485
30.82664
31.17794
31.29408
31.59689
31.72530
31.86701
32.12846
32.37818
31.82404
31.88840
31.92309
32.23973
32.64566
32.77983
30.45076
3.48577
15.59378
21.36224
22.04251
27.62049
42.95593
43.40406
41.28960
41.57066
41.75401
42.03106
42.14219
42.25498
42.41930
42.43405
-1.00000
-1.00000
-1.00000
-1.00000
-1.00000
-1.00000
-1.00000
-1.00000
-1.00000
3.19641
3.93976
6.42431
22.08418
25.35504
26.00663
30.23082
30.59512
31.02090
31.30815
31.37509
31.41082
31.50283
29.38874
29.55956
29.65272
29.86244
30.02584
30.08080
30.35825
30.73330
30.94900
31.13216
31.38526
10.79466
11.83405
12.71963
17.26205
18.84483
23.86166
31.17410
31.33177
31.45661
31.46159
31.49020
31.78821
31.85713
31.95019
32.04720
32.28907
32.62562
32.88184
33.13482
31.14472
31.23146
31.42293
31.62458
31.66441
0.65483
14.30536
15.31572
15.94326
20.73112
25.71788
33.95158
34.33452
34.92601
35.22954
35.37534
35.73128
35.91021
35.93324
36.02293
36.16067
36.29596
36.44445
36.98736
37.25107
37.32390
37.43126
34.01704
34.56909
6.59757
10.58616
12.26947
14.49389
18.33102
24.44041
29.00680
28.85110
29.06258
29.07615
29.22264
29.37707
29.41317
26.98183
27.20428
27.37282
27.63171
27.80079
27.96036
28.06737
28.07513
26.76489
26.93718
27.10645
0.55386
6.64062
15.63754
21.48743
21.81703
31.23916
33.83379
33.84669
33.98862
34.19896
34.40076
34.51282
34.61186
35.23311
35.39202
35.47711
35.49828
35.74188
35.89395
35.99697
36.07621
36.25432
36.46050
34.67640
7.16907
10.42928
17.36173
18.38574
22.27627
29.42572
31.93282
29.74290
29.78541
29.94084
30.30382
30.33249
30.54149
30.60732
31.04485
31.04913
31.18607
31.31764
31.40935
31.94829
31.38150
31.46815
31.67262
31.81518
3.21947
4.73766
11.55764
16.67565
38.57973
44.19063
46.32836
46.45129
46.66375
46.96075
47.08402
47.65214
47.82658
48.61885
48.84867
48.94547
49.30043
49.42663
49.56292
49.72974
-1.00000
-1.00000
-1.00000
-1.00000
1.56264
3.10203
6.00953
12.57137
20.93444
29.01900
29.35720
26.15293
26.66186
26.83070
27.24429
27.38883
27.73657
27.82475
28.28727
26.96298
26.96802
26.99527
27.04201
27.26585
27.53191
27.75851
28.09615
28.29002
14.71305
17.38807
25.71305
29.25114
31.73522
30.24783
36.52188
36.53933
37.07785
37.44739
37.66671
37.73572
37.81202
38.04486
38.24304
38.32183
38.35478
38.45495
38.83062
38.94521
39.20895
39.49473
39.51079
39.63398
1.02769
2.84674
5.78983
12.98615
13.73276
16.46432
27.38843
27.50581
27.59695
27.76902
27.41169
27.51197
27.64474
27.81719
27.99212
28.07027
28.57409
28.71282
28.73240
29.00714
29.02967
27.82385
27.95448
27.97410
4.02353
17.69761
20.46838
29.68392
33.72287
42.62652
49.39570
50.03828
50.45819
50.65675
50.89662
51.25476
51.59363
51.82321
52.23169
52.46630
52.57586
52.88379
52.93274
53.17981
53.23736
53.33786
51.40164
51.47023
5.07230
5.49351
9.99494
25.35666
29.43034
35.45540
36.54483
37.00834
37.38794
37.59842
38.19735
38.41731
38.52337
38.71804
39.03270
39.06604
39.17122
39.20419
39.27881
39.40473
39.54547
39.95562
40.12248
40.12997
5.71724
7.42180
14.19089
16.34669
18.42143
22.83661
25.05748
25.23150
25.63380
25.82270
26.14010
26.33100
26.53493
26.66506
26.70020
26.86124
27.14642
27.46716
27.55374
28.33783
28.65639
28.78115
29.13558
29.17766
15.23421
28.67679
36.95235
39.21024
38.56359
42.18027
43.68617
43.86992
43.98235
44.09090
44.10282
44.28681
44.45291
44.58913
44.62978
44.76341
44.86076
45.28218
45.82573
46.18766
46.41603
46.20424
46.66726
46.82902
4.85506
14.49670
16.79109
20.79145
20.88935
22.63303
29.15763
29.30169
29.48780
29.77603
29.77724
30.11205
30.32463
30.36065
30.64892
30.86189
30.92950
31.06721
31.38657
31.38811
31.73962
31.92347
32.01102
32.12789
6.90246
8.83331
11.09581
15.49384
23.27881
23.92518
28.47123
28.93295
29.21746
29.44528
29.59136
29.80107
29.91073
30.16512
30.60816
30.73403
25.78462
25.84757
25.85046
25.92462
26.11619
26.12260
26.45599
26.56013
3.94233
5.49713
13.35838
15.12145
25.05055
27.17016
35.77188
34.75170
34.78605
35.04954
35.35803
35.89476
35.80746
35.84985
35.88622
36.09003
36.32223
36.49164
37.02235
37.32399
37.32503
37.43901
37.55011
37.61798
1.93942
6.76680
15.74824
17.32916
20.32056
22.24815
23.04646
23.32834
23.53850
23.57956
23.63154
23.76247
23.86760
24.03543
24.32132
24.40740
24.41653
24.65591
24.93450
25.30161
25.69479
25.82998
25.94645
26.01327
2.46375
10.99491
16.86878
21.32535
23.09541
23.32284
31.63012
31.76563
31.90825
31.96983
32.08342
32.28940
32.42054
32.95342
33.00655
33.00782
33.15895
33.31385
33.38593
33.46389
33.69850
34.28325
34.28329
34.40229
3.28108
9.55710
14.61713
15.59467
18.66016
24.67953
27.96999
28.45739
28.49320
29.06950
29.25042
29.35275
29.50904
29.77939
29.87990
30.02627
30.20747
30.22587
30.29577
30.38618
30.57785
31.00202
31.07398
31.22919
3.39064
11.30148
14.88828
22.18169
34.25781
40.87696
45.45605
45.66669
42.75362
42.78978
41.88257
42.08259
42.23779
40.59363
40.64405
39.01916
39.52343
39.77282
39.88882
40.15079
40.72903
40.79984
41.27967
41.34791
8.56010
15.28276
15.37307
18.42087
22.21775
23.68989
28.44631
29.47697
29.56536
30.13505
30.54127
30.66736
30.90058
30.64725
29.75724
30.03402
30.13413
30.20956
30.30035
30.38475
30.63354
30.76280
31.13584
31.34957
6.72992
18.89675
39.69340
39.92596
41.10037
43.47483
46.96956
47.01313
47.52116
47.20636
47.61317
47.79446
47.87720
48.13427
48.41316
48.54382
48.72590
48.81920
49.10221
49.20640
49.47945
49.62945
48.75779
48.96068
4.81177
13.59871
19.14642
26.45388
29.17676
35.30687
44.69694
44.91737
45.00577
45.20279
45.21581
45.64853
45.93691
46.00822
46.01899
46.07353
46.20315
46.38394
46.65643
46.76141
47.10343
47.21432
46.79138
46.86506
0.63002
5.31128
9.11704
11.98282
20.14279
24.70778
40.99685
40.20534
40.35253
40.48015
40.57321
40.78391
40.78420
41.11127
41.51584
41.75343
42.03074
42.06075
42.60117
42.68523
42.90348
43.28912
43.56248
43.71604
4.04587
5.81136
19.93990
19.51629
23.64721
26.61533
32.80938
32.83221
33.41136
33.54522
33.61478
33.64793
33.66434
33.92972
34.01697
34.18488
34.22054
34.41598
35.01215
-1.00000
-1.00000
-1.00000
-1.00000
-1.00000
2.58147
10.14497
11.75429
13.58177
17.64248
19.33801
25.41729
25.98609
26.22089
26.22855
26.47482
26.57495
26.78887
26.86433
24.71339
25.01577
25.01823
25.12880
25.46116
24.43373
24.77976
24.93761
25.00739
25.29481
3.09478
4.57385
15.23480
17.81110
22.22607
26.99988
32.40579
32.46302
33.10050
33.15696
33.39145
33.81984
34.08955
34.23617
34.32403
33.21153
33.26081
33.50190
33.55442
33.65051
33.93733
34.04585
34.21287
34.32684
4.94189
8.88376
11.22565
19.20706
22.96188
34.53721
37.43534
37.82394
38.05306
36.53099
36.69344
36.77826
37.38721
37.65552
37.74923
38.02701
37.96509
38.44789
38.48152
38.68813
38.72120
38.84556
38.95553
38.98737
9.57765
13.63585
14.98547
20.78402
19.68571
20.12854
38.08352
38.19443
38.21259
38.23737
38.80065
38.84892
39.07776
39.24773
39.34945
39.55878
39.62125
39.78467
39.87871
40.01424
40.42330
40.46332
40.57604
40.70779
6.28582
8.33392
15.38795
18.53680
31.57642
35.43126
39.18249
39.20580
39.31485
39.69277
39.99814
40.21875
38.46349
38.69392
38.79438
38.84361
39.04570
39.11596
39.21206
38.23776
38.31244
38.47024
38.65482
38.76504
2.31220
10.12877
17.18122
19.80982
23.39845
27.56519
34.13287
34.28607
34.41833
34.58475
34.74929
34.23543
34.78045
35.01715
35.17401
35.29449
35.37400
35.53540
35.67934
35.72255
35.78922
35.99041
36.00854
36.10771
2.50890
5.52944
8.34339
14.60361
16.60190
21.83542
18.86777
18.89882
18.98761
19.07037
19.13158
19.21549
19.34432
19.52154
19.52369
19.73285
19.89183
19.98548
20.26755
20.61295
21.05320
21.20420
21.52220
21.67715
2.12442
2.98453
8.13250
17.34013
22.88648
25.98867
26.24761
26.27505
26.47679
26.60854
26.68970
26.84076
26.97576
26.98256
27.09745
27.43852
27.46198
27.48122
27.80188
28.26296
28.52282
-1.00000
-1.00000
-1.00000
3.32579
5.23267
6.40401
7.45806
7.63067
11.25929
29.91214
30.06150
30.08517
30.09294
28.66040
28.90330
28.95496
27.73894
28.05254
28.16279
28.31118
28.70251
28.91481
-1.00000
-1.00000
-1.00000
-1.00000
-1.00000
2.30877
2.55062
10.63361
28.63284
36.88081
37.95422
40.50819
40.80647
40.92055
41.04502
41.39465
41.72422
41.86914
42.25101
42.30974
40.66909
40.78008
40.91212
41.35013
41.40013
41.56787
41.88706
42.30602
42.65884
2.40072
3.64962
6.14316
14.38275
17.39813
20.82187
28.64237
28.73327
28.75527
28.99820
29.73157
29.79962
29.97718
29.98274
30.28571
30.32893
30.46875
28.42300
28.62271
28.85424
26.86688
25.02764
25.08399
25.39109
7.15732
8.07203
12.74445
15.33723
-1.00000
-1.00000
-1.00000
-1.00000
-1.00000
-1.00000
-1.00000
-1.00000
-1.00000
-1.00000
-1.00000
-1.00000
-1.00000
-1.00000
-1.00000
-1.00000
-1.00000
-1.00000
-1.00000
-1.00000
7.15613
13.54206
22.86044
31.19604
47.17906
50.86054
51.98378
52.06512
52.32029
52.48760
52.56456
52.72429
53.04458
53.45744
53.69621
53.71240
54.31014
53.98038
54.00367
54.10534
54.45559
54.57444
54.66204
-1.00000
5.63477
8.99787
28.74076
30.33784
32.76929
38.90123
43.67585
39.87751
39.95303
39.97471
40.14393
40.17112
40.22114
40.30529
40.46336
40.53903
40.72014
40.90795
41.14307
41.30238
41.37479
41.43006
41.74385
41.90143
11.18523
13.89468
23.91835
27.97649
28.82580
31.91423
34.53952
34.56048
34.58023
35.01798
35.32160
35.55451
35.80555
36.05803
36.35517
36.39701
36.66515
36.76641
36.88416
37.09962
36.61449
36.65219
37.05051
37.15071
3.01412
12.94705
12.42549
20.53328
22.48424
27.70091
29.66735
29.69237
29.76060
29.98251
30.27942
30.32958
30.68080
30.85736
31.01312
31.35532
28.68967
28.73709
28.94495
29.29292
27.84248
28.12979
28.37887
28.45945
1.55911
3.89262
5.72657
12.00636
18.64621
19.77207
23.90567
23.96257
24.17675
24.33692
24.40374
24.63504
24.75729
25.14450
25.15535
25.35384
25.48961
25.61533
25.64530
23.87452
24.25595
24.45090
24.55512
24.56020
0.73285
3.68819
20.29270
21.10201
26.51601
34.56046
40.59848
40.68591
40.79400
41.02344
41.30956
39.22032
39.34965
39.55622
39.65324
39.89815
40.55660
40.78055
40.93352
40.97134
40.98883
41.00788
41.04151
41.31654
2.54602
7.03995
9.68436
13.64939
27.97891
30.26325
32.03057
30.61309
30.99411
31.02899
31.14110
31.25635
31.53811
31.64664
31.65337
31.72462
31.95672
32.07548
32.44491
32.49727
32.71498
-1.00000
-1.00000
-1.00000
4.61698
12.18690
16.15687
23.14427
27.72033
-1.00000
-1.00000
-1.00000
-1.00000
-1.00000
-1.00000
-1.00000
-1.00000
-1.00000
-1.00000
-1.00000
-1.00000
-1.00000
-1.00000
-1.00000
-1.00000
-1.00000
-1.00000
-1.00000
0.51294
3.80826
8.04218
11.83074
28.55278
28.96813
35.25143
35.52405
35.63825
35.87233
36.00299
36.04944
36.42229
36.63244
36.65027
36.65385
36.83371
37.08219
37.46534
37.62008
34.92754
35.09899
35.23164
35.37759
2.13749
10.07493
10.29661
18.68638
29.45841
31.39826
38.23307
38.34054
38.42764
38.76491
39.04873
39.25890
39.48633
39.72000
39.93460
38.41938
38.68498
39.01857
39.18046
39.57516
39.66626
39.88591
39.99038
40.19440
6.77037
10.93795
15.41031
21.35538
21.55546
19.76024
34.51034
35.02276
35.08876
35.59262
35.85347
35.98917
36.00204
36.14253
36.18736
36.24450
36.27551
36.45588
36.53760
36.76647
35.15397
35.39611
35.40008
35.55209
7.62811
11.44232
14.26275
20.07383
29.60371
35.97152
43.49450
43.61273
43.79950
43.85896
44.23928
44.37274
44.60703
44.73137
44.80728
44.93368
45.10095
45.25766
45.44042
45.51972
43.14045
43.47005
43.69420
43.89813
