5.59613
20.22626
20.47439
20.59538
20.65360
21.54734
2.13627
9.00887
9.17432
9.25588
9.40636
9.74539
2.23274
25.80352
26.30514
26.92608
27.43912
28.81768
4.57300
10.77294
11.11969
11.37359
11.55023
11.65704
8.41318
23.36431
23.49552
23.92430
24.37586
24.76179
4.81408
21.03648
21.18726
21.50319
21.50379
21.74374
2.29772
11.80171
11.93046
12.34703
12.59394
12.83893
5.97364
32.69522
32.91685
33.14207
33.30545
33.74605
15.89441
22.01614
22.59792
22.99604
23.28176
23.63206
8.48361
15.80156
15.87323
16.02928
16.25268
16.47399
9.58555
11.62376
12.07428
12.24066
12.24429
12.44805
14.54053
22.35515
22.44358
22.85156
23.39380
23.98336
11.09348
14.43580
14.64204
15.07234
15.18255
15.91146
7.48745
32.74623
33.28072
33.48915
33.86524
34.32112
5.34423
9.62888
9.93373
10.07922
10.61860
10.69643
2.54825
4.64939
4.99766
5.15986
5.33632
5.97995
8.46082
15.43649
15.66414
16.13898
16.58206
16.86648
9.27617
20.63356
20.98167
21.28165
21.39249
21.46707
4.62325
23.96446
24.06785
24.21306
25.06017
25.10672
22.06874
39.39533
39.45928
39.52167
39.77572
40.06777
12.86477
18.72566
19.22023
19.77770
19.92246
20.45129
10.52886
37.74360
38.07126
38.18367
38.23676
38.98602
13.08145
24.81360
24.95190
25.49329
25.96805
26.27332
5.95898
19.64880
20.08077
20.14679
20.26921
20.35727
5.09647
35.54810
35.81098
36.10362
36.24437
36.57538
14.92557
23.21934
23.40208
23.43961
23.85650
24.14564
18.34459
19.27285
19.63350
19.97645
20.06516
20.33279
5.01441
17.31393
17.51724
18.00361
18.04751
18.55082
4.48426
37.10930
37.20604
37.38859
37.59619
37.81626
8.94774
18.09338
18.52851
18.78615
18.82890
18.91964
11.46733
31.95483
32.31273
32.60608
32.79437
33.25126
7.47359
12.76514
13.10740
13.26633
13.28934
13.38726
6.56813
14.25234
14.40231
14.57126
15.22545
15.49718
3.94438
14.08466
14.17627
14.61582
14.68879
14.82472
24.40353
26.16885
26.77035
26.87205
27.38620
27.52508
5.67828
7.25639
7.47618
7.54149
7.62167
7.83100
35.72625
38.95262
39.09686
39.22406
39.27162
39.37129
49.54865
71.59756
71.87269
72.11607
72.42465
72.67859
3.31919
8.06700
8.53851
8.66189
8.98637
9.18974
16.08570
32.57426
32.79729
32.96425
33.28727
33.64834
3.68966
4.61932
4.91026
5.07337
5.48491
6.01839
14.94639
21.66578
21.74122
21.80621
21.98493
22.22934
1.49166
14.36936
14.40067
14.53669
14.86063
15.26801
12.83273
51.85835
51.86955
52.15614
52.56303
52.92903
8.98340
14.63621
14.80108
15.40359
15.54022
16.88030
9.20007
24.38387
24.45452
24.92619
25.35895
25.39072
18.78344
21.60345
22.00275
22.13824
22.29172
22.70620
12.33870
20.36631
20.83679
21.25175
21.53649
21.89360
1.90094
7.94366
8.51629
9.14988
9.24534
9.30620
1.10786
5.03996
5.85911
6.29076
6.58526
6.88116
0.89543
14.07523
14.09456
14.64425
15.01894
15.25618
2.87077
5.65216
5.77421
6.36998
6.98771
7.37818
2.12310
17.90720
18.13232
18.58243
18.83475
18.93036
4.63851
14.66697
14.90351
15.31216
15.95244
16.57413
15.67608
29.20386
29.25833
29.30661
29.63233
29.93574
0.67231
10.08249
10.36193
10.40846
10.46889
10.59991
13.52089
29.76466
29.94288
29.99909
30.67946
30.77516
8.63151
17.28144
17.40985
17.44153
17.45370
17.71357
1.47875
7.70414
7.85118
8.69870
8.92950
8.97420
4.48352
16.11120
16.16869
16.33905
16.72250
17.16480
1.10170
27.93587
28.17230
28.29920
29.21460
29.38486
4.49686
12.63221
12.85248
12.92888
13.48624
14.08650
13.80537
16.23458
16.59322
16.76618
16.90363
16.98702
14.22289
17.66747
17.93370
18.39075
18.60602
18.84125
9.15681
11.22253
11.31433
11.48939
11.81652
12.06859
17.00556
27.55633
27.66915
27.95486
28.31918
28.39817
7.83608
30.25445
30.76874
30.95913
31.22599
31.96940
9.73318
32.77513
32.87257
32.98637
33.25210
33.28310
8.67690
14.30936
14.45304
14.78965
15.23823
15.53644
4.22952
7.22734
7.42269
7.70385
7.85721
7.90118
30.98070
32.40778
32.83223
32.93644
33.13153
33.20851
25.61081
37.50167
37.77157
38.11965
38.93239
39.27930
1.16694
15.53752
15.88094
15.89110
16.29824
16.42845
3.02275
25.53028
25.96359
26.24788
26.40872
26.54067
10.60894
21.81862
21.89991
22.11766
22.15210
22.56377
7.08213
13.19681
13.45804
13.55407
14.32718
14.71134
6.36023
21.47973
21.51304
21.92240
22.00774
22.16486
8.31580
22.10759
22.56529
22.60094
22.75194
23.16834
12.97983
16.36191
16.66426
16.97905
16.98581
17.15669
2.74184
24.18130
24.66277
24.76041
25.18253
25.19805
23.83100
34.60847
34.62821
34.99990
35.58529
36.03332
1.46313
3.39557
3.45617
4.00283
4.29566
4.69715
9.35514
43.96198
44.27596
44.33327
44.50411
44.61887
13.18586
22.25812
22.69224
22.93609
23.07717
23.29638
5.66413
8.00726
8.84108
8.88286
9.04162
9.67921
8.18411
12.54265
12.66356
12.70342
12.89865
13.10420
14.41526
19.14461
19.25638
20.10196
20.32949
20.56837
13.74835
21.00342
21.06069
21.49857
22.08997
22.43760
6.40913
9.41366
10.28578
10.36796
10.99543
11.22443
10.12505
15.79916
16.00041
16.32846
16.50135
16.76691
2.73524
17.98556
18.00236
18.10261
18.33241
18.84003
7.25786
13.27002
13.30435
14.39524
14.50144
14.86432
6.35026
9.57247
10.04572
10.35593
10.55209
10.68771
11.80645
22.76516
23.04538
23.06209
23.17177
23.45073
13.95734
20.94588
21.55750
21.61732
21.75897
22.18188
0.59548
5.04875
5.15904
5.72115
5.91915
6.19623
37.62319
46.48952
46.62587
46.96044
47.31245
47.71214
5.46293
13.65628
14.09964
14.31215
14.40302
15.02218
7.48909
27.53765
27.56906
27.88086
28.36638
28.42941
9.51270
34.54560
34.85499
35.10703
35.36667
35.60122
