6.11169
8.02311
17.14833
20.01997
24.36929
24.81976
24.89783
24.97125
25.15106
25.24385
25.65320
25.69195
25.78640
26.10102
26.28474
26.73805
26.85581
27.15830
27.30154
27.46568
27.66562
27.96526
28.52073
28.67870
28.99535
7.75694
17.24083
21.71507
22.27759
29.78625
29.82656
29.87112
29.95435
30.05323
30.33845
30.64650
30.98026
31.18872
31.36558
31.48843
31.72285
31.79920
31.94840
32.12575
32.40220
32.61307
32.68604
33.04383
33.28688
33.38883
3.81417
7.81027
12.85041
13.83243
19.89416
20.06702
20.29156
20.53051
20.81084
20.98693
21.15518
21.28695
21.49436
21.86058
22.08498
22.28751
22.33240
22.51239
22.74558
22.79603
22.86535
22.94925
23.14513
23.23332
23.29226
5.27922
8.20513
15.86977
21.82829
32.40250
32.54481
32.71079
32.82194
33.17247
33.39433
33.53099
33.62048
33.72277
33.93604
34.07124
34.17483
34.41462
34.70437
34.85251
34.91525
35.07475
35.07652
35.26741
35.74117
36.08106
1.84400
3.84164
14.41361
25.01713
28.55652
28.56683
28.80191
28.89688
29.13040
29.16700
29.47520
29.65794
29.86706
30.06649
30.13352
30.38500
30.60300
30.66921
30.83569
31.18768
31.24065
31.27733
31.43624
31.61593
31.78005
9.16959
28.97352
34.47756
38.18600
39.77589
39.86143
39.94822
40.06098
40.10005
40.23665
40.44379
40.65695
40.86612
40.92072
41.06287
41.16164
41.31266
41.54679
41.61067
41.68268
41.77412
41.92310
42.18693
42.43441
42.58328
8.91953
14.86453
20.42072
20.64546
24.98351
25.14147
25.58836
26.17881
26.34988
26.58923
26.73936
27.19504
27.20344
27.29043
27.65050
27.76726
27.97975
28.27593
28.40717
28.62194
29.00400
29.43503
29.58652
29.77556
29.97986
5.92990
11.68993
12.49041
17.84622
21.26108
21.55128
21.61686
21.73122
21.87707
21.93025
22.18254
22.38964
22.62608
22.83805
23.26663
23.32382
23.69284
23.83461
23.88689
24.17097
24.22985
24.43877
24.78040
24.79807
25.07965
4.54580
14.92448
16.09846
18.37955
22.13855
22.29400
22.33962
22.97200
23.13200
23.29173
23.31713
23.48343
23.82517
23.96709
24.23827
24.44276
24.66885
25.06227
25.33359
25.56890
25.90575
26.20968
26.38637
26.58414
26.82275
3.98880
11.67288
25.50735
33.73794
44.67369
44.92432
45.09713
45.24465
45.44212
45.54473
45.78588
45.90078
46.17165
46.26176
46.51165
46.66653
46.76190
46.97152
47.06609
47.16820
47.16876
47.17011
47.30082
47.60032
47.87961
4.98037
7.34535
9.06698
15.91895
19.20879
19.83022
20.04872
20.26034
20.41976
20.73084
21.09887
21.30290
21.34850
21.37061
21.55971
21.61912
21.81637
22.16450
22.31156
22.41687
22.82717
23.13252
23.23017
23.30582
23.51026
3.01808
7.67057
10.29421
19.49898
26.98182
27.06539
27.25936
27.49074
27.57304
27.91044
28.02224
28.23563
28.56174
28.57416
28.86939
28.94806
29.05801
29.10941
29.36352
29.65123
29.74004
29.92089
30.03988
30.28685
30.32490
1.13385
3.99118
11.09170
14.54308
19.73476
19.77807
20.06559
20.51071
20.77258
20.92883
21.27644
21.45395
21.80037
21.96304
22.31497
22.40651
22.44527
22.44896
22.71278
22.99807
23.04007
23.11649
23.53948
24.05568
24.30300
1.55194
4.84243
19.62613
24.12137
26.10522
26.14914
26.49119
26.78091
27.18896
27.35413
27.49351
27.62053
27.81312
27.86294
28.09059
28.14975
28.21226
28.35792
28.51622
28.67160
28.73412
28.89666
29.04934
29.28414
29.31448
7.70660
8.59892
13.16690
21.18851
22.68665
23.01294
23.34049
23.49520
23.73747
23.76265
23.90168
24.07780
24.19322
24.25980
24.80216
25.00750
25.07610
25.30715
25.59488
25.83394
25.92588
26.08445
26.14170
26.52825
26.81069
3.48280
6.82821
21.43080
22.38680
27.03662
27.09807
27.13705
27.50861
27.57455
27.66055
27.91062
28.19036
28.35171
28.52092
28.75864
29.00924
29.05422
29.17876
29.38122
29.44064
29.49427
29.66589
30.05960
30.22144
30.32212
4.70393
16.91855
33.63221
37.40752
44.02872
44.07448
44.30731
44.75797
44.86788
45.07779
45.41260
45.49489
45.67627
45.90409
46.03571
46.15360
46.27752
46.35946
46.46908
46.47459
46.72958
47.06762
47.28317
47.48448
47.72825
2.33693
4.53572
12.42285
15.11691
25.93548
25.93554
26.02522
26.22091
26.29257
26.75442
26.89153
27.18536
27.27748
27.35036
27.61853
27.66358
27.72439
27.89580
28.01220
28.32191
28.43406
28.54622
28.63804
28.75348
28.91119
2.05595
5.14567
6.80470
18.36413
21.72965
21.84267
21.86274
22.15763
22.45539
22.70925
23.04618
23.42803
23.53014
23.92352
23.96712
24.05694
24.31320
24.43280
24.52122
24.59901
24.74091
24.80855
24.81261
24.81582
25.09869
1.58436
6.17716
12.95918
15.51371
21.39770
21.65536
21.97742
22.13165
22.15306
22.16883
22.50418
22.55010
22.59271
22.70698
23.05905
23.34182
23.37327
23.62806
23.86856
24.13581
24.24380
24.31977
24.35740
24.50203
24.72788
3.50042
5.42419
7.46524
11.77508
15.70528
15.79167
15.90656
16.18242
16.35263
16.56952
16.66076
16.84662
17.15562
17.19586
17.25998
17.38553
17.52796
17.73476
17.76331
17.80397
17.83993
18.37989
18.59791
18.74075
18.98433
1.51216
8.33590
17.55398
21.67492
25.86229
26.05464
26.22653
26.31355
26.52569
26.61324
26.73898
26.82723
26.98317
27.14059
27.21970
27.39715
27.45854
27.51879
27.59297
27.81652
27.90935
28.09562
28.26520
28.46881
28.59234
2.11841
9.01040
11.55818
24.60530
29.39220
29.51807
29.73464
29.89228
30.09938
30.29593
30.39451
30.49896
30.69019
30.81656
31.14880
31.42107
31.64504
31.65542
31.84426
31.97684
32.27917
32.43628
32.48591
32.82754
32.91188
2.85738
4.53724
9.38260
21.28314
26.50184
26.77572
26.89126
26.96896
27.36445
27.40867
27.54414
27.79081
27.80527
28.31120
28.36036
28.40333
28.41538
28.56174
28.70094
29.07602
29.07934
29.20355
29.20609
29.31047
29.73790
8.28440
10.45669
11.21338
13.61480
21.84389
21.86750
22.06182
22.15809
22.26644
22.84532
22.87213
23.06367
23.30792
23.44392
23.50121
23.68119
24.15551
24.19601
24.35395
24.50614
24.54498
24.73072
24.81346
25.16752
25.29212
8.47062
9.11349
16.30962
17.08582
20.57832
21.01498
21.13486
21.53765
21.63950
21.72444
21.76832
21.84305
21.97254
21.98735
22.27232
22.68349
23.07866
23.44430
23.49433
23.80377
23.92913
24.31633
24.47197
24.70369
24.81062
2.84738
7.52141
9.74720
21.93033
25.28271
25.44538
25.63791
25.69199
25.84471
25.98048
26.07229
26.45737
26.54943
26.79326
27.05842
27.25116
27.34279
28.23886
28.28436
28.37991
28.50716
28.65198
28.86909
29.07340
29.14086
2.19317
4.89981
7.35532
13.65948
21.52561
21.75883
22.02537
22.06461
22.21092
22.41721
22.65556
22.82621
22.96200
23.17763
23.38462
23.65273
23.87829
24.06062
24.37097
24.44501
24.64562
24.92828
25.18316
25.43349
25.75942
3.74242
5.84649
12.62320
21.88057
35.52617
35.86660
35.95875
36.01770
36.31370
36.44939
36.62996
36.87346
36.90221
36.96886
36.98677
37.00372
37.32934
37.41921
37.53694
37.57552
37.64270
37.65522
37.75522
37.86042
37.92012
7.79036
14.32904
19.80675
23.62535
27.79445
27.98982
28.03849
28.08384
28.19324
28.47522
28.85538
29.04735
29.24438
29.49203
29.64525
29.67559
29.84438
29.84909
30.15684
30.42051
30.56661
30.73167
30.87229
30.94041
31.24633
1.35574
10.11318
18.67464
22.13408
29.08878
29.18749
29.57803
30.04398
30.32105
30.63047
30.75789
31.17990
31.50300
31.58382
31.76880
31.83861
31.90389
32.09617
32.24592
32.36962
33.27207
33.33479
33.60383
34.05678
34.20242
7.30059
15.44467
21.37920
22.44015
25.22159
25.32935
25.68736
26.21629
26.33578
26.36666
26.40340
26.40754
26.51015
26.70608
26.71909
26.90778
27.27296
27.41756
27.58978
27.89614
28.00853
28.24924
28.25392
28.35278
28.52255
1.98106
3.39978
4.73063
6.15547
11.50424
12.15663
12.41388
12.60029
12.87301
12.91028
12.93641
13.15563
13.35561
13.62106
13.67863
13.79382
14.03103
14.23742
14.39410
14.64832
14.73512
14.89325
15.01900
15.18454
15.54086
4.11164
10.58631
12.86319
14.74670
15.78224
15.86630
16.27187
16.31056
16.32714
16.56406
16.61055
16.74049
17.00918
17.63776
17.72510
17.82546
17.87715
18.03025
18.07658
18.16379
18.37566
18.61758
19.08671
19.24185
19.24300
10.09333
12.10477
23.46766
25.32447
29.68756
29.81617
29.93287
29.94386
30.04004
30.08610
30.16797
30.37457
30.53022
30.62916
31.05303
31.13831
31.38612
31.51419
31.58286
31.65831
31.81501
32.10006
32.28783
32.67784
32.86046
1.29013
5.18456
9.31043
12.72589
13.91763
14.17952
14.30321
14.38810
14.48166
14.63542
14.84972
14.90142
15.02604
15.04107
15.09160
15.34203
15.66699
16.26416
16.59173
16.68430
16.95392
17.32834
17.40302
17.59321
17.70834
0.83612
3.88543
8.76207
12.30286
15.13981
15.73981
15.90135
16.06761
16.16910
16.28602
16.70781
16.87560
17.32931
17.46349
17.77309
18.02335
18.20322
18.24165
18.38246
18.53467
18.68976
18.83056
18.84148
18.95527
19.35288
1.03718
2.91726
12.86738
15.84660
27.27237
27.73514
27.77183
27.98842
28.21187
28.26426
28.40488
28.49480
28.55898
28.90280
29.01632
29.24660
29.35896
29.66551
29.89844
30.00240
30.07261
30.20014
30.22017
30.22578
30.57134
0.69576
1.57284
11.55362
15.15237
18.20927
18.53057
19.02770
19.34002
19.45364
19.67179
19.91744
19.94947
20.02559
20.17519
20.35753
20.52178
20.77393
20.83767
20.97341
21.22919
21.46067
21.54994
21.82397
21.96571
22.22662
2.76920
7.34882
12.52057
27.14993
29.86539
29.90550
30.15268
30.54873
30.65199
30.79485
30.81155
30.94891
31.34498
31.37554
31.54294
31.70282
31.76265
31.98125
32.20353
32.21439
32.44585
32.48477
32.71926
32.79390
33.01131
2.32754
3.23337
9.76110
14.96697
19.11555
19.13535
19.25210
19.28112
19.95421
20.12773
20.13152
20.16805
20.33761
20.50010
20.60382
20.78196
21.00891
21.15983
21.18150
21.20565
21.64329
21.89122
22.00947
22.24639
22.28072
7.75534
22.83067
27.36773
30.59375
32.48892
32.71233
32.92711
33.03781
33.37711
33.41585
33.66105
33.80006
34.02406
34.06438
34.32097
34.34791
34.74048
34.92602
35.13734
35.48618
35.65771
35.94233
36.07277
36.31024
36.59833
7.80466
15.54824
20.18069
22.26466
29.31903
29.33421
29.64877
29.84046
29.88935
30.40167
30.61374
30.79145
30.95321
30.96630
31.10851
31.16900
31.24417
31.69842
31.75105
31.91136
31.98630
32.18086
32.32450
32.55486
32.69734
8.22122
14.67020
18.42532
22.63754
30.36922
30.49865
30.60865
30.79612
31.02433
31.13556
31.26133
31.45773
31.62193
31.70354
32.00957
32.03229
32.23893
32.36730
32.39052
32.45388
32.69997
32.74257
33.00427
33.04538
33.34900
2.77286
13.46199
25.85589
28.68547
31.19770
31.47693
31.58002
31.74515
31.89845
31.97183
32.21915
32.41841
32.66924
33.01442
33.17811
33.24867
33.31759
33.34852
33.44060
33.66814
33.82644
34.10761
34.84598
35.04177
35.09736
5.08210
12.05980
15.82113
18.94761
21.21154
21.44437
21.66599
21.81088
22.10150
22.23686
22.55949
22.64245
22.95523
23.07153
23.15019
23.20126
23.30682
23.32277
23.34620
23.52602
23.76939
23.86393
23.95695
24.16976
24.40955
7.87548
10.70164
15.09940
16.55371
20.27157
20.33448
20.45286
20.69859
20.88266
21.06435
21.18292
21.37869
21.72979
21.79263
21.95560
22.08967
22.35280
22.50233
22.50796
22.56184
22.60278
22.67863
22.85824
22.99813
23.36027
3.60256
10.29873
18.92418
22.57824
23.56921
23.58407
23.91042
24.27191
24.56276
24.80041
24.90478
25.30630
25.51526
25.67987
25.83702
26.03070
26.10958
26.14921
26.53000
26.63650
26.66131
26.72574
26.90328
26.99382
27.07336
1.22419
6.39682
14.37157
22.74937
24.69879
24.86083
24.99218
25.16669
25.52557
26.31074
26.31530
26.46504
26.59251
26.82729
27.12713
27.21100
27.49865
27.66048
28.03686
28.20717
28.37915
28.48832
28.69011
28.77612
29.04035
1.59079
11.17641
13.87012
17.72026
20.58210
20.60391
20.73252
21.03044
21.20996
21.52641
21.94372
22.51302
22.86545
23.09222
23.40919
23.50844
23.81674
24.00932
24.21606
24.38571
24.56086
24.86260
25.39497
25.58719
25.71485
4.45118
10.24515
27.76088
31.57374
36.50908
36.65800
36.91239
37.03607
37.08173
37.16199
37.25208
37.36560
37.58736
37.71293
37.89013
38.22172
38.59503
38.72187
38.95725
39.07236
39.31861
39.38310
39.69374
39.98427
40.35736
6.85661
12.90569
14.55244
27.96910
31.31925
31.32563
31.67573
31.81917
32.05256
32.14904
32.40223
32.41886
32.64014
32.67902
32.68288
32.78171
33.13203
33.21096
33.33040
33.50417
33.51754
33.67884
33.90394
34.41411
34.58143
7.48160
10.92543
18.10952
28.53815
37.58644
37.67726
37.84183
38.02406
38.40697
38.49472
38.52360
38.73867
39.04574
39.26893
39.41488
39.63070
39.90985
40.10462
40.11734
40.15006
40.72999
40.95511
40.97662
41.22594
41.50000
3.98755
4.72549
13.38443
20.66281
24.12620
24.23244
24.46741
24.53584
24.69413
24.78137
25.21758
25.33414
25.34641
25.41306
25.49291
25.59417
25.79902
25.87710
25.87738
25.92107
26.00648
26.36515
26.39309
26.64598
26.70052
1.74677
3.72897
6.22529
7.23715
11.99127
12.02960
12.20793
12.52394
12.61689
12.77758
13.03659
13.22828
13.33838
13.69871
13.88973
14.14089
14.28673
14.36306
14.58873
14.81299
15.14563
15.18518
15.83837
16.02907
16.37957
0.80460
3.74770
16.61108
20.77052
29.17256
29.34344
29.41466
29.51422
29.61729
29.71798
29.91040
30.06306
30.29579
30.44028
30.71472
31.03621
31.09802
31.36301
31.51821
31.65689
31.80857
31.98000
32.29688
32.47568
32.53169
1.82879
4.58878
7.55786
12.15691
12.80040
13.06379
13.07296
13.24058
13.50229
13.85318
14.37403
14.55377
14.94290
14.94306
15.05023
15.08840
15.28018
15.43898
15.47008
15.57471
15.67021
15.72315
15.92046
15.92902
16.31674
6.66831
7.87966
18.11245
19.33168
30.56048
30.60378
30.78258
30.85719
31.04188
31.22202
31.48126
31.85018
32.09448
32.36025
32.52603
32.77205
32.84911
32.99495
33.25608
33.32996
33.52575
33.72635
33.80066
33.98528
33.99026
2.68170
5.39064
8.39468
11.05005
19.00088
19.21633
19.45761
19.74004
19.82843
20.31990
20.39570
20.47837
20.69529
20.83635
20.97229
21.21044
21.48254
21.70859
22.00828
22.04804
22.20668
22.30489
22.42661
22.45597
22.90303
0.28411
17.01111
19.62969
22.52339
28.97455
29.47152
29.52123
29.61398
29.80227
29.92571
30.34266
30.50988
30.67422
30.84167
30.90362
30.93837
31.13795
31.53476
31.64501
31.80060
31.88824
31.91428
32.09905
32.30434
32.38392
4.24487
15.12202
17.33604
21.24742
24.35127
24.48417
24.62769
24.71107
24.75473
24.90600
24.92047
25.03794
25.15019
25.48810
25.60098
25.88287
25.94714
26.15574
26.22163
26.38878
26.79418
26.99970
27.24835
27.54385
27.83560
3.96812
5.29256
9.08662
14.62974
15.40270
15.73686
15.89084
16.02245
16.09022
16.38857
16.56804
16.74797
16.79580
17.07013
17.28905
17.52776
17.59608
17.83062
17.85104
17.99648
18.11376
18.41588
18.69726
18.73212
19.00185
6.05709
13.72476
15.66407
21.09267
36.73494
37.07957
37.15161
37.21696
37.51746
37.66276
37.77559
37.96882
38.17973
38.28712
38.31397
38.36766
38.38931
38.53514
38.67053
38.71472
38.90987
39.20066
39.55543
39.94350
40.11389
7.22629
9.17213
15.05295
20.16974
21.76306
21.84456
21.86826
22.13287
22.27921
22.40796
22.50842
22.56808
22.73381
22.84137
22.96383
23.06838
23.27883
23.40655
23.59573
23.83496
23.93826
24.04669
24.36566
24.94939
25.07952
7.29121
10.14145
19.72530
23.91760
30.19993
30.36441
30.42082
30.45944
30.51623
30.61304
30.70207
30.77652
31.11076
31.17282
31.54357
31.72534
31.73445
31.89316
32.08542
32.20275
32.31341
32.59297
32.64555
32.81558
32.85803
3.97824
8.19212
9.50454
12.19552
16.15499
16.30964
16.70619
16.80903
16.86762
17.35142
17.66810
17.71363
17.81855
18.03980
18.17932
18.29946
18.60784
18.67274
18.84836
18.88168
18.93925
18.94409
19.30800
19.43806
19.61811
6.23643
15.20992
19.20024
24.86132
33.60229
33.90020
34.28539
34.55284
34.60626
34.72375
35.08769
35.15943
35.25830
35.69456
35.82738
35.99104
36.32347
36.48909
36.59772
36.72763
37.19014
37.64410
37.74934
37.87934
37.95700
2.85675
13.87921
18.22895
24.74989
26.36120
26.43416
26.47976
26.60230
26.81030
27.01536
27.10129
27.44024
27.60806
27.82842
28.10782
28.15966
28.49085
28.55846
28.70801
28.76608
29.11317
29.32125
29.39649
29.64931
29.99029
12.28742
15.74079
19.68791
22.00851
32.20944
32.46297
32.54500
32.62277
33.00597
33.48523
33.54104
33.55912
33.60438
33.79953
33.98828
34.02470
34.10970
34.41110
34.73939
34.76365
34.90508
34.98452
35.12312
35.23219
35.36215
4.17877
4.64376
5.44166
14.20054
21.03396
21.33655
21.39493
21.64682
21.89749
22.00744
22.11533
22.22990
22.40668
22.84329
23.16332
23.18759
23.38168
23.46387
23.61029
23.91255
24.13151
24.24928
24.55783
24.65894
24.69159
2.01634
3.42989
11.71600
13.91999
20.79754
20.82431
20.97181
21.35685
21.44717
21.57896
21.65284
21.99721
22.36067
22.72630
22.75806
22.84527
23.36232
23.43938
23.59275
23.76513
23.83596
24.14623
24.72610
24.82441
24.99936
2.33611
21.14136
22.71013
25.59595
29.15117
29.73881
29.88536
30.19634
30.31860
30.65646
31.11742
31.19317
31.20125
31.59670
31.65169
31.87370
32.10079
32.25577
32.39534
32.71254
32.75163
33.17806
33.28569
33.37516
33.54220
2.34399
4.94506
8.26760
15.89016
19.14369
19.34603
19.41508
19.63424
19.65714
19.74312
19.78725
19.91157
20.01922
20.10633
20.21401
20.24781
20.55613
20.78237
21.06212
21.08708
21.33610
21.49039
21.74057
21.78032
22.01173
1.03626
3.86615
6.36891
7.03191
15.18856
15.37558
15.50253
15.56817
15.74123
15.79374
15.90048
16.20930
16.43714
16.48550
16.59832
16.65852
16.72377
16.75366
16.80448
16.91451
17.03947
17.35124
17.48584
17.93486
18.20075
5.46062
8.82192
12.52943
21.58436
24.57432
24.58984
24.96796
25.05712
25.18507
25.71467
25.78979
25.83619
25.93684
26.16253
26.26120
26.38450
26.61366
26.84188
26.98832
27.43059
27.48493
27.65126
27.85647
27.91659
28.24356
9.82119
13.66932
18.86104
22.57415
26.48210
26.52464
26.89883
27.02766
27.33931
27.58615
27.79436
28.16824
28.26599
28.43091
28.71046
28.86530
28.92866
29.04043
29.19228
29.56891
29.60703
29.71545
29.86537
29.97739
30.12696
2.40106
7.57130
11.56327
14.81532
18.92358
19.03302
19.23108
19.26651
19.39832
19.50960
19.60873
19.73604
19.77816
20.24901
20.30806
20.48169
20.65482
20.90491
21.22258
21.24010
21.27624
21.55308
21.62670
21.78211
21.88702
4.21573
13.19068
14.03531
16.50994
17.92403
17.94046
18.46927
18.64426
18.70847
19.08004
19.14769
19.29318
19.31339
19.37010
19.42475
19.63376
19.72821
19.90400
19.99999
20.21353
20.90249
21.26745
21.77192
21.90632
22.30725
1.42964
3.82580
7.69553
10.21969
14.82960
15.03964
15.18842
15.32869
15.56312
15.64566
16.15140
16.39744
16.47285
16.97025
17.07071
17.18747
17.50862
17.73798
17.74008
18.18272
18.18602
18.45210
18.47248
18.62834
18.77950
7.77127
10.19172
18.09243
21.10839
25.63645
25.76420
25.86565
25.93006
25.98176
26.11078
26.26280
26.47756
26.63501
26.92921
27.24269
27.60068
27.70881
28.07425
28.42095
28.56285
28.91655
29.10972
29.17166
29.27090
29.59534
6.05896
10.50541
17.96859
25.16524
29.17991
29.56448
29.73140
30.17843
30.35071
30.48282
30.77877
30.85619
30.89138
31.10774
31.18077
31.19308
31.33370
31.56536
31.89572
31.90226
32.05798
32.18749
32.51554
32.77302
33.01867
1.81245
7.76633
12.46626
20.03356
23.29449
23.43786
23.62594
24.23774
24.40270
24.67895
24.77534
24.97167
25.16771
25.35396
25.52936
26.00337
26.01728
26.08122
26.14731
26.19718
26.87903
27.04420
27.23198
27.28554
27.49360
10.63588
13.74899
15.46788
18.31460
22.41949
22.52246
22.76526
23.48989
23.64805
23.74650
24.04020
24.14760
24.33275
24.47990
24.50654
24.71708
24.88358
25.11202
25.27002
25.82405
26.07099
26.41269
26.45562
26.72048
27.00187
6.20178
12.55815
15.30281
27.17447
30.99134
31.23411
31.64690
31.71847
31.97049
32.40109
32.41900
32.56894
32.60039
32.77202
32.88886
32.91293
32.99034
33.11658
33.32409
33.47396
33.51381
33.67589
33.85848
33.93005
34.05824
0.24942
6.98038
11.61516
16.75710
18.77845
18.88619
19.06541
19.16446
19.42688
19.52619
19.75089
19.75151
20.23926
20.52979
20.83684
21.25773
21.33781
21.52865
21.53816
21.81633
22.44331
22.63281
22.82093
22.89472
22.94084
1.95924
5.66617
10.72182
20.97951
21.28268
21.43664
21.48632
21.51282
21.57788
21.70103
21.84265
22.13517
22.32957
23.03431
23.46039
23.66026
23.84858
24.05086
24.23380
24.40608
24.72041
24.86942
24.89505
25.05568
25.05902
4.42257
5.83854
13.67883
29.20404
32.47010
32.60628
32.85775
33.03421
33.30797
33.34080
33.56960
33.67986
33.91367
34.02084
34.31021
34.66656
34.84245
35.03076
35.09835
35.27127
35.38623
35.51072
35.82474
35.96036
35.96615
2.24506
24.89415
28.65407
32.02889
35.82955
35.96346
36.02950
36.19540
36.41596
36.51426
36.92694
37.03165
37.04229
37.41418
37.54604
37.77167
37.96818
38.19301
38.31300
38.59678
38.66449
38.89828
39.06465
39.42668
39.59056
11.79536
25.15651
29.50145
39.39027
40.30658
40.34921
40.44090
40.57256
40.63818
40.82310
40.88418
40.91855
41.15175
41.32553
41.35592
41.36012
41.83582
41.86649
42.15689
42.25356
42.78943
43.07286
43.26709
43.26906
43.35805
1.14714
4.88708
5.79059
8.05385
11.70022
11.78341
11.89213
12.15800
12.21332
12.53089
12.69282
12.85987
13.01249
13.05755
13.18216
13.29157
13.35007
13.43339
13.52501
13.56583
13.70687
13.76079
13.86331
13.94099
14.03814
4.09373
4.95962
9.49366
11.01947
14.68027
14.78424
14.95027
15.06467
15.16868
15.29392
15.40536
15.42438
15.80107
16.21367
16.23796
16.44210
16.69699
16.75251
16.84475
17.06145
17.38648
17.55367
17.64118
17.85777
18.36657
6.78119
8.71027
13.28133
18.03051
27.19045
27.32559
27.40559
27.47398
27.56500
27.87913
28.07009
28.26127
28.68937
28.81269
28.99905
29.43550
29.68896
29.96487
30.15526
30.57197
30.71753
30.75877
30.83806
31.19311
31.40594
12.19414
16.72047
20.60105
28.34741
30.07547
30.31299
30.40449
30.52111
30.57036
30.58560
30.70289
30.89542
31.23515
31.31935
31.45622
31.49005
31.52725
31.68397
31.93873
32.18846
32.31690
32.56767
32.62704
32.74243
32.82731
7.76170
9.27820
13.27836
27.53946
28.25225
28.45774
28.97985
29.11857
29.28387
29.39683
29.62207
29.71943
29.72254
29.96530
30.25292
30.27828
30.50525
30.63481
30.68423
30.83577
31.05515
31.20330
31.36338
31.69408
31.82635
10.61658
20.89014
26.72051
27.17619
35.14160
35.24089
35.50586
35.71449
35.86301
35.95814
36.29161
36.44625
36.66805
36.82282
36.83968
36.87634
36.96870
37.13141
37.20065
37.35034
37.37802
37.67570
37.95318
38.17148
38.22210
3.10835
5.91051
8.66604
14.29489
15.07717
15.14435
15.25796
15.35383
15.59902
15.67618
15.89507
16.12191
16.17120
16.20657
16.46692
16.53035
16.64129
16.69984
16.83907
17.17667
17.20321
17.40363
17.40620
17.43793
17.43807
8.15062
13.91950
15.24329
21.47900
22.51691
22.56795
22.90967
22.92743
23.12330
23.13864
23.15520
23.30041
23.34952
23.48448
23.62000
23.75678
23.99590
24.34753
24.71037
24.80355
24.98767
25.16823
25.41908
25.55911
25.60917
10.93337
12.32103
25.51342
28.81635
31.81498
31.86623
31.87638
32.06018
32.18521
32.23678
32.34295
32.60651
32.87472
32.93064
33.19596
33.29135
33.59958
33.59981
33.60503
33.66742
33.77142
33.99798
34.17617
34.20086
34.35490
3.01724
8.16788
15.96387
21.88415
30.37070
30.52729
30.62847
30.95245
31.29041
31.29079
31.50486
31.62709
31.99570
32.03779
32.13969
32.22148
32.43111
32.63870
32.75761
32.79252
32.84266
32.94460
33.33346
33.42346
33.64291
2.96507
10.89348
13.76465
16.71719
17.82034
18.26621
18.42393
18.51748
18.58698
18.87322
19.06375
19.29630
19.37949
19.50319
19.94401
20.12714
20.26169
20.32909
20.36126
20.42484
20.44134
20.77616
20.96237
20.98331
20.98697
