10.99023
19.77656
24.10475
39.08491
45.71687
59.54943
74.11121
80.41780
87.63689
94.91951
101.84529
4.74759
13.97909
19.81169
32.65650
43.81287
57.01034
65.56543
73.51951
90.73318
96.38776
106.19404
16.51040
25.55791
31.74475
34.77417
41.02290
54.32402
59.94340
66.80614
76.15768
80.98027
87.58685
11.44832
21.48143
32.07482
36.13803
46.57643
49.24729
64.82412
71.39604
76.75716
79.25858
86.75909
12.30842
18.56085
31.14791
34.75534
40.81821
48.23512
50.75033
57.02743
66.74167
75.61265
77.40194
2.48676
8.71367
16.69270
28.21304
33.44626
43.59255
52.60862
67.85494
78.39148
92.86357
98.06731
10.95125
16.95761
29.02487
36.43840
43.57219
51.74065
66.39542
70.86509
86.62223
90.05014
96.69458
6.99986
16.18077
23.76420
32.16224
38.84210
42.31538
47.65364
53.06387
60.77680
66.79859
76.13841
6.72019
16.35078
26.62602
41.19643
55.73568
64.81488
78.11160
88.83480
96.24466
101.06174
108.45945
8.00247
15.08812
18.46339
23.73908
37.87817
50.75256
53.07047
71.33887
84.84025
94.28904
109.52435
2.66452
29.34757
35.52537
39.98220
45.43754
53.25447
66.19519
73.90046
78.44190
88.52912
92.72040
4.87054
10.03620
12.52652
24.94178
31.90597
44.26990
56.98727
67.33503
74.23563
82.68619
100.48283
6.12337
30.26598
34.10258
42.84436
45.95284
52.49965
64.40544
73.56298
86.13315
91.53139
101.21008
4.91703
12.87397
19.39882
28.85122
33.24268
39.99649
44.71790
52.83295
64.64933
69.14415
82.62612
1.13141
9.87329
18.61541
23.47755
31.38762
39.85742
43.31831
48.30417
56.47838
69.29378
72.69244
13.70811
31.37629
40.51929
47.41852
61.46618
64.72183
69.40581
82.91398
95.31232
107.81098
120.04574
4.65656
17.02509
19.87471
38.54031
45.64985
53.27916
57.01468
76.81818
94.80372
110.48175
115.09159
7.14133
17.09190
25.02346
39.00106
48.18966
53.32463
68.89679
83.99614
87.10952
92.87723
102.29173
5.31758
12.38397
22.28023
49.36309
58.48458
64.53724
71.04758
74.88873
77.41241
83.08922
91.55373
3.67297
8.70398
14.34187
17.83671
30.18614
36.90813
42.43466
50.14417
66.39060
72.11451
80.24278
9.14342
19.48358
29.30029
37.06144
46.79753
54.68421
65.95665
73.29438
87.81857
96.42650
99.18435
21.45438
33.08756
42.58782
44.84045
55.24757
65.21881
71.78342
75.80499
91.67873
98.81488
105.02148
6.66137
8.53849
21.62471
39.90356
53.59193
62.28052
70.63526
79.64979
88.20470
93.77908
97.68280
9.72167
19.09282
22.58663
36.24267
50.44209
69.49026
81.33645
86.27955
95.47696
104.69284
112.88461
13.02586
24.13833
29.62416
34.69508
42.87075
48.89285
56.34586
64.38735
69.99103
76.74382
82.73608
9.11182
17.41996
28.91085
31.76189
39.03821
42.53777
51.69464
58.04278
64.56264
82.61484
88.03913
10.01041
13.73370
17.32102
29.49396
32.67700
41.07899
59.26230
69.13857
86.69373
90.49257
95.93785
12.88801
31.20461
42.82785
56.96510
66.71438
71.39292
75.81693
87.40661
95.53834
108.60811
116.08647
14.13583
20.12747
28.33266
32.24993
41.37238
53.02187
56.25255
71.31468
77.59685
82.06864
92.65593
8.18279
18.05055
28.42311
31.77459
42.48263
47.68340
61.10556
73.88658
76.89884
84.57395
90.16094
9.04282
21.86312
29.55635
32.71621
39.32498
53.82923
65.40784
82.11026
94.33238
114.55853
126.28547
2.06108
13.29659
22.05039
31.41240
38.84531
50.77017
64.89326
71.04574
77.24799
81.39838
83.59625
8.38958
14.49604
21.05626
27.58735
31.98900
37.19342
43.79298
53.50371
58.07560
63.87733
67.91261
3.24337
10.66211
16.32815
21.54918
30.01833
40.44957
43.43603
50.85785
64.61503
73.46943
89.56646
16.56311
31.97705
35.00205
39.66862
47.29160
58.20608
65.99066
73.20214
80.86349
83.10620
95.11008
6.78754
11.88561
20.92436
29.90621
45.73441
60.84770
71.03762
78.37227
88.25656
94.72275
99.99772
8.48026
16.16881
23.34869
27.68886
45.86042
58.07960
73.94858
84.86411
91.36278
99.74331
107.67870
6.57616
13.64687
16.31244
25.02445
33.41755
41.87716
52.63633
61.98743
67.89506
76.66474
81.72473
8.22490
16.52978
20.76891
35.32382
45.11797
50.09008
52.30934
62.96359
71.69534
87.86675
101.59413
7.58251
20.40148
30.99888
33.64256
38.71021
49.16200
55.93207
61.25773
68.85418
71.30196
74.33390
7.77011
22.29895
27.76791
29.02364
34.90447
46.33051
58.82287
71.41150
84.50379
91.56925
96.74294
5.75702
14.65035
29.27751
41.47524
50.16797
61.22505
67.29801
82.02644
101.67069
108.49783
121.39593
9.25049
17.60042
32.22624
37.91661
40.80241
45.05296
50.41901
74.71441
79.21404
83.80192
93.71850
11.21088
15.75933
21.47064
24.03780
41.89545
45.50606
59.60070
68.14079
77.08064
80.07952
87.37365
3.64762
16.33021
19.61952
28.02416
43.38793
53.45847
64.22936
83.35111
91.40589
103.39536
109.84769
5.32718
15.18347
19.69458
27.87342
39.42110
45.17020
50.89094
60.82002
65.03921
69.37491
78.33688
13.70421
25.79326
33.52682
45.53986
51.42923
60.10063
68.20041
73.15832
80.85765
86.35374
97.00178
9.19844
17.05215
18.79979
25.89201
33.48342
42.33327
54.98516
61.74381
68.00315
77.97250
90.65308
8.39028
24.17440
31.70119
37.53845
48.85265
65.72987
76.12574
83.51266
91.37419
100.32486
115.90779
16.78749
36.79343
44.21746
48.01721
61.46777
65.58919
69.39401
71.71106
88.97836
102.15399
105.21996
3.70061
13.56172
25.99546
38.69582
43.75423
53.47871
62.85708
68.58160
81.90941
90.12477
94.83924
9.04196
20.42578
22.14362
29.22875
33.59677
43.65983
53.89222
68.33180
77.98389
82.91492
94.93997
2.35170
11.26858
25.18570
32.42692
40.66328
54.68816
63.28935
70.46522
73.84883
82.43506
92.39813
13.77381
16.27376
19.61773
33.71618
36.56752
44.87315
55.31754
59.04484
69.82585
94.86990
100.99542
12.15787
17.66084
27.35447
34.50189
46.20601
63.61720
66.69780
83.24481
86.43663
91.06687
96.70344
10.91567
30.81362
39.38901
48.91945
59.77613
70.19075
86.05420
89.23924
97.59098
111.60129
114.20549
6.38547
22.18844
39.27055
49.38523
63.86504
71.76307
81.05738
92.02008
95.94260
99.23831
113.75208
4.26097
9.49351
17.58496
22.14394
31.48373
41.39968
56.76776
63.54641
71.94842
83.81836
94.97325
9.39777
42.39756
47.56368
59.91495
69.22437
78.36643
92.18435
98.49638
106.10031
112.08988
125.94786
7.91429
16.51851
23.93297
32.62243
40.50662
43.79704
55.99249
69.95076
79.95372
85.77969
98.40637
10.97307
18.37030
27.95266
31.59519
43.39568
56.94537
63.52402
71.74378
80.69791
88.13342
93.99007
9.42000
17.03890
25.10744
34.96560
40.95837
55.25824
62.95894
69.48886
75.74470
82.24586
89.00607
7.47949
13.73320
16.40540
20.19116
22.80107
31.02122
37.03436
40.94929
44.89550
70.32290
80.79980
5.10069
12.28294
26.74810
32.88839
39.41787
64.01893
72.34411
77.44861
80.32653
85.11733
104.73411
4.75439
6.88031
18.59623
25.70260
32.08715
39.85637
47.30101
57.18246
61.03455
70.81500
75.51038
4.37702
11.03431
20.83347
23.20608
34.50272
43.89866
50.07780
52.82109
62.57978
68.16368
79.73470
7.85421
17.36617
34.58444
39.06747
49.16376
60.33800
70.02913
80.48156
88.15350
93.24510
102.29226
4.33489
14.05931
21.37897
35.52206
44.38862
47.56817
59.41849
71.17970
84.73791
94.26257
103.02865
21.55813
32.93267
37.25082
43.39739
48.52627
57.32680
71.16080
78.21528
83.85650
85.60800
96.03904
14.24632
26.20074
37.52712
44.68118
53.17538
64.85136
76.86629
85.51959
95.41376
101.17305
114.29716
8.60373
16.19429
22.54743
29.52499
37.96233
44.91848
62.77065
67.21242
82.88100
84.80055
90.52783
11.14694
20.16863
35.26233
52.54059
64.90693
70.46598
77.82777
81.57634
84.76011
88.76298
97.81803
10.25570
25.85513
33.82305
41.34999
51.00401
58.53330
67.91217
78.77653
85.02784
90.47392
98.67402
3.05223
20.27950
22.50656
29.90263
37.77004
59.85580
81.25624
89.43386
102.85983
107.44217
115.88307
12.85467
18.38127
21.52937
36.83751
47.56380
54.85888
58.02837
62.09967
65.19939
76.53543
89.86573
15.51419
28.66889
38.68520
53.12014
55.28738
66.88350
77.68295
81.07516
85.00173
92.39915
97.55018
5.95440
29.52605
35.10739
42.41335
49.43325
56.76783
61.55001
65.85785
74.05910
90.48731
96.73880
8.70144
31.89625
43.64567
48.84313
50.88641
57.77389
69.03787
78.66620
87.08281
91.41255
102.40701
6.86945
19.46859
30.07591
33.49052
36.35871
41.96098
54.76531
65.10485
70.28461
81.03648
87.21692
17.61415
29.37962
43.25514
56.08079
63.70244
67.43693
69.80471
76.17443
81.75878
88.55282
102.46760
14.46423
24.03511
35.36711
35.71828
41.29821
50.52133
63.23492
73.00360
80.16498
83.40817
91.38543
19.57381
24.81450
28.02997
37.44414
42.04536
51.84902
64.14180
72.42323
86.91322
98.33815
109.34193
14.69779
20.60724
25.56789
39.67829
40.81146
46.13024
63.27843
68.11602
83.44606
86.90483
92.98842
3.59132
6.37213
17.43306
22.63390
36.12119
44.40260
63.19462
74.65626
85.50412
87.31010
100.03531
7.19760
18.77179
26.31737
29.87340
45.99726
61.83676
66.82744
75.44513
88.62167
94.03725
102.92057
1.70315
16.11949
25.56643
28.45696
38.84179
43.14755
52.71130
67.76887
79.64236
86.73486
107.49808
6.26889
13.38607
18.12500
30.31346
36.59031
40.96823
63.92546
72.14722
80.50554
86.78485
96.22739
10.52010
14.15159
20.10400
24.04953
36.03795
39.01267
42.38055
54.20194
59.36017
74.92725
85.80190
5.98341
21.53743
30.30725
36.98832
41.12101
53.68201
62.62428
71.97027
77.71678
84.02679
92.43878
2.94196
6.06091
19.95615
27.63375
35.00420
39.88434
54.19889
63.44617
70.28185
77.65899
81.72468
4.45667
17.27643
23.53064
31.77149
43.99006
48.13484
53.71853
65.66582
83.29286
91.87662
100.21007
6.33383
19.44156
31.11554
39.96345
44.10169
48.35764
58.08465
61.70411
67.27088
79.44856
88.50204
5.82801
27.96064
33.62594
39.30101
46.77902
64.33934
72.80535
86.01027
115.33750
118.41300
127.47576
6.95338
13.79085
22.13542
24.73617
33.51329
40.38852
48.50391
51.23432
55.98645
61.79977
72.60691
7.54274
18.45309
33.92934
45.30682
52.07477
63.17853
75.06716
84.84118
92.72902
98.79713
104.23605
3.31401
16.46051
23.98816
25.29935
33.16009
46.89399
56.42008
60.26659
70.69577
79.73959
86.05060
9.38516
19.94998
28.36164
31.99063
37.54780
48.02582
55.06469
61.69606
65.74127
76.02733
84.81362
7.61920
15.30146
20.13142
21.27628
25.77489
32.10839
47.01051
55.47276
66.80427
71.68299
80.58730
9.80752
20.52710
33.16284
44.93919
52.88280
64.39283
76.38790
79.90809
86.71741
92.35903
100.56539
6.22745
14.34569
19.57995
24.80222
32.46588
40.19837
51.93834
63.79598
69.28474
76.11166
88.49137
