18.64782
35.29493
51.98600
59.40344
67.40602
81.28240
90.91193
91.78693
93.14236
118.05887
138.05718
143.34230
164.99890
5.65499
36.53917
48.79109
50.77450
54.75480
77.96400
80.62173
94.91221
106.53684
109.59671
132.44479
144.47075
148.70232
9.94622
28.84926
37.17310
41.16852
51.51144
59.06417
87.32259
108.30170
114.65473
119.56154
130.91996
135.84568
145.40311
3.47262
29.64248
35.69039
51.13711
69.84478
76.48344
115.21832
125.74276
140.51544
156.32442
158.05784
166.91943
193.85224
6.55535
11.29345
17.71201
40.40587
47.33689
47.93020
69.68416
92.34418
129.69593
141.73779
151.57126
155.89966
170.15762
12.07616
17.02908
35.46411
44.38340
67.16702
79.81486
92.80082
106.14230
114.47382
118.18676
136.17525
139.32223
141.91787
10.79936
21.09636
28.42940
48.19515
54.07582
73.45285
78.72739
80.87277
81.19527
92.94166
95.48208
101.02759
101.27908
11.47374
14.88307
25.01716
45.49260
51.15872
77.50094
81.35363
107.33407
109.90637
129.29613
136.08987
142.67780
170.29742
2.42740
7.15764
13.35263
21.92486
44.37041
53.87057
73.60209
97.54718
105.64901
110.66145
124.60939
137.69484
140.00369
11.66033
16.11838
36.06411
45.30199
99.00251
105.41262
115.12074
128.62275
144.14377
145.64876
149.72199
150.90131
155.99203
8.29170
12.34367
19.80688
23.78804
25.55279
38.96906
53.38764
55.33754
63.88247
73.99768
79.31098
92.16371
90.96499
34.82960
35.62429
55.86068
61.64742
77.00788
78.76732
79.19553
93.90859
121.72661
126.87022
141.40988
152.57944
159.07607
3.23468
27.82775
37.01717
51.06075
58.47326
67.04149
73.17935
76.92925
88.29833
95.81465
108.77690
119.28750
127.84121
10.99814
25.45136
31.34521
35.26630
36.64028
43.22257
54.64844
59.71368
64.96821
98.21849
108.67536
124.09865
138.45101
17.22211
29.29814
32.00223
37.10234
56.64544
65.53917
81.47054
91.55953
114.43211
124.93033
141.76805
149.67590
154.65341
9.64470
19.55243
21.17068
42.90914
57.83839
68.30430
113.88623
124.58572
148.72576
164.81142
168.45053
172.19779
191.28147
10.95711
26.28953
36.63274
57.76985
69.90572
88.69170
92.86894
94.88606
106.67206
132.46627
170.75411
192.28506
204.61940
25.64850
37.88884
50.24852
60.00652
87.54831
117.99425
121.30739
126.38091
132.02423
145.83237
163.73135
197.19890
199.70064
13.14520
26.43714
30.63200
37.46406
39.38512
48.21691
55.30798
62.12433
70.32340
78.71106
95.15196
103.04064
109.18603
10.55840
29.61136
56.41860
61.36654
66.51863
72.69319
88.80139
97.92308
106.70709
116.69580
130.34154
130.74400
157.68414
4.41401
9.91782
21.64875
27.09094
51.32501
63.19632
77.91479
80.58651
85.64974
103.73559
117.97366
129.46863
146.66194
14.74296
16.95050
31.74134
39.28155
55.59373
53.83875
67.43052
87.33935
106.65381
111.82793
134.76023
146.62098
149.60553
8.90870
22.87735
42.00083
57.22742
61.71472
70.85858
73.49521
90.21312
115.62585
134.63594
135.92135
144.88848
146.80387
10.94000
21.47130
31.19110
42.03860
44.71879
49.10395
53.58127
72.29101
85.37719
110.55733
114.74688
133.68065
151.05262
13.23863
19.26154
40.05375
45.20395
53.90880
59.75994
82.49613
102.32097
105.46765
115.81369
121.45584
131.37987
136.44678
31.41761
45.27720
60.55712
70.98590
94.61399
105.15763
111.48587
139.30194
143.04225
144.40894
151.04817
153.03774
162.31368
10.62082
23.98104
38.89225
59.97114
69.11341
76.21335
83.90860
90.05079
94.71237
95.29447
99.39398
129.65172
130.03619
9.38015
38.93430
51.94172
69.46887
72.71922
81.70363
93.06691
99.65180
101.96256
126.67849
152.19846
153.42522
154.39872
18.39252
34.82948
46.37742
47.54546
62.09080
80.64967
89.96480
114.61281
118.89436
126.20465
125.10359
125.10446
133.72456
6.29916
20.47516
23.61268
30.47540
48.53696
53.14329
63.47341
91.45513
96.02446
106.61984
115.95293
120.41487
133.35174
11.69621
20.89459
45.57387
48.81487
54.72720
68.96594
79.43062
89.13012
102.33196
104.00761
118.66105
130.43989
150.43258
4.84757
38.03973
48.85331
77.92640
85.48910
106.98043
113.92192
122.04333
129.88672
167.17056
182.18833
192.79817
196.31748
22.22295
40.83493
54.76303
63.47618
77.94104
86.46520
104.55102
118.36048
140.76131
146.49002
162.93850
177.24030
198.48568
11.45372
34.54289
48.34661
57.43403
59.73743
74.86932
89.54802
93.52370
93.58845
111.40601
124.56803
132.27922
158.01684
16.71335
35.55362
44.56142
85.43003
88.71458
95.26860
103.34074
104.56568
115.07280
122.69715
126.84814
138.71614
133.87739
7.89596
11.82791
19.56903
28.13592
33.47354
42.87768
64.35083
66.24987
72.63109
78.04033
95.76106
100.78669
107.03624
9.21667
19.77073
29.01568
33.71869
50.43291
61.69465
72.34786
84.04831
89.78366
108.27197
119.21533
128.77288
149.04760
7.89605
15.46020
36.83420
49.90805
73.48480
84.58476
89.10759
89.43332
91.19760
98.48909
108.11495
109.28205
122.68985
6.39347
21.30730
26.44026
44.71847
52.24670
75.99908
77.03251
96.83455
105.86093
113.80029
117.66912
128.31339
137.96917
11.91658
29.57870
36.27197
52.64659
72.68405
84.42658
84.14854
92.75399
114.24738
114.85274
122.98876
142.34004
164.23038
7.43239
30.07564
37.60211
48.37863
51.97845
62.80744
95.39949
105.63460
109.93142
118.50201
133.07743
135.10358
154.90970
10.37343
12.78463
24.09935
38.38415
46.27402
51.23079
71.49530
88.23804
91.83058
100.22727
112.88158
131.57388
147.59697
11.82513
21.81702
39.45986
47.96648
52.74968
59.32902
61.00959
81.51636
92.01572
110.19350
111.22111
116.61228
116.75611
7.84963
17.57765
40.91931
52.54015
62.06480
79.60056
94.56986
116.14767
118.86889
127.85828
133.21693
157.31345
162.34103
10.31911
14.10144
18.40636
23.24097
32.30737
38.10280
49.44071
55.87662
74.41249
90.90238
94.16240
106.89444
113.98194
16.98539
21.46317
40.22217
46.28583
56.66237
65.81242
70.02471
79.48512
92.87288
98.01939
115.59355
124.07810
155.29193
7.54655
12.63043
12.19836
18.60025
43.32735
53.62942
69.63458
79.29960
87.78314
88.73808
96.08437
108.73159
118.87444
1.94090
19.17188
27.13669
58.30937
81.22141
98.58670
100.21109
102.24846
110.60849
119.69896
133.33251
144.60591
157.35168
7.50484
26.01376
30.17912
33.69810
45.85517
58.34871
60.59019
63.83024
82.96485
83.94779
103.12189
109.37157
110.70273
9.23851
26.10330
29.02602
43.26033
51.32100
71.15990
73.64243
84.72862
92.26507
96.23203
111.05898
125.17145
126.64225
6.76026
28.32255
41.57618
50.46186
61.96342
73.17265
76.45204
77.49501
101.19742
121.09161
125.51623
135.39123
143.49766
8.70971
20.10852
21.80207
38.44235
41.15126
44.33580
57.67710
70.20492
92.76385
112.34935
130.46484
133.39512
151.50762
26.87711
55.27852
71.80330
83.27582
92.80192
108.87611
112.89085
117.73182
132.65572
134.54117
139.29106
164.77244
173.24592
8.32637
22.16315
53.65336
63.49558
73.76297
73.65647
87.05211
93.06672
96.30809
110.18470
118.56895
132.21860
147.36113
7.98141
18.42184
33.55260
46.30647
63.27760
65.06198
70.92902
78.50884
79.68643
85.49481
110.72667
111.17051
142.43106
11.37654
32.24630
48.88128
49.57688
64.99622
71.40269
76.47757
77.01196
81.67192
94.42625
93.77395
104.17129
108.92910
17.78748
43.93118
55.75318
69.14008
88.26800
100.70025
120.53064
123.83880
136.57261
141.73283
150.77219
159.27781
160.38222
11.30745
24.73171
29.77802
42.75999
47.92341
50.40901
60.90616
65.63392
82.54353
95.35991
116.93116
123.80583
132.07930
11.34056
17.50567
26.85498
39.43194
41.73899
51.72158
89.34930
92.99290
93.00106
98.06316
109.02454
111.73010
113.70485
2.34213
17.85807
41.49022
50.13123
55.06444
76.62613
114.05283
136.35390
139.17006
164.34882
173.15987
174.72487
194.94878
4.39057
9.26427
33.15501
39.06654
44.84307
66.96186
83.59201
110.73155
127.93084
149.15352
152.51612
152.53769
153.23749
14.71554
31.47016
47.68731
62.62715
73.73691
79.72927
89.31524
96.63077
110.92787
121.62601
128.43327
130.66225
141.04169
11.16141
15.17510
30.33835
34.85373
55.84034
70.21023
69.56110
79.55018
83.54215
89.45067
98.93929
108.98889
109.17002
1.49982
5.87101
27.61892
34.32026
42.28478
-1.00000
-1.00000
-1.00000
-1.00000
-1.00000
-1.00000
-1.00000
-1.00000
11.42825
29.86522
42.22799
68.97243
86.70090
101.07993
128.39608
145.25567
149.24822
167.49123
171.98637
196.31636
221.81651
8.17436
17.32442
34.22474
45.39390
55.08714
69.00405
69.25338
79.46181
-1.00000
-1.00000
-1.00000
-1.00000
-1.00000
6.77635
21.47284
43.13828
45.62531
53.44041
60.67806
78.97857
101.04933
103.27427
114.65749
119.27646
121.30175
135.98245
5.93661
10.31338
25.36461
31.86392
42.30474
60.08951
73.92426
77.56527
81.93190
87.12925
93.62632
96.16594
104.74759
3.51152
33.25121
50.06305
58.26072
66.87644
69.07256
79.61613
91.87979
96.01241
123.46552
128.76605
132.16457
141.13937
18.79112
27.85006
39.69081
48.05391
53.68996
69.64880
90.28333
108.45620
121.83632
125.48624
153.45213
153.58177
166.53056
11.03286
19.11949
24.31795
35.62470
49.08676
49.27805
54.37592
65.48223
70.14331
79.69650
91.61793
104.06160
114.26345
5.31588
18.73821
34.64461
60.65270
67.51042
75.78736
81.75679
100.90725
123.55276
133.61317
140.32164
145.52595
160.21104
11.84733
25.64500
32.22642
50.01049
62.08344
76.78558
81.55585
90.28936
99.00670
108.18932
110.76386
127.34180
127.75352
10.80975
18.48255
62.07681
75.20316
77.58198
90.57504
106.66164
119.12964
131.98344
147.49559
150.62629
159.00818
159.32789
6.59445
29.17736
41.66168
60.82352
68.39705
66.24224
69.28739
74.31605
75.89923
81.26140
88.24926
92.79242
118.73254
10.41438
17.45729
25.23517
35.04206
44.32939
47.83211
53.45238
69.85860
88.61834
107.21557
126.11632
131.44304
142.80978
2.62639
7.95656
18.55038
20.74765
23.75061
31.28828
48.94661
60.51363
79.25042
98.71481
113.17534
112.35456
116.64424
24.59544
45.22300
53.99385
64.96413
83.56251
87.73078
107.06458
109.58102
120.87979
141.57194
146.46858
145.82314
158.13669
7.58080
16.73060
24.42795
24.88259
39.28627
52.04422
72.10217
85.33535
96.12148
113.28323
113.20240
127.48903
134.22331
3.68835
24.28305
31.74856
37.08336
56.99239
72.41537
78.00408
102.41443
109.36044
118.31404
122.33010
135.38301
152.42375
16.70239
46.56938
56.37777
64.46824
65.53763
74.27071
89.56408
101.71949
108.47488
128.56561
135.32197
143.20287
148.69675
8.63753
17.28465
20.77957
27.21269
25.72796
33.05659
40.72006
53.05431
62.58105
73.80207
77.59042
87.64213
93.93126
4.02096
12.03128
34.93667
47.30936
68.34836
74.08482
77.51966
87.54543
92.32094
105.71761
108.30144
116.87087
117.01491
13.84930
23.63485
43.54919
77.89380
83.31211
108.64789
116.30421
124.68295
137.32519
140.69824
148.69615
157.97469
187.09047
11.07633
14.54746
25.83592
40.35608
54.64154
71.58327
82.28819
111.18639
125.32884
135.93920
148.50467
154.65450
163.05695
7.52594
14.47195
23.31101
34.73964
40.13236
41.65790
42.95319
62.44219
70.85340
93.92021
111.40352
117.37351
119.10887
8.17538
19.50202
33.00901
47.20572
53.69010
54.10011
79.15311
102.36985
116.65590
125.89155
130.50910
134.75600
145.81299
29.41765
38.29932
48.74054
53.53919
83.40875
88.30201
100.09884
123.00036
126.57057
146.38159
160.88325
176.52894
188.02994
6.59490
19.39123
29.17100
37.80342
42.89373
48.34815
53.13027
64.74406
81.44534
92.69160
97.21390
139.62952
147.48671
25.59764
50.04809
59.55264
74.16090
90.70430
111.28173
133.45728
158.86272
165.23868
165.59183
168.54632
180.95129
197.29704
6.28205
25.03071
48.15298
69.75680
74.70347
104.54639
108.05066
141.84942
146.01705
143.67014
156.53647
166.15898
166.79258
18.99353
34.55492
43.30280
58.59044
73.04018
88.59260
94.37999
108.44305
112.66797
134.84844
153.44028
167.98404
176.07790
13.89090
21.53300
29.60775
50.49771
65.97264
76.31222
78.95689
103.56157
103.82440
113.59721
136.00910
146.68446
166.14557
6.68967
21.34807
27.43786
36.73857
40.66762
68.61380
86.34434
92.10166
105.27422
120.98109
133.50125
150.70093
156.47421
6.81231
23.71870
61.54274
65.13359
91.78612
96.53856
96.59347
114.53880
119.09181
125.97739
127.91851
154.39457
156.88634
6.53389
21.87888
41.39397
43.88111
72.08091
84.13695
88.99666
97.85347
109.69494
112.09105
128.22001
144.42700
147.84141
3.96856
11.34017
31.27915
35.26034
53.78753
64.94314
104.98395
111.68514
111.14844
127.54358
131.09477
131.44437
138.96141
5.56433
24.19223
38.54233
38.75732
61.99870
66.58680
67.52448
91.80173
94.21061
106.43525
113.00769
128.94472
150.24151
33.18639
42.67553
45.74014
54.91838
60.36376
69.45450
91.67269
99.55495
100.15008
105.55382
106.88980
115.98423
135.63328
21.81493
43.72617
53.05673
71.74155
93.74651
97.02028
101.87403
104.57982
109.63254
112.01489
123.21767
129.43771
138.61607
