6.91482
10.41559
20.07502
21.60178
21.69645
22.03641
22.24420
22.28227
22.54754
22.70548
23.00149
23.19837
37.65589
41.43599
47.26999
47.51183
48.04561
48.68845
49.35749
49.67476
49.95820
50.02965
15.39388
28.21108
30.47560
37.85347
38.06818
38.50723
38.82477
38.83563
39.33419
39.43656
40.21575
1.98269
9.20648
18.67506
22.15739
22.32849
22.80382
23.33598
23.51657
23.53765
23.61665
24.05021
21.60609
25.70625
37.41155
45.11542
45.16027
45.55807
45.93710
46.16254
46.73921
46.84143
47.22804
15.67346
24.76604
34.44027
58.38659
58.88684
59.30699
59.44127
59.70002
60.39106
60.50656
60.80984
2.69923
26.27372
32.98181
40.98293
41.39245
41.74691
41.95233
42.00730
42.32371
42.49210
42.78880
12.47173
24.62487
48.59612
58.07669
58.34738
59.03977
59.12872
59.58621
60.16094
60.54819
61.11790
14.20220
20.01524
32.74229
42.08716
42.46251
42.62305
42.90468
43.41897
43.59406
43.90370
44.07629
9.23405
12.70860
18.54896
24.23197
24.60946
24.83020
24.93406
25.12839
25.29577
25.43427
25.74272
18.81047
25.95929
36.53930
45.26328
45.55773
46.02094
46.46479
46.73124
46.79102
47.20820
47.57548
11.73095
29.61569
54.72573
63.43060
63.59680
63.78122
64.32431
64.63780
64.94387
65.04303
65.43199
5.76154
11.33366
19.79687
28.64869
28.76426
28.80051
28.89097
29.08929
29.64237
30.13154
30.37534
4.85840
14.84260
28.72427
36.62641
37.06011
37.16726
37.89103
38.08415
38.41151
38.85435
39.02781
2.81814
23.29307
29.78602
35.25596
35.38305
35.55019
35.69103
35.76340
35.92408
36.40444
36.69463
1.43106
14.64261
21.21849
39.13789
39.15306
39.39492
39.71289
39.83060
40.04860
40.40431
40.66281
15.13776
19.45361
31.49680
39.03284
39.36128
39.60203
39.84046
40.20592
40.46278
41.21874
41.45483
20.25673
30.44469
35.64970
42.78235
43.10551
43.43373
43.84134
44.29046
44.75538
45.20963
45.65474
21.64743
34.11173
43.03490
54.53893
55.10944
55.32569
55.58275
55.68149
55.84622
56.02770
56.60923
2.23166
16.39758
28.65038
49.43965
49.80814
50.01109
50.20940
50.38080
50.76436
50.95689
51.23288
8.63951
12.13511
25.44970
35.73615
36.40093
36.59184
36.86877
36.92995
37.39726
37.55943
38.09897
10.81252
22.60059
55.48623
60.42480
60.83872
60.89479
61.05360
61.52102
61.70428
62.20004
62.41199
13.55125
21.63846
30.63702
39.99085
40.47209
40.73393
41.12673
41.31662
41.46061
41.52057
41.69098
14.41388
25.09394
33.54253
41.92964
42.77852
43.14066
43.35022
43.64997
43.89040
44.19517
44.35827
7.80091
25.16416
34.75677
40.54178
40.81122
41.17026
41.56011
42.01081
42.29578
42.49524
42.76653
0.65102
9.39486
14.54404
21.61280
21.87925
22.51883
22.65366
23.25599
23.72751
24.41308
25.02801
11.16930
27.26372
41.16819
47.01574
47.12796
47.52934
47.64503
47.99077
48.49635
48.87546
49.37249
9.25884
18.75350
21.73962
24.38390
24.99107
25.54903
25.72706
26.32380
26.53760
26.93368
27.52013
4.55535
5.43489
8.83906
17.99575
18.33423
18.36665
18.82105
19.27523
19.64859
20.07410
20.39215
13.06985
19.24192
33.75058
44.29442
44.42644
44.89448
44.95372
45.19173
45.43512
46.30794
46.37487
5.27360
11.80673
26.29460
34.71029
35.00388
35.34875
35.75227
36.19357
36.55258
36.93363
37.10936
11.16602
20.50253
26.24692
46.16829
46.41957
47.11219
47.32709
47.48286
47.66519
47.95457
48.44590
14.78384
30.16386
52.97205
60.32761
60.50246
60.64335
61.05112
61.39066
61.72211
61.98125
62.08887
5.25413
5.76726
17.40138
27.03424
27.19288
27.39976
28.04206
28.26758
28.53625
28.74995
29.35265
2.68680
10.31803
18.04409
24.83740
25.56888
25.94060
26.30916
26.54799
26.85567
27.27681
27.62250
6.17115
11.57695
20.14333
25.25788
25.89185
26.13260
26.79204
26.96725
27.39603
27.75808
27.92672
7.18442
21.06990
35.36038
41.93153
42.13472
42.25584
42.57147
43.01920
43.24346
43.50534
43.66848
13.42601
29.44044
38.76257
41.59023
42.16104
42.56925
42.78466
43.13921
43.49626
43.65546
44.41534
13.31001
26.12173
34.64062
41.30374
41.71689
42.07368
42.34743
42.50792
42.74829
43.18483
43.36491
9.70549
25.21948
37.56174
45.25963
45.50163
45.59845
45.87648
46.02770
46.50018
46.66140
47.08423
9.64060
23.67405
56.39416
77.44895
77.55232
77.72479
78.41095
78.65399
78.78386
78.99150
79.06526
17.76686
32.02537
37.81503
45.78414
46.31883
46.92899
47.18937
47.74482
48.08166
48.26070
48.45983
4.90484
11.69645
17.33242
22.15791
22.31632
23.00943
23.72749
23.88138
24.16805
24.65829
25.09264
13.69201
21.55658
30.49848
46.89204
47.38498
47.43832
47.51282
47.85946
48.08914
48.22425
48.72536
7.45741
19.15127
26.81993
45.13880
45.39009
45.76277
45.86221
45.93272
46.02205
46.72436
47.02687
17.45410
23.30525
32.24908
46.11049
46.28850
46.85911
47.03576
47.51663
48.02333
48.59799
48.75282
5.21361
11.75766
15.13677
23.38389
23.53263
23.59674
24.05467
24.20979
24.59214
24.87599
25.58869
12.95515
20.45970
27.75937
59.21258
59.40474
59.72954
60.12567
60.38931
60.51299
61.04319
61.47138
21.38278
25.05647
43.73754
50.89311
51.03756
51.17013
51.30816
52.23171
52.41621
52.68777
53.19372
7.69214
33.32596
53.25686
69.35131
69.62941
70.00809
70.44048
70.58045
70.89085
71.33501
71.45975
5.32395
10.87844
23.43426
34.01456
34.35937
34.85506
35.23507
35.30801
35.51558
35.86186
36.04954
9.98382
15.91661
26.30508
36.41034
36.51808
36.90667
37.05012
37.28688
37.54274
37.71924
37.93423
9.57433
14.22602
17.70888
32.82345
33.04036
33.34552
33.51211
33.82679
34.33650
34.90514
35.12473
9.29300
19.41081
28.16116
45.45272
45.85217
46.34261
46.50076
46.85457
47.08246
47.22492
47.62425
16.91986
33.30950
63.55501
72.36321
72.62119
72.75678
73.19438
73.75536
74.04232
74.17810
74.41213
5.51297
10.99265
15.35372
32.54715
32.91904
33.33417
33.56883
34.01253
34.28399
34.73417
34.99270
7.91558
26.18679
38.55503
43.94740
44.49255
44.69379
44.92017
45.28753
45.69499
45.84166
46.01800
12.32415
25.66673
34.54704
40.37569
40.96526
41.32737
41.66181
42.39130
42.62644
42.82714
43.12005
18.09558
28.74941
48.40594
54.77940
55.10641
55.36045
55.48430
55.65803
55.89015
56.37301
56.61096
8.17542
35.27123
44.37351
58.76965
59.11532
59.26041
59.60723
59.91391
60.09161
60.53072
60.70013
20.69518
28.90440
44.37812
52.44581
52.91645
53.37671
54.43148
54.63045
54.82230
55.37748
55.67118
5.93396
11.26798
12.83074
26.10457
26.28496
26.87139
26.93094
27.17477
27.59577
27.73280
27.77420
3.78911
25.06029
32.60234
38.43977
38.65596
38.75473
39.00419
39.69443
39.97843
40.15032
41.00368
15.40682
21.18281
32.53719
37.42225
37.85001
37.96110
38.01919
38.61068
38.65223
38.85296
39.43514
29.75259
38.73616
43.17711
54.28220
54.67652
54.99660
55.52230
55.89468
56.19709
56.33336
56.81152
11.81996
23.19128
43.58457
49.84838
49.91595
50.03042
50.34048
50.59320
51.16271
51.34260
51.65489
17.79490
24.31006
41.70109
52.21203
52.46985
52.96629
53.41331
53.64326
54.23151
54.43808
54.67706
10.44412
30.47319
35.09718
50.07261
50.51218
50.81820
50.99495
51.22587
51.59259
51.70812
51.77899
15.15612
33.83612
55.59866
67.17474
67.73037
67.83167
68.16039
68.51587
68.75067
69.23339
69.58157
6.39702
8.93974
16.77147
20.19000
20.44164
20.63145
21.02905
21.43082
22.33393
22.68186
22.84355
14.71332
23.76404
50.94604
77.89635
78.00012
78.49975
78.94684
79.32891
79.48600
79.62134
80.04282
13.91930
23.87505
48.12988
61.16700
61.36009
61.41157
61.62244
61.74452
62.08754
62.14159
62.54597
13.77306
21.97245
33.68602
35.81868
36.33521
36.53686
36.57304
36.97001
37.32880
38.11822
38.24737
5.72009
12.76234
22.44640
28.88535
28.97132
29.14194
29.31715
29.47744
29.79780
30.24580
30.59904
5.52195
18.59445
23.87805
41.24215
41.66227
42.31564
42.60236
43.06056
43.76792
44.09485
44.23261
4.11020
7.65364
9.87072
13.84296
14.50241
14.87699
15.00554
15.20447
15.50929
16.05568
16.61017
8.08684
25.29474
34.67526
48.88106
49.20050
49.54764
49.72477
50.10004
50.14777
50.23367
50.30120
13.25360
24.85644
28.36814
32.01987
32.35496
32.50518
32.73526
32.97782
33.44498
33.94875
34.32198
5.45048
18.23311
21.60433
33.16407
33.58067
34.26889
34.36723
34.73875
35.06880
35.56348
35.96445
10.76886
25.08583
39.43071
51.89829
52.33276
52.44788
52.59170
53.23588
53.44214
53.55526
53.94658
15.59444
25.55868
36.28423
42.44771
42.80410
42.95003
43.28114
43.44823
43.60773
43.82848
44.04522
3.06150
9.20240
16.59631
20.92152
21.32643
21.50253
21.76883
21.96644
22.09487
22.65958
23.16162
4.47532
8.50912
18.75259
24.27490
24.77580
24.96802
25.20166
25.93062
26.14016
26.49841
26.80059
7.82758
22.07086
34.36204
39.08157
39.38993
39.62670
40.19645
40.30553
40.76081
40.99449
41.33054
2.24745
21.32162
29.37810
38.68850
38.94749
39.15287
39.55031
39.79286
39.87363
40.16599
40.37428
5.31856
9.67537
22.03306
28.58088
28.82274
29.10042
29.82105
30.12682
30.25720
30.69222
31.07293
24.30506
36.51571
38.64201
55.39414
55.66989
55.88999
56.31948
56.59766
57.08543
57.40655
57.71253
7.20413
29.72065
31.65582
45.12900
45.55979
45.94795
46.36131
46.63644
47.08031
47.54968
47.69821
14.20752
23.25405
31.54104
44.81308
45.32244
45.91202
46.09988
46.79273
47.10118
47.29783
47.91933
10.07585
16.09445
20.11916
24.83294
25.14929
25.81333
26.44770
26.70727
27.06936
27.29333
27.36037
15.26506
41.50289
45.57833
58.16969
58.44748
58.75527
58.96189
59.10072
59.68941
59.75199
59.92173
7.80813
21.11435
37.02619
52.93220
53.06286
53.50853
54.04812
54.36352
54.68322
54.99081
55.43655
4.12488
19.33456
29.89289
44.97719
45.35168
45.46307
45.82962
46.55515
47.27828
47.70001
47.77034
17.32906
34.73913
46.42256
61.58358
61.89113
62.31100
62.57209
63.00034
63.22580
63.55563
63.94834
11.73259
16.29267
19.31231
26.35869
26.47499
27.09223
27.10774
27.50905
27.54422
28.28073
28.92811
11.24593
24.82881
27.75273
42.67040
42.97399
43.10847
43.72708
43.98496
44.09292
44.87329
45.05343
12.21230
25.55988
29.05419
39.43407
39.75730
40.13007
40.42572
40.66806
41.13189
41.62231
42.16103
31.36529
41.74025
46.81584
54.27697
54.63495
55.31932
55.39548
56.25686
56.69734
57.12017
57.31523
8.26376
12.55694
43.85819
68.74293
68.92100
69.79931
70.37387
70.54120
70.71554
71.16723
71.40656
5.52565
15.76244
31.36743
45.60875
45.74989
46.31671
46.76599
47.12965
47.27051
47.78598
48.02723
