1.55554
83.44199
83.51582
83.52126
85.41453
87.43801
88.17559
89.01368
-1.00000
-1.00000
-1.00000
-1.00000
0.54270
7.15167
8.46950
8.89342
9.39983
9.53079
11.06894
9.77497
10.91082
11.61534
12.39072
12.41380
0.40601
39.06567
39.70549
40.33617
41.18961
41.58993
42.86862
43.22353
43.41443
44.07571
44.11549
44.50464
1.36353
8.09109
10.08172
10.62866
10.98915
10.99393
12.08008
12.09939
12.61727
13.50479
16.39972
16.42995
123.63278
128.22005
129.46585
130.99703
131.49038
131.97514
132.05699
132.99363
133.54778
134.21191
134.22926
-1.00000
39.15611
47.77056
47.84251
47.89720
48.35049
49.22180
50.62091
52.78111
52.82403
54.04019
54.55930
55.06552
16.57561
27.11685
27.26738
-1.00000
-1.00000
-1.00000
-1.00000
-1.00000
-1.00000
-1.00000
-1.00000
-1.00000
68.62665
79.02080
79.18519
79.25569
79.77409
79.96325
80.32054
80.34972
81.55621
81.81898
83.00493
83.07546
21.42341
33.08613
33.33429
35.41583
36.47416
38.38434
39.39087
39.76568
41.78665
44.58184
46.91183
47.63185
6.45432
8.03254
8.25112
8.30835
8.48615
8.87267
9.93381
10.09400
11.56158
11.62181
11.89921
12.43541
1.01678
5.44349
5.97397
7.04660
8.22278
8.25114
9.07049
9.39396
10.06557
11.11735
11.73254
9.91764
9.79331
19.33865
24.23355
24.83963
25.61427
28.08596
28.27774
28.64884
29.03118
29.06206
29.52218
30.66141
7.82602
19.55273
19.97597
20.76144
21.13299
23.07532
23.86354
24.12560
21.34853
21.65634
22.15573
24.01996
1.66986
10.93354
10.93627
10.98980
11.66873
12.33604
14.22297
14.91278
15.37770
15.75853
16.00670
16.97853
53.24093
54.79431
57.50831
58.09621
58.72990
59.33458
59.95891
60.44228
60.86187
61.28367
61.54662
61.73667
4.04739
17.28108
18.41879
18.42091
18.43230
19.03242
20.39777
16.30128
16.65642
17.84191
17.86701
17.99596
1.66951
200.11633
201.35080
202.87063
204.84633
204.85226
205.05031
205.41768
205.58313
207.51713
-1.00000
-1.00000
0.76297
2.68678
3.28072
3.28793
3.96854
6.75301
8.00664
8.01770
8.22638
8.46016
8.46079
10.05588
17.35398
34.23334
35.61401
35.02983
37.23641
37.47044
37.67555
38.88899
38.88899
39.12924
39.77017
40.90589
2.21465
60.41114
63.37872
63.91152
64.90076
64.99449
66.44888
70.24141
70.79922
70.80853
72.87061
73.05806
39.69127
41.13730
41.49329
41.95780
41.91348
42.35633
42.50099
43.06721
43.18620
44.15672
44.69321
44.97962
46.04601
136.02002
138.82716
138.85795
139.36637
141.31032
141.42769
142.17096
143.12503
143.16159
144.35014
144.54628
16.21992
47.39208
47.76118
47.90552
47.95966
49.99364
-1.00000
-1.00000
-1.00000
-1.00000
-1.00000
-1.00000
8.10701
150.90505
150.93777
152.02285
152.40334
153.59485
154.89122
155.79745
156.84945
157.21039
157.21951
157.64944
19.53997
20.12355
22.16074
22.20758
22.34229
23.21162
23.22904
24.61211
25.05815
25.58882
26.34542
27.63840
35.75638
59.16625
61.67835
61.83333
63.19306
63.23570
63.78264
64.03874
64.73876
64.75333
64.83245
64.86956
19.35501
23.35452
24.34293
24.42575
25.41297
27.43788
27.50939
27.51289
29.01581
29.57476
32.36809
33.50648
78.90682
84.64707
84.97855
85.83215
85.85623
86.09873
87.66171
87.67652
87.73083
88.10565
-1.00000
-1.00000
9.55510
48.87067
49.26656
50.98010
53.16951
54.94324
57.44402
58.11867
58.37063
58.75724
58.98407
59.72354
17.93615
48.77659
48.98941
49.34174
49.46846
50.09536
51.55232
51.57133
51.61264
52.61092
54.83260
56.49491
60.54219
75.79255
75.86100
77.32737
78.74669
79.20413
79.24505
80.22092
80.22780
80.67079
81.29071
81.40910
205.71608
207.40712
207.46897
207.73971
207.74810
207.91789
209.73397
210.09351
211.10875
212.79264
213.21204
213.57357
33.66230
44.69947
45.63878
46.69216
48.00185
48.15567
47.28054
48.43597
48.87317
50.74180
51.26448
52.36742
0.86796
9.42425
9.60690
10.27246
10.61984
11.42344
12.27969
12.32482
13.20552
13.65185
13.86787
15.10768
23.93014
25.51135
26.01883
26.27562
24.96882
25.30427
26.41122
25.32960
25.65455
26.09268
26.78272
30.03738
16.83098
102.32559
102.94233
103.84044
104.24912
102.06636
102.26055
103.34813
104.12123
104.30458
104.40307
105.39349
4.11811
4.77181
7.76713
7.77330
8.53957
9.03633
9.63198
9.88712
11.48572
11.64627
12.91545
13.00884
1.46295
36.50297
37.60983
39.05297
39.51899
40.17127
40.94223
-1.00000
-1.00000
-1.00000
-1.00000
-1.00000
38.13184
88.21728
88.57362
89.36826
89.68140
90.02638
90.34344
95.40066
96.80748
97.67643
98.68429
100.54895
67.56513
69.70186
70.80376
72.61359
72.97499
74.81736
76.17106
76.25901
76.81832
77.52575
77.55447
78.60838
6.55932
41.96216
42.04901
42.22475
42.30215
42.88973
44.49001
44.59112
45.82907
45.99235
47.19779
47.39504
0.08454
21.39006
21.39018
22.46895
24.12577
24.96681
26.09167
26.31867
26.65230
26.81540
28.37493
28.62359
7.00925
11.17244
11.17364
9.17171
9.66325
10.00753
11.64255
14.42004
15.28652
15.43132
15.49796
15.63560
19.95326
48.18409
49.03239
49.03242
49.07051
51.38451
51.40499
51.41262
52.75660
53.02688
54.16276
56.01236
19.48775
34.98808
35.46952
32.32043
32.37627
32.77350
32.77351
33.47293
34.31893
34.55138
34.93460
34.98736
66.66135
90.67152
90.76304
91.22494
91.52656
92.34346
93.79490
93.98268
93.98498
96.99781
97.79584
97.92987
11.85537
18.18113
14.84936
15.24622
15.41050
16.07322
16.74903
18.31726
18.59900
18.98414
19.26611
19.93038
47.21239
85.48079
87.06631
88.69224
91.29908
92.06350
95.08174
96.70784
97.46319
97.61078
97.72476
98.45847
29.20859
45.97820
46.09378
46.69394
49.68333
50.72238
46.55929
47.22273
47.25231
47.30124
48.68715
-1.00000
3.71325
27.92294
28.72416
28.73847
28.80642
28.80644
29.38683
30.22103
30.26533
30.26545
27.89689
28.48103
24.62259
30.91621
32.03876
32.23067
32.39585
33.23250
34.45663
34.64459
36.77022
36.79278
37.80457
41.18726
11.67474
184.33704
185.35767
188.10614
188.65606
188.75618
189.59678
192.47782
190.01372
191.64693
192.34578
193.89750
28.14188
78.63922
79.12728
79.14798
80.24596
80.45045
80.48402
80.58188
80.82238
81.66854
83.21977
83.83836
8.61456
50.01210
51.22721
51.95278
54.54796
50.82087
51.60810
52.93848
54.84922
55.12349
55.14245
55.20095
62.36612
95.30946
95.35737
96.07658
96.78834
97.45127
97.48019
98.39574
98.62834
98.75840
98.90248
99.74506
37.13464
72.85524
72.85579
73.14084
78.18772
78.28572
78.70069
79.00693
79.40914
79.83715
80.17285
80.17558
32.75481
119.15114
121.35525
122.22033
125.98989
130.04356
130.66497
130.74550
131.11844
132.42306
133.38888
133.86274
28.49622
37.46326
37.60951
37.68434
38.79877
40.35159
40.37124
40.85615
41.29883
41.97449
42.84029
43.79658
2.68897
6.52474
7.01010
7.12538
9.87897
10.01751
10.24319
11.11961
11.36863
11.79056
12.62953
13.24857
4.62266
56.85652
56.89097
57.31396
57.75118
58.30323
-1.00000
-1.00000
-1.00000
-1.00000
-1.00000
-1.00000
20.09047
18.95092
19.02151
19.54076
19.71389
20.08024
22.10863
22.96577
22.96816
23.23675
23.82858
24.17549
22.52771
61.46267
61.75566
61.91260
62.09194
62.53814
62.81085
65.21168
65.94665
65.99292
66.36949
66.36950
8.24506
-1.00000
-1.00000
-1.00000
-1.00000
-1.00000
-1.00000
-1.00000
-1.00000
-1.00000
-1.00000
-1.00000
11.88876
147.06304
149.84201
147.92067
149.70321
150.17771
152.11869
153.09098
156.55921
156.85130
156.97031
158.03814
15.96606
38.46932
38.47349
38.47416
38.83816
38.84971
39.03493
39.24459
39.40082
39.83477
40.64352
41.22595
5.14593
19.75954
14.96995
15.59343
15.86746
16.36079
16.65206
18.10541
19.65405
19.92411
20.64114
21.04776
4.62027
22.18877
23.28641
23.31301
24.03052
24.93251
25.10723
25.62987
25.96880
26.33027
27.92488
28.09094
7.18700
35.92121
36.05671
37.14649
37.68984
39.83759
40.14124
41.33643
-1.00000
-1.00000
-1.00000
-1.00000
2.57868
24.83452
26.22166
27.19373
27.45789
27.50314
27.76807
29.19978
30.11152
30.82032
30.91240
31.42882
44.21586
45.71566
46.43585
48.14824
48.65097
49.75068
50.71482
51.47109
52.00646
52.41720
53.43662
53.67200
28.71574
43.86135
44.39795
46.47661
46.57871
47.29363
47.46607
-1.00000
-1.00000
-1.00000
-1.00000
-1.00000
12.41611
14.18728
14.60616
16.98186
19.22067
19.74052
19.83236
20.03843
20.09480
21.38039
22.93922
23.29179
105.68848
106.74488
108.54931
108.63031
109.20347
109.59469
110.09502
-1.00000
-1.00000
-1.00000
-1.00000
-1.00000
18.26604
55.46647
56.66035
57.36668
54.42022
54.73966
55.10506
55.91907
58.41841
59.00027
59.66551
59.76100
42.27825
90.70764
91.62710
93.61563
96.64044
97.26675
97.33997
98.64918
98.94145
100.68774
101.99457
104.04160
22.64718
24.20707
24.23632
24.39602
26.91671
27.07448
29.13204
29.49174
29.50143
30.40696
30.55432
31.15808
7.60794
8.81102
9.26702
6.32870
6.51481
7.18328
8.89517
11.29638
11.61336
12.64818
13.17117
13.48030
1.92872
29.49750
30.04374
30.54464
31.65927
33.72859
34.48206
36.16361
37.73121
40.32849
40.79922
42.40705
15.30287
17.35480
17.71837
18.16631
20.52536
20.65598
20.74496
20.87438
21.10060
21.46502
21.75688
18.46031
30.25886
85.80285
85.84489
85.87428
86.31928
87.10657
87.82214
89.54297
89.62779
89.65239
90.38370
91.15372
54.54840
55.89629
57.51518
59.12953
59.50632
60.07407
60.43124
61.31703
61.69695
62.69250
62.72842
63.71662
2.92409
12.01194
13.84645
14.11119
15.11258
15.32543
16.05809
17.18793
17.49947
18.54424
18.97310
20.42974
72.20795
163.30102
164.11851
164.22425
-1.00000
-1.00000
-1.00000
-1.00000
-1.00000
-1.00000
-1.00000
-1.00000
10.18329
10.21245
11.37556
11.41133
11.54838
12.80413
13.19466
14.49912
16.39533
17.62150
19.31359
19.67069
15.32140
43.48515
44.21871
44.56021
44.74904
46.27091
48.08027
48.71710
49.80223
50.32148
52.53542
52.88422
45.42941
57.63987
58.60491
59.00283
59.74361
61.92904
62.02516
59.67063
59.88363
60.19637
61.01329
61.08892
75.56915
109.77236
111.01015
111.39713
111.84435
112.11727
113.56005
113.81272
115.08165
115.11298
115.71122
115.92163
80.20855
80.69821
82.59570
-1.00000
-1.00000
-1.00000
-1.00000
-1.00000
-1.00000
-1.00000
-1.00000
-1.00000
212.15718
237.76341
238.59739
240.52784
241.52423
242.13362
242.25644
242.87216
243.24005
243.47687
243.56405
244.02888
2.91572
7.00407
6.84682
6.09989
6.66639
7.43389
7.91251
8.37084
6.31574
8.52019
8.68708
10.56469
1.92912
3.80250
3.81223
5.05780
6.08213
7.14002
7.44078
8.30868
10.58521
10.99587
11.63381
11.82438
2.79387
4.89944
4.98835
5.46282
5.68943
5.79562
-1.00000
-1.00000
-1.00000
-1.00000
-1.00000
-1.00000
66.69436
97.66602
97.91270
97.98742
98.17196
98.22529
98.77688
99.42605
99.51992
100.13169
100.21216
100.31148
194.91631
211.77375
211.95526
212.33128
212.97813
214.25341
214.58971
215.16476
214.77621
215.57966
215.81337
216.14149
45.06974
57.50589
57.53577
58.89057
61.12478
61.63871
62.49755
62.84023
63.49328
64.89173
65.13957
65.14431
34.60796
84.67965
85.05065
87.03056
87.44332
87.47370
89.04305
89.39491
89.40061
89.51392
91.41300
91.46089
77.56367
83.56418
83.79880
84.36159
85.02652
85.36170
85.37740
85.38173
85.94821
87.03930
87.89071
87.92164
93.76177
123.38535
123.64101
124.24867
124.25303
124.62707
124.62910
125.99446
127.55860
130.20440
131.02665
131.69212
8.90342
17.72314
18.58414
18.58463
18.97620
19.50133
21.21205
21.48525
22.70589
23.61782
25.09404
25.35732
58.03286
58.53386
60.55641
63.09681
63.20063
63.42793
-1.00000
-1.00000
-1.00000
-1.00000
-1.00000
-1.00000
