14.59780
19.53566
30.48847
39.02481
67.87413
90.60117
99.02939
109.42960
128.65442
133.80189
141.28633
159.89389
165.93479
195.23427
208.08154
25.12968
38.08763
59.44351
71.64285
96.16660
101.27548
111.08013
115.99247
125.19657
136.28680
138.50183
143.03063
165.45674
188.06335
189.44983
20.42678
37.23359
50.19594
52.67790
60.72740
65.84294
76.44116
92.96575
104.44347
109.55701
122.31183
125.74153
141.18110
151.81309
162.28818
7.36032
23.33246
39.64079
54.27662
58.71874
60.30602
74.28080
80.86834
97.31473
118.33801
131.40063
149.00329
149.51406
150.70067
152.18436
23.20457
47.35665
54.53299
71.53448
77.23762
88.19189
106.86631
119.55350
131.85860
137.31837
144.39275
152.46434
158.73358
174.55698
187.52716
14.68718
27.97294
39.16847
56.28055
74.69605
97.09665
104.98563
119.07566
121.82781
139.51056
156.83503
164.51767
175.62818
180.89878
183.41815
5.17763
28.73677
40.46230
60.26735
85.23223
96.54289
117.51108
128.21161
145.96877
147.92315
165.09368
171.62126
189.76631
218.94008
223.00459
6.25913
13.27426
18.69111
47.72538
56.29424
62.87945
66.99635
75.80804
85.46336
95.98851
104.30812
111.02510
126.23813
130.36093
138.41746
24.58106
34.78887
45.77163
60.65186
63.81489
75.27546
83.71127
88.74539
102.06018
106.26415
115.97934
126.76749
138.43682
152.94103
160.38542
15.14446
28.86962
47.62561
64.88937
71.39780
90.22710
101.81930
123.30054
136.56143
154.23140
155.48372
164.57621
171.97319
173.27115
179.74668
12.61352
32.59380
46.39243
74.53878
88.39645
96.89176
103.32763
119.25564
121.94279
122.44977
126.04203
135.92976
152.15747
166.27037
173.76180
9.00232
18.36999
39.53714
46.22686
58.63507
82.14161
89.46627
104.97575
114.40893
127.21065
130.02151
142.16116
163.35762
176.39262
184.56351
10.45900
15.91108
34.34876
43.35596
51.60375
64.27838
72.12873
90.26924
103.06021
109.05453
116.76618
130.28267
136.91149
149.18044
158.13231
22.88526
41.58259
53.48398
64.35691
73.41284
81.66532
95.38747
99.33488
109.52597
132.44894
130.91622
149.79805
183.60699
209.17630
213.67405
6.26146
22.43982
28.95421
60.92705
78.73148
93.07433
99.41801
101.29456
108.25879
123.32885
126.03964
133.10731
155.93861
184.22235
188.63530
11.20228
15.72781
33.32815
41.61377
52.90779
63.60444
77.84147
79.66335
92.48099
110.69449
124.90135
134.03813
141.51075
157.49394
162.23691
16.27842
31.53429
40.23877
47.31439
57.16849
81.93137
87.84908
91.78510
105.78879
123.17139
127.72654
148.99217
160.48728
175.69842
180.19502
17.28106
33.11563
44.88955
52.75819
59.89885
64.57871
80.39845
87.25589
101.89992
111.41999
122.31048
133.66679
144.58914
156.53147
160.89119
13.88006
30.71253
34.58988
47.38279
52.87591
56.31166
76.50444
108.81532
134.01736
154.18313
159.78025
171.40150
182.34317
206.32484
211.19859
10.24368
28.37199
41.58887
59.28200
71.82651
77.50000
83.68318
98.55284
110.59577
122.83798
129.29303
141.20403
148.41637
153.32557
153.33199
9.68966
38.45681
49.24482
50.45700
63.77070
64.86482
78.12991
92.25110
82.61742
91.20369
104.85642
112.26949
116.23621
128.58594
146.54160
9.81037
15.90882
35.91945
56.17493
62.28128
70.88815
84.31846
95.65832
97.88275
111.92789
113.05867
125.75623
132.05253
151.70747
173.81271
3.41092
18.55143
37.52604
53.85932
80.54425
97.00453
105.16944
117.55563
128.38500
158.51844
159.77940
176.35503
197.96683
206.73164
207.85432
11.18608
19.22752
28.92332
45.00496
52.08315
69.68024
82.49831
94.10487
104.10828
112.28623
122.73341
135.98520
141.01629
145.99266
161.37280
8.15249
18.58713
32.46921
49.65024
59.40023
73.80043
78.36409
90.31629
108.78056
115.66287
133.79414
139.33992
147.24780
152.45497
162.74016
19.16759
29.35441
37.39352
57.69311
68.62521
78.32541
96.07476
117.83778
134.24670
142.31443
155.51581
162.96350
181.79166
184.30122
192.19116
9.65335
16.67838
26.92775
43.06706
52.44309
55.69713
70.52006
77.67986
87.22209
114.33061
117.74626
138.33403
143.35487
160.54259
162.68305
7.65522
22.41290
42.22693
52.70433
60.26653
68.59129
80.89204
91.35192
97.04382
105.58027
107.90424
117.13091
121.39538
135.79944
144.11357
6.94158
17.88251
23.67714
37.83182
47.66451
57.83011
63.53748
77.34420
94.59559
103.00900
110.76228
120.15985
122.78311
129.47528
146.30729
25.79817
40.99364
58.43475
67.05565
67.47099
82.13935
95.45549
104.17419
117.42707
138.42426
142.26433
152.44984
179.92594
187.31955
207.01129
10.76341
23.32805
31.56429
42.52647
45.00038
54.26596
69.17898
82.79327
98.53520
109.41942
113.90650
132.45766
153.30353
162.26379
165.49314
10.29670
18.25450
33.88992
46.63255
51.40989
62.27679
78.18175
78.49458
98.70507
112.01100
121.03793
146.51309
170.14885
194.36161
201.56636
5.04664
10.35917
20.50775
36.28583
50.02417
54.80115
58.63891
66.24947
71.00484
88.13574
94.55654
108.53167
118.00468
129.39998
129.82378
8.81446
15.54347
27.34042
42.61718
46.89566
59.28071
74.64367
84.49922
102.52911
116.24745
125.15253
136.17683
153.96979
165.28633
176.46542
9.78506
18.91831
29.79911
37.72988
50.32227
63.00369
71.99351
80.68613
94.17238
98.46885
108.55351
115.99559
121.55074
135.64320
147.69595
29.66905
40.98679
46.53892
56.74514
70.45693
77.47464
81.86979
87.63025
99.78293
103.66756
107.47685
116.32694
121.96967
138.40064
143.19429
9.55812
32.74830
41.90206
46.97540
58.81409
78.78048
104.09659
121.65168
140.48750
158.71508
163.18352
178.04752
191.71224
198.69036
203.68391
9.25763
31.31994
42.34410
55.69019
61.73885
76.58982
82.32087
99.76793
105.70539
121.44293
138.00784
142.89393
154.28737
166.99687
174.12582
10.44412
26.75761
55.23566
75.16170
79.07952
86.03017
110.06468
118.86309
126.48612
131.17168
133.32980
145.05699
152.90258
165.73623
