23.37064
25.91725
83.11098
83.90692
16.65757
24.37096
110.06893
111.30809
27.13285
73.87269
142.80393
143.60847
34.27035
88.41071
125.30412
126.27330
70.01824
119.29499
124.34891
124.92555
19.75291
48.25994
109.18256
110.42827
12.33177
30.38573
64.18317
66.18699
12.59226
36.60013
241.40401
243.20260
1.16119
21.29080
55.66928
57.23755
4.92259
46.99619
116.48814
118.03371
189.19431
234.51253
239.42980
239.73254
42.00471
120.77808
122.57503
125.19095
3.31287
31.00485
42.21265
43.44229
47.51931
51.46897
105.41415
106.06004
9.29657
66.20278
71.08177
71.97508
46.90471
161.27598
180.19024
180.99200
54.25688
67.33235
123.74960
124.73701
83.02425
121.30197
181.39908
181.40192
17.05727
49.36071
95.36191
96.89015
93.37049
108.42190
161.92162
162.06665
4.91415
96.69588
133.30382
134.85436
61.21481
84.00307
86.12837
87.48422
21.96659
31.01413
65.48761
66.24631
2.88615
46.48940
116.38040
117.97218
17.81800
81.32699
92.58303
95.12367
111.89333
170.09790
195.38543
195.63336
46.75439
123.60258
202.43611
202.61638
76.26585
201.15086
269.65810
270.11373
31.94356
94.58217
111.10148
113.78786
10.29710
14.06487
162.04309
163.03108
39.30545
39.63276
123.54498
125.09424
120.80386
122.67822
123.91671
125.37762
4.53719
31.42352
63.25117
64.01138
11.37288
83.35659
308.84788
309.96379
3.75450
5.76651
93.94551
94.15452
118.82621
180.22363
186.49416
188.18078
8.82285
17.16055
18.57272
21.94940
21.43687
70.66393
91.94438
92.88495
199.52255
201.24957
284.57923
285.48778
102.11445
141.93513
207.73580
207.87729
72.19397
100.16662
146.66008
147.80226
25.70449
46.65655
52.55819
53.08932
26.65075
61.52443
283.37643
283.99064
26.39149
55.93645
127.42373
130.80330
67.29350
81.55740
94.04442
95.53078
34.57066
78.39230
209.66890
209.70921
38.24815
39.24510
50.64113
52.76378
35.20641
80.58113
82.53437
82.63891
53.42373
76.69576
111.47887
112.02943
41.56516
64.84769
102.66644
103.04779
