23.11310
50.06957
57.09679
93.20359
97.56274
106.53426
127.87322
145.61822
149.92875
173.17346
177.09950
197.93577
204.22985
206.33245
211.40877
219.89604
240.34956
243.26061
257.88396
272.79992
12.31021
31.47190
50.07838
68.33824
89.35700
102.94810
106.84644
110.11625
125.09424
139.46976
142.25970
178.38778
186.71902
198.95331
213.44533
211.55807
221.07879
223.44904
228.19887
252.81428
4.75191
44.94844
63.97934
78.11671
85.78003
99.30863
104.40072
111.08667
120.85853
131.45513
138.03709
145.34028
157.04849
166.15606
178.31118
200.67456
218.96489
230.53801
244.88689
245.63281
11.99393
23.36379
29.93332
39.00130
48.82461
64.63427
71.85903
75.67440
91.39888
96.58769
106.17695
133.10782
147.41439
154.71213
170.08593
174.39406
182.88748
192.96824
208.67531
230.32894
9.10073
25.90513
48.21787
61.18469
86.31916
97.24833
134.90324
138.54102
143.02419
155.24703
159.33169
171.66067
178.87073
181.23356
186.03719
193.38533
201.79761
202.59160
210.60862
211.58655
16.63022
22.01715
39.61944
65.29959
78.99565
83.88951
92.76976
123.10191
136.55101
143.48852
147.41684
162.26756
179.79017
180.93110
206.80495
238.01183
242.49626
246.81112
267.44773
272.96040
11.13443
28.67807
41.42384
42.48552
50.64466
71.13176
76.74089
79.94037
93.73800
116.24531
138.03537
155.99206
177.07916
185.51710
187.75580
207.98536
209.25526
232.01033
237.99744
239.51633
4.92707
12.79150
21.18060
31.41696
57.37346
69.27568
85.16054
88.94527
106.80554
115.85245
140.50958
159.90709
167.28385
172.71510
193.96560
197.00773
212.30470
220.02369
235.80902
243.76870
8.21349
30.36806
38.90655
56.66626
59.87868
70.80428
75.60952
100.50109
100.94779
127.21711
130.25335
142.80120
146.06157
151.14978
153.86771
161.33923
173.13764
178.48798
193.66189
219.64767
3.44001
30.70691
59.62876
69.75147
88.61425
93.16451
99.13010
103.67174
124.90383
149.08690
152.97752
167.96990
174.81552
198.28414
203.85111
204.36309
220.06989
225.18432
230.04671
242.28905
21.31640
36.79250
44.17099
67.36287
87.67651
89.36878
108.46782
123.02972
142.81765
147.98695
153.69187
159.12384
162.39873
180.77460
189.02761
194.75185
200.87470
207.34231
224.86037
238.50406
21.17429
44.44549
55.97796
63.15148
96.87618
107.00245
116.82285
129.35327
149.16205
162.34354
170.03082
176.02684
177.26043
192.68212
204.23855
207.39254
212.20371
222.66060
233.35933
249.02651
3.87900
4.28917
17.13419
35.65632
43.58228
64.64200
100.48267
117.11942
136.43651
164.15432
166.53272
175.60476
179.49905
182.80140
200.38487
205.53389
207.43942
223.35870
229.18629
234.44260
12.61587
18.26901
28.09118
44.66701
55.55299
75.84835
89.90268
122.57129
129.42617
134.84020
143.12177
152.94759
154.49201
171.76153
187.88584
204.10718
231.87430
236.59773
260.18448
270.67809
3.64304
29.69172
41.39223
50.34690
55.98607
74.06729
94.22504
107.83102
122.97704
130.32796
141.59587
149.89343
150.21195
148.80714
148.85102
168.99639
197.75834
196.51370
212.24803
235.72432
18.62957
25.71308
35.11144
46.53125
74.54292
82.42735
113.06613
144.88597
151.95707
159.64217
164.20438
176.46177
177.68731
185.57406
210.19900
218.88522
235.66623
239.31862
242.08290
251.21933
14.92955
22.14283
50.45281
83.42715
88.40481
102.92793
121.58886
135.22106
150.25189
156.09894
164.81950
170.97392
178.72005
181.08234
191.21411
195.15124
206.96857
210.39510
240.04466
240.36878
21.04131
37.56548
55.99016
78.01949
85.49396
92.32912
98.46150
110.52661
158.32226
160.53068
164.68630
185.46937
197.20423
198.62058
204.03395
208.30800
224.98860
242.67048
274.17059
272.61154
22.32168
23.69797
40.95074
60.45197
79.36602
84.72221
109.39324
158.81643
165.00403
165.77676
192.52068
196.62128
208.12323
208.60730
209.53537
212.13736
213.86764
222.16333
240.23814
259.88602
18.31499
38.50484
56.71461
75.98769
89.40198
112.05891
123.13006
144.36454
150.95039
157.38461
172.67263
174.41790
179.93083
180.02206
186.71847
202.79836
217.52463
232.02560
240.14744
244.84296
13.33823
21.64018
35.53058
47.32040
53.59686
60.50689
64.25699
71.56320
80.82270
94.46732
115.32938
123.00920
125.86859
136.53960
146.21598
149.45695
153.33256
158.80718
170.59496
180.20745
14.11693
31.80310
51.04714
63.41931
86.75647
97.49567
107.41205
117.33015
128.03148
135.12261
140.29426
145.69099
159.75333
174.34027
208.99672
208.71501
223.08311
231.31539
261.35060
273.20635
12.28148
13.84953
28.92886
39.30982
59.83970
68.12417
89.25404
104.82271
126.34204
134.30247
149.48982
159.41519
172.26383
188.00672
189.04906
189.16211
194.51972
208.12031
228.53946
229.98479
1.54262
23.35043
35.12441
53.55547
64.46119
74.55462
93.28618
96.77861
111.09144
127.55032
151.79457
157.11748
169.13378
176.45688
194.92595
202.91285
204.84675
215.48903
224.24735
229.70736
3.10802
27.92082
56.26143
65.31635
71.87736
96.59796
107.07572
114.10079
121.00404
130.19294
140.11190
154.29546
164.08697
183.71951
211.48307
213.16960
220.55134
235.68369
246.06960
247.13108
16.68900
30.19992
54.10069
84.84263
119.31293
125.05626
133.48863
144.79759
162.93924
176.48076
192.89939
221.34872
233.20420
233.50030
246.57890
258.46960
263.63793
268.88001
294.76410
304.99676
2.76284
22.22067
23.97840
59.00597
70.97301
81.21739
85.36479
108.42415
109.33521
146.45471
156.22430
164.85630
172.69429
173.85157
184.76798
188.55625
211.55858
227.76445
230.90564
241.97243
17.82902
21.91751
36.45902
38.27892
53.97431
73.19301
92.75578
109.30544
119.94108
132.21139
138.68185
162.42278
181.36873
189.50952
206.19082
215.14057
228.14003
228.78776
236.85742
237.11872
5.03918
11.81569
19.89900
34.11595
47.42391
69.83091
102.38678
113.67024
119.86436
126.20613
133.48454
140.93912
146.58330
179.76387
185.22340
187.23323
202.19460
203.06808
220.31788
231.94003
14.15826
34.71296
44.92372
55.69165
57.02573
65.69424
80.72514
94.75044
99.22962
101.82799
108.33223
125.73409
128.27633
130.98272
155.62675
161.39408
181.13053
203.93889
206.49972
213.49176
7.36864
13.01805
29.81799
33.86898
35.28899
50.99458
54.44191
57.35030
60.61194
72.17349
82.45501
108.93002
112.13121
121.52803
127.64127
134.34163
159.37779
163.51482
182.78724
208.74836
4.17149
16.57497
34.85541
41.84723
50.40425
65.97725
93.37917
109.56105
154.35372
157.64025
161.84034
162.12565
171.97910
179.68889
184.65050
194.11692
204.63841
214.09386
219.98511
226.58295
11.67013
21.37822
29.60096
40.14360
50.65541
69.59419
99.78898
120.34156
122.32324
137.47915
155.85384
165.72263
173.29301
184.23733
184.01856
196.41563
199.65776
210.02485
216.56115
223.46633
4.79887
16.58476
40.14389
50.74255
64.27679
77.95125
85.65459
104.98762
120.85241
137.65978
153.66566
184.81956
199.96272
212.20382
214.69785
222.24875
228.34533
237.93646
266.13144
275.78538
12.88034
27.26074
40.03609
59.97374
82.60197
91.26037
97.19010
111.28183
114.42524
119.71858
135.25855
141.64387
156.52896
168.81197
193.98924
199.80675
203.65519
226.27575
245.55149
254.20548
8.94279
21.04450
50.32022
65.80586
75.21933
91.51594
103.41020
141.41885
174.42277
199.07412
226.23607
229.39560
232.89937
249.96690
257.30523
261.65522
268.54958
290.28738
300.81443
324.53209
18.94312
54.29839
62.45797
82.24631
89.93503
105.74829
108.53489
118.49199
127.90518
136.20338
143.30577
173.46016
203.05349
219.75175
224.24861
237.29112
260.02128
264.54631
272.70363
275.83058
5.11780
16.68554
23.36880
48.62591
64.70607
82.58305
106.36424
129.70359
158.53175
163.71446
168.06390
202.63364
205.67980
220.33893
236.94046
244.26621
276.08117
295.84777
303.57269
326.80095
9.52572
12.81777
20.91810
34.10402
37.31057
50.28302
53.49421
62.90410
71.57856
85.40466
93.81196
98.03150
106.78779
116.76495
134.30492
141.28633
151.17275
162.49687
180.34202
188.63519
22.71745
36.61838
51.81428
62.33094
75.82585
96.47993
126.49621
132.75377
134.84305
137.18891
145.90789
163.73568
172.20783
176.14453
177.33768
180.22272
194.76095
200.59195
221.51749
225.11068
6.53333
14.96906
46.47926
56.39915
66.95527
95.48304
104.18714
107.91443
127.48890
142.35811
162.87093
209.61580
212.52202
225.26319
237.59264
241.85487
255.23572
269.66012
286.29409
305.45341
9.68403
18.20008
44.77394
55.55264
72.14218
90.10264
98.01328
105.56983
120.84006
127.25024
142.39584
161.39651
168.22570
171.17425
172.09475
194.68863
197.98483
202.68923
225.98096
231.55237
13.59429
17.78189
44.56234
53.02399
62.68786
71.77014
80.96326
85.16982
99.31416
111.35792
133.51338
136.35486
151.34089
151.67575
154.42393
170.16985
184.86849
196.90976
216.60588
224.26898
9.91134
20.83761
23.93247
43.46522
46.08531
53.42474
59.14822
67.73369
74.42575
81.95605
89.72714
94.80722
106.22633
114.56783
122.04901
124.76775
156.23026
155.88041
168.85358
171.57353
12.75577
20.36600
25.85251
53.08788
65.57984
88.74230
91.10402
116.95702
123.55201
143.98101
149.86100
184.18070
198.26377
211.13875
222.41637
229.44442
229.38635
252.09924
256.29188
288.30396
38.83431
65.79679
84.77698
88.64917
98.38167
107.20257
120.28101
126.46912
142.17823
146.55116
153.07345
167.03360
183.32450
190.75388
191.52943
193.35049
201.23659
203.39564
210.84949
219.86462
4.89228
42.31884
63.23153
69.62039
95.43677
110.23040
136.55681
147.98741
153.87844
161.62739
179.64577
183.27346
190.30460
204.18622
232.96366
262.27442
262.37629
267.53559
286.36020
288.13465
15.04876
25.15659
50.15755
74.58662
84.19425
111.86160
120.32591
125.62917
132.47080
141.59493
140.12462
151.71491
165.80963
174.79386
185.73140
211.35138
223.30496
240.69581
248.03216
264.81190
17.49371
31.82616
36.28872
42.53988
58.67788
78.58590
99.57176
134.18878
138.65517
139.09571
146.05014
157.07455
170.90524
185.40641
190.94056
202.73434
210.51707
213.69189
218.69405
218.76921
12.39644
18.68396
33.21471
41.74188
51.56385
68.34095
74.82583
82.53505
97.27577
119.49059
129.16728
133.57380
126.14040
135.96241
138.81988
143.53801
146.33185
164.00995
176.29297
184.67727
