13.56119
17.56296
28.30514
39.08938
53.97720
57.46330
58.56101
61.45982
62.42327
66.26004
72.40052
73.90247
80.34607
12.22585
18.64595
29.01524
33.00154
37.25230
43.66932
59.73510
63.67850
65.66482
73.44264
78.06420
79.55830
88.12049
9.99199
14.54970
21.87962
24.86772
40.65759
48.90863
66.10817
68.16067
79.39308
82.53258
88.87450
105.92406
109.46406
8.54502
10.77057
16.56583
29.10737
38.58104
47.05928
53.90709
69.61527
72.90098
92.51963
94.56553
102.12099
103.60824
2.12456
7.24743
10.80805
21.62943
31.92514
55.76727
64.84804
67.20453
83.78134
95.97082
100.45249
102.45809
107.39913
4.36524
7.24097
17.89689
23.44964
26.92645
37.04741
44.51755
49.90928
67.37383
75.00485
82.70160
87.33187
97.92990
5.94977
7.70889
10.76661
22.86734
29.33822
35.31124
45.98377
51.05825
60.72948
65.50309
69.32699
73.79337
93.21121
4.83959
13.57961
35.58443
43.63906
44.94659
49.94821
64.12162
72.82723
77.12363
79.48208
81.12839
88.59964
110.04894
5.33062
21.83874
31.32614
46.31806
53.39029
55.81598
66.47687
68.91734
82.15658
85.73326
99.48781
107.69289
111.40910
8.58849
14.93726
19.64649
41.02823
51.37877
53.47855
56.13428
65.61312
70.81336
77.52032
82.89366
85.75145
86.01770
6.85299
15.81018
25.76639
32.74571
40.74540
48.43607
58.43473
67.64727
71.61781
80.93485
92.37601
92.48474
100.66691
14.53372
23.95209
28.20909
30.82069
40.06725
47.74373
49.93651
56.63309
64.90368
66.35717
73.91011
79.89980
81.58006
9.51561
28.44299
39.94293
45.44561
51.23069
68.40798
79.78830
82.84893
85.57300
112.72409
120.52911
122.24595
126.49393
4.60350
20.34948
21.68496
29.67689
39.76636
47.29832
53.93895
57.45941
60.81483
72.82930
82.66452
97.15840
100.67675
16.04964
33.08974
47.45493
56.90875
65.55111
78.54417
90.82914
96.50328
98.69621
103.80037
106.92220
113.84067
115.56028
4.53016
8.95430
15.95874
21.47987
28.94284
39.74426
48.59691
57.76665
61.75183
70.45160
79.74148
81.33437
85.41125
5.68329
15.84011
27.50244
36.98357
42.46281
46.37329
61.02142
71.34757
74.21211
79.59425
82.93142
96.32340
97.87901
5.14648
8.43259
10.19961
18.76435
24.14142
27.31580
32.88022
42.06599
43.41851
45.93152
57.06289
61.66133
68.68710
15.41009
25.70587
34.86494
45.17479
55.53868
58.26278
66.93101
75.60019
76.50283
77.31630
84.67750
90.41207
98.54961
11.19309
15.99440
22.18361
26.32272
33.41080
40.95225
47.87462
52.47078
53.17778
59.79910
78.79756
83.95749
96.10005
13.54888
39.30682
44.74088
52.29441
64.88745
79.01405
86.86375
85.64969
89.75339
93.52665
104.34795
111.63605
115.13652
2.99543
17.19440
29.12431
35.57697
47.78045
50.85876
60.40117
79.47908
90.58637
90.43946
100.00981
104.79718
106.88221
29.66661
34.91948
39.71643
48.05073
55.13094
62.00654
66.56754
71.12410
71.78958
72.04430
76.15578
84.13765
98.59055
14.73844
22.04174
28.32226
34.24603
37.72889
47.13689
54.24505
64.00604
72.79534
74.31227
79.94831
97.84870
100.60542
4.42632
20.37851
30.86334
45.98549
61.60176
76.34556
90.95289
97.22720
101.47305
102.87484
108.97896
114.33813
121.52103
11.96249
24.14551
30.02125
35.50423
38.70561
43.96915
51.65260
55.91752
63.24804
74.57122
84.79470
94.59780
95.30364
11.15551
18.80050
32.46040
40.46866
50.92550
55.07048
61.35568
64.00202
66.46081
73.94473
89.63597
90.59102
109.33937
4.22605
6.85492
9.20567
16.34097
20.71872
34.15525
41.87933
45.92633
49.07856
51.58091
60.33829
62.01358
75.74072
8.29760
18.89074
23.27831
29.46976
46.81362
61.43116
61.80261
66.65443
69.55848
77.92623
93.77317
110.95854
117.93723
2.78585
6.81063
13.85621
20.29991
25.25073
30.35747
35.09525
43.54049
49.33972
53.73455
57.71269
61.63136
67.52047
7.23384
23.19834
28.06895
30.83792
33.55755
35.70160
43.45057
52.79377
57.28439
61.63633
69.28693
74.03377
86.10868
6.59342
10.24393
23.08601
30.32254
38.76670
39.69064
45.06293
55.23931
57.35755
68.15085
75.39975
78.50084
83.13564
11.62425
15.80197
25.01337
31.81353
32.50726
37.65114
49.43266
66.31135
66.33109
68.43238
71.70397
74.53097
88.58415
13.84996
25.92237
34.79328
40.52475
50.83055
55.19208
56.75897
58.13857
72.42975
73.09835
79.32611
93.09394
109.41215
2.89711
10.76681
22.27341
30.56339
38.39981
41.45026
47.79218
57.62357
73.48219
78.24514
90.04189
98.42035
107.41237
2.27679
19.58556
26.00490
38.63556
39.96496
47.70738
66.04625
75.06479
81.73539
92.27211
97.17766
98.16747
105.94866
2.07679
8.38089
15.51688
19.00102
20.24060
23.50549
27.96057
37.09501
47.21850
60.60974
65.80251
75.47931
84.02744
5.06897
14.55215
22.77802
27.46699
34.58124
54.12546
74.30036
90.93029
92.82438
97.60574
104.18217
108.58960
114.61315
8.99767
17.74205
30.50946
35.75223
52.00047
54.99432
69.75980
83.57655
86.18709
99.52796
105.97022
116.17333
116.54121
2.89240
8.55732
18.21058
32.44510
39.05343
48.78769
54.79269
71.97248
75.99493
78.69221
82.82224
95.21696
100.80846
1.21488
5.94211
6.84307
19.53069
25.77630
27.63704
40.02654
48.89579
54.11394
64.56184
80.24061
86.23899
92.09709
6.84834
11.23027
22.75120
28.49656
34.85760
45.36348
48.34338
50.28654
57.42955
63.46748
73.33026
75.52504
77.02200
6.05008
16.14239
28.39413
38.58326
48.42363
55.76223
58.80820
63.80669
66.76380
73.43391
83.39832
90.52783
93.82193
16.97179
23.61164
26.11498
36.46547
40.84202
46.26940
51.17437
57.60060
63.66074
73.86637
82.25543
85.65601
94.41093
9.78519
19.94949
23.30001
27.26042
32.73204
42.41805
44.34850
59.69219
75.18884
77.84417
85.33306
91.38695
95.05293
6.22434
9.61251
22.40647
28.88760
36.59790
40.63363
44.36734
49.89313
56.46724
60.90600
68.62237
76.85244
77.76393
8.03852
22.60941
26.34692
30.69693
36.12770
47.85133
52.15281
67.17786
73.87411
77.80333
84.68962
93.62562
102.85870
4.28369
12.22346
21.07574
31.29586
40.29612
50.58835
60.80028
65.74663
74.49410
85.73004
90.76600
99.61671
101.71051
4.45630
13.00492
15.99128
27.30869
39.49877
46.87897
50.55212
56.26593
63.55453
65.22620
84.13901
87.99701
89.66565
6.72439
9.35453
13.97250
19.68249
33.58190
39.03739
39.54211
48.24836
75.66522
83.61694
89.60092
91.51725
97.55952
