0.82507
1.46423
1.61007
2.00803
2.62098
2.91408
2.98541
3.39869
3.42204
3.50863
3.59201
3.78226
3.78266
4.32114
4.53299
4.67535
4.81806
5.36012
5.36012
5.42745
5.92039
6.00767
6.04243
0.48756
1.41874
1.46393
2.18712
2.66097
3.30840
4.31672
4.44217
4.77137
4.77144
5.57836
6.27710
6.63846
7.02054
7.46922
8.03829
8.22383
8.38732
9.21054
9.55586
10.07982
10.09187
10.41441
0.28945
0.71936
0.85043
0.97383
1.05921
1.13954
2.11262
2.32586
2.55684
2.61501
3.15993
3.21467
3.41907
3.66392
3.81914
4.17692
4.83532
5.44210
5.48088
5.88614
6.31820
6.34754
6.37401
0.08989
0.17110
0.71632
0.97076
1.28206
1.50155
2.30718
2.56313
3.17095
4.10394
4.23863
4.29584
4.67105
5.51258
5.74418
5.79361
6.09423
6.77228
6.96105
6.98051
7.56050
7.60811
8.32368
0.13725
0.31022
0.65289
0.75058
2.05382
2.09365
3.15887
3.25218
3.46049
3.91402
4.44029
5.02837
5.35084
5.98905
6.21960
6.23416
6.38072
6.43378
6.45703
6.75906
6.97009
7.55432
7.74665
0.65209
1.10052
1.14712
1.67121
1.81647
2.11503
2.24270
2.34109
2.67144
3.00593
3.29279
4.33643
4.50091
5.79642
6.62951
6.72579
7.00506
7.32392
7.63573
7.68852
8.44010
8.73546
8.74776
0.23628
0.58037
0.99566
1.23902
1.32663
1.89389
2.47621
2.70141
2.84479
2.99501
3.34462
3.48475
3.73426
3.89197
4.57650
4.65059
5.10079
5.97283
6.76421
6.88662
7.15511
7.47968
7.52088
0.22484
0.26175
0.52194
0.97829
1.15828
1.42470
1.44129
1.59890
1.93440
2.15823
3.14678
4.28859
4.82467
4.94601
5.26562
5.51709
5.91561
6.14795
6.15945
6.74645
7.40913
7.61971
7.86873
0.27877
0.39222
0.59162
0.80075
0.97592
1.03450
1.34995
1.78573
2.15059
2.47556
3.13236
4.35387
4.37356
4.63798
4.88232
5.60252
5.97349
6.89613
7.25849
7.57452
7.84642
8.06630
8.57202
0.45949
0.62178
0.74950
0.78888
1.27275
1.49347
2.19878
2.30623
2.49629
2.58754
2.58761
2.92770
3.01717
3.04939
3.38352
3.77119
4.04322
4.57695
5.05289
6.10111
6.38220
6.69068
6.74410
0.03495
0.26836
1.05516
1.50050
1.96727
2.51522
2.63572
2.81622
3.69956
3.96766
4.19625
4.40100
4.90776
5.36687
5.46498
6.01499
6.42864
6.53097
6.87402
6.96313
7.88090
8.06354
8.20019
0.16592
0.46030
0.46144
0.63582
1.05933
1.10885
1.19698
1.71971
2.30103
2.46809
2.57118
2.61461
3.12496
3.74428
4.19977
4.29501
4.89357
5.70299
5.76427
6.94666
6.94688
7.18051
7.51188
0.63700
0.92049
0.93110
1.67149
1.90064
2.23607
3.13917
3.46810
3.47035
3.55402
4.11595
4.12330
4.87031
4.90737
5.58086
6.35376
6.40291
7.24316
7.76299
8.40545
8.59031
8.82411
9.49886
0.26912
0.71923
0.86194
1.36826
1.43208
1.78589
1.97357
2.61933
2.63411
2.86386
3.84250
4.06737
5.02359
5.21629
5.28992
5.47230
6.17922
6.22934
6.84924
6.88778
7.15574
7.28789
7.71966
0.39561
1.31629
1.63050
2.23941
3.10568
3.64088
4.47561
5.29052
5.29409
5.56082
6.31078
6.35987
6.73803
7.52586
7.80255
7.89949
8.02451
8.18336
8.19107
8.21719
8.67987
9.29984
9.57014
0.35754
0.35757
1.04858
1.16343
1.54152
1.54858
2.12909
2.15808
2.27459
2.84435
3.15690
3.31232
3.63237
4.12788
4.33112
4.80517
4.97076
4.99108
5.34002
5.51173
5.61472
5.70899
5.82170
0.15774
0.91124
1.22783
1.22977
1.69944
2.04976
2.47418
2.48329
2.81848
2.97895
3.25788
3.29941
3.58351
3.81314
4.11659
4.76899
4.95233
4.95566
5.04287
5.07787
5.23973
6.32938
6.39185
0.10278
0.41940
0.68558
1.07307
1.74084
1.84655
2.08905
2.30573
2.57403
3.17497
3.49474
3.93862
4.63643
4.64345
5.20154
5.34955
5.56377
5.93738
6.20055
6.37141
6.52353
6.56325
6.57609
0.02418
0.12144
1.40130
1.54007
1.71010
1.82281
2.48011
2.87202
3.16874
3.41421
3.61460
3.72436
4.06362
4.15950
4.93160
5.82542
5.85974
6.27312
6.29920
6.34533
6.37099
6.89064
7.41855
1.30687
1.69625
1.82838
1.89672
2.16142
2.54839
2.89514
3.41486
3.51970
3.66798
4.07850
4.09382
4.51906
4.63305
4.73152
5.11114
5.43623
5.89849
6.05483
6.07963
6.20003
6.65620
6.67651
0.07605
1.00867
1.81005
2.38360
2.73702
3.74386
4.59176
5.11587
5.45560
5.63700
6.23910
6.37580
6.42260
6.45625
6.67814
6.83601
6.92882
7.37668
7.72790
7.95486
8.13460
8.71921
9.35785
0.04676
0.46220
0.61738
0.91323
0.93080
1.04109
1.41715
1.41715
2.51490
3.03506
3.22504
3.56288
3.59818
3.99188
3.99199
4.15788
4.19100
4.24281
4.29355
4.49328
4.90547
5.39163
5.95434
0.46546
1.02188
2.31953
2.81937
2.97762
3.06805
3.60662
3.87993
4.54077
4.59562
4.69823
4.70690
4.80807
5.15146
5.52180
6.07314
6.41444
6.65787
7.10427
7.41742
8.02382
8.12789
8.12929
0.07595
0.39507
0.41472
1.44520
1.93358
2.25642
2.65743
3.25606
3.44061
3.85924
4.18523
4.18545
5.23310
5.44135
5.52935
5.61804
5.62821
5.63575
5.71008
6.14175
7.39511
8.27418
9.30767
0.20831
1.51650
2.17575
2.38766
2.63942
2.96519
3.52185
3.57727
3.85996
4.03924
4.06064
4.44067
5.00330
5.13748
5.14636
5.14637
5.91963
6.00210
6.26745
6.47254
6.89293
7.00378
8.00930
0.38500
0.83443
1.42158
2.25325
2.79723
2.89601
3.15138
3.25064
3.92009
4.56136
5.10669
5.15510
5.59579
5.81992
5.86156
5.89197
6.45492
6.67537
7.17319
7.19746
7.50006
8.32645
8.66551
0.11797
0.70412
0.71928
1.24961
1.51575
1.71549
1.74659
2.20662
2.47646
2.47765
2.83341
3.17303
4.07141
4.73277
4.77206
4.79519
4.82584
5.10355
5.63286
5.98413
6.58495
6.78959
6.97181
0.26977
0.44516
0.95792
1.30715
1.90016
2.35504
2.35660
2.35945
2.52004
2.80285
3.10174
3.44633
3.76956
4.02095
4.23666
4.72017
5.39109
5.68245
5.70465
5.87098
6.37122
6.58998
6.63857
0.09504
0.27470
0.45580
1.05586
1.33702
1.43724
1.60839
1.86944
1.98503
2.27898
2.28179
2.41533
3.17401
3.60175
4.72689
5.29198
5.73977
6.21024
6.59211
7.19225
7.64014
7.68983
7.99191
0.31844
0.33633
0.55435
1.01614
1.08303
1.31937
2.05400
2.66719
2.89385
3.49998
4.31859
4.45133
4.45134
4.73999
5.16043
5.49383
5.52848
5.92727
6.00097
6.00123
6.26210
7.00069
7.81797
0.22844
0.63710
0.88311
1.33239
1.81913
2.10274
2.41234
2.41299
2.96054
3.06203
3.37588
3.61330
4.03135
4.43864
4.44632
4.83336
5.06569
6.01051
6.45994
6.46013
7.16844
7.19999
7.58682
0.25500
0.70180
1.01136
1.12437
1.79201
2.06723
2.14350
2.22361
2.52337
3.09531
3.81600
3.93664
5.30113
5.54357
6.02453
6.33118
6.86843
7.49306
8.29404
8.79600
8.97031
9.77203
10.05502
0.11315
0.14427
0.36153
0.86384
0.86450
0.91152
1.61735
2.49073
2.90247
3.20585
3.28646
3.41509
3.43841
3.50536
4.01688
4.18494
4.48129
4.58350
5.04749
5.58508
5.80455
6.86279
7.30464
0.41281
0.67501
0.79215
1.45281
2.20047
2.49382
2.99937
3.11357
3.74033
3.93179
4.06080
4.21395
4.41964
4.62168
5.00632
5.11538
5.14101
5.64610
6.68770
7.14510
7.24474
7.36801
7.64987
0.02187
0.19376
0.63597
1.57944
1.85843
1.98049
2.58324
3.56481
3.76445
3.78196
3.89731
4.25639
4.59860
4.72767
4.98527
4.98554
5.87388
6.32307
6.36075
6.96920
7.07218
7.47240
7.97603
0.59045
0.67739
0.71279
0.88266
1.51726
1.54353
1.74240
1.88355
2.40792
3.16998
3.40368
3.63184
4.00603
4.41559
5.05153
5.38875
5.46772
6.89272
7.31455
7.98886
8.17189
8.19076
8.68846
0.11573
0.23148
0.27142
0.64454
1.10888
1.12564
2.12038
2.83846
2.99959
3.21461
3.63978
3.65741
3.69161
3.82193
4.19574
4.24314
4.28812
4.59243
5.11794
5.28437
5.42676
5.69704
6.01146
0.04039
0.17086
0.46380
1.03447
2.24433
2.42345
3.22463
3.68553
4.22078
4.84690
5.31476
5.36564
5.56160
6.10960
6.58380
6.80876
7.01489
8.11501
8.31399
9.11179
9.17185
9.78504
10.37346
0.03915
0.76803
1.02360
1.34151
1.39425
1.41875
2.21462
2.23345
2.79384
2.82808
2.92219
3.42406
3.58804
3.74414
4.58578
4.79265
5.54360
5.91202
6.25401
6.41187
6.51961
6.52473
6.82452
0.18050
0.20608
0.28371
0.74231
0.82499
0.88139
1.07869
1.52178
1.94755
2.13300
2.44290
2.49644
2.92986
2.99614
3.32814
4.42367
4.58849
4.83727
5.22585
5.75731
5.76342
6.08438
6.34274
0.44493
0.47287
0.89567
1.05472
1.30626
1.69481
2.24406
2.66813
2.79581
3.16789
3.19719
3.49422
3.57584
3.72109
3.95789
4.65450
4.98696
5.11055
5.46089
5.88325
6.44757
7.39636
7.54930
0.14698
0.17719
0.24531
0.73344
1.50130
2.01974
2.32711
2.96564
3.15407
3.20399
3.60968
3.87950
4.00201
4.02842
4.07658
5.07018
5.07566
5.40398
5.64123
6.46245
6.85635
6.95480
7.21758
0.51405
1.03719
1.21744
1.26091
1.26227
1.34121
2.03739
2.11784
2.67578
2.95502
3.23442
3.51631
4.29105
5.02761
5.04492
5.29119
5.30537
5.36432
5.71105
5.96249
6.01654
6.79869
7.16553
0.17512
0.29930
0.67335
0.72142
0.91840
1.45654
1.66800
1.83353
3.03168
3.58836
3.82545
4.14992
4.33054
4.88045
5.09655
5.12337
5.27359
5.89713
6.28884
6.56855
6.69823
6.96295
7.03608
0.32061
0.44954
0.61999
0.92025
0.99475
1.08976
1.33458
1.44659
1.78413
2.71461
3.08032
3.23014
3.76716
4.43013
4.47553
4.74874
4.99757
5.59810
6.51009
6.54767
7.22675
7.73770
8.00750
0.17738
0.26749
0.70326
0.88311
0.96451
1.17875
1.65552
1.76960
2.26324
2.50811
3.00685
3.22909
3.54426
3.78264
4.62490
5.26864
5.28052
5.42559
5.53315
6.42546
6.62880
6.81355
7.25326
0.10318
0.40703
0.51970
0.53113
0.89142
1.10216
1.47252
1.64922
1.78923
1.81418
1.93804
2.41109
2.42395
2.70769
2.88075
3.78679
3.85889
4.12968
4.50980
4.74823
5.02234
5.17004
5.19106
0.53788
1.11714
2.14069
2.15074
3.50988
3.64245
3.97662
4.07813
4.99160
5.34376
5.68793
5.84403
6.02310
6.10540
6.59257
6.89428
7.12593
7.86766
8.40996
9.06410
9.33002
9.76298
9.89167
0.10858
1.01735
1.12423
1.39492
1.59560
1.97310
2.15242
2.16434
2.89059
3.28164
3.54304
3.60243
3.60471
4.28713
4.37349
5.13297
5.60288
5.63312
5.85204
6.35695
6.51123
6.60561
6.80686
0.33003
0.76314
1.04659
1.47769
1.67222
1.91165
2.50287
3.84831
4.16168
4.17835
4.68235
4.76821
4.86319
5.45305
5.67382
5.78462
6.15485
6.47352
6.91651
7.01905
7.58438
8.14685
8.54565
0.16177
0.40162
0.67439
1.58292
2.95567
3.45626
3.94832
4.04199
4.38407
4.62196
4.95459
5.23855
5.37883
5.38508
5.73465
6.20912
6.44255
7.10066
7.42106
7.49875
8.35272
8.46059
8.56794
0.14616
0.25311
0.44265
0.71866
1.36735
1.82051
2.31086
2.55787
2.63452
3.01544
3.19309
3.94320
4.28855
4.73535
5.11180
5.11222
5.36402
5.36740
5.86124
6.15894
7.31240
8.49345
8.55151
0.18305
0.66147
0.90154
1.58820
1.79319
2.01715
2.05502
2.50606
2.54710
2.81031
2.94490
3.04631
3.26959
3.62489
4.26964
4.54853
5.11016
6.02988
6.59146
7.56999
8.14898
8.85332
9.30639
0.37982
0.38045
0.47267
0.83111
0.96372
1.09192
1.20221
1.71002
2.14858
2.28763
2.62620
2.69220
2.90849
3.02083
3.41337
3.50631
4.03040
4.53471
4.70102
5.24182
5.25237
5.74006
5.88599
0.88762
1.27235
1.37269
1.51267
1.67985
1.68840
1.72587
2.00495
2.83365
3.24261
3.48400
3.56458
3.81467
4.18068
4.60211
5.00165
5.31183
5.58335
6.06295
6.28602
6.33200
7.39860
7.50634
0.60390
0.68691
1.09101
1.63823
1.64645
1.69732
2.01837
2.36993
2.37821
3.18649
3.61708
4.33590
4.68152
5.35811
5.81833
5.92777
6.97449
6.97996
7.15100
7.68359
7.89042
8.42677
9.08635
0.19281
0.55664
0.91930
1.79806
2.22922
2.29580
2.53461
2.79277
3.50402
3.71202
4.18702
4.45139
4.68339
5.24211
5.49125
5.57216
5.74284
5.81070
6.14400
6.39643
7.32464
7.58606
7.74230
0.43353
0.72724
0.97698
1.11567
1.31403
1.83873
1.89882
2.35557
2.39317
2.60446
3.32466
3.47281
3.61102
4.00232
4.04563
4.30919
4.49661
5.38141
5.39782
5.42788
5.61368
5.88534
6.33866
0.04425
0.22564
1.04710
1.10957
1.23373
1.40630
1.78218
3.42740
3.47868
3.86472
3.88565
4.05884
4.13018
4.61987
5.06225
5.53174
5.92739
6.01514
7.08533
7.33601
7.68856
7.82690
8.14178
0.20070
0.89365
1.24799
2.85023
2.89746
3.15255
3.31764
3.72336
4.01208
4.24046
4.59327
5.14135
5.29548
5.96405
5.96674
6.47835
7.13906
7.49343
7.80963
8.19794
8.38280
8.72985
9.12300
0.08191
0.23874
0.74026
1.31281
1.54464
2.02454
2.37339
2.69447
2.93914
3.06722
3.27281
3.91363
4.26242
4.33975
4.90734
5.11721
5.85232
5.90986
6.13932
6.69761
6.94375
7.50962
8.17199
0.48731
0.80462
0.94671
1.79581
1.79655
2.41524
2.45203
2.56122
2.72574
3.00212
3.26006
4.04904
4.14192
4.30331
4.32750
4.78975
5.30290
5.50042
5.64224
6.16810
6.91454
7.18429
7.47090
0.40069
1.11741
1.65947
2.68961
2.73471
2.88738
3.00372
3.13510
3.46270
3.70294
4.17349
4.20775
4.37093
4.74502
5.68017
5.70664
5.73638
6.21314
6.46381
6.67144
7.20849
7.41976
7.56369
0.93829
0.99801
1.58811
2.15473
2.71400
2.77734
3.58087
3.70993
4.00874
4.35553
4.59241
5.00846
5.10638
5.34399
5.51359
5.95246
6.06903
6.30721
6.59265
6.64582
7.76808
7.78335
8.17799
0.23148
1.02548
1.40304
1.79906
1.87506
2.19531
2.27428
2.51235
2.65924
3.36519
3.48418
4.16470
4.24919
4.42917
4.95689
4.99517
5.43781
5.91171
6.65467
7.02286
7.16861
7.31809
7.72448
0.24395
0.35900
1.14974
1.21851
2.29805
2.50629
2.66591
2.92479
3.14391
3.53353
3.68505
4.40903
5.40292
5.48064
5.85074
6.03240
6.05642
6.49280
7.21131
7.67341
7.86196
8.19077
8.36451
0.35911
0.99691
1.49190
2.22176
3.01471
3.08180
3.59799
4.07488
4.34262
5.11278
5.12306
5.22533
5.56829
5.85740
6.15196
6.33914
6.56443
6.60184
7.19351
7.37583
7.50882
8.20436
8.77219
0.06003
0.11849
0.41856
0.55828
1.37061
1.56279
1.88896
3.13125
3.40667
3.67710
3.82271
4.16987
4.56108
4.89330
4.94774
5.31034
5.76527
6.42031
7.40049
7.40374
7.84001
8.16561
8.60393
0.17680
0.58326
1.02117
1.30404
1.68872
1.85327
2.42822
2.52762
2.99464
3.41462
3.86086
3.96387
4.34166
4.68793
5.38429
5.52937
5.83815
6.25418
6.57533
6.92424
6.92774
6.98753
7.26839
0.09522
0.29454
0.61306
1.31259
1.92981
2.10339
2.45245
2.78149
3.07254
3.42262
3.98005
3.99551
4.07628
4.14609
4.67518
4.75153
5.55839
5.76034
6.64383
7.22069
7.93260
8.02345
8.31425
0.01700
0.04137
0.15897
0.21900
0.74804
1.32028
1.38377
1.71766
2.40690
2.55184
2.67549
3.05224
3.32942
3.48040
3.59146
3.65529
4.28944
4.76299
5.02486
5.15340
5.33164
5.40144
6.44062
0.45772
0.85437
1.34492
1.85731
1.94235
2.31485
2.65989
2.66011
2.86577
3.32426
3.92441
4.28411
4.77355
5.02890
5.26670
5.33874
5.99513
6.65540
7.18816
7.59738
8.40730
8.45249
8.48369
0.11005
0.77054
1.14733
1.44921
2.17372
2.45069
2.57510
2.91247
3.05063
3.33284
3.39274
3.46090
3.47222
3.77863
4.26000
4.28842
5.01063
5.25348
5.33697
5.70888
6.27253
6.56082
7.49977
0.97755
1.10367
1.49026
1.86377
2.29701
2.42272
2.52902
2.55285
2.84049
3.11242
3.59664
4.05611
4.23732
4.63692
4.93292
4.98065
5.06467
5.97269
6.03786
6.07926
6.33286
6.50303
6.57180
1.10278
1.73690
1.74258
1.81685
2.45166
2.96824
3.05515
3.46468
3.94942
4.30154
4.44682
5.18571
6.42030
6.52765
7.11461
7.14299
7.33795
7.59193
7.70030
7.97870
8.22030
8.84061
9.04362
0.18262
0.50709
0.69576
1.06678
1.44078
1.47523
1.89847
1.91751
2.38985
2.78117
2.92727
3.36785
3.73079
3.93699
4.28945
4.37077
4.41322
4.68304
4.95100
5.19710
5.63743
5.95224
6.14536
0.31795
0.40415
0.73138
1.52358
1.54532
1.77957
1.79195
1.81531
2.23278
2.65994
3.45431
4.01978
4.50349
4.73521
5.23516
5.70346
5.81348
5.86461
6.48619
7.33163
7.48567
7.99813
8.38654
0.28367
1.05792
1.32330
2.17268
2.72810
3.00646
3.05201
3.47316
3.86282
4.23073
4.31115
4.52726
4.88384
5.03973
5.17168
5.54804
5.97721
7.18539
7.72294
8.90819
9.34639
9.86605
10.56542
0.57508
1.22013
1.22892
1.74604
1.75407
2.54475
2.55305
2.64060
2.83173
2.84348
3.16231
3.21089
3.60851
3.65820
4.04638
4.13501
4.83005
5.14210
5.55487
5.68696
6.11834
6.75653
7.32767
0.37406
0.56432
0.69477
0.74363
0.75660
0.97350
2.19700
2.31380
2.52332
3.05396
3.41798
3.63667
3.86843
4.02034
4.10061
4.12985
4.13058
4.54305
4.95826
5.17812
5.62215
5.83978
6.35899
0.11225
0.39573
0.51882
0.78835
1.14335
1.45010
1.61880
1.91146
2.04064
2.04175
2.08651
2.44147
2.60930
2.90842
3.17477
3.64450
3.94215
4.01294
4.16402
4.51310
4.57269
4.75135
4.93001
0.18812
0.39800
0.51308
0.54547
1.04290
1.23977
2.09964
2.10006
2.31368
2.62302
3.14690
3.27196
3.42504
3.81469
3.83669
3.84286
4.47719
4.48052
4.64722
4.70065
4.89133
4.98234
5.46369
0.14072
0.26617
0.74826
1.21075
1.91583
2.13909
2.23787
2.98164
3.51904
3.60890
3.98121
5.27177
5.42252
5.95545
5.96013
6.69332
7.09093
7.52190
8.02815
8.23519
8.48432
8.61073
9.99092
0.10169
0.30329
0.69093
0.81343
1.51709
1.88164
1.94630
2.22233
2.39937
3.06380
3.09138
3.35531
3.38333
3.57396
3.78051
4.33240
5.22792
5.35564
6.33114
6.33910
6.34202
7.19004
7.70095
0.18615
0.42764
0.49627
0.60422
0.74990
1.60507
2.12157
2.16946
2.83739
3.40420
3.97283
4.27004
4.52672
4.79773
4.95175
5.55633
5.63758
6.73441
6.88308
7.33918
7.91019
7.97161
8.62981
0.22382
0.28863
0.81838
0.82040
1.21316
1.40087
1.40964
3.07094
3.44813
3.80915
5.25070
5.65022
6.05881
6.27491
7.53950
7.85007
7.93553
8.23614
8.99804
9.00062
9.41665
9.65497
10.09964
0.65559
1.06075
1.31579
1.70051
2.01340
2.70790
2.79475
2.85408
2.85434
2.99590
3.24044
3.49262
3.73388
4.23499
4.85550
4.94301
5.00894
5.55971
5.76874
5.87025
6.08258
6.19720
6.57298
0.53882
0.65522
1.16101
1.17395
1.26345
1.49929
1.58559
2.35692
2.41123
3.22206
3.81943
4.36379
4.45655
4.50596
4.55835
4.75149
4.91267
5.35383
5.71168
5.99810
6.21734
6.88270
6.88691
0.57496
0.72993
1.54565
1.93368
2.68151
2.74469
3.08626
3.24030
3.51093
3.86515
4.11079
4.37566
5.02688
5.73319
6.44497
7.05820
7.58126
7.96052
8.11630
8.24758
8.35159
8.36603
8.72619
0.60463
0.96596
1.17766
1.19695
1.42165
1.56016
2.59264
2.70403
2.89720
3.33830
3.75485
4.03457
4.21757
4.68709
4.93549
5.47727
5.63966
6.05647
6.25206
6.50289
6.62430
6.96307
7.29015
0.29961
0.95665
1.12568
1.15905
1.35151
1.62010
1.98110
2.05027
2.25615
2.77687
2.94888
3.97555
4.13104
4.42372
4.97332
5.77959
6.23982
6.65033
6.68709
7.38329
7.47117
8.14690
8.50790
0.15255
0.64308
0.83645
1.61276
1.84288
2.23609
2.27547
2.67874
3.27528
3.70489
3.85401
3.97327
4.37378
4.55824
5.31188
5.76763
5.88591
5.93323
6.39143
6.50596
6.62969
6.64099
7.08620
0.17721
0.24435
0.26910
1.15281
1.98145
1.98603
1.99888
2.36603
2.63850
2.93083
3.22397
3.27272
3.31545
3.31938
3.37776
3.61773
4.11925
5.09118
5.46363
5.51802
6.13694
6.21315
6.58871
0.10519
0.65962
1.00056
1.17096
1.54458
1.61909
1.87964
1.90071
2.36791
2.72119
3.08282
3.41993
3.44822
3.57810
3.61683
4.00299
4.05130
4.31182
4.73075
4.98193
5.30074
5.88579
6.15162
0.21178
0.21178
0.41223
0.58501
0.79603
0.84040
1.05971
1.42378
1.70484
1.89298
2.37248
2.40999
2.65399
2.99794
3.56913
4.16555
4.53901
4.91051
5.55003
5.55342
5.97122
6.04293
6.90402
1.17886
2.51494
3.26326
3.35210
3.50608
3.51983
3.70592
4.49361
4.67838
4.86496
4.94489
5.07870
5.46047
6.62880
6.76686
6.81843
7.32136
7.40325
7.41810
7.57863
7.97709
8.42948
8.70925
0.18326
0.35328
0.53989
0.61987
1.06290
1.75174
2.28917
2.43228
3.09609
3.21610
3.59719
3.73981
3.99010
4.23894
4.36670
4.89631
4.96025
5.00005
6.21873
6.24132
6.35085
6.61615
7.31253
1.10267
1.55968
1.57390
2.02454
2.42595
2.43556
2.76235
3.13619
4.02492
4.09820
4.18738
4.24109
4.27522
5.11438
5.64187
5.74878
6.79736
7.33171
8.08580
8.56497
8.63459
8.71381
9.20895
0.93189
1.44423
1.97349
2.15279
2.38653
2.69674
3.21247
3.51787
3.65915
3.67062
4.40930
4.44422
4.58677
5.76206
6.47637
6.60343
6.80915
6.81666
7.25723
7.59682
7.65955
8.45934
8.86918
0.42940
1.20058
1.44443
1.45530
2.33715
3.02982
3.06083
3.53862
4.50355
4.55107
4.68696
5.00219
5.37093
5.56387
5.68786
5.90931
6.71014
6.94299
7.78990
7.87761
8.38517
8.77464
8.93368
