14.24044
14.68345
14.72947
14.91037
15.12067
17.42393
1.05642
1.84946
2.97125
3.17074
3.47318
3.47345
14.62983
14.64539
14.88069
15.67930
15.73207
16.45546
9.21009
9.64473
10.71872
10.75371
10.75443
10.84111
3.57906
4.41244
5.20945
5.46607
5.46626
5.48721
1.50090
1.92321
1.92826
2.20434
2.89323
2.92236
34.30370
34.34218
34.77493
36.30094
36.71065
37.49069
35.04605
35.08690
35.61868
35.66413
35.70024
36.04968
10.87802
9.22848
9.43964
9.91835
10.31261
10.70862
25.72705
23.96731
23.96748
24.12175
24.63854
24.72372
2.91982
2.96113
3.15077
3.62786
4.06359
4.69516
13.42150
9.23246
9.78793
10.65028
10.66971
11.13778
13.46746
13.89402
15.16996
15.80482
15.84636
16.99742
12.89838
13.01897
13.18266
13.18768
13.70707
14.69028
2.00774
2.12783
2.28263
2.42613
2.76727
2.79636
0.04245
0.89321
0.96949
1.10293
1.21553
1.53164
3.76613
4.19382
4.87455
6.29770
6.47144
6.66294
3.67850
3.71973
3.96779
4.48192
4.63980
5.03032
16.00539
18.74189
18.81532
20.21864
21.07690
21.21274
5.59021
3.38756
3.38934
3.47755
3.63887
4.14956
9.22210
5.24665
5.43851
5.55922
6.16233
6.17606
37.58581
37.58602
37.89030
38.06355
38.17189
38.17649
13.77502
14.29727
15.00291
15.35206
15.45652
16.48993
14.17342
13.59228
13.94430
14.37278
15.50353
15.57578
2.97893
5.04344
5.97481
6.38421
6.57584
9.68245
9.07663
9.63914
10.67898
10.86576
10.99879
11.20072
37.60393
37.81377
37.85544
37.18443
37.92118
37.99549
1.44514
2.28791
3.15078
3.33554
3.78501
3.81476
33.60450
33.49639
33.81492
34.52840
34.53119
34.53539
9.12928
9.49581
9.51746
10.35524
11.61848
11.61912
5.42124
5.58932
6.27445
6.67335
6.67975
6.87927
8.14994
8.71038
8.91009
9.06454
9.33681
9.39207
29.33167
29.35028
29.86847
30.24514
30.24937
31.39107
42.64306
43.62282
43.96301
43.99338
44.31643
45.33580
1.61681
1.61773
2.82394
3.11681
3.13758
3.18906
6.87282
8.53986
8.57460
7.13540
7.23989
8.24717
1.02825
1.03652
1.06585
1.08900
1.09189
1.17733
14.20047
12.10068
12.64645
14.04148
14.07387
14.76306
41.63631
41.71955
42.05219
42.73459
42.87212
42.96178
30.37142
30.46349
30.74332
30.81674
30.82135
32.48303
11.95221
11.96361
12.60381
12.86810
13.50249
13.97906
24.46954
24.83190
24.92104
24.96678
25.43953
25.79771
63.52306
63.53216
64.01334
64.34314
65.02882
65.02943
8.67921
9.05961
9.21539
9.72158
10.07056
10.77425
17.51783
17.69673
18.28137
18.64694
18.88477
19.54790
16.60181
12.11355
12.17309
12.53284
12.53442
12.96064
0.13670
1.06714
1.12976
1.35902
1.35904
1.46537
14.58140
14.60210
14.71541
15.24556
15.49712
15.49976
53.06331
53.44331
53.77506
53.81606
53.90676
54.69592
2.80423
2.97142
3.01806
3.05140
3.73994
3.74083
