5.19140
17.85201
23.79357
36.62825
57.74754
61.13809
71.12912
80.69222
93.24351
103.62400
129.65536
135.31418
146.02741
155.31469
171.59640
183.82726
198.86377
204.94072
225.49975
7.13599
28.82236
41.12789
41.81788
72.41599
86.03523
101.41045
115.97318
141.85907
149.30317
158.29957
165.95197
187.19037
203.17370
224.71783
229.36029
241.69858
255.57661
260.56674
6.30798
19.61898
27.49303
30.02204
47.89281
61.80971
70.48161
82.67167
88.77968
99.13134
111.55971
141.93929
155.34043
162.24217
164.29962
169.99343
174.46081
177.77679
198.76376
8.32523
12.74118
38.62130
54.61842
59.13733
65.96560
77.93976
84.27415
93.09490
101.17777
116.67058
129.62918
135.56230
159.73618
172.52697
183.50659
212.21633
227.38602
231.41320
14.05376
24.67738
29.81429
35.20458
38.27331
50.88192
67.11956
75.87903
86.60907
104.69379
125.65690
141.67762
153.03982
157.33937
177.85345
190.38697
206.66261
209.54964
212.78665
14.78770
30.80224
41.64743
59.88687
71.88822
97.55434
98.89553
107.19167
110.59903
125.71625
137.05367
148.06999
159.63320
174.61092
180.51036
185.03832
204.20362
211.14137
231.20114
10.05692
24.48710
32.18799
37.25332
80.92941
91.02491
94.32023
122.14367
134.57688
142.84526
146.40246
159.30521
159.98685
175.64284
180.36519
183.66160
192.10642
193.94709
211.59462
6.18503
39.01838
41.32677
57.80890
83.91841
101.60168
113.04202
115.98091
123.78546
127.13431
134.02382
143.73314
147.73113
154.25813
164.47658
168.59291
183.30663
185.98657
198.90532
30.21365
45.16303
55.85481
59.74174
70.37249
75.17981
90.60236
94.77237
110.55871
125.20981
128.71986
144.92967
149.52555
159.39976
200.61062
226.63144
234.18889
250.42531
256.15906
2.46592
10.49297
18.85621
27.62638
40.43808
42.90810
56.40218
68.28291
83.39029
86.17918
94.16924
107.31941
118.20234
120.76878
123.21708
135.82207
137.12892
161.10204
163.45256
8.25826
24.95638
36.05892
44.71532
65.99840
73.21693
83.21114
93.17591
105.79316
126.31048
139.58790
144.67369
154.51122
157.64718
173.35774
187.66126
192.59210
212.47396
218.64245
18.81302
24.42980
30.39983
40.71928
56.89572
63.80777
73.65518
76.54136
83.32854
94.08543
107.24084
120.71834
132.06327
134.40725
139.32814
143.60140
151.15522
157.01268
167.62287
17.49983
41.06550
48.79561
55.33284
56.78210
73.98711
94.98048
101.66039
106.83523
118.57963
125.36028
133.71091
142.32581
147.61549
166.69047
174.01160
182.63991
185.53057
188.98842
9.06268
16.13465
38.67707
46.28261
49.52569
57.61821
66.13070
71.31332
76.71560
83.52025
89.38198
95.12712
98.85265
104.55064
122.21145
136.39912
150.53976
174.32222
195.09011
12.37835
15.40608
20.22120
31.18811
39.07794
49.61172
58.51163
75.94802
85.77498
95.40647
109.73556
115.07443
120.78921
128.91637
137.88860
140.90853
145.20874
159.65534
173.45367
9.79687
29.77531
38.16600
41.03409
49.86266
55.92217
71.80749
80.29362
91.38256
95.70392
112.65334
113.28650
116.53303
128.41854
132.86814
146.96313
149.67706
171.25314
174.81778
6.67975
16.54620
31.27447
43.25503
46.17106
50.49672
52.78283
67.85882
77.92787
85.49895
97.31053
108.18882
130.59868
135.79589
147.81779
149.26135
150.82194
157.04930
164.79410
1.25065
5.43595
16.85808
26.89820
40.25158
46.03758
57.02781
68.92033
80.72970
83.82786
91.84776
95.85262
100.84840
110.36399
121.76813
125.23673
133.03072
152.67902
154.76209
14.78783
26.46227
38.09198
53.22645
58.06027
75.45102
85.75448
113.12124
126.38526
128.71030
143.78291
160.22334
170.73357
175.29827
185.56636
189.28121
198.00719
203.68104
216.57922
8.04858
22.18630
44.49720
56.27612
70.22208
97.76080
111.37937
139.15238
142.63179
152.24229
158.80519
161.85888
166.60504
170.05464
179.09409
187.00976
189.22961
203.02878
216.33563
2.88714
12.01658
19.51500
39.87477
56.03965
60.17979
75.91706
101.10945
102.05404
104.50081
125.37606
136.93640
143.11672
146.79398
154.47245
163.95785
176.86709
194.71851
209.28466
10.83414
21.95670
31.17717
47.71243
56.02379
69.82916
80.41876
85.93621
100.94628
107.29341
119.05860
125.77827
134.84688
141.78848
148.61230
156.64705
177.55155
184.35332
187.48777
13.11839
18.43054
26.20736
33.41108
46.24934
49.53034
59.04432
71.63415
75.53389
86.28985
95.91518
111.75230
119.89050
128.83444
143.64301
154.85180
169.40716
178.52416
196.60918
8.14061
12.37072
33.88279
43.36165
50.21097
62.76263
75.18319
93.48114
99.81307
102.71314
107.97922
133.67337
151.23315
160.36305
181.06331
211.02040
219.30240
220.79609
227.23666
22.06401
27.91933
41.94924
47.59125
54.29745
58.72935
65.46287
74.59253
82.92120
85.59401
91.26152
100.85440
103.20132
116.03709
136.14471
154.19667
162.08334
168.42690
175.60103
16.09047
35.10309
41.15345
54.99766
57.38736
67.23106
80.83884
84.88193
92.55966
103.13826
106.60948
108.13311
112.63848
119.69166
126.60027
142.01285
152.16221
162.57602
173.29474
4.00219
17.61815
21.67808
31.88256
45.35174
54.53855
72.90948
79.53257
84.86751
96.68689
105.48664
128.30839
134.02765
153.97388
169.17554
174.55697
192.99881
221.25313
230.76826
3.73422
21.82268
34.05625
59.17158
83.96430
110.00302
127.40269
139.05691
155.81751
159.70909
195.00789
199.54771
229.19157
243.62455
258.44238
268.34657
274.27114
281.00690
299.71344
10.24624
14.04523
21.40886
29.10766
36.01887
49.30164
59.00418
95.39238
119.80181
121.05771
129.50028
146.97423
161.37692
166.11544
171.00675
176.17365
193.08539
205.20281
210.31233
6.35965
17.67164
18.59309
25.18852
32.33691
41.15544
49.85416
58.17071
76.49255
81.56623
93.10727
106.48649
114.81404
127.98742
151.61546
155.42420
162.15541
171.61243
175.60596
5.32308
10.27530
21.87419
31.88707
53.36114
63.13130
65.10442
76.97031
81.91140
93.38933
108.91683
126.67511
139.63951
158.07459
164.84856
169.83219
208.84757
217.75938
218.74417
9.74130
23.30385
36.45228
42.69098
58.73201
66.80157
73.91855
79.75522
81.69244
88.69004
110.90959
119.87868
136.75992
142.07546
155.18876
177.78431
187.74183
191.36220
201.55973
13.68364
40.57797
50.47396
67.78583
76.94489
91.35624
110.40335
115.91348
121.47575
127.50078
149.93912
158.12801
163.94009
173.57959
186.43557
221.73670
246.86726
263.88364
287.33353
18.66280
39.10017
52.50642
61.59808
82.13430
105.85350
128.91488
141.03356
145.50467
156.82260
160.89518
167.59436
181.08933
187.56351
192.49263
193.55455
204.73539
208.57599
213.08251
14.24602
23.32080
53.17454
62.29042
70.73093
77.65847
80.61535
101.00506
110.63574
117.72140
134.46017
150.31023
164.40311
189.37252
204.96414
215.37737
216.94334
240.37619
255.37218
4.55890
11.20524
20.46520
26.59593
33.94641
55.07534
58.20006
87.40751
109.70229
129.18570
131.88232
149.79752
159.56099
169.75430
173.29870
181.53711
184.65998
208.43885
214.60887
9.13587
34.36859
45.66504
54.92394
84.16851
86.06036
101.58609
110.95010
128.41228
174.77151
184.47738
196.96967
223.98573
226.87431
240.63352
242.19748
261.56068
269.47492
273.97612
8.33533
26.16864
37.17601
43.78799
52.62859
61.68763
64.45925
81.40952
96.50021
103.10653
110.48648
130.03941
149.34961
160.11235
167.20505
177.74523
185.76427
198.13247
204.65321
18.46114
35.96981
50.68723
70.62440
95.92577
104.86651
107.60891
120.80761
148.25883
161.13527
179.45203
211.57349
242.33819
246.82915
247.87360
273.33348
277.13761
307.85894
324.39293
8.54204
12.38185
13.69482
23.25213
36.88018
45.21625
57.12135
64.72852
68.09155
92.91159
107.44525
131.13655
146.85401
153.49233
167.43521
171.91090
184.75467
197.33542
199.38241
3.94705
16.21562
27.59662
34.78386
45.71911
59.00303
78.65593
84.86831
93.01858
103.70021
120.89398
123.30319
129.50695
138.55153
152.32729
166.11263
168.80236
171.44481
173.29732
4.18866
11.07270
37.27752
42.93703
64.03953
82.50084
88.47083
99.65959
128.31313
132.19371
142.21236
149.98107
180.03099
219.64349
230.43832
231.88120
252.55533
263.64030
272.48047
13.44951
20.62863
37.02830
39.65307
50.47107
56.99998
68.69224
81.35507
101.18841
114.20576
162.30615
177.33527
180.32860
191.65488
205.94838
226.92650
230.88872
236.67705
247.31426
2.64162
21.32582
30.65610
32.64024
32.97540
43.43418
47.46045
65.15880
83.32650
91.16923
100.48747
107.86868
119.06523
131.51423
150.46705
152.30597
157.48584
169.40482
171.72549
4.75528
9.43650
17.35863
30.25601
35.75474
47.17630
50.20841
78.20184
93.92400
98.00440
100.84815
103.29753
120.51555
129.64349
145.62427
154.69955
176.88134
179.27685
207.40379
17.32548
30.05561
45.94839
51.40202
64.83340
70.22342
78.11180
90.81564
101.08029
109.34962
123.88722
147.77724
162.81958
169.36515
181.15384
206.30175
231.38212
238.24543
278.24535
12.55708
39.02883
55.43150
84.82871
112.92985
123.03648
131.03539
150.21755
156.91681
161.15948
194.42412
203.61621
214.12568
229.04886
231.82694
236.89428
246.48982
262.83357
275.09676
18.14357
23.58066
41.85299
55.35656
59.51881
64.77317
71.44167
82.59773
89.92029
91.23831
112.73025
116.59818
124.88341
141.63670
142.26669
150.74056
157.90127
163.70405
173.07947
5.41915
18.43939
39.42833
46.69940
55.32736
62.73205
88.56325
95.24136
103.95139
105.62793
111.84244
126.47150
141.40096
165.12541
186.57891
194.06271
198.65778
204.62046
226.40398
7.26355
13.03925
17.35444
29.81418
35.43686
45.13041
70.22579
73.48900
80.71365
100.63104
105.88175
120.54519
128.56052
138.21897
138.42202
157.02642
172.34002
184.71537
191.64004
8.50035
21.96683
26.28540
36.55964
49.89909
60.83825
69.09214
96.45859
107.48448
122.35615
132.96693
147.10293
152.07329
158.20648
164.94372
174.73624
182.09705
207.94072
226.28405
30.16727
33.19578
42.01503
43.92701
47.07014
53.50899
59.09534
68.74585
80.01245
94.76812
95.79257
106.05845
109.82260
114.39870
125.54115
136.13371
143.52166
150.65965
154.07001
10.41959
20.70266
47.04552
53.45382
59.99088
77.18218
91.46448
99.98868
115.08221
119.76686
128.66085
136.62743
170.76956
194.73687
200.46159
209.65839
223.47063
237.82414
258.00670
21.88664
22.66397
45.56530
47.67077
57.27636
78.35626
84.19298
91.49016
94.87586
106.05307
119.94279
135.37085
153.10933
175.24885
184.92250
212.83148
219.61228
224.01729
227.02943
2.53170
5.36053
22.77092
29.77406
38.93835
48.44322
59.12958
65.42377
73.07447
81.15155
89.15184
105.43566
119.17328
127.98743
134.56213
155.64133
162.90017
178.49282
178.89369
17.55815
31.08259
34.79523
42.11071
51.08876
65.15918
79.71703
80.95071
104.47147
108.51222
125.62538
130.99629
142.59272
164.46376
171.76362
174.88871
191.57429
200.56375
210.68248
7.91430
14.92219
22.10868
45.41364
59.54943
71.06628
73.37527
74.84938
97.00869
101.67548
104.51924
109.72554
116.54390
122.30415
135.26641
156.07993
172.74898
183.42789
193.13466
6.27762
19.10965
39.44088
43.05872
62.12898
69.20978
94.82238
97.18522
111.97747
117.16905
126.59441
151.79594
167.86510
177.97072
193.01342
199.10401
218.81683
224.90877
238.03391
7.02125
9.54869
15.28287
25.86400
37.03405
53.45302
64.16009
72.85658
78.78674
83.27626
90.34432
98.08161
98.84230
103.78774
115.46593
118.31125
118.71598
133.76639
138.29324
3.69099
6.79076
8.47434
10.88133
23.94638
36.63091
40.71980
65.70452
76.47203
92.83036
97.33202
104.22838
127.95049
150.61111
160.96655
168.58003
176.56131
193.16649
199.85461
4.57073
13.50646
23.43045
30.65620
35.98156
59.54805
63.65708
83.74345
98.21986
115.97953
127.70130
133.44834
143.42118
153.51273
163.64546
176.32928
182.91397
189.01352
195.76707
6.94757
24.99954
33.47613
48.36959
55.43609
77.28942
93.75806
103.36813
122.17795
129.67473
142.27074
145.67506
156.84834
163.65272
182.95692
200.64028
226.49814
250.58622
260.57733
13.98289
18.30644
30.70724
36.01521
61.37084
98.44440
112.46977
123.38127
133.18140
152.62447
167.91455
174.09778
183.17379
190.55643
190.89154
199.46686
201.17115
216.32865
226.75995
15.00977
36.33876
47.52764
81.24273
85.97602
107.34951
111.67955
118.24327
135.87280
140.15503
151.20280
166.48741
181.35120
207.77480
213.33720
213.45534
218.09711
223.91002
233.36052
17.76457
26.44737
47.21830
53.55524
55.70496
58.51472
68.76102
78.08354
90.71458
101.94026
133.47846
137.05234
146.25235
156.93273
161.66834
170.97577
199.01391
217.56315
224.08496
7.83606
15.14852
23.68191
24.67520
29.35926
49.34525
50.82050
60.33061
84.99709
98.91879
122.36885
133.65669
163.24401
169.64412
197.22513
204.16126
219.51104
235.62996
247.12714
4.15196
31.69489
66.86768
72.87667
77.29759
96.55319
101.49228
109.54702
111.40981
115.41783
132.28131
135.86583
154.26651
171.10014
184.12379
203.14572
208.14688
220.59333
230.07191
22.50197
27.31087
40.76225
55.51610
66.65320
80.61829
90.11750
97.88635
106.94747
112.07190
120.79277
129.34686
138.92648
151.86733
164.22344
166.98381
170.15380
171.27945
183.38777
16.40747
20.99359
35.10978
50.73363
54.92411
63.02149
68.47343
86.74865
96.23895
107.34895
119.44714
123.27860
137.80361
157.09254
166.94146
171.96263
174.80541
185.77445
195.97037
14.71080
19.08768
32.49096
45.37681
51.43492
65.21992
85.02640
92.97212
95.48508
109.80469
114.80907
121.89763
124.07255
127.49142
137.59883
159.84451
162.86810
164.69714
190.29526
3.04250
9.65667
13.05777
32.17818
56.54742
80.22934
95.57040
120.86924
129.02740
134.03708
146.19909
151.06088
165.26542
178.36647
185.47161
194.14815
198.01525
213.54409
220.58661
11.22773
13.55125
25.27831
32.42830
44.46768
51.32577
67.33833
75.80912
123.47143
133.18442
143.03247
148.12855
157.56749
171.63435
175.60723
184.55284
193.00132
212.89470
226.03559
19.43906
35.65926
51.14088
52.83807
66.36876
69.74504
83.46925
107.43970
110.24953
113.57582
120.94144
127.53647
139.68819
155.30048
162.89973
168.55515
202.76800
221.06790
234.47365
1.35674
9.33899
21.12625
35.17598
47.56557
69.55199
77.95981
84.99348
98.60956
114.63681
122.20486
140.80895
159.29988
167.12554
172.37851
212.80459
215.30865
228.62482
229.77850
5.64736
8.78985
11.26269
13.20705
26.02036
29.89442
33.12977
39.25613
59.46924
63.55941
68.72025
73.75780
80.45580
86.75990
106.64077
111.40298
122.84706
134.14456
140.52161
19.02958
34.53356
51.44053
68.30147
82.90186
93.73708
97.84543
106.52521
118.59517
124.40348
137.84605
144.84245
149.35767
154.52444
157.66661
172.21183
172.38745
180.87429
190.54600
15.44359
22.18029
52.26238
64.31240
80.86955
92.27385
97.70263
108.28550
111.70822
125.89120
148.03782
150.99033
177.83935
201.02131
219.94895
224.10939
233.94320
247.99993
254.38247
6.80647
13.10807
18.41189
37.34071
47.84234
59.37807
75.55944
92.14037
113.31371
119.27377
124.25750
138.17047
151.25998
157.00035
162.45451
185.43232
185.92452
194.44443
200.70138
1.87414
13.17728
26.99574
45.22411
55.25777
65.75102
78.26065
82.25222
108.98946
114.85293
129.37749
140.15098
149.65581
155.80526
172.69489
185.23412
194.18437
207.38591
221.37292
27.28619
34.10981
36.36143
57.43837
67.96670
79.18809
91.16845
106.39616
123.84723
133.46292
139.41382
163.48725
168.51033
173.27731
177.95056
184.57360
214.17317
226.98746
230.83951
3.17063
22.34032
46.90917
59.08228
68.97165
78.79468
84.01658
93.03588
103.26619
109.08964
116.55280
132.31207
149.92315
158.48624
188.07616
189.80410
196.25755
213.13688
228.51505
13.26522
21.30458
26.73512
33.96019
51.71565
63.31319
78.57387
82.66268
104.18226
113.23392
123.95297
133.61650
143.74640
152.77645
172.02015
180.23305
181.79689
193.38182
201.75347
0.67076
13.00052
18.80984
31.27106
41.77772
44.85248
59.39403
70.74099
106.41080
115.13780
116.96286
120.61067
127.74555
155.59506
168.41249
170.99307
190.23366
202.09949
214.31157
6.59849
13.07870
27.75108
33.54111
45.09268
47.20884
53.17344
67.27498
84.55009
98.71419
100.84348
112.22035
135.75967
152.31337
161.90394
167.76775
170.57077
173.45381
188.10105
10.28213
14.68611
18.13247
19.14846
47.61697
50.36965
65.01522
71.90789
84.78163
101.21338
119.91733
134.18912
162.45913
181.87994
200.92949
232.63365
237.49475
255.97251
266.76646
6.96258
23.76857
27.42795
49.03842
70.93498
78.24003
84.35815
89.60426
95.96258
104.11735
116.16068
128.38908
164.16619
172.56691
181.55529
187.51415
206.72296
232.06845
236.29751
18.13060
22.67889
38.61971
61.58592
78.04410
84.65863
90.00999
99.91584
111.01364
114.88403
131.18569
131.20985
150.02507
157.52986
183.37864
194.45078
207.42525
223.60029
245.76933
12.72603
23.02678
39.44344
48.35392
52.83078
70.72882
91.27381
99.42346
121.11199
140.72647
141.73645
164.26023
181.75109
188.04286
203.99102
215.53445
224.37890
236.80146
236.86231
15.30687
28.58408
41.16183
44.67435
63.38628
79.61890
91.78157
100.63016
116.47826
138.88056
151.16868
161.74722
164.54055
185.76423
194.42917
210.75844
215.12181
227.53463
240.26065
19.84809
40.59902
52.75533
60.97210
69.77741
83.28905
92.03543
100.99620
121.07989
138.31199
144.59963
161.34289
177.56180
185.72119
194.26799
205.08246
208.71545
223.48014
236.80500
8.66951
21.00101
25.36625
29.35503
37.47250
40.39902
52.33503
70.61529
74.93047
98.51124
109.36424
121.34189
145.10672
167.19841
182.38552
204.88926
211.24270
226.83066
235.48487
7.66904
10.22112
22.36831
30.30270
53.10727
67.75461
80.60408
93.32606
105.86866
136.58013
146.29060
155.76750
179.45556
206.94204
216.52137
217.46612
228.67792
241.29940
243.57607
11.00150
21.91724
33.42415
48.65717
68.07094
91.93249
97.63902
129.99702
144.31917
165.01656
180.90023
195.20190
202.49372
217.38916
250.99030
255.65224
265.00263
271.87478
293.21620
7.01186
8.46429
18.19231
26.73064
48.09748
74.73871
83.59735
90.62250
95.64179
116.85077
122.56351
143.07683
152.42828
166.24795
177.61747
183.63079
195.51101
201.95368
218.42882
18.63403
23.74015
37.87280
52.32723
66.49175
92.00212
96.82161
103.09509
117.89909
127.37569
146.28756
175.49266
197.70675
201.55684
207.81344
210.54442
222.28755
234.24638
262.53124
9.82995
24.46820
28.76339
35.54520
40.14948
51.31901
57.09072
66.25879
80.76468
93.88918
106.98790
117.17472
125.12143
127.79693
140.59315
151.30874
162.50203
168.17359
175.06449
11.19549
28.82533
32.98894
45.44494
59.17497
76.20391
97.38038
101.33303
113.74075
118.95549
136.95062
149.59678
153.62826
159.87884
164.47495
175.05333
187.09758
189.49339
195.94726
23.57638
30.35943
42.75342
49.73213
71.75822
83.92041
92.63989
97.21219
99.41536
102.99625
118.13124
123.86019
131.12378
136.92865
153.56357
155.74662
164.70008
169.06589
178.18357
3.90203
8.54146
21.99709
40.68229
49.42146
58.75376
66.87984
87.10196
100.03850
107.70386
120.13473
129.42936
139.37424
143.49606
175.09521
180.03746
181.01078
187.93803
194.16762
8.15119
35.38248
58.69240
82.28605
109.84927
117.38479
120.50056
137.83707
155.07250
163.91826
174.52331
192.89111
203.96388
212.26354
220.03439
242.37157
244.40365
252.67789
263.37211
