0.34093
0.79242
0.99239
1.57417
1.78656
2.01230
2.64391
3.60726
4.48576
4.59468
0.89968
1.08469
1.75261
2.22052
2.63393
3.25507
3.60110
4.57004
5.22153
5.72327
0.76058
1.42372
2.13038
2.31247
2.87542
3.72317
4.62993
5.03210
5.61048
5.88312
0.11899
0.33125
0.54009
1.18855
1.22593
1.47864
1.84182
2.61716
3.59425
3.66130
0.38763
0.72013
1.17806
1.54559
2.01550
2.43986
2.83632
3.38192
3.84464
5.05283
0.35256
1.39838
2.28351
2.57455
3.26039
3.87732
4.15673
4.60605
5.60727
5.80968
0.43977
1.35013
1.69890
2.75815
2.95484
3.63069
5.04965
5.17833
5.45217
5.53539
0.36211
0.50871
0.87794
1.29391
1.71593
2.30067
3.20376
3.59282
3.93258
4.48014
0.55590
0.75126
1.33309
1.75023
2.60615
2.87700
3.39000
4.10959
4.68875
5.34144
0.87065
2.62386
3.09614
3.29134
4.22506
4.81176
5.61920
5.88184
5.95552
6.21111
0.14562
0.51425
1.28732
2.20968
2.61353
2.94776
3.27369
3.95588
4.22286
4.85491
0.29841
0.86610
1.54208
2.07158
2.46556
2.58809
3.00367
3.25617
4.02638
4.48110
0.65001
1.09867
1.61819
1.93538
2.35937
3.38402
3.82849
4.27890
5.01657
5.13379
0.37663
0.98691
1.55816
1.93532
2.43060
2.86400
3.01307
3.47581
4.12213
5.16037
0.11247
1.17623
1.75046
2.74770
3.53278
3.68820
4.23638
4.89483
5.18020
5.60770
0.35181
0.93174
1.33094
1.47875
2.13127
2.78683
3.46158
3.90094
3.92848
4.86951
0.28031
0.48297
0.61324
0.97692
1.59924
2.05317
3.24650
3.55222
4.08073
4.72571
0.32179
0.79607
1.11151
1.65647
2.20025
2.69713
2.72058
3.53543
4.64051
4.96908
0.24610
0.93674
2.16092
3.12754
3.55729
3.94325
4.71717
5.32625
5.88598
6.14979
0.44919
0.71253
1.06521
1.51922
1.92453
2.18585
2.77160
3.37948
4.37740
4.83181
1.01377
1.60383
3.37452
4.50851
4.62037
4.87976
5.51475
5.86751
6.75861
7.12324
0.29634
1.00898
1.26180
1.58980
1.76847
2.41939
3.17347
3.76362
3.88982
3.93778
0.31934
1.24805
2.19252
2.64296
3.39252
3.98143
4.07592
4.76371
5.60732
5.97139
0.60099
0.85700
1.25101
1.72270
2.67707
3.09594
3.29910
3.41176
4.38362
4.79325
0.51955
1.03380
1.44287
2.44178
3.21239
3.92105
4.47763
4.82190
5.32667
6.01335
0.50243
0.90271
1.46568
2.21601
2.99149
3.90839
4.13073
5.14243
5.38219
5.65396
0.38432
1.22856
1.74212
3.11144
3.83420
4.66087
5.24900
5.59243
5.85777
6.15273
0.22093
0.70956
1.03564
1.39978
1.58840
2.64269
3.08828
3.16759
3.65121
4.26893
0.37983
1.33784
1.53119
1.72300
2.04780
2.31549
2.85079
3.59292
4.03543
4.45683
0.34858
1.34200
2.05511
2.68198
2.98322
3.12137
4.05755
4.68826
5.43047
5.80940
0.62736
1.14895
1.22324
2.12783
2.33037
2.49107
3.26440
3.74666
4.08747
-1.00000
0.62913
1.10071
1.21023
1.31202
1.50150
1.94998
2.46742
2.91160
3.07300
3.33095
0.23098
1.17629
1.50856
1.95944
2.48175
2.65134
3.14666
3.54152
4.06576
4.77145
0.49928
0.81920
1.32207
1.56405
2.00084
2.08184
2.45290
3.18036
3.87980
4.29171
0.54329
0.68902
1.29956
1.66979
2.00797
2.50195
2.86345
3.53851
3.62183
4.02583
0.55714
0.86505
1.89343
2.61811
2.98406
3.33884
3.75077
4.35004
4.53625
4.66058
0.39951
1.28239
2.54097
3.24998
4.02462
4.26564
4.80477
4.93904
5.07875
5.91066
0.37638
0.90208
1.31481
2.02859
2.22358
2.85000
3.04773
3.70871
4.06374
4.63217
0.49344
1.03971
1.29216
1.34200
1.81415
2.13474
2.63217
3.15041
4.11699
4.45866
0.59840
0.96580
1.52954
2.01254
2.56095
2.92657
3.44565
4.13141
4.83148
6.06187
0.41281
1.25945
1.66693
1.80418
1.92953
2.70704
3.17696
3.70604
4.07194
4.53331
0.79056
1.15335
2.02918
2.45217
3.11616
3.36317
3.57386
4.07508
4.59117
4.86112
0.15649
0.63386
0.97077
1.38246
1.80092
2.06416
2.50984
3.30643
3.72562
4.27566
0.91709
1.42980
1.62361
2.26137
2.69510
3.23231
3.55371
4.12777
4.45754
5.24523
0.40106
0.91548
2.25586
2.75315
3.34550
3.97210
4.23617
5.73401
5.88610
6.54092
0.18270
0.94417
1.15428
1.22329
1.32514
1.57428
1.97441
2.56005
3.52206
3.79033
0.31626
0.98171
1.34069
2.20871
2.80308
3.07243
3.50434
4.41377
5.23134
5.76891
0.19288
0.76941
1.27253
1.98446
2.55880
3.02479
3.36187
3.66102
4.03348
4.36410
0.85132
1.17352
1.51369
1.68414
1.89223
2.06065
2.70354
2.91151
3.80543
4.03246
0.29141
0.62759
1.30910
1.60330
2.45478
2.95758
3.35750
3.77285
3.88616
4.54767
0.39122
0.52146
0.99649
1.50709
2.19311
3.38157
3.79297
4.05228
4.78975
5.32936
0.90352
1.48736
2.07063
2.74725
3.36180
4.05040
4.78236
5.54356
5.80319
6.34806
1.08338
1.38521
2.10342
2.69094
3.10897
3.30026
3.67363
4.01719
4.81063
5.65425
0.23234
1.15399
1.34900
2.04963
2.65428
3.37287
3.80412
4.05788
4.32653
5.02911
0.37173
0.65037
0.98577
2.35842
2.46894
2.80265
3.50942
3.53586
3.75496
4.10094
0.35273
0.41559
0.56533
1.28714
1.54918
2.27017
3.47988
4.10698
4.82854
5.41182
1.06424
1.52386
3.09232
3.71300
4.38437
4.91149
5.21756
5.68124
6.06052
6.61650
0.94064
1.56845
1.81437
2.75939
2.99572
3.67855
3.84450
4.04048
4.48607
4.85409
0.25506
0.63295
1.32533
1.89677
2.01746
2.14617
2.49838
2.83867
3.81314
4.35652
0.31666
0.71139
1.20890
1.69558
1.98365
2.06508
2.06527
2.72923
3.27951
3.55417
0.68498
1.15579
1.53865
1.86768
2.86114
3.74188
3.89615
4.43314
4.85551
5.68689
0.42851
0.87851
1.21397
1.53768
1.82152
2.32282
2.48353
2.73238
2.87245
3.52927
0.50892
1.28769
1.58352
1.99845
2.40295
2.49162
3.27270
3.54169
3.91959
4.18392
0.37117
0.54709
1.42810
1.79364
2.57005
3.60668
4.63040
5.08179
5.97978
6.21698
0.85649
1.04692
1.47721
1.76193
1.91005
2.49604
2.76801
3.26347
4.47098
6.06680
0.56016
1.27601
1.74092
2.25723
3.03887
3.29833
4.04980
4.31736
4.74723
5.18487
0.59424
1.31677
1.69979
1.76834
2.82826
3.27076
3.88208
4.63616
5.13366
5.81427
0.55001
1.24108
2.09314
2.53625
2.79713
3.20108
3.74418
4.30470
4.86932
5.09248
0.38510
1.57394
2.24777
2.65483
3.03843
3.66066
4.90822
5.08108
5.14642
5.87632
0.29460
0.75479
1.31702
1.60191
1.89779
2.21273
2.61076
3.52320
4.27169
4.66998
0.31987
0.55213
1.39903
1.97830
2.96821
3.66932
3.90229
4.42602
5.83863
6.28080
0.59234
0.66639
1.13443
1.32332
1.44586
1.75027
2.39003
2.71604
3.83043
4.09763
0.25808
0.96184
1.30916
1.62960
1.69455
2.36670
2.56776
2.90403
3.75858
4.01552
0.66953
1.53183
2.39458
3.04693
4.06304
4.52113
5.02464
5.39836
6.05528
6.07227
0.80529
1.13885
1.37378
1.91956
2.72399
3.35846
3.69329
4.22005
4.63208
5.20607
1.46716
1.81008
2.12932
2.34744
2.55845
3.01399
3.21959
3.95802
4.52090
5.13632
0.18165
0.41820
0.58866
1.40001
1.90748
2.76819
2.82561
2.91417
3.83394
4.19803
0.79137
0.92381
1.36149
1.66931
2.44388
2.56286
3.31196
3.94142
4.13878
4.40030
1.07974
1.64985
2.51394
2.93250
3.47546
4.21573
5.19110
5.83121
6.00423
6.24960
0.91744
1.36433
1.98599
2.59339
2.85363
3.31372
3.50831
4.20601
4.75417
4.80378
0.16976
0.73077
1.08296
1.66681
2.12954
2.54880
3.35546
4.03633
4.54372
5.11126
0.37924
0.87119
1.66122
1.83534
2.15917
2.25626
2.80095
3.15940
3.50308
4.24296
0.82841
1.18945
1.57914
2.53543
2.62798
2.82586
3.40902
4.30430
4.31866
5.15352
0.69004
1.16744
1.31698
1.85596
2.36284
2.97473
3.83206
4.21626
5.01390
5.21641
0.49539
1.06118
1.40909
1.99868
2.67291
2.91424
3.29452
3.56203
4.15692
4.38923
1.08750
2.13764
2.44175
3.18189
3.48297
4.13298
4.50457
5.01577
5.28583
6.11956
0.27574
0.80940
1.09693
1.53341
1.68486
2.11728
2.57694
3.07299
3.65259
3.78945
0.70967
1.00947
1.20111
2.23407
2.68033
3.20773
3.72869
4.11958
4.14015
4.81297
0.17634
0.24161
0.55392
1.26285
1.89770
2.42698
3.12686
4.28229
4.89019
5.04859
0.76035
1.69373
1.89603
2.18217
2.72212
3.05286
3.55142
4.35340
4.98510
5.21573
0.30010
1.08491
1.30630
2.11455
2.55493
3.02774
3.46795
3.76474
3.96782
4.68544
0.48247
1.65346
2.11131
2.52757
2.67051
2.86036
3.39041
3.74919
4.13529
4.50061
0.40144
0.83265
0.96429
1.47377
1.67969
2.85884
3.30998
3.52721
4.89101
6.08975
0.44427
0.71672
0.96423
0.98692
2.03054
3.10406
3.16011
3.58525
3.79046
3.88949
0.62115
1.31901
2.07247
2.40048
2.93751
3.49816
3.90233
4.08562
4.54123
4.84306
0.47791
0.98964
1.79318
2.63599
3.31246
3.65001
4.47778
5.03284
5.60020
5.70972
0.28037
0.43143
1.38665
1.58719
1.81848
2.26323
2.91460
3.43532
4.24790
5.54302
0.47311
2.20810
2.91975
3.25050
4.40810
4.79335
5.47621
5.69356
6.04192
6.15533
0.58373
1.62055
2.54049
3.18654
3.88350
4.09350
4.50275
5.03401
5.62235
5.71575
0.27901
0.66437
1.58689
1.80265
2.09532
2.89552
3.70093
4.17147
4.61752
5.23136
