12.91086
15.03054
19.08749
40.04580
40.97720
111.52507
113.38552
124.64368
124.64926
124.64962
131.71498
132.45207
132.94625
136.14962
141.14538
182.50545
194.39453
194.52520
197.45609
50.03500
58.25961
110.22776
110.48779
138.99333
140.89914
151.81081
175.31660
178.14203
179.33880
180.02553
190.86977
204.44702
227.58667
245.60868
259.47354
260.43967
286.13507
294.07015
10.35178
14.74324
16.53246
17.56457
58.31563
74.66062
78.54317
79.19718
172.37441
173.19228
173.29070
173.65339
188.88062
194.33519
196.44321
212.24599
222.36276
233.04869
234.84322
4.11968
9.91316
29.94372
39.31917
48.93142
50.72585
51.56459
75.10659
148.56177
149.59704
158.59705
164.57077
175.17672
196.01389
222.52470
224.96601
227.90123
243.48956
247.59522
9.90953
9.99657
29.40463
31.44458
31.73676
46.49278
66.18405
129.19817
139.52439
163.00410
167.87026
168.65846
206.63852
209.04642
214.22054
220.14369
320.72355
329.66866
334.87720
18.59645
19.27103
27.12881
28.25099
36.10680
47.12486
54.88497
56.07023
67.38137
79.51084
82.08616
87.32562
107.56623
110.88020
137.52388
143.89927
144.79100
155.99320
156.06853
0.12326
6.04120
7.99979
13.34549
45.76899
75.10839
80.15563
80.28979
87.41974
106.73311
174.86088
197.03943
202.22669
250.57884
321.46681
321.74954
326.63445
354.28699
385.53585
16.16895
26.75854
46.08704
46.50895
48.41260
51.04684
82.46173
105.60185
113.34278
114.64422
115.24144
126.29986
126.55990
134.31483
144.12036
159.67925
163.83427
165.17771
176.90726
0.51575
5.02344
5.41402
5.89895
17.98457
36.76519
37.42120
45.20272
46.73238
57.34761
61.22649
140.03890
140.52515
146.69607
150.23542
157.92149
196.36434
199.50705
203.76040
2.91549
22.06030
25.52414
27.90239
57.95837
75.29167
76.13608
79.54564
87.67811
99.28482
100.67562
110.23492
147.88572
165.13626
173.51481
175.13628
201.81981
206.68690
211.51068
20.41602
28.10984
29.42093
40.98396
42.41374
44.54616
46.83096
83.06910
84.29181
84.84983
90.15550
106.37158
136.29336
153.89057
154.45535
162.05500
172.85337
174.27017
184.69656
5.19143
8.91525
9.82273
33.29583
34.40899
50.19615
65.99731
70.65221
70.76701
70.92122
94.61064
95.76534
102.25208
107.50989
119.30941
120.27073
128.35230
128.48326
129.69357
1.60869
2.67479
8.86171
15.32370
17.54336
41.96833
62.56725
80.09594
88.60424
102.06856
104.22590
132.00532
159.39402
159.64018
161.13799
167.72508
190.21020
202.22116
206.30980
2.77292
7.30960
18.99227
20.94293
40.30780
44.24093
53.61435
95.35340
113.80618
118.37732
145.73044
150.15120
185.31806
216.08447
224.35765
238.88110
285.80130
303.26338
305.76934
18.73780
20.94522
30.67592
38.96553
47.22742
60.09506
112.96895
118.34403
122.65131
130.90813
170.56835
173.11968
208.39347
218.37032
218.96504
221.22006
225.97721
227.45138
255.84520
1.04658
15.81081
78.88814
85.97351
91.01456
95.14436
122.70909
122.88033
129.16991
136.27336
138.03196
157.01818
180.42888
201.14295
203.93372
211.45722
216.62892
226.71198
238.17634
16.77499
27.27515
73.76123
76.33618
76.73128
78.02884
78.32672
105.00174
113.80657
141.13095
141.75393
143.29831
156.34235
173.41129
198.94813
201.30070
207.49496
207.91092
211.95278
18.42154
36.83032
62.75518
107.66889
122.11842
125.78490
126.67784
144.60253
156.66149
157.68905
176.19472
179.34145
212.95769
228.68778
231.14054
240.46813
249.37055
249.95300
269.70728
1.60448
21.99243
31.73424
31.77197
32.30691
65.85635
66.05972
83.59072
84.15597
125.28834
127.14356
127.76184
128.56642
131.36919
134.48662
138.87634
144.98728
153.68194
165.18681
4.59029
90.86352
91.39391
98.00290
102.84987
109.70613
110.25537
140.67709
182.58096
183.30419
184.94357
195.45367
199.01751
201.76775
202.82359
277.64319
291.48644
292.16255
292.19566
0.68708
1.38291
6.56132
10.52455
42.54672
47.97191
51.27901
84.85196
85.86785
86.02983
88.19664
153.71583
218.25188
218.51821
219.93286
266.73785
267.16514
279.95090
279.96693
6.87647
45.21709
56.75575
61.63411
63.88303
113.62844
121.17297
129.72378
129.90970
130.34243
148.43675
154.58958
167.51026
200.18938
220.16559
226.20072
227.60075
250.69702
262.08723
24.62267
28.61557
30.00710
54.44892
66.47261
98.18948
100.38096
109.35784
110.00731
110.68820
133.11614
148.57499
157.77019
157.77506
177.84006
179.07598
200.95685
203.04836
203.04911
10.58874
15.76440
25.53441
26.78491
42.20833
42.90902
50.08072
60.50592
67.56794
69.26734
100.51874
117.61053
120.51150
123.55201
124.90702
134.96514
167.44829
180.36669
203.75680
3.39753
5.73120
13.87654
30.92856
31.33701
52.74015
54.61832
68.85957
74.24976
75.40934
76.55049
107.25733
109.32486
136.39162
145.36006
163.17415
163.17473
267.62951
281.70366
1.01293
6.57953
13.97944
31.51296
43.84430
92.96903
118.09601
155.15349
166.78165
179.88444
186.41038
197.99693
204.35689
207.17371
212.06990
219.21359
231.67848
236.83502
265.56434
6.41520
22.18887
24.50591
37.68935
46.53289
59.66502
65.57676
96.73200
97.47989
97.48741
98.70705
98.73275
135.48302
175.94169
187.29051
196.24202
215.99434
244.14574
244.58576
2.07313
25.45250
25.90585
69.58214
70.96511
90.69184
96.09415
119.41977
119.63053
182.75118
185.03377
196.40087
206.90702
207.19048
213.15896
213.88198
244.27386
245.51281
246.28000
22.81682
23.66870
26.73227
41.28809
58.04297
66.05171
72.98460
84.34469
103.17113
109.66675
109.66869
125.76553
147.72021
185.87508
185.88999
201.71029
217.69592
246.86498
248.15404
10.38790
20.87770
24.18287
24.31286
24.90505
48.16127
52.24158
88.49967
88.92669
90.42841
104.00179
116.35100
116.82142
166.23949
184.24457
201.79118
202.69423
205.09121
215.08979
10.40265
15.11121
15.48109
17.76646
19.41491
122.62549
143.06956
144.15837
149.70338
149.70495
206.24967
206.53143
211.31523
212.27378
217.18115
226.08883
285.05832
288.80956
290.74275
18.61799
24.17970
37.64068
42.91373
158.86889
159.09277
167.02816
173.50849
175.23077
182.60374
201.22943
201.72504
211.43269
212.65981
219.67491
223.42637
282.04367
329.94154
354.39121
5.31768
5.32352
15.79823
70.81636
77.89111
94.91943
112.13445
119.39225
127.02074
182.38903
196.25190
203.51718
233.69504
233.96157
234.11929
265.99322
287.67838
300.31541
323.75912
10.29872
31.41029
31.92706
39.84282
43.79676
45.71803
47.93947
117.34440
139.09775
139.51147
139.55373
141.37020
141.93876
198.26713
210.90901
212.75859
225.00605
226.05342
229.39545
1.96868
7.88361
9.43509
35.06846
52.61396
52.87102
88.66768
102.02006
141.92238
144.01294
151.71307
203.25530
204.61783
204.96900
221.24644
222.21329
244.92883
276.58417
276.58453
18.75537
24.53959
27.37055
73.22877
74.54094
75.90402
76.02993
80.45773
80.60518
85.39430
97.01061
106.09149
123.03152
126.57881
129.51789
140.31053
158.87047
162.00773
164.48354
10.48225
18.87354
21.79964
59.16580
63.20900
69.89615
74.40648
84.46756
91.05564
92.78458
141.57390
182.96372
185.66251
185.66829
188.98069
193.06992
197.37110
205.18641
209.60998
6.09804
18.66587
19.44759
36.82218
56.79704
64.45667
64.82238
83.56073
85.01238
87.11828
111.85948
114.08495
114.76011
116.95207
124.20321
125.70699
134.59138
147.51838
179.23534
2.07140
14.67049
20.71117
37.08108
56.69942
68.94169
98.89678
99.50889
101.31501
101.37066
120.05108
124.18475
124.66775
129.50409
147.26469
159.96763
172.19477
201.41249
205.65227
8.45324
15.40798
15.81766
66.44120
69.94181
70.50749
96.08204
99.51931
109.95502
126.38332
147.92630
148.28954
148.70088
161.16916
161.31022
162.55338
169.39355
191.19248
191.71718
25.32679
25.51212
65.55899
70.14801
70.42090
94.37635
106.04780
108.91475
136.72134
136.92201
137.97227
145.30834
157.81005
210.74831
211.90497
216.82136
218.10178
218.13054
230.72617
12.05760
26.45566
26.74921
34.05511
36.21389
45.18987
56.30321
57.05669
57.09521
59.79424
86.08792
86.09485
88.27017
145.80534
167.13164
173.25377
215.00584
222.47492
227.25078
22.19753
39.15492
39.31323
50.11431
63.31208
63.32310
64.67892
116.00455
116.47393
125.20810
158.42948
178.36875
182.39616
224.94389
225.96923
226.39452
245.07707
246.79175
246.91658
1.90475
4.90692
13.42463
14.06862
21.34582
41.00550
43.42906
48.08982
87.51226
96.16719
99.76299
100.98831
101.46743
111.61655
113.23359
137.99072
172.84855
172.87224
243.17959
3.58263
20.58810
21.94566
23.34662
32.90967
33.83767
41.30363
43.53184
44.09561
85.74980
92.62472
144.29053
150.40446
171.76509
171.99630
222.35689
223.50252
223.64734
259.49286
0.12979
3.03426
3.97685
5.18401
8.95653
9.10254
15.52922
26.76640
48.84362
51.47261
113.13502
115.01913
118.19217
121.51013
123.78808
126.27965
126.28923
142.45586
161.49466
39.60012
44.14955
45.50102
90.95203
91.74729
96.10140
100.76466
101.39146
102.74129
107.47496
135.51384
201.13955
207.73753
209.85220
210.25793
219.06238
220.58378
252.40915
262.56659
8.37383
25.55848
50.16379
69.41818
106.30906
133.11845
136.15504
136.76797
136.93877
137.77511
145.66891
148.72524
152.88527
158.86259
167.00404
179.35708
210.05771
257.55213
258.66915
3.94060
10.49875
15.14475
18.93011
20.81254
22.61137
26.12312
48.50513
57.73313
67.29484
79.98709
81.75973
92.53796
93.09262
100.95646
101.65277
103.57512
106.55414
136.14671
9.77070
18.93029
61.41343
62.63749
66.63425
81.26936
84.64537
87.93836
102.70604
111.45432
115.30783
117.81224
122.09458
126.21981
130.80212
130.81342
136.10922
148.26999
150.65083
8.41154
8.60730
17.72583
39.79900
40.30382
106.35182
110.24964
128.51034
158.26221
166.35295
169.40736
186.63714
192.69407
192.74645
197.58801
203.48784
205.17249
215.34683
221.93932
1.80511
39.10978
39.32661
69.52874
71.86994
76.94252
85.25379
90.69970
90.70074
90.73636
111.63269
112.10772
116.18522
116.35055
123.04204
159.56643
159.72062
163.50485
171.50824
4.92699
6.79469
33.85210
34.70160
37.26391
64.76781
77.40906
77.87987
84.14839
84.35471
87.30552
87.39359
90.26331
119.86977
123.16044
123.16657
126.40782
131.71873
145.96753
0.48825
5.31962
13.37734
17.39375
19.02719
21.60959
22.31590
35.15578
66.29765
68.70375
77.12228
110.33575
129.89945
139.18391
139.46723
186.57993
199.15552
199.15648
220.04165
7.82583
9.85406
31.88072
33.39814
37.45923
48.23412
53.16456
55.77529
88.70157
100.00987
115.54093
122.21429
124.27078
125.77245
128.39574
130.82273
142.23111
172.27234
175.61546
14.63471
16.17151
46.15553
48.30558
67.19220
73.44605
87.00443
102.47442
157.57501
160.53989
187.75380
187.75415
201.12683
201.12799
218.93913
256.90924
295.41591
316.68053
341.30827
8.81861
11.45974
11.74139
18.95565
20.06637
20.75674
26.26095
34.31785
44.92842
80.94547
93.57385
112.91133
131.02305
134.63709
141.80597
161.00804
166.17316
168.37869
168.44206
6.45545
7.66317
14.97403
16.82031
27.35126
27.55393
51.20148
53.86399
58.02716
58.26894
74.31211
95.62315
101.47551
114.50658
127.68037
134.69113
141.06320
155.00615
155.27874
2.70266
4.32224
11.84517
55.45446
59.00243
62.19253
83.33611
115.50840
180.55363
189.30858
189.32313
189.38207
190.50755
195.96967
195.97630
249.04995
258.29988
258.35815
268.24476
43.41855
66.06174
84.27580
89.04599
101.26421
104.00963
106.48086
109.95081
110.06952
111.51733
113.79117
114.81752
115.11146
146.75569
157.66867
161.06867
175.26148
196.87922
223.84281
3.26268
19.06990
19.80354
31.57117
35.87026
36.35540
67.65755
71.60643
80.52022
102.85205
114.42878
116.09329
124.20474
132.44609
133.73060
136.72223
150.60646
161.11519
163.56831
4.80858
5.88736
10.68387
15.73289
71.16166
74.67144
104.48422
109.78829
126.78908
132.56169
143.79789
147.09859
156.95734
180.24326
183.81442
202.66484
214.29816
232.44251
234.10340
6.62154
76.60932
93.62447
117.49108
118.53027
124.03822
148.04916
150.43251
151.88900
244.31751
252.08046
298.11904
313.16505
334.34727
334.34795
334.39114
335.53135
345.71405
403.26903
3.41918
13.60049
20.61123
27.73818
47.39642
50.83080
59.73309
90.89949
105.54554
134.82603
156.07746
168.65332
204.90986
208.41615
208.41625
214.67019
214.67220
223.62047
223.62158
0.09008
4.79525
20.11270
20.46198
40.30335
86.06675
91.19625
95.87287
106.49419
147.55544
159.18650
162.46003
162.48078
169.44941
231.25591
236.58209
236.69563
263.44892
308.48056
4.03184
42.94863
49.31490
56.49377
73.22690
90.05957
110.08286
110.95301
142.14137
150.52230
158.12121
164.36266
164.66611
173.00914
197.16237
198.66439
246.97581
247.55480
264.99054
0.15506
19.30422
71.02916
124.88680
138.59376
150.04092
156.58020
157.88626
212.43201
258.99429
261.60262
277.65607
279.87665
286.27662
287.01631
291.26331
336.24876
356.84627
387.40679
1.74047
7.53253
11.52335
12.71820
30.02844
31.95109
32.93484
62.77886
69.96832
76.36860
81.29787
97.25009
117.41613
151.63253
153.12796
197.27085
200.12884
205.06766
205.08490
10.38262
22.11494
25.85540
40.45176
50.76178
52.29900
53.47613
133.98527
139.78797
141.24621
158.36083
169.62206
171.46738
198.23803
198.59931
249.59945
255.41121
255.52619
322.73569
1.23767
27.97974
28.47419
87.35781
104.36622
107.90970
120.68610
121.61968
121.71024
127.75283
135.15254
135.16137
150.07970
167.40631
187.21907
206.21215
210.05508
238.02138
242.69393
4.59230
31.89601
48.13049
60.86653
78.00741
100.91189
101.37685
111.10756
130.60594
132.32378
133.27799
158.29371
159.39689
170.67264
194.01343
204.72260
204.81255
204.86317
219.71292
3.42484
27.81099
35.23311
37.78796
38.13412
85.22438
92.45857
94.61271
96.83093
117.87731
121.51933
163.52750
163.98592
266.78309
307.91608
323.42034
326.43233
395.69652
401.36246
21.77680
22.40041
31.11277
31.82866
47.18100
59.32044
78.75556
90.06825
161.25052
164.11259
164.14776
185.39931
189.79650
191.34438
202.88703
226.19158
230.48304
232.38563
255.51764
13.07094
37.16422
38.29086
39.24774
57.67722
77.69025
78.88785
80.05742
82.75249
105.19958
110.85384
121.08625
139.60960
140.46047
141.21193
163.96229
186.13358
210.51888
213.14418
2.71168
20.08191
62.50165
70.73376
96.84014
99.24515
111.65346
123.25347
127.79481
132.22239
163.99597
201.59928
210.94773
225.05276
235.66793
251.60797
273.61308
275.07739
277.87649
0.94531
35.89795
37.89366
39.75765
58.21854
135.07080
143.45508
180.43853
208.17607
208.19776
230.58727
230.99207
233.11789
241.46730
241.57303
241.60927
241.63592
242.56109
247.65853
0.82082
13.83923
19.90674
26.26058
27.55444
51.19476
102.85775
106.32288
106.78190
111.87956
146.00525
146.70813
149.36449
152.59798
153.30779
158.73713
163.84984
183.47185
189.52583
5.89320
7.92291
9.84363
11.30732
91.97966
101.37345
124.60451
150.50634
215.78133
237.88726
275.89904
275.90065
290.39758
302.03579
345.68369
350.56599
359.34184
361.67556
369.91796
19.20552
71.63340
72.45784
74.31519
90.04095
96.31109
97.15164
104.16074
128.62799
140.53025
152.55570
152.55621
177.26854
177.81096
187.93221
193.33424
199.67862
199.67986
204.47547
15.83455
19.96103
35.04419
44.04385
74.96014
80.61655
93.86201
160.85702
165.89578
176.72010
177.22234
258.68327
280.09447
302.84425
305.81807
316.21367
316.79739
347.42642
370.14096
19.26177
19.55557
20.51894
38.55642
54.77944
55.59693
58.50880
72.40818
80.87181
110.42058
122.38588
124.93047
161.68920
162.16926
182.94808
224.91464
235.27171
235.27183
258.72877
5.83423
37.93354
40.08146
41.00298
80.24385
80.81647
81.45670
90.24153
91.34993
91.37126
110.48976
129.68376
131.32631
131.42526
131.58290
175.13563
182.83135
202.46483
207.63905
21.93397
22.32984
23.02436
28.89160
40.53126
40.55414
40.95672
41.76627
140.00626
166.50461
195.26361
215.36607
216.26525
216.63147
224.30146
227.19551
241.47568
290.33140
290.70853
4.41349
24.85847
25.82473
26.64982
28.39269
28.51948
32.90502
41.69043
43.32846
49.47090
54.87443
67.11351
80.56928
84.42104
84.85012
101.29003
118.93022
119.04007
125.13494
8.87689
10.37440
11.15732
37.99357
44.18767
49.78911
53.90942
59.58059
76.90018
79.64137
83.08507
105.49331
118.50945
121.24069
131.72055
169.93045
170.61018
193.81119
195.16151
1.30642
10.75192
12.28191
25.65080
28.72837
30.39719
50.02461
52.44364
52.46849
57.33556
67.74248
79.22008
85.32729
114.37916
115.95298
125.00107
164.05568
170.60519
170.66551
2.91513
4.71326
6.64757
8.12428
19.34381
43.53541
63.14255
64.79650
89.60134
91.26472
108.64118
111.88807
131.16434
158.43529
158.85509
158.99143
168.93846
173.40790
218.14843
18.47012
19.19162
51.97515
59.43658
62.58250
65.36594
65.50304
66.34682
81.05252
81.77724
84.83140
86.08065
86.09041
170.86685
172.55166
182.23551
182.31939
201.39863
201.45940
44.70980
57.55757
57.70336
57.83634
98.93845
105.64557
107.38169
108.91009
109.63458
156.50874
160.58826
176.62012
188.23044
246.69918
247.34902
248.02247
290.22441
296.84360
312.63555
7.15947
7.56958
34.50439
45.57219
45.84911
50.29714
53.53246
87.79073
110.76177
111.30101
113.27204
116.88412
122.15315
161.41276
173.25699
212.19575
228.77412
236.21500
237.27959
30.50610
56.40356
72.59744
74.29866
91.49929
100.70337
125.43500
125.78685
129.99566
137.09103
142.24909
147.85126
148.34301
152.66590
190.78115
190.83536
192.11082
200.69133
208.00661
23.88336
27.76965
29.26632
32.77321
49.16884
66.54018
80.83929
115.33463
122.20480
154.82495
160.39813
165.00642
176.20913
192.41881
241.51343
242.18358
258.31168
264.65065
271.56357
67.24502
73.62113
85.26892
88.85947
105.93948
131.74933
132.77672
155.10196
178.59125
178.60076
187.05982
187.06443
285.38823
287.46317
291.02935
291.37828
292.23170
292.47465
311.39527
0.59407
17.38078
30.03582
40.10486
40.51238
47.77191
50.12955
70.17703
72.62081
94.08469
111.89249
139.30464
155.61019
155.80635
193.15848
219.01489
220.79402
235.12275
263.20340
6.96343
9.35968
25.67311
36.34381
37.02625
42.80507
59.36950
89.72557
118.59917
148.24353
152.29193
169.16215
169.34751
169.88557
171.72453
179.60806
180.98103
209.79859
224.89598
12.62655
32.27598
39.50312
85.01051
104.58005
129.70198
166.02798
167.75005
172.54099
172.56367
176.01197
207.67816
219.38098
224.45155
244.51920
247.33590
275.50404
288.29387
394.22405
16.65672
17.98539
22.20836
29.61832
33.80456
41.82903
79.76210
96.10632
98.26853
103.34809
138.80797
155.61394
162.32206
163.76493
170.72801
170.77700
190.98657
191.24988
192.20039
1.92157
8.20858
46.29291
72.68263
140.16163
150.53003
157.79505
158.01417
172.33361
172.34436
193.77171
216.43100
216.61296
225.32112
239.14423
244.47127
259.90212
260.45340
263.04768
16.71408
23.84068
36.25327
57.03836
90.79328
91.38429
109.14217
116.23301
124.32008
127.67147
128.22292
129.21461
161.24351
183.99127
184.05027
218.24297
225.31241
274.77622
287.54054
20.32065
22.50761
43.22657
56.76191
63.49107
69.59744
118.45597
121.37953
122.72445
123.82560
130.61783
155.51035
168.80344
174.91547
174.94694
180.84866
191.38523
193.09377
261.36224
