2.69993
4.08668
4.40729
9.60432
11.79273
12.67919
13.16880
13.44341
1.19213
1.87515
1.99133
2.71801
2.75065
5.28808
7.07730
7.56438
2.13751
2.14970
2.38266
2.62822
2.91334
4.48981
4.51741
7.55760
0.17082
1.44170
4.15010
5.77552
5.98227
5.99066
6.73545
6.73748
0.26451
0.98407
2.12588
2.37353
2.78035
3.17367
3.81998
3.82498
2.43271
2.52359
3.55052
3.60560
4.73488
6.78879
7.07969
10.55064
0.81608
5.26398
6.27024
9.72151
10.07745
12.28597
12.47869
13.74234
0.29958
1.33040
1.36028
3.05131
4.29821
6.39052
6.84276
7.63323
0.28954
2.59617
4.69083
4.70352
5.03892
6.41298
6.41298
8.49886
0.51282
1.87753
2.14303
2.93576
5.12687
6.25395
6.89038
7.03420
0.24065
0.89396
0.89409
0.97802
1.26783
1.44670
2.90389
4.32156
1.67402
3.43525
3.74357
4.98627
5.34807
6.66710
6.74709
7.19897
0.43381
2.30001
3.42276
4.35199
5.34372
5.52297
5.81183
6.55700
0.26444
0.32682
1.30112
2.84542
2.85745
3.24732
6.19702
7.72132
0.39156
0.95870
5.95123
6.60976
8.73288
8.95240
10.21849
10.30587
0.90135
1.61976
1.70379
3.02735
3.95314
4.31473
5.40103
7.01783
0.34696
0.71721
2.13900
2.53836
5.06930
5.66912
6.64758
7.11368
0.27157
0.64942
1.94607
2.70986
2.72492
4.32107
7.15746
7.80914
1.02822
1.24280
2.79366
2.84697
3.20687
3.81063
5.78943
9.94279
0.00063
0.59109
1.63462
1.98426
2.49355
4.05768
4.24861
5.55591
0.14958
0.68025
0.79858
0.81878
1.93797
2.06610
3.36214
4.56573
2.36666
3.14829
4.04896
5.38741
8.08233
8.63407
9.83551
10.94639
0.28254
2.23264
3.62679
5.46227
5.84932
6.46326
6.80055
7.87415
1.54865
2.66560
3.56352
5.08833
6.53170
8.01308
8.90425
9.24295
0.00819
0.60132
2.94084
2.94166
3.29421
6.02033
6.25107
8.91231
0.00005
0.53406
1.13354
2.92760
6.93271
9.37072
9.62702
11.18144
0.14226
1.33287
3.31247
4.42626
5.79082
6.43419
6.66193
9.17584
0.90400
1.97796
4.00707
4.04673
4.04702
4.74501
5.27776
8.87891
0.03763
1.27675
1.49537
1.89736
2.39937
2.91056
4.86485
6.29952
0.39132
1.31950
2.33462
2.57136
3.70280
4.11947
4.13916
4.49844
1.87817
2.13037
4.47532
5.17503
5.22429
5.53841
5.60906
6.14820
3.13595
3.70213
4.46450
4.73466
6.49619
8.06096
10.35811
11.31762
3.87078
3.89349
4.30387
5.95516
6.36933
7.11835
7.53622
9.34333
1.42305
1.48079
2.20995
2.40598
2.86397
3.08868
3.92888
4.30368
2.39907
3.43360
4.70748
7.55073
7.81313
9.90538
10.27855
10.50870
0.39333
1.77138
3.97240
4.26920
4.43143
4.85164
6.87888
7.42767
2.07549
3.46205
6.18863
6.24942
6.46046
7.03082
11.80149
13.59286
0.23440
1.20901
4.49499
4.58444
4.63059
5.31561
6.27734
8.15987
1.96208
3.31353
4.56756
6.29273
6.88053
9.63698
10.87836
11.02813
0.80871
1.36407
2.16451
3.06688
4.78942
7.67416
10.07748
10.95500
0.11791
1.67480
2.10365
3.28253
7.59696
9.79423
9.99177
11.56800
1.93988
2.47456
4.40252
6.54544
7.71799
8.18858
8.25087
8.46688
1.93275
2.52586
2.67729
3.89567
4.09268
6.16033
6.48435
8.16390
0.10689
1.03293
1.13796
2.82493
3.87807
4.54083
4.60725
6.19165
1.07038
2.53971
2.69194
3.02321
3.36794
5.84193
6.52349
7.50612
0.17940
1.56430
2.27271
3.36094
3.95957
4.00066
5.48762
6.58155
1.18954
2.79245
4.22815
4.77238
5.52396
6.45771
6.63201
8.74144
0.36622
0.97309
1.03541
1.39783
3.07813
4.19282
5.09792
5.33556
2.20810
2.71407
2.71412
4.82784
5.01001
5.29148
7.38337
8.01850
2.54137
3.24488
3.83741
5.49088
6.01103
6.10402
6.22416
8.18251
0.49947
1.65556
2.02355
3.10526
3.83261
5.14939
5.55572
5.56524
2.09143
2.10257
3.78625
6.50681
7.50656
8.72540
9.52475
11.60786
0.41535
1.82599
3.06090
4.33913
5.88669
7.42436
8.80433
9.37578
0.08988
1.58406
4.39905
7.82990
7.83002
9.86664
10.63418
12.04083
0.79553
2.02624
2.85577
4.31540
6.72111
7.97015
8.52464
8.65685
1.54363
1.71817
3.15353
3.15385
7.78868
10.87661
11.48575
11.68680
1.95035
2.33549
2.51924
3.68828
5.57320
8.17807
8.24969
8.96674
1.62247
2.41229
5.23765
5.59129
5.93827
8.88247
9.42253
11.48085
0.37362
1.91780
2.13118
3.17405
3.62615
4.79556
5.01542
8.81794
1.75016
2.21189
2.50706
3.94906
3.99909
4.06998
4.84141
5.64440
0.33237
0.50999
0.51000
1.12315
1.17555
3.49683
4.79882
6.25449
0.62366
1.19840
1.67762
2.29375
2.58549
2.63056
2.63157
3.72785
1.04595
1.11668
1.76513
2.67420
3.25402
4.06418
4.10124
5.29160
0.41647
2.27862
2.88205
3.43351
3.45420
4.01277
4.90612
4.99365
0.29712
0.78687
1.06571
1.55412
2.72521
4.45223
5.06608
6.14947
0.48689
2.81875
4.91387
4.99764
6.10354
6.65775
7.70176
7.79355
1.12579
2.06479
2.43427
2.43509
3.03630
3.73288
4.11087
4.15869
1.14051
2.42950
2.52249
3.95668
5.94411
6.01371
6.52315
6.79286
2.51273
2.70364
4.84071
6.77154
6.79447
9.00790
9.52735
9.55540
0.41040
1.07363
1.89100
3.68651
5.15897
5.71152
6.01881
8.85511
4.81905
6.24365
6.91356
7.05598
7.65820
10.43893
12.24040
12.25677
3.53526
4.67727
5.28536
6.49495
6.52476
7.31371
10.42913
11.05966
0.15116
3.17050
3.52418
3.87124
4.60917
6.16721
7.60189
8.70360
0.36656
0.45018
0.46250
2.14267
4.36498
4.77033
4.77242
4.92131
5.53394
6.08643
8.51450
9.44626
9.45829
9.51316
9.51420
9.84710
0.93889
1.42926
2.19843
3.60471
3.62743
3.98977
4.16648
4.21491
3.51722
4.03860
4.34284
5.18558
5.20992
5.96950
6.03810
7.06822
0.43555
0.65516
1.59514
2.84388
3.01097
4.28591
4.65225
5.33948
0.20099
0.67361
1.82882
1.97159
3.43866
4.35622
5.34203
6.36878
1.32015
1.80880
2.35805
5.49679
6.77517
7.90006
10.72719
12.75962
0.53980
1.94698
1.96868
2.64892
4.89877
6.18137
7.16787
8.28577
1.11002
1.45727
4.04655
6.29132
6.29269
6.38152
7.74389
7.91190
2.10989
6.08192
6.12586
7.68132
8.64202
9.98097
11.03887
11.38181
0.07092
0.37404
1.82035
2.03303
2.71335
3.76844
5.32620
6.97250
0.29543
2.00649
2.91953
5.00968
6.85968
7.19857
7.31994
7.83955
0.64322
0.87479
0.87688
4.07226
5.47693
7.56578
8.18105
11.17378
3.35534
5.23063
7.45974
11.21809
11.37512
12.47721
12.55409
12.92615
1.85780
3.10777
3.76903
4.08122
4.82394
5.17478
7.40991
7.41901
1.01948
3.69493
4.60601
4.73052
5.14222
6.83836
7.65373
9.22550
0.25988
2.44774
2.89319
5.25505
5.31702
5.85536
6.17618
6.32528
1.22643
1.79393
1.90797
2.17124
2.89630
3.48152
4.39747
4.53130
0.51120
1.33559
1.89822
3.21488
4.88141
5.07083
5.49787
6.69509
0.10229
1.88305
2.23969
2.85890
3.12419
7.10065
10.02028
11.00111
1.50902
1.68947
1.71723
1.96530
2.39038
3.60670
3.62756
5.59152
0.72521
3.71526
3.81872
5.41267
5.67411
5.76262
7.93515
10.38452
1.19018
1.87450
3.12345
5.64217
5.81446
5.89471
5.92115
7.48740
0.38724
1.43415
3.13306
3.92601
4.43197
4.94857
8.85753
10.88732
0.47126
1.37299
1.49295
1.58968
2.53397
3.44316
4.91078
7.90081
0.27602
0.27932
0.59563
2.56232
2.69632
2.92378
3.36413
3.57932
0.26453
0.69185
1.80395
4.07891
6.27529
9.45123
9.63664
10.44771
