5.95645
8.66598
11.35513
21.72101
25.33615
28.70017
28.93018
20.91717
27.60251
43.47957
59.23323
62.84622
65.66038
65.85418
4.69823
7.99069
10.37031
23.67547
27.97975
31.35088
31.50829
4.19923
26.16203
31.76140
35.24803
39.37952
44.80662
44.81363
5.30095
10.95407
14.78116
33.98685
35.85289
58.99231
59.03425
1.40139
6.88558
21.39079
29.19427
39.22797
50.92550
51.40101
0.14237
5.97361
12.95442
23.58217
25.11305
30.81862
31.06742
10.17043
15.34586
42.49995
43.58381
44.74736
45.81611
46.05155
0.30574
3.14564
5.97110
12.57371
13.85311
23.26999
23.48352
8.92220
14.48820
38.01505
40.36165
45.36314
47.24579
47.39662
5.06587
6.36593
7.35002
8.11053
10.41600
25.53933
25.61295
1.91607
4.53006
5.13809
8.54222
13.97070
22.22101
22.26264
2.25895
7.97989
26.36385
27.90006
32.22244
32.70028
32.71228
0.14802
3.47647
9.70651
13.12168
21.83612
24.24522
24.56375
4.63877
11.84945
21.52528
26.95608
27.62228
30.69554
30.69715
6.38844
8.84313
14.23190
18.76723
21.83353
22.56873
22.58368
7.82859
15.97651
20.50181
23.41292
33.32335
41.44392
41.61434
2.63234
9.28264
22.73664
26.24087
26.68379
28.53453
28.65659
4.55836
6.40966
13.50375
22.64110
23.50538
24.52756
24.91749
7.50870
12.32382
15.71348
24.99735
32.48481
33.65810
33.92169
2.18080
9.07540
20.76311
22.09137
24.67751
32.07172
32.31905
1.94083
7.75832
10.34350
20.64532
22.11691
25.26607
25.36451
6.83619
10.26094
14.03792
16.58518
19.21094
28.05664
28.29688
2.46600
5.18419
6.22292
9.04630
11.44985
24.14758
24.30553
2.76119
4.27175
4.67722
11.17529
21.38729
28.25770
28.42883
10.68417
11.10598
16.67772
26.50400
38.29056
38.87141
38.96115
8.24962
16.47492
17.96603
46.50737
56.90147
58.27887
58.37914
12.07001
16.59440
18.72133
26.19910
26.98844
28.49690
28.61498
3.34558
12.22242
17.75847
22.41031
24.48687
25.20735
25.47707
2.29722
6.90348
13.34912
21.82318
34.37746
44.67622
44.71174
6.44329
19.78293
21.41480
30.84837
38.25956
39.57229
39.79494
9.54180
11.06108
16.04739
27.30135
34.19738
35.91014
36.06435
5.67560
7.53234
14.99330
17.92175
23.44957
26.84234
27.01913
2.21633
3.84523
5.11421
9.80376
20.94527
37.31136
37.48943
0.18341
1.42932
17.35180
20.06494
22.77135
28.78042
28.96654
2.62845
6.25589
19.65869
22.49750
28.30779
31.14699
31.22631
12.35736
14.91082
15.54701
27.54690
33.86146
37.70261
38.03992
1.22563
6.05645
11.65057
22.96415
28.63561
30.31405
30.41959
5.00282
8.30193
16.60987
19.01877
19.57606
23.23392
23.32899
5.81862
18.36759
22.90804
27.24011
31.88249
40.45312
40.50952
5.83594
8.84305
26.98976
28.45227
33.56289
35.34841
35.46601
6.46635
8.84423
16.17925
19.57981
21.59711
24.43729
24.92702
3.82363
11.11249
16.56808
28.23399
31.36939
37.89077
38.00223
0.47054
4.65908
14.26101
17.97121
27.88783
32.89764
32.91004
8.02821
8.84467
9.54631
12.84530
16.83808
39.02269
39.08298
13.69351
14.45654
21.03657
23.91540
25.58470
36.49028
36.64920
0.94417
7.49448
15.49085
30.99840
31.66331
44.92879
45.17552
0.81461
11.90581
16.81388
27.88302
31.32065
37.85520
37.99613
21.35862
25.27538
50.26429
66.00310
66.93450
73.36217
73.88403
7.42034
13.00182
23.14572
28.33830
36.08067
43.53977
43.85763
8.00369
19.68098
27.87028
37.91881
47.80272
51.26243
51.37864
15.81702
27.07211
31.83888
36.88049
41.47716
43.78570
43.87190
9.32805
20.17232
27.22434
34.26406
41.73500
46.12010
46.13259
2.06088
4.78715
8.46599
18.89633
27.99457
29.51263
29.59175
4.82806
7.25070
8.27732
9.69968
17.47081
34.97819
35.20499
8.25488
11.84945
18.62700
22.65335
27.13918
28.05791
28.26108
4.58380
13.20319
14.51076
17.68829
19.26264
22.14003
22.34052
0.26362
11.57702
11.77557
22.70088
25.29422
29.96373
29.98050
10.78800
12.51062
18.44379
22.54694
30.39480
36.86933
37.04286
3.54892
3.93834
7.05675
10.21416
18.05712
23.53266
23.58079
0.91653
2.90123
9.73181
21.73516
31.88805
33.22095
33.29831
3.30037
18.23240
25.33677
27.81548
36.90422
43.81045
43.91064
5.31179
18.38196
20.45609
26.05275
52.34424
54.69901
54.95856
0.31878
14.77066
16.08029
18.72372
20.36618
29.90132
30.13377
2.35372
4.09910
11.88469
17.46392
18.17378
22.98100
23.06648
3.99034
6.63265
17.42445
22.40657
24.77987
39.32136
39.48256
13.85451
18.84133
26.37822
30.84682
35.67291
36.73628
36.85318
3.90246
11.54361
18.54047
18.84725
36.81081
41.56466
41.70933
9.33521
15.01647
20.26454
31.39764
44.37357
56.34553
56.42685
6.94782
8.15214
19.70534
22.37750
30.61145
32.86012
32.95287
13.18862
28.92889
33.54872
35.72564
39.01350
55.95919
56.17550
2.85151
6.92390
9.61537
14.04862
16.57378
22.60234
22.74123
10.05573
13.00572
30.71980
37.49919
39.70819
47.78361
48.17540
1.92007
9.41669
20.29778
23.65248
27.93530
52.90895
53.22295
15.03266
18.33718
22.92721
26.62609
27.76774
33.81662
34.02633
16.08608
24.49318
31.11297
38.44579
41.06440
42.16704
42.25766
7.09531
15.87892
17.00285
22.07784
28.83937
32.55687
32.99168
10.37417
22.15034
26.24252
32.84225
37.35916
45.07080
45.24618
0.15249
2.04411
5.17863
12.51944
15.15721
25.54532
25.66258
7.32066
11.76074
20.00088
24.81080
29.37402
34.15576
34.39580
5.27946
12.64863
30.15760
39.66132
40.61942
49.17976
49.19451
6.44769
10.30086
11.15016
14.06921
15.12459
16.17116
16.57604
22.05599
22.89154
42.28404
45.37793
59.75196
67.99775
68.05316
19.16061
28.70101
37.13837
44.62938
45.11466
45.68306
45.71700
4.31386
6.09745
16.43106
19.79285
21.17430
21.34757
21.39746
2.08175
3.85290
8.88257
17.68985
28.59772
30.31110
30.60138
1.45767
7.23815
8.76632
10.69883
14.98473
18.30568
18.48110
6.20959
22.50223
25.38556
25.86588
28.98616
31.21054
31.68980
2.66926
12.55812
23.28308
31.09499
36.76109
38.21029
38.22637
1.18267
12.73166
34.61723
36.46689
42.77281
44.41987
44.61990
6.64611
13.82856
22.32471
26.16707
28.41176
36.67254
36.68772
12.09142
19.31994
32.31344
39.88177
45.71167
48.93370
49.07085
3.99254
4.46127
19.44981
29.46991
41.22951
44.79009
44.92037
0.30081
20.42044
23.25975
28.75050
29.84568
31.32758
31.52322
0.11298
0.98886
2.45470
17.50106
31.41465
32.99125
33.00564
1.91798
8.98310
9.41095
11.53984
20.82743
26.89836
27.42080
3.77484
4.92721
10.05416
20.44695
27.18272
30.06911
30.18316
2.15716
5.02941
8.03929
11.62856
25.42418
58.26079
58.43195
5.92031
12.34296
16.37080
25.30760
39.47997
50.36012
50.54480
0.58076
7.07998
17.02550
22.76437
27.49831
30.71633
30.75280
