0.97165
0.97189
1.25600
1.50497
1.87399
2.01331
3.17356
3.22715
3.28281
0.52571
0.83913
2.42923
3.31998
3.63417
3.84698
3.99671
4.18105
4.86839
0.31725
0.81023
1.16553
2.09465
2.10607
2.57747
2.66197
2.81916
2.89140
0.05427
0.45152
1.26916
1.28046
1.77217
2.90790
4.45327
4.56162
5.00753
0.03297
0.16726
0.56185
0.95796
1.21096
1.40591
1.82903
2.72339
3.36000
0.41536
1.55289
2.10699
2.11283
2.26267
2.28718
2.50825
2.75849
2.91340
0.03701
0.14273
0.44275
0.93338
1.25529
2.41458
2.54936
3.31376
3.41119
0.69260
0.90602
0.95935
3.42491
3.55420
3.79228
3.85498
6.07816
6.13107
0.04650
0.23174
0.76413
1.01351
1.56008
2.00137
2.32710
2.32740
2.33107
0.58159
0.78645
1.06395
1.18504
1.31247
1.90533
2.48123
2.68316
2.88276
0.32244
0.82420
1.69167
1.90897
2.36076
2.43472
2.76411
3.23376
3.53213
0.36825
0.64345
0.99790
1.00029
1.05192
2.54066
3.30831
3.83003
4.49080
0.37803
0.53658
1.00441
1.49081
1.56606
1.65778
3.18775
3.42043
3.74952
0.00364
0.00373
0.03135
0.03179
0.87550
1.40587
1.69986
1.70551
1.74740
0.55441
0.56780
1.68589
1.80545
1.97934
2.38807
2.60923
2.89395
2.92809
0.27560
0.59278
0.64713
2.25200
2.89049
4.21885
4.26425
4.88889
5.12624
0.16485
0.36177
0.62310
1.68770
1.70156
1.73790
2.44684
3.49260
3.68000
0.56958
0.58899
0.80436
0.84566
0.96773
2.07553
2.08239
2.47247
2.93630
1.06578
1.22956
1.32743
1.48458
2.26938
2.54219
2.55356
3.65703
3.67895
0.00153
0.37701
0.51118
0.69980
2.25111
4.20814
4.97539
5.00117
5.19637
0.06268
0.53574
0.79787
0.94693
1.43150
1.60582
2.61963
3.08464
3.57153
0.07131
0.15345
0.50583
0.50593
1.08791
1.97193
2.32211
2.49003
2.68307
0.00004
0.07932
0.42171
0.61217
1.01850
1.01870
1.09982
1.15796
1.37207
1.10895
1.13580
1.13766
1.59642
4.22687
4.54097
4.58752
4.60572
4.83084
0.06147
0.79140
1.95731
2.12089
2.18059
2.22502
2.35499
2.61956
3.14230
0.48269
0.62130
0.91346
1.59457
2.01108
2.33274
2.57121
3.34410
3.61526
0.20463
0.97454
1.69099
2.25921
2.26352
2.85136
3.22660
3.26512
3.49600
0.36417
0.67953
0.78504
1.84817
2.05843
2.49051
2.66883
3.28426
3.39879
0.64393
1.63708
1.76423
1.96562
2.35052
2.36123
2.51667
3.29946
3.31193
0.04195
0.29486
0.46995
0.66308
0.85210
2.45204
2.51984
2.85532
2.94520
0.50451
2.06164
2.88360
3.36081
3.37822
3.73551
4.11399
4.55325
4.91398
0.23246
0.68201
1.52245
2.67736
2.71339
3.11740
3.18263
3.73220
3.76920
0.12893
0.19927
1.03892
1.30393
2.23943
2.34241
2.65258
2.76215
2.78404
0.00003
0.35516
0.50724
1.35424
2.07858
2.19585
2.52163
2.88146
4.08347
1.36700
1.42529
1.81751
2.29917
3.00288
3.24109
3.78293
6.03269
6.22113
0.14248
0.24338
0.28448
1.34021
2.03768
2.21765
2.65361
2.80291
3.00169
0.77247
0.77281
2.72365
3.11842
3.32114
3.59545
4.14215
4.84153
4.86862
0.57115
0.81993
1.33838
1.34280
1.57267
2.05338
2.09692
2.16866
2.17429
0.06156
1.81673
2.93548
3.75615
3.82834
3.93059
4.65626
5.01347
5.31281
0.03383
0.03384
0.60613
0.73667
0.76123
1.22186
1.22570
1.98320
3.21088
0.03121
0.70504
0.78727
0.82821
1.88220
1.92823
2.80252
2.87062
2.87529
2.00553
2.39618
2.47609
3.59505
3.88836
4.39216
4.86935
5.24821
5.73520
0.39638
0.43119
0.50025
0.56775
1.06523
1.50263
1.70021
2.54082
3.24666
0.27890
0.38511
0.58625
1.36265
1.93277
3.03959
3.05993
3.19777
3.84461
1.09478
1.29053
1.36639
1.37930
1.84639
2.06612
3.05913
3.56115
3.56650
0.52836
1.47480
1.97437
2.49554
2.64864
2.73683
3.78453
4.17134
4.89965
0.41732
0.46895
1.07504
1.07523
1.80173
3.04214
4.00345
4.00426
5.29289
0.12283
0.36155
1.20028
1.31510
1.33804
1.73837
1.87265
2.01482
2.09728
1.38549
3.30646
3.76675
3.82760
4.13637
5.20086
5.34144
5.55740
5.75114
0.89428
0.92415
1.75398
1.97882
2.50966
2.83884
3.48092
3.63038
3.76162
0.83161
1.46660
2.44247
3.34929
4.00692
4.90141
5.67968
6.73064
6.90111
0.14802
0.68412
1.68379
2.77081
3.45169
3.45530
3.92365
4.90031
5.43036
0.00484
0.21692
0.54231
1.51503
2.27759
2.40553
2.44900
2.63279
3.72785
0.71838
0.74772
1.09065
1.09093
1.38505
1.64334
2.28113
3.41747
4.31713
0.85327
1.03395
1.12706
1.45485
2.04690
2.59545
3.36699
3.77621
3.98393
0.69236
1.32832
1.37323
1.71243
1.97399
2.12981
2.20295
2.37915
2.87239
0.56108
1.06606
1.09192
2.21523
2.27496
2.95709
3.26966
3.26973
3.67054
0.08217
0.48722
0.90543
1.07772
1.22130
1.28528
1.96616
2.12206
2.56374
0.23589
0.58996
1.15296
1.80399
2.23825
2.25073
2.82842
2.98723
3.69793
0.63138
1.14020
1.74652
1.94493
2.11966
2.18476
3.03814
3.12238
3.35220
0.25727
0.90365
1.13208
1.66662
1.96638
2.37087
2.42548
3.00259
3.40554
0.50511
0.50722
0.67302
1.18614
1.93838
2.18584
2.57067
2.83581
3.38107
0.45340
0.65896
1.39193
2.14148
2.57466
2.72525
3.20854
3.64100
4.11816
0.14506
0.14742
1.76414
1.93718
2.54839
2.83280
2.89394
4.49495
4.54053
1.50136
1.94243
2.27855
2.45220
3.68897
3.98897
4.45659
5.73398
5.78531
0.01236
0.30708
0.44425
0.58746
0.88645
1.86286
2.16457
2.35016
2.90382
1.26657
1.41387
1.42177
2.23952
2.53598
2.53704
3.44914
3.45604
3.88072
0.06052
1.04855
1.28326
1.40027
1.79545
1.98975
2.22393
3.01134
3.35709
0.47519
0.75607
1.24347
1.55289
1.61549
2.54184
2.83911
3.19047
3.39540
0.03523
0.18656
0.86184
1.05441
1.12157
2.16774
2.20567
2.84992
3.68295
0.34069
0.57545
0.73004
1.11656
2.08093
2.27064
3.15666
3.37558
4.26131
0.00029
0.96997
1.08729
1.53536
2.77860
3.28528
3.88815
4.21850
4.61114
0.39727
1.14467
1.37233
1.50177
1.54807
2.33050
2.46585
2.47317
2.47355
0.45796
0.67263
0.68187
0.68549
0.82904
0.85321
1.46239
1.62502
1.88391
0.03611
0.26071
0.76616
1.42511
1.56073
1.62998
2.03113
2.04356
2.79235
0.02400
0.61306
0.65214
1.61983
2.12123
2.15748
2.33733
2.59512
2.88150
0.07730
0.24886
1.36263
1.55572
1.73038
1.79949
2.23070
3.23432
4.00233
0.02922
0.03673
0.06060
0.54193
0.58557
1.34428
1.43469
1.58710
1.70321
0.13529
1.17023
2.84905
3.05336
3.32092
4.13818
4.29811
4.54073
5.34245
0.64132
1.17873
1.42198
1.71587
2.01075
2.18217
2.22217
2.47494
4.25931
0.06649
1.21228
1.25868
1.25939
1.70137
2.23106
2.24433
2.37413
2.43574
0.00126
0.00135
0.55510
0.56893
1.11298
1.31025
1.38012
2.91630
4.14916
1.36365
1.84352
2.59111
2.77351
3.15532
3.38226
3.86516
4.58027
5.20453
0.72835
1.11515
1.54545
1.58733
1.65289
2.30630
2.40869
2.82225
2.97736
1.35207
1.72898
2.00250
2.39450
2.76737
2.78140
2.89265
3.98958
4.60919
0.10196
0.36870
0.48996
1.85789
2.14735
2.62228
2.72214
2.79510
3.14284
0.02185
0.12614
0.45963
0.50437
1.46937
1.47814
2.29074
2.73975
4.02851
0.55908
0.61488
0.72177
0.95433
1.83925
1.88235
2.41423
2.91213
3.05263
0.37207
0.59928
1.26432
1.75414
1.93013
3.03785
3.24347
3.27385
4.01200
0.02025
0.22238
0.50779
0.99092
1.61427
1.84977
1.85956
2.12836
2.73818
0.62999
0.72588
0.79611
0.91860
0.96915
1.50179
3.61802
3.66040
4.88224
2.19052
2.30241
2.30251
2.33543
2.50189
3.23992
4.15027
4.19821
4.42851
0.45639
1.24042
1.68722
1.69711
2.19661
2.48261
2.82871
3.49621
3.55703
0.28948
0.55398
0.85380
0.97526
1.70338
2.10929
2.74596
3.19698
3.42511
0.24938
0.38831
0.57832
1.66932
1.74609
1.84073
2.25531
2.38013
3.68719
0.23274
0.23393
0.50875
0.77541
0.88160
1.32447
1.46029
1.67958
2.90872
0.23768
0.93604
1.31988
1.32534
1.49140
1.99409
2.12621
2.86573
3.63086
0.59195
1.09433
1.83659
2.47559
2.71038
2.86216
5.20255
6.07945
6.73389
0.60511
1.35732
1.47436
2.10061
2.44309
3.25341
3.64402
4.34752
4.40000
0.06724
0.06777
0.80638
0.82009
1.52563
1.83346
2.00374
2.03675
2.21651
