16.51556
17.50452
17.86456
18.46928
19.47224
19.47557
21.03715
21.22685
21.27634
18.62203
19.81891
20.99895
22.32861
22.49228
23.39178
24.19699
24.59313
1.39451
2.54817
2.58992
4.13078
4.89096
5.90934
6.77294
6.81843
7.00032
7.28595
9.12487
10.13029
11.34365
12.09603
12.92924
13.09768
13.43750
10.96139
11.78589
13.64653
14.97626
16.98639
16.98748
17.08727
17.80012
17.94291
18.81778
19.79606
20.84104
21.27738
21.34168
21.88885
23.32484
23.59111
4.25293
4.43618
6.03329
6.04055
6.09631
6.66128
6.99509
7.39161
7.63799
7.69333
7.80420
9.88766
10.06970
11.72000
12.16900
12.36700
12.78839
18.19374
19.38346
20.47729
20.53692
20.78147
21.51173
21.91397
23.18818
23.63410
23.97113
24.12271
24.38828
25.69023
26.04334
26.67770
28.05120
30.26791
25.22777
26.33142
27.12723
27.48264
27.48268
27.94107
27.94465
29.32326
29.86701
29.80316
30.22952
30.49230
30.75913
30.82725
30.83099
32.07353
32.41810
24.89106
24.96857
25.73310
26.91241
27.74617
28.46855
32.93949
33.88484
34.67473
34.69233
35.93308
36.23591
38.15102
38.66173
39.44005
41.23859
41.43431
1.49942
1.52991
3.07442
3.13324
3.18822
3.97525
4.91229
