0.01126
0.14471
0.50423
1.58122
1.74620
2.59558
2.82900
2.93532
3.48623
3.79161
4.13234
4.99130
0.38666
0.59281
1.56694
2.35273
2.75030
3.23993
4.49567
5.00162
5.34937
6.31769
6.36613
6.67142
0.36249
0.71771
1.12605
2.52315
3.00971
3.76637
3.87129
3.94218
4.72686
5.08316
5.55467
5.58848
0.12352
0.49103
0.78539
1.80312
2.36467
2.46501
3.11076
4.18163
5.41993
5.74140
6.03570
7.23273
0.15109
1.41614
2.05050
2.25420
2.34247
2.84589
3.24935
3.90187
4.94896
5.63754
6.37994
6.83868
0.03560
0.47461
0.75244
1.15975
1.42621
1.49623
2.38603
3.05120
3.46581
4.03904
4.18829
4.70940
0.86644
1.67066
1.87399
2.57253
3.00665
3.44539
3.86581
4.19204
4.57804
4.92700
5.09930
5.43384
0.69791
1.43515
2.49737
2.64324
3.11681
3.54006
3.82686
3.97779
4.90183
4.94818
5.08505
6.19230
0.89113
1.34836
1.63590
2.62078
3.30843
4.02136
4.66604
5.52036
5.60006
6.34782
6.37165
7.34369
0.48653
0.76848
1.12262
1.19549
2.54842
3.53322
3.70264
3.92860
4.54442
5.16432
5.73054
6.17130
0.32067
0.52301
0.64172
1.17616
2.08519
2.56156
3.05213
3.27685
3.67932
4.39624
4.59498
4.89107
0.50643
0.80243
0.80273
1.30809
2.43984
2.70785
2.77183
3.12380
4.34118
5.50941
6.18641
6.36907
0.24605
0.33586
0.53541
0.61968
0.97749
1.62403
1.89517
2.29288
2.62042
3.83251
4.55943
4.87792
1.06114
2.46362
2.54303
2.68010
2.89845
3.18143
4.35481
4.98890
5.54343
5.55429
5.84068
6.16639
0.68825
1.17302
1.25274
1.67786
2.10468
2.39419
2.42376
2.44399
2.60799
3.01449
3.63753
3.97845
0.14119
0.31477
1.12757
1.22162
2.53409
2.76663
3.71427
4.50346
5.39021
5.87740
7.11995
7.70054
0.40933
0.90638
1.00942
1.01748
1.20380
1.33867
1.80389
2.74014
2.94410
3.42474
4.15740
4.29571
0.68481
1.67900
1.72734
1.90822
2.15260
2.56145
3.69793
4.76908
5.03740
5.60089
5.74479
6.91977
0.02597
0.99210
1.35548
1.48643
2.12614
2.80640
3.55491
3.72586
4.43737
5.04223
5.20389
5.42667
0.70817
1.20730
1.39291
1.67539
1.93651
2.50916
2.77192
2.86361
3.02055
4.66639
4.99019
5.48491
0.39658
0.68599
0.94197
0.98343
1.59057
2.25211
2.25472
2.69031
2.92231
3.45850
4.38334
4.42269
0.53080
0.78052
1.25984
1.62370
1.68480
2.03879
2.62782
3.35114
3.41543
3.62406
4.05596
4.30556
1.50275
2.31861
2.76028
2.89630
3.89161
4.07935
4.99034
5.50220
6.02459
6.69443
7.73481
8.31951
0.10746
0.26834
0.80471
0.82263
1.08473
1.37315
1.69351
1.94884
2.14749
2.54184
2.72809
3.21763
0.13037
0.26932
0.41268
0.56047
1.61646
1.86320
2.15682
2.24822
2.53338
3.11638
4.13422
4.48727
0.61350
1.38160
2.40434
2.85675
3.09373
4.57541
4.90711
5.88691
5.99930
6.09675
6.88437
7.21016
0.77431
2.08723
2.09378
2.16358
2.39391
2.75674
3.02295
3.35423
3.40103
4.35587
4.73157
5.28325
0.37048
2.07185
2.34982
2.38164
-1.00000
-1.00000
-1.00000
-1.00000
-1.00000
-1.00000
-1.00000
-1.00000
0.24338
0.77593
0.96000
1.38542
1.70259
2.26621
2.63001
3.07962
3.11050
3.43997
4.12720
4.73490
0.22901
0.47824
0.73513
1.06663
1.37849
1.70205
2.32229
2.68529
3.09660
3.19576
3.53084
4.49951
0.39804
0.68907
0.86245
0.93578
1.18223
1.42168
1.81799
2.28143
3.00707
3.68548
4.17543
4.42851
1.06257
1.84050
2.58344
2.72030
3.01698
3.16158
3.39767
3.93149
4.05058
4.22206
5.03207
5.60982
0.60511
1.20488
1.20799
1.50541
2.08033
2.73859
3.09697
3.45192
4.14449
4.30192
4.69020
5.36431
0.01749
0.11783
0.76372
0.93838
1.70186
2.50343
3.05668
3.43949
3.92989
4.20497
4.58945
5.08490
0.82634
1.42173
1.86676
1.94961
2.98382
2.98958
3.45097
4.08355
4.34143
4.61337
5.01869
5.07409
0.36620
0.56377
0.98265
1.88228
2.24728
2.56855
2.63664
3.21270
3.46833
3.85649
4.16952
4.50577
0.47898
0.98475
1.08524
1.31967
1.52564
2.26359
2.53456
3.00265
3.37340
3.80513
4.17532
5.78327
0.32125
0.73065
1.14869
1.70575
1.85974
1.97558
2.18809
2.98686
3.08888
-1.00000
-1.00000
-1.00000
0.84014
1.10052
1.22112
1.58279
2.04776
2.60911
3.07415
3.52505
3.97259
4.74439
5.06999
5.89808
0.47763
0.88299
0.94868
1.33840
1.83680
1.85985
2.71717
3.62498
4.24973
4.89537
5.39582
5.76123
0.71237
1.09854
2.14479
2.37584
2.67628
2.79607
3.15272
3.66240
4.61585
5.25269
5.33675
5.93049
0.14050
0.50095
0.98041
1.72990
2.04763
2.04834
2.69707
3.52419
4.06173
4.44542
4.87884
5.00130
0.25522
0.55502
1.28303
1.32214
2.18830
2.32107
3.01774
3.68967
-1.00000
-1.00000
-1.00000
-1.00000
0.27592
0.69825
2.04322
2.31271
2.44866
3.19405
-1.00000
-1.00000
-1.00000
-1.00000
-1.00000
-1.00000
0.58420
0.63347
1.36008
2.22853
2.29215
2.53953
-1.00000
-1.00000
-1.00000
-1.00000
-1.00000
-1.00000
0.84779
1.23498
1.72137
1.79463
2.20586
2.78696
3.36426
3.68073
3.73392
3.86574
-1.00000
-1.00000
0.34070
1.06778
1.62100
1.96607
2.16721
2.67102
3.70848
4.15624
4.88392
5.62544
6.08986
6.12990
0.74944
1.74832
3.08934
3.10414
4.04033
4.04790
4.23910
4.51436
4.70749
5.70675
5.86263
-1.00000
0.72009
1.45261
2.19119
2.53759
3.01115
3.69497
4.46639
5.54429
6.24581
6.94782
7.04853
7.94842
0.13597
0.23895
1.00821
1.19039
1.87307
2.16467
2.72315
3.09863
3.15643
3.24067
3.52423
3.87551
0.01553
0.16200
0.37039
1.13133
1.59977
2.00482
3.17650
3.25753
3.76590
4.03456
4.12369
4.38758
0.38820
1.04378
2.14531
2.29289
2.90973
3.15150
3.42393
4.26522
4.63321
4.92767
4.93550
5.15721
0.58941
0.98449
1.44417
2.36227
2.85598
3.19634
4.42783
5.50870
5.76554
6.41407
6.91897
7.19590
1.09169
1.14286
1.37824
1.65230
1.67471
1.83426
2.16629
2.35660
3.39207
3.87156
4.16680
4.35842
0.79578
2.99919
3.01409
3.04300
3.68514
3.83408
4.17883
4.24598
4.47447
4.76712
5.49099
5.53412
0.41573
0.87526
0.99069
1.35427
2.09658
2.58508
2.70937
2.71688
3.10103
4.12243
5.06648
5.29261
0.31446
0.76912
1.27355
1.42770
1.85252
2.27596
2.75292
3.04921
3.15697
3.22342
3.54458
3.70268
0.32929
0.69325
1.26721
1.31919
2.06090
2.21204
2.49358
2.69111
2.80758
3.24964
3.57995
3.81891
0.15104
0.87593
2.16997
2.59428
2.64248
2.69026
3.72395
4.08300
4.13688
4.37383
4.77126
5.08201
0.71495
0.96736
1.48269
1.99592
2.23295
2.49849
2.65027
2.74327
2.95612
3.11970
3.53712
4.16722
0.17121
0.34082
0.85824
1.50090
1.67584
2.41910
2.58570
3.12235
3.15747
-1.00000
-1.00000
-1.00000
0.67179
1.26867
2.09465
2.48104
3.66143
4.03533
4.21643
4.81212
5.00666
5.56387
5.91154
6.00427
0.92303
1.32889
1.64599
2.13199
2.84450
3.03203
3.35431
4.03151
4.43236
4.62509
4.87816
5.08436
0.32754
0.35676
0.37486
0.55210
0.72829
1.01218
1.50567
1.68444
2.18542
2.39917
3.41297
4.08644
0.44169
0.85338
1.40347
1.88267
2.04920
2.38195
2.46963
2.51030
3.29229
3.77235
3.95869
4.70587
1.05340
2.20512
3.20759
3.67982
3.98012
4.34085
4.47782
4.60433
4.77736
4.87307
6.02886
6.05338
0.33540
1.07899
1.67904
1.83098
1.83197
1.97577
2.21735
2.33657
3.05786
3.36210
3.89550
3.90427
0.34190
1.13084
1.66890
1.74952
2.14909
2.51094
3.46198
3.72924
4.74372
5.42174
5.64845
6.10272
0.41901
1.54384
1.72843
2.12850
2.25972
2.64561
3.16532
3.26648
3.51148
3.62442
4.53013
5.81485
0.31744
0.51590
0.96152
1.19994
2.10103
2.16457
2.88251
2.92168
3.35197
3.71684
3.97293
4.51424
0.10969
0.81289
1.59086
1.98544
2.12734
2.28849
2.43062
2.43286
2.50778
2.64210
2.67892
2.88095
0.32608
0.66536
0.79540
2.20532
2.81372
3.27655
3.27901
3.79510
4.38720
4.95490
5.03791
-1.00000
0.13706
0.87506
1.12611
1.97573
2.16158
3.33234
4.16424
5.47548
5.76518
6.16946
6.72493
6.95628
0.32949
0.42725
0.84882
1.37178
1.71303
1.94320
2.64346
2.95656
3.38388
3.46932
3.49635
3.70102
0.14555
0.91888
1.42934
1.55514
2.66929
3.02427
4.52673
4.61820
4.73401
5.57954
6.70896
6.83456
0.76300
0.81772
0.93587
1.26828
1.47782
1.93538
2.09409
2.21518
2.95249
3.37454
3.65875
4.39233
0.63546
0.87460
1.65086
2.28868
2.37386
3.20733
3.95910
3.96023
4.34478
4.79066
5.27788
7.16884
0.38848
0.87039
1.09710
1.43155
2.30195
2.87536
2.91923
3.02349
3.29603
3.81481
4.31371
4.90356
0.61478
0.81137
1.48327
1.50843
2.71607
2.85213
2.96051
3.59158
4.11051
4.24878
4.43594
4.61801
0.42094
0.52881
1.06474
1.11429
1.37789
2.12825
2.58276
3.45365
4.00864
4.03876
4.64262
4.66624
0.31966
0.38964
0.58227
1.12965
1.29901
1.32186
1.86926
3.04682
3.08788
3.55586
4.24366
5.27254
0.65752
0.89135
1.81291
1.89710
2.33974
2.88192
3.68787
3.88157
4.04837
4.05502
4.26697
5.21146
0.70701
0.87987
1.41998
1.75448
2.29170
2.58007
3.24708
3.87237
4.40881
4.75800
-1.00000
-1.00000
0.22785
1.25377
1.69770
2.76911
3.76903
4.65435
4.76055
4.95264
5.91716
6.25204
6.62265
6.72109
0.61150
1.23035
1.63942
1.94157
2.05226
2.64953
2.68905
2.82890
3.18009
3.45501
4.07323
4.29355
0.10385
0.40350
0.99480
1.15674
1.19936
1.75324
2.00757
2.32507
2.94171
3.53975
3.59134
3.62539
0.36261
0.81894
0.83554
0.99154
1.00314
2.24578
2.62738
2.82112
3.33071
4.20366
4.44279
4.86805
1.18668
1.67097
1.99951
2.80484
3.15606
4.25814
4.78039
5.36732
5.54939
5.73854
6.07377
6.81107
0.48452
1.18259
1.85222
2.80603
3.42443
4.28632
4.82555
5.31548
6.04570
6.65721
6.85780
7.85399
0.05009
0.37370
1.03347
1.79867
1.95701
2.78137
3.64648
4.34634
4.67586
5.36035
5.50276
5.54035
0.35206
0.45918
0.59859
1.01783
1.93389
2.48741
2.53377
4.21143
6.34477
7.22109
7.46435
7.82501
0.00522
0.60907
1.05291
1.18089
1.46091
1.70883
2.01901
2.48777
2.83218
3.21287
3.37020
3.61320
0.01154
0.42616
0.85024
1.23465
1.50607
1.85386
2.17559
2.73079
2.91952
3.62234
4.20314
4.35911
0.74279
0.81941
1.95240
2.51178
3.32073
3.39694
3.75970
4.03417
4.32751
4.58495
5.51617
5.92908
0.93726
1.02849
1.43440
1.56016
2.33871
3.70994
4.03184
4.51528
4.81349
5.23728
6.30045
6.34498
1.40518
1.50374
1.77640
1.89524
2.40733
2.72534
3.11204
3.83376
3.95751
4.59224
4.78206
5.82246
0.25682
0.46865
0.75254
0.84694
1.10418
1.57562
1.91053
2.08548
2.38194
2.57543
3.24549
3.44668
0.42942
0.63169
1.26718
1.56373
1.69042
2.08769
2.24506
2.35938
2.68037
2.70276
3.06669
4.00184
0.26405
0.62769
0.86738
0.99210
1.24097
1.50183
1.83804
2.99817
3.45603
3.80711
4.12985
4.31427
1.74777
2.20875
2.65382
4.16210
4.33004
4.59703
4.88597
5.42326
6.12312
6.39736
6.67951
6.93096
