7.02485
14.87429
18.50696
41.66780
46.56236
53.33778
63.89384
69.88489
81.90314
96.99611
110.98534
122.21069
126.28209
138.87408
144.71390
147.26500
150.97586
19.04665
21.41257
31.65763
41.02632
55.76036
78.98731
80.19543
96.61720
111.60223
113.99221
133.34331
140.22056
148.65666
152.10903
154.27160
167.66266
170.46914
10.84305
28.38730
33.98069
39.17631
41.09677
43.10600
44.48353
58.59171
66.14937
66.73753
86.28601
126.94383
129.47116
152.49802
171.97020
176.87462
194.32868
24.31158
33.81706
37.16629
42.70794
47.64232
69.13719
94.71228
99.14933
114.02668
124.19782
139.51108
143.57503
156.87147
164.91991
166.73595
167.12770
177.71783
4.53451
5.47105
12.40391
42.42547
55.20853
59.77441
62.92965
73.15140
98.69472
99.45022
107.65028
112.30856
118.43248
133.58820
139.09050
145.74327
147.30495
5.96234
24.44634
29.23324
37.74400
41.18414
47.51667
52.54502
69.76526
87.71432
99.39709
111.00059
124.95106
137.40700
157.83601
160.54200
172.21349
179.71854
11.42444
34.52396
40.77266
46.40210
54.04540
75.83418
75.34053
91.53602
92.97581
93.24027
120.67647
131.08680
136.12930
136.77956
142.32525
153.03442
166.98014
3.95181
10.25964
25.21123
29.97377
46.25741
71.83390
76.99505
84.99859
100.86464
120.24466
122.28644
122.93369
141.38120
145.32374
148.64944
156.44523
167.16261
19.50540
26.21883
35.81046
49.63398
60.20599
71.82507
98.55238
107.99732
114.43866
117.95601
123.82651
140.47105
142.39468
156.56126
181.39056
189.49425
202.91319
11.93953
12.32202
25.25743
51.86617
62.10321
72.57129
79.94338
83.05796
94.64290
113.38157
114.50185
119.50849
134.87865
173.15114
188.20586
195.98110
208.18058
23.71080
26.81255
30.22777
31.60115
34.40054
46.08554
76.13055
79.47222
85.01399
90.80300
105.47503
108.09613
118.01597
124.96334
127.60487
159.84625
168.47304
6.57850
27.25291
72.18375
88.56704
96.36677
122.68351
122.10988
131.32865
140.23228
145.81220
163.00010
162.81772
172.19517
186.11696
187.14737
200.24979
208.59864
10.30745
23.90739
29.84803
38.35074
43.34869
66.22266
83.47797
96.51614
117.69403
122.69429
126.35531
141.16624
148.67151
154.73861
182.10433
180.33202
194.89323
0.74612
10.90225
23.76304
42.28894
42.63811
62.02619
62.97375
83.66416
95.79170
99.74824
115.99658
128.24200
149.28378
157.66240
165.16812
168.09418
170.24324
10.02166
33.29429
51.77515
55.69782
56.20265
93.76116
113.53229
115.00050
120.64222
122.12219
128.94418
130.59144
142.97180
173.89206
174.14100
197.63050
203.99927
1.31537
17.49108
38.26747
58.10238
59.89678
65.87461
75.07717
77.68473
90.34005
107.88251
109.26478
127.17166
141.17694
153.40793
169.54751
173.10952
179.42688
6.37975
12.85923
18.33574
19.22605
19.76089
47.03039
53.21972
64.41189
69.08977
76.91487
81.38374
91.68947
103.18170
124.34491
125.69239
134.31438
139.74546
20.24791
28.01981
46.03284
60.32297
60.51884
65.95939
97.20459
100.15238
118.10031
118.25612
119.80394
139.98218
172.36505
173.50563
177.72788
193.34154
199.28952
6.47747
17.96819
24.65358
25.73422
41.33982
43.46166
57.05294
62.31103
67.86438
84.68308
101.64228
126.18382
126.66746
127.99154
128.04346
129.86696
147.43646
16.31529
22.85721
25.31788
36.30015
41.16749
44.83452
72.66125
81.39966
92.08891
114.73404
116.23343
121.39365
125.72926
136.54382
150.02681
153.08298
165.97615
4.54119
13.34081
13.76720
21.86247
24.49973
30.37697
37.39295
46.80061
59.64226
64.85149
73.22626
83.25122
84.90426
94.94240
104.58135
131.07871
138.59679
4.84441
18.12140
26.53830
88.05603
88.73495
101.69505
107.37516
114.45585
116.31525
118.49149
130.48340
140.34918
153.90214
168.98362
180.38442
193.38124
199.74386
7.97687
10.15746
26.00044
32.69072
52.67885
63.20414
64.57701
72.91479
87.06343
85.10949
99.26717
115.59867
127.29829
133.94726
134.54289
136.98840
142.03405
7.66716
17.44128
20.15531
29.31773
31.31173
46.33339
52.09926
61.47133
73.92165
80.04158
93.27300
96.40200
96.87535
102.45685
116.29985
125.33589
130.27552
10.52734
19.99393
20.57640
30.95837
34.56261
51.50218
70.15212
87.51178
99.44077
125.92659
146.19520
146.45310
148.69808
161.05145
176.05959
197.07602
198.71920
13.49235
22.41296
35.73973
41.92007
42.65064
52.72606
62.19707
76.75451
93.48291
93.80642
97.81127
130.63959
133.23121
171.65209
172.28831
187.23205
188.69426
4.00569
26.42403
29.54587
45.75820
52.58744
54.85414
71.49610
76.12977
81.75343
85.76048
93.57691
116.70677
143.25279
150.82506
162.20224
174.61142
182.55001
9.24447
37.84465
46.57046
49.82967
67.15976
94.14575
108.24759
127.39306
134.77915
138.26010
146.66033
162.59644
174.83262
181.28943
185.01946
191.86768
209.78705
6.06998
15.20402
19.42820
20.32169
20.75360
30.64302
32.00535
45.73794
72.37434
76.63765
83.09323
105.39157
108.98347
111.26730
122.99666
156.16082
172.52477
10.32918
43.67776
50.74176
81.42871
87.58894
92.43115
93.39635
110.48750
110.86605
112.39207
131.28249
136.94925
166.11921
206.22478
210.32636
216.77820
220.28833
6.29834
19.20207
26.32012
28.54969
29.21994
33.86907
37.76410
44.25728
45.97025
46.73354
60.09646
73.03938
76.43462
80.08558
88.14131
106.61964
110.10187
8.85968
11.33725
48.33943
56.85998
59.93893
77.26866
90.55262
113.20449
130.36857
139.14712
141.97256
148.73190
155.52925
158.22701
160.48776
160.60223
166.03003
18.31506
18.66432
24.09379
33.62470
40.30010
47.27746
76.04525
88.96576
90.11911
90.40775
98.08714
99.46907
99.79683
109.49623
127.09393
128.24048
131.99627
7.23118
20.02701
26.10550
43.24030
47.02711
63.97637
73.49751
82.52956
89.56329
96.68588
114.94933
115.89039
116.90681
120.53660
139.93848
151.03411
171.42133
34.83447
41.49400
47.55557
52.09076
76.69607
97.64076
96.75743
101.70718
113.57439
114.28687
118.99378
125.65718
128.23231
140.53644
154.54475
179.01427
193.08176
0.96542
22.09319
25.04735
37.46783
51.66189
65.04784
67.73531
85.15822
105.53719
109.15655
121.93903
123.76512
133.00302
136.71692
156.28693
154.28641
192.30101
11.43802
22.26243
37.06340
44.64725
50.30649
54.85556
65.13697
71.28161
93.05525
93.05529
93.61567
101.18343
121.02596
130.64793
138.70115
143.10253
149.36529
11.77210
26.61113
47.07581
60.07621
76.29340
89.51466
92.58338
103.85155
124.62706
132.72404
137.54473
138.96281
138.11508
139.68555
141.71704
150.51786
177.67767
15.67414
19.55273
20.05243
21.47687
27.46561
31.15865
37.44220
43.90840
54.73931
71.65668
90.11390
92.96153
99.35397
108.34334
130.32777
158.51672
164.41912
19.72347
26.12147
36.75423
43.37465
47.30825
48.20655
54.54115
57.59330
100.24778
107.85333
116.36762
133.85141
143.97308
171.21432
199.28667
209.65522
220.23245
8.72116
19.73147
20.62192
33.37164
34.84660
52.75176
58.40843
58.41770
73.27077
76.58257
91.03483
91.86776
97.26697
100.32476
107.88753
118.78563
139.10465
7.15386
16.24012
23.34899
35.34829
46.04921
53.34144
62.63175
68.86282
77.19641
92.34812
99.59129
100.62134
124.60267
125.18719
138.62369
144.46960
146.76143
5.12029
23.15386
32.88999
41.76087
54.83860
59.15586
63.85012
76.78920
81.20256
88.52688
97.39395
111.70021
114.83881
135.65091
136.74692
138.07574
144.33591
18.37270
30.98810
42.12857
46.00520
49.89878
70.25097
78.40942
93.74004
95.02318
111.94829
113.28537
121.25310
130.94823
147.74149
153.77007
158.72169
184.54745
4.36067
4.78994
21.76860
33.54668
48.97967
57.84018
58.11416
68.78188
68.90338
76.49951
81.40562
86.78373
91.10376
94.07924
112.83716
122.63168
126.80436
10.55664
16.47580
20.35599
36.13411
47.96252
64.02483
86.14463
99.30534
98.85172
101.96885
115.74460
123.14172
125.47115
141.80142
160.44978
175.36057
180.01938
2.09878
12.23722
23.79086
46.70601
49.51585
63.38505
65.15779
70.62223
70.38712
70.51298
89.44130
96.17792
99.50375
103.13803
116.45860
121.41748
123.31948
9.30259
20.27928
23.39417
45.21283
52.84673
59.49704
62.09407
67.99305
75.38714
76.61724
94.46357
98.30963
100.64976
107.62582
116.25541
136.79795
159.33746
5.52668
35.61455
41.75605
52.92988
60.25484
64.96658
71.88852
76.94008
99.44310
104.80899
114.00734
116.51117
127.43345
153.10326
164.90959
175.41335
197.11591
10.35488
29.89200
39.46944
60.88103
66.03596
66.82955
86.16842
98.04586
125.81255
133.77291
140.56731
145.82414
154.62548
162.14148
166.65664
171.54039
176.59810
