0.72839
1.43501
1.99725
2.66477
3.09178
3.77049
4.62443
4.72273
5.38572
6.99956
7.01284
7.79758
10.85312
10.87611
11.57438
12.53065
13.97787
0.57563
0.80872
0.88437
1.29621
1.53759
2.40235
3.69745
5.27497
6.66120
7.67166
8.31082
8.54773
8.98801
9.02869
9.26658
9.34579
9.38900
10.73105
11.48096
12.40479
13.32703
13.97112
14.50779
14.50805
14.79922
15.67244
15.71184
16.42595
17.81651
18.36959
18.43872
18.49156
18.68348
19.11209
1.88374
2.18350
3.59637
3.82067
4.95432
6.23611
6.23685
7.54310
7.65647
9.46396
9.90518
10.17094
11.35541
11.63721
11.77699
12.27911
13.14696
23.53781
25.36459
26.18257
29.60336
30.60187
31.21488
31.51505
32.30387
33.38489
34.27739
34.97585
36.14638
37.77447
38.52569
38.66553
38.94087
39.00710
11.24870
13.07829
13.21297
13.21298
14.10228
14.40089
14.41521
15.29581
16.96345
16.97663
17.30058
17.87734
19.52097
19.99121
20.37334
21.77761
21.83921
0.28712
0.49287
1.98158
2.47884
2.97273
3.42318
5.16522
5.90300
6.19487
8.17013
8.72072
8.87187
10.91708
12.09158
12.22512
12.24902
12.24903
17.53150
18.01503
18.22514
18.60506
19.23928
20.45378
20.53454
20.76992
22.08711
22.70084
23.32707
24.05740
25.19052
25.39373
27.59447
28.96484
29.34543
4.11058
4.59575
5.66713
8.27352
10.37706
10.93945
12.31288
12.63632
13.06443
13.58957
13.62096
13.81632
15.60643
18.89044
18.92756
19.16218
19.64773
9.79093
10.46238
11.37281
11.42859
11.60194
14.16357
14.68050
15.59895
15.87362
16.33153
16.67028
17.01303
17.65610
17.85715
19.83850
20.05585
21.52898
32.62367
33.15583
33.18909
33.30092
34.41015
34.71048
35.06047
35.38192
35.60982
35.77947
36.32278
38.00012
39.15175
39.67813
40.75323
41.32190
42.62580
4.41764
6.07263
7.40433
9.87877
9.89501
11.31971
11.37931
11.69467
12.20341
12.48683
13.67358
13.79993
15.65299
16.47631
16.60462
17.20223
18.07875
47.68735
48.54736
48.96538
50.32236
50.89770
51.93206
52.28918
53.22570
53.99354
54.48106
54.77186
56.11053
56.70165
57.15746
57.32366
57.92345
58.61226
23.57771
23.80203
23.96708
24.88327
25.30513
25.81291
25.86583
25.87358
26.92406
28.94774
28.97838
29.27841
30.72009
30.79028
31.06337
31.48335
32.59722
1.79371
2.15003
2.73986
2.95723
3.09158
3.49908
3.84793
5.62829
6.36370
7.18467
8.84792
9.67448
10.02642
10.31004
10.42797
10.86888
11.66692
3.71835
4.89511
5.16494
6.35147
6.66594
7.51811
8.44532
8.75016
9.56376
11.46710
12.77790
13.06419
13.19801
14.90614
15.21011
15.70670
16.03836
85.84186
86.28126
86.54386
87.26195
87.34862
88.06530
89.17073
89.83582
91.11950
92.52823
93.68611
94.43038
95.84127
96.73779
97.87048
98.40421
98.40557
24.70624
25.49487
25.66384
27.86116
28.55516
28.74443
30.55969
30.71811
31.00344
31.06340
31.47588
33.31005
34.97943
35.69081
36.28545
37.08730
37.26407
98.03818
99.27600
101.24075
101.81897
102.16896
102.96758
103.12079
103.13276
104.27954
104.78315
105.27976
106.85875
107.32251
107.98306
111.93949
112.37989
113.67528
76.15137
78.55280
79.59880
82.43800
82.69100
83.60404
83.91127
85.30408
85.89025
87.24938
87.66345
87.81314
87.98718
88.92197
89.27644
89.38242
90.40595
22.50611
23.58957
24.93142
27.05803
28.55541
28.55568
28.71622
29.55957
31.83486
32.55326
33.26982
33.82928
34.81640
36.32008
37.07442
37.96302
38.73608
31.03292
34.16027
35.39524
35.50913
36.28523
37.28063
37.72413
38.13769
39.23567
39.80472
40.76512
40.76896
41.22256
43.27159
44.13083
44.88224
45.08004
1.20310
1.73909
1.78550
3.20525
3.20536
3.42419
4.42767
4.43561
5.82516
6.04454
6.21793
6.30338
6.38490
6.57095
6.79097
7.07711
7.36197
31.61804
32.49018
33.47641
35.10558
35.16346
35.40624
35.70653
35.74661
36.19909
36.43230
37.07164
37.83415
38.14649
38.69302
39.15586
41.23126
41.90947
79.36698
79.47512
81.19985
82.51892
82.95540
83.00543
83.17969
83.35493
84.12288
84.34544
84.36425
85.68833
86.28610
87.66170
89.49418
89.65499
90.89934
1.18003
1.63749
2.74184
2.78055
3.08720
3.11193
3.25861
4.12947
4.20881
6.05386
7.18063
7.67157
7.90699
8.13376
11.03835
12.04337
12.33571
5.36502
5.49738
8.11672
8.57338
9.03404
9.55970
10.24559
11.66420
12.41117
13.49018
13.78342
15.33084
16.41848
16.55196
17.47463
17.89333
20.69073
49.99978
50.68843
51.67668
53.31257
53.93086
54.92724
57.62187
57.84136
58.86121
58.91773
60.40277
60.63711
61.51351
61.59251
62.75085
63.63093
65.12563
51.10059
51.24591
52.26451
53.28899
53.89121
54.05926
55.47041
55.68466
55.89159
55.92266
56.79204
56.80307
57.02903
57.02963
57.35393
57.35434
59.15381
20.95996
21.34647
23.16946
23.84090
25.61058
26.09529
27.05016
27.50949
27.89783
28.40326
28.91210
31.23804
32.18716
33.34317
33.45085
33.50611
33.95196
29.81358
31.04885
31.05618
31.40677
33.52128
33.69615
34.16774
34.28717
35.59378
36.60469
38.01663
38.94058
39.18647
40.18359
40.32150
41.59384
42.62757
48.07181
48.31755
50.15704
51.64422
51.99781
52.00005
52.59836
53.01767
53.68646
53.87534
54.93871
56.53369
56.86931
56.92685
57.16141
57.36109
59.67347
196.77018
197.45610
197.65334
198.16109
199.64819
200.62949
201.21539
201.57511
202.89836
203.07146
204.46787
206.18037
206.34335
206.55301
207.21419
207.58728
207.94769
10.06328
10.06801
11.08006
11.37288
11.46563
12.27149
12.48319
12.79364
13.01854
14.39884
14.64821
14.71131
14.75093
15.40061
17.00353
17.99494
18.32957
0.93226
1.26460
2.27283
2.30468
3.56344
3.92706
4.25770
4.25792
4.57416
5.11864
5.43411
5.65925
6.44257
9.13224
9.56426
11.04535
11.80818
15.44310
16.46123
17.07207
17.21334
17.49726
17.97967
19.74796
20.22194
21.06218
21.72209
22.00955
22.16785
22.93117
23.35690
23.46260
23.82527
24.62730
20.36866
20.60286
20.79782
22.22185
22.58373
23.06589
23.07475
23.07481
23.48164
24.72570
25.73083
25.80634
26.11675
26.16562
26.67820
27.15866
28.52547
0.84378
0.89004
1.05810
1.48344
2.00345
2.14324
2.37071
2.45079
2.91158
3.76731
3.86674
4.83404
7.08319
7.62320
7.68789
8.92347
11.07729
36.51898
38.77134
38.81192
38.96398
39.02449
39.14011
39.96061
40.30651
41.73729
42.11136
43.10353
43.39926
43.64114
44.19802
44.19817
44.64061
45.84935
2.80685
2.93787
3.13755
3.73714
3.81137
3.87764
4.51953
5.18079
5.66155
5.81896
7.95227
8.01860
8.33448
10.08207
10.09846
10.64242
12.04593
99.86564
99.87021
100.92311
101.13811
101.58766
101.74368
102.05983
102.43952
103.51619
104.52254
104.99967
106.02101
106.32523
106.58264
106.65236
107.43385
107.91310
3.52545
4.69068
5.25463
6.12692
6.54574
7.12966
7.20790
7.87425
8.55263
8.99133
9.92738
10.62806
10.79881
11.00103
11.17334
13.12910
14.30472
36.33687
36.84049
37.16048
40.92601
40.98941
41.08765
41.16664
41.19159
41.56083
41.77958
41.87699
42.22247
44.23638
44.81156
44.98179
45.14009
46.15575
35.76576
36.94500
36.97748
37.60258
40.46606
40.94534
40.94777
41.71222
42.34398
45.42985
45.77450
46.35950
47.92286
48.33738
49.48505
50.69436
50.98844
54.87107
55.44752
57.13501
57.53231
58.43414
60.41335
60.49241
61.17274
62.51482
63.17248
63.61744
63.88145
64.87301
64.87532
66.43737
67.30163
68.23943
1.23599
1.49338
1.65730
1.68885
2.34171
3.50716
4.62009
5.02098
6.08716
6.53129
7.20134
7.35162
7.74695
8.12435
8.16734
9.94427
10.53287
1.41907
2.14651
2.14816
2.85640
3.23476
3.29722
3.32041
7.08052
7.32257
7.66361
8.02401
8.22612
8.55901
9.14968
10.28375
10.28772
10.68668
8.47368
9.10540
9.79055
10.32528
10.35336
10.43806
11.71803
13.11293
13.11339
13.13301
14.09333
14.77333
14.98907
15.25447
17.16686
17.61308
18.51251
7.37464
7.89491
8.58459
10.68965
12.29131
12.94672
13.56994
14.58289
15.61053
15.63813
16.68857
16.77012
17.98080
19.85214
20.64649
20.79568
20.92045
6.82036
7.02750
7.31733
7.83383
8.46758
8.58339
8.58377
10.91152
11.63246
11.63279
11.63583
12.50183
13.31890
14.91812
14.91925
14.99656
16.30057
21.32697
22.60774
22.96500
23.09256
23.52418
25.55742
25.84215
26.52694
26.85341
27.41999
28.48156
28.51992
28.53937
28.71025
29.44447
30.14252
30.20938
84.64626
85.07283
85.11752
86.32261
87.64547
87.97692
88.03292
89.33490
89.61084
90.17280
90.27679
90.27684
90.49246
90.97134
91.33121
91.58290
93.19119
6.40860
7.16232
7.64316
8.09924
8.34513
8.62134
9.50335
12.42059
13.10073
14.56888
17.62799
19.28140
19.97537
20.52459
20.58810
20.62488
21.15303
3.84939
5.73234
6.30260
7.49928
7.58784
8.03782
8.75813
9.64170
10.52521
11.37904
11.39927
11.72752
12.18255
12.35205
12.41254
12.66087
13.26576
4.84387
5.25719
5.34607
6.52093
6.87304
7.45351
7.63650
8.11283
8.32850
8.82005
10.38178
10.78340
11.84650
11.94295
13.41723
14.21153
14.29924
9.81618
10.88589
11.44497
12.25068
13.65765
14.29889
14.75511
15.04844
15.85699
15.87367
15.89358
16.01438
16.10392
16.13606
17.65041
18.10208
18.87676
67.01159
68.78649
69.09373
71.74699
71.86740
73.37699
74.36786
75.37753
76.31203
77.68088
79.51822
79.59474
79.90707
81.17256
81.69075
81.72753
82.05018
8.25825
8.75991
8.87103
9.50326
10.24382
11.06913
11.39329
11.41558
12.42877
12.96598
12.97499
13.64196
13.92988
14.01505
14.56778
15.04915
15.21862
36.08724
36.39922
37.79798
38.69513
39.42876
40.20921
41.96532
41.97999
42.38575
42.49856
44.75421
46.51977
47.44317
48.93121
49.62867
50.08307
50.33246
22.23406
22.85863
23.32683
23.95060
23.96057
24.38721
24.72074
25.90099
26.16615
26.52750
26.90902
27.53084
27.84706
29.18766
30.06833
30.65545
31.04056
46.30017
46.30133
47.20212
49.05174
51.52783
51.67534
51.92281
53.66836
53.73151
54.58877
55.66395
56.17330
57.01146
57.27530
57.70230
58.97120
59.13129
20.88076
20.93329
21.24435
23.18468
23.28296
23.70896
24.26943
24.44082
25.37884
26.44223
27.82373
28.23103
29.84563
30.83840
31.65408
32.89029
33.13038
5.36662
5.94613
5.94919
9.07944
9.18027
9.29645
10.95749
11.72698
11.97071
13.54833
13.60843
14.37696
14.69069
14.95634
15.58737
17.22141
18.30469
8.90385
13.14842
13.41630
13.55652
14.96493
14.98810
16.03091
16.18945
16.57511
17.01375
17.35057
18.10832
19.28336
19.87779
21.54523
23.47477
23.57242
19.80777
19.99405
21.45858
22.10701
22.76365
22.83021
24.13442
26.90625
29.42451
29.44073
29.84044
30.23891
31.05881
32.11091
32.87620
33.69379
33.90752
3.06716
3.10595
3.21278
3.95287
4.02756
4.65011
6.38076
7.12857
7.98157
8.34743
8.42174
9.08529
9.22214
9.29480
10.16626
10.84332
12.72079
3.10403
3.19904
4.74401
6.22604
6.24133
7.61639
7.64050
9.69123
9.76246
11.13967
12.13407
12.59401
12.60744
12.73111
13.63929
15.74380
16.64008
32.51492
32.82891
33.17982
34.38824
34.88603
36.47045
37.05246
37.17919
37.61292
38.33723
40.64391
40.65925
41.14679
42.46547
42.65284
42.66519
43.11814
75.13734
76.12030
76.40389
78.38392
79.08264
80.54345
80.74670
81.84778
82.47476
84.31616
86.45461
86.98294
87.11472
89.28337
89.89694
89.96252
90.05007
33.70273
34.65046
35.65376
36.44582
36.46053
36.80734
38.71889
38.79204
38.87464
39.72100
40.13888
40.27422
40.29320
40.29718
40.79717
42.08438
42.80445
0.65396
2.47397
2.56909
3.15537
3.36588
4.04041
4.55012
4.72351
6.16133
7.38891
7.74931
7.76194
8.18597
9.16010
9.76307
11.20242
11.54384
5.09366
5.52501
6.84003
7.24781
7.38950
8.27360
10.77244
11.04328
11.11093
12.10008
12.10125
13.75874
14.09494
14.29604
14.41319
16.10057
17.64886
40.14935
40.66624
42.65062
45.69028
46.31460
46.92979
47.17933
48.69067
50.09891
53.31393
54.85837
55.69170
56.29729
57.17580
57.88403
57.89333
58.41179
10.85095
10.85665
11.36715
11.52594
12.15976
12.16921
13.60096
14.98205
15.08260
16.12229
16.25161
16.25835
17.11549
18.29162
18.45492
20.23736
21.30071
46.99627
47.38341
47.47491
47.59692
48.02756
48.23159
50.05616
50.43708
50.69296
50.71031
51.39026
51.88066
52.13141
52.14897
52.82988
53.99004
54.07517
31.26416
31.68975
31.76116
31.92928
31.93637
32.02606
34.02814
34.33801
35.46152
35.89684
37.32268
38.36720
38.51748
38.54811
38.56152
41.00769
41.10233
13.24530
14.04558
14.28212
15.27051
15.80522
15.88196
16.72808
17.35324
17.77159
19.19509
19.65217
20.84156
21.33272
24.76507
24.98234
25.15629
25.27342
18.04376
19.21058
20.70738
21.91459
23.87364
24.34673
25.79385
26.56241
27.56759
30.00993
30.65923
31.00991
32.09294
32.91327
32.92041
32.96462
33.35296
11.81922
12.86920
12.89721
13.91164
14.10008
14.99946
15.17316
15.33408
15.76217
15.88043
15.88395
16.11523
17.18639
18.23190
19.69334
20.54181
20.59304
59.71156
61.54174
61.56617
61.84617
62.75217
63.12098
65.72989
66.27900
66.35997
68.15347
68.33579
68.39764
69.28833
69.78097
71.31634
71.48847
71.71483
1.47198
1.62302
1.98574
3.87237
4.10978
4.66389
5.18614
7.80476
8.60597
10.76963
11.24231
11.46428
11.66439
13.04191
13.39744
13.41701
13.69243
2.57030
2.91343
3.34675
4.36513
4.46627
4.95864
5.33850
5.35000
6.19112
8.74469
9.34577
9.84582
10.55376
11.45426
13.40125
14.76059
16.01919
10.72761
12.20324
13.90351
14.17128
15.14253
15.21044
15.46568
17.24146
17.90386
19.21999
20.37573
20.51615
21.68268
22.25236
22.80010
23.24351
23.71858
1.94897
2.19013
2.31107
3.01120
3.34412
3.61134
3.82738
3.96607
5.52212
6.27391
7.59342
7.71085
8.63740
9.10387
9.39939
9.79659
10.41223
1.55391
1.67370
2.97177
3.23501
3.65995
3.99760
5.49313
5.91701
6.33265
7.02249
7.05381
7.55090
7.70173
8.57444
9.05883
9.35703
10.90015
15.04415
15.05662
15.55573
16.91818
17.40165
18.53714
20.28400
20.56572
21.98225
22.20852
23.12233
23.30125
25.72803
26.09434
27.49205
29.41497
30.40391
15.27022
17.32528
17.63586
18.23782
18.83296
19.91313
19.92304
20.65524
22.28839
23.76657
24.48157
25.85339
26.31317
26.40080
26.66109
27.23701
27.57933
0.66555
2.06898
2.19020
2.23850
3.57988
4.30050
5.01191
6.13608
7.65447
7.97159
8.08121
9.46359
10.71448
12.59121
12.68444
14.10641
14.61222
41.23071
41.52301
41.90345
42.10472
43.06233
44.38287
44.80803
46.16683
46.31198
46.64583
46.79439
47.59006
48.68284
48.92328
49.58941
49.71592
50.07648
4.41363
4.41365
5.19535
5.29805
5.84344
5.87810
6.47729
6.70257
7.79956
7.85676
8.47459
8.89289
9.53939
10.19968
10.38847
10.75761
11.09687
29.99784
30.43593
30.43616
31.52054
32.43880
34.17380
34.67901
35.68165
35.82772
37.57997
38.24778
38.80452
40.66458
41.30850
42.01192
42.75901
43.35587
1.81549
2.03965
2.29929
3.03863
3.56229
5.52159
5.86344
6.87907
8.79183
9.86047
10.24833
10.86462
11.04685
11.56847
11.58346
11.76922
15.22428
49.75006
50.64795
51.45930
52.65065
52.95734
53.16863
53.73354
55.06717
55.89764
57.33739
57.56972
59.37647
60.58913
61.36258
62.52524
65.10179
67.16825
68.12556
69.27388
70.40106
71.36415
72.01674
72.65082
73.76593
74.30158
74.99947
75.49784
75.92471
76.38917
76.43480
77.06132
77.14377
77.23753
77.25839
55.58091
55.94437
56.58693
56.85355
57.25771
57.54244
57.63930
57.90049
58.44042
59.80679
60.48767
61.40653
62.02966
62.88209
63.00313
63.14129
64.18239
2.25200
3.48696
4.64955
5.17037
5.52440
6.69779
7.39319
8.02648
8.99989
9.31476
9.62178
10.23666
11.93341
12.35769
13.32860
13.79432
13.87186
13.69419
15.54989
16.92884
16.93812
18.23368
19.30491
19.44090
20.07743
21.68260
21.93182
22.26832
23.17937
23.22780
23.35935
23.91750
24.49714
26.59473
32.64957
34.70990
36.24338
37.22945
37.45506
37.47745
39.34631
40.58904
41.65863
41.71930
41.77691
42.66014
43.95074
45.00051
46.08858
46.13649
46.44020
26.46418
27.56210
28.60984
29.34439
30.09156
31.17639
31.51956
32.14437
32.21903
32.73804
32.93908
33.63303
34.41570
35.10686
36.84881
36.95480
37.82547
59.44932
60.24862
60.53204
61.11920
61.26241
62.14215
62.19521
62.74364
62.91025
62.95635
63.65515
64.15777
64.86699
65.53934
67.48508
67.70930
68.63219
