8.72626
19.71653
26.83810
37.24150
37.52544
41.07215
54.67404
57.10609
58.76909
68.95955
85.63163
87.64245
93.35119
14.95722
24.84280
41.34424
46.50192
53.91370
69.23803
71.08464
84.91491
95.20645
97.99603
104.13964
106.90703
133.23369
16.48113
25.58364
45.03021
48.56303
50.23481
63.05401
69.71651
76.18570
88.95598
102.41486
110.52697
113.89399
120.94783
4.31930
17.19563
34.10904
39.24232
50.02506
56.36736
64.35504
67.61152
87.33894
94.66953
96.44640
107.63334
108.78203
8.14554
13.10075
20.27036
32.78263
40.82875
56.90636
66.40600
70.28409
71.39868
88.93175
95.39721
96.92095
99.85028
5.42028
8.92338
18.20168
26.36335
36.01746
45.14877
52.81384
64.00071
67.88657
72.26620
76.25961
87.93040
91.63431
6.27626
17.44018
24.65247
38.21862
40.89456
52.57692
63.87933
68.94271
78.17928
83.75102
95.95844
99.57151
105.14202
15.33399
19.98892
22.69080
26.86500
28.29033
36.71617
39.98049
42.60587
53.45536
56.57700
62.74198
69.79028
84.06706
3.89828
11.80042
17.08662
31.60896
41.13133
46.56325
48.74711
56.13746
67.98158
71.21034
72.48044
78.99298
87.64601
8.35010
23.79355
26.30961
33.65702
53.74694
65.87653
73.10347
81.83144
91.22624
95.84549
98.77435
114.06206
115.92166
11.84159
18.12609
27.99811
40.69082
43.47889
64.49229
69.49329
71.59999
79.89353
83.38993
85.68973
90.25780
90.93405
16.50726
30.29978
36.18311
39.42776
45.78793
61.02261
68.59660
76.71649
83.12253
91.86272
93.06671
98.88632
109.95523
12.21548
12.29652
22.62275
28.78755
44.21465
50.17160
60.73071
63.88480
67.88823
77.20772
81.81214
84.01721
90.73544
10.23363
19.02458
25.44563
30.98274
36.73741
47.28460
53.65129
67.37735
69.55434
77.80775
84.86892
93.27558
105.87038
2.47399
7.24160
17.18452
25.38132
30.13275
41.43261
48.56167
56.91222
66.72449
82.47686
91.57223
102.74541
104.97967
8.05310
11.32597
15.97579
25.97139
31.10683
34.47851
42.71354
46.65908
52.47558
62.34884
67.32870
76.33334
77.55938
6.19149
9.23952
18.76888
29.20069
41.80409
45.54209
70.63057
83.92899
93.26425
110.75056
112.48091
120.75314
126.69857
4.16910
7.82496
18.08385
30.38561
38.95259
44.33147
45.66460
50.13071
57.88987
62.58477
67.44140
77.05381
86.34899
6.82961
16.04017
17.20808
18.04002
24.82579
36.68390
41.74625
44.90634
47.11661
56.87669
65.63076
71.75921
83.06967
6.84481
18.90527
23.71876
38.49830
48.47181
50.98842
54.72618
71.29580
83.76336
93.52733
97.11549
101.08999
107.26737
11.41716
21.46943
34.26482
44.16594
49.89550
56.61796
58.48805
68.10528
74.38541
81.20562
85.47140
87.84026
100.74533
17.90391
21.88274
28.50284
32.62416
39.25717
46.06736
55.49070
64.95022
71.20277
78.33710
79.16724
85.11953
100.12374
8.03354
11.13057
21.54765
25.27709
38.62728
47.07507
53.73818
58.75377
69.96627
80.73275
88.74773
91.03000
95.07855
17.59967
21.47963
30.86615
38.06340
49.05513
57.91735
60.95679
61.66926
69.46859
73.33268
83.34639
89.08256
91.81311
11.73108
18.50333
23.79541
35.86741
42.71359
51.28488
68.86467
76.93552
83.13402
87.19851
88.97412
100.35757
110.54502
3.23815
11.38563
13.30322
25.62406
35.05297
38.26252
44.94839
56.10644
71.27328
82.97049
91.81243
91.64635
97.94634
1.60031
8.72804
16.70505
30.51083
35.88862
43.99580
52.25630
67.10897
69.68474
87.31763
90.75355
98.32358
101.62019
9.69099
16.36583
25.59958
36.94528
40.56084
53.40287
55.40658
57.75184
63.88301
96.43870
115.62762
126.62315
146.32989
10.86861
23.06535
28.75557
40.10491
52.76185
52.91081
60.68327
65.47616
71.32259
81.57404
94.64378
94.20783
105.39443
6.01636
10.21187
16.23411
31.00425
42.67488
50.73308
55.83081
54.72676
55.95642
65.10976
70.91831
74.37937
74.39783
11.24768
18.11636
33.00087
48.60003
49.51686
55.50039
66.86941
83.98955
87.06141
109.86803
111.88358
115.19716
116.16609
10.83253
29.11925
41.78018
49.00257
56.60817
77.96086
78.19248
87.55290
95.06444
101.07033
104.71087
112.81668
118.16419
4.21075
9.58556
25.89057
30.45331
32.47506
35.18749
37.09820
47.35162
50.07992
53.82137
63.92607
81.77569
103.52550
4.59383
16.70011
17.92591
21.89664
26.58141
30.69740
38.59762
52.55649
58.09365
70.09419
77.60330
86.23351
93.60328
0.45512
13.09349
30.15966
32.93567
42.08535
47.54369
62.85810
67.29426
74.82593
81.64361
82.41730
95.95738
100.77707
7.94089
14.21565
18.62336
26.91001
33.20731
39.25246
48.12908
53.52739
58.34557
63.16060
72.44740
83.29334
90.86107
14.47058
18.03725
22.94994
25.57766
41.70819
47.75981
55.68435
63.21909
73.06547
79.78636
85.52110
105.61165
117.00501
9.62372
17.17634
28.92378
32.82212
44.44858
54.41440
64.03620
68.50774
70.36676
82.89848
90.76751
100.56713
108.16248
20.61444
32.81869
39.91144
45.09959
48.52760
50.64540
59.73256
60.64340
66.89936
79.14113
90.41881
99.29267
105.76690
20.92939
26.42923
33.79792
40.08540
45.74943
52.42106
60.25801
64.17065
67.71135
98.42892
104.98319
117.13112
126.91209
10.36087
23.47328
33.87843
45.62064
48.96917
61.47328
69.11605
73.02097
80.94558
90.74832
104.66753
110.37273
118.33315
6.63387
14.39164
21.99954
26.43911
30.99312
40.26321
41.64925
43.47569
53.23319
61.45343
71.90350
81.20658
94.61454
8.70166
22.64492
27.14436
29.51659
41.47822
47.50902
53.94844
63.52918
65.95121
68.27314
76.93426
88.19420
93.74337
9.12395
20.21575
26.66220
29.75974
37.89605
48.28556
57.31670
57.93996
64.06167
86.88453
97.56592
100.59985
102.85234
4.50047
5.52016
6.34498
11.11297
12.76444
20.47161
27.98660
37.78987
46.66995
57.43585
60.99427
75.32052
80.56007
7.70297
16.31949
25.16030
29.15148
34.49883
42.45373
49.36032
61.74244
69.84489
78.30756
90.42183
93.08756
94.94533
4.42360
7.31250
20.75135
32.82535
46.87606
64.98819
79.83972
86.49093
88.99655
90.04097
101.37425
108.72654
117.64199
13.86308
18.21940
27.49932
47.35395
60.76542
69.52998
70.77910
74.83108
86.03529
93.29258
97.08300
109.96577
112.26772
13.94262
23.27913
29.45795
36.15622
47.38000
53.21118
66.37032
74.92308
89.15869
93.65952
106.92561
111.58269
112.39221
0.61674
7.36320
16.80037
26.81652
28.90210
31.21297
40.14579
45.86139
46.20050
51.93714
59.55798
75.66179
86.22375
5.38070
11.98677
15.34144
22.58559
30.46711
32.44893
42.61931
43.90859
46.87517
57.40460
64.84487
68.89523
74.68294
3.92602
5.80515
13.12441
16.61399
23.78310
33.26608
38.56653
43.84680
49.36598
53.45799
68.63688
81.39990
87.33780
2.40915
10.81476
15.06159
22.64085
31.18950
41.79651
52.23087
65.89992
79.97725
87.63675
92.99422
100.04676
106.40946
10.92848
15.89508
25.56347
34.33230
40.24654
43.65090
56.94158
65.47840
80.49815
93.99817
97.38050
99.52184
105.45351
25.24195
34.44545
40.64046
43.78465
56.28093
62.24057
64.16379
79.81802
80.97451
96.07705
115.30260
118.12540
121.08440
9.15694
12.71786
21.03822
26.51014
36.52989
52.41031
58.77011
69.77740
71.55844
79.38404
83.96314
92.89374
99.78236
20.60174
24.04723
35.83940
44.43634
51.44761
57.54876
60.87183
69.00759
80.44067
94.06181
97.00855
103.99394
112.22697
25.89073
32.40706
42.46157
46.57174
53.05664
58.26671
65.94903
79.94095
89.94591
106.86528
118.73580
126.79805
140.04559
6.82827
19.45660
24.64390
34.13730
40.54521
46.55517
57.83644
58.85263
73.04707
79.57510
100.70964
102.84355
109.43056
6.61901
12.24847
20.60932
29.03805
30.85211
38.39328
48.36503
51.39458
52.85556
72.83863
75.00870
81.14222
91.91327
8.41456
11.52192
15.27468
19.27036
30.73987
37.13035
57.54321
65.57081
71.56583
73.55763
82.56580
86.86248
97.87052
10.21209
23.40884
42.88785
46.18464
48.61335
52.79927
69.36146
76.73237
90.25451
97.32603
107.42161
113.66461
115.12742
8.19089
18.36703
24.69074
33.22780
39.98851
42.20071
48.54983
53.52811
66.59442
78.45606
83.56890
93.36831
103.16432
12.01820
16.53045
24.41431
33.38998
36.41638
38.11523
53.37660
59.67435
64.01204
68.90860
73.48472
82.62298
85.55900
18.30362
22.76312
23.69323
36.14767
41.26255
47.54690
65.05912
70.19949
76.05090
80.92456
86.01786
103.11085
110.33512
5.80180
7.99924
24.70056
26.01680
30.98050
39.08478
52.34848
54.89662
66.52497
82.24954
87.84626
92.46557
98.71400
1.40402
7.66715
13.25584
16.43614
24.40636
28.00548
45.25533
50.00022
53.56728
62.15875
71.17554
81.73824
82.85190
2.68375
17.63360
35.53326
39.15514
40.68246
49.22694
56.84664
68.57344
87.16278
89.48654
92.97351
95.77441
97.74034
14.16688
19.62187
26.57520
33.50884
46.62195
55.55215
61.05685
64.33805
77.55283
87.24297
96.46912
108.34821
116.90971
1.20104
8.46237
12.02382
26.83655
34.41946
44.12471
61.19524
79.49909
86.41813
91.21033
98.13504
99.94175
99.97526
1.17659
7.02339
14.66083
29.56820
36.65986
42.01647
46.76052
49.85749
60.41726
64.63724
76.32364
90.57629
96.84439
3.00081
7.56303
18.09430
25.37271
33.63906
53.84615
62.80597
66.86324
87.55910
94.51455
102.37978
110.57046
123.33297
7.06300
16.13227
30.04557
32.75639
36.32137
42.68091
46.52602
54.36727
61.76815
68.50130
70.72434
78.23721
83.04521
9.36157
20.65070
21.95247
38.90900
47.62571
50.64316
59.55885
77.86181
81.02548
91.54238
92.39713
92.80143
104.72453
15.51677
20.50161
28.48771
38.55972
44.86221
49.15877
67.46261
81.70236
88.65324
94.04674
110.02118
114.79179
120.69332
4.38517
18.53686
25.04737
29.28257
37.78791
40.21545
59.38785
63.87672
75.84660
84.83976
89.69269
99.40991
102.66842
3.06270
10.45145
19.65911
25.66839
42.69907
48.67186
64.02063
76.14223
80.42761
87.51907
91.41672
91.84139
97.41010
7.14219
19.18157
26.85741
43.49928
54.99863
59.78951
66.10127
73.47996
87.85301
94.96580
97.56442
104.06227
115.04773
7.47747
9.30915
18.66639
26.45015
35.43674
50.17685
57.19850
67.64244
73.80690
83.17890
87.51383
93.87688
95.01824
4.94331
15.52917
27.04898
34.13772
40.74187
54.47368
70.17571
71.94811
77.40068
82.20758
88.94430
93.21223
100.34133
16.74748
23.49168
31.11193
35.18643
42.14292
48.10716
52.36897
68.07801
80.08294
95.63787
99.09074
103.92606
114.86943
14.63109
24.23372
27.12353
34.34301
38.88160
43.33990
48.23382
48.86062
56.13222
58.32314
65.64745
74.96796
81.13367
9.17979
19.03335
29.04616
36.34018
43.02117
46.54185
61.04360
74.22992
79.12633
82.69882
95.27595
102.06483
106.79877
1.88753
9.83369
18.30372
23.46220
42.32487
45.18016
58.52895
73.67237
80.63164
83.99360
91.32527
92.44580
95.34450
1.71769
14.50318
24.21291
29.97640
32.15575
44.60945
47.71531
57.97766
64.34955
72.51536
78.95020
88.42280
93.33682
0.46306
4.56226
16.27605
22.21506
34.06123
37.51198
43.96152
50.34089
54.50568
64.59504
69.58858
79.46536
84.46530
6.48008
18.31041
25.72741
30.75727
31.37337
37.87089
55.15317
59.34485
64.45166
69.65590
71.13659
80.61358
83.03249
3.00250
25.81592
32.89303
50.75541
57.40683
58.92592
65.72862
71.07582
76.69113
91.63238
96.81402
101.14737
103.79021
13.11393
14.27894
23.63240
34.45348
44.40084
51.31660
54.74209
63.66826
69.91749
80.52005
84.15265
85.19897
94.48387
6.50926
16.68344
22.44525
32.79030
46.00746
55.54885
65.38302
70.27384
84.49732
91.61959
92.91982
98.40107
101.43100
8.11605
16.07997
22.59539
31.65161
40.51811
53.74559
56.22538
62.82583
77.82583
83.98846
91.83888
98.54928
100.22698
8.78722
14.20624
18.76979
21.39071
33.55461
42.76461
54.79931
65.36330
83.29771
90.65418
97.95100
112.51582
116.90385
7.44796
22.58012
36.42235
43.67307
51.92450
61.31821
64.15182
66.22148
75.64402
78.36462
98.01128
99.27865
103.71920
4.30135
18.85436
24.91641
29.44673
38.36729
39.87809
48.12347
49.02575
65.87554
69.12501
74.71531
89.36465
106.40639
5.88787
15.65004
26.17836
29.85667
40.41464
45.98091
58.70810
58.85485
81.93816
85.37601
96.71013
108.75289
112.40753
10.44119
13.09879
19.28476
22.36120
33.53811
44.06448
56.76194
67.14255
73.50599
77.65270
85.16307
88.99466
97.77449
7.76090
16.14363
23.28918
28.31659
33.79135
36.70168
53.45344
58.17958
61.39544
68.57826
79.12562
85.15444
88.02036
9.35782
15.17915
25.35239
27.09668
35.58430
46.83286
52.98730
62.32264
73.25637
78.77005
82.82624
92.45128
96.49800
2.94475
12.04040
23.97631
29.44889
40.74296
47.57666
53.47850
57.29397
71.41691
74.50955
89.66643
90.47022
98.12072
10.43397
20.53055
23.52819
30.63494
37.40637
43.17965
48.68970
58.32590
70.16753
94.16855
103.75178
108.78875
102.01858
