0.04843
1.09084
1.17028
0.56497
1.15167
1.47507
0.33115
0.97220
1.31382
0.52871
3.12598
5.20306
0.38192
1.91366
2.53200
1.22288
1.22685
2.69023
0.01466
0.75553
1.55592
1.75347
2.09530
2.46266
0.00001
0.53795
1.09911
0.62453
0.93010
1.04037
0.11776
1.45983
2.61390
1.89788
2.03363
3.05864
0.01521
0.17515
1.33742
0.72105
0.74717
0.80675
1.16124
1.18389
1.50406
0.51090
0.75691
1.03893
0.51443
0.52029
0.52029
0.68074
2.24684
3.69472
1.03314
1.38977
1.57219
0.01782
1.29900
1.32564
0.98027
1.50551
1.62214
0.33446
0.45284
1.39816
0.36503
0.94686
1.65536
0.77554
0.88544
1.53780
1.08046
1.55060
1.90641
0.06658
0.26728
0.73031
1.04255
2.51403
2.51411
0.07476
0.49645
2.98178
0.33181
0.80487
1.02185
0.79417
1.70616
2.84171
0.55529
2.06821
2.06827
0.33474
1.20177
1.37696
0.97833
1.66360
1.91880
0.51551
1.12054
1.88065
0.36379
0.67637
2.10585
1.08163
1.43648
2.27841
0.70411
1.18427
1.50496
0.07690
0.09175
0.11540
0.68699
2.38725
2.43575
1.38503
2.31993
2.93761
0.19391
1.26374
1.62668
0.35323
0.44128
0.63082
0.00455
0.10593
0.88816
0.78188
1.14133
1.64104
0.91453
0.95825
2.16295
0.13820
0.29092
0.94868
0.34720
0.87661
1.14246
1.22302
1.59846
2.40392
1.37858
2.03346
2.64062
1.33686
1.44076
2.67992
