0.91872
8.32525
11.41542
14.08503
24.93717
30.47054
47.17338
47.39147
47.45299
6.67821
13.22955
18.85942
30.70200
36.81523
43.16911
44.68570
45.14886
45.21365
5.52133
8.67256
11.77590
20.60639
27.43120
33.96320
41.39800
41.59032
41.92110
2.95669
9.81572
13.14953
13.69451
14.57249
20.88543
28.80143
28.84463
28.88079
6.41067
11.03048
16.94468
18.96105
26.19438
31.72829
37.24635
37.45445
37.57991
3.62875
11.51011
15.51146
26.55864
39.38610
43.32027
45.84745
45.97328
46.17870
6.32381
10.00211
20.89122
34.31439
35.08462
41.89611
45.43109
45.67956
45.76020
7.19033
20.13893
23.37963
28.28109
29.93262
41.81086
46.51237
46.74118
46.86521
3.61994
4.95872
11.27598
16.46121
20.43804
25.29417
42.27812
42.32036
42.43658
4.35540
15.22213
20.70164
26.37855
36.62417
41.11189
44.99095
45.23954
45.47059
6.56215
9.16833
10.54456
13.65310
17.07668
23.26206
23.76869
23.98474
24.10968
7.75117
15.32862
16.17338
18.36501
20.93020
22.34821
24.63191
24.85877
25.01970
4.07276
9.06033
12.23023
16.37613
19.30934
27.93153
37.35461
37.53271
37.79184
7.83901
12.13448
21.67822
27.92068
34.02686
41.29822
50.94907
51.45256
51.50670
13.68871
15.73197
22.39541
29.58469
31.23586
35.16386
41.36506
41.55284
41.63531
9.53535
11.04849
13.69312
20.33814
26.03320
33.75809
41.66973
41.95491
42.08895
7.05821
13.60235
29.23765
34.10730
35.03926
40.40759
44.36424
44.50527
44.89942
4.46858
14.30655
27.47045
32.33378
36.01303
42.87591
48.51169
48.60897
48.72279
0.57247
7.94540
19.20572
24.58963
29.82095
34.37541
41.35115
41.69840
41.95593
4.94122
10.45472
16.96929
20.87396
25.02929
28.52133
31.59621
31.72283
31.83156
4.44710
9.77956
19.75136
26.84263
29.71046
31.79546
38.68823
39.09808
39.23802
8.66015
10.27286
23.59576
24.85610
34.10102
37.21200
44.32256
44.55753
44.87679
21.31371
27.30187
34.21652
46.52839
56.63381
66.17543
69.42332
69.44314
69.67379
0.96369
4.92695
7.14464
13.36906
25.06228
33.97592
38.07605
38.13754
38.22109
5.13007
10.66852
20.13885
22.11875
25.11299
28.51586
32.12580
32.34198
32.43028
6.46446
12.15895
15.08280
23.81775
35.45203
40.10525
40.65394
41.16195
41.48903
4.99321
5.81542
9.41273
12.81446
27.96594
45.23300
51.28008
51.43964
51.51500
3.96115
20.81325
27.63333
31.37607
35.83977
40.14197
43.19544
43.42438
43.59666
4.20964
5.95035
17.58062
19.81091
23.21267
26.63385
27.90941
28.00345
28.16713
1.00930
4.59073
22.38466
32.14718
43.27853
49.20079
50.82121
50.99014
51.05209
12.74421
20.12295
24.41844
31.18061
33.53101
36.14562
40.60210
40.93646
41.03799
11.69221
15.55284
28.27794
33.39406
36.75150
44.70300
53.37283
53.46892
53.63079
7.32382
8.48482
9.88358
16.67744
21.50335
26.68199
31.05883
31.19553
31.27356
2.05819
16.01197
16.49032
23.10748
26.50559
33.73285
41.64773
41.73007
41.80281
2.68774
17.19701
19.13175
21.93619
25.84841
37.35995
40.13636
40.19707
40.46189
6.38032
14.20655
19.38747
26.13056
32.76069
38.17622
47.75928
47.88601
48.03584
7.36393
12.74649
30.56731
43.05072
44.69854
47.69493
59.42667
59.61569
59.88667
1.00538
8.37650
13.08806
20.39650
24.46995
27.72184
29.67679
29.78080
30.02281
5.87879
14.02255
19.59166
22.17892
28.98698
34.84418
40.74289
40.83000
41.03821
1.74888
9.24213
11.40713
13.87391
18.16233
21.41410
23.48767
23.53414
23.75358
12.14588
15.50530
22.01267
30.94719
31.83756
38.58998
50.90765
51.03268
51.06112
8.40008
16.54922
22.48048
26.56654
30.58048
38.73431
40.68036
40.82344
40.95149
5.50239
6.27596
15.90891
21.63420
24.27233
37.02062
41.89126
42.07007
42.37445
2.02704
7.72574
10.73065
14.24833
16.26973
19.92049
30.89918
31.08080
31.16572
3.29522
5.90751
8.63405
9.75829
12.41852
17.16279
22.96074
23.24719
23.69032
0.76289
3.77647
5.66917
11.02149
14.05374
15.77894
20.08638
20.21506
20.38079
5.96134
7.35230
16.87842
21.81005
26.52727
34.94919
46.90931
47.04653
47.11516
7.79940
11.63823
23.49671
24.73932
28.19924
31.34104
35.15112
35.34016
35.45205
7.13725
14.10627
22.65812
26.13462
32.95369
40.80901
48.20672
48.47847
48.61906
4.12876
8.74011
12.80341
17.86882
24.20985
28.10882
37.11876
37.34314
37.54428
6.76113
7.85215
20.80533
22.37195
26.31153
35.21546
39.13730
39.22261
39.51752
5.29933
5.73188
12.19622
19.63652
21.80741
26.82865
31.52682
31.76494
31.92072
9.35641
10.44025
12.52136
20.20605
30.98534
38.09864
41.21005
41.34767
41.49794
1.65953
8.61740
16.08771
16.78745
20.49748
53.44592
56.21757
56.45671
56.59304
12.24739
25.00176
29.27712
37.48806
40.14806
49.00731
56.87679
56.95538
57.10444
13.16542
21.89489
31.40682
34.27448
44.04777
49.07463
59.91351
60.01832
60.49305
1.70622
10.80999
14.78032
16.68281
28.08047
46.05694
46.65555
46.76560
46.88404
2.81291
7.44679
12.64500
16.34881
24.63178
33.79004
39.22079
39.45118
39.55486
6.17044
12.17782
28.66907
36.13092
44.35791
45.88139
51.06434
51.44268
51.59541
4.00100
7.39633
16.64593
22.60171
29.79283
33.98494
35.27473
35.49684
35.77588
2.89736
4.51782
4.98454
11.32970
21.48865
27.96026
42.10474
42.34555
42.47746
8.55482
10.13608
25.24827
28.58262
34.49109
39.18627
43.92961
44.23356
44.46003
1.01646
9.71608
22.00366
26.17428
34.46564
41.08578
45.95325
46.41768
46.49191
4.47433
8.86660
10.82068
13.38432
24.24311
34.27071
42.84778
43.07780
43.21767
21.01902
29.02266
31.41375
34.57539
48.79682
54.97216
64.19665
64.38548
64.47507
1.52068
5.49136
10.08959
36.74317
40.34351
42.51786
44.98699
45.11616
45.20381
7.73352
11.95139
30.31165
31.78837
35.10092
39.10885
42.34901
42.46959
42.71151
3.03944
7.71328
16.72141
22.13454
26.96066
35.84424
42.88734
43.01418
43.21130
14.16605
20.11880
29.40340
32.01555
39.97859
45.50293
54.31140
54.36434
54.56459
1.89088
10.55548
21.31671
32.49968
38.96877
46.65620
51.84288
52.00329
52.16492
11.42203
22.53592
28.62040
39.94232
41.47903
44.95902
51.84754
52.08493
52.14554
10.35507
13.63488
19.64251
24.86499
30.44029
33.65399
36.21507
36.59749
36.59779
2.37151
13.53125
16.11094
21.43302
24.55055
31.08293
41.49591
41.53698
41.82294
6.41799
13.31910
15.86981
20.75528
27.64353
37.37439
45.31539
45.37179
45.48300
8.46599
13.41779
21.25639
29.04041
34.49426
42.45229
54.41706
54.51646
54.65691
3.03394
14.46682
15.49225
21.88883
23.25105
25.18620
30.97977
31.11533
31.33375
5.30228
13.50878
23.36126
25.67026
29.71006
44.97354
60.87594
60.94179
61.16362
2.90321
7.41177
9.07326
12.93076
19.32833
24.92759
34.89983
35.10308
35.29529
3.45013
5.98131
11.64562
12.17379
15.28108
27.73442
45.48304
45.54025
45.78074
3.09890
5.96698
8.60155
14.67495
27.21834
41.27418
44.66703
44.83354
45.10615
7.73993
27.21074
35.00320
39.93433
49.09413
53.94446
59.07526
59.08429
59.30146
8.31126
12.03700
20.57785
32.87874
35.96570
42.45394
45.84196
45.94417
45.98727
3.75542
4.42855
8.59272
17.78503
34.14271
40.09585
51.25369
51.42566
51.59104
4.85629
11.43255
15.76768
21.85783
24.31643
30.04318
31.83044
32.10474
32.24806
4.08591
13.99466
17.17355
23.01829
30.11111
31.62811
44.85518
45.25620
45.28656
4.96665
18.31213
22.04537
32.47340
36.82049
42.26285
43.00947
43.09557
43.21098
3.19564
5.95734
19.08789
27.19982
39.01623
42.95495
44.42689
44.49897
44.52896
5.13733
12.30949
21.79583
38.52487
43.47219
47.70193
49.65968
49.89345
50.01248
0.57258
3.19942
7.36810
12.07081
20.46592
27.02981
39.10186
39.11955
39.20447
10.89550
17.55722
21.82417
26.19427
33.99993
34.95659
40.06451
40.22432
40.33081
4.67667
8.33148
17.24736
20.63806
28.53659
33.51484
45.01523
45.10523
45.26468
6.81982
10.09913
18.64555
32.99915
37.69489
39.89236
47.03867
47.28632
47.34712
6.34349
14.58794
16.10540
27.21971
28.37227
33.71734
35.23058
35.28134
35.51463
4.28318
12.11685
14.73617
28.11492
35.07273
36.16335
46.00285
46.12757
46.21244
0.71536
2.61327
19.95348
25.36887
35.06460
40.44627
41.94221
41.96876
42.30172
2.63104
5.86308
14.43435
17.20470
22.16714
25.35810
27.75323
27.95346
28.03364
13.17173
20.38756
25.08405
29.32127
36.81372
41.31465
49.96379
50.04342
50.17031
2.45417
12.12839
14.38335
20.77372
23.79750
32.58779
39.69995
39.76402
40.00884
1.83873
7.49160
14.76246
24.72207
30.23336
31.85801
41.98027
42.08609
42.38090
9.16564
11.50954
21.09147
25.95798
30.26955
36.68842
40.32077
40.42130
40.53756
