2.68437
12.83769
14.21174
16.00228
18.97339
23.10704
24.81116
29.63825
32.50231
35.69654
43.09838
46.50456
48.59800
55.53128
59.36036
61.09154
63.64671
68.24830
75.33202
84.09108
90.44547
91.35234
93.74604
94.68728
1.21954
3.31627
5.32513
11.47417
20.14486
23.82229
28.29293
31.13170
38.76796
42.65281
48.44541
51.37997
53.94526
58.19474
62.03273
66.63775
71.91502
75.39628
75.97800
76.98838
80.90618
80.94039
85.84758
89.17637
2.52961
11.43342
13.55098
16.22393
19.56760
21.02892
28.77284
40.52613
45.49914
47.16907
48.82594
52.98694
56.03798
59.96058
63.30830
65.48378
70.58529
75.43718
75.22565
79.47262
82.24067
83.35691
89.90110
91.03610
4.03799
8.62693
11.95825
16.03258
21.79968
32.08893
35.54210
38.07215
41.93077
45.24364
49.09485
50.61909
52.30825
52.41537
57.51300
61.08297
63.02816
72.96222
77.00728
79.18237
82.37901
81.54329
84.06900
85.76225
1.60374
8.09109
8.42697
15.71854
17.75369
24.68221
35.77752
41.60611
48.58414
55.81227
59.66156
62.23133
64.05177
68.16015
79.08029
79.52475
81.42329
85.49612
85.80012
87.04375
90.93072
91.06986
96.94323
98.46885
1.44375
8.39866
12.18399
17.66312
21.95547
23.16699
25.79515
29.09865
31.33298
35.80093
39.84270
46.48959
49.52885
51.06779
52.71325
55.84005
61.90783
66.30799
67.67579
69.11088
70.85590
72.65069
74.56726
79.83627
4.39211
6.21066
7.18982
15.28452
23.06131
29.60137
38.45160
39.54729
50.24541
56.55252
63.56188
66.89924
68.43340
71.03696
72.67489
74.65489
80.41684
81.11716
84.54304
84.94135
88.71368
97.99969
99.13818
100.08577
2.77573
5.51919
10.36248
12.45057
17.20836
21.48786
22.03462
22.84838
24.10811
24.41021
33.47848
36.37857
41.18582
42.98171
47.98614
51.56072
54.77005
61.83810
66.50358
71.02106
75.53654
79.78343
86.17730
87.65214
2.17170
5.09497
8.96941
18.81144
26.55321
28.14757
34.86131
37.52645
40.96442
49.77478
55.01602
61.84645
64.51903
65.54458
73.21013
74.36528
79.10200
82.07331
82.46589
82.88133
85.99806
88.28967
93.29014
94.94015
1.11610
5.82336
8.94700
13.65958
17.40803
24.46933
26.06922
27.20396
35.10927
37.54224
41.62881
43.99429
45.48634
45.62579
48.11864
56.62524
57.62431
60.42608
71.82274
75.42756
78.67571
82.72847
84.81902
86.97228
6.20672
7.27216
15.87713
20.24286
22.29986
25.16566
30.10750
35.11815
35.86786
37.98633
40.75160
51.31395
57.23086
60.79941
64.70018
66.91901
71.78478
73.07581
74.39826
76.37991
80.34554
86.50137
87.18168
89.26000
4.84027
7.11597
13.65435
18.74507
23.79747
28.24163
35.43369
39.32031
40.14376
43.10546
45.34610
52.15417
56.88825
62.10049
64.78261
68.87501
73.65517
77.10152
78.81669
80.14342
81.71233
88.55420
89.43445
89.42225
6.70665
13.94738
20.82809
22.28527
30.10475
39.27089
41.10172
45.10735
55.13456
61.83956
63.96889
67.27267
73.03458
76.34077
78.24611
80.34417
85.97093
91.57470
93.88509
93.88532
96.45793
96.29003
100.79524
100.96890
7.82008
10.18249
12.66671
19.83919
24.70789
25.23513
27.45259
35.75033
45.81349
50.11611
54.04560
54.68715
55.29600
60.56941
63.78364
70.36081
72.25072
73.57748
77.47761
84.60616
85.72249
87.68455
96.89984
99.18273
4.25136
11.40436
12.58007
15.89654
19.68818
28.52551
32.06215
36.81695
40.29462
43.65598
46.68093
50.40328
53.31078
54.00183
54.86984
56.75449
58.97862
63.93413
66.25880
68.42476
78.17590
84.21891
93.37790
94.93713
7.63326
17.30231
20.27129
24.38035
33.32612
36.29046
39.60693
42.10030
46.91545
55.05390
56.74948
60.07659
62.55937
62.75342
67.18537
72.69238
77.06538
80.05376
81.46378
88.20616
89.60925
93.26652
95.53103
96.04057
2.32256
8.34552
11.07116
11.96409
23.77516
28.80141
30.17008
37.97781
41.88816
43.08151
47.43618
50.26493
52.65006
54.93912
59.37548
61.24971
64.02285
67.62824
69.32603
71.85933
76.49181
80.74425
90.57580
96.13643
2.57297
5.87829
10.87165
13.84068
16.92833
22.61879
28.73358
33.10025
35.69835
36.56959
38.68043
45.53923
46.46714
46.82312
47.49468
49.82732
55.41633
63.92465
68.01525
72.75077
80.04610
80.81907
84.86962
85.45755
7.85361
14.41295
20.99577
23.67408
31.57503
36.60359
37.35299
40.41300
42.92314
48.95570
52.63007
57.36509
60.80116
62.83775
66.01645
67.78308
74.93619
77.77559
78.66053
78.69605
83.83971
87.87324
89.29612
93.56602
1.10684
5.46459
13.01395
20.31050
22.07408
26.42946
32.11118
37.29270
42.62426
48.26682
52.79563
56.77483
65.74211
70.01634
75.85497
77.15878
78.76486
79.24305
79.26922
82.53249
83.05147
86.15221
88.14973
89.78879
8.30129
9.83734
11.73859
14.51139
19.84354
24.78553
32.61808
34.96966
40.91600
49.87687
52.63856
58.10627
62.77691
66.29503
70.31026
73.52611
76.78046
81.09631
82.22825
81.38913
82.84121
84.63842
90.25912
91.96059
2.81374
6.03263
8.12801
10.02388
16.46562
19.18971
20.77263
23.57205
27.37753
29.37233
30.85728
33.39865
35.53197
38.46820
41.62449
45.62513
57.39603
59.24744
62.43339
62.73800
65.97193
66.25927
67.62241
71.37283
4.86794
11.45249
18.33054
21.32496
30.04244
33.12515
36.87473
41.02430
43.11158
47.85274
55.70706
56.94481
61.38323
61.76571
63.79592
67.26966
72.40991
77.78189
78.90836
81.26890
85.04203
87.00654
89.93762
93.82577
8.07141
13.58719
15.60985
18.00417
20.05378
23.19149
26.27158
38.47661
39.33237
41.80607
45.54692
49.45718
52.48609
59.11561
59.62393
64.88259
70.50078
73.79741
74.82908
81.01817
87.67651
92.85666
97.16157
100.39394
5.92706
8.80063
13.01394
17.94477
28.96548
33.91183
36.39939
37.19612
38.00383
42.02409
46.77214
49.11394
53.81959
57.49673
58.52753
59.55153
66.67293
69.49027
72.74852
75.21655
75.27698
81.12325
83.36429
85.57574
0.73803
4.80201
8.67411
15.46664
17.82927
21.87852
25.91037
30.78887
32.89695
36.65466
40.42730
46.71688
48.33399
50.22706
52.67673
55.85565
57.60224
59.72005
66.62018
71.03967
74.01860
75.52803
80.78904
82.95482
2.86155
5.38178
7.27204
11.32726
19.58891
23.15317
25.70044
33.98438
44.16666
46.67328
55.48364
59.03227
64.63425
67.88347
71.05088
75.21407
79.61552
81.98952
85.12350
88.72531
93.11498
93.71777
95.99319
98.00612
3.01623
4.10872
7.18247
11.51514
13.10827
16.23749
32.82388
38.82255
41.59124
42.23193
47.70578
51.12813
52.94599
60.95373
62.83178
66.34144
70.47225
76.30855
76.63568
79.05628
81.30313
84.25626
84.86512
90.37958
2.15748
11.46120
15.41800
19.26407
19.80330
25.68185
30.71811
32.31641
36.27221
40.10952
43.52284
46.33860
50.50561
54.70585
59.62410
61.99560
64.19284
68.09855
68.09956
70.40710
76.88044
78.64507
86.82198
88.78336
0.56746
4.66614
7.03176
11.45417
12.90835
15.77693
25.55992
27.80053
30.86290
34.60034
38.49166
39.41843
43.73604
49.47031
54.92343
57.23462
61.52114
66.56843
70.11745
72.59072
76.18379
77.98627
79.08893
79.58151
1.92085
4.09007
6.21169
12.60299
19.93313
22.89886
26.03283
29.71710
33.71333
36.97160
39.35483
47.61013
50.72067
53.99126
56.63822
59.84150
62.06726
63.19779
67.41225
72.44370
75.50841
81.96925
86.85464
89.32660
1.50903
1.88516
4.31302
10.15240
11.50029
16.73519
18.96441
25.02361
27.40900
28.84977
31.23560
34.54582
35.39734
38.49915
40.29829
42.63110
44.86172
45.15064
46.82642
51.65998
53.29613
55.82715
56.45916
61.38106
3.92398
9.99387
16.45691
19.90211
22.19423
26.28533
31.01717
35.42253
43.72168
45.13914
51.56870
55.06609
55.79437
59.83099
59.99867
61.17358
65.32359
71.42121
74.27951
76.40927
79.00681
85.22154
89.70084
91.29647
1.25565
3.14512
6.10929
8.56541
14.21554
15.90502
18.06401
24.96613
28.34700
29.93649
30.26092
35.63900
36.51778
45.74696
48.96182
52.62108
55.77712
61.14552
65.20870
67.60551
72.04635
74.32611
77.18683
79.70518
3.07974
7.90659
13.50431
17.47049
22.33296
25.42183
34.93941
42.70577
44.83673
48.07765
50.92382
54.04778
55.05093
58.94209
61.87063
71.83807
75.36759
79.57600
79.77550
81.62271
82.70611
82.70611
87.46438
93.41868
5.13893
14.02974
20.63406
27.22079
30.30225
35.88050
37.01194
38.55844
42.30279
44.40117
49.32610
51.27500
54.79541
58.91303
59.86836
63.86492
66.91459
67.68542
74.42963
75.42784
79.28216
84.17340
85.62333
89.52439
1.28672
9.35543
13.46217
19.77762
23.60298
26.33534
28.79737
34.71529
35.79217
35.96705
42.10666
45.81104
47.03298
53.80129
56.99015
59.41645
67.33614
68.18770
69.79437
71.89683
74.29462
78.63824
82.69528
85.58623
3.21093
5.82997
18.90831
21.21156
27.90127
35.21985
39.33606
42.10891
46.04397
51.20112
57.73759
60.86007
66.81952
68.13234
70.78390
74.34592
76.88858
77.29277
80.32861
80.13040
91.36397
93.72293
94.10904
98.38803
11.78672
13.45641
23.05771
31.79059
34.75928
37.60055
38.52007
41.86332
44.69764
45.98204
47.54411
51.15414
52.44450
54.96226
59.00134
59.85186
62.68621
64.57647
68.09609
68.27659
71.90757
74.30252
76.13909
80.27399
6.70470
10.84600
12.01130
16.59069
18.10102
20.37919
22.96958
28.01553
30.84253
37.49333
44.31686
46.04687
50.03928
54.71589
60.15974
63.23428
66.01581
67.91277
69.78611
73.77767
76.20851
79.63290
85.94691
87.28239
9.51008
11.52748
16.21067
19.63395
21.41524
27.64333
32.77031
35.32004
36.65436
38.15025
41.68463
47.44418
49.76078
50.61815
57.52977
61.62402
69.32258
78.40041
82.47877
87.31400
91.33742
91.33911
92.63964
93.77673
2.09660
4.37295
7.67953
12.78805
18.54414
23.20465
29.16398
35.06665
35.21916
40.30487
47.69525
53.44735
61.03221
66.03735
70.94473
76.73996
82.89881
84.37172
89.20682
93.86812
99.71410
102.14813
105.23117
108.65661
2.84949
4.96355
8.68229
17.63596
19.67315
26.89857
33.79792
40.44486
41.42493
45.05162
49.27937
56.15872
56.87783
64.69199
66.12065
69.18069
72.35766
74.32640
76.05792
78.21194
81.52447
89.27783
90.24968
92.43829
2.75249
10.12968
14.69192
22.49737
28.38346
33.60573
36.12915
40.34219
42.69537
50.42079
52.64576
55.62895
61.56634
67.91882
70.23963
72.85929
75.05475
77.41272
78.48829
84.63130
88.59367
91.14482
97.69860
102.48171
2.22899
5.75307
10.11992
13.87494
20.38705
24.84356
26.31117
28.10350
30.41627
33.34877
36.48588
45.16408
50.84710
54.04764
58.28378
60.96376
64.03218
68.95502
70.17744
72.60552
75.10975
79.72497
81.60630
86.05077
1.46857
7.51703
14.82542
22.34254
26.81601
30.86586
31.49584
33.64401
42.00743
44.16437
45.29084
54.98064
55.28105
56.51125
60.37436
62.02706
68.19334
70.43630
75.30096
76.81409
80.55465
81.75706
87.31787
90.64697
6.88502
11.13353
13.68169
17.26815
28.60905
38.72704
41.28045
41.72508
44.90467
49.42219
51.66762
55.20481
56.30174
58.43330
64.82376
67.28011
72.32616
78.40192
83.49884
89.73753
91.86511
96.24544
97.95405
99.50929
3.62723
8.54075
12.95944
19.11962
19.62673
23.64940
27.84159
39.66234
47.65458
49.57134
50.64388
57.05653
60.81589
63.56334
68.06868
72.18469
74.70939
77.52667
80.00070
84.53411
85.54830
88.41938
90.65871
96.63382
4.90998
6.63855
13.76249
15.48390
22.82371
28.82518
31.12894
32.74540
34.25086
44.43901
50.28817
53.31354
57.81267
63.10290
72.03261
75.27021
81.90532
84.17601
84.67927
85.38069
86.73005
88.79003
91.90028
93.27305
2.66978
5.29190
5.85354
8.06617
14.65131
18.61127
26.63256
28.70175
31.11205
38.51171
41.12322
44.63379
45.52492
47.45495
49.15457
55.74823
64.03050
68.36656
70.23436
71.36975
78.40929
83.85757
84.49211
90.73860
