3.72597
21.12445
27.43253
37.43600
38.99574
42.77393
46.73678
53.50180
78.01129
88.13527
96.51240
110.00360
120.65300
144.06253
145.62046
165.37767
175.17765
182.98319
208.45700
6.05962
8.55121
30.62765
38.79112
47.61365
75.19649
85.24273
101.70582
119.71543
128.74691
144.73151
152.62586
176.66010
198.30949
204.20533
209.55838
212.08623
220.72194
253.22207
7.87275
17.02276
32.24964
34.98324
52.40641
60.47293
65.43383
80.76805
111.10343
137.31757
140.91548
147.61692
156.97880
162.24563
170.17876
173.20396
181.16908
185.80871
195.16534
5.13858
10.44354
14.81966
24.11110
26.61522
56.62133
58.99959
66.92818
72.24133
85.41314
87.13538
107.16430
112.05009
127.81635
176.68015
193.94832
204.73468
207.75752
225.66608
4.47710
19.10924
46.19863
51.31036
83.55917
107.97112
119.63453
132.37426
136.04172
141.97897
151.40019
168.49535
174.90828
184.41480
185.78459
203.85488
213.09400
238.91705
259.92329
23.12615
31.86521
38.20995
50.19868
57.82043
75.85041
81.57439
88.88002
94.84292
104.46216
130.85512
150.77068
169.21333
173.41188
176.78889
179.98328
201.19878
214.86470
224.01542
6.81704
22.12067
33.45225
54.62266
67.00172
67.80120
69.20419
85.25427
92.45913
98.98522
118.18213
132.70961
137.47288
142.87416
164.26281
167.98425
186.68762
201.34561
203.49285
14.33978
26.13000
42.67685
62.93321
63.85855
71.43845
82.01271
105.55753
112.76673
122.87206
149.35268
152.02262
159.69778
162.73191
166.01882
180.29550
194.49773
202.36520
206.17735
2.97055
21.32131
28.00288
33.74989
44.97919
51.53781
60.44811
77.33814
93.85555
121.15873
137.87366
169.48812
173.21611
200.31945
209.08383
234.16816
242.31609
263.31086
272.82950
6.59022
26.89319
32.12038
62.44000
77.14011
81.04174
97.50747
100.92461
106.94049
121.74296
132.38536
139.23147
146.06330
153.74190
171.75366
176.86986
183.68397
185.26959
191.30303
35.80863
40.34730
45.71015
50.56479
53.96811
60.13383
74.89949
83.83092
111.46128
132.45564
156.14045
169.35363
186.89668
193.66756
202.00479
204.82312
211.06190
221.37417
232.31743
13.43250
38.29424
62.89179
65.68150
73.38254
90.98437
110.68502
122.65288
129.12704
133.19980
139.52203
147.62611
158.85491
162.28099
179.06213
185.39733
190.98533
214.36984
215.47600
16.03896
21.07288
37.18854
47.06001
53.71757
56.39594
68.97546
77.13603
94.32214
100.69577
114.67541
123.62253
133.08768
144.08513
154.73148
170.98331
177.05683
204.60556
211.53303
7.77631
13.83543
32.55389
44.76620
46.29894
63.87113
73.06457
88.86030
124.00624
132.86219
157.65270
161.09283
165.01396
186.24320
207.18323
241.18782
257.90515
273.97085
287.08967
5.86822
10.52475
19.43422
45.73439
56.06102
63.36052
77.58702
90.92890
105.08353
106.38225
119.65015
125.49873
134.80962
139.70379
154.44560
174.83633
187.63731
192.67015
195.35879
12.09477
31.29918
39.93260
45.22748
47.19859
65.28072
70.47865
97.56648
111.13829
117.88457
120.81396
129.87586
148.61385
157.71242
168.54144
200.36310
201.83285
209.95662
218.46111
33.14624
34.74859
50.21246
65.76703
81.83521
92.51186
99.64466
107.68925
114.14347
119.57169
124.77349
140.09362
150.30885
155.38367
169.89972
187.84660
194.58019
209.32329
214.88682
15.79066
20.37426
38.64947
45.92787
50.14084
68.31540
73.27966
86.91036
104.62511
107.49071
111.49153
123.13313
131.63125
141.12677
165.71759
171.17581
181.46498
192.58268
218.63699
8.95051
20.02651
33.62634
41.59040
72.34305
90.20280
103.80128
127.27305
155.01211
164.54812
174.31042
190.38868
195.60907
195.65658
207.41927
212.07121
218.62994
223.54162
227.84536
29.19465
33.77054
35.78164
38.19396
52.02458
62.68541
66.52380
95.83872
105.97389
142.31275
147.98096
166.69410
178.17000
185.45843
203.90082
206.60834
233.80669
267.96066
271.71187
2.63176
15.18587
33.53541
58.92377
69.48917
85.09045
102.04206
118.27540
129.12497
144.25179
162.78915
177.41428
180.40152
184.98464
197.24199
207.50266
250.38143
267.00598
279.24416
6.44271
14.70270
23.04790
30.70529
42.88833
68.83085
85.56515
104.25025
125.09896
128.69954
132.39577
155.58050
173.11337
194.80876
206.20779
217.95565
230.06159
251.47176
263.38145
11.83338
38.39705
41.39423
45.27591
58.72524
64.77996
95.56977
120.75627
129.74971
142.41040
163.88830
177.56878
190.31742
193.46866
195.66458
206.96298
211.80270
214.59155
222.49152
13.98817
20.02799
33.78225
53.52461
63.91901
77.06314
88.00529
100.67975
108.49461
114.83599
127.81371
142.91862
152.47468
158.25462
166.73249
188.74425
196.84499
205.06243
217.13492
3.87848
19.09680
34.72147
41.68528
54.19754
63.71910
78.12880
85.77391
92.37337
103.13511
114.86004
132.11487
137.70734
148.20715
152.28176
164.94077
170.45954
180.57944
186.10750
10.22000
24.03430
37.99587
70.65482
71.88572
80.25691
83.95320
96.00740
114.63806
115.58640
121.55478
139.76406
141.76944
152.65472
162.49491
164.41818
171.51900
179.42169
186.27648
13.36993
16.67359
20.66336
27.45526
29.04113
42.99482
80.46048
90.50447
107.00666
121.05704
126.39050
142.24772
159.40795
162.07783
182.64985
194.90940
198.58228
205.03693
231.14825
25.33909
49.99846
70.69166
74.04451
86.38700
99.22556
107.83871
125.62747
148.88884
179.77800
197.38891
212.12586
217.01322
232.28592
256.08997
257.36101
268.19592
289.91538
295.90480
17.69379
24.67311
37.45645
46.12382
61.20143
71.64680
75.21650
92.23930
105.36824
113.02278
119.18074
134.40709
142.19838
148.15327
162.73446
177.91166
194.96024
197.27127
201.16607
24.76709
42.87902
65.18269
71.00645
84.82843
95.41723
123.95163
137.71976
151.04788
152.16347
167.93894
172.90140
180.73457
184.96820
193.88113
196.44596
212.56638
229.42682
248.95899
3.84717
24.35898
32.16297
48.82041
51.13387
54.46536
62.96168
99.43257
114.10437
120.62566
129.29254
147.72352
162.35394
166.23447
173.81142
182.76473
203.50125
220.62378
225.40912
39.37198
45.39844
51.39041
53.30769
55.60222
66.43877
70.43628
72.17209
84.05029
93.85303
111.07613
131.55911
144.15469
156.44902
159.23777
186.30869
191.62724
197.76927
199.39097
7.82529
29.75556
49.64574
53.64147
74.07091
80.95112
125.03952
129.24524
143.64217
148.36766
161.70588
177.96525
188.29909
192.20619
205.26774
221.36121
222.56881
231.55555
237.06008
7.67103
12.73688
20.35868
25.13851
31.36929
36.64618
52.38645
60.03247
71.37517
73.31801
85.28382
93.51693
105.24987
115.09472
119.48654
122.69585
127.90064
131.44967
154.92031
26.09544
56.83294
100.85068
104.21227
109.55427
121.98025
133.95113
139.29110
147.77600
159.88623
173.07081
178.57958
189.45981
211.03571
225.99107
252.33404
259.40107
266.19001
272.65895
11.30481
34.37925
58.67587
71.55087
81.04225
91.37866
97.54259
118.10113
120.00657
133.16676
135.11320
143.61861
165.16788
169.84744
209.09804
235.60021
248.01391
255.73341
264.89662
28.08406
31.17948
37.49662
50.61541
57.02399
68.22834
73.23132
86.55957
93.35323
98.17875
103.97795
116.91458
117.72509
128.17488
128.56053
145.89054
153.79803
163.97866
166.99867
27.01599
37.96856
42.75204
53.98525
57.39165
65.77531
68.81582
71.12678
88.92991
105.95067
117.99284
129.70947
138.24340
143.96055
149.96869
150.60302
172.35899
179.33813
194.81453
6.77503
23.59547
41.26662
50.19398
63.14470
86.32622
98.26167
110.92091
130.04370
137.94857
151.64244
170.97348
221.81824
230.25879
236.56890
243.48979
256.10370
256.87220
262.01357
13.13280
39.73049
67.24225
74.96019
83.86859
90.54925
106.83733
112.43053
118.56131
127.08536
128.16764
143.16301
160.87094
173.02843
187.27192
205.35863
218.14504
229.02978
238.43611
3.33656
10.42739
21.22578
26.81857
35.52195
43.30722
52.36866
67.47262
68.53316
77.64910
83.35250
93.11699
107.72045
111.68728
125.44588
145.13498
153.93310
171.95320
178.15050
4.37234
7.07705
13.59783
23.81171
26.83187
32.95020
45.93133
48.80282
53.55810
58.66106
67.73194
83.96529
87.95897
109.57558
122.90819
133.25563
137.38743
148.29550
168.26642
9.57195
17.00313
32.43002
57.01545
66.96700
70.71256
76.35265
81.28607
86.78781
96.68784
115.44628
124.02898
130.27190
130.37710
144.00201
149.78312
160.11350
173.49145
182.87993
2.27629
17.54469
27.28097
47.70096
56.67139
66.65464
89.83300
101.69402
112.31907
125.92063
128.57660
131.45956
145.26600
150.90470
172.33865
195.00046
221.28961
235.93167
245.38157
6.22311
9.11615
17.03538
17.55694
29.11048
35.27320
41.19282
52.26855
67.62408
80.69601
102.35550
116.91341
124.54817
133.01150
138.59826
147.44971
156.12795
175.25811
186.60395
35.66276
67.84403
73.48151
92.63152
100.92109
109.37009
124.76556
146.42023
153.01530
171.16902
192.45304
203.78430
208.43998
218.40062
228.21900
234.18378
238.40808
244.49463
248.19459
12.20119
18.88984
25.17869
30.34910
56.52322
61.73856
65.48485
71.45312
76.73356
91.16337
111.27295
116.47460
124.26782
126.66193
133.36421
138.75104
146.64945
158.10652
168.51416
10.34056
22.40739
27.85182
54.19763
60.83761
80.46875
90.60736
93.81333
98.86247
117.79867
131.99704
134.74985
141.17372
147.34186
163.60444
181.49045
185.90399
190.62758
197.87348
5.42530
13.75163
49.28820
72.90346
83.92789
104.99072
109.46522
125.23078
139.64028
148.43096
169.55551
177.98095
202.47385
213.35002
250.49759
260.40165
263.36417
294.70818
300.83427
10.18053
25.30093
62.84184
85.09829
88.76865
94.81119
100.27218
110.66315
130.49109
158.86181
177.85784
188.32848
199.61813
206.52330
224.43126
236.21754
248.45499
259.32063
260.89878
33.84029
45.64297
65.20772
76.37260
88.99814
103.65283
111.22515
130.09300
136.81953
151.23090
158.55279
183.60748
200.13162
214.91410
222.23090
236.69955
253.14326
272.67336
281.47266
11.52976
18.19229
31.40549
39.86521
60.55974
72.45849
87.14697
96.56500
103.46051
113.33447
128.02729
137.89474
147.56790
155.04503
169.35961
180.93378
191.01561
199.46285
205.90865
15.18996
19.53510
26.89662
34.31401
39.60045
52.92841
79.40691
93.17381
99.59898
105.16282
120.04784
137.64850
143.07118
147.14601
158.61898
177.82048
189.74964
209.60375
229.53931
4.43362
20.26172
28.20632
35.41095
61.13522
62.63286
68.93654
75.43142
88.89558
105.21741
112.72159
118.72146
133.03165
161.95236
168.10233
174.65118
182.34452
190.30439
195.01241
8.30727
28.62760
46.13988
57.00010
64.97366
77.40936
90.10787
99.43437
112.00761
122.30180
137.53961
150.58246
160.33363
174.84351
181.01470
187.28195
206.14993
212.57292
219.28275
11.01059
31.46113
52.19033
69.91257
75.09394
94.41269
105.32275
115.58489
126.93648
136.20157
146.18766
160.11424
164.72053
183.85611
188.25043
207.15063
211.04317
220.28664
230.77433
36.09603
43.81210
48.63515
51.89908
68.21577
73.40040
76.95471
97.81147
119.46166
144.73866
157.03804
168.00462
172.53984
186.10946
210.89045
228.06523
241.65241
242.95039
255.29531
4.47414
18.55947
21.08683
40.93664
47.20699
57.13339
59.76153
67.97170
72.11671
99.76986
108.20567
114.75999
141.74679
151.38366
152.84653
169.17172
174.52570
185.48726
190.17972
9.62561
18.92927
26.33121
28.73710
44.66785
69.27193
77.74130
80.61363
104.67641
124.94682
146.22714
162.16651
174.00370
191.53109
192.62932
201.83459
205.99942
212.01984
242.79453
13.01058
28.64882
35.96321
39.81389
59.74630
65.82020
74.04965
77.00417
103.53844
114.60371
121.84066
143.82161
147.40558
154.92475
161.29406
188.16444
196.37456
214.05963
224.26533
7.64846
22.17371
41.60364
55.30619
61.16953
70.85535
78.81966
95.52164
106.23075
108.63036
111.84041
121.65117
137.29843
146.34503
155.26357
180.31734
189.20472
197.41064
200.91359
16.70091
23.44558
31.83137
40.84332
49.53684
68.31305
86.70574
98.44172
114.78903
126.00373
129.08313
132.83294
140.10445
159.15283
166.75179
175.23647
188.15134
200.35216
204.80829
11.02513
17.46074
22.37997
40.49757
85.08952
100.45658
113.75596
128.12181
137.70672
148.84534
151.93613
164.95247
174.08317
178.25485
184.41030
192.26136
201.41679
207.65402
230.06239
3.71377
16.53640
20.82841
43.06854
48.60775
58.01387
70.39986
75.42674
94.38605
102.38222
108.51351
128.34073
138.73441
150.38856
151.66339
186.55391
195.05677
202.62861
216.80533
10.25785
28.95640
31.89868
49.24742
85.63297
97.85133
129.35258
133.80357
148.33371
152.93967
154.45926
169.13600
183.48743
189.77115
208.96983
216.70341
226.76978
242.84171
254.73007
5.59805
21.44585
24.14411
32.71409
53.90154
65.78024
94.86847
117.38748
137.35924
145.27858
152.39099
159.59416
169.36098
178.86057
189.51285
219.41175
236.96573
255.92303
271.04703
4.71474
30.92831
38.96464
44.03966
54.81417
81.52277
95.88185
100.68424
105.93316
117.09692
137.69778
151.38552
157.46980
166.90063
176.62897
186.44651
194.37403
208.43960
219.34802
9.59738
14.65049
28.17281
38.94882
46.17539
50.20734
68.20664
75.90903
88.24810
107.95359
125.95106
133.07479
138.26645
154.41146
172.63158
178.85973
228.09473
235.33604
237.87668
12.66382
21.28834
29.34310
40.00887
50.78009
62.91695
83.22508
96.25582
107.75826
125.50071
138.98468
144.60435
154.34477
164.36426
170.32997
176.18993
184.51462
194.68987
204.15929
6.08298
11.21598
18.15895
20.44852
24.58748
32.18752
36.01878
63.98028
70.08815
86.84809
103.23822
113.00288
130.69346
145.12835
151.53970
159.07571
160.89951
180.24280
191.17206
15.12242
19.13475
42.53121
53.27727
81.72634
85.03887
97.08485
114.17795
119.31593
145.25684
161.04774
166.06089
179.81486
193.50000
203.07556
243.29426
266.38447
285.82545
318.77997
14.45224
22.64058
41.54982
54.88051
68.85388
75.17335
98.52954
137.63440
153.67603
159.16476
165.20456
179.99320
187.34942
208.58196
217.01683
222.74941
231.10908
237.84983
253.68166
7.50312
17.73627
24.63313
34.46154
46.36835
69.49192
95.64646
107.23753
124.12078
138.29186
149.44626
163.79585
184.01799
188.12743
195.69247
202.48947
206.29492
213.53663
216.64006
10.72435
15.24401
36.01299
39.50928
57.68708
74.77792
85.95465
97.04538
98.88021
101.15464
105.04586
139.41642
153.38287
165.71641
177.76109
222.55485
225.29867
236.75866
261.09732
10.17555
16.09979
44.66602
51.16074
57.89921
63.36357
72.56158
91.14618
97.59076
104.29736
108.68764
113.03145
140.42034
146.52065
158.55739
162.71822
180.57189
187.01393
188.45733
34.20477
44.05772
50.76615
54.39404
60.86072
71.75029
82.43865
94.10703
126.08632
135.40984
141.17580
151.46785
153.01572
171.28800
174.85756
179.85349
193.66427
193.74010
196.16792
5.61328
15.02097
26.25656
37.83083
43.10120
53.82894
69.31441
83.89892
92.89035
99.41456
111.60057
119.89270
141.26475
146.80260
182.17183
187.10336
191.41101
196.23408
238.20014
8.72307
31.14616
45.26423
47.91324
67.60542
74.92183
80.76160
88.68741
92.91594
101.88045
112.43920
134.05071
140.08682
145.13974
156.79995
172.11571
194.38775
223.98795
229.74825
5.37231
26.66928
36.95631
50.75716
54.10010
74.55136
77.72773
105.16543
116.99275
123.45851
129.65244
149.95638
165.23485
170.75722
176.45318
181.26070
187.05287
210.18008
216.88121
10.48363
38.61663
42.14830
50.05233
57.94792
64.91112
81.43670
88.35019
104.82460
120.90354
127.79084
136.61670
151.73760
159.66452
167.29557
183.09930
193.29670
199.40067
222.09118
4.52159
13.67120
32.90984
39.29258
41.37518
41.95621
64.50249
69.93600
77.59245
90.68481
100.14590
103.47725
124.51858
127.55612
140.05815
151.34690
169.16478
181.38335
188.88608
23.13459
41.52310
44.35126
52.45443
64.55689
82.56991
91.07909
94.54470
104.01022
109.64421
145.88632
164.78739
174.89806
184.50597
187.73358
197.54261
207.79228
219.98912
231.78600
10.04365
17.31690
27.98220
35.50098
38.52828
50.96242
69.49928
82.96504
90.54820
104.28435
110.57890
114.29388
126.54498
136.97012
151.00775
153.89044
156.38851
162.84547
175.10376
12.74724
20.57720
27.99295
32.53469
46.35489
63.47509
67.32736
87.74213
92.92585
115.30858
121.03528
131.23800
133.11110
135.95179
159.34575
185.55952
192.23377
199.03051
221.28596
9.76240
21.32351
48.50903
62.07468
74.35153
90.04782
100.29817
120.15165
128.63355
144.32830
145.35553
172.22846
189.52391
203.07845
215.52045
229.19946
255.67975
273.89445
287.56032
8.90451
22.35962
23.17284
23.61478
40.12076
55.29180
87.09433
102.14906
112.90874
115.96120
132.63617
140.96453
163.58909
179.00186
183.38405
188.03651
199.87042
204.67458
213.00994
14.29249
19.99501
25.95769
35.11938
50.74259
58.45254
67.79290
77.42317
88.05543
111.03069
114.56899
124.62670
141.60567
167.70486
182.53364
188.49075
224.56819
227.43800
232.19747
2.26526
25.99276
28.86285
48.03265
55.20502
58.70025
72.89487
76.45899
89.51444
101.58089
127.56203
130.25277
136.05074
140.31519
159.40441
165.26966
182.65341
187.52398
190.95529
6.73002
16.75258
31.87888
47.41273
49.27546
60.22580
64.64708
71.63812
86.88973
97.16937
108.01941
126.03064
143.57980
157.85677
163.10677
177.90853
193.09421
214.59705
223.45218
16.70900
31.82219
33.42010
52.78228
69.25253
71.32829
79.82821
86.29206
100.61560
103.05032
115.79050
125.78572
127.20320
137.29144
143.37195
154.91044
156.88546
163.40729
183.03112
22.33027
27.80064
57.70141
68.85753
82.88735
87.73564
96.21656
121.81121
131.62138
136.06065
145.56323
150.47838
158.72495
162.94501
186.92241
198.43370
221.10480
232.67024
240.67679
26.35039
27.45980
31.15601
36.41189
41.96024
53.88642
68.85522
72.55900
76.55944
79.40361
83.18162
104.54093
144.54326
149.10430
156.32345
179.10976
188.87271
202.69041
217.51495
10.98653
20.23048
29.19586
33.34723
37.26259
39.93755
51.18680
56.78251
68.58042
71.17513
83.37715
92.51627
112.24569
126.59600
132.79960
155.72592
176.53033
181.90949
189.40176
18.32672
20.22249
39.34512
45.44047
75.01149
90.11927
108.36471
118.04241
125.22764
137.29668
155.02832
162.65536
177.02675
197.43810
208.45221
224.42235
233.21124
233.58273
245.00391
12.90637
18.94407
24.06387
29.10073
48.79937
59.31075
74.08730
82.83644
105.43124
109.45625
110.03680
145.53758
151.02483
163.12774
168.89458
169.61232
175.90204
183.88586
201.24575
4.64456
23.62678
53.84555
57.04262
59.89192
66.29102
82.33267
95.35745
123.33226
153.14454
164.66506
181.99551
187.90874
201.84051
206.14722
218.85332
225.80170
236.42899
243.80101
5.55877
16.17965
50.94268
68.80375
77.13251
86.95092
96.47634
100.84697
109.53943
110.95343
113.70844
135.00042
139.90894
154.49362
186.78212
198.76368
215.44991
236.37110
260.59386
8.47768
16.08211
18.25743
29.16674
31.86850
35.10751
46.61319
59.14463
94.57255
112.93585
115.46526
120.98982
129.10197
157.21288
165.55745
182.77752
194.35179
195.57635
220.64885
14.67724
26.47802
34.77059
46.99390
59.89850
90.30424
118.30289
123.34635
139.90154
150.28856
159.77671
163.18473
170.98664
178.10173
180.36638
191.95485
199.63434
211.69369
222.05834
12.88994
17.56552
24.76652
30.26448
49.38901
55.20060
66.79537
78.15332
91.54061
93.58946
127.36065
137.56266
149.07813
163.69466
165.05834
169.97378
180.07250
184.30881
189.01943
