25.94859
26.31397
26.45529
26.61614
27.66530
27.89698
27.99680
28.42843
6.91436
21.04842
21.37975
21.41745
22.10614
22.13940
22.43785
22.60297
26.19760
27.00648
27.14835
27.25851
27.94494
28.68464
28.86967
29.26751
13.01840
15.88714
12.18200
12.42622
13.13835
13.14337
13.17887
13.35493
37.30881
57.40339
57.63628
58.03173
58.47119
58.91928
59.40923
59.50150
20.74423
23.42418
23.63519
23.80692
24.15855
24.79831
25.10899
25.37087
6.32207
16.10512
12.31883
12.36788
12.50521
12.60309
9.10570
9.33001
30.99001
43.31076
43.42379
43.48910
43.97885
44.12504
44.26589
44.39702
7.11462
12.56060
12.88876
12.90639
13.71117
14.28778
14.61819
14.76005
6.53188
8.00867
8.39636
6.36972
6.83214
7.20909
7.46699
8.45388
15.52441
22.82747
18.54970
18.64542
19.12798
19.59179
19.64242
19.84049
0.57028
0.30386
0.43650
0.74388
1.00871
1.19950
1.84401
2.22106
15.42577
28.59425
28.66120
28.75034
29.51621
30.17050
30.32033
30.40939
14.36006
16.25368
16.50081
16.80837
17.04659
17.11078
17.14017
17.50300
3.99443
7.95993
8.06292
5.42423
5.78654
5.97602
6.36645
6.77733
1.49079
3.04589
1.67017
1.57345
2.00519
2.59694
3.19717
3.27470
8.28789
16.37716
14.49231
15.00835
15.56847
15.89176
16.21927
16.23728
18.19228
59.57315
59.73216
60.74954
61.59177
61.69251
61.98191
62.08096
10.30523
12.14223
12.14473
12.34651
12.73147
12.88093
13.08252
13.11382
7.69193
12.91112
13.63787
11.64119
12.09291
12.56441
12.69320
13.17449
5.50047
32.44797
29.73910
29.85032
29.99093
30.53947
30.79557
30.94077
11.39429
11.63061
8.59026
9.76201
10.45448
10.52672
10.56272
10.59654
0.93653
25.12294
26.20615
26.27063
26.51300
27.29226
27.63311
27.90609
12.53365
