7.89127
16.91964
28.15590
39.86906
48.25849
9.90222
19.00190
29.45137
45.13639
52.25234
9.27127
20.17516
35.09282
44.64915
51.09342
14.31124
22.44079
31.88052
42.77254
54.37686
10.37495
24.97135
31.97004
47.27868
56.38453
12.45819
23.83575
34.20424
42.62009
56.22250
12.51434
25.67909
35.43806
42.34662
50.93887
14.27488
27.92274
36.86648
48.93536
61.12385
11.41367
17.66371
30.68848
38.90420
49.89463
9.82823
20.43403
30.02989
39.84163
47.39348
13.99656
24.17288
35.55850
46.21955
53.33331
6.95566
16.06167
30.69273
45.62008
52.56325
6.36347
13.39515
24.95614
34.98524
44.33162
12.41911
17.46669
29.06200
36.66057
46.37745
6.44730
16.62530
30.95702
42.61185
49.71491
13.58577
23.60307
32.74184
45.43996
58.41365
12.80772
24.65064
35.34323
43.01138
51.23761
9.61123
21.12881
31.95401
41.97321
45.57316
11.15105
21.97410
31.20608
38.96552
49.40672
11.53596
17.27222
24.68590
39.02147
45.33302
13.67893
22.49401
35.98552
41.90662
54.24809
12.51441
23.54714
36.22871
47.45154
53.68844
11.48198
20.77696
31.96224
40.80899
54.91641
11.20448
22.60889
37.59975
46.06138
55.05738
7.15195
14.52124
25.04144
36.62685
44.49143
10.79073
17.34453
28.15829
39.39597
49.81555
11.53854
17.72451
29.62417
37.06377
49.72016
10.71449
24.51119
34.52167
48.11286
59.91349
11.42155
19.82514
30.45459
35.66856
50.49919
14.80638
25.42920
36.44571
54.94088
60.09941
8.78154
15.63254
26.50786
33.80308
44.66346
12.55420
21.79291
31.96800
40.90541
50.18442
7.27329
19.32646
30.12565
40.96306
56.90442
13.33365
25.41312
30.86933
37.69088
49.90277
9.79031
19.99910
33.26966
43.93129
55.72962
8.95279
15.43786
25.61847
38.03552
48.69890
9.72724
19.84415
29.14555
35.10435
44.82765
13.95238
24.76998
34.80773
49.09486
54.80770
8.37121
20.09271
27.49020
39.35281
46.12543
11.07751
19.94535
25.59770
37.59163
50.14600
8.29169
18.46297
29.77764
40.82876
51.69654
7.08804
19.42604
24.65316
34.92994
37.70389
7.45440
18.66987
26.31102
36.72822
44.24419
10.26623
19.43945
28.76560
42.87781
58.21880
10.23087
24.02440
30.28538
39.26592
51.95102
22.16695
33.11902
50.20636
63.39331
73.07903
13.18797
28.45543
37.57052
51.65505
58.31036
11.85184
21.96358
33.52129
43.76649
48.14134
8.84907
16.13925
26.77160
34.90724
47.40027
9.85281
15.94611
25.46226
33.04271
44.07920
