21.01480
31.42974
36.95820
40.77411
48.73664
63.63645
71.25108
82.64301
104.26648
109.54261
113.87414
116.97693
121.21171
127.21719
138.88679
168.19448
173.23508
45.58869
56.45893
74.00488
84.69611
95.16734
115.78590
121.31567
122.23735
123.48530
128.10669
134.43703
141.97913
150.05779
152.19476
156.49257
175.53461
209.02095
12.41525
14.41691
36.91551
61.65189
67.49623
68.28106
69.78300
70.17620
88.19878
108.07619
121.52083
129.07471
134.71966
157.31792
162.35969
172.90516
176.01895
3.07959
16.68816
30.02408
37.59965
48.95114
58.19405
77.91011
81.31368
86.05715
90.04290
96.74076
105.38421
122.98438
128.21290
145.98416
157.16153
158.63317
1.81697
5.53494
18.44811
25.45756
33.14443
44.34119
46.83269
50.70458
55.04218
65.40702
86.29434
94.28478
94.89972
105.34625
112.79949
120.69057
125.17841
6.80887
20.10131
23.26006
43.66953
46.21171
54.48227
65.09902
69.91675
84.46683
88.31520
105.15038
105.83195
128.44407
135.07555
160.80474
169.72715
183.22311
1.47034
16.95462
22.54181
38.50443
42.76396
56.00156
60.41922
65.23686
87.29370
107.94988
128.16226
135.46078
143.89830
150.43592
152.56484
170.70021
188.04579
12.47085
14.91331
18.42716
29.18277
33.96801
67.57336
76.67152
82.69910
93.03370
98.06346
99.13430
114.23896
131.99944
134.02951
139.85244
150.36116
162.13943
26.22902
30.94546
35.10760
44.86637
65.42900
75.23879
75.87755
96.52431
97.22220
107.06615
114.62133
123.58580
126.95504
141.60919
147.18674
154.09182
166.54271
4.33915
9.52835
11.98220
35.35121
36.69576
44.73387
56.08006
60.84094
60.84822
92.33458
104.33077
109.99611
134.01074
139.50028
150.71642
157.58098
171.34298
8.63737
25.58811
58.98640
84.80920
96.56618
102.35665
117.51404
129.70363
154.22817
158.71290
165.02142
165.77773
170.69053
189.53267
189.68506
197.18054
197.28155
8.34414
27.86201
29.57784
43.79484
45.68715
46.00053
47.46590
71.22102
117.74092
126.66731
131.30960
146.33618
158.65105
180.27181
181.52507
197.38498
201.92602
3.20996
7.40714
16.34498
33.12260
51.74815
68.74919
74.67632
86.90893
87.11520
94.01166
98.37580
98.51634
114.50555
123.87141
128.41980
131.55223
144.91835
28.02990
34.22340
38.01464
46.96358
48.69421
59.92157
66.79003
73.45161
83.23688
120.99821
123.02074
148.15342
166.51127
169.68752
177.27925
191.73963
178.23344
9.84740
18.73344
24.05707
31.49643
35.99467
42.69947
52.76865
64.85000
70.75742
84.16805
94.90396
125.70687
128.75068
134.72482
141.93324
150.58743
153.04828
8.05913
11.98316
19.72471
39.73717
55.44970
66.36226
69.38342
74.91144
109.63813
122.94288
131.66860
153.77119
163.97624
189.21483
183.09652
187.29331
211.39069
5.00972
17.34104
26.52925
36.30487
39.75775
38.49940
40.84184
50.73451
78.84586
88.36066
90.52642
123.00195
126.90281
140.38112
150.24162
153.74253
180.50084
13.62928
15.30833
20.07993
27.52840
27.70041
28.64977
50.19068
53.84550
57.76514
66.91017
70.42233
76.19196
84.61198
86.14037
92.46743
96.56540
122.42761
0.61252
15.06528
24.18293
27.18149
39.08097
40.19644
48.17760
48.68237
60.54914
64.99325
65.01222
71.98383
77.73129
87.10738
92.69916
118.68880
122.69218
17.61001
25.76098
40.15742
41.77957
57.73151
68.27016
78.54432
87.68496
100.55687
117.94496
131.48720
136.35546
137.72531
156.74565
166.73175
175.47441
187.52185
8.80083
15.23244
24.53755
35.69123
48.55729
52.71153
53.56673
55.71475
59.04207
79.99649
94.38841
107.40437
111.47523
116.35711
118.04292
128.08114
130.87573
5.63078
22.07782
31.90596
41.99855
59.90431
60.87745
67.19247
70.07715
92.62686
97.44182
110.64395
115.70949
118.82183
138.72162
139.92978
153.65071
162.27980
8.73830
19.49033
20.44214
34.60246
44.02688
43.48264
78.75878
87.60639
119.74666
161.52598
179.44481
180.92360
187.26557
203.04310
210.96704
213.57880
213.85437
20.37280
25.82166
40.86352
43.06064
47.24457
55.31019
70.72400
75.13923
83.95050
86.45113
108.88888
114.63212
118.82420
119.89221
130.68658
150.73926
155.55495
8.70835
9.78914
21.10583
45.69511
58.31956
61.65548
68.04326
73.37445
94.16439
105.54214
103.42034
121.01175
132.32995
131.57092
136.98092
141.43224
162.63824
7.72361
20.77261
25.82521
27.82184
46.20454
47.02299
69.24329
92.46921
99.38105
110.62076
117.91855
136.39900
145.75213
152.94288
-1.00000
-1.00000
-1.00000
31.79808
45.52286
46.83408
57.26656
60.55966
63.88162
64.19650
90.73898
99.96687
109.48331
117.61546
117.28657
123.29781
130.64811
135.85139
150.56768
151.24950
2.39989
11.67024
40.85521
64.62626
67.86995
79.58350
84.75544
85.60876
130.58999
140.41986
149.53037
173.58975
187.93347
190.42714
196.51685
206.68593
222.63131
4.56354
14.13385
35.45808
47.95200
59.19330
62.55811
63.67931
66.76636
85.15347
94.13396
119.69884
123.62698
124.58545
132.79995
154.06333
161.62870
172.15452
3.76579
8.06992
15.58686
19.42072
25.22735
48.97016
54.34656
56.05559
60.93950
69.38148
72.85019
83.40687
95.39924
97.93559
101.08092
123.57594
142.93156
7.86282
12.12112
16.75535
35.63306
43.93919
49.44746
54.06690
58.31624
73.41569
104.27869
107.87368
125.09064
142.37205
144.55476
160.23742
160.89059
163.05181
3.86669
7.40088
8.98480
17.60699
21.99318
38.19182
48.81236
54.69252
68.00391
73.75937
106.99117
119.64185
123.97099
127.02521
153.79082
160.81959
163.23089
11.48606
21.45769
29.59010
49.38965
63.47312
92.50956
98.57532
101.60172
103.72815
105.25690
112.99988
122.19865
128.16516
128.35443
127.84211
140.23808
151.32302
20.09705
33.93471
51.89561
63.34012
73.21604
79.45088
101.70509
134.15393
135.22823
146.60476
151.68574
168.02952
168.34484
169.51516
175.92739
177.01812
189.58207
19.13881
29.54371
32.47706
48.49513
50.02402
66.92615
68.58945
78.59563
94.69482
102.06956
116.14227
116.91463
131.52343
135.62308
159.32507
166.89211
167.34688
3.59011
19.14187
24.86612
41.33340
51.37526
52.00836
56.73016
63.80909
70.26509
82.48049
83.55033
97.38016
115.71523
121.42533
126.44126
153.11681
167.63196
24.33824
33.31920
51.25097
57.98089
63.49060
70.49496
71.39778
75.27442
102.07843
122.02588
130.29768
131.99598
150.65187
152.35735
153.83726
165.24836
165.13815
14.54553
39.85633
41.87087
48.13647
51.83342
67.35767
75.10154
78.34368
89.33925
90.93576
103.95220
111.49223
124.18122
140.69476
160.99591
162.27908
180.88003
1.21942
24.92871
40.71541
75.72671
79.15017
79.24656
92.21377
107.36738
114.14361
115.63806
117.69191
121.93203
128.25705
157.30489
165.70995
199.07758
217.13665
37.82470
39.73954
55.96313
71.13419
82.23493
84.01919
86.75518
93.33793
94.66649
113.36884
113.03918
119.62886
137.88087
145.69508
149.94791
152.81413
168.78967
4.30167
9.65672
15.60250
27.81827
37.24141
45.79473
55.94850
58.63713
59.64615
76.81176
86.52389
95.70748
99.47274
115.77927
119.40543
128.08364
137.05370
7.06184
10.76147
26.36850
33.73662
60.68017
77.66462
83.43211
88.34274
109.37190
109.53544
115.43084
120.19603
133.10650
139.33987
142.84624
152.34885
164.47853
20.35423
35.70238
43.20435
56.82321
70.88268
90.73751
103.60386
117.88115
131.79552
132.69570
144.56333
145.55248
150.26145
158.30524
156.26962
160.41325
168.73701
22.25800
39.18548
53.16867
69.96195
94.04292
107.11936
128.72214
137.31477
144.19163
146.15892
171.30089
178.37621
194.12649
218.40510
233.68395
243.14169
253.17182
7.93845
12.36035
40.28001
44.71961
53.89677
59.67148
61.21310
76.81305
94.41281
106.39660
112.17053
146.25084
152.74050
191.44373
195.54045
233.12542
236.47740
7.10362
-1.00000
-1.00000
-1.00000
-1.00000
-1.00000
-1.00000
-1.00000
-1.00000
-1.00000
-1.00000
-1.00000
-1.00000
-1.00000
-1.00000
-1.00000
-1.00000
8.98732
10.15052
26.42986
46.84155
47.16678
65.09704
70.39998
71.32970
76.96056
79.54486
90.92919
103.17202
126.76597
136.04028
156.92953
165.68802
170.77499
6.74354
26.57125
52.97346
58.74973
68.93963
82.33231
93.59343
100.60562
115.84987
147.35816
157.88721
157.91446
159.58493
167.08892
169.09894
187.03566
196.38759
13.44340
21.05621
43.31598
53.12398
63.58621
78.73641
88.48961
91.30651
101.67253
123.55203
130.17159
131.16464
131.42787
140.71113
156.87397
161.63389
170.21640
13.24694
24.26704
58.12564
68.80356
71.43057
79.06543
82.73786
87.21128
97.97357
99.55339
111.14032
126.30933
123.01624
127.63190
129.71002
138.82339
146.65986
12.75083
13.44593
50.46681
67.93723
89.70986
106.10271
109.58536
118.12353
122.45144
123.87610
151.05396
153.47779
175.42540
191.43770
208.65598
209.98338
223.57120
24.13624
33.31312
37.62292
44.04625
59.76725
65.43942
72.57512
80.81964
87.26756
91.74885
101.96428
112.08598
117.43986
138.67654
141.02133
157.49265
163.70368
13.19924
16.23507
19.00729
22.56815
22.80718
24.86729
25.96375
57.74836
83.00440
87.54010
125.04379
135.91971
151.70747
151.70895
174.07000
193.74718
194.53961
5.05005
20.51687
62.77674
67.09123
72.18238
81.25476
88.46906
91.47352
98.11980
99.40442
114.91635
117.49505
123.80228
146.58070
147.17423
161.38354
171.68417
26.79348
61.42282
81.51607
96.45248
99.56949
111.68297
118.98867
138.78734
141.97232
153.89991
167.36635
196.27199
225.18163
226.41485
231.28580
232.91265
232.48627
14.14329
23.83956
33.86196
44.59519
52.45862
65.26896
76.31636
83.02335
86.76614
95.38743
131.40968
133.55198
150.28259
154.64368
158.01202
178.33646
186.18931
43.20392
50.05403
58.04205
77.19846
96.44326
106.01451
126.67470
133.54300
135.84442
138.86258
145.46162
150.90410
164.72014
184.87719
199.86106
208.08038
212.21978
3.34474
10.57140
30.16114
36.36643
39.40489
43.33416
51.90205
61.44466
69.70481
71.77934
74.30857
90.54496
98.72439
120.92826
123.11463
138.79600
146.66089
17.23680
32.53907
50.70808
70.78240
97.82733
113.48253
130.11258
142.03780
149.85893
150.96391
155.39468
155.74733
164.10447
167.59950
197.10672
200.54316
202.78479
4.54692
7.46424
44.66104
49.86492
52.12896
60.86561
70.96700
73.27182
137.98646
141.08648
143.06284
149.08920
160.62036
169.93142
176.20878
189.09575
196.45871
1.58463
3.98642
4.73789
10.12318
51.56486
93.02698
105.09696
118.92160
122.42655
129.29228
148.50741
154.44836
155.12504
166.45343
182.07937
193.98235
205.43679
47.37418
51.32388
61.33095
79.94251
81.50642
90.55415
114.22658
118.09344
120.90034
128.41035
140.63833
147.67824
152.41348
157.74425
198.74346
216.13385
241.31504
2.19180
12.67852
14.57536
18.08310
22.60815
47.45302
48.81415
56.80609
70.63678
72.19859
72.77346
86.91561
91.05563
98.67004
112.85116
128.79068
141.89337
9.53410
56.14625
66.16054
108.60285
118.11950
121.87053
140.59430
156.66470
159.84048
160.58223
170.60785
176.70532
211.04274
227.20866
234.11937
237.52533
250.15884
11.97474
16.37243
42.48232
57.04052
58.40176
67.26420
88.02690
101.06529
108.81302
111.15235
119.62158
125.90277
128.03034
132.62934
149.21940
158.28030
171.55728
42.92660
48.38911
59.27051
58.94216
58.94220
71.23164
73.70459
111.12293
120.03484
127.69165
131.18494
156.68480
176.90519
176.95301
192.85371
193.03010
193.53051
15.68853
18.26945
55.47109
58.60179
70.11135
81.88890
93.79949
107.30527
108.41291
111.37649
114.72606
122.15558
131.11273
135.38844
136.67526
147.34790
149.07554
7.00433
10.98201
33.41185
43.16542
48.17027
54.06283
57.51033
64.86781
81.29932
83.42018
86.37341
85.24602
97.91520
104.60716
105.00465
105.96723
114.86165
34.62915
37.08823
67.82307
82.44385
94.41398
107.56949
116.69658
141.83888
145.49453
148.79883
151.70150
162.83193
183.50012
186.02650
198.37546
202.69162
214.13991
2.98687
6.00772
17.20687
23.37870
26.00125
30.43542
32.29789
40.78917
45.80502
53.59196
56.72092
66.37706
78.23991
85.68051
90.01216
100.73922
105.35760
24.44574
25.34316
35.99904
62.10604
69.22146
76.05438
80.48647
86.77402
96.84611
118.24385
137.86689
142.43070
155.44636
166.54838
163.28759
171.22927
186.79643
27.08550
36.97446
46.17352
49.17709
58.42294
69.52267
79.04148
87.49829
90.46013
107.65947
108.81599
111.11500
113.33096
128.33730
131.99631
145.58582
150.91741
13.30981
23.23656
48.48034
59.21919
80.28538
88.65821
93.38524
98.69084
100.82946
99.54922
105.51501
105.97761
112.82812
119.95556
139.30025
143.32645
152.78436
20.07852
22.17196
54.23787
71.71322
83.39438
120.78142
129.02894
130.60711
132.07726
136.13508
142.60350
147.22364
159.59147
179.61363
191.37213
192.93289
200.68897
16.80446
27.00336
53.82355
81.11832
88.95679
100.65088
104.92354
116.29792
124.54380
140.43708
152.46538
168.40055
178.09399
189.64168
202.05627
214.43246
230.46842
12.41683
16.32443
16.62297
39.12884
63.45563
69.96810
82.18507
109.15591
115.36713
115.83966
143.93640
152.54881
159.89770
179.31061
194.99976
197.12330
210.48322
5.60000
11.96940
26.59445
34.23893
43.66008
57.84641
73.49798
75.94261
91.97071
91.17857
95.25021
96.07373
107.27794
129.80852
129.87606
136.16247
148.56409
15.52864
22.81636
25.46208
29.91456
53.80048
78.89879
82.84072
89.17545
96.53287
109.09126
117.27392
131.59014
141.00926
149.37696
149.37849
151.32047
154.06096
4.04307
16.29642
17.19060
29.78815
52.91015
62.37824
111.27258
129.63867
137.06200
142.40003
144.85272
144.55781
155.52301
163.38592
176.16841
179.84128
186.38956
5.80898
4.29110
11.67618
25.52886
27.10505
48.36298
50.69307
60.53209
62.13801
74.93592
89.94484
105.33921
125.34384
128.72205
142.80715
148.13121
161.51851
14.64430
19.34658
-1.00000
-1.00000
-1.00000
-1.00000
-1.00000
-1.00000
-1.00000
-1.00000
-1.00000
-1.00000
-1.00000
-1.00000
-1.00000
-1.00000
-1.00000
35.58345
55.52166
65.69684
71.77392
86.37853
91.56137
106.94116
117.86501
121.91141
133.49449
142.32413
148.45046
156.57263
169.61733
177.88941
188.68178
201.68859
3.23381
17.30001
60.59890
76.37629
76.78670
115.33119
138.76444
168.06061
168.35375
171.87590
181.29427
197.86003
207.46608
233.24885
248.79551
259.02253
264.14180
11.89214
45.63836
45.15809
47.58694
64.02791
75.80222
96.31350
106.57592
120.57749
133.45240
144.11281
152.75040
162.23707
184.80758
185.94059
206.27877
216.59194
9.62244
26.43124
37.46623
72.88476
79.63018
83.17419
114.49060
118.36619
118.51908
140.55828
163.15434
177.06195
217.73825
243.38161
242.81803
245.62289
248.28126
9.31847
16.79985
43.04427
43.74247
62.54733
71.10718
76.26506
76.30708
82.51089
87.55237
92.84530
98.92539
103.69834
113.33589
122.02972
130.56159
137.92933
8.07211
15.26867
18.00145
38.84921
44.31457
62.45256
68.61390
83.88732
101.78755
111.60869
122.56152
148.42897
182.01262
183.40102
184.73288
204.80279
212.59106
1.93476
10.47567
18.29215
27.51394
30.34282
32.85244
53.48085
80.34345
82.48010
85.84432
100.01195
101.54097
105.48988
114.88543
127.86884
133.46036
144.27930
15.42215
27.26795
64.50555
93.93671
93.66973
102.50896
108.23025
121.19447
129.61262
149.44865
161.48955
162.53211
170.05463
170.58009
173.39378
177.50092
187.64471
7.66843
14.00568
26.39859
36.80976
58.05157
66.05579
69.09690
79.77009
104.47319
106.41578
113.20321
124.29928
129.35306
140.34752
146.60058
169.34939
171.61974
8.74005
30.87490
32.87083
36.56600
61.23143
72.66285
76.78160
87.85862
102.89945
117.63573
126.23597
149.72354
163.80656
165.00240
182.75846
182.14320
199.17207
14.21029
21.76421
24.50826
24.04917
28.07333
32.06514
43.38360
48.14154
53.41686
60.64705
72.22302
78.17476
81.85288
86.19240
96.49453
125.42408
128.43809
11.94285
36.30463
41.36203
44.85506
44.38179
49.08925
49.55039
56.73634
85.64259
94.33741
122.93908
122.94642
132.66489
140.50408
154.59787
171.29822
182.42718
13.73926
26.28411
31.66476
42.16093
42.83251
72.34706
87.55999
93.75740
110.43779
116.44183
119.59452
138.49663
147.32308
164.49417
165.34890
165.36370
165.54336
18.87147
29.31991
43.81837
54.82469
83.19452
106.85075
114.77692
114.91896
120.10895
137.93574
151.58354
173.58043
194.96785
203.97680
215.01759
221.51639
244.52930
16.79747
38.25001
42.61764
45.59534
57.85901
62.02523
68.38963
81.05018
92.11012
100.87680
103.94858
120.31205
120.30652
125.50439
126.84794
136.32548
157.58060
1.91042
4.94965
5.72696
11.21111
14.58751
33.69688
53.63280
55.65950
59.19636
64.89387
70.70732
76.35405
85.39425
99.40957
119.32067
123.05171
129.31146
5.94377
6.81240
12.58745
22.31595
41.62506
51.64655
58.24595
67.45413
71.32996
102.53951
112.15417
132.36740
142.56848
142.64139
154.74684
164.83653
164.59715
9.77210
13.58170
18.76355
20.04065
33.26399
78.10653
97.53896
120.21422
136.22597
136.53436
149.02213
164.37183
178.66942
180.12919
198.70892
248.54384
254.71130
4.19327
14.26448
33.21740
40.03858
53.04161
65.75839
71.88587
85.50562
90.33698
112.75971
124.64418
139.09901
140.66071
148.80843
169.98706
179.18476
178.15083
