4.25481
12.18524
17.94514
25.08962
25.25768
28.91484
47.21803
53.17698
57.63039
68.48027
71.91198
73.95455
74.58435
112.68839
125.19913
130.26683
135.41392
139.08651
146.06937
154.73757
157.97682
160.02213
5.98767
18.04963
18.60596
19.71824
27.00441
27.81092
31.53267
34.88688
45.79519
56.09790
60.72157
70.56076
84.90978
89.09794
94.05380
96.47359
102.85222
106.85216
130.25443
141.17170
143.96306
150.50309
3.55321
7.85555
15.73839
25.47141
36.14420
44.20206
45.72468
50.43692
54.87833
68.28347
78.93346
90.49390
92.28741
104.53569
110.53803
124.87697
125.33440
144.30518
148.49502
155.33414
175.49991
187.34113
14.25918
26.00214
28.61282
41.26289
45.64578
48.05313
53.85130
55.70307
55.85546
62.69078
67.61486
67.78383
77.22154
90.60328
95.14520
98.73799
113.34756
128.35478
137.02071
138.45610
149.98894
163.26547
3.25138
4.74363
13.77924
16.54749
29.02733
30.31123
30.59624
31.49216
40.56983
45.61400
56.99601
58.33288
59.35737
65.75269
70.97619
84.46900
97.22768
101.22181
104.25761
105.19420
113.48713
116.98090
12.57892
16.76367
29.44720
34.86645
48.13030
50.18645
59.75357
67.23960
68.88041
76.45080
80.44546
83.60571
90.48876
100.08099
108.06560
117.08933
121.23018
123.45217
123.79051
133.42586
147.73210
155.48522
2.15364
7.69104
15.18256
18.12354
26.83821
31.13510
38.45476
42.78510
45.06045
48.95714
53.03446
61.82315
91.26449
95.89148
107.28018
108.24897
122.20701
123.41910
137.18078
148.30259
157.78400
172.54784
9.94805
22.06100
34.93866
44.53371
50.20980
59.62374
63.03440
72.28186
80.11301
86.41407
91.78270
101.22580
113.74896
123.89765
136.01797
145.22532
149.45223
151.45269
166.80811
172.13439
180.79383
191.02638
10.40505
14.51692
16.93667
25.97311
31.54817
35.80449
42.18867
56.59098
67.57753
71.33210
79.58358
83.97952
89.40971
93.42345
93.62877
104.34758
108.24922
109.88908
122.61323
124.37364
126.62148
127.36282
0.31235
20.04810
27.71440
40.97217
44.96340
47.22914
59.47589
60.86993
62.36474
63.19544
66.15504
77.24945
78.49086
100.11481
113.76969
125.08556
133.44276
160.91529
184.87915
188.53859
203.95444
206.65737
3.28912
12.53422
13.65471
15.95503
20.80135
24.61726
41.51098
48.50986
52.95403
59.94246
84.57292
106.43916
109.28185
114.37469
114.42113
134.24101
137.13749
150.27384
152.07953
155.32481
162.30903
164.55863
5.18270
14.61155
24.88791
29.37066
35.18445
40.64629
43.45691
47.63746
60.43513
68.42163
69.10072
75.71066
76.69993
77.91994
81.95030
84.05276
93.98562
119.78773
129.33266
136.68047
145.18789
151.69066
9.97805
13.63808
19.00691
19.66158
28.84342
40.47364
60.36441
74.94921
78.73140
79.23088
81.83499
82.39155
96.24285
96.50081
104.85893
114.68368
126.98969
132.71009
140.82794
148.36920
157.46878
162.08308
4.91301
8.31059
9.16129
23.80578
26.71606
47.22728
49.08539
50.28999
52.00565
71.76499
73.48537
79.78523
92.05079
101.99283
104.98389
109.74903
118.26995
120.53759
124.08964
131.00318
138.11994
143.57125
1.31197
12.43618
20.51566
28.64558
33.10107
36.02975
51.09497
60.18090
63.28597
65.52725
71.10442
76.70247
96.95630
100.86510
103.58146
106.06146
108.35782
115.90113
140.03791
141.62582
147.54337
155.19549
5.93787
15.69589
16.48271
24.09090
37.83726
39.91351
47.50628
48.30972
66.74640
71.55459
74.38411
82.62087
90.85640
91.69349
94.18434
97.08852
112.14046
118.42295
127.65318
141.88332
142.24224
157.79971
6.68554
13.33361
18.56307
20.80571
33.05786
36.78039
40.51916
41.29993
45.37321
50.78969
57.39761
72.75661
76.79431
83.55421
90.50147
97.70773
100.68436
110.16009
114.05036
161.27924
176.71796
181.44161
2.81969
4.37945
5.15294
18.01239
23.20265
36.19985
52.52005
58.11622
58.69376
87.94813
88.48051
90.86590
100.84717
111.38261
116.69894
117.88552
120.30025
127.86310
137.78935
143.51654
148.82711
162.86660
19.92808
22.62842
25.30406
38.68048
41.08672
46.54680
47.27278
74.93355
81.68064
93.23607
97.22641
101.96643
119.30745
127.73770
128.21959
132.46699
144.54540
145.62557
149.18351
153.11919
157.56929
157.61453
10.45606
28.73087
44.39828
49.21533
65.43537
67.40785
71.95638
77.60028
84.05263
105.97121
120.22755
125.62425
134.19088
140.19515
153.27817
158.44545
160.29299
163.14781
180.12919
194.36335
194.78504
205.05785
4.60464
8.80471
11.10575
13.16504
22.18467
24.71399
30.05017
36.99515
40.19156
45.18281
62.98731
68.51339
73.10834
82.91427
99.87754
102.04742
113.15541
114.18758
120.86910
125.29156
136.76686
136.82659
20.98152
29.83150
32.29803
37.36524
42.85300
44.67143
65.15089
66.33540
72.13054
78.30712
79.59317
87.34241
98.71934
102.31865
104.43901
105.87878
108.01637
108.28752
122.32499
125.16241
134.11076
134.13128
9.15088
18.13104
20.81237
22.93804
27.77871
28.22489
40.90793
51.76010
59.03755
62.08829
77.74721
82.45162
89.43207
94.32994
95.34013
109.00560
125.30445
133.78094
141.38793
143.43150
149.99852
177.18985
1.45545
12.09842
16.89336
17.63481
19.27322
29.72869
40.62685
57.84908
65.88178
73.50583
77.50360
83.63921
88.28350
99.14400
103.40003
103.51287
113.78188
115.91514
117.34753
121.66836
142.06243
146.56501
2.05586
6.70353
10.98239
17.66773
26.33457
29.67552
35.14961
40.13048
42.18970
44.01636
51.39948
56.72987
62.27184
75.46868
99.11879
106.23194
108.87649
109.97644
117.42831
137.86397
146.08818
150.95208
7.11842
15.02980
16.50061
24.31258
37.72160
53.53538
54.92165
59.90215
65.29838
75.45942
78.26397
102.23336
120.43855
122.73969
124.89925
131.80832
134.23589
137.79713
150.46915
160.13987
169.46338
173.26153
3.87777
13.01661
14.40522
19.97157
30.96187
39.50337
53.63410
56.71648
59.10793
69.57948
77.71933
81.07896
87.72923
105.05295
108.92984
112.16084
112.87842
115.62128
122.30363
123.91545
131.98932
144.95548
1.93379
21.02255
22.53046
43.25818
45.95301
60.30646
60.89442
63.24096
76.79869
83.82413
90.11798
96.14595
101.33210
110.51867
117.96690
123.01107
125.44145
127.99796
144.55927
148.71063
151.06019
151.53859
8.05565
13.48436
19.11886
25.58650
27.89211
29.50812
39.00714
46.57687
55.65512
57.25766
68.57153
72.06342
78.98728
79.85216
89.75286
104.66225
109.35353
116.44821
126.93408
128.69238
137.01527
140.46892
5.04812
17.25751
31.36208
40.39917
71.52609
80.12733
102.59986
106.21663
111.78601
118.34906
126.18623
129.25598
135.57011
141.13630
148.56114
155.53407
163.48559
168.85203
169.74225
175.98273
176.58116
186.30397
2.47863
11.97866
21.39244
30.50038
32.44506
38.31320
43.66665
50.31350
51.87542
55.22641
56.29538
64.14964
72.33049
77.31774
83.32361
91.33532
98.61142
103.17170
108.15434
130.92444
140.61409
142.61412
0.38001
12.45951
14.98538
29.53044
39.25852
41.88666
46.18536
63.19177
64.30247
72.88952
83.27058
92.75783
100.96579
105.32711
110.08912
118.86400
128.12952
131.08392
135.07728
153.76609
179.95285
184.43799
17.98057
20.44914
31.15621
49.21447
58.96191
62.67565
88.49647
105.19279
110.30196
112.29550
119.27049
121.33766
129.60924
132.53998
133.63544
135.66826
140.51417
144.01794
149.50473
156.30818
162.25154
168.39582
2.03429
5.93269
10.59271
19.08666
38.08620
55.98303
61.72589
63.70149
74.72466
86.14010
94.72807
106.14498
114.68372
123.25052
132.68286
142.61748
160.42320
165.62687
176.13929
180.97231
182.18013
185.58219
13.88612
20.56895
41.72654
43.35341
69.79192
72.72192
79.58312
84.99315
92.06109
100.01620
104.07874
110.14766
112.07772
121.55132
130.59965
135.11698
154.13401
160.00016
167.86111
174.40983
182.94654
186.93817
2.43508
10.94876
17.38638
18.58805
22.83607
23.50876
27.97496
33.78523
40.52679
58.87726
62.30521
65.31060
72.84183
75.26688
80.58329
82.89770
87.75809
93.12167
99.07062
101.42449
127.61090
132.04716
3.49707
4.36161
14.80575
21.60445
23.71276
27.35409
42.04289
45.37126
58.96523
59.81865
68.92646
72.31380
79.79692
83.55642
92.02308
96.86687
100.83181
111.15792
114.44195
127.92067
148.98392
151.93811
3.45516
7.39334
25.59215
37.76489
49.65887
50.79898
57.77958
65.61747
74.06983
77.79843
85.33342
94.31285
98.30070
105.81170
110.11123
111.30151
112.52314
129.53686
132.80980
137.92236
144.77867
157.71177
6.98928
13.28484
28.54010
36.47487
39.31955
47.14638
49.35386
57.43661
59.16616
68.48571
95.92855
101.42636
103.16332
105.13703
115.05110
117.13963
132.45597
142.45732
142.91783
151.40533
164.93272
169.01872
5.81308
7.98168
9.63411
18.66302
26.33886
27.02550
35.95056
43.74995
56.90636
69.00085
70.50157
84.75648
85.68335
94.50364
105.31134
115.89034
120.04241
123.49834
134.11025
134.72055
154.68560
157.59358
21.24665
29.33065
42.62215
50.37255
51.16000
62.84813
64.45169
75.50856
80.33507
92.95961
94.11292
105.22811
112.88981
114.11898
123.74502
124.20603
153.31806
161.41133
163.30045
167.93477
180.06406
183.53334
8.12804
20.61929
36.65993
39.96445
55.09913
57.89528
61.42899
66.78239
89.18644
91.76417
92.25748
100.31117
112.34560
115.42186
121.35897
122.09188
124.01685
125.76994
133.87233
145.78434
153.73928
159.89915
7.88874
13.07070
13.93011
16.41818
32.76487
38.25658
42.34835
50.75220
62.62227
63.23404
71.11705
74.15144
81.85575
87.11936
93.66063
95.24708
97.83203
100.38327
121.64608
124.33068
125.43576
133.96995
4.75126
13.57773
19.83165
21.87893
40.39264
57.48210
58.94559
66.36147
78.04355
83.44502
93.25611
93.89167
100.22807
108.26366
121.03647
122.80001
129.59222
131.15583
135.34351
136.03301
139.91647
153.82737
0.64247
26.86485
35.44097
37.00935
51.42334
53.05162
55.69689
58.87105
62.57547
69.51409
77.89651
80.46051
81.66948
89.54852
94.47349
101.51954
110.87799
117.70594
124.24341
127.31746
137.44907
144.80220
3.40373
11.46713
14.74123
35.53201
52.91195
79.00224
79.48414
86.15109
88.18038
102.28089
106.21703
114.35799
122.00988
127.83846
145.53370
149.02714
149.68797
157.15520
167.92304
168.39702
174.98816
175.82195
17.77914
22.08641
25.93609
31.94692
32.96326
40.27005
45.53225
51.66076
53.96100
57.65006
59.11795
67.71958
79.14937
86.76377
98.07676
115.99013
119.11562
124.07417
131.16051
132.34005
132.76331
140.59005
4.16454
9.91504
13.81150
18.20312
27.21312
33.98716
34.61934
46.74450
66.78931
77.65739
80.38947
95.17579
104.74220
108.43586
113.11446
118.82396
124.34670
129.02825
139.86966
141.86139
161.70132
167.21965
4.55449
12.92514
16.99607
51.48570
73.48409
80.72013
85.41911
90.71593
91.35792
94.91234
100.02793
114.21422
126.24309
128.67178
131.57511
140.27371
164.02162
175.13773
184.34698
185.65729
191.28422
204.22802
4.82125
5.95954
12.07998
22.60082
37.90148
40.99362
42.77076
52.36360
58.70696
62.29306
65.08258
71.27394
73.09124
79.27604
90.47001
103.32026
108.45847
117.97890
121.52206
129.84750
133.60032
134.95287
5.29306
13.36904
16.97134
24.16213
28.26333
32.23244
41.18432
47.37001
47.47157
49.12343
53.98297
65.96305
85.42320
91.65621
98.53920
112.81860
121.88904
128.54100
133.53394
135.03025
141.34851
146.99369
3.55082
13.09277
27.26690
32.82561
40.59701
48.77460
49.42956
64.23445
68.27732
79.99889
83.62068
94.39983
95.01965
96.31245
106.02531
106.67036
125.28241
131.49186
133.96918
152.17371
155.94440
168.44266
1.95571
10.09715
22.36769
25.65297
29.27851
40.75391
46.74678
59.59325
75.23785
79.55403
81.81097
83.33741
93.94933
95.70996
102.74577
115.41096
121.27630
126.13318
132.97994
145.72525
152.90467
159.86740
2.73895
9.12922
19.02428
19.30526
26.30718
32.91308
37.03319
41.63801
61.55733
63.16144
67.15304
67.87197
84.12871
88.19228
95.14258
105.92793
106.35354
107.67079
114.64312
136.19531
151.73599
156.74875
11.67104
16.20278
23.38015
25.60319
27.07232
40.05035
45.28263
46.60169
65.28413
76.51059
83.66951
90.67455
91.73655
95.02750
95.05009
98.56121
100.90714
106.78924
107.51186
112.96600
118.33859
124.46988
7.66336
27.06789
41.20332
49.33658
62.90251
78.20774
82.67849
90.78683
94.18526
104.90852
109.07530
109.75777
137.37240
158.29960
160.58750
167.94987
177.26446
188.01995
191.20732
196.45317
198.35982
222.70331
5.80240
9.93585
32.33300
33.73327
34.11473
40.89034
43.55003
47.40477
47.92667
49.88428
51.68091
56.55257
59.29885
68.53101
72.46708
85.73867
101.32199
112.86445
115.66216
118.11947
122.85228
131.13286
8.40250
10.85531
22.18612
27.03831
30.46111
36.55621
37.49679
41.59338
45.41975
46.55897
47.25140
52.75873
56.58911
62.35931
66.15080
74.98552
90.35186
102.19102
107.67161
113.32295
125.97146
133.13223
22.44612
28.45364
32.85379
38.78325
45.38969
64.09748
71.06675
73.24275
78.14414
83.47605
85.81977
116.86872
123.24246
124.04259
143.88906
146.59176
161.65218
170.06632
177.35686
189.77120
201.85785
209.23388
1.95314
26.76752
33.01570
44.12189
49.96342
56.20802
65.12431
87.85077
97.74457
100.64073
109.22943
114.65859
115.13916
119.60584
123.12457
124.20782
132.01869
138.46259
148.55859
154.61926
158.13653
162.21277
2.37074
16.09673
18.31324
24.07654
36.47211
38.11156
49.12239
51.29423
54.03551
57.42157
61.38293
61.76803
68.52619
71.95579
73.89934
80.22377
106.59171
122.17066
123.19029
126.79786
137.90380
161.86753
21.93549
32.42358
42.41785
44.49554
49.73243
57.59968
61.97155
67.15317
68.27032
75.57742
92.46221
111.36945
114.91084
122.01313
125.64203
131.38809
138.61858
151.62551
158.20865
170.26819
173.74018
184.16530
5.71481
11.44487
12.16230
21.27050
33.84192
34.68229
36.45057
44.23328
57.70356
65.30529
85.50591
95.39077
98.00196
103.59273
106.38639
113.07894
116.73717
133.06266
149.96582
152.94911
154.59599
158.59985
1.52064
9.11903
19.44509
23.22330
40.94019
57.77203
66.64968
73.61378
89.50317
105.66129
114.07590
119.66548
123.13342
126.26759
126.66477
127.29827
129.34219
133.18706
144.98205
160.32144
167.89461
180.14118
7.56999
23.58332
31.05691
40.46300
42.78381
47.96904
63.22029
67.81967
70.29467
73.33433
74.08722
75.14674
77.33021
78.22514
81.71914
84.11173
90.65427
90.90358
95.16771
98.26667
99.76380
106.96051
3.93804
9.85077
14.67093
14.79846
17.82041
19.52336
35.70171
47.44204
56.54607
80.63172
83.73480
89.32771
96.64158
111.40411
122.57035
126.03636
132.44237
132.74285
143.22042
154.82799
158.48925
159.05203
1.76121
12.04172
13.36118
23.48729
34.51573
40.86253
60.52253
62.40456
66.99166
85.05731
86.65216
90.55773
102.40217
107.66439
119.05226
134.02865
134.86145
144.95750
155.31182
158.56446
171.02210
181.99715
2.29680
9.65225
17.82637
29.07192
39.97390
47.64504
50.39491
53.28952
63.28339
72.80443
73.66965
74.26861
76.98664
80.25102
84.26991
101.56411
108.45388
113.68619
117.42300
122.13333
122.80784
137.94085
3.21058
14.22725
18.41495
28.18419
39.04219
40.97132
47.82239
52.48965
57.17682
62.86871
64.56749
65.32461
72.58535
86.19209
93.24936
100.25727
103.05745
108.15149
109.86230
127.93835
142.15605
151.95034
11.84180
20.36085
20.78542
21.21247
32.82301
38.72225
42.98027
48.53988
64.38459
83.44894
92.37546
92.57673
94.16105
95.43472
96.96417
99.87633
104.55131
138.15599
144.37336
144.92131
152.12030
158.36110
2.73873
5.80057
11.68576
20.96708
33.64864
36.71458
40.64841
47.77261
62.79462
77.41299
90.03476
105.77248
109.09646
119.14324
126.92550
128.78912
135.83217
144.13999
147.56807
156.73330
165.98672
167.86224
14.37283
15.86771
33.63876
46.07372
48.43233
53.12519
56.99190
64.23590
66.30934
73.91276
94.60079
105.27945
114.37207
120.63156
129.76984
133.69007
138.50942
141.25760
145.25160
150.32644
151.45953
155.80061
5.36395
18.92722
19.58453
37.77284
43.44532
44.27410
46.13274
47.98705
48.51536
54.52365
66.48802
69.82984
73.75431
75.46041
90.34364
99.15342
107.85704
108.28790
110.80764
117.10193
129.73234
136.50238
1.99539
6.72543
18.29356
22.95049
27.97423
31.61773
36.43829
37.14653
38.24145
38.53849
45.49402
48.49228
63.61315
66.18996
79.29993
80.59422
95.27198
96.27649
108.34803
112.19523
120.82020
127.26181
3.17377
12.17912
26.67383
42.23568
44.44194
56.50858
60.38446
61.03799
63.69826
74.87567
78.83356
79.84450
96.76180
99.48517
101.26362
112.70334
120.97370
124.90032
125.79432
126.04767
139.53289
140.75562
3.37553
14.21061
23.14291
27.20186
27.80935
29.89997
31.06238
54.82553
58.70449
68.08108
72.54109
94.81354
99.05365
109.79299
115.85855
119.38658
120.55941
123.92052
128.79642
138.16175
150.55682
162.74721
2.89523
10.06340
19.63422
32.52137
36.97295
37.75880
42.23243
53.72272
56.70293
75.82982
96.41459
102.77817
108.50781
108.96645
124.27961
134.35968
143.37500
144.98600
149.55035
158.17561
164.20950
171.60266
5.96263
34.84928
43.10747
55.87567
62.03643
71.32616
77.48208
87.61891
104.44682
108.33671
112.97779
115.76615
132.18767
132.36324
135.31621
142.52673
151.26678
154.37079
165.79680
178.83586
180.67185
182.71977
7.05356
13.30495
19.28500
28.22355
43.26019
45.74704
51.38448
67.19892
68.93590
69.60031
71.11018
73.37002
77.28823
81.97843
84.82817
89.55828
101.74299
115.47922
123.70658
137.13819
137.60554
139.82504
7.72623
12.87945
19.33840
28.30972
47.13381
51.81272
69.10544
72.15543
73.67270
87.35010
89.02927
94.74703
140.43035
150.80701
153.34957
154.79811
172.50058
179.47036
188.20739
192.60220
201.87006
212.70979
12.18757
13.09109
22.07336
22.75296
25.36819
39.36301
46.16415
52.47098
53.96757
55.51327
59.59714
60.55545
63.25914
76.86234
78.07911
90.72226
99.87830
121.58616
128.91120
140.40989
146.69057
151.32220
3.29927
7.45131
25.71616
39.73811
46.12410
51.29479
57.16928
59.96212
69.12676
70.05553
73.27933
76.97928
77.64027
82.49537
103.02213
104.27303
121.49500
128.78894
129.72123
130.91292
140.77766
150.18225
7.89588
10.79013
15.96661
22.84974
30.21410
40.59986
58.04971
58.28978
67.92449
77.86524
85.54465
95.09454
95.41483
96.47240
108.56317
110.50401
111.97314
115.37021
118.64444
123.03122
134.76436
147.86642
17.32027
18.03232
32.45699
36.59034
38.19971
45.94184
47.16064
54.22930
60.00076
63.22320
76.35475
95.59969
106.27419
114.05461
120.96579
129.27696
133.41432
140.25217
159.00951
163.42893
171.11662
183.84755
0.96717
5.47663
8.27896
8.67140
17.83054
23.15680
29.77437
33.49472
34.24056
71.76976
77.10750
81.41205
97.38386
104.37725
114.85719
116.65532
122.00929
122.11313
140.28867
145.45119
145.81608
157.94956
5.77784
11.31202
17.74157
30.74888
39.61987
58.19666
68.49338
72.46930
74.26383
77.89068
79.87682
88.76009
99.72175
104.71829
110.47294
136.76818
147.84365
155.34604
167.70340
168.30848
183.99449
190.50755
2.54406
14.10550
16.25453
24.57701
37.38192
53.12197
56.96884
57.95855
66.36462
69.29915
84.01969
90.06577
93.77106
96.59008
97.42863
98.08683
100.70151
102.77281
103.82343
104.59093
119.42537
129.19391
4.89413
8.74737
15.74286
16.79683
20.25553
25.43937
32.02966
38.85169
39.91877
51.76304
52.71474
69.02172
69.98251
71.51741
79.98981
85.56597
85.85404
102.86534
113.26422
116.30447
116.62051
125.49249
3.05522
8.69340
11.80427
18.53311
21.29890
27.42869
35.80706
40.74119
45.21166
72.39236
78.18152
92.49510
94.30066
97.83871
113.68904
138.61905
150.51453
154.92537
161.85127
162.44446
182.01016
182.93540
3.94851
7.27092
22.86753
35.90838
46.84550
56.07756
70.02134
71.23190
72.76057
79.21674
81.72132
93.96934
98.26899
106.15343
112.52702
137.28854
144.82307
150.16567
154.99351
156.69382
173.49975
176.00128
8.97346
10.89333
12.78623
27.34821
36.70952
43.47210
45.17576
47.97156
54.04361
58.34471
67.62561
77.93983
99.88740
104.30513
106.79175
110.33984
127.31847
130.79423
132.84764
144.77995
146.58746
156.63335
11.69731
19.74824
26.95370
29.22131
35.56448
40.45630
50.13673
55.83207
60.26113
69.50962
92.61846
98.27470
114.12100
119.29380
127.04498
129.22333
135.73780
145.66617
154.18411
179.23652
187.14983
202.50127
9.57851
21.10920
22.02780
29.39873
31.46239
34.43852
40.53482
42.13227
44.19365
45.29358
51.63569
57.98885
65.56022
70.67405
84.65056
99.26406
107.58490
113.62074
115.30819
126.64847
130.37172
130.37178
7.95781
9.39170
9.91724
11.48946
25.68775
29.68059
32.37718
51.50133
53.46407
71.48577
75.37713
77.69950
85.95561
92.30130
95.65220
95.73865
105.68818
111.72522
112.03466
120.09742
135.08009
141.16447
1.17352
1.47918
12.04516
17.72264
30.55448
34.82373
43.13014
46.37956
57.11645
64.32963
73.76671
76.65062
82.83548
86.68188
88.97508
89.33688
95.53157
115.98849
116.28449
125.20753
137.29758
142.85891
3.71945
7.15680
10.26182
11.96756
24.48008
35.59431
39.26424
41.63758
64.16757
74.87719
76.94215
89.83729
90.66637
94.18292
94.88246
94.91629
116.09110
122.29548
125.63258
128.98729
136.87129
140.72865
29.45906
36.75746
55.41982
58.79417
63.72339
64.99864
65.42823
73.51463
86.74557
88.24433
95.57634
96.45635
107.76615
143.60197
144.50879
147.53601
158.89615
164.13119
172.65106
178.48091
185.44164
194.00949
15.34764
16.81094
37.71963
51.33450
54.74337
61.48206
66.37265
75.31048
80.52212
93.18885
127.59647
130.16241
139.95326
151.74780
166.97173
173.99885
177.12978
177.30740
182.59851
193.25513
197.64646
211.95233
9.32023
25.41844
33.31359
35.74713
40.29963
45.17037
46.11090
62.42445
76.86865
86.64254
88.49041
93.78004
94.44120
100.35323
107.34438
108.78017
123.10005
144.07238
145.64817
152.18396
156.26892
156.48741
18.55865
22.32200
25.20504
25.93496
28.73176
31.73977
36.46067
40.15017
47.28528
49.03995
53.68702
58.20978
60.74474
62.92299
70.17969
73.53703
76.12870
77.07321
84.78244
102.01508
124.46164
138.70350
