3.40509
9.08428
25.15422
33.08532
48.48039
52.92558
73.29899
79.17702
82.56128
94.00482
100.47267
118.61293
127.36841
137.93054
151.97589
157.99198
171.15450
176.92756
184.63359
193.54254
10.08555
22.64010
33.39522
44.62953
76.92653
91.55474
104.18736
111.22450
113.22519
119.66077
133.53786
167.25865
174.94214
180.04192
196.90980
205.54612
240.66904
249.72950
258.91283
264.43954
17.52339
46.84711
50.63968
60.24824
73.99740
103.24120
126.98295
152.53805
169.93914
200.91499
207.62244
212.64915
226.85500
243.96538
275.77778
285.09244
294.35439
322.03804
351.37140
355.96350
13.44646
15.52989
31.92808
35.13941
53.26731
76.08855
91.16042
112.19712
117.89562
132.59582
152.80564
177.09257
191.15646
220.18701
247.53732
250.28566
263.16964
283.05726
305.36968
338.83024
28.48797
31.16846
47.06346
60.10476
79.75447
96.56496
118.90530
124.14220
125.50390
130.91048
150.36426
164.95361
188.61110
198.92851
210.81293
229.49674
244.98297
254.64353
260.50629
280.36899
13.56315
18.14382
32.98171
34.15884
49.56392
82.67018
98.97982
100.83254
107.42096
113.25932
120.06132
124.49313
131.79106
146.42577
160.49031
167.69811
192.18977
227.49851
234.83706
249.63723
14.36722
29.92801
62.48291
108.51146
116.74858
127.70331
130.17387
163.99011
173.88193
175.09678
183.11235
195.64795
210.34165
217.64331
232.01999
239.69919
249.81494
264.38613
283.26815
290.39037
22.61051
42.80308
51.51884
67.19693
70.51098
87.96149
93.76100
127.87549
133.11515
141.78393
148.73079
166.72591
176.17648
184.05178
201.88150
228.91965
238.46080
250.42417
266.47321
267.40109
15.88200
32.38327
51.71243
84.28849
98.69834
115.13722
128.64029
136.82899
144.59261
190.58890
213.65181
221.41233
225.57731
263.29631
290.50502
302.84907
312.44334
328.35677
332.88722
343.48512
41.57439
59.66708
74.05733
105.43913
115.70938
136.72032
154.73171
157.81148
179.00743
189.30520
207.80767
215.93430
232.40662
254.73968
274.46131
283.13401
301.46346
309.75332
330.37789
336.44137
14.00022
36.47958
49.25269
68.24183
85.08291
91.01204
103.56033
124.25539
143.58312
153.35926
162.78220
177.13282
192.99996
210.29167
214.91389
218.94377
223.31445
242.58759
250.50665
265.65536
11.91202
19.09172
24.56815
27.29211
41.82201
62.17774
105.42401
109.53250
116.96551
127.30858
147.02182
152.32759
175.82300
238.68374
246.32610
259.19279
283.12542
304.21498
309.23687
333.69574
11.36538
14.31069
29.16283
33.81998
38.47682
64.33419
89.26321
106.71183
119.86544
165.34132
195.66333
202.13770
225.80012
286.91672
300.38649
329.54543
330.14907
355.35237
364.06432
420.70415
9.97467
13.82259
32.24292
41.41772
48.70953
65.00535
69.33648
84.22372
85.75841
88.97080
108.27475
112.49364
119.84957
126.84311
135.97949
151.75785
171.06746
182.50086
202.24305
211.07251
26.64784
39.42541
65.96532
68.29183
70.72036
110.64946
142.45965
154.24582
167.41144
185.79334
197.13548
215.60756
241.12222
249.22089
255.40028
272.65307
287.69854
293.86386
313.75742
332.64496
5.67581
12.25089
18.30518
34.78594
55.44281
67.21431
82.80915
88.42192
107.31688
119.24221
127.17251
136.73738
153.45841
183.68702
190.75093
211.35908
216.84092
226.78635
232.10088
255.72386
5.09321
30.86424
39.40234
50.27516
54.67288
75.97336
87.64025
94.65642
104.70886
121.86510
136.37669
162.26429
176.57190
192.49048
198.87071
200.80706
212.43680
216.98630
225.14463
230.94095
9.73657
60.41975
85.63506
120.48604
136.13236
138.87413
154.04121
174.78517
192.16089
201.99720
223.90613
247.42411
258.08566
276.91662
301.17887
311.09497
335.55882
346.93148
373.33613
376.37048
11.99578
19.39399
32.77063
49.45271
54.79186
67.83075
84.68857
88.72101
98.92380
120.46240
130.62518
163.47669
171.18440
184.39619
192.97012
213.82434
230.01943
247.88179
254.71474
263.07154
10.49045
24.11218
52.43650
61.62015
73.88107
84.08787
98.47938
126.02714
137.40145
153.02835
169.87870
183.08923
220.28696
260.27817
267.67490
282.12175
283.65001
299.73945
326.05742
336.51492
28.81520
43.30888
55.43597
59.09401
71.56520
77.86231
89.77381
98.01363
111.41237
127.89700
142.92933
147.67016
186.54638
192.18132
217.34348
222.37490
233.62836
240.56555
274.61592
281.72628
15.36514
21.45957
45.99053
66.82475
86.30926
96.73514
119.05343
129.30362
130.58139
142.77677
159.51486
194.30374
229.49049
245.31759
263.55858
273.87728
289.07263
313.85601
325.73404
342.15971
25.19144
39.12101
48.15377
58.11361
79.77600
86.64494
95.23398
107.34285
115.85409
131.07120
166.97106
187.46785
195.89215
211.10889
222.98129
238.52617
256.62844
278.99125
289.73508
294.73754
5.25677
28.97002
41.04793
42.77154
52.06749
78.32455
87.94377
103.98359
112.67662
147.19397
189.36411
193.24387
206.76120
211.06442
216.57552
235.06594
239.10947
257.20121
276.69644
284.42722
9.72109
12.85723
35.08024
62.23210
77.17777
89.55388
94.75908
99.91067
104.98078
118.70763
139.54373
147.61920
153.63798
158.91511
188.17895
207.07020
219.24368
237.01558
280.65849
299.01512
10.87598
22.90582
38.88667
47.70604
56.26729
68.32830
78.66076
90.94702
103.58541
122.06475
142.59111
171.11867
178.31141
186.97567
214.72748
226.98179
232.78222
253.51344
282.89730
293.25067
34.83509
39.55932
71.58022
86.75332
101.10841
128.47631
134.08465
137.65713
158.35670
172.25382
186.33181
220.41160
226.92365
230.99679
267.19588
288.16652
295.36861
311.38537
317.70731
319.76102
19.33804
45.08242
56.27477
85.59080
99.86617
108.29820
111.31650
127.95708
138.30015
145.04642
148.84445
162.22513
178.32911
197.70306
203.65519
206.11136
214.89175
223.25619
239.35600
256.94649
4.06783
19.49961
31.78258
76.75328
94.79544
101.64723
107.85481
114.72168
123.24709
128.82767
149.86508
159.68796
176.87503
192.56191
205.49688
210.37243
223.96455
229.99891
254.21743
285.34713
19.60779
27.48252
48.97313
52.35886
56.73632
71.39462
96.59001
101.40741
103.04566
121.82005
134.87072
158.97648
167.24133
172.25689
176.27348
201.66699
204.06825
213.33847
226.02133
234.22275
8.11529
15.71541
38.41286
46.97086
64.89081
87.43856
101.99767
118.39721
128.06228
136.41484
168.25904
181.54611
193.33352
229.04365
239.96854
260.23279
290.93417
298.23557
320.45267
328.04480
14.45686
22.58343
38.49763
46.03475
64.86211
79.05976
88.09931
92.94323
103.08920
133.62442
153.77102
165.86023
188.31526
192.22425
204.57039
216.30235
227.45932
248.41880
253.06056
279.81625
20.06575
35.39194
52.23977
62.47559
86.57105
117.64182
128.82992
129.82480
141.65650
158.08600
163.88754
171.84671
201.84934
208.91541
217.95153
227.46774
241.49949
272.93617
284.88731
293.35589
13.61208
40.48721
56.01856
72.72296
81.90650
86.71489
103.70357
118.46898
137.83672
147.85336
157.75082
192.46890
220.19589
234.34399
244.96112
248.10410
268.44618
307.69153
322.85025
338.60226
8.84685
17.76802
30.27772
61.42694
69.66413
84.04313
91.73864
105.40079
115.62541
120.67829
144.24996
164.47895
190.96980
201.41396
213.42403
243.11988
247.35599
250.71259
264.58109
267.70322
3.61906
19.44860
28.95947
37.42979
51.88387
61.50769
64.81714
75.90501
94.90343
100.86618
121.30974
137.24562
161.04750
171.87313
183.37103
196.99454
216.93267
217.69840
245.47263
255.70731
3.73083
5.20331
15.27815
36.85144
65.41269
84.04034
94.91453
103.19553
115.00417
120.80148
124.25655
131.14743
155.91189
163.62796
169.43995
188.93102
196.11327
205.57824
210.14756
228.01902
20.38812
27.90151
51.92740
65.60353
79.01895
88.96101
98.40583
111.45875
134.84884
136.96606
178.02745
186.96284
211.78934
218.31760
222.16627
232.31347
248.32503
258.48713
281.92551
299.25022
29.79520
44.09475
49.27306
68.79702
74.67447
78.91558
84.53618
97.71461
120.77538
126.14474
140.96547
156.50252
164.99457
182.92459
203.10939
253.40362
264.65111
274.50153
279.77060
302.74470
11.87873
23.64835
32.06153
42.08665
58.93946
64.55680
79.93917
96.24749
107.44478
132.38663
147.77297
162.36034
183.86456
200.31653
208.05405
223.71817
234.97665
259.50436
267.56207
278.35429
26.02391
57.38588
78.89495
89.69443
110.06178
130.11258
148.45854
157.48682
191.15836
206.23203
210.92702
214.99444
228.81054
246.67378
258.17665
295.67664
309.85745
320.41123
332.28314
355.89401
6.99352
19.33418
27.53077
49.53544
59.39496
75.51009
87.26579
95.63540
111.80572
123.80190
127.24099
144.85040
156.72307
166.70528
184.46247
200.44570
215.71276
236.28679
249.86757
263.75109
13.69864
30.40967
45.04609
62.96608
88.18705
98.92189
125.37728
130.20425
146.16631
155.79997
165.14666
174.09614
194.65987
206.74491
218.90219
241.01833
249.63337
257.02231
275.96967
296.21948
10.84788
19.33326
32.40175
46.49515
59.68112
67.55757
72.87098
88.28857
111.31423
115.26173
121.76616
137.51186
154.48700
207.06606
241.56235
259.37234
263.90932
287.84593
296.56048
310.32854
12.04275
18.99628
30.90037
39.68922
61.40118
87.63956
108.78060
149.29876
150.01718
170.65465
180.17674
199.14781
217.79893
219.41239
252.22709
254.89128
267.27233
285.23376
296.87741
312.18440
31.71997
34.78363
51.04410
66.19670
75.48108
91.60688
105.86289
107.77833
122.70206
131.93551
148.21961
169.55964
186.28533
197.17971
228.52718
268.50366
276.49070
291.68867
295.71106
299.95519
23.50956
38.41249
59.65347
62.79214
95.04668
110.21348
112.31423
123.94256
144.41099
183.81830
195.40620
231.26238
237.08003
258.53139
278.54610
294.03107
305.22095
309.85415
312.37229
341.69754
6.93640
8.29926
12.83285
25.52249
76.42824
84.95087
107.19965
127.42876
142.15125
151.73358
180.18445
195.62216
206.02520
208.04989
237.01148
242.27087
265.58179
273.23451
282.39484
297.42438
29.27008
38.66674
39.70025
116.15644
124.77220
136.41798
154.45179
161.40976
192.60335
207.01405
224.47297
227.03388
231.03032
239.02583
262.80428
276.59561
280.57797
286.60271
300.79616
312.29923
24.01048
35.48008
43.52641
49.96991
55.92536
69.77983
93.30098
106.24773
124.64790
135.60118
143.06159
153.83798
160.97084
166.21981
172.22192
195.17928
215.88750
231.12219
257.00263
262.50151
22.64507
41.41252
61.39342
71.20422
77.34729
109.17605
117.67532
138.14118
140.63501
162.75570
180.08590
200.08690
210.92814
229.74196
231.77543
245.79392
260.11033
266.01765
268.83600
283.48159
9.70324
25.10395
40.01008
55.29966
66.28394
80.26079
103.16280
126.69442
150.30347
155.44731
175.92370
176.93258
184.69432
188.54000
220.17436
228.05824
239.13235
247.49724
254.25419
266.25126
12.86734
25.76096
47.18339
51.51042
63.63022
68.61644
93.80229
107.71897
117.58975
129.65426
136.92030
144.83562
162.82706
166.56092
182.54080
200.52237
204.76149
233.98285
274.01559
287.69608
14.40290
31.31777
58.87529
66.56359
98.55910
113.97898
121.61955
147.43922
164.34148
171.23571
185.42534
194.78332
220.96588
240.27427
253.96729
259.89759
284.61392
306.50726
333.05738
348.30798
18.73902
26.31672
51.68445
59.57194
88.73578
94.93038
103.92700
119.72414
129.60982
147.25288
150.00140
182.66256
203.48927
232.38183
266.56710
300.37170
310.78362
316.43348
323.67142
330.58853
36.33313
37.96787
55.96328
75.87961
89.29610
103.09106
107.55386
119.74485
127.46525
131.62318
134.03262
163.50101
172.90450
193.59222
195.27071
214.74536
224.34914
239.59746
243.07664
255.68281
2.34782
19.31861
41.99594
69.61344
91.51535
113.39026
118.21069
128.43787
164.41139
182.19565
222.13950
227.55955
244.45643
251.75639
270.55574
276.86968
300.55869
325.46633
333.71226
347.14459
20.50671
58.71102
75.78782
84.78502
88.99141
104.54602
113.46896
120.92441
135.43415
142.49320
151.66555
166.25978
189.21043
202.17396
227.23234
239.58829
248.95609
263.58902
271.55686
283.97372
13.81235
26.15788
60.78416
64.18045
72.30879
82.82908
99.31117
115.78093
140.34387
163.05828
178.72993
205.99234
228.43600
250.35571
267.26071
296.91109
306.14605
329.97715
349.17297
355.54391
5.99929
14.94485
21.87897
24.75034
42.72292
47.62567
76.39731
96.67706
114.36532
128.14775
150.88569
159.67092
175.08778
185.32896
217.22313
228.22014
233.91740
249.50388
270.99084
279.96212
25.98181
55.54464
80.16823
81.91397
110.67691
140.83723
161.69614
166.80534
184.93670
192.40387
198.72550
224.41757
234.06219
241.85843
249.52690
257.12428
264.85352
267.19311
272.89448
280.93051
17.22132
21.29136
31.11650
52.94809
64.78113
77.14944
83.78405
95.08864
113.85410
127.83023
133.30326
144.42464
154.74767
180.03549
195.96278
206.05405
227.13169
232.92469
250.39880
256.92174
9.70733
20.97693
29.67449
42.54821
62.90390
72.78070
82.22249
100.61572
106.35870
118.91841
149.04424
166.82263
170.19189
192.17617
222.08749
242.97634
269.73421
278.47713
324.92379
348.67725
10.43549
31.29405
38.79823
61.49039
79.38362
107.79993
113.95979
124.42377
130.07875
164.16952
173.86078
193.93002
216.34934
225.07126
239.27034
265.44158
295.32476
304.70624
319.40654
335.70025
23.22194
43.59829
63.91615
77.12307
88.15492
92.29606
107.87929
122.98392
142.00936
147.33243
148.63804
156.30131
170.85043
193.64794
198.80804
215.52173
248.96283
249.57867
265.01491
276.46505
3.95755
14.95108
25.18227
31.85435
41.32998
54.85478
78.19413
89.56502
102.15461
128.10606
148.31673
164.81168
186.96203
200.36829
211.37631
224.77278
237.41988
261.23338
271.71680
303.14220
24.04837
29.40275
57.20888
80.69688
92.16770
113.07038
126.04922
131.27225
139.08438
156.19439
167.63885
178.58980
205.37203
207.89773
228.75423
242.75272
246.75621
265.86109
282.20377
298.28418
22.83807
38.35608
57.29677
70.59314
86.17019
100.06472
128.81379
139.81834
157.39941
168.01983
172.11989
185.04003
196.72903
202.79264
211.55258
218.77540
241.74694
250.04617
255.81958
261.81301
16.03776
56.56888
66.60102
81.61333
96.74242
107.42621
121.10508
145.92802
158.70495
170.41309
175.46799
180.77525
183.07325
198.28465
203.91124
211.40631
226.01011
240.27299
262.43597
275.59626
42.20410
76.15310
88.75737
107.96346
110.54209
117.21818
124.45036
157.33086
165.53750
171.72246
190.09235
215.99962
236.89608
260.19128
270.91295
287.80034
309.74047
327.92373
336.23618
348.12454
11.12818
17.23884
19.83536
28.42389
37.84477
72.71061
90.14743
101.23500
114.18189
122.99514
131.18176
156.12739
157.26912
162.32967
175.54928
180.23760
208.61830
235.23147
246.78954
264.84766
4.72698
16.93356
27.77891
59.46164
80.90459
94.00402
112.23310
132.32842
152.42593
159.16529
180.03371
217.38399
225.17218
267.18440
268.05822
283.84033
320.25041
320.81402
333.19559
354.72048
8.28059
20.33278
37.43039
50.29771
61.75811
70.15310
89.67924
99.21829
109.16042
116.18422
143.65732
168.88813
185.40802
192.43060
205.39498
221.25720
229.66887
238.36688
244.56022
258.52627
23.24642
30.58906
46.78063
71.49379
80.55455
92.58969
107.07513
146.47136
149.97457
169.89766
175.71462
190.70347
206.00082
209.72202
223.30105
248.99756
264.23845
277.79573
282.11730
298.07477
3.82051
17.57069
22.75671
33.52923
62.78746
77.82316
95.23339
101.02772
121.44430
128.59469
157.05416
173.68852
194.97697
209.56376
219.03837
232.61738
259.57822
276.47292
312.53023
336.50408
4.55449
13.50270
22.96215
34.33952
53.71708
59.81886
62.74652
70.75455
89.69023
112.65579
118.43645
126.23872
133.93038
153.86266
159.09191
172.59624
179.87857
198.02752
222.70029
235.30081
13.88159
28.61042
46.75559
53.69947
66.21679
109.26306
122.33955
134.73798
153.57898
168.03227
181.78516
194.26632
201.24259
202.14118
206.45055
207.30798
215.67039
234.35334
256.90493
261.56972
9.28699
12.88644
22.87003
35.15999
54.88783
78.40019
82.70462
101.17220
132.15715
146.39113
154.16891
165.71559
175.18251
185.84869
197.17690
208.88149
223.49382
229.44679
254.79555
281.24496
6.61115
19.57830
25.91270
42.45546
52.44113
65.91380
89.75550
105.13564
134.10191
135.62278
160.92324
168.02423
182.89086
194.01703
213.42607
216.06406
227.88632
241.25997
252.59731
269.52845
11.98172
27.08240
38.68420
43.97842
65.76084
84.90808
97.64047
120.17758
124.68045
164.47276
198.85280
199.83995
217.06475
224.82133
237.88935
250.24888
262.32743
278.65313
288.43594
299.00965
15.76303
32.00232
46.14730
79.36399
89.00999
94.97681
99.42025
130.14132
157.96837
174.75298
193.05129
227.13133
232.78432
261.73809
265.18228
288.28384
302.79675
311.91432
315.56775
338.51644
8.96570
30.10512
39.38079
47.10816
65.93664
88.11535
94.83729
119.83602
141.39083
153.40669
163.18269
173.74888
191.44043
196.74059
211.51588
225.00025
241.08674
250.20185
252.38861
270.23293
9.81957
41.64123
73.41998
80.21620
95.35653
110.13104
116.80130
132.75554
138.01561
155.52949
169.66357
215.03350
228.10982
265.62087
273.38596
308.26647
317.70328
318.94441
347.04675
356.42904
1.58558
11.85105
21.32367
32.67819
45.66261
61.80932
71.84695
89.83655
114.49218
133.62049
145.80585
167.54255
174.78563
192.05871
198.06159
202.57762
223.33580
254.82262
267.87011
280.57489
41.81875
44.65989
50.43178
65.48150
77.76932
89.09806
101.06288
125.68916
132.31450
148.20727
161.68736
181.98403
188.13517
206.30801
221.31582
237.04084
256.38645
286.05610
302.95055
315.03759
5.50658
20.96557
21.27560
29.24494
33.28773
41.49206
57.06068
69.88854
99.18270
103.48592
119.06353
148.32067
173.06928
212.29473
218.16781
243.52225
254.56074
268.51779
271.66544
312.48264
6.73894
20.42926
24.67299
33.97911
40.46477
57.14896
79.57731
87.37246
92.61644
106.79910
120.42151
154.64119
188.96826
213.04626
235.07514
248.35904
268.69654
274.29659
277.51113
304.22344
6.61992
7.63063
34.95710
40.16035
56.96799
68.26051
85.71244
108.02307
154.87596
176.49534
177.65277
193.68018
205.63983
228.55425
242.11136
254.10410
265.99159
290.56761
298.35539
324.25342
10.12660
27.00389
40.58172
48.81522
66.70741
91.40518
101.46696
131.32652
146.40059
170.77187
171.59439
195.39034
210.46140
213.96281
233.25248
249.55198
251.74681
262.32208
296.37587
307.36699
28.94717
37.72894
54.52013
73.67375
87.03862
105.18458
113.36160
116.92709
143.19453
154.04435
160.36988
183.01749
190.31597
201.26281
224.62025
234.19455
265.64230
294.91158
305.02429
312.15892
13.32825
25.45564
51.64757
69.75948
83.84519
103.69301
129.90464
139.41722
144.23401
147.99673
170.76470
175.40719
184.61154
195.85158
210.71721
213.81983
227.59887
229.51139
234.54194
260.33239
10.96596
29.27528
44.29382
46.44706
60.46466
62.57973
65.86672
68.45642
77.54960
100.71828
112.18761
118.50979
130.84074
139.48849
159.77555
168.30530
171.24590
183.73683
226.54475
261.63276
28.90383
66.93581
98.96315
131.68204
142.57297
145.64394
174.72539
178.01767
191.95420
219.57412
224.73195
239.95689
249.92366
265.85783
278.99562
283.45293
290.67619
315.35044
322.47087
340.14437
9.46877
21.24835
38.92444
52.97359
65.53410
80.43479
93.09584
115.53647
125.11185
136.20789
141.42485
152.01388
184.29345
186.64546
192.60237
218.18860
221.60690
235.99686
243.39353
261.44160
20.10092
23.89630
35.93468
59.29513
64.52478
70.87298
87.09839
105.80265
120.51179
124.39104
154.01401
169.41372
181.13456
184.03836
195.57464
205.89148
212.97378
232.11374
246.42270
256.18140
13.40143
21.97494
24.68663
25.15959
65.08644
101.18953
148.73816
159.71279
170.36033
199.94938
211.59606
233.11019
250.11078
274.03526
286.28080
302.04119
316.81350
331.44273
348.51905
355.64238
15.39410
39.49237
59.09754
78.53562
88.47028
115.53354
127.67613
135.87861
142.54390
152.71611
169.66347
175.68534
189.72199
197.47985
209.58687
237.74110
261.83468
266.45566
279.86972
288.34177
43.08135
52.07783
70.57105
76.02793
89.96534
101.19735
101.59051
105.46321
121.47140
149.00526
159.87306
175.38994
204.50711
209.89314
211.50839
248.14196
250.42959
260.55059
275.78430
307.19512
31.87942
72.32519
78.32902
92.20744
104.31350
107.45971
119.04977
126.05126
145.63366
155.12361
186.32076
212.60192
223.74178
232.22342
249.43770
256.43768
264.93574
274.03345
276.98117
303.62221
10.54436
15.63216
33.02414
39.49674
46.00756
58.98792
75.35375
93.61161
95.90228
124.65578
125.67840
128.56109
133.87966
155.02612
166.88330
187.46312
199.71660
215.07052
226.75842
256.66577
