3.74006
10.43386
12.85136
18.62648
18.67206
18.84530
18.96319
19.07951
17.83584
17.95685
3.11777
7.25299
11.73433
14.21253
14.31302
14.46954
14.55864
14.66723
14.85295
14.96563
4.91570
9.79071
13.55211
15.51429
15.63893
15.72444
15.87559
15.93783
16.01993
16.19119
4.48928
6.97118
11.26912
12.85078
12.93016
13.06187
13.13544
13.26079
13.31762
13.35947
1.29763
4.68861
11.16274
11.27796
11.31160
11.49364
11.54564
11.69670
10.25284
10.33294
2.36357
6.86575
11.63394
14.67717
14.76609
14.89694
14.99482
15.12008
15.27319
15.43660
2.49878
5.04563
10.71534
13.45027
13.52922
13.64773
13.72951
13.80262
13.92448
14.00054
3.28611
10.36825
15.54069
19.25544
19.31450
19.34498
19.48736
19.58672
19.63539
19.73055
8.77301
12.42516
13.71543
16.21676
16.34578
16.52228
16.64588
16.77126
14.71649
14.88826
3.26881
9.01164
11.40144
12.77819
12.88974
13.03192
13.12709
13.32437
13.39955
13.46034
1.53704
2.85094
6.11980
9.06209
9.15719
9.21800
9.35557
9.42589
9.49400
9.56186
4.88847
7.82373
11.18095
13.40682
13.62094
13.69232
13.75133
13.78648
13.90539
14.06231
3.78685
7.90641
9.24048
12.33906
12.47792
12.59864
12.69576
12.86507
11.46180
11.61088
4.63123
8.58999
11.23753
14.62307
14.84399
14.97941
13.39257
13.44808
11.90312
12.01882
5.35881
6.72729
11.67982
14.13486
14.23106
14.31425
14.36513
14.40312
13.84072
13.88791
3.58314
5.20411
7.47076
11.07048
11.17512
11.24439
11.31955
11.44460
11.55794
11.64561
2.52287
3.68109
8.52792
11.25991
11.36678
11.40029
11.46804
11.58675
11.73254
11.88795
5.49549
9.37606
12.42266
13.63390
13.76341
13.98836
14.02939
14.13037
14.28251
14.48215
2.45644
4.27744
7.04425
8.29958
8.36792
8.44939
8.53054
8.68950
8.84111
8.92747
2.42381
7.34671
9.74233
10.55075
10.67278
10.73220
10.83051
10.92979
11.17160
11.31623
3.03113
6.26711
10.07477
12.25189
12.37703
12.50449
12.60965
12.77964
12.89068
13.06495
2.63427
5.98861
7.04645
9.25520
9.44676
9.54225
9.63661
9.81966
7.89284
8.05797
5.64481
9.56119
11.75383
12.72636
12.88401
12.99133
13.11255
13.25320
13.38290
13.47555
4.74911
9.15227
12.36918
14.13282
14.30232
14.34534
14.48781
14.58076
14.21479
14.42349
8.96359
11.50276
13.34369
15.77329
15.86170
15.98050
16.05535
16.20430
16.30449
16.37311
2.89468
5.42401
10.64151
14.69373
14.76081
14.88311
14.93797
15.04547
15.11008
15.24882
5.58258
10.95091
14.52093
18.91315
19.03329
19.20997
19.38288
19.46360
19.64476
19.70259
5.39636
8.12492
13.10016
17.13007
17.18737
17.24251
17.35779
17.43811
17.51225
17.65613
3.39343
5.29489
9.80342
11.10345
11.14750
11.26373
11.28432
11.34733
11.42661
11.52864
3.16150
6.48913
11.23484
16.79936
16.88846
17.00881
17.04965
17.21852
17.26910
17.39110
5.22925
9.81277
11.95151
9.75127
9.80569
9.91627
9.95943
10.16632
10.24514
10.32490
3.70227
7.71000
9.54335
10.53608
10.61867
10.68478
10.73597
10.81634
10.97729
11.00788
4.38615
7.67750
11.84635
11.30991
11.37876
11.54601
11.62048
11.68553
11.80763
11.86872
2.78302
4.23090
7.71500
9.71247
9.77260
9.90782
10.01835
10.12830
10.16300
10.23802
6.25504
9.92712
12.83019
19.07798
19.15503
19.29749
19.38087
19.41366
18.40511
18.56378
1.90868
2.88327
8.81040
10.85033
10.97042
11.07532
11.18788
11.25773
11.31522
11.45611
3.04515
7.31661
9.64253
14.43926
14.52670
14.57588
14.73233
14.83363
15.03681
15.09069
3.16470
7.41117
8.98100
10.60936
10.74430
10.76405
10.84930
10.99584
11.05429
11.16636
7.05523
11.45239
14.85799
18.57547
18.69873
18.83194
18.88717
18.99711
17.22738
17.28208
5.33155
11.22569
14.00868
13.96476
14.05111
14.14066
14.26994
14.45741
14.58882
14.64619
2.02365
3.83053
7.15664
5.72506
5.76239
5.92773
6.04325
6.24172
6.32060
6.40010
2.58824
6.46986
7.21564
8.47394
8.56530
8.65717
8.83200
8.90893
6.94411
7.09697
2.75370
5.90696
11.10305
13.90522
14.03649
14.08025
14.18220
14.32811
14.51072
14.63797
2.11201
4.88445
6.45637
7.67574
7.76475
7.87305
7.95518
8.20874
8.29996
8.42581
8.28786
12.53721
15.91756
16.85356
16.92865
17.00061
17.07675
17.16885
17.34111
17.40508
2.68615
4.71447
6.17214
12.27278
12.36758
12.49315
12.57535
12.67434
12.72244
12.89168
4.24412
7.88069
11.94925
17.53369
17.67530
17.85197
17.91234
18.01326
16.76796
16.81790
2.87070
9.65522
15.11729
19.46566
19.64223
19.79674
19.92259
19.98751
18.10804
18.19443
4.52124
10.04358
12.14213
14.38271
14.42505
14.57639
14.69862
14.77980
14.82089
14.98127
3.26145
8.31167
11.04743
15.83068
15.88390
15.98733
16.16390
16.37527
16.44330
16.53180
