0.02327
0.25165
0.25185
0.46286
1.82830
2.56501
2.62049
4.61635
1.65009
3.47432
3.75562
4.08477
5.73611
7.20763
7.28252
7.31258
1.36691
5.31328
5.66895
6.06524
6.30113
8.45986
9.98190
9.99832
0.27557
2.02563
3.16818
4.58553
5.46175
6.24081
6.91039
7.56445
0.54976
0.82192
0.82776
1.92039
2.44651
4.68105
7.47299
7.48224
0.65264
1.85032
4.63621
4.80515
5.09493
6.33538
7.28711
8.18050
1.01925
3.50485
3.83703
3.91010
4.06709
7.66140
9.73444
10.18128
0.36906
0.44012
1.72393
4.57877
5.15013
5.75075
6.29052
6.34770
0.89966
2.61494
3.38097
5.08686
5.36414
7.03846
7.06592
7.45069
1.59422
1.63786
2.04360
2.19023
4.75144
4.75232
5.21602
5.53460
0.08102
0.08520
0.29838
3.30845
4.03798
5.06315
5.95878
7.25589
0.15005
0.97681
4.27114
4.64351
4.76403
7.07715
7.35556
10.17897
1.61374
2.41770
4.13270
7.45057
8.29016
8.32605
12.20141
12.30053
0.00257
1.32511
1.78799
2.71175
3.17177
3.97268
9.04019
11.55051
0.00059
0.90847
1.71624
2.83313
4.69812
6.60368
7.58957
8.13243
0.61952
0.77013
1.91534
3.90435
4.06573
5.86581
8.64844
9.51619
0.07087
0.44015
0.95238
1.72041
4.39441
5.62110
5.67754
6.22227
0.25593
0.41098
0.85907
2.36487
3.66811
5.48933
5.48939
5.62792
2.89387
4.31196
5.87331
6.69512
7.06227
8.06821
10.67313
11.37151
0.19003
0.44272
0.97276
2.58427
3.45195
6.95606
7.72572
7.72702
3.30501
3.74322
5.73382
5.73418
5.96202
6.22935
7.02833
7.96500
0.97064
2.33997
2.35361
4.43559
4.54736
5.16003
5.71125
6.66363
0.19854
1.74701
3.57427
5.12944
6.10873
7.54540
8.06120
8.06236
1.23228
2.42842
4.72800
4.81151
5.65413
6.51247
6.61934
7.13394
0.30867
0.77165
0.78301
1.17060
1.30816
1.42051
1.80868
6.70648
2.60917
3.67813
5.99719
6.53845
10.09395
10.70933
11.89574
13.58805
2.09338
4.47181
4.53438
5.82882
6.76179
6.78233
6.89743
7.17771
0.05077
1.47431
1.71137
3.44266
3.45322
3.82872
6.78970
7.64696
0.29017
1.19991
1.20001
2.10358
2.23177
2.38686
2.80799
3.25499
0.17396
0.78700
2.69997
2.94225
4.36666
4.71713
5.26795
6.16258
1.31992
2.12094
2.51686
2.53727
3.34873
3.78040
3.93065
3.96840
1.02176
1.50138
1.72701
2.27230
4.48852
6.77483
7.48761
10.88097
0.25101
0.54136
1.19544
1.31413
2.28992
3.84414
4.52672
5.86523
0.44471
2.24129
4.20642
6.60151
8.47462
8.67049
8.85592
10.94050
1.97325
3.37715
6.25362
7.74066
10.32076
11.41555
11.45423
11.87562
1.19429
2.09594
2.42515
3.11032
3.52820
3.75081
3.91369
6.16350
0.32860
2.60102
3.72242
4.82882
5.26015
5.74554
6.08044
6.63193
2.13650
3.16884
7.87856
8.55116
9.04908
9.97194
11.70767
13.44273
0.84779
1.58743
4.08946
4.71345
4.81226
5.79451
6.35924
6.87768
0.25356
0.27606
0.84051
3.53281
4.64191
8.26450
8.34427
8.38789
1.53185
1.97828
1.98823
2.67933
2.86026
3.68841
4.56551
5.54810
0.74766
1.69340
2.00506
2.33875
3.22948
3.60858
5.19313
7.65625
0.65919
2.07167
3.28414
3.68561
3.88609
3.89877
6.61017
6.61068
1.71073
2.03168
2.25193
2.56614
3.66885
4.49049
5.64607
5.71394
0.67713
0.71095
0.80718
2.44924
2.46178
4.66207
6.42795
7.22717
0.78686
2.99301
3.49378
5.03308
9.75702
9.83170
10.45202
11.85321
2.89165
3.03831
3.07303
5.27508
6.62786
6.79047
8.00026
8.70216
2.08969
2.89167
4.12705
4.68835
4.75203
5.51982
7.02244
7.02939
0.74503
1.08541
1.61969
2.80213
4.73325
5.39239
5.81470
6.02599
1.93875
4.43136
4.52267
4.52646
5.41747
6.21800
6.34048
7.90810
1.89186
2.59349
3.90079
5.66103
6.20705
8.01474
9.72820
10.26591
0.02592
0.61873
1.66347
3.43765
4.96397
5.95740
7.15836
7.34729
2.23301
2.32052
3.63596
4.98221
7.63696
7.82788
8.49232
9.69868
0.06577
0.08049
0.94543
4.08021
5.41951
6.62893
7.70841
8.82505
1.91919
5.24611
5.50348
5.97164
7.67845
8.21520
11.71468
11.79677
1.40007
2.22712
3.81559
4.86507
4.95494
6.28843
6.29130
9.61113
0.38839
0.66309
2.83172
3.72290
4.74528
7.45522
7.81830
8.96079
0.34724
1.48093
1.96079
3.48583
4.79322
7.54881
7.55398
7.97307
1.51188
4.90839
9.41456
11.68678
12.57423
13.55883
14.65660
17.28383
0.51164
0.84234
0.93260
2.04611
4.60321
5.29034
5.85378
7.41274
2.14777
2.79134
3.64039
4.02863
4.03070
7.10482
8.58549
9.19257
0.26941
0.40576
2.02751
2.03013
2.44468
2.44604
3.07466
4.24202
0.59668
1.68568
5.73589
8.56847
10.06391
11.09878
11.47698
11.55873
0.21346
0.28383
2.28425
4.85195
4.85371
5.65707
6.25674
7.98676
1.87483
2.91713
3.84903
4.69759
6.46033
6.99672
7.74570
9.58667
0.03092
0.59677
3.97449
4.53827
5.67690
7.88784
8.30220
10.33258
0.02046
0.89756
2.05139
2.48596
3.06392
3.88759
4.71072
8.17397
0.45371
0.96966
6.01463
6.07430
6.49719
8.07336
8.14990
8.93912
0.06511
1.05654
3.85498
4.10948
5.26957
6.29387
8.04604
8.07776
0.28972
0.85313
1.71466
1.71879
1.86346
1.88403
3.16376
3.68975
2.01003
4.21046
4.72239
4.95588
5.93939
-1.00000
-1.00000
-1.00000
1.12198
2.06301
2.25963
2.28846
2.50457
4.28184
5.91956
6.23947
0.45152
0.86961
2.07457
2.10828
7.08364
7.23506
8.55273
9.22970
0.04838
0.25201
5.00436
6.54156
7.09377
10.66115
11.40210
12.53769
0.80252
3.62655
4.32979
4.81772
4.93806
6.77946
-1.00000
-1.00000
0.49431
1.79387
2.03585
4.23520
7.35057
8.02950
8.43768
9.82098
2.92797
4.35393
6.72043
6.92040
7.52686
7.82702
8.08777
8.15281
0.67444
0.73548
1.07298
2.89202
3.99060
5.63100
5.79795
5.80617
0.37368
0.65312
1.52683
2.00070
3.36056
3.60106
4.42460
4.89082
0.23601
1.09112
1.91288
4.77846
6.51646
7.64956
8.88656
9.33420
0.00145
0.96105
3.70639
4.32853
5.32615
5.49529
7.54727
8.27456
0.73589
0.73765
0.77725
0.79207
2.08834
2.49537
4.80085
5.88469
1.11870
2.19280
2.50585
2.56723
3.15309
4.03422
-1.00000
-1.00000
1.26102
1.60552
2.62306
4.35697
8.35135
8.61404
8.67537
9.43776
0.00565
0.05528
1.01213
2.16100
2.65487
2.94128
5.89409
5.97381
0.00213
0.46716
2.95741
3.13082
4.45542
4.77683
5.50369
5.59165
0.38312
1.84274
2.54680
2.84326
5.51789
9.03562
10.10533
11.58984
0.80533
1.72139
4.18253
5.45919
6.09252
6.32699
9.93962
11.68893
1.74477
2.79665
3.78640
4.16174
5.48998
6.10332
7.46488
8.02613
0.58661
0.97572
1.40284
1.41368
4.01682
5.24988
6.46276
9.18671
1.72766
3.34578
5.75394
5.77793
6.35049
7.88886
10.39114
11.02956
2.82066
2.95005
3.99355
4.53360
6.37719
9.56002
10.92925
11.12041
0.00004
0.81321
2.70597
6.96554
10.46656
11.41694
11.60520
11.62366
0.22345
2.80589
2.80756
3.42268
4.19106
4.22795
6.73353
9.51374
0.39680
1.56927
3.42243
3.59440
5.11187
5.95023
6.33413
6.50769
1.05249
2.96923
4.53839
6.06032
6.18349
6.20967
6.21102
7.06158
0.75062
0.77256
1.66358
2.60231
2.63943
3.38772
4.24587
5.01512
0.36064
1.44186
2.61187
2.84163
3.66445
4.38473
5.22596
5.47918
0.56503
1.69412
2.70732
3.14549
4.73702
5.05687
6.86758
7.75234
0.75126
0.84518
0.87767
3.21798
3.76391
4.00032
4.17519
5.54154
