5.53995
6.62484
13.96805
14.59421
16.75838
16.92234
17.13117
17.29903
17.70226
17.82017
17.95272
18.17955
18.32082
18.65673
18.69431
18.83126
19.08348
19.12551
19.57207
19.90073
20.11747
20.33745
20.59292
20.65967
20.73359
10.24521
13.86122
18.25277
22.59159
24.88286
24.99801
24.13593
24.30631
24.37665
24.89836
25.12260
25.25442
25.38752
25.53549
25.79106
25.99178
26.07197
26.33801
26.45360
26.71238
26.71661
26.85485
27.02458
27.21735
27.52756
0.96371
1.70737
3.02550
10.84216
16.24216
16.80422
16.95869
17.16877
17.33964
17.45983
17.67181
17.72786
17.86391
17.89901
17.91951
18.23540
18.24743
18.48030
18.90156
19.07999
19.38377
19.65261
19.74062
19.81582
20.12730
8.91600
9.20351
14.41088
18.77519
23.61688
23.95231
24.10442
24.16554
24.32230
24.58406
24.85518
24.95979
25.52604
25.64253
25.93531
26.06551
26.17513
26.45031
26.70509
27.03049
27.16271
27.18580
27.49503
27.65735
27.82690
2.96764
3.20030
4.84332
8.38980
14.44957
14.93275
15.18183
15.26934
15.30534
15.54025
15.59672
15.88754
16.02474
16.48989
16.64339
16.70637
16.76692
16.88153
16.99962
17.08543
17.56065
16.77018
16.97441
15.78105
15.78408
6.38503
9.82554
12.28848
13.72049
18.93436
19.28545
19.39904
19.67427
19.92410
20.15849
20.24203
20.35008
20.64046
20.88195
20.98616
21.14569
21.00880
21.20542
21.28236
21.40836
21.99719
22.09203
22.17199
22.40946
22.66040
1.72908
10.42543
12.36828
21.70768
22.90901
22.92450
23.13172
23.22462
23.31264
23.57163
23.75546
23.79053
23.83735
23.91471
23.97355
23.44574
23.48061
23.55114
23.55583
23.92692
24.00732
24.14172
24.37681
24.78381
24.87744
6.96948
21.94523
27.57505
32.22734
32.93374
33.08429
32.87026
33.01990
33.11594
33.21009
33.45169
33.55139
33.62545
33.84002
34.25982
34.62147
