1.45200
1.97114
2.31979
2.78848
2.79081
2.83316
2.87239
3.89118
4.16796
0.03827
0.57925
1.57105
2.18539
2.68790
2.86331
4.86283
7.21456
8.25247
0.01074
0.37702
0.68640
1.19724
1.40779
1.74293
2.04922
2.55952
2.94151
1.28531
3.15988
3.40178
3.92094
4.01238
5.41884
6.30963
6.45605
6.47474
0.30178
0.45211
1.38201
2.50570
2.50755
4.43430
4.86044
6.00199
6.01310
0.10526
0.10620
0.16250
0.16884
0.91859
1.30303
2.64473
3.10160
3.10168
0.79405
2.67853
3.79652
4.26332
4.89228
4.94572
5.19445
5.35503
5.80974
0.11968
0.19992
1.20099
1.20166
1.73749
2.68128
2.94360
3.15201
3.89153
0.22801
0.99369
0.99369
1.83378
2.34903
2.51638
3.03364
3.54064
3.67407
0.00036
0.38936
0.60396
0.77781
0.81624
0.98692
1.91364
3.75410
4.30146
1.28979
2.14454
2.63043
2.64080
3.39290
3.43921
3.48149
3.82058
4.24694
1.01305
1.09723
3.19256
3.31188
4.07718
5.82818
6.36801
6.57690
6.90232
0.05317
0.14397
0.25074
0.32067
1.10290
1.28107
1.38862
1.68111
1.68190
0.09902
0.12636
0.93650
2.09001
2.55398
2.81758
2.94303
3.23363
3.98562
0.87634
1.07412
2.20134
3.48799
4.04954
4.27276
4.90518
4.95101
5.13589
0.07096
0.90632
1.36149
1.75912
2.21702
2.85424
2.85890
2.86974
2.96063
0.02247
0.33708
1.35107
1.66251
3.21330
3.31531
3.35309
4.13882
4.73087
0.48930
1.20211
1.40125
1.48916
2.15118
3.95592
4.35868
5.06119
5.07875
0.02439
0.07134
0.32033
0.60975
0.89594
1.14655
1.84634
2.43647
3.28205
0.06057
0.10928
1.02158
1.09904
1.23568
1.93102
2.92329
3.08022
3.95304
0.31632
0.37410
0.68126
0.73827
2.54025
3.11532
4.16015
5.16065
5.46482
0.98699
1.43775
1.65395
2.31602
2.68560
3.04736
3.38236
3.73500
3.85129
0.00000
0.80113
0.86161
0.99543
2.50989
3.24122
4.00155
4.04586
4.14901
0.18607
0.98804
1.01511
1.44845
1.99207
2.64682
2.86831
3.49320
4.25417
0.52019
0.60229
0.60658
0.65132
0.86161
1.31721
3.60747
4.36535
4.53345
0.50279
0.50948
0.70034
2.31642
2.96833
3.09357
3.25675
3.55921
3.77439
1.13426
1.37467
1.39761
3.40756
3.98239
4.63374
5.40157
5.74647
6.22052
0.18251
0.84311
1.14138
1.14153
1.18192
1.22562
1.24588
2.24081
2.95730
0.27816
0.37950
0.88804
0.92938
1.30149
1.31636
1.63688
1.86814
2.45388
1.56888
1.63378
2.37789
2.40410
3.60999
4.44221
4.66897
5.63120
6.25450
0.19036
0.43689
0.47594
1.52157
1.82129
1.83807
2.00796
2.29207
3.31025
0.22834
0.35606
1.31466
