3.44350
16.40711
25.82217
42.65603
43.89816
51.15475
58.92259
71.49357
76.23902
96.04822
102.62669
105.46019
108.45261
114.75520
116.71364
120.44529
125.35115
19.94611
25.74541
38.68759
49.07539
52.77096
82.87066
85.91236
105.86515
107.61209
119.97267
139.03122
142.73974
152.11897
164.33230
167.05086
183.58288
191.46727
23.97923
37.78676
42.77828
53.56554
56.43574
65.15191
90.14650
100.82109
129.22519
132.13788
134.36890
156.75914
164.06267
185.62075
220.92108
221.76451
250.58978
0.97895
8.17128
13.13477
24.51744
43.97074
71.47088
77.68818
86.21728
107.74402
120.40025
125.98161
130.02934
135.63751
145.21877
173.52997
191.49524
199.36098
8.98840
13.19632
18.39746
25.41470
31.16263
34.87005
41.52231
54.37971
66.78669
76.42373
87.27326
105.63608
109.92046
115.62531
133.76308
145.50412
156.02410
23.25395
34.00404
38.65114
52.11300
61.02961
67.12789
97.06923
102.64364
112.42181
135.29480
151.29745
151.60861
153.40613
158.96776
184.32996
198.64337
202.39508
0.03590
22.49538
26.44349
51.98970
55.62396
66.36637
72.06180
99.02539
122.06895
128.50444
134.76605
144.61113
152.38043
156.87643
181.19397
184.02030
188.23221
11.91879
12.75503
15.62117
18.93650
28.93866
31.39507
33.99483
50.70842
56.72562
73.47821
75.18607
78.56995
82.35335
97.18408
98.98723
122.00196
127.58871
17.35111
31.96867
49.19453
63.97018
96.57410
101.66010
124.41480
130.31636
150.25333
161.21390
169.35969
174.50976
190.54453
205.96189
239.09526
254.47199
258.24439
1.09514
7.04177
11.07771
26.19460
55.45193
68.38693
68.42082
70.81337
86.38143
92.22812
103.38599
108.47806
111.35733
113.89621
118.33817
125.77652
126.14546
4.58285
9.14413
12.23750
21.20015
26.41450
51.34181
52.35323
53.26738
58.02506
64.49157
68.99058
76.55704
88.84551
107.44269
112.16298
119.29167
140.09542
22.24734
26.47311
82.20921
92.62149
112.66696
123.50858
136.42110
143.27941
154.77159
165.17536
166.71475
170.46581
212.81196
243.12464
269.57683
276.12745
317.09080
12.62723
13.36662
18.27209
22.37835
40.82615
58.15357
70.41407
72.03974
98.23918
130.10509
141.45020
147.70585
152.48601
157.73915
161.99775
163.72711
169.70741
22.60491
39.57973
47.39920
51.59382
70.25730
72.18069
83.99299
93.55899
112.64770
143.48767
150.31664
162.62984
167.56535
174.38838
177.67381
184.94914
203.22404
14.83604
21.80000
31.01518
38.25473
51.97786
58.47973
80.73189
107.50040
114.24396
115.88933
122.58174
148.26066
165.68383
170.21778
184.50214
194.85171
197.89435
5.78792
7.07901
12.07304
24.07938
27.77764
32.47842
42.52954
45.40309
56.21482
65.66141
76.65202
98.86138
115.22757
121.41504
133.88963
146.19361
154.75376
8.02584
10.26671
26.98903
29.15337
36.39438
40.53846
61.30590
84.42113
103.81564
114.63192
118.27446
136.00676
149.53783
163.38531
167.06758
177.29232
178.02909
8.60129
38.36983
44.41229
48.57823
72.81115
99.67244
115.45711
117.34728
119.20777
131.82231
136.17551
149.57867
154.56756
179.78217
189.70698
193.17469
200.63462
12.10409
28.64644
33.39672
45.02365
63.11593
66.61878
68.24959
99.14507
127.52810
128.71347
136.11732
148.65919
154.98183
169.99932
174.35244
183.05487
195.97426
15.25128
15.66626
22.67953
38.15618
43.61078
47.56336
59.81615
63.23050
81.09173
88.53864
112.21840
128.01101
144.10089
152.79937
157.60377
159.40257
167.35822
5.40939
13.27554
20.40774
25.23080
29.24324
30.78848
45.65631
60.13452
61.08865
75.92021
94.59765
113.75695
117.76578
135.44866
139.85655
168.47924
168.87551
5.32414
12.30303
23.72830
45.66012
55.19154
59.29359
70.51647
74.25916
84.02627
92.57489
130.02579
137.42018
140.37825
148.36271
157.74626
175.77906
195.94598
2.57659
18.05457
24.62583
38.93031
42.70913
51.17782
55.78294
55.96864
64.73154
65.75859
75.29366
108.55813
122.49916
150.36737
158.77371
184.87057
209.85637
25.75638
55.30825
59.01020
79.27366
94.49928
99.92511
130.99162
140.52504
152.20881
170.46831
173.66241
185.65281
195.13156
204.97199
206.96954
214.90976
215.06602
15.39420
31.23473
36.53319
56.46765
64.91243
71.89816
75.00829
85.63616
130.52311
143.89227
146.37134
148.63129
173.17895
185.21111
189.82874
194.81434
212.22447
8.36975
17.14519
31.48290
41.84488
49.63547
86.36803
114.10385
136.68701
148.91601
173.99247
190.36290
194.57540
211.00828
212.83557
228.74376
230.58848
236.83045
3.58596
5.81603
10.46372
11.79637
20.07045
25.79702
35.11397
44.22516
64.25820
68.06516
70.72136
84.33602
86.86873
99.48736
100.91917
108.25955
119.12663
2.61559
12.50983
38.24167
47.32260
55.99141
65.09200
68.92176
86.85120
91.64005
100.80727
109.93135
114.75949
117.61901
122.57661
158.78194
186.58085
189.29643
5.66847
14.29704
21.11173
29.58886
30.09688
67.41607
70.73960
78.17338
99.41699
114.85659
126.14496
138.34498
146.07590
153.32770
167.95472
170.05335
174.54897
4.50332
19.43303
22.72266
27.16628
56.22637
61.59939
66.80883
73.81521
78.84906
92.65624
124.32206
138.78158
155.96193
169.83899
184.89427
194.63099
231.32620
8.26784
18.76337
20.07672
23.92110
27.29789
33.82763
40.08779
49.37364
50.46189
61.12030
67.14263
72.22058
93.22169
111.74271
119.46236
127.44630
133.19906
34.90732
46.39118
64.66593
74.18615
83.39582
104.25369
109.57086
113.38095
117.73139
139.76389
146.23950
151.03853
154.55890
199.99150
211.66852
236.17232
245.98477
6.20969
16.65485
47.52276
74.75543
111.78017
113.94727
123.83040
130.03009
176.28626
190.09567
197.99493
199.19719
206.59300
217.21590
228.60143
234.98913
257.28901
1.80480
8.14233
46.83756
70.90160
88.72324
101.59715
110.89001
119.65042
129.16878
133.38164
135.46024
145.21656
147.77872
147.78696
153.49774
157.31350
168.66011
12.94561
15.49874
28.69892
32.08360
35.49024
50.07498
54.68364
64.33860
75.65000
101.06784
110.57902
142.75010
150.19608
151.72213
164.82843
170.88293
191.20165
18.10054
32.75534
58.01565
72.42935
81.25653
94.71144
99.56055
105.71902
116.09551
124.50181
124.69126
149.89055
159.70704
170.07525
201.48990
210.94562
215.01543
2.34574
17.96083
22.37227
27.39986
30.03404
36.85875
56.59003
72.61531
101.73353
108.55888
112.35157
121.84315
147.51249
155.61897
155.74861
169.29987
175.28555
3.41801
13.80067
20.03954
35.19143
42.47677
49.01216
64.49626
77.48063
80.35376
95.01579
111.17721
128.80756
130.62918
136.40631
140.17063
179.64201
189.62773
4.55788
15.70884
20.53058
21.11060
35.02058
60.46112
80.33216
88.89726
95.95601
106.91868
125.75818
140.19945
143.31115
151.27435
155.56341
162.29348
178.54730
11.80396
25.62738
40.56545
46.68589
59.59917
63.93269
79.93119
83.48439
102.08551
115.77839
135.92634
181.73710
197.19680
199.96341
203.69852
213.31372
230.07395
13.20518
13.82888
16.02076
19.00921
39.35626
75.96832
86.40397
90.49635
105.20223
111.71856
119.59387
132.01047
142.32341
152.56792
156.62630
192.47425
198.07979
4.26186
16.52133
20.93950
24.14481
31.82718
46.89000
50.27257
69.14453
88.89095
96.49801
98.16952
104.74395
107.21497
134.41442
141.50008
165.52412
171.67343
6.35574
13.09127
26.72456
39.47339
47.21878
49.87410
56.02642
65.46954
76.33248
83.39223
85.83355
104.23567
115.88049
118.89910
127.46175
152.63847
169.27934
2.99635
6.71340
16.34290
20.44905
25.76333
54.55306
64.35633
81.28263
101.19477
127.90022
134.23139
143.93103
148.97010
150.42199
165.79123
180.87688
183.86140
14.39164
20.76015
27.57916
34.64743
35.54974
46.61835
53.23986
70.31427
83.66717
89.64222
89.81583
96.98228
98.12082
123.05409
129.50391
147.70036
150.25550
14.34847
16.10622
21.32389
32.33947
36.46795
59.16517
59.92092
60.43645
65.09862
66.78857
91.07838
99.43453
108.42375
118.32369
144.44370
167.18556
186.73096
21.94262
34.03239
38.37362
46.38419
54.63307
64.15074
65.62930
75.41325
91.11681
100.91191
108.20985
112.60983
121.67324
168.05229
180.55805
212.13222
234.66980
45.30808
74.46192
79.37395
92.76627
100.58745
110.97126
135.02942
146.64691
151.57553
169.08417
170.46249
173.80073
191.21331
205.27683
212.05778
216.49617
221.98239
5.25931
16.31349
29.22709
34.51989
53.59948
59.17155
62.35222
69.48742
80.97298
91.54208
114.98999
123.82938
138.16716
141.90692
144.73241
155.21545
160.60201
8.51594
17.72741
28.00895
33.67665
38.36478
41.82471
43.57846
56.04453
60.20020
78.77624
79.27793
117.25608
147.24153
167.15360
176.38146
190.62746
195.79898
6.73320
24.78870
30.59227
34.59192
34.84719
42.06480
48.51332
69.64541
85.62398
90.27588
103.30177
107.13119
116.25750
129.47663
137.02214
143.06605
146.49796
7.63175
13.47514
19.21428
30.02289
55.73993
64.91565
70.42893
74.69868
88.06414
92.78898
100.19775
101.58093
106.18820
144.55730
153.97008
162.93877
172.47670
8.72748
15.70846
31.36462
40.47289
43.48478
56.21290
120.92768
122.09912
128.60405
168.21307
170.02822
182.69173
184.90812
206.34352
227.23618
244.57690
273.50578
10.22807
20.40900
23.60454
24.82853
27.60585
42.05475
64.63396
75.26306
77.70197
100.62456
105.56299
121.76912
127.59838
130.70907
162.89052
174.73990
198.92805
10.80706
38.04724
46.59709
49.58503
57.75530
68.56946
71.79051
87.61384
91.08869
106.64283
109.96105
114.10682
116.03034
124.42375
141.05424
147.08341
171.54946
13.28103
20.96973
54.39736
71.91646
82.53315
95.19607
110.11417
122.38190
124.76730
139.71633
162.29624
168.06226
193.81801
196.37056
203.97649
216.02215
220.82770
12.96045
26.59098
51.00312
61.38523
62.78023
83.46603
88.09794
93.57024
103.17976
109.41901
118.60938
122.96029
125.09551
137.17865
152.52969
160.77810
177.55527
3.48511
4.72134
24.93209
29.13855
30.26866
33.95944
35.76722
46.03573
51.89863
59.42612
67.76235
72.03675
76.33538
96.49149
106.43181
109.31074
116.73438
10.83633
12.84458
31.52468
39.50589
53.01272
58.28525
72.20984
75.49042
98.08623
108.26363
121.47727
124.89768
132.16671
167.68930
182.54150
192.58110
217.94124
25.93518
32.06038
40.92130
47.52119
57.11272
73.78052
78.59817
80.31383
84.37262
93.08437
103.23470
119.15035
119.31853
131.92471
142.02007
164.00087
176.19473
10.42978
27.03952
36.62714
53.45929
57.28591
74.03873
88.06452
104.25263
104.41682
105.59959
149.89205
169.48228
191.86296
200.98864
204.41439
215.33308
228.40390
3.48882
11.51003
26.23141
36.76085
60.25591
76.76274
91.06767
99.30045
102.48433
110.13303
117.28463
126.59472
134.91155
155.37788
158.27291
166.08127
168.41293
47.67726
51.00616
70.30119
75.91717
81.42395
92.30561
105.95117
114.39458
129.21932
138.09860
145.31190
150.48584
155.26114
156.35550
160.02041
183.14656
186.44229
17.12309
32.95627
34.93954
36.65040
47.07620
52.61873
63.21148
86.29353
94.52116
98.26139
102.68824
108.54677
118.72312
140.18898
145.54170
153.90395
176.85323
7.20100
10.45186
16.35493
22.15194
45.57919
64.22052
67.08461
71.89783
76.69896
97.85247
111.73720
117.90920
122.60325
123.96690
144.04724
157.98742
180.56030
7.53220
27.33849
29.16766
30.75614
54.87446
66.18861
68.35304
70.26037
83.08996
90.08434
98.90784
103.81696
116.10696
125.20512
139.25902
157.82632
176.96857
2.28777
4.19370
15.57822
61.57869
72.95577
83.50763
93.03754
94.70964
99.74417
107.88105
123.97313
128.98917
142.84374
143.19898
149.58774
159.72198
178.94759
3.19431
14.84091
24.07686
35.37638
40.36752
49.14732
69.17057
112.15040
124.18716
141.54475
146.05924
162.58640
170.41822
197.58493
202.24673
205.10846
210.75710
25.49459
33.23721
37.48994
75.39051
92.52338
101.07353
114.99694
124.32061
132.25971
142.41549
152.69179
155.77715
167.74509
168.04865
172.81314
176.17885
179.92134
5.56729
10.67106
31.45018
31.57415
32.16065
39.43994
44.12894
56.73111
63.67725
78.99847
80.10771
101.16164
116.03109
117.15948
137.32295
154.24300
210.55684
3.04081
8.24061
11.89421
21.99665
36.30783
43.26740
45.86919
60.55008
70.68828
96.63438
100.99110
106.24384
129.62148
140.78644
155.16915
160.37292
173.53662
2.96532
16.37022
45.24130
74.27877
83.20709
85.26780
98.88494
104.99288
116.33748
129.49685
139.31105
144.75362
149.45703
166.39177
172.31765
200.94962
223.30176
8.11648
22.30515
36.52720
48.61356
53.84977
56.64987
77.47713
85.20257
93.85526
108.38859
110.79822
127.23654
142.08710
158.36365
173.75680
176.88680
200.78822
1.37432
8.82372
17.34328
31.45482
48.09140
49.22636
70.76083
73.16468
81.97496
87.31505
104.64835
122.74608
136.71471
140.70373
156.79999
171.45629
179.79165
14.32573
19.59788
28.08111
45.37911
50.62971
62.88353
70.96504
77.37824
101.31077
110.11664
113.95739
131.51243
140.83535
159.51861
164.54529
165.67860
169.32478
24.90814
41.12842
47.00430
55.72175
76.49581
78.19255
87.28074
92.55760
94.89604
115.68397
119.94770
128.86524
139.14083
147.58156
158.98656
163.05390
172.14137
31.59328
41.35524
51.80520
67.14416
69.41984
104.44415
137.22925
144.85957
154.56324
160.74325
166.31356
175.60411
179.06274
218.54358
221.60555
236.67181
249.77996
24.58837
28.33342
33.41418
42.26880
57.34034
57.75686
60.81023
86.21076
89.60406
110.09872
114.81624
134.50174
147.63953
158.88107
164.49281
184.46077
196.80317
16.83733
28.37498
75.32686
77.18480
79.37737
80.96223
113.98246
121.63956
141.87315
156.50793
161.47728
183.13944
192.87967
199.26947
210.06068
213.54131
235.61209
24.02244
34.28830
44.26192
59.40415
64.96952
80.15426
87.28331
89.19869
97.96007
120.24334
130.80017
137.05825
156.26663
157.31469
165.26703
171.10247
178.42054
10.03846
44.47106
45.95233
61.86757
63.00715
88.31808
90.43250
96.41087
131.69454
132.72424
149.08204
151.07094
153.76926
168.66568
212.71056
227.04077
231.55360
6.64576
19.60596
23.44372
25.39151
40.30375
55.94349
66.75341
76.59158
96.82493
103.60551
127.90719
136.82252
141.50380
169.99093
195.33805
212.91608
213.07870
21.12503
38.03401
46.23468
66.57492
79.66875
81.20048
104.97419
114.68645
130.49038
132.95042
168.62187
186.44474
191.70256
198.79073
223.49168
235.42809
237.94820
6.68350
9.84772
14.07818
17.54670
35.90888
53.81238
64.59280
86.83883
92.92121
95.17713
97.72002
120.34700
129.27313
155.78427
169.11540
172.94172
177.67925
10.11059
17.22681
28.69035
40.56372
46.60436
78.44664
84.81790
109.54189
136.27127
164.29420
180.37068
189.94484
201.13119
222.29627
241.33810
252.37394
262.90524
8.32582
13.31017
23.04838
50.79760
77.13525
94.29941
97.66582
100.17899
113.76616
114.53621
120.57861
125.39441
127.20348
133.26253
149.35800
158.40037
171.19005
19.97960
27.60703
46.86447
50.45674
61.03932
67.32474
105.80434
146.06764
157.35677
164.27289
176.24801
193.67490
204.98159
268.61494
271.49858
272.01045
278.34320
13.86012
28.64028
59.41675
77.60430
80.33792
88.28390
90.52586
114.45119
117.64704
138.36825
170.58232
183.83298
191.84429
193.38390
196.58350
207.53064
216.79579
24.85274
42.55585
58.82864
75.26065
82.85259
86.03232
111.67835
130.81395
131.21789
142.87601
152.70074
157.81464
194.51824
233.60667
240.83538
244.79124
254.20406
7.15949
25.63818
51.49782
58.81396
73.16229
83.73059
115.78421
131.16206
134.17999
140.05976
149.97858
161.46796
169.42529
174.01939
188.84735
192.82642
210.17882
2.84330
22.31516
39.28429
55.12064
73.48031
80.57541
83.10696
89.60354
99.26821
106.92319
107.86605
130.49467
133.95715
134.30378
146.34201
165.34573
168.43196
9.54977
16.61740
32.83823
41.72793
59.45449
89.96925
121.24169
127.81059
130.20822
160.28616
173.56331
176.33654
182.54138
194.13256
216.94724
226.98031
245.06962
3.91942
10.63956
15.62056
31.15177
44.02267
74.05931
80.52994
93.34422
101.32960
115.59522
133.99409
136.86119
152.69474
160.64874
166.90840
171.35253
182.25863
5.76857
8.04979
23.52323
39.60535
68.55736
87.11007
103.91166
129.62775
133.59890
161.31893
176.99342
178.81622
198.54979
213.57568
223.16773
238.13363
244.92145
4.75862
12.14489
42.03281
46.54665
49.22041
54.63084
70.69391
73.80357
76.48239
94.04476
102.48619
111.67132
138.68347
150.24180
161.25824
175.41738
187.85171
6.94508
28.00815
42.50745
52.24800
58.40797
75.44837
90.67847
103.11673
104.62840
126.19318
139.10758
161.64986
175.49835
193.63504
210.09885
220.98205
239.02257
11.23945
14.73944
18.19305
33.49835
50.03475
58.73343
62.06799
62.49313
66.96258
70.39409
71.88485
104.39788
112.36357
123.48418
144.44443
181.08782
202.66610
5.98325
20.19417
23.58454
25.06031
40.78132
66.74954
68.78733
81.44818
100.19556
122.23605
134.39756
137.27755
146.63873
156.68696
168.30457
178.35018
185.33211
16.90554
33.94113
37.29063
48.80891
62.22802
70.64489
82.08427
91.60189
97.38719
102.65807
110.33865
114.32888
116.79683
133.35279
142.57962
150.37309
171.62263
6.84274
17.54535
19.39051
27.30509
34.98431
69.24298
101.09962
113.41247
119.49670
131.68069
152.70564
165.43141
169.93396
195.17623
206.91711
224.47200
246.85777
