6.86615
10.85270
15.28434
16.91604
20.48157
27.81874
31.44955
35.53606
38.27403
40.63723
47.87005
51.76155
61.67812
64.45732
70.22943
71.55102
73.79789
75.32816
76.43400
80.26042
84.45284
88.58986
91.08391
95.91348
98.41172
103.01758
3.45576
4.60583
10.64010
16.36910
21.69401
25.34744
30.12061
34.20169
35.55412
38.69874
43.12647
45.91344
49.65966
50.50357
52.97811
57.11636
62.92445
66.46764
67.96154
70.28628
75.31357
78.78178
80.99364
86.77899
91.10794
92.13327
4.62651
6.53038
11.17797
14.20666
15.94850
23.21656
26.50341
33.97811
37.18012
40.96088
44.17324
51.72827
55.57121
56.69636
60.52598
64.40924
70.32812
75.83418
80.84605
83.11606
85.72641
89.07430
94.41079
96.24512
100.92486
105.22153
6.91567
9.44875
13.27189
16.46266
20.82935
21.87467
27.70745
33.00875
34.21068
36.63245
44.32652
49.23517
53.28075
56.23408
63.04613
64.67272
72.93538
76.20609
76.60597
79.76651
83.74845
85.63779
89.78493
93.76793
95.17032
102.70100
4.50108
6.40736
7.70516
16.86159
22.71234
26.78953
30.45618
33.60169
39.08933
41.60077
47.81695
56.68042
58.34968
61.39767
63.53509
66.07172
70.87562
74.02034
76.25717
77.64832
78.62498
82.94164
91.46450
92.30075
97.28896
101.39757
7.01222
11.12790
15.05026
15.80285
23.81152
26.55403
27.93204
31.54274
35.77377
42.23343
49.90834
54.15963
59.77130
61.51153
63.56440
69.01851
74.70606
80.36230
86.12511
88.36561
91.64883
94.65635
95.73427
97.58389
102.35415
110.88947
2.90756
7.59749
12.89692
16.80892
24.12679
26.10122
29.39236
33.89828
34.68249
37.82833
41.49700
45.50001
48.84415
51.96608
54.81098
58.53265
61.72259
63.65087
64.52942
66.55947
69.20754
72.76033
73.42277
76.78179
82.71430
89.54141
5.88875
14.65584
18.70631
22.81804
27.46777
28.97284
32.19246
35.42694
42.50414
45.35091
48.75183
54.68567
59.47429
67.86590
72.24280
74.93581
78.12916
83.32608
85.42207
87.65329
91.28646
93.06496
94.64958
97.42749
102.76804
106.13989
8.14680
13.15001
15.00397
23.45364
24.63516
29.93717
31.43162
34.95161
34.95162
36.49494
40.45870
41.63579
44.94971
49.15616
52.19264
55.98675
59.90659
63.51293
65.56244
68.01637
71.12921
74.46704
77.27934
85.19777
89.65787
93.65757
6.66348
10.94639
15.00272
19.76834
22.76298
27.42246
30.33369
35.33392
36.74718
40.68170
43.01395
50.01972
52.66638
57.60483
60.66528
62.97047
63.60431
67.93663
71.32823
75.91613
79.95239
86.67914
90.22276
97.64831
100.75290
106.37675
4.79982
8.48158
12.15171
14.76698
16.35121
20.65976
23.75820
29.40140
33.93341
36.00920
38.88111
48.09639
51.53416
53.80310
57.55858
61.20358
63.54217
68.69357
71.27471
76.84299
81.76135
84.84565
90.06864
94.18280
102.67176
105.22048
4.83763
6.54161
7.67108
10.01219
12.18189
15.33881
22.38448
25.47911
29.27318
35.68929
40.89749
44.38389
49.84663
55.25748
56.51251
61.86950
68.34142
72.36503
73.18389
76.34937
79.88043
83.78275
86.21146
88.91050
92.54272
101.96308
3.89155
7.16210
12.18146
15.64943
20.41523
23.34382
26.78737
30.32274
31.10769
36.88214
39.02933
42.67742
51.01348
53.07481
57.45363
59.63296
64.62873
68.07199
69.41666
73.84743
79.54218
83.08818
85.83710
87.40868
90.27579
97.12303
2.38978
5.21539
9.07993
16.51274
20.41462
23.66619
27.51996
30.48268
34.25920
38.84581
41.10296
44.47151
52.73878
55.91213
58.63200
61.15378
69.31485
74.27052
77.41992
81.17744
86.70561
87.70506
87.94068
90.13132
92.63974
99.68532
2.34816
3.72497
4.82561
10.12026
11.44885
19.18866
23.44456
25.60084
25.98468
30.40346
33.47016
35.87162
39.51078
43.06659
46.01227
50.49184
57.06065
59.62056
63.81251
64.35839
68.90842
74.22133
83.20652
87.06335
93.05922
98.26952
6.61954
10.84921
14.65760
19.50644
27.52890
32.08915
37.51470
42.50598
45.15142
48.79716
50.72951
55.09321
58.66135
59.14170
63.05387
67.86051
69.61429
70.98475
73.25383
75.01332
76.26915
80.66975
82.56810
87.37332
97.53979
99.94017
4.06656
10.53034
14.49160
19.43662
20.36343
25.56365
27.99885
34.59799
39.67069
42.18023
45.67040
47.87493
52.56779
63.16931
66.19242
68.81268
73.89707
77.93220
81.28958
83.28807
86.64595
90.67219
90.90122
94.24970
97.34086
101.04597
4.52156
9.37360
18.80888
20.80562
27.18047
31.96610
36.48187
39.36222
42.26899
47.36576
49.02219
53.54101
57.42552
61.55751
64.63149
69.07234
72.66352
77.86224
78.76065
80.21837
82.52037
86.35784
91.23396
95.97287
101.05655
103.29215
3.57305
9.33284
13.81668
17.59918
20.61529
20.81794
22.04917
26.99193
31.76237
33.48312
35.42448
41.09599
43.34725
45.87149
51.67490
53.69788
62.29080
66.50082
68.42187
71.41482
76.47078
82.21646
86.13012
88.06688
91.35498
93.48339
2.28354
6.56478
11.25247
15.79053
19.56654
22.00483
25.94749
29.10684
32.87194
33.88665
38.81645
41.65014
42.79102
46.07505
48.67239
52.46805
58.54177
64.17927
68.01086
73.28992
81.49510
84.36228
85.92325
88.48105
92.25170
96.88319
5.79517
9.92272
14.30844
20.74528
22.30216
27.16136
32.27035
34.13010
38.25741
39.87105
46.26802
51.13339
53.50327
60.07110
63.64684
66.23565
68.02435
70.73830
76.06512
81.37473
85.65758
90.75240
93.42212
97.03166
101.49174
105.28417
3.89244
8.54244
15.45783
21.88906
23.79322
26.14399
28.63217
37.20360
40.07219
43.55826
48.60163
50.16186
53.79535
57.92779
61.75308
65.71242
68.06950
72.19908
74.28729
76.17689
79.73448
82.29874
82.45965
88.88520
92.74282
99.12050
3.91869
5.91437
6.91607
12.40233
14.97181
16.33339
20.84439
24.60310
29.86448
34.53339
40.28700
44.65537
51.64910
56.83949
62.13514
66.77637
72.28227
76.34409
77.18826
80.55729
90.82853
94.29818
96.51542
98.82726
104.27285
111.52506
5.24449
7.58412
12.39978
15.58768
22.47277
27.44622
31.25013
35.38388
39.54047
41.94835
49.27659
52.73880
56.65184
59.18621
63.48465
65.18756
69.95810
73.38204
75.20015
75.77461
86.54298
88.40707
89.58169
92.97061
94.76627
98.03613
2.65887
11.04039
13.44396
18.25133
19.83331
21.51111
25.50794
28.15833
31.88348
35.73260
39.20625
43.42910
48.47354
53.56178
58.08046
62.68884
64.95298
69.84583
72.39898
76.05759
78.15813
82.04123
82.97037
87.60015
91.84191
97.19659
5.14988
12.48819
15.02863
24.11924
26.41071
32.54138
38.72132
42.17402
44.19678
47.94654
52.55504
54.28953
59.03622
63.13901
66.76122
69.42716
74.11258
79.04637
83.23261
83.82599
86.49420
89.73302
91.52095
97.07693
99.99983
102.97753
4.09674
10.39443
15.28770
17.32927
22.39464
24.80133
26.64216
30.77809
32.23819
35.28587
42.31902
48.64200
55.45982
58.78689
62.76864
68.67751
71.96794
73.60630
76.23705
79.35185
82.89073
85.73349
86.89053
92.09112
93.99909
97.43344
7.67190
15.09424
19.40394
23.01071
27.48348
30.86580
34.64573
37.98981
38.62700
41.79892
43.23460
46.60980
50.52653
54.82504
65.36577
71.80315
83.65656
86.41722
89.66816
93.30312
100.32037
102.26883
103.55483
106.94845
109.96180
116.00215
2.85300
5.42697
8.77646
12.04413
14.87054
18.46093
22.18068
29.67257
31.94886
35.06551
38.43300
43.23036
49.36226
55.96437
62.56005
65.19690
68.08862
70.27825
76.03591
78.47383
80.64487
83.69284
85.27441
93.01185
93.46856
95.09218
3.08924
5.51580
11.30154
15.57306
21.95441
23.69571
28.06163
30.56864
34.50725
38.65266
47.17629
56.66608
62.48868
62.62580
65.66629
69.15432
71.83507
75.79546
79.28476
79.78411
80.48341
82.33718
86.67749
89.69066
92.70647
98.79682
2.30416
5.40444
8.13623
15.73152
17.77737
19.96310
26.43670
31.61642
35.58685
39.35894
45.43628
47.56060
50.82749
53.26828
59.78690
65.50607
66.80842
71.37461
72.95813
76.87874
80.61394
85.14303
85.80629
85.38562
88.96090
94.16272
13.00275
16.64072
20.91764
26.79886
29.10460
31.62873
34.35377
37.38460
39.13664
40.86544
42.06273
50.44803
53.12659
57.04813
61.10980
65.52270
74.41011
77.36804
77.96345
82.08986
82.91709
88.03681
92.60533
95.43809
99.73601
106.61014
5.37357
6.65406
8.49168
12.35864
15.99527
21.73164
24.32434
28.01158
30.91782
35.45498
39.76085
43.27822
47.59874
50.22591
52.25299
55.30495
57.98253
60.33471
61.02859
68.32582
69.30361
74.52881
77.63565
81.84264
88.23846
95.99946
4.26308
8.62490
13.71444
16.98870
18.97061
20.89207
22.94462
26.26528
30.28996
34.01224
40.53355
46.30209
48.04768
51.93291
55.81076
59.48372
67.86392
73.36311
76.08022
78.52636
81.33307
90.30063
93.60404
96.02304
98.16017
103.49741
3.41081
7.90167
20.59313
26.08923
28.93782
32.97751
34.75910
37.44024
40.61544
46.09813
48.43513
51.64413
54.77439
58.69235
62.81746
68.10736
72.49451
73.15616
73.78072
79.68022
84.10303
84.87590
85.05228
93.99394
96.31826
104.71850
7.10061
10.70334
16.99101
24.68773
27.81700
30.16597
31.27189
37.60463
39.78151
43.65316
44.79241
50.32531
55.15110
58.02268
66.01648
69.69808
74.73006
75.50359
75.73673
79.06256
81.97980
85.21188
87.68065
93.09525
96.68520
102.57058
5.85798
9.77715
17.22851
22.95875
26.86519
29.18842
31.88821
36.24159
37.91732
39.34481
45.42957
52.87132
57.82863
64.38334
67.92754
69.95916
72.85369
74.16506
77.94075
79.56264
91.07468
93.99161
96.45289
98.83435
100.68996
105.06354
1.74210
6.48052
12.78649
21.31075
23.13565
27.77073
29.51451
33.83454
38.19600
39.72951
41.93455
44.15437
50.09679
51.05976
60.52398
63.66386
66.97521
68.72420
69.20597
71.56592
76.64429
78.28056
81.25476
85.12769
85.78457
94.87420
0.47676
6.53092
17.50165
24.19581
26.53812
31.68738
35.02459
38.78392
40.59367
45.31207
49.11890
54.34911
56.67265
63.10250
63.99528
68.28724
72.84823
78.65155
79.76607
82.94780
86.89564
89.10199
92.77470
99.29504
106.64030
109.52665
4.93938
8.43631
10.85751
16.81578
19.63661
20.68502
22.35466
27.34446
29.05576
33.76433
38.94308
42.76770
46.82324
49.63310
53.91864
56.33843
62.24653
65.00513
66.49708
68.84779
70.54086
79.46901
81.12427
86.49518
88.68222
90.71837
6.75042
12.95607
19.29858
20.77231
26.57869
27.26168
30.84592
33.74523
40.52548
41.46357
48.55900
53.62607
59.29318
66.39040
72.15561
75.62042
79.66200
81.06759
82.14917
85.40858
88.91458
92.59653
93.70682
99.30592
103.48581
105.11173
3.30341
9.09144
16.45597
20.16631
25.85763
29.71295
31.72574
34.53869
36.89582
42.34560
48.94957
51.75516
56.16138
61.74166
65.78066
67.60328
72.96513
75.15773
77.93839
81.66796
83.72361
87.26295
87.61796
94.31717
95.53883
97.11097
7.46970
14.18222
19.45793
26.76530
31.55674
33.24119
35.73657
39.80815
42.05039
43.54863
44.57012
46.04144
51.11779
53.72208
58.02093
64.06211
65.66136
72.50350
73.55203
74.94517
78.50281
87.44497
90.59314
93.28328
99.13053
101.97743
2.67387
8.29138
11.45532
12.38920
17.73634
23.90480
27.06256
28.31906
33.22650
35.74652
39.52674
42.76443
46.19620
47.48425
49.93768
54.13154
59.94761
65.18282
65.51181
68.84723
70.53945
71.98515
74.74252
79.07112
82.21131
85.51358
1.54600
10.42300
13.58275
17.31225
18.80238
24.99545
29.35957
32.79888
35.88048
41.04767
42.52545
45.90523
48.78184
51.01723
55.57057
60.72873
65.01439
68.08122
71.41660
76.89516
79.67105
82.92455
85.09533
85.82777
88.94500
91.45852
7.23029
10.56864
16.83459
21.00645
23.06618
24.76615
31.22539
33.80928
37.63384
39.83597
42.32379
51.32184
59.31776
63.16076
69.07437
73.83667
76.49810
84.39211
87.43123
89.19508
93.07192
95.86830
96.97458
100.01104
106.65469
110.69594
5.13429
7.08854
11.18527
12.60575
17.91373
21.92707
25.64058
26.39742
32.13682
35.40978
39.71820
44.29287
46.97561
49.83073
54.22633
60.74219
63.94375
66.18758
67.28585
69.27438
76.05408
78.19542
80.24779
87.43215
93.46438
98.88633
3.43067
11.18762
17.00128
21.32175
30.69332
36.03703
38.02304
41.25270
46.04288
46.89461
50.98910
52.85308
55.92820
59.54247
62.61818
64.12249
66.64258
75.46636
77.90255
78.66457
82.98347
91.08094
92.35057
96.40835
99.71909
104.04409
2.04645
5.19031
9.67430
11.50979
17.03857
21.51499
27.00341
32.51232
35.78254
36.70827
40.51860
43.71193
50.87818
53.70986
55.90092
60.71628
62.05497
64.80951
67.56725
72.42984
76.65786
81.82543
83.90484
91.51254
95.94671
102.09373
4.13264
8.15440
15.92909
18.69834
24.17671
25.97165
31.22623
35.03446
40.25761
43.56779
47.75980
49.55437
52.85312
56.59533
61.95338
64.30960
67.35621
69.80352
71.09223
72.55758
74.81319
77.25286
81.11975
85.14661
88.37337
93.65309
