7.32743
8.15651
17.51264
24.30179
31.59493
46.24306
57.55723
58.17174
67.19085
75.41582
77.75942
83.57627
79.89620
87.06924
87.32736
98.03999
103.43602
105.07215
110.20531
111.95837
113.63012
125.81939
5.52914
11.95352
12.57821
21.77964
20.92284
26.30161
29.94235
37.91538
37.98045
41.93467
47.78113
53.61252
61.41244
73.08613
72.87521
79.51873
81.61439
91.47561
107.09190
109.85411
112.43960
121.16431
1.01574
3.88105
12.74063
24.25125
26.25196
26.79334
35.67900
38.64460
47.20354
62.53489
71.61088
84.27420
95.24998
120.51240
122.28397
123.84898
125.64917
131.04600
132.21724
137.11524
137.78001
145.87094
7.59224
15.22746
20.86136
21.45087
27.32961
45.39851
59.04872
59.84560
73.16522
82.23504
83.92756
96.91959
100.89334
101.26844
103.93928
113.44558
125.75543
128.63580
130.34195
138.55381
139.16275
144.29797
6.59384
10.37438
11.14455
20.30392
23.02695
