9.14136
14.27356
16.07399
20.39290
30.81099
36.29251
39.01111
40.09603
41.28022
40.63378
47.55052
7.55449
11.79484
18.90634
20.07345
32.51032
39.89021
47.55563
47.26836
51.82594
57.13657
67.11155
7.56379
20.24993
25.28965
32.65739
36.17869
40.08891
45.46918
54.28083
57.18404
62.28893
72.96548
5.48510
13.53694
16.88078
25.93481
31.66284
41.54203
48.95162
50.53266
52.43049
58.37745
68.04314
5.73114
13.26294
19.78339
27.61632
31.90454
50.74076
56.77220
57.13409
59.15989
67.98346
76.95534
9.32755
18.24526
28.84867
30.80802
39.23330
46.05276
53.28952
55.79098
66.29057
71.74767
85.26147
19.16386
27.26823
35.47240
41.34310
47.96763
56.73118
68.28873
73.60351
78.20163
82.66809
97.49920
6.96186
14.28099
28.61047
37.86006
44.47647
48.36941
49.20048
50.45662
56.35365
63.34170
67.09362
3.86166
13.60860
18.74639
30.02065
35.26237
39.36479
45.17892
48.24263
53.65534
56.31244
61.37042
0.79994
8.93665
16.75764
35.54141
44.18635
47.41533
56.23310
66.66763
67.54168
80.74631
89.80178
4.44453
8.97852
14.02765
19.28259
30.36797
39.70370
49.07294
55.50647
61.13186
70.98293
73.70079
3.87729
9.12847
27.12971
34.95935
37.86965
39.34931
46.29913
48.58110
57.23767
59.68477
65.76966
4.45590
9.51639
15.52536
19.05580
21.93393
34.35211
34.79325
39.98146
48.06640
54.18610
58.77559
6.89775
8.54408
13.35239
30.02091
40.22001
51.36354
53.65430
60.97863
61.92738
69.75410
73.74126
4.29122
11.99393
20.71820
28.20464
40.99121
46.35087
54.60183
58.33589
65.08451
75.64581
81.52864
3.72406
6.00786
7.21317
12.94534
14.79108
18.36284
22.15383
36.30507
39.33609
44.20012
55.16803
8.00704
9.37435
18.21922
33.15469
39.67752
46.79037
48.83459
50.95398
52.71118
55.47552
64.60421
4.61982
6.41995
13.50179
18.38353
27.33876
31.83622
41.58107
50.66213
57.19796
63.18505
81.88311
4.18139
7.84710
11.23007
18.44567
32.10226
43.53712
50.41172
57.20412
63.62113
70.30056
80.62426
8.37735
13.98824
25.45756
27.21217
40.62822
45.52984
47.27521
48.87202
52.72439
55.78203
60.26081
4.34415
9.15822
14.89050
18.68148
27.23962
34.73443
37.50838
58.55058
66.68107
71.47926
83.51063
3.65345
10.66649
24.45146
36.21839
39.51386
42.10652
56.23283
58.77806
66.26040
69.73651
79.51611
7.13897
15.89097
29.50745
46.67806
53.31334
62.46466
68.63571
72.08320
76.85080
77.51745
83.95958
10.54531
13.96280
25.40089
29.93606
38.35238
42.37236
43.65894
49.58205
52.65427
70.99763
77.29074
8.85590
12.93424
14.46156
19.32220
24.63226
44.07339
53.02967
56.12733
59.73510
66.66861
75.60959
3.30181
5.70236
9.01263
17.03466
34.34447
39.45970
47.73974
57.27661
62.12486
65.55645
74.10865
7.17786
17.47019
27.41585
38.58720
47.81202
53.48191
65.61225
66.74954
67.56889
74.31503
85.26850
3.43922
7.69959
11.03177
13.10471
18.36162
28.40486
37.10923
46.34066
59.04093
65.21282
69.01246
0.75510
5.90094
14.01145
24.76891
30.50040
31.86694
37.41436
40.71705
44.17500
51.13747
56.98299
11.49960
18.34441
23.23560
26.74945
31.26921
36.90496
44.46054
49.20626
48.91702
56.29766
62.55267
8.62910
11.08964
16.52679
22.13614
32.20282
36.40537
44.42399
52.93432
58.23206
64.54180
68.12572
7.06151
13.29179
21.05709
24.17758
30.34328
34.62794
40.84604
43.49641
49.96741
56.82440
67.47625
3.56679
11.69618
17.04895
25.71310
30.22754
33.54691
39.91351
45.88036
47.04620
49.42335
58.90025
4.12256
10.21976
21.53753
27.08227
31.35192
41.80224
44.22146
49.16054
51.65691
56.79475
61.14173
17.52054
23.84527
29.42177
33.33824
40.04556
46.78511
49.67578
52.00782
55.70843
62.15330
66.68719
5.95857
11.74000
13.99079
18.04972
22.11417
26.44077
31.58751
55.30450
65.33135
68.82387
70.89373
7.82581
16.69020
22.47234
28.78307
34.69013
41.55398
45.58865
57.45282
60.75980
69.63600
75.60136
3.35232
8.17347
10.11565
14.96011
15.93905
23.15526
26.63870
35.61679
47.43723
51.67645
63.23077
4.55193
9.93100
11.44912
22.17036
26.48380
39.28169
46.27165
51.58723
54.07425
56.62931
63.80976
4.87681
9.67707
19.18468
27.05155
32.80391
33.49012
37.58839
40.42455
42.82198
45.59803
60.19556
6.48471
24.95882
27.52353
34.92351
39.16253
41.74539
45.99765
48.81693
50.22049
53.66122
56.16461
5.53405
14.92849
16.92662
22.82322
25.01917
33.78606
37.64330
43.69192
50.29401
62.10221
75.53624
3.57759
12.93665
23.41457
34.71593
39.20108
44.55151
47.36782
50.03527
64.14065
64.41224
68.80181
10.78845
13.44448
15.97966
22.70263
38.53604
50.47027
56.50128
62.56723
68.12251
73.92741
80.72924
8.71744
17.91206
20.65146
33.16005
42.93715
53.62003
61.10891
67.90765
71.51504
72.91307
82.39800
10.86155
21.72153
31.83527
36.30799
43.51462
48.21903
51.19958
56.48552
65.16808
83.96952
92.74461
3.59783
5.48861
12.00576
20.11484
26.75367
29.61873
41.14183
41.94389
51.46519
54.95012
61.84012
3.19227
9.71734
18.30774
23.31862
29.88231
38.58206
39.61847
45.66156
53.49821
54.01556
57.02244
4.91303
16.32163
23.34133
28.99168
32.54335
37.48168
45.49282
50.05269
58.38050
64.39901
69.92208
3.06996
14.80929
29.39745
42.25891
47.26205
49.75220
60.47243
65.29304
71.06595
70.95660
80.53728
