8.75497
11.14625
11.65569
12.77211
36.96971
54.86212
55.31187
68.07270
97.27022
103.41485
104.36966
105.88108
105.88613
106.09520
135.01714
145.22438
146.77635
147.11682
158.47784
3.86031
12.39186
16.47261
36.97164
43.42799
108.73654
119.32490
130.88198
133.07119
139.49821
154.51717
156.56411
156.72986
160.59778
177.55754
194.26558
195.39655
204.54302
215.30912
39.12957
40.33788
42.54467
43.01728
43.03119
44.12937
45.84883
49.76926
52.50435
72.40338
74.29425
74.31533
74.40087
78.84411
79.83038
90.33003
96.71573
116.74740
131.28215
9.85541
33.48559
34.55286
39.12623
41.63157
41.70749
47.70354
48.69310
90.27189
92.50076
96.58100
99.71428
99.05483
102.97899
112.60696
127.10718
145.77428
146.97259
153.41568
28.94876
29.51683
40.63313
61.16777
65.64331
67.65042
93.73385
132.83341
133.76859
137.18124
137.80249
138.14072
138.54675
157.20426
157.24985
164.38362
168.58712
169.23246
181.65547
31.18026
34.01777
41.09441
42.29125
43.69707
68.18973
67.78614
68.46942
75.81794
82.75471
92.40008
98.58191
102.97660
120.32814
120.00380
126.59587
145.04568
157.31956
160.11368
1.09170
7.25909
13.90534
33.24582
37.12764
43.45617
49.80345
50.85792
53.02490
86.11769
99.39544
100.65518
104.44681
104.51681
104.70561
113.71557
114.58738
123.72824
129.68957
10.64502
12.13132
38.12517
39.27096
52.22435
52.33258
52.34028
53.04040
66.20355
67.46741
81.08948
83.11333
179.43389
195.23733
195.75796
184.77918
188.47740
211.79709
220.71517
11.33906
34.81354
43.66378
47.19416
50.25747
52.16254
54.02995
79.18441
111.64725
114.63581
114.67862
121.75884
123.20553
123.20571
130.90646
142.34333
148.06695
157.42507
185.67112
4.16939
9.41044
18.62233
34.09273
48.08262
46.72290
50.33219
72.64754
78.89983
79.32708
94.25768
92.49236
104.10497
114.70372
116.32208
116.32264
137.18234
148.43506
149.84696
5.85380
10.03022
10.16213
16.16410
61.23776
66.48039
69.18075
79.27827
81.25231
96.31314
96.46404
98.29493
115.86590
179.06894
179.92188
205.72723
216.02183
219.85308
247.15309
8.88207
9.69982
19.30465
21.52143
29.77698
73.71404
73.89151
82.16799
82.49565
111.58565
121.70148
125.05163
174.73544
183.73494
190.84109
191.18665
191.51490
193.91317
194.56819
2.68367
4.75348
29.37858
30.59955
68.22868
90.94078
119.53135
121.05403
121.45254
125.28811
136.20421
136.41082
158.78993
165.70610
188.47938
206.70089
206.74252
209.08084
238.60926
0.08882
10.76928
13.73834
16.41014
18.71480
36.61498
37.10492
39.80183
54.17174
63.43155
69.38285
70.20543
82.16856
89.54124
109.23132
133.78300
143.62751
152.62207
153.52498
19.01472
105.26433
125.04477
131.37915
131.55896
141.49376
138.12321
152.90362
169.36512
170.19580
181.09741
179.92908
183.96346
194.30834
213.42214
213.56386
223.32955
243.51860
239.02455
16.37621
21.18878
21.27116
22.07412
45.59370
54.61337
82.07030
97.66089
103.04365
143.60336
149.41699
150.49846
151.00047
153.30920
162.81879
163.01012
176.43182
175.01558
175.49850
13.35671
56.51370
56.60294
63.63173
64.58479
62.25867
62.92131
119.83265
166.70765
177.82053
192.25149
201.39031
202.46839
203.39095
210.60569
210.72193
230.54372
236.55121
236.90597
1.88247
9.66959
10.63127
15.42326
25.36334
39.43882
42.03000
60.10771
82.15414
83.72738
84.41963
96.54039
133.09880
145.48446
145.49407
148.84401
149.85255
167.78814
170.67724
11.47264
65.38895
91.78834
94.76871
100.54637
101.22890
101.76507
106.83324
128.18874
134.47815
151.63988
153.50383
153.50383
153.50411
158.82388
178.42817
193.79104
194.89871
195.03276
16.02771
16.94448
20.87938
21.25986
44.26154
55.46060
72.41105
108.18930
108.83918
108.00359
125.87904
126.34943
127.05805
137.90574
137.93472
146.29539
147.33248
147.78702
149.27846
20.06986
22.63547
40.04127
42.14706
59.99123
68.81475
69.18514
72.19560
74.38836
82.41386
91.29179
107.46742
107.64537
107.73191
112.00063
143.35359
152.75279
153.74449
157.12929
7.03377
21.49019
35.31542
41.51878
44.78521
107.80815
107.83552
108.70610
112.72365
130.85630
131.14989
148.21650
171.67840
177.71305
179.42379
181.47399
181.48117
181.54675
182.23943
1.27266
87.08551
97.46515
159.34480
252.09210
293.81481
296.86571
305.03717
305.21517
305.21517
312.54634
312.54799
339.92503
342.86160
347.54064
351.82927
394.84915
396.09450
399.75591
1.75881
10.29300
10.74169
11.23026
28.41346
29.20090
66.13034
66.13508
67.92908
87.66124
87.66126
96.71926
122.11401
123.49609
125.88372
143.86546
157.58026
171.40082
173.04744
0.76167
2.04965
5.24525
24.42415
39.73369
41.62242
47.10276
54.43475
64.69036
81.53541
91.68530
101.59907
121.98945
122.10320
126.64797
129.44639
130.49466
131.18479
135.55749
6.86447
18.21307
50.32755
56.32404
56.67514
73.30601
72.45466
99.49185
117.51283
133.96875
134.64565
134.32628
146.84240
156.21023
156.39143
156.41657
173.32700
173.39136
179.01387
0.01131
19.03815
35.52796
54.45666
62.07984
77.26853
110.12687
110.35509
110.14153
157.17656
157.34430
158.15401
166.97597
167.51670
167.48086
190.50134
196.20013
196.22848
201.97719
8.04702
10.37046
15.26215
49.61096
52.20971
57.00276
58.64056
63.10798
66.96989
70.66913
76.10129
82.84697
82.47873
82.67744
82.80555
82.74689
88.99404
95.29414
148.70461
0.49646
2.03449
29.56120
30.27055
31.22915
32.34747
56.98684
86.81448
89.42024
94.27499
96.41571
96.52552
97.60159
99.75140
109.55763
148.75080
148.75759
149.02444
159.45043
48.69979
115.82938
154.71145
232.80302
226.50652
226.82206
227.15187
229.55918
230.29339
231.18859
234.77018
234.77032
238.45590
249.74895
251.45149
251.52303
254.16690
257.66199
258.11691
0.77978
23.80599
25.24541
27.08275
27.02865
26.38692
42.25651
46.07632
50.45534
50.64955
53.55095
53.55325
108.71269
108.71416
112.72042
114.85501
123.26729
123.28507
148.21830
14.98014
17.35632
30.97877
32.38857
44.98056
43.15300
52.30594
54.45974
69.87428
93.71027
94.52986
124.67169
140.41078
141.78642
154.89381
161.90259
175.31786
178.84816
179.40593
7.63333
41.77580
50.66668
59.88774
65.67289
88.65948
87.97860
98.18060
106.34779
106.44586
126.78659
128.03545
154.42947
154.81724
155.92839
176.69985
207.90814
233.62130
259.41191
5.56698
35.59015
44.73076
51.29633
53.53018
61.92650
59.28854
58.94236
61.61226
77.51080
81.80375
92.92119
91.58049
98.96399
121.40505
121.40577
121.81075
129.31749
145.37138
9.10489
9.77399
19.14147
22.81497
26.39359
42.19178
54.92358
60.92918
59.62608
66.61278
70.87616
73.45472
95.16840
136.01541
140.27027
140.76578
171.36838
173.62422
179.95579
1.00869
4.89480
5.33589
23.03516
27.11400
28.30722
29.56360
31.05413
39.51026
41.19370
41.61363
56.47866
56.47952
57.69384
59.12026
59.37273
79.46498
81.55573
91.39405
5.22976
6.41506
17.34248
50.70160
63.85755
64.41283
89.59638
89.95785
99.25011
99.42567
110.86833
120.26028
122.30606
122.35779
133.23495
138.74590
163.66826
163.63671
177.59367
8.45491
9.06642
12.54348
21.03100
23.19722
24.53154
51.13575
65.68871
66.06485
70.63361
71.05037
72.59005
79.87427
80.75063
82.36959
162.23163
169.22665
169.68116
169.69910
8.46996
18.15484
20.26725
65.34030
67.64334
68.66514
81.90846
88.76236
89.70154
90.41418
90.85722
97.89605
110.88626
133.75759
161.76273
161.59676
165.47070
169.85374
177.58254
1.30876
15.44645
15.57728
17.78252
27.25324
34.49775
40.48667
44.81599
51.62513
50.96401
131.91336
143.44283
143.44302
148.54624
159.26744
174.05640
175.95804
175.96247
183.65606
15.99310
30.74919
65.48895
82.89353
83.37983
82.18672
96.10789
105.66634
110.39899
115.75739
123.73888
124.08171
126.99757
157.31847
161.86529
162.13991
163.77838
166.66811
197.80931
6.24231
7.52501
14.84459
18.20670
65.90062
68.57306
89.53978
93.05071
114.30790
116.33337
121.49232
133.97129
134.67311
134.98351
140.15414
140.85218
141.96573
147.75216
147.75428
7.00820
9.77339
108.98553
113.19653
113.42015
113.45167
117.85723
121.99464
139.52336
136.60267
137.01789
138.49716
135.76635
135.78565
138.32084
138.83031
175.27137
175.27138
192.55320
17.99403
31.24446
39.40805
44.86993
70.98579
81.81738
98.99734
118.77458
119.09145
132.32810
134.02555
140.40559
206.60718
264.51120
270.29258
273.10113
273.25470
274.08401
274.40402
34.27724
36.73403
41.77532
43.36678
44.42087
49.06232
49.59280
52.96130
56.78747
58.60741
65.02404
127.37938
209.35291
231.22811
236.13129
268.09236
274.51994
307.83389
307.88181
32.70699
48.98231
101.66235
102.14874
104.14882
157.42679
158.99241
162.47108
167.75661
172.25767
172.27039
228.05463
228.41324
231.50352
236.76438
236.76965
236.89213
242.02143
260.81225
0.61889
14.84318
15.71678
25.45127
41.12309
42.19268
43.02769
43.57980
57.41584
61.78339
65.32618
66.42943
73.99809
80.01615
87.94408
98.69335
109.72001
111.23743
111.45825
0.62049
0.75077
21.85870
27.38899
30.68655
31.29513
37.90674
49.94676
66.15742
102.08000
104.36413
107.89915
111.21805
140.97611
156.77125
158.47786
160.94198
163.12703
165.97941
0.89327
3.19608
6.25991
10.04897
11.27792
11.20614
23.49722
25.53855
28.24337
32.81301
33.01882
33.11226
38.19593
44.71031
45.54509
49.52982
53.09509
61.55903
62.15470
4.49003
9.14832
45.95823
78.10470
81.69182
116.16203
117.16438
121.81190
129.52425
131.23849
131.85027
166.99841
173.75729
173.75801
176.00000
191.70755
196.16754
198.20475
197.16727
