6.34868
13.56627
17.27129
22.35395
39.02560
42.28943
61.61642
81.33027
84.78026
93.74977
130.89616
132.55081
145.67157
158.33075
160.03155
161.27921
164.37799
2.81748
12.70006
20.39732
25.34609
26.53998
28.27381
41.92007
57.45067
62.39142
68.23661
74.57498
78.76795
83.48027
87.85312
90.07335
92.26934
108.28179
7.96131
20.64493
19.95148
32.42660
43.00029
42.59616
58.88710
67.28130
72.53213
79.07506
88.93838
96.03971
100.15511
104.48217
118.88407
128.61199
133.86423
1.59695
10.25128
19.97855
28.50033
35.76338
43.96835
54.46153
59.82875
66.59473
84.19403
93.65360
95.53887
99.88157
120.16323
128.85742
143.55542
144.95380
6.63859
8.08604
20.62429
30.25886
31.67959
41.06411
41.61936
51.85086
61.48717
78.88608
87.74468
105.93559
111.80175
115.29997
132.94510
139.82521
140.39155
18.53480
47.89264
75.91558
84.13290
95.90823
100.83889
101.16599
117.54246
118.54197
123.33445
126.37679
127.13806
137.06922
150.37461
159.02415
159.27655
178.80955
2.87216
5.47718
28.68133
30.85996
40.45259
44.16837
47.50064
62.50396
64.94362
72.35992
75.14350
78.49099
88.76480
94.81462
112.34299
117.69215
121.84526
7.27560
13.20717
21.61318
33.20971
38.00038
39.34412
42.03650
47.34562
52.94315
63.38327
66.94296
67.40895
74.05206
76.80743
92.81106
92.84603
95.49671
3.63327
12.41963
19.56689
25.54021
32.73210
35.47705
50.63048
52.13469
54.47294
76.64571
90.03398
91.74384
108.26362
109.04009
111.57831
126.36279
126.91084
1.03423
3.31466
7.12599
8.11458
9.44529
13.15398
23.08981
34.02801
42.00085
62.78216
65.17671
77.06467
86.53157
88.11409
89.26742
97.69620
99.49429
4.86924
28.75520
44.36735
44.59679
46.11790
46.49252
48.47630
51.78069
56.25733
78.67119
86.27331
94.84770
104.74236
115.80144
119.92944
144.15947
163.13735
7.59989
9.38035
11.01426
15.19903
32.71847
34.80822
47.23215
55.61115
55.94435
63.46040
86.40942
96.97451
103.66168
127.69955
132.77657
136.81376
139.71430
10.70386
25.00748
28.48667
53.65658
54.96954
58.92853
63.24806
109.91348
110.56956
111.19344
119.16938
121.45638
131.21728
133.97001
136.95344
140.07888
151.06932
16.05179
18.75779
31.73897
36.43326
60.05418
62.96881
78.35109
81.03119
81.59874
88.95534
98.55834
105.87595
108.21133
110.33500
117.19366
127.22192
134.12877
10.34008
10.41061
17.50495
22.98431
32.38131
34.31598
42.57791
44.82745
52.12740
58.42907
59.46841
62.50534
68.44110
73.57940
75.56707
83.62616
86.91550
2.22100
36.01048
35.87622
39.80645
41.55053
41.43018
45.56931
51.65316
62.43386
78.75862
86.73263
88.45226
92.27035
92.72275
114.44641
118.67520
138.80118
15.49504
18.79419
19.47066
19.65850
22.90449
43.95751
47.92407
48.72258
49.11598
58.62494
80.05862
90.95845
124.49757
129.32521
134.47191
134.47191
150.11526
7.49672
10.55686
21.69544
38.74533
40.20726
46.34884
47.07878
53.30715
53.89748
57.31972
67.55948
72.87441
80.54752
93.91323
98.77496
116.81068
126.43384
5.62293
9.43032
13.48375
14.89747
22.66042
29.57618
47.19678
52.32136
53.05047
54.04665
58.01900
62.34275
68.08315
80.85444
97.55637
105.13699
113.02021
3.63287
16.61187
28.00330
28.90720
33.65651
35.15135
39.60123
40.69798
40.49104
41.42696
45.53028
54.16401
64.47996
68.40302
83.82894
93.44234
104.35863
15.48198
26.75967
32.36549
33.50341
38.09396
45.37047
56.69222
57.38065
62.44635
62.77403
66.09221
90.49664
96.76338
112.42428
122.70233
128.08671
138.53084
8.23132
17.78515
18.95366
28.36962
44.79563
43.32964
46.81170
55.33204
64.90930
69.48161
78.88451
88.56748
95.55018
98.32765
102.74350
106.11823
111.13976
1.66011
7.65723
18.65007
20.54753
30.87116
39.67965
41.19651
56.70754
69.99093
71.82427
76.08750
78.51198
84.63265
87.85498
88.05318
88.87060
93.09006
9.18703
19.89403
43.83789
51.72152
52.85790
56.92650
56.38382
56.71420
56.96069
57.87445
67.09526
67.88517
76.99784
87.37721
90.86749
102.11631
114.45492
0.86152
6.79212
12.05075
25.16706
27.08181
36.44043
57.15714
64.98640
76.94837
85.77347
85.82533
94.63916
112.34593
127.42370
130.66585
143.09981
143.56955
4.60895
12.02700
14.35270
15.01522
16.56286
19.55314
26.04282
27.61315
37.42485
43.10153
50.41124
54.43346
69.71379
75.56195
83.32013
98.10282
99.64472
3.93591
9.86756
15.94273
31.34497
37.78273
51.85278
71.37002
71.48330
85.06505
85.24222
92.88092
102.08100
108.59960
110.49804
117.96201
122.86600
129.82479
12.40734
25.92294
27.33665
30.02343
36.64400
43.29467
54.94184
66.18157
71.74690
97.84611
100.86942
100.63849
104.39510
109.61330
117.57175
133.63278
160.49067
8.25611
18.26368
31.32719
33.67614
39.70024
41.51165
58.81324
64.42509
66.60129
69.15330
74.82932
78.37198
80.15680
82.76292
98.03645
100.31585
102.03462
1.20572
9.34484
24.76932
26.94756
41.92510
45.70173
47.13203
52.06941
52.98216
66.46513
71.29376
73.50109
94.12858
99.27326
99.32811
109.93573
117.65465
8.83328
38.01911
53.20066
53.38029
63.38122
64.02517
68.43509
79.15569
83.16567
84.55783
90.51910
93.92040
112.87344
120.01544
126.73206
140.68082
155.19398
6.02842
12.41088
28.15047
29.96821
54.56998
73.38336
76.97901
83.74088
85.70843
86.20318
95.86780
96.35599
103.97271
106.18738
117.81778
135.98049
148.32472
9.79017
19.24200
31.75142
34.40547
35.58130
33.47938
43.68476
43.91097
43.91097
45.08936
44.56843
59.29919
67.18040
75.46387
76.37256
75.84073
77.68445
8.63439
11.42671
15.72812
15.93046
18.00343
21.24750
26.05654
35.88262
40.51414
51.33914
52.30819
52.83264
70.06226
78.77647
88.77814
99.29910
100.96563
4.64820
13.42248
16.24208
29.70441
38.53941
37.44059
41.00903
50.28816
63.18279
86.37382
104.45303
105.72638
110.64807
111.29423
123.61473
124.55973
149.14638
15.93446
27.66670
29.65423
36.73711
40.38216
35.43247
41.52042
45.22255
49.81903
58.64080
61.12346
64.64007
71.08995
74.91606
81.76138
81.82097
92.52850
8.16888
11.06503
27.55364
37.59431
51.88200
58.35636
58.01700
67.93548
69.44746
73.15410
83.47050
83.78067
93.44979
94.22803
103.15178
109.91400
111.70032
2.75581
8.35350
16.79030
26.08522
27.27043
32.96119
36.26192
45.68896
54.65322
64.96356
72.90457
89.53612
91.63513
100.84502
101.34569
106.18650
130.55531
12.52788
14.72793
27.04164
29.94212
36.79027
43.39618
50.83515
63.50602
65.78644
73.06598
74.98622
95.67595
107.12410
110.87950
115.23809
119.08701
130.84048
12.41558
18.40938
22.29705
26.76575
29.65638
34.35529
39.77808
44.72370
51.40898
54.68435
54.22173
61.14519
62.43692
63.80332
69.63807
77.21803
83.70950
19.09122
20.33577
25.07050
26.91694
28.02803
28.71143
31.49955
35.29338
43.05445
55.04730
71.22680
78.78465
79.82990
83.21275
88.51767
90.80252
98.73409
16.56292
21.10094
27.23317
27.50565
48.35288
48.84291
56.42551
60.11235
60.63015
64.78838
74.85168
76.41150
93.90731
101.49741
110.24155
114.96501
131.14398
5.81771
9.00787
12.04074
33.05474
35.33955
40.93070
50.80860
61.11706
70.84407
82.44123
83.36383
82.02071
84.73082
102.06692
102.20876
116.97384
117.94908
4.04867
7.03425
19.57759
37.21836
37.13441
38.28369
38.21892
45.68391
47.06497
55.84503
57.78672
61.57924
69.73054
70.68524
74.93426
87.19444
101.72927
3.36247
8.93492
20.92736
31.55862
47.39965
49.44473
60.43004
73.82293
74.03327
76.47103
81.29755
100.24955
104.88853
108.75558
119.07457
119.62335
126.12093
2.89061
5.75719
11.16166
18.52045
34.56667
36.16375
41.61798
52.75711
55.65732
65.92058
75.37995
95.49545
96.78001
106.92741
108.49296
116.58465
122.37273
40.15599
45.25022
46.88267
47.39597
56.11872
57.36631
60.02918
60.73137
68.38103
79.07670
81.49856
82.74079
91.14305
97.22541
103.35079
111.08205
116.61679
7.81952
11.16597
14.59373
19.21916
29.68240
31.70142
29.98925
31.72347
42.66389
71.32534
78.20744
80.13261
81.15150
84.84672
101.49442
106.07845
122.45321
9.87869
11.09655
13.64282
16.77028
29.63936
28.01881
28.52159
31.33882
43.53085
46.62660
64.68209
75.40866
78.76591
90.11245
90.69236
93.72225
100.88266
16.62977
25.59883
29.36190
46.69518
47.18731
54.67458
57.96387
70.52962
72.25083
72.19296
80.39730
88.38671
95.06994
95.11140
117.58397
120.43219
123.04650
