0.81970
1.39446
1.55233
1.88292
2.70762
3.17840
6.03161
4.60624
5.21923
5.26412
6.43292
6.92974
42.02413
42.01403
43.30985
43.40377
43.66956
43.84871
31.36704
31.78014
32.51624
32.57056
32.59740
32.62782
2.01047
2.10201
2.27566
2.94824
3.26268
5.22321
1.13487
2.25291
2.25469
3.01304
3.64663
3.95856
0.63773
2.18105
3.40932
4.16462
4.17427
4.85743
27.50262
27.51668
28.73033
28.78930
29.23945
29.34643
2.49303
3.64369
4.06091
4.65670
4.72809
4.94506
0.53296
0.73675
1.04138
1.05008
2.45312
2.49311
15.59702
15.59720
16.05680
16.71463
17.04892
17.27497
2.78366
1.17372
1.29252
1.57404
1.62784
2.43045
0.78256
1.96410
2.31557
3.28766
5.61312
5.67325
11.90554
11.94266
12.69557
13.65328
13.65331
14.55986
50.27385
50.39049
50.56949
50.82388
51.02014
51.12576
0.64538
1.99895
2.05276
2.68231
3.06797
3.35362
3.44435
0.42820
0.46715
0.49594
0.60711
0.71199
2.84087
3.26651
3.76164
4.46741
5.23168
5.61344
2.81053
3.26063
3.53416
4.54003
4.54108
5.51112
12.24921
10.52852
10.83819
10.94735
11.40177
11.47519
12.13748
8.22736
8.59921
8.69650
9.49070
9.64382
6.86283
4.93425
5.48648
5.65746
5.67594
5.76917
12.77060
13.88371
13.90124
14.17930
14.95672
15.24182
12.01176
7.97471
8.22002
9.82964
10.21799
10.68722
13.92025
14.79680
15.51126
15.94247
16.04105
16.36283
0.45154
0.63346
0.84946
0.87851
0.88138
1.07894
44.71984
45.08980
45.37555
45.93188
46.29819
46.85332
1.13152
1.17325
1.49249
1.56584
2.08323
2.14948
36.38574
36.37420
36.46192
37.19029
37.29612
37.52065
10.46352
7.60589
7.60611
7.66483
7.81355
8.51326
30.87367
31.08787
31.33910
31.56966
31.84137
32.27566
47.03274
47.47542
47.78839
48.18335
50.06277
50.76892
20.01525
18.15268
18.58921
19.30957
20.43372
20.47645
24.72841
21.46500
21.46607
21.58270
22.13900
23.18994
0.42318
0.60595
1.55891
1.98734
2.08467
2.30835
8.20210
4.50155
4.63123
5.39239
6.11594
6.29372
28.98082
