7.79754
16.03409
25.35301
28.52401
31.92705
3.55567
13.92377
17.32286
23.16906
23.31325
9.13872
11.70312
19.97701
26.13868
31.56336
1.81651
7.57385
13.91852
19.06634
25.99356
8.80165
13.16460
20.00806
26.37132
29.49387
9.26280
13.45575
18.66849
20.57725
30.92868
10.87915
18.36904
24.64122
34.36307
36.21317
5.03715
7.63113
12.73579
22.00514
27.61364
1.79171
8.80310
18.24955
21.64117
27.17316
4.97684
16.60811
26.85276
31.15272
41.55627
6.07483
13.66691
19.06307
29.86602
32.34255
10.71111
14.05324
18.33244
22.71455
29.37256
7.78007
10.48016
13.22220
22.51856
29.85824
4.70266
7.72443
10.33548
16.26937
24.71620
5.27366
7.68614
12.95922
21.95138
27.77810
8.21972
19.38827
27.03753
36.60697
40.03981
3.00049
15.05117
19.77878
26.38128
30.57881
7.41995
13.16277
17.52406
19.51540
25.52389
7.26348
13.52629
15.31590
25.26939
34.61862
5.88251
13.21559
27.05458
28.75548
29.23335
5.00295
13.77118
27.15299
29.20117
39.36418
10.47216
22.60445
30.85407
35.12174
42.74764
10.70670
12.44692
17.66891
24.17879
30.49585
6.65855
16.28403
18.91974
23.75782
25.42314
6.18106
10.94159
21.45154
25.33111
27.45374
4.23607
11.47013
17.19781
25.80604
34.15168
6.79293
16.37044
25.38480
28.90158
29.27402
4.36477
10.08298
18.97272
29.94787
34.87243
0.34636
5.70543
17.08514
18.15813
20.86326
5.78913
10.62003
15.68690
22.61536
28.41616
2.71033
8.58371
14.33790
17.27117
23.62699
4.37915
12.64549
16.51521
25.06310
28.26243
6.17884
13.52227
20.55551
25.64827
36.71301
10.71514
18.58207
26.56509
32.51055
38.63102
16.87412
22.50857
33.27131
37.87025
41.32803
8.08858
11.69324
20.76152
26.24419
36.22014
3.93021
9.31556
14.04888
21.41520
28.80776
8.31798
12.59457
20.24095
28.69670
28.40973
5.90586
11.70723
14.28221
18.47434
29.93863
6.35631
13.71160
20.11310
24.01609
27.04414
5.40395
10.59488
12.37116
19.28158
24.77518
7.43220
10.08445
24.21200
32.64282
38.97066
3.84022
10.38152
16.74203
23.35057
25.52845
9.44136
15.09739
19.71880
30.27413
40.64145
7.04819
12.25294
18.50182
30.44530
38.00119
7.23087
10.32977
21.67959
24.06939
27.99374
5.26783
14.27431
16.24498
19.52924
28.85707
13.80639
17.99152
30.21714
34.77877
39.99242
8.27849
16.66062
26.28824
29.54058
35.87611
3.63694
12.65861
14.71969
20.49411
27.23606
