9.89070
16.06941
25.43900
41.92130
49.66660
66.50586
75.66947
98.44366
108.85356
117.03805
125.65907
136.83587
151.25882
156.03732
165.17810
6.63849
26.19201
34.12703
51.83282
55.91667
91.46978
118.02677
124.79824
126.82891
132.17051
145.40081
161.35568
175.84937
192.00907
204.29683
8.04639
16.70448
22.48607
24.09357
58.88517
68.53983
74.92038
86.39410
98.11746
121.43602
135.07567
148.93000
170.18881
181.04540
190.53290
19.17773
44.58561
60.84803
72.17549
85.25210
101.65490
101.85349
123.03549
136.44726
148.62100
153.37490
153.37498
165.56408
175.21739
186.51484
17.59363
30.87960
37.97967
56.28437
62.93459
73.52592
82.62575
92.08319
96.30359
108.85320
124.80529
141.58529
150.60738
154.49474
165.84490
8.22790
23.77087
29.73244
45.88634
59.20621
80.18012
96.70608
100.44745
114.49262
120.70331
153.33258
161.85922
180.15350
192.73241
199.35837
14.38706
37.56829
44.83667
66.61907
78.78629
84.24944
93.05440
107.71873
127.20279
136.15553
140.92021
142.22209
152.76261
164.77665
183.16082
25.46207
50.79642
60.57876
73.37719
82.33191
102.52989
105.28906
119.84860
126.63487
131.94853
146.49001
149.97324
155.74587
159.89414
172.64658
17.01392
28.44224
36.82694
52.89337
59.90822
67.38149
68.18276
82.64413
90.26367
94.75015
107.05480
120.84390
133.18941
144.06678
166.86977
9.53227
35.13057
43.93704
59.61521
73.15767
82.83087
90.85678
103.93671
119.67236
132.98269
135.92225
161.67736
174.40832
186.90900
206.05293
5.26534
23.49250
34.55555
40.00491
52.51249
65.66527
78.00399
90.10736
96.67737
114.57832
124.02071
140.24263
144.53929
156.20816
165.00377
6.52432
25.94106
34.96152
46.97780
56.89880
64.04645
66.04309
81.96312
100.96524
120.30955
132.99450
146.13947
169.86815
190.83977
216.39754
12.39203
20.57797
38.38647
42.05255
52.26965
60.94414
66.79537
82.74950
100.92374
106.19698
116.20351
139.17861
157.92532
170.54584
193.00174
13.17432
24.02148
41.49752
49.94877
66.75309
80.17212
90.10924
100.08801
117.29771
127.85601
138.92059
147.84167
154.52549
169.39007
174.12912
6.87133
11.85130
25.34019
29.16254
44.89395
59.14747
65.87570
74.58382
81.60973
97.92677
114.91276
123.18990
128.85632
132.89236
147.51077
12.58969
25.17459
34.96629
50.41831
60.65309
76.08602
82.50510
91.14439
107.69353
122.70185
125.24187
136.79244
157.34242
174.20883
177.41427
17.62228
41.36999
48.05095
62.12602
71.16852
73.69908
94.10165
104.91399
115.23454
130.47061
138.83003
144.27631
155.76163
173.54019
184.19086
1.86725
11.38709
20.93563
22.77366
37.60142
60.29232
72.90869
85.91125
100.28203
111.39493
116.17064
121.55720
136.90270
148.37954
164.19833
14.53967
26.10010
40.39696
55.78568
64.71265
68.97755
80.80935
94.10670
97.30458
110.11396
121.27890
127.39861
136.94612
142.77142
164.27538
18.34983
27.10208
37.44007
59.11114
66.96591
85.89653
107.86154
119.48369
125.16690
138.07742
152.13640
159.39565
166.70994
178.83967
184.46981
26.52881
47.31156
58.30804
75.55812
84.12903
87.82343
103.94109
115.40840
127.79379
137.33670
139.79513
151.51149
161.58611
172.30425
196.20473
16.05546
22.80126
45.92197
59.76442
82.30637
94.91331
108.12404
115.99903
123.58035
139.52228
154.81913
157.72825
173.30554
176.91611
181.75035
7.30939
22.01982
43.79552
60.11401
68.75040
81.50562
94.24107
108.27272
119.88435
135.34305
135.75397
135.78269
144.98114
156.62170
165.74829
13.82797
31.19877
35.40287
52.42216
53.95862
58.31238
72.98769
77.70442
98.11941
103.22626
125.74550
132.99696
146.55892
151.63977
164.60200
20.76677
32.11793
47.84712
52.51003
58.47848
78.03499
86.44878
92.98023
97.25629
110.46186
119.34820
129.93621
144.40055
149.00142
163.42759
11.39762
33.08644
55.75535
63.32859
74.91977
84.96305
95.60006
110.63597
117.10444
131.94831
136.26114
141.00964
151.80726
156.37378
165.16048
17.14589
19.67762
25.52001
36.16170
39.31715
55.30409
64.21357
93.81218
108.06633
117.84971
131.77972
131.43229
139.84611
154.73882
168.92897
20.29074
32.28641
52.23786
68.00053
76.00814
81.99970
95.83069
98.21105
113.02089
124.96399
137.37203
149.75921
161.58866
171.50061
177.42951
19.51535
28.56932
45.08230
53.78399
60.88437
75.95235
81.71693
89.22730
94.21985
102.09800
113.49592
123.93322
127.95408
142.65236
149.01898
9.59972
24.12339
44.65771
59.22035
71.68101
98.39920
111.84899
121.70781
126.69996
135.90863
141.16158
162.37560
176.72053
181.63071
194.20469
6.63910
22.27481
38.76655
41.96343
49.75071
71.57929
91.30984
93.55509
119.31612
126.65609
138.09896
151.22806
160.32419
167.46001
173.10117
9.48151
25.95107
34.48474
47.63510
67.46367
77.16444
90.13289
103.01761
123.74624
144.08255
159.75295
171.57105
191.09169
199.96668
202.48133
10.90952
21.54612
28.25345
35.55651
44.98541
65.52717
96.82292
111.79781
134.99634
145.91387
157.38495
167.43216
156.95606
164.97285
168.62449
6.41767
18.45822
22.97625
28.73121
46.42940
68.44878
77.20991
96.46415
105.42281
117.07375
127.84022
134.58165
136.74436
151.12452
172.75892
22.12782
31.00711
37.19424
57.61342
76.99561
99.72839
99.78130
116.63106
133.28235
133.37440
139.04911
151.47574
162.84129
173.19331
178.01404
27.04430
40.59426
56.98784
67.95987
77.01278
86.11910
99.89232
110.01708
125.23394
134.34575
139.11575
142.77949
151.17876
182.45926
187.09918
22.47882
39.51078
46.96580
58.96674
72.67445
83.43507
88.04673
103.22296
106.83267
107.63524
133.39135
155.83898
160.38159
162.90271
176.94974
13.13534
25.27765
46.94245
60.41903
81.34242
84.99613
89.25256
101.17084
119.99192
128.74942
136.69746
146.22637
152.67698
163.32657
171.24746
8.95477
12.50153
44.98435
55.46415
72.20364
87.11737
102.81741
122.98939
130.55814
136.09205
148.48155
156.59538
172.18930
177.36947
187.56628
9.16734
30.41683
42.18886
60.25312
69.03580
75.48669
83.23640
98.14536
109.30136
117.66776
120.13593
136.75393
160.18067
168.26986
183.89147
6.10164
24.01595
39.20665
47.34010
63.09024
74.01530
105.87500
112.67346
112.67442
121.62395
139.75576
148.04347
176.07788
223.42807
238.82499
15.02414
33.17961
52.11161
58.79955
71.37050
89.31810
96.82558
112.96386
130.80590
136.54768
160.07920
162.04977
168.19937
178.45607
195.80299
10.43426
16.63804
35.58108
45.67245
50.10417
63.11116
90.65957
109.31424
119.26951
129.84901
138.00781
143.86998
148.45327
169.45450
177.37798
7.30455
17.37738
34.15492
45.45807
55.20485
76.03414
83.96429
83.91477
105.62510
118.23317
136.45302
149.13610
162.48621
181.56389
203.27559
17.83389
30.48935
39.72861
50.03806
63.83287
74.63347
86.14222
96.44978
102.67724
116.46947
122.43502
140.36802
145.80611
154.20607
163.77929
8.58774
31.14135
43.05626
57.79459
72.78842
75.88371
103.86962
111.73864
121.73091
127.41891
143.66985
153.61512
169.01902
189.49305
201.44846
20.66114
21.76928
28.93030
33.51090
40.77982
54.10035
60.01050
76.97703
85.79511
98.68501
109.87213
111.07413
120.49034
139.52258
160.37521
10.77813
22.70925
31.80626
34.70940
41.77618
56.50966
68.05916
69.36360
73.04560
85.02875
98.33583
110.50145
121.59980
132.67364
149.33658
11.71190
18.71960
19.73566
40.63579
55.94032
82.94249
89.67866
95.96150
99.66522
123.43223
137.86730
157.59110
165.06152
176.46516
188.89387
23.61674
33.47376
48.66925
63.05328
68.68303
74.47653
82.34851
97.80398
106.53589
118.65267
121.98947
144.65749
151.18226
156.76678
165.68829
16.91569
61.54507
70.88204
79.65484
91.08359
98.81303
107.97662
118.00340
119.07290
127.42817
126.37034
141.50365
145.27820
152.26707
166.03177
8.50983
15.72278
26.57939
44.43726
46.40990
53.47747
59.47222
77.30741
85.41751
94.60643
115.51539
146.31716
150.20721
156.69932
174.55083
12.50788
29.87637
38.10906
50.84547
68.37867
77.70489
83.87571
97.16803
102.97847
115.55977
130.82031
135.79947
147.62339
153.84201
186.38196
13.18762
24.65959
44.72596
50.59822
85.33421
93.95561
105.58624
123.25708
137.86598
147.36783
150.67958
152.64785
162.07706
172.99956
195.94526
25.28928
52.66114
72.64616
79.47914
84.63537
95.81143
109.34277
117.98578
129.49207
160.65755
173.26229
182.97429
193.70894
200.15578
204.96002
17.77003
29.56700
34.02281
48.13144
53.68960
66.07251
76.06716
99.42634
120.34098
123.96906
143.06849
159.62030
167.46522
170.70165
177.70821
15.43504
21.70386
29.66974
39.52522
48.49793
55.77174
82.72030
93.14994
105.64510
114.17905
120.95352
128.04654
136.52628
146.40948
173.12812
16.91936
24.74790
45.35425
53.74510
66.89904
69.61230
76.39289
81.14899
93.19966
99.48879
106.93773
118.87362
122.24297
132.47485
147.81435
19.80146
39.56484
56.31120
65.62813
73.05156
89.20170
100.79585
113.04984
133.97211
145.30846
151.51535
157.79707
163.98932
173.55859
183.92003
15.02139
21.43577
29.16026
32.24530
43.33716
47.48831
64.01509
75.25898
84.86394
92.24778
96.54328
117.44358
119.76712
127.38455
142.75229
8.41742
26.53703
52.60013
77.04474
90.42468
112.16835
121.66275
143.41472
154.27433
167.55617
180.02504
187.58995
192.69037
195.25503
199.12498
9.52490
33.36853
48.55706
71.50791
78.52360
93.42864
101.36808
116.16864
126.57760
139.55916
158.96539
176.73625
197.02337
200.77499
203.55640
8.87590
20.26449
37.37196
44.45706
57.15648
67.22831
72.79850
82.40053
87.81280
91.44475
105.71916
109.22823
122.72030
133.96623
152.81189
9.68709
27.93545
39.65002
48.90670
64.95935
84.23443
90.71608
100.21164
106.28848
111.34834
119.12439
126.22768
126.30562
134.85905
142.16075
7.83067
42.53184
51.20864
60.47947
68.47397
76.82603
79.67215
89.46079
96.16587
108.41813
124.55877
134.35872
144.13653
157.13318
169.88859
5.84979
18.60434
29.88478
36.62508
46.57100
55.44376
69.82160
80.50019
110.54248
141.18645
156.30324
158.81820
173.12242
183.75526
190.02671
15.34963
39.43652
51.72062
61.49109
67.94658
81.44226
87.64419
89.83879
107.40812
116.48714
136.46836
150.11901
157.44342
167.14098
175.91876
11.70608
26.84766
41.66840
61.30174
81.05453
90.19927
108.43673
119.18158
123.98491
137.85640
154.10278
155.12891
165.24830
176.28549
183.98136
7.64447
18.80335
32.28371
52.61455
66.44391
71.55719
77.76161
95.45439
103.46587
110.66724
115.68755
120.25380
132.09518
155.23684
157.40958
7.55391
27.66471
47.15761
63.14151
74.45573
85.76992
101.95188
116.21305
126.88742
136.58378
152.83767
156.94165
166.57362
181.18817
189.23995
11.54424
29.98720
36.47360
45.65786
67.29400
78.36277
92.88248
107.48762
119.24012
124.79456
132.10016
154.56375
171.46821
180.33990
188.81982
14.10592
23.93883
30.07081
36.44433
48.97750
71.17773
81.77604
89.45027
103.51315
107.02312
119.16269
123.85812
134.20567
144.38472
148.56564
22.20869
33.32170
52.29364
66.01695
75.34184
80.85745
85.99134
94.74861
96.98087
123.38850
129.67102
140.20126
147.14279
158.65919
173.14179
4.74709
14.78558
39.80768
-1.00000
-1.00000
-1.00000
-1.00000
-1.00000
-1.00000
-1.00000
-1.00000
-1.00000
-1.00000
-1.00000
-1.00000
14.16202
27.21646
32.70163
53.75018
65.27456
85.33014
86.08174
90.10525
97.59408
99.72429
122.80467
143.14110
147.80047
150.53441
159.44653
5.60209
10.37931
30.13227
42.80742
59.31665
65.87473
69.33795
77.29802
88.55944
101.06981
113.44849
118.74413
123.02126
130.94829
146.09374
16.73600
29.01374
40.97180
45.53778
58.48230
80.11181
86.13432
97.08920
100.10965
117.92819
130.87737
141.39049
147.86515
161.17644
162.51654
8.01166
18.37126
44.25418
53.24328
59.67233
69.31793
74.46425
81.86037
91.87495
98.81704
107.47284
112.06179
123.80647
133.13638
147.20180
11.10981
14.14837
30.28661
45.87459
57.32453
69.50957
95.26136
109.95439
115.01700
132.22190
135.82849
-1.00000
152.85414
172.32054
176.53788
13.10462
18.06273
31.33387
39.99636
50.45521
61.05248
79.80410
96.25958
104.43126
123.35518
143.32095
151.84502
166.36524
175.46544
187.47417
19.87153
39.04346
50.16117
54.03142
56.85550
68.34314
76.68439
96.69733
109.20316
138.54423
145.48174
154.98616
177.89492
201.96569
204.61519
12.23513
22.24606
36.19990
46.27424
56.38858
61.86359
86.24659
97.70035
101.50087
121.70935
138.39555
157.20763
174.86723
182.76739
187.54163
13.19375
23.25569
39.15320
75.75055
79.36723
102.96671
113.17409
124.43709
143.46981
155.76919
157.62943
171.79230
178.66020
178.67665
183.40066
14.08113
26.90165
44.40445
46.19039
53.67432
70.07735
82.01276
102.11416
106.64669
112.73167
129.71840
146.83763
172.86034
195.12215
200.50570
16.21097
24.74217
31.81873
33.92148
39.80652
61.67061
79.43913
88.95628
99.30851
122.47875
134.01805
141.82632
143.06452
161.81954
175.04082
10.61375
22.85084
35.11845
46.15341
54.58233
80.99582
105.67364
113.88773
115.75335
124.10046
139.77668
148.13713
163.78645
177.42510
180.76246
7.94841
26.74027
38.04591
52.97742
53.34773
62.76348
77.83771
92.48929
100.37752
117.77768
144.76056
155.79713
157.40661
164.40992
177.07186
23.30003
43.36839
48.74392
56.75741
95.67064
104.49430
106.10189
117.77950
123.90181
145.08438
152.77237
160.08533
178.08722
190.98487
214.76700
12.51183
21.99720
47.22388
65.90830
74.06617
94.61645
113.76310
129.13971
140.28486
151.49796
164.84402
186.99999
190.53594
210.74216
222.20876
10.48328
27.35896
41.46388
50.56526
53.82704
60.45997
67.45403
74.82152
95.16586
112.91252
136.33735
149.88432
165.60184
172.81374
181.27433
29.01392
34.57793
40.49408
50.13542
64.29407
77.59475
85.48219
88.05475
102.26526
126.29009
134.77626
153.40828
154.26105
170.30389
175.60158
10.68225
23.79046
36.38456
50.54817
64.26856
75.16111
82.94736
98.13480
115.56676
126.33643
136.17797
138.31270
157.82933
165.82652
173.34627
12.74607
28.82993
48.80223
51.31691
78.23076
88.55598
95.19836
102.46445
112.61587
124.10507
130.98338
147.24627
160.52845
168.17181
181.96416
5.40943
12.61533
23.38886
38.26909
53.56270
64.46542
82.81812
84.47092
90.89830
97.65298
108.71763
122.97121
143.70165
154.33309
171.95240
11.52501
24.19156
28.52276
47.79491
56.26995
70.10957
77.40726
98.11404
112.15427
127.29244
145.51689
156.40216
162.31386
172.96918
176.02537
16.98618
28.80715
40.22225
53.08482
61.39872
79.64894
97.56839
116.09747
128.53963
143.91351
169.39199
177.23404
190.33124
202.69364
216.20411
4.06442
18.51497
28.18463
42.35688
47.32238
59.10583
73.95056
92.35497
94.46083
97.51357
110.58473
129.12751
147.29662
152.46995
157.90671
9.61417
28.21670
32.88015
38.34913
49.63902
60.76040
71.59858
76.89742
83.78347
92.69961
106.92660
115.49663
119.76259
126.08856
131.50512
18.62336
39.52593
47.44478
49.64292
57.96712
69.13770
86.91076
95.73940
106.27947
114.30049
122.78346
135.64362
157.20369
164.88092
179.92496
23.69285
31.54983
42.89177
47.07879
65.42051
77.42853
87.12805
96.34082
104.85657
109.52146
121.90865
128.80382
137.25246
141.25857
156.60253
