4.53617
5.66880
5.79756
6.01668
6.04414
6.57233
7.13505
7.45965
10.70450
23.85819
24.18023
24.63612
24.91261
25.26281
25.91266
26.33106
19.33490
29.27995
29.32849
29.66157
29.83046
29.98154
30.00194
30.03485
11.12688
14.83824
15.06896
15.17115
15.58400
15.86906
16.35365
16.88866
2.82489
14.17037
15.20234
15.30685
15.77739
15.82609
15.93338
16.24496
10.18198
10.53726
10.58487
10.73084
11.10811
11.44064
11.98920
12.37714
20.83348
26.34265
26.62452
27.08530
27.39410
27.52684
27.52686
27.62564
8.45876
18.74279
19.07801
19.47806
19.63458
19.72494
19.99136
20.46427
7.98308
32.16821
32.28330
32.44519
32.69424
33.06785
33.25523
33.28285
23.96853
65.21316
65.41171
65.60592
66.13645
66.43633
66.49345
66.84209
12.42907
40.41135
40.79861
41.20420
41.31443
41.44764
41.72886
42.12680
8.33430
31.94252
32.39784
32.74382
32.74686
33.21214
33.50281
33.59270
23.86874
44.75820
44.79701
45.46067
45.56682
45.56806
46.39058
47.35329
27.76958
42.30809
42.35532
43.00600
43.57869
43.57873
44.41955
45.00359
14.07512
47.43292
48.07238
48.31459
48.32647
48.39483
49.33300
49.42014
10.93779
17.65971
17.87526
17.93396
18.05318
18.21870
18.68545
18.70195
14.01805
39.46503
39.57524
39.67815
39.91061
39.93335
40.30978
40.55847
8.64840
19.37676
19.68235
19.75752
20.08368
20.45681
20.50482
20.76293
27.90849
33.62160
33.63685
33.87399
34.01263
34.53597
34.57160
34.77155
3.21029
16.36737
16.74566
16.96379
17.13329
17.63504
17.88002
18.57594
4.75952
13.12888
13.35278
14.16039
14.96119
15.40530
15.53968
16.47129
26.32808
70.98162
71.64253
72.33759
72.33967
72.38235
72.48832
73.19980
5.24179
10.09883
10.74911
10.96653
11.32088
12.16579
12.18671
12.64696
0.36989
21.25950
21.77139
22.05609
22.16852
22.26173
22.52577
22.98341
2.12162
6.66609
7.43202
7.82263
7.96984
7.96985
8.13018
8.52260
16.21796
19.16509
20.00734
20.04685
20.50143
20.73029
21.03502
21.17400
7.27933
42.72652
42.79286
42.88476
44.02687
44.59734
44.65286
44.66209
10.39523
12.36190
12.43954
13.31783
13.44104
13.67172
13.77635
13.99881
4.61958
9.62556
9.86733
11.10852
11.37182
12.18559
12.58962
13.01317
18.51025
56.11310
57.46266
58.28018
59.29081
59.48828
59.74816
59.89780
2.67590
20.60101
20.80315
21.53772
21.55247
21.79539
22.41702
23.02073
4.65546
14.51084
15.19749
15.45894
15.62763
15.73280
16.28958
16.75149
18.93407
40.78809
41.02410
41.16690
41.46387
41.70447
42.73282
42.98585
8.14058
32.64179
33.25189
33.58931
34.04948
34.37327
34.85448
35.31585
2.42124
29.35684
29.50646
29.87883
30.44903
30.84230
31.43828
31.45909
12.21358
16.72782
16.85385
16.91175
17.25218
17.46726
17.97197
18.33019
1.98232
18.51036
18.53760
18.83623
18.95221
19.77730
19.94785
20.35166
20.57586
33.27314
33.62613
33.87095
34.26437
34.26807
34.50669
34.87084
5.74409
8.43716
8.75468
8.76787
9.00707
9.05440
9.65410
9.67090
8.99331
20.04920
20.11570
20.23477
20.23585
20.65033
20.76975
20.83844
7.56149
23.41414
23.45182
23.53462
23.56995
23.77295
24.18781
24.37959
3.63795
11.10267
11.63018
11.80126
12.37176
12.76222
12.85884
13.03920
35.66403
36.94635
37.28886
37.91592
38.07327
38.12337
38.25492
39.35897
2.38584
9.94534
10.16303
10.33231
10.63634
10.73439
11.01214
11.25598
8.89686
11.58751
11.70836
11.95015
11.95520
12.15699
12.30898
12.82488
2.58986
15.63852
16.44606
16.60561
16.81452
16.97068
17.25161
17.62617
44.48941
49.00834
49.89492
49.89758
50.12975
50.70269
51.47380
51.97811
25.31080
40.09129
40.14863
40.46994
40.67919
40.81477
40.98744
41.05730
10.06168
18.79530
19.29024
19.55783
19.66375
19.86793
19.87003
20.00293
17.92182
21.08547
21.51985
21.72207
22.25282
23.33897
23.65197
24.24763
1.10644
3.78507
3.97869
4.45600
5.14050
5.40607
5.44563
6.10510
5.84198
19.97765
20.09976
20.12241
20.65381
21.23251
21.23321
21.40782
19.96087
56.00414
56.13232
56.26910
56.40220
56.89928
57.08759
57.17047
27.27885
33.11438
33.11791
33.14979
33.40632
34.65128
34.68661
34.72915
14.36080
21.53364
22.00192
22.15681
22.25945
23.20843
23.55489
23.75520
10.53248
18.45337
18.52609
18.76633
19.45292
19.76917
19.93261
20.49389
10.57277
24.51124
24.93029
25.34381
25.50761
25.68790
25.84178
26.00827
26.40410
35.78123
35.83146
36.05337
36.23650
36.31955
37.03069
37.44766
7.25710
18.04698
18.71694
18.91313
19.27065
19.81075
20.67079
20.84388
10.21441
22.93638
23.00782
23.32513
23.34252
23.44850
23.56031
23.71666
10.74638
44.43334
44.67392
44.84719
45.58701
45.68737
45.89375
45.94148
14.41560
19.26183
19.30273
19.58291
19.84205
19.89553
20.85523
21.49948
7.36600
45.25357
45.47141
45.53043
45.62613
45.83707
46.77680
47.03823
1.65368
12.98441
12.98445
13.40189
13.55116
14.59807
14.97467
15.05972
34.25035
37.18519
38.05770
38.26092
38.62306
38.75310
39.59918
40.00839
6.68353
24.84380
25.25310
25.57573
25.79278
25.82081
25.87868
26.07999
1.88897
6.25270
6.63965
6.77715
7.33762
7.49195
8.25927
9.44877
19.65459
32.85968
33.58990
33.72096
33.74826
34.64281
35.10689
35.66433
10.41848
53.13338
53.55668
53.67250
54.43772
54.80489
54.81808
55.10716
7.20657
24.98407
25.21408
25.67080
25.70390
26.28555
26.39194
26.44018
23.07331
53.14124
53.69276
53.87886
54.65422
54.73886
55.12210
55.65407
26.14452
26.71099
27.24348
27.28678
27.43645
27.69895
27.83667
27.87852
4.51612
11.43813
11.63828
11.91778
12.18398
12.20539
12.77732
13.08499
3.30641
10.20885
10.27393
10.43861
10.94542
11.74210
13.02146
13.47694
3.07871
10.81638
11.00564
11.19615
11.77210
12.08660
12.44063
12.79913
13.86435
22.41329
22.62076
23.60518
23.91202
24.03029
24.65481
26.01363
10.94069
19.47968
19.48728
19.79607
20.64926
21.13437
21.24677
21.35671
44.66045
65.58896
65.66217
66.14223
66.33831
66.51342
66.70142
66.89550
14.52262
15.68069
15.88099
16.10385
16.14972
16.37438
16.37878
16.65209
6.13099
8.83153
8.83178
9.90110
10.32336
11.19988
11.64321
11.84707
20.99077
34.82211
35.81644
35.90683
36.13746
36.34094
36.62821
37.45133
29.59263
32.33254
32.61710
33.18976
33.83590
33.88654
34.00902
34.40098
4.92176
21.89686
22.59795
23.07117
23.29439
23.96024
24.22957
24.72712
26.87863
36.90696
37.03151
37.23648
37.95711
38.15359
38.99598
39.29107
5.10700
6.39455
6.85561
6.90213
7.39665
7.77977
8.04179
8.45585
5.33951
16.92093
16.97669
17.07286
17.09547
17.86923
18.05855
18.71738
1.94378
7.43248
7.52927
7.81749
8.07426
8.26458
8.71285
9.26830
5.17301
5.22497
5.46284
5.71461
6.07082
6.24292
6.76586
6.98323
21.74994
25.17384
25.68647
25.70771
25.98956
26.13018
26.22975
27.27717
12.70103
35.40798
35.43964
35.52178
35.55795
35.89480
36.01315
36.43449
13.87988
14.99988
15.17060
15.30772
15.83435
15.83768
16.13005
16.52044
10.91530
28.52589
29.71324
29.87028
30.07073
30.37799
30.49592
30.66099
6.44872
26.57102
26.69712
27.00611
27.01659
27.38409
27.74388
27.93001
27.90200
39.25108
39.35547
39.78256
40.46503
40.91342
40.95013
41.09021
27.17721
35.69651
37.08021
37.63635
37.99434
38.00969
38.45107
38.78381
22.85537
26.69637
26.97093
27.56369
27.73629
27.75929
27.89282
27.96481
10.23761
10.52304
10.55109
11.02834
11.79221
12.25448
12.39675
12.91374
11.79440
17.78980
18.04528
18.12812
18.61592
18.85088
19.30281
20.05542
15.99415
27.91362
28.56982
28.98507
29.14257
29.57493
29.90723
30.13973
15.33596
33.51373
33.76479
34.28613
35.08188
35.29039
35.38304
35.56919
