0.86178
2.30904
2.95936
3.10418
3.43331
5.09009
6.01021
7.81975
8.82717
8.99923
1.18206
1.57812
1.62201
2.64102
4.16582
5.88083
7.05697
8.11052
9.21166
10.11289
3.65534
5.88587
7.87157
11.45278
12.35758
14.20595
14.27164
14.31143
15.44826
17.67061
2.55771
3.45371
5.67783
5.90077
6.11575
6.41823
8.43884
9.31001
10.06952
10.71919
1.95226
1.97785
2.33023
2.72812
3.23094
3.36806
4.13587
5.48196
6.11637
9.58348
0.39692
3.42457
4.25916
4.55517
5.91174
5.99088
7.51457
7.94119
8.27159
8.67727
0.28275
2.92516
3.51212
5.49102
6.57773
7.10550
7.10676
7.15251
7.84932
9.95929
0.25855
1.17767
1.77774
4.83128
4.83802
5.71622
6.25048
7.10151
8.85682
10.45378
0.84263
2.86173
4.46802
4.50092
6.44229
7.85501
8.86282
9.74165
10.46706
11.67447
1.11829
4.16990
4.44089
4.91917
6.26419
6.52794
8.48071
9.31422
9.31538
9.50643
1.95875
3.91753
4.73154
5.31187
5.86111
6.32181
6.35513
7.54650
8.69807
9.27488
0.14745
2.06231
2.44880
4.04136
4.16983
5.34820
6.51037
9.78806
12.29888
14.66225
0.25446
2.29327
2.83386
3.45124
4.94040
5.15019
6.46378
7.49916
9.21265
10.34041
0.33946
0.68866
2.65984
4.64014
5.05323
5.19626
5.25962
5.82833
6.70771
7.95497
0.23101
0.97117
1.79721
3.36077
5.64123
8.60319
8.62006
10.22091
11.10326
12.51228
0.20332
1.21820
2.50121
4.22868
6.36231
6.91841
8.06629
8.12100
9.93911
11.19008
0.48483
0.96513
1.59923
4.78156
5.74147
7.37981
7.44181
9.88441
10.61686
