11.78364
12.37494
13.89212
14.50099
14.72119
12.83952
16.39128
17.89594
17.90177
19.03171
19.47540
20.13169
7.16606
86.26931
86.93640
87.87414
89.05427
90.14785
90.53919
-1.00000
-1.00000
-1.00000
-1.00000
-1.00000
10.91272
17.60691
19.23773
19.95722
20.24686
20.54656
24.14287
24.36744
24.51222
20.47660
20.92465
20.92897
13.84690
55.77487
56.51019
57.34276
59.37186
60.69801
60.98603
61.79328
63.88560
64.56768
68.76226
69.24843
34.43984
38.49854
39.70363
41.44199
41.62750
43.83296
44.64601
44.64611
45.02764
45.09132
45.45767
45.61319
34.63132
39.19617
39.33421
39.76921
41.04438
45.52788
46.57516
-1.00000
-1.00000
-1.00000
-1.00000
-1.00000
176.54975
180.60172
181.06601
181.48933
182.37959
183.70187
183.84228
184.63566
184.73074
185.90026
186.82912
186.88638
7.47748
61.56800
62.15777
62.15779
63.53187
63.77583
64.53471
67.20483
67.20515
64.58793
64.74096
66.24495
11.47910
41.49360
41.55760
42.26083
42.29987
42.67196
43.34945
44.62786
44.99549
45.00534
45.00582
45.96302
45.45253
72.99079
74.34880
75.84361
76.72925
76.82148
74.16041
75.87396
76.04537
76.38062
77.83369
77.96926
15.34484
37.76469
38.46916
38.59172
38.69790
40.69031
40.91969
41.01633
38.09552
38.48469
41.01391
44.36855
12.92451
17.63476
18.19210
18.24918
18.79075
19.64359
19.77162
20.90154
22.00046
25.20622
25.22241
25.87569
59.64630
183.46788
183.80057
184.21667
185.77718
186.03914
-1.00000
-1.00000
-1.00000
-1.00000
-1.00000
-1.00000
9.20628
11.03825
11.15477
11.17481
11.44593
11.75060
12.50111
12.63614
15.63144
16.19540
18.12688
18.79440
14.80545
45.67187
48.50641
48.51867
48.85412
49.39723
49.62001
50.09102
52.63895
54.37395
55.39309
53.21079
114.90467
117.41422
117.48240
117.54219
118.64961
119.98762
121.07631
121.14540
122.35511
122.82022
124.35452
124.86523
5.83142
21.63207
21.91654
24.08461
26.30245
29.23504
29.50644
27.09797
27.61753
28.07932
29.09197
29.58127
30.86023
37.17445
37.28550
38.18396
38.18400
40.37476
40.49033
40.93336
43.96096
44.06251
44.78676
45.31560
37.17426
55.33912
57.89715
58.15201
62.27657
64.57832
65.19924
65.79666
67.01569
64.27418
64.31545
64.71618
24.64468
69.34804
70.23393
70.50690
72.40112
76.29174
76.79097
77.08140
77.34273
78.65803
80.69519
80.73710
6.33154
56.27224
56.88917
57.97116
57.97128
58.03225
58.12154
60.46248
61.28528
63.33726
63.40045
63.55565
16.64115
35.40778
35.65256
35.96293
36.11246
37.05703
37.23389
38.15201
39.37353
40.24302
42.03503
43.25212
124.80093
134.44462
134.61935
134.62153
134.62160
135.06528
136.51970
137.92262
139.46065
140.11369
140.14689
140.66463
28.18219
56.86241
61.48767
61.50295
61.51003
61.53768
61.55134
61.69788
62.63364
62.71005
62.71108
64.60398
7.68258
8.43961
10.43137
10.44933
11.82433
11.82507
-1.00000
-1.00000
-1.00000
-1.00000
-1.00000
-1.00000
16.33237
35.19430
35.20470
37.48308
38.81144
40.25243
40.30270
40.30605
40.43863
40.45510
40.50024
41.75648
15.22108
202.80699
202.94656
204.56420
205.11041
206.03745
206.25414
206.25462
206.35879
206.63235
207.15317
207.53771
28.92641
35.70254
35.89663
35.91919
39.45200
41.24968
41.26571
41.81365
43.49017
43.49017
43.60006
43.62408
61.20152
92.20184
93.54241
94.98533
95.82067
96.87614
97.33710
98.03933
99.17954
-1.00000
-1.00000
-1.00000
18.05958
27.72171
29.37412
31.47289
31.74326
32.98059
33.33121
34.37438
35.09822
36.36595
37.76876
38.00156
61.74338
78.30940
79.41496
81.41817
82.20477
82.92403
82.92681
84.05465
84.52849
84.61573
86.28292
87.42606
52.88084
62.65370
62.76303
63.11756
63.15548
63.82005
66.04238
66.27446
65.01257
65.43735
66.13793
66.33232
19.16666
35.19722
35.95815
38.84849
39.41352
40.13643
40.35327
40.68337
40.77123
41.23873
43.25633
43.89919
26.56783
29.45593
29.53152
30.25870
30.76728
31.42495
33.15962
33.58310
33.88060
33.91775
33.91992
34.00367
8.07496
11.51855
12.09333
12.69701
13.90501
14.14627
17.76003
18.27822
20.16281
20.98933
21.17309
22.70681
5.68373
23.31846
24.93667
24.98151
25.48693
25.79447
23.57905
24.13165
24.55275
24.75425
24.75435
25.20092
32.65618
35.80838
36.35087
36.63725
36.98570
37.69481
38.36669
39.10742
39.53776
39.72962
40.22996
40.35377
5.07567
5.43044
5.57109
6.20001
6.42071
8.46251
8.52564
8.65796
9.03612
10.25160
10.40116
11.20618
17.84133
51.03602
52.20061
52.21216
53.33773
53.41289
54.45182
55.24674
55.80772
59.45486
59.45542
59.53815
14.91739
31.34467
31.36718
31.37451
32.22373
32.30257
32.97698
33.01456
33.37100
33.73686
34.18598
36.06208
15.16824
39.29112
39.77514
40.30432
40.72297
38.29555
39.32269
39.53630
39.86667
41.88262
42.17610
43.29644
31.64387
77.45922
77.55223
79.35579
79.39942
81.36892
83.56694
83.88559
85.41965
85.45433
85.63606
85.72042
0.47695
76.30852
76.95023
77.14019
77.21173
79.68645
81.46393
81.75557
81.82402
-1.00000
-1.00000
-1.00000
65.23759
66.52392
67.26701
68.11103
70.94424
71.16926
72.16241
73.41618
73.77489
77.09445
77.16909
79.66140
0.63775
4.22359
4.75808
6.18764
5.89487
6.53635
8.48505
9.28930
9.32057
9.85434
13.04091
13.04188
16.20453
18.58491
19.56963
19.77615
21.08576
21.48014
23.31413
23.89187
-1.00000
-1.00000
-1.00000
-1.00000
79.88714
91.19654
92.01677
92.57159
92.57304
93.03729
93.11711
93.12171
93.69265
95.92889
95.93179
96.36206
5.80977
64.44085
64.44568
64.88772
64.91180
65.03919
65.76299
65.97617
65.97727
66.95568
67.11497
69.83313
65.56194
78.06010
78.63578
79.37247
79.83148
80.37613
80.40412
81.61275
82.03021
82.41234
82.46558
84.51982
5.88607
24.11730
24.16850
25.66017
26.21461
26.40142
28.06102
29.04240
29.84271
31.21201
31.75936
33.20325
1.81242
55.78577
56.57410
57.07675
58.56549
61.89750
63.13047
64.26518
64.29676
65.35923
66.59117
67.67933
11.77165
30.21969
30.82334
30.87641
30.87782
32.09955
34.13238
35.63694
35.73712
35.91224
36.60388
38.82476
56.25898
72.89388
75.56724
76.55445
77.11841
78.54298
79.71973
81.01282
81.26353
82.13245
83.12212
-1.00000
10.19668
13.03810
14.85820
15.37062
17.08807
13.83494
14.78073
15.60852
15.76021
16.10837
16.18876
16.67455
1.54194
6.45581
6.46668
7.63360
8.62505
9.19181
9.24758
9.44714
9.51394
10.37801
10.37840
10.81270
121.44058
126.41265
126.81196
124.44548
125.09411
125.14728
127.03129
127.03129
127.08459
127.83250
128.04654
129.01399
25.20311
25.62129
25.63431
25.65114
25.75189
26.44131
26.81428
28.24162
28.40684
28.93335
29.21587
29.50821
25.34948
124.72484
124.94590
126.99978
128.35710
129.04633
130.12262
130.44660
131.37365
132.91079
134.47706
134.49725
11.71605
13.22563
9.75358
11.55943
11.55944
14.99274
15.62370
15.92490
15.97506
16.65402
17.95730
18.11928
0.45543
36.38416
36.72318
39.70003
40.98073
41.76257
-1.00000
-1.00000
-1.00000
-1.00000
-1.00000
-1.00000
0.00574
34.91127
35.42273
35.59347
37.12821
37.78796
39.89868
41.97103
42.60067
42.60124
43.04479
43.62183
46.06923
56.08103
56.19983
56.43365
56.44146
57.94430
54.98907
56.48420
56.52400
57.84111
58.37658
58.76958
74.19587
74.93154
75.48432
76.71686
77.34929
77.83905
77.84064
79.30160
79.31374
80.58239
81.16938
82.82843
57.64353
102.50078
102.82598
103.86989
104.55604
104.62855
105.05131
107.37952
109.26840
113.36671
113.61415
115.09771
25.06664
29.79924
30.46395
31.50888
32.37818
32.47867
32.96905
33.03782
35.57787
35.68754
35.75120
35.77754
6.53003
11.89206
12.92532
12.92567
13.20155
14.25856
14.61085
15.77187
17.47131
-1.00000
-1.00000
-1.00000
64.10752
79.36954
79.50826
81.12963
81.33935
81.35094
81.35203
82.83297
84.31387
84.37041
87.51877
89.12018
63.68855
73.37053
74.11405
74.39151
74.76448
75.50333
76.49585
76.72396
77.97828
77.99701
79.14573
79.37529
21.42178
34.96549
35.11038
35.64902
36.19039
36.93631
36.96970
38.01143
41.36298
42.21702
43.96370
44.74718
1.07321
8.17679
8.84966
9.41977
11.86155
11.90127
12.37052
12.41615
12.57178
12.63523
14.64290
14.92433
49.30816
53.95192
54.80337
56.61096
57.13008
60.18604
62.30934
62.54472
64.14622
64.25348
64.58274
65.76393
0.59068
5.99659
6.28470
7.34646
7.83969
8.64141
9.07176
9.95754
10.05011
10.31403
10.47648
11.29666
0.08411
31.81521
31.85664
32.06333
32.81109
33.92176
33.99333
34.97711
35.24815
35.86537
37.04255
37.70309
9.08194
15.25435
15.25611
16.49667
13.49002
13.54647
13.86558
14.04481
14.37032
14.64999
14.65778
16.73106
24.49380
26.71278
26.77315
28.38467
31.35179
31.60767
32.05987
32.59509
32.60044
33.14509
33.83374
34.46699
4.44490
24.35403
24.68540
24.90767
26.05026
26.05409
26.82862
27.08298
27.11502
31.47281
33.06920
-1.00000
40.50430
43.92954
43.93861
44.13616
44.93937
45.00208
45.22369
45.50823
47.29713
47.90880
48.08593
48.10051
79.47244
84.66550
84.81625
85.65223
86.60798
86.71701
87.68937
87.72160
88.69662
89.59139
91.21880
91.31212
0.11916
7.40197
7.75322
8.18582
8.47165
9.29680
9.52153
13.05981
14.07443
14.31733
15.25660
15.26600
5.19938
5.89160
7.89238
8.58069
9.77056
10.12131
10.26033
11.66456
11.69443
13.01131
13.13681
13.14720
45.13025
86.30729
86.30969
87.56801
88.02665
88.25549
89.55209
90.36666
91.89171
91.89177
92.32359
93.57690
4.52859
59.44686
59.76479
59.77463
60.80249
60.80962
61.54341
62.42935
62.49983
64.18289
65.04373
65.39494
1.39804
4.66213
5.14798
3.22861
3.58853
4.53483
5.79673
5.97084
6.37602
6.74876
7.16534
7.22380
9.95654
13.98572
16.50848
17.50442
18.13130
18.37200
23.45124
25.60423
25.71489
25.89802
27.23328
24.32633
23.22798
122.10694
122.95955
123.22768
124.45658
126.08955
126.28325
126.42656
126.64733
126.80141
126.87271
127.19402
24.43237
141.76747
142.37437
143.09507
143.86688
144.37229
145.48672
145.88769
146.45694
146.76780
146.94332
148.21581
15.45291
45.84719
48.27961
48.65202
48.66357
51.23426
47.87680
49.40256
49.53827
50.54141
51.37399
51.82770
23.47800
43.46155
43.62884
44.79813
46.92417
47.12141
48.52218
49.04189
50.63602
52.54166
53.03209
53.29620
17.82864
30.62803
30.89771
32.11052
32.43401
32.88061
34.26653
34.27086
32.45874
32.56355
34.05948
34.27457
9.01547
11.07834
13.21969
9.98261
10.05455
10.98578
11.03141
11.45526
11.51637
12.28749
13.71897
13.76942
16.55655
80.04477
81.09754
83.39697
83.96553
85.48620
85.71766
86.15364
83.27865
83.61221
84.39994
84.41900
19.71962
39.92580
40.37356
41.77554
43.26771
43.87976
44.36027
46.29470
47.93011
48.88143
49.17325
49.22144
19.22538
42.35073
44.94297
49.20842
46.56589
46.61096
48.38427
48.43634
48.63584
52.25776
52.89340
53.07927
40.81720
47.63847
47.98426
47.98442
48.63659
48.67624
49.14479
49.41265
45.78729
45.78731
46.12369
46.17943
11.88025
40.70467
41.58522
43.63250
43.79438
46.27440
46.63466
46.69782
47.00551
49.14663
49.18211
49.21206
9.74791
10.12470
11.16293
14.19874
14.32429
14.36397
15.76848
17.03508
17.04803
18.52860
19.18844
20.47156
21.49389
23.19704
23.33305
23.34441
23.36587
23.39326
23.47244
26.49138
27.30992
27.77203
28.51676
29.34939
7.64852
117.51578
118.49691
118.89799
118.89805
119.80536
119.83229
119.86040
120.10214
120.24551
121.05651
123.19631
65.77139
124.74073
125.62341
125.84920
126.91094
128.14414
130.68733
131.15878
131.56567
132.09962
132.82090
134.22355
9.01527
34.26526
34.37955
34.40914
35.73932
35.85120
36.68626
33.81015
33.81788
34.61416
36.34151
36.64908
