0.29727
0.78032
1.01399
1.12806
1.39654
1.48993
2.09894
3.12968
3.71027
4.10906
4.13184
4.55791
4.90281
5.10953
5.24802
5.52485
5.52844
5.79040
6.20006
6.38400
6.57633
7.09926
7.19139
0.08262
0.29862
0.44480
1.20297
1.48272
1.60357
1.93826
2.36629
2.63847
2.91404
3.08400
3.34505
3.97304
5.18441
5.41219
6.24282
6.60788
6.61442
6.75546
7.48567
7.66938
7.76117
7.87227
0.05757
0.23665
0.45785
0.58056
1.25554
1.41575
1.81962
2.48536
2.80061
3.02894
3.32019
3.35503
3.40774
3.45007
3.59353
3.93595
4.19303
4.26564
4.36325
4.67245
5.26414
5.46116
5.55161
0.57133
1.06617
1.65315
2.39722
2.77069
2.88467
3.52757
3.98819
4.34894
4.98354
5.32581
5.65464
6.53669
7.16903
