11.66562
19.60920
36.32686
44.86136
44.98639
45.11454
45.34726
45.74591
46.02162
46.58190
46.86871
19.10245
26.48066
50.30841
67.08646
67.69557
68.04134
68.26597
68.57209
68.76754
69.16400
69.34385
25.03823
44.28079
52.70549
55.27013
55.81637
56.01376
56.30930
56.57623
56.98490
57.05250
57.63421
9.04862
25.47754
38.23956
46.54760
46.85126
47.18990
47.54153
47.85697
47.91018
48.60282
48.63070
9.48767
31.22951
39.66439
44.89667
45.58458
45.89386
46.06602
46.26080
46.47279
46.81145
47.44245
7.86870
24.89144
27.66226
33.85765
34.17886
34.57431
34.94512
35.60967
35.80214
36.09417
36.32642
6.61869
20.54912
26.23881
29.52493
29.83177
30.13227
30.58159
31.04135
31.33399
31.66927
32.26574
7.34910
12.57879
25.41932
29.71206
30.08178
30.33493
30.62889
30.77761
30.81818
31.36794
31.43733
8.05052
14.87556
32.95093
36.37415
36.57458
37.17213
37.29573
37.50384
38.11809
38.62825
38.86718
16.58822
22.40559
28.77181
39.67417
39.85687
40.63643
40.78572
41.28494
41.46221
42.17533
42.60179
16.54581
24.28158
28.69239
33.43748
33.83426
34.14192
34.52638
34.94849
35.65975
36.05022
36.53788
10.73005
22.58973
32.42351
40.70903
41.17123
41.55132
42.10636
42.24902
42.58635
42.70409
42.80800
10.02253
29.05032
37.31773
39.74153
40.27568
40.71589
41.05726
41.68005
42.08867
42.46806
42.79811
7.02391
10.84842
19.00355
37.81054
38.00993
38.58615
38.75129
39.09933
39.14104
39.48947
39.49479
4.88274
13.47357
21.79316
29.86636
30.04560
30.36192
30.65660
30.92074
31.05353
31.24824
31.45191
11.31461
21.54193
25.26146
37.07214
37.30975
37.58099
37.81783
38.05106
38.48406
39.19511
39.49078
1.60398
10.48210
15.79243
37.54700
37.77338
38.09767
38.28786
38.68804
39.08446
39.46797
39.84152
4.92157
28.83321
44.49957
57.09579
57.59630
57.95101
58.00564
58.28149
58.34695
58.61059
58.78859
4.06673
10.41486
18.77360
27.87422
28.14360
28.34633
28.57489
28.83418
29.26618
29.74683
29.92321
5.59921
19.96675
21.16653
35.25300
35.68324
35.77822
35.82949
35.96537
36.29493
36.42472
36.65084
16.02655
23.83636
35.83379
50.30300
50.44761
50.51951
50.84050
51.00979
51.34913
51.49525
51.66987
12.31281
20.01100
23.90984
61.94223
62.17926
62.61355
63.03093
63.09186
63.45348
63.70193
63.95339
14.57355
23.47956
38.36536
57.72956
57.88046
58.07329
58.13586
58.69368
59.06496
59.41606
59.80690
17.90367
28.39976
42.51568
78.79248
79.20166
79.46938
79.47980
79.80896
80.05896
80.13154
80.33914
6.30270
10.89834
24.31681
30.34532
30.63133
31.05601
31.39741
31.77956
32.12819
32.29842
32.56624
11.05595
19.44505
37.75447
40.62615
40.81145
41.52775
41.72109
42.31875
42.49391
42.70625
43.09982
12.66625
26.05582
46.53786
50.86292
51.13431
51.41416
51.53130
51.75586
51.86340
52.14546
52.43293
14.77924
31.49308
37.75351
45.84241
46.07206
46.18171
46.48831
46.76607
47.27668
47.58197
48.01638
9.47618
12.52878
25.88778
36.01578
36.53812
36.75585
37.33180
37.68029
37.84968
38.03216
38.05117
20.03790
30.00624
43.29715
48.57076
48.91086
48.96085
49.13028
49.23363
49.47632
49.72566
50.45232
12.92525
21.06401
31.99001
43.98981
44.31517
44.45308
44.62221
44.80647
45.28690
45.79747
46.11866
7.16255
15.94762
23.02357
27.41376
27.82669
28.21521
28.47353
28.82641
29.19450
29.44926
29.96268
10.99633
15.58294
27.22559
36.37497
36.87966
37.19564
37.61811
37.79982
38.25541
38.36828
38.71733
12.87482
41.06137
65.50936
81.89663
82.59571
82.81498
83.42662
83.81739
84.03993
84.34804
84.89963
6.40675
11.64368
17.40133
26.10966
26.37247
26.75905
27.32686
27.48742
27.76063
27.86480
28.08043
3.85093
20.81665
31.98843
41.63421
42.07683
42.31725
42.58076
43.10887
43.29823
43.43391
43.82911
6.63341
22.95120
33.82142
41.02126
41.21737
41.32843
41.81591
42.24079
42.36873
42.58089
42.72947
17.24239
45.22869
49.99621
53.64247
54.08975
54.10296
54.77312
54.87757
55.42168
56.00171
56.27574
14.27082
16.57411
31.10084
37.39640
37.41595
37.62290
37.78424
38.03911
38.09590
38.34610
38.56683
18.20855
25.38192
31.71985
37.64149
38.23234
39.02893
39.24265
39.64178
40.01322
40.25765
40.67284
14.63173
32.08712
41.54709
45.74259
45.95779
46.54144
46.64144
46.69578
47.06212
47.10624
47.14581
7.94632
10.13989
15.91805
20.53080
20.77187
21.11462
21.76199
22.01941
22.31161
22.95502
23.54733
3.37348
21.35337
41.11890
53.01057
53.50992
54.31515
54.90264
55.58462
55.88958
56.15773
56.55403
11.23931
23.23546
36.55603
43.09004
43.42171
43.67681
44.38157
44.72113
45.19697
45.31687
45.83468
14.14274
18.15407
23.57716
33.35658
33.61521
33.87154
33.93664
34.21126
34.22578
34.50752
35.00093
8.39543
25.33364
29.23669
35.33121
35.54980
35.84325
35.99542
36.18799
36.21747
36.39021
36.49440
10.65026
28.71685
35.96258
39.66333
39.82722
40.65288
40.67397
41.00400
41.42395
41.76219
42.21330
8.83905
19.33592
21.90818
28.39001
28.86464
29.25358
29.38268
29.59925
29.76699
30.08864
30.36580
17.65194
20.48278
29.17816
40.89703
41.30636
41.61397
42.16469
42.34332
43.03332
43.27588
43.69145
5.61539
12.93084
23.15151
29.00371
29.15006
29.41049
29.80215
30.06651
30.42642
30.60579
31.15672
22.56133
27.53268
35.27454
44.07551
44.34441
45.25926
45.61979
46.06350
46.47780
46.59608
46.89926
4.07359
7.92043
20.47068
28.47407
29.84739
29.99783
30.64597
31.15553
31.39350
31.48647
31.63945
5.96815
26.32661
36.12842
46.99937
47.15137
47.38037
47.72259
47.93561
48.21271
48.28877
48.41057
1.91680
10.43046
21.11028
71.27489
71.44021
71.87950
72.34393
72.35466
72.71575
72.90986
73.27731
1.69402
8.80074
16.82430
29.21160
29.73045
30.14681
30.53670
31.10842
31.49636
31.70326
32.10617
4.77810
10.38476
17.32934
25.55968
26.25580
26.61263
26.93751
27.34818
27.56355
28.02051
28.86154
13.10639
32.80593
38.76696
45.80995
45.85627
46.23209
46.58198
47.04942
47.48932
47.61323
47.78968
3.43129
18.58268
24.97699
27.67884
28.08145
28.21585
28.36545
28.81384
28.96171
29.08691
29.47467
11.65520
25.25640
54.53177
65.68680
65.90109
66.55134
67.18443
67.68229
68.01138
68.43292
68.72427
3.99985
26.18083
31.15724
56.16918
56.36813
56.43011
56.76350
57.04490
57.37803
57.51621
57.89297
17.39357
20.69717
30.92425
51.31730
51.68788
51.91517
52.24063
52.41574
52.83672
53.10915
53.66745
11.57906
19.25590
30.12623
42.47036
42.52952
42.88868
42.97951
43.16457
43.77472
44.09567
44.45528
15.31786
20.62423
24.96733
29.48742
29.98549
30.39116
30.80688
31.48090
31.58271
32.04892
32.59410
14.62624
16.65416
32.10706
46.67215
47.02777
47.39479
47.78203
48.21686
48.40750
48.87237
49.30030
18.56202
26.40214
33.79311
41.40502
41.92867
42.66541
42.88925
43.68327
44.09739
44.20501
44.36372
6.38205
12.64758
21.44679
22.86445
23.06783
23.60960
23.65983
24.60239
24.67107
25.16445
25.89011
9.81652
18.96011
29.96577
48.69067
49.24045
49.63397
49.98822
50.58853
51.19371
51.68713
51.88048
27.84636
40.54379
53.69795
66.93772
67.58454
67.85964
68.12104
68.30684
68.47293
68.60586
68.92326
19.39122
33.17420
49.80315
54.51870
54.62513
54.89824
55.23091
55.67647
55.76024
55.93399
56.56985
16.73936
27.01423
43.82020
47.48895
47.79796
48.06365
48.71892
48.85475
49.10645
49.50304
49.79132
11.96985
17.08669
36.03299
50.88917
51.46521
51.90208
52.34247
52.68390
53.33573
53.51021
53.61075
22.97647
32.55557
45.94420
50.16038
50.46814
51.27457
51.42653
51.68708
51.75693
51.82394
52.63489
6.47772
15.88810
22.74687
29.70287
30.09089
30.23877
30.47443
30.87253
31.22764
31.51218
31.68393
6.47602
21.63709
23.71904
47.08897
47.29516
47.47129
48.01082
48.62779
48.83852
48.98669
49.47397
8.54300
19.45376
23.63427
26.08475
26.68297
27.02342
27.32091
27.54299
27.71586
27.81096
28.06692
7.82333
17.90556
21.32275
26.45634
26.50085
26.93974
27.04549
27.61549
27.66074
27.91694
28.25096
9.86943
14.26039
23.23064
41.77080
42.43788
43.02793
43.32125
43.53402
44.03453
44.49215
45.17169
5.87092
30.02098
41.04097
45.97432
46.31956
46.42324
46.88908
47.23802
47.43685
47.52255
47.71866
2.63106
19.30447
22.87078
26.82104
27.01783
27.59302
28.15349
28.84145
29.19707
29.66667
30.03310
10.63337
13.71669
35.55431
50.83201
51.33208
51.61927
51.97230
52.15920
52.18882
52.62824
53.25650
27.82153
38.62690
41.04119
67.27333
67.38327
67.84418
67.99631
68.57934
68.91555
69.40022
69.56086
8.74956
20.31282
24.72786
37.39951
37.99761
38.26825
38.54806
38.77712
38.84229
39.21158
39.59499
9.89810
19.89719
28.82850
39.40814
39.70313
39.98306
40.07387
40.47391
40.79261
41.07250
41.48984
4.07872
26.66213
39.14491
43.88737
44.08379
44.53273
44.62403
44.97703
45.32645
45.88220
46.14301
5.07379
13.66183
17.09476
35.86136
36.29943
36.59786
36.82453
37.16603
37.56086
37.92927
38.19374
5.01447
12.04064
20.50770
39.62542
39.95401
40.37987
40.67619
40.84159
41.17612
41.53064
42.06280
13.78730
22.02566
36.82927
43.02435
43.62056
44.06298
44.27902
44.42512
44.87364
45.56390
46.02726
3.82973
5.57188
14.24275
40.38776
40.74463
41.39931
41.44871
41.59692
41.92842
42.21766
42.32338
17.97021
29.61866
49.81098
62.54161
62.63660
63.13544
63.48081
64.04877
64.15329
64.52218
64.65119
11.04500
13.21803
22.39303
40.88528
41.29301
41.56380
41.70451
41.82821
42.27916
43.24197
43.54537
33.68005
52.75873
68.64299
73.61611
73.82005
73.85801
74.16443
74.54966
74.80736
75.03185
75.34013
8.19919
14.05987
31.60097
54.51354
54.90003
55.48068
55.80226
55.95862
56.51209
56.75574
57.09481
2.61630
8.63262
17.02780
28.79369
29.23407
29.40219
29.81728
30.27527
31.08930
31.54148
32.05661
21.48905
36.02676
48.47185
55.37086
55.71119
55.92457
56.06411
56.12999
56.17573
56.21959
56.41037
2.01962
3.12875
8.38935
26.53528
26.54804
26.77058
26.82919
26.95616
27.50066
27.59557
27.82133
2.95678
14.30023
28.04423
34.17110
34.56821
35.08236
35.17706
35.40244
35.94393
36.45467
36.79066
18.16908
22.95014
28.44399
40.74202
40.97413
41.14131
41.26132
41.46294
41.88296
41.98579
42.10986
12.52800
21.30123
24.42923
42.20583
42.50805
43.07841
43.32455
43.44283
44.26678
44.61659
44.76867
3.94075
16.23308
29.57501
38.75580
39.40323
39.54100
39.99511
40.26213
40.53991
40.78916
41.44972
5.34296
9.54916
26.48533
36.70955
37.10785
37.44028
37.47618
37.62878
37.70320
38.13528
38.24727
