7.74184
15.06829
18.55598
36.74046
41.56001
50.22163
53.08286
60.29020
68.42878
70.81108
85.47802
91.87399
107.51778
113.57885
114.79886
128.13073
141.31121
3.09076
15.74911
30.09342
42.44483
48.31932
57.14477
65.07800
73.57619
78.06752
85.66757
94.14386
100.50856
119.56501
124.76787
131.18825
138.73939
153.86748
8.35307
15.62269
20.65912
21.54655
35.46574
46.71450
64.93577
75.08686
88.89099
95.39316
100.28649
119.13521
136.08793
151.95859
161.48597
164.05593
168.36320
1.77225
14.65130
30.10884
53.67190
55.21889
63.99439
66.38083
76.65555
87.69837
89.31256
95.14355
105.85581
110.35940
122.79564
130.91937
137.62591
145.99436
12.63494
18.04429
21.70685
23.28719
35.08190
42.97660
47.34561
54.64034
56.09140
74.90370
80.82915
81.36784
83.81159
91.92286
92.99962
96.80189
111.63978
3.54202
13.53559
18.48037
31.30884
35.65673
41.40666
46.11105
51.17572
52.40823
58.65749
89.33611
92.25622
97.10948
103.04174
108.36956
125.84439
137.09479
8.43410
16.40963
20.52749
37.55047
46.29061
50.43202
60.78822
64.23263
81.67569
92.17769
93.33552
99.15336
103.51813
106.62349
116.98749
141.51973
150.75448
17.99268
22.57685
36.63539
47.76867
60.74624
78.12464
98.40675
103.40757
113.41297
119.99106
128.48768
132.87477
133.68809
140.57212
156.73621
169.80496
176.13511
8.74264
12.27586
18.13995
26.67148
27.39043
32.70406
54.44153
58.41605
65.56214
75.80527
78.68434
79.71272
90.43196
91.03605
103.55356
111.71166
119.01084
6.22484
13.64627
24.31270
29.09363
33.89008
41.04042
50.45410
54.89640
63.12901
82.81497
89.86752
106.53628
106.57179
113.46365
117.83010
124.85077
127.57774
3.59302
20.34856
30.87450
40.30364
61.68336
88.02338
94.04071
102.57759
103.06169
105.22126
111.46682
124.16099
126.69898
159.59724
177.66544
182.21192
184.32430
5.69942
31.36501
33.63839
40.96620
45.30398
58.76209
73.95145
91.90005
103.42184
108.69380
113.36438
121.25409
131.61183
139.90963
145.71816
146.59547
157.97412
6.86019
17.40430
28.21473
48.40654
52.20906
56.00498
56.87576
57.68071
62.97296
66.12676
70.17551
71.46104
77.61484
79.72762
85.29374
88.02611
91.18879
21.72478
33.98066
57.31284
61.03161
63.31352
65.90714
72.00554
82.60420
93.92135
103.41078
120.69822
124.34403
134.31866
136.99021
145.42145
148.50055
158.14795
9.19615
37.17758
40.02134
47.47894
60.60421
66.82024
71.56286
78.15486
82.03856
94.69633
100.31081
107.65291
112.95536
140.06117
144.49849
149.18650
169.61021
9.54870
11.48548
27.39802
52.25161
55.49193
57.78182
62.87783
66.39792
67.98167
82.87914
90.66709
94.19726
102.45726
108.99603
116.29159
121.95019
126.82577
18.85972
24.20771
32.95029
40.76923
51.10504
61.82549
70.60994
85.04927
85.44852
97.03609
98.52386
132.13213
136.39003
140.53228
148.45802
160.21138
167.99370
3.86890
11.54653
18.78021
25.18678
39.00105
42.87213
46.81746
56.91285
63.32038
65.24490
66.23824
88.77326
105.16274
112.04580
114.88295
128.61107
129.05804
23.26839
30.99051
44.60827
67.43691
72.19900
81.32159
92.75050
96.07702
102.85889
113.90232
124.50313
126.06181
127.39880
130.76758
145.97362
159.81807
162.60975
13.39480
16.38568
30.33891
31.02614
36.99629
42.11583
48.25222
59.09986
59.52734
65.05753
72.25808
79.82506
79.83101
95.51188
101.81808
114.97456
124.00432
9.85439
16.43696
27.87004
32.61907
39.41388
47.15206
73.03416
77.36560
87.74233
99.05395
101.82862
103.92726
106.86588
113.74933
115.33958
121.26198
122.42060
8.89603
13.54473
19.21970
29.55020
35.46490
45.10064
66.09175
69.79146
87.29767
96.67071
111.02109
132.68460
135.73401
139.06040
146.57527
156.84026
163.89665
0.62798
11.03128
14.18323
21.51401
25.10199
26.17204
30.03656
40.20331
50.88012
51.39420
70.94824
75.68232
93.19024
102.46988
118.93169
127.28642
134.72482
2.98327
5.99002
18.02015
38.64068
44.16669
53.21608
63.75907
69.56631
74.30154
76.83299
86.68618
97.97891
114.07694
125.72320
136.21163
141.49816
146.35091
6.53314
8.66805
24.98737
32.19565
52.19877
59.51235
60.42542
70.72966
74.96939
79.13235
92.86371
105.13960
105.24342
109.66266
113.71864
123.24686
125.40260
3.17182
6.72297
15.61441
16.65007
21.86274
26.74332
30.15384
34.73931
40.00221
50.95896
64.39550
78.54254
84.35122
96.48135
108.68284
108.85896
115.30410
3.03790
5.67790
14.31976
44.69843
52.39088
57.10792
69.66681
70.74476
72.28894
87.26609
87.91666
92.69873
95.18857
116.90047
122.25311
122.49173
154.14018
1.19590
29.09514
34.48743
38.52250
43.76053
46.38950
48.24455
53.65475
59.82451
61.10490
75.07748
84.90094
94.90268
98.36869
100.02498
126.16753
134.07542
3.31017
13.21679
19.99432
21.02208
27.08821
41.55487
53.50210
55.78446
70.20388
76.52573
92.28618
96.84162
128.92584
129.59931
140.59005
145.53771
156.45588
3.71947
6.24298
16.83453
23.34912
26.31988
32.09959
40.20910
46.48118
58.44773
63.75522
69.75328
79.80357
102.40160
109.68111
113.55415
113.93967
123.81762
7.35582
22.08926
22.77723
38.58015
43.33316
45.26655
54.28274
70.02952
74.32279
83.05590
84.66093
89.73711
99.87752
101.43612
109.20884
118.00518
138.79053
8.06035
9.08012
15.54780
21.53600
23.26067
34.17213
35.81608
42.69457
59.21051
69.97375
87.38593
102.41511
103.73105
108.55584
126.18079
131.34973
164.24501
31.22391
39.66517
44.30216
62.30225
66.74114
69.97758
80.28810
80.48609
86.08620
95.76097
96.26632
106.76862
109.10440
113.37699
126.58583
134.15171
135.32081
3.74049
12.73849
14.20382
28.90395
31.48550
39.33028
51.22861
62.07275
64.04797
64.67927
73.46407
79.96715
82.85621
95.77555
111.73583
114.03816
120.59407
9.74612
12.52797
23.54862
24.65050
29.10216
31.15895
36.08718
37.49414
42.44465
47.26949
52.51004
56.72902
59.78305
71.16638
71.29315
76.71031
96.13892
4.00821
9.07100
11.64999
14.58386
27.83929
34.86678
36.73707
37.50037
44.49791
55.06230
56.76755
74.09976
86.13169
90.54936
95.38305
107.93293
109.61667
9.62862
15.78846
15.94292
20.01615
31.82771
32.99232
33.70627
34.77166
37.57278
48.46197
52.07264
72.14741
77.48777
90.93538
101.87322
111.37220
142.20666
5.93938
11.15317
13.23676
16.25457
38.40486
46.97143
60.30891
62.88488
64.59784
68.94307
74.24343
93.95110
104.54551
124.92671
127.34299
135.01021
149.87068
4.43342
14.64767
17.94704
27.38717
31.37185
39.52066
49.03080
64.51478
67.80101
74.91938
76.14379
80.75426
81.03255
93.61753
99.38931
103.76770
109.53148
6.04978
14.36082
23.35056
33.51143
35.90431
48.06961
73.09061
87.51671
97.59165
111.74117
129.59330
137.21636
158.28796
158.35194
162.21751
175.92741
188.96857
13.49329
14.84451
16.71558
19.80482
24.75113
31.98498
41.61940
46.79170
56.89433
61.04853
91.37401
98.14709
123.71107
145.16549
149.29104
153.75596
165.12382
4.05547
10.54972
15.25225
30.85842
44.48402
47.76853
61.97607
78.51512
87.64378
103.15426
106.83620
110.76103
119.56899
123.54713
125.94443
129.12070
139.32485
17.60375
35.89525
40.10305
50.12249
60.75956
67.84156
74.88042
75.73838
85.56638
86.09406
94.12657
104.58711
108.17707
119.12348
126.26827
143.31093
154.08908
7.56828
9.70690
25.07976
28.06423
33.15816
41.45260
70.84065
79.37363
90.81359
109.49789
124.70719
135.68086
141.15962
149.16331
152.78387
155.31139
157.19231
5.75413
34.16854
40.64413
47.01596
55.93287
64.31112
67.62474
77.52479
92.98018
104.32891
106.70007
117.96679
122.53851
130.32368
138.97695
144.01894
148.05420
15.21431
20.84500
22.56399
24.24598
27.52345
36.38965
40.33146
69.60829
75.50316
83.37617
104.25660
107.99647
114.25062
120.06174
140.38131
150.58652
187.35023
7.44666
18.48881
19.51031
31.30535
36.55293
40.86086
53.97290
54.69431
74.12531
83.08576
86.46009
97.54842
115.64865
118.17521
129.38785
133.73221
145.17794
5.64059
8.81257
12.65750
19.72207
24.07422
37.31896
39.85180
42.23877
65.78999
71.42219
73.65981
77.00059
87.19445
92.02224
118.38623
126.68218
134.88245
1.77930
4.79384
9.21251
31.06159
35.21268
42.17432
42.61640
57.69407
68.83426
75.07693
84.14478
87.08782
93.74036
103.28203
106.51778
113.25059
122.11736
4.32746
16.24958
24.37059
32.27140
44.62430
48.41745
75.69091
83.74612
83.85263
109.56562
112.06134
118.37984
133.59345
134.60884
152.36808
157.80743
160.19824
7.77778
12.90896
22.30952
45.28762
52.52989
82.12113
103.86257
109.19245
114.45343
130.05987
151.30177
164.21923
166.67933
168.92202
190.12889
192.09847
192.11862
19.07224
39.33804
42.49353
47.08412
62.58125
63.47872
68.19910
70.92945
76.92476
91.98056
92.36762
113.47938
131.56510
133.41506
135.82893
144.43942
148.09590
6.50162
15.75046
17.86514
18.36483
34.75965
40.53585
41.43400
45.08721
51.44943
65.37428
65.75251
77.85260
79.21681
89.18184
96.86652
103.16823
107.59516
10.91998
27.62713
33.55717
38.17474
53.48961
59.80987
61.72917
70.62965
81.10011
85.37973
101.55334
112.22569
115.15937
119.37654
124.65973
148.95890
149.14265
1.59571
5.53566
11.50545
18.81284
21.22783
23.90165
32.65283
43.65645
65.88894
73.04481
87.74400
94.39157
99.74066
105.00838
123.40048
131.90799
142.74252
3.08457
9.83261
41.24859
86.48232
95.07027
96.05920
101.27457
116.84678
133.87795
146.38736
152.95441
154.38823
159.09069
163.24934
176.55197
181.84794
184.36880
3.45317
13.53998
34.84674
48.69304
58.58818
63.72057
63.87511
71.52216
82.70834
99.18238
115.27317
120.98579
128.80567
153.01956
158.16720
158.28561
167.44624
0.16283
7.41921
15.36370
19.06007
27.51330
34.65292
52.31633
53.34639
62.59265
68.60813
71.17809
79.03875
90.71327
95.50851
100.20222
113.07970
127.17450
4.82930
9.44213
29.13284
30.21382
65.80998
75.49538
78.80785
83.55265
85.91572
92.32817
97.54045
103.66355
112.63765
131.07251
137.05663
146.46585
151.36674
3.75074
6.00287
10.65538
18.83093
21.40973
27.01690
34.88163
54.19883
77.03905
78.28081
86.11626
87.61668
111.00545
121.83587
122.59075
132.21343
136.71676
8.48725
13.52640
31.69223
43.53243
56.02657
74.46659
79.03266
84.96750
86.35527
90.56512
93.08256
94.02357
100.99932
110.75075
133.32503
135.06128
147.99766
5.04208
7.64585
44.99854
57.93523
67.19122
69.09724
88.83320
108.89612
122.19402
128.62905
133.97461
138.18511
148.22954
153.24735
156.56485
162.00604
165.30020
7.04043
22.04835
26.22835
34.07570
49.60938
70.52421
73.73342
76.14278
81.23274
85.62272
104.07197
115.95526
125.69334
130.87992
135.24613
137.52169
142.40333
4.23505
7.20957
7.61744
36.11305
40.48969
51.18780
67.61533
80.00926
99.57437
100.88440
110.86841
117.82241
122.89695
130.18976
136.98673
145.92476
165.50140
6.81331
9.77911
17.00777
20.37299
31.50613
41.81394
47.36573
57.32312
71.63351
72.03637
77.03923
85.25860
112.07979
122.78728
126.29970
133.26243
137.61604
3.77781
13.16596
19.90358
24.24122
39.98509
48.00706
49.08447
52.69192
54.89654
56.64201
61.74739
69.96270
75.51468
87.46766
88.41655
89.32506
91.25362
3.59700
5.10681
23.36669
28.81780
41.62968
50.55354
57.38584
72.15249
84.32321
91.80430
95.78590
99.25835
113.75078
118.36816
123.28349
138.79075
147.70031
7.33136
12.75049
17.48649
27.73036
42.06446
59.21882
61.10016
62.53048
82.84336
86.88976
97.78006
106.40424
116.39887
118.90345
126.27189
133.24915
139.97550
0.46283
6.11567
13.65164
21.54620
37.79274
43.59722
49.55115
59.48353
63.00490
71.60525
85.68901
90.44433
108.73844
113.10696
127.44451
141.38322
146.26140
8.79044
17.17481
27.64449
28.78975
47.89574
58.65163
63.35060
66.58262
77.39919
84.47347
89.56040
94.41754
100.42855
103.08089
107.02901
112.34621
120.74144
1.33378
13.89352
26.60359
38.17690
41.71077
48.65651
51.73507
55.60969
58.38454
66.31885
70.57881
74.41656
77.36131
78.80786
101.20884
119.26872
122.80342
1.91436
8.66688
10.17215
12.93012
13.69996
26.31690
32.37804
55.31145
62.68367
65.86124
79.84994
83.81959
100.60314
104.19883
108.55358
114.10152
125.49313
10.99465
17.87916
19.70236
31.11373
36.11791
41.10556
52.45166
52.53500
59.88160
74.64424
88.70738
100.05576
115.26039
123.37786
145.58250
152.12127
157.52219
3.20574
4.35906
6.94497
19.02681
42.67447
51.27129
63.60657
78.23042
98.69091
99.32650
111.07533
114.86700
123.04450
148.61808
154.54429
167.29653
185.61973
10.91897
27.01881
32.82633
37.94433
40.41787
49.32619
66.59450
75.29571
83.25414
90.10333
109.46568
115.60931
124.31151
126.75906
134.42959
150.04526
157.15441
10.56224
30.84914
36.56259
43.00894
48.45854
67.30747
76.40176
77.26185
78.43553
80.85606
81.90773
92.20261
98.14922
109.39580
124.88595
137.29599
153.52130
7.37969
14.17839
34.30756
49.50275
50.82313
58.92053
65.62905
73.50848
80.15424
95.01968
102.37406
121.83784
131.42403
138.00333
138.06690
138.33004
145.78493
9.67865
16.52015
36.26762
55.76161
56.22511
66.80113
68.94771
80.37804
88.85316
92.68228
98.79456
121.66297
131.06318
138.48364
139.54916
150.08463
154.59151
4.93571
8.86624
19.82797
27.33753
33.00021
37.33998
42.38216
47.84810
58.15420
61.37660
64.03355
76.59384
85.68869
94.55071
97.17995
109.66531
121.32753
3.82801
8.62414
9.06841
16.91085
26.74272
38.90124
42.37498
53.75022
63.52981
67.30745
87.64070
99.11970
99.14041
107.02358
114.72296
120.57885
131.19671
11.78011
19.05133
33.36459
35.60142
43.07953
46.46852
67.65341
85.10177
90.92245
96.43963
99.49722
106.35559
108.29520
109.72882
114.66303
117.33574
117.95183
4.82840
6.17428
28.30917
49.38775
56.50784
60.38176
72.01239
84.06788
85.19995
125.17075
129.62797
132.69934
143.73183
146.23202
154.35507
157.03327
159.03831
8.80379
15.61888
20.29624
23.00563
37.16883
46.70356
52.04482
53.55066
58.13037
64.21305
76.22228
87.52639
90.92417
103.16444
107.30591
114.02001
116.01632
8.18939
13.09339
17.68965
26.36504
41.86845
59.77835
73.10597
86.83642
94.34958
98.08250
101.24046
123.87590
136.77803
141.39506
148.16117
158.74716
169.94944
1.59761
4.04124
14.51306
23.32054
48.12169
52.35334
54.60688
61.92358
70.09463
77.30044
94.63149
99.07839
105.16939
117.49533
118.14664
118.78627
136.33093
6.47496
17.23650
23.78679
30.38762
40.04427
51.26341
56.19176
60.51906
71.71537
73.72485
78.00330
81.77609
83.92756
92.44781
95.50104
99.38382
113.77095
4.23555
13.10365
16.95746
47.44546
56.02807
57.92551
59.10826
59.72460
69.53805
80.19285
86.58377
95.73800
106.45046
122.61078
132.17152
132.36104
158.07253
4.60460
11.28707
27.02649
29.01587
36.54512
42.14459
47.17316
62.63654
64.63354
75.75627
77.30810
84.98463
85.74204
92.36450
92.49553
99.24706
124.11315
6.04204
11.26906
24.17324
25.33093
40.34006
47.56318
53.18324
59.87089
64.82198
68.04859
82.72708
84.18491
99.16434
103.50555
109.67827
111.04434
113.18473
2.94065
5.21169
14.78223
24.66810
24.85988
29.86772
30.84629
43.74244
47.29872
58.44371
77.80231
105.81257
113.60419
128.14411
135.68783
138.12426
141.73841
6.81658
14.70022
32.11583
35.06827
37.06540
41.54497
45.98310
61.27930
66.43182
70.28043
73.82716
82.98728
84.07356
88.08050
92.17643
109.02877
122.47133
2.35851
2.83715
21.97506
36.19793
48.58297
53.50961
66.59350
85.43053
95.96677
113.95191
127.02709
128.84208
133.76279
136.72851
143.86159
151.82495
178.23585
2.96427
5.22593
12.08598
18.65091
25.74226
51.28928
55.05048
65.57900
67.48867
73.65831
77.33112
81.11792
93.32425
100.29179
107.44070
114.08263
122.19957
11.13402
16.36337
33.41133
35.38339
44.37068
48.19327
58.57498
78.79559
105.78257
111.59224
120.17897
127.77390
130.86744
142.80621
143.03036
143.97176
152.13626
1.12169
1.96317
13.29672
23.82393
31.73578
38.96123
49.97200
66.31101
70.20950
82.77325
105.10575
112.23113
122.54981
122.85413
126.29186
147.49033
151.57539
11.74072
17.90782
31.12860
31.42218
35.42142
37.08393
40.91557
42.48358
50.31727
60.44950
68.68056
104.41846
107.59399
111.35628
129.82418
132.65114
137.12894
7.42158
26.31246
31.24311
36.77479
45.96165
50.04441
53.55499
67.24888
77.73149
82.25272
88.96346
102.43244
111.60760
117.65466
121.16249
122.17160
125.74564
20.28661
25.84051
29.91654
32.18726
57.52667
60.20594
77.35692
89.20072
102.74395
118.41363
127.05192
137.36666
154.31625
154.99903
156.45136
167.13287
170.05998
6.52061
11.08224
13.37867
31.99285
37.01052
39.57096
49.00582
54.92247
58.76285
67.71183
69.05545
69.70245
75.15007
77.53264
87.51957
92.63874
103.23316
0.69044
11.53532
26.43521
28.09014
47.16524
54.72184
61.47266
67.54124
74.06197
87.95107
101.97429
119.27329
125.73537
141.05344
141.30162
144.61976
146.06662
