6.28692
11.37812
15.62818
22.85067
26.92618
35.16419
39.58959
51.13919
64.54845
67.62710
73.10792
75.29897
77.41548
14.96957
19.21149
24.39734
44.35740
52.11796
54.57843
63.81352
70.74171
76.90523
85.37146
92.11808
93.17182
99.91479
0.87640
9.20860
15.10692
18.10357
29.46156
38.86908
53.05120
54.63476
58.96474
72.68187
82.91232
91.67924
98.46251
11.31325
32.32945
35.89193
45.30218
59.81555
64.71294
76.86993
84.26436
85.93361
99.24437
109.37536
115.51630
124.97657
19.80732
32.54192
34.40232
45.29709
53.40270
59.23830
69.21164
75.75659
85.77020
91.22817
99.29999
100.52060
107.29047
8.65345
19.58138
27.31649
38.25546
43.06509
51.77946
60.58801
67.78469
81.75480
86.68621
96.75306
109.71008
115.93020
11.65582
18.44492
24.06196
32.17870
39.39233
51.18689
55.93863
59.60076
60.79036
63.00421
65.88509
70.77820
73.51645
9.38381
22.74659
28.64022
34.80623
50.20691
52.92229
58.75959
61.13261
64.62217
74.44432
79.94007
94.87286
105.62296
1.63080
10.85802
23.16153
29.49505
32.62141
36.25747
50.07577
64.18569
79.09248
97.67532
102.92545
107.86435
121.52951
6.04814
13.63378
19.26860
32.16381
41.47904
53.16742
61.42395
68.13862
72.82690
79.07824
90.80713
93.32359
96.17168
10.13456
19.68293
31.96256
36.73974
46.77178
47.88687
58.95022
70.97128
83.45630
86.40231
90.98733
97.22150
107.78280
16.47152
24.56432
31.61027
36.91897
42.10715
47.69042
52.10379
60.53593
66.52634
76.23228
81.54159
91.42554
97.85028
11.18186
21.15774
26.47797
36.87406
44.50261
50.72596
64.45026
65.53230
72.03858
77.98424
81.30935
87.51135
97.37143
8.11937
10.77210
19.89492
37.86164
41.20043
42.03934
57.43241
64.75906
73.37209
81.48139
94.49071
101.57795
115.85733
7.55067
16.12563
17.23055
29.60424
40.66911
45.41161
52.95244
60.65038
65.73550
73.62438
81.69523
95.11347
98.44623
20.30766
31.23833
50.09312
54.73737
58.42373
64.47239
67.24945
72.92168
74.17588
90.77144
99.13160
101.53240
118.40216
4.52426
10.99149
14.45423
18.89661
39.43130
46.15009
56.81736
60.35060
72.96567
79.45095
90.20435
101.09319
103.04017
12.60046
19.41657
29.42242
39.57225
53.24041
58.35060
69.40056
73.68935
82.96256
93.32768
96.89121
99.92622
112.45539
11.62702
24.23872
28.55796
35.29322
46.05330
48.84217
55.97304
66.13387
71.62674
73.54314
81.32909
84.27332
92.06761
9.80506
17.77689
32.01790
39.91958
43.94698
65.18573
74.95054
82.23402
87.00520
100.08933
115.04239
123.04499
124.71321
9.71524
26.79935
29.67903
38.64445
45.99832
65.16245
79.84848
88.59372
94.43481
101.05450
103.81910
113.52254
132.22489
7.59493
18.75267
34.85847
42.61075
51.89843
60.18612
69.05500
75.88514
83.27210
87.73939
91.53841
99.83566
121.13568
7.41114
22.22595
27.85524
36.68028
45.76438
53.20533
65.42811
76.75128
79.57311
89.38394
102.97756
109.20395
117.95294
5.92390
14.13878
22.38054
23.02335
30.64982
32.23848
44.18528
56.84256
65.00438
91.41111
104.40040
114.42949
116.18535
4.46413
7.50570
13.01616
20.10206
24.16018
27.14980
48.74359
61.11428
74.68270
84.71253
92.77400
97.51775
99.37091
10.62803
17.09089
25.51035
34.64355
39.04354
44.82609
52.29500
66.35590
74.82701
91.75139
102.43066
113.38477
115.49241
3.09582
12.14465
15.61610
28.08060
38.35080
52.52116
56.00003
62.25362
77.35782
83.12116
104.20342
105.07542
108.34009
5.89572
15.92360
24.46964
29.85879
41.64377
56.52796
61.21062
72.63918
79.48786
92.85022
98.15635
101.12661
107.74294
17.78847
31.35410
48.32401
63.96962
77.28386
83.98876
92.59003
96.54605
102.13397
110.11409
117.34378
125.08635
138.57382
9.00770
17.06091
29.28217
41.37589
46.40641
53.62655
63.59790
66.06789
72.69087
79.97722
88.15191
96.14879
102.48292
5.06801
8.34526
20.03443
22.20227
29.74515
33.20264
59.87766
61.98143
70.09478
71.56149
83.17131
98.78270
106.98275
8.08193
13.76743
24.11071
34.82083
46.42354
57.92535
65.07961
68.59378
88.11900
96.14037
102.11102
118.15370
126.61312
4.22076
9.65652
12.33284
18.65815
23.75786
25.56515
31.93158
40.24837
62.56956
70.32258
83.50201
89.19521
101.86043
5.81085
19.98363
32.89195
39.47916
44.18850
57.71618
68.97978
74.36812
79.75514
87.21337
89.98535
92.69146
105.82522
6.77889
18.07289
28.42735
32.45238
35.11924
37.06548
44.29219
48.54008
51.88332
59.13155
72.54116
82.15992
90.60568
7.81218
23.42577
32.30547
40.94920
49.62833
54.88520
75.08192
82.12420
93.99977
96.60489
100.13884
103.98138
116.67400
2.83098
8.98999
12.04300
15.67841
19.44421
25.62106
33.81846
53.70570
72.40813
83.36263
94.86803
97.88167
110.33386
2.87317
8.63395
12.34827
25.69461
28.56420
31.77118
36.60600
39.91928
46.02950
53.99173
58.53500
61.91459
70.97605
5.18049
13.77617
24.59810
29.32515
31.94947
45.45314
50.00803
52.90226
62.18435
75.14703
85.02975
89.76862
96.70008
11.32255
22.91146
31.14906
39.72301
52.87762
57.23791
60.99949
65.04310
74.26929
83.54904
86.94348
96.46542
102.59639
7.01109
21.97953
34.10170
41.53716
45.46506
47.33369
58.82482
75.41156
77.64213
81.25636
104.95401
110.35262
114.21284
4.39732
18.58267
24.33972
31.02573
44.11211
57.92764
77.04316
84.02415
91.75002
97.88687
107.59990
110.40718
116.07073
9.11923
22.96726
32.44773
37.34959
44.71222
48.62474
56.34549
64.97761
67.58112
76.51304
84.07550
92.54405
94.06221
11.63979
24.80494
38.50656
40.15026
53.69208
63.98258
73.39668
77.79821
82.64197
92.65776
99.87050
110.20358
112.16264
4.80947
18.26900
29.09051
40.22706
48.61421
62.19741
70.85033
85.45395
95.16327
105.44474
121.51026
125.50438
138.13302
10.43405
13.60341
17.76141
19.87149
29.40272
36.64137
46.84941
49.09709
58.91354
72.55279
79.19488
86.60429
99.89042
9.58555
17.62266
24.73106
28.67219
37.73004
44.36335
57.21423
67.96389
79.60377
89.53717
102.45378
115.94009
121.64855
9.82434
20.10550
24.71950
34.45508
45.85596
47.69579
54.81453
57.81312
71.66670
83.82848
84.04699
90.18511
101.31250
4.69786
9.01935
12.81472
15.34259
24.64650
31.44761
37.00405
49.82137
61.30429
68.48507
84.17536
103.07745
106.91847
11.56759
15.11622
23.52006
29.44358
41.42174
58.15758
73.17347
87.38720
90.87170
103.72306
109.60180
117.46731
121.64491
6.27101
9.33085
14.32673
19.24082
24.05864
32.36524
35.65385
38.64348
45.78053
51.69726
66.13207
85.02474
91.48573
3.98431
8.06549
12.18949
23.52968
28.47903
31.38043
34.58999
38.10806
53.08185
73.50077
80.85876
87.63785
96.89722
5.10591
21.39863
29.46724
34.73293
44.18318
59.18117
72.53143
84.10467
85.97062
101.28558
105.64323
113.31777
116.30051
4.03966
12.92738
17.41834
36.47352
47.43816
53.20451
59.16222
60.99109
65.61449
74.92340
84.31945
92.01085
96.99355
16.54070
22.13271
29.64402
46.51058
50.05207
53.67870
61.29609
70.47642
76.70070
87.33337
92.41565
100.34571
102.40854
3.34941
8.63626
17.81681
21.46806
28.34357
32.30430
44.53104
52.68574
59.67283
71.17418
83.35389
90.21352
93.88041
7.19807
16.75211
23.02486
23.73480
33.37844
40.92930
52.48041
57.42977
61.63405
64.01786
77.19773
84.99881
93.59151
5.79101
11.89814
15.78564
21.33350
26.06370
37.81607
56.06979
66.94284
78.26324
87.12810
94.82143
103.78571
110.03854
19.72273
27.45810
31.31311
37.75471
52.71578
65.11300
67.93237
69.18188
82.67975
90.20853
101.61628
108.60493
111.38100
18.84588
22.72068
26.15154
38.18491
49.18181
57.14128
58.79570
62.73483
66.23284
76.00440
84.64004
88.49039
99.25690
10.85278
17.02752
23.26301
26.60270
30.73007
35.84462
43.59651
52.61534
61.60892
69.89560
81.56458
84.40420
95.33668
1.89834
8.30065
25.01841
39.82686
44.68637
66.28330
74.00011
87.73529
97.71743
108.23616
114.20361
120.80936
133.95649
15.45234
21.44828
27.83361
36.42848
40.78327
47.75476
62.46002
68.80392
76.13624
77.64196
83.63543
97.79250
102.06364
6.93407
14.73429
17.72981
23.70259
29.71502
35.93568
46.84370
60.93337
65.71703
65.96003
75.69325
84.78456
88.02789
6.24103
9.82638
12.42171
23.10912
36.04797
50.95512
59.55264
65.21491
72.27283
96.80060
107.04511
114.96750
127.05483
4.50018
9.63089
15.82575
17.49706
24.67339
37.58462
43.48750
56.12098
62.58362
70.21234
78.63583
84.52687
87.36662
11.40033
26.12379
45.80652
57.81426
61.10808
66.42408
77.82218
90.98998
100.54193
110.74505
129.79240
137.52353
150.13741
12.13504
23.38459
39.24722
41.67684
57.43559
63.04023
72.57800
84.21322
88.26619
89.76567
101.56094
115.73341
132.35648
4.35568
14.66951
17.91648
26.42470
30.12654
41.87675
45.97374
55.27736
60.93739
72.22233
82.45473
96.95358
99.69960
7.14283
15.42717
30.88780
36.70259
45.94702
57.74276
67.57370
79.15444
80.79543
83.75590
90.55217
97.75009
106.68694
6.55131
14.90789
24.16816
34.91542
38.45193
54.09147
61.33929
66.27570
70.11634
85.06161
86.99849
96.33686
99.98204
4.38526
10.88690
15.07474
28.81336
32.53133
41.38024
43.54420
47.04367
53.00721
69.22596
74.31715
80.46530
96.93835
8.92245
13.77390
24.94968
31.35395
36.90454
52.41435
60.35069
62.58779
66.15313
79.77479
87.22732
91.51645
100.08612
9.60922
15.05375
23.84154
35.50288
39.39767
48.77922
52.85115
55.89556
68.80315
72.29249
87.89162
105.18352
118.10944
14.34336
17.96519
26.32637
36.92238
53.53345
57.88950
64.98040
66.77154
68.75335
74.10717
82.37305
89.42167
102.28663
20.75594
30.23683
34.06445
42.27546
46.78073
49.63087
58.23923
59.82394
65.81592
87.47434
97.56723
100.94936
112.57789
11.08564
12.64417
17.42795
37.91789
44.92279
63.39312
71.04273
79.78195
85.99100
90.81794
105.83751
110.43010
115.38054
3.97533
14.53144
23.41639
24.53397
35.87004
41.63484
72.25153
88.16262
94.84888
103.31051
108.24809
115.03496
132.39914
6.73606
11.95376
20.47025
26.66204
31.53402
36.71183
39.10881
44.50959
47.48381
49.94506
61.74788
70.66012
82.97529
13.57142
14.12769
19.30017
19.88991
34.55707
42.83725
45.62331
55.92063
72.31018
76.23928
82.09597
93.99196
101.96757
12.77076
20.45884
31.09020
35.81420
49.37187
58.30261
64.82541
73.50287
82.35250
92.82868
108.02962
110.11078
112.81317
12.41325
15.56998
32.44304
35.31002
51.48921
55.56389
64.50025
77.84652
90.88677
100.12925
107.96787
116.62390
123.48586
15.59223
17.25929
20.75653
33.43137
39.16410
48.84549
53.94588
55.98260
57.57911
67.24845
71.58591
76.60751
80.77418
7.20396
16.11558
23.38573
34.54968
39.53505
43.67769
53.92967
56.75912
64.11357
70.13483
85.28567
89.16126
97.44615
9.07075
13.15142
26.62620
32.02856
42.04623
51.62046
62.73307
70.54440
85.15251
86.37375
93.60779
99.19544
111.05802
10.78963
26.98023
39.54820
46.12920
53.50178
61.90251
66.44325
73.07166
81.67546
84.11639
89.58047
97.41889
104.54659
4.96111
12.27549
21.28749
28.38133
30.76832
39.32494
45.02344
49.57051
59.32225
66.05095
68.50273
83.16022
89.35955
14.53702
27.16615
32.08001
43.22615
47.37545
49.84462
51.10856
62.39515
75.17254
77.71687
93.22659
98.65761
101.94775
10.79557
19.63619
26.03688
40.46127
47.87583
56.32133
67.63096
73.28405
77.76762
87.65211
94.27195
101.62485
107.48075
14.35942
20.15239
32.13675
35.93218
38.88046
39.41741
55.74530
68.37337
73.98580
79.22652
105.19899
107.85353
117.02946
8.93552
19.16617
28.16154
30.91889
36.82882
46.41432
50.31109
54.60516
59.08712
66.02070
72.52005
82.13254
87.23050
2.98109
13.30748
21.75461
30.95774
38.02263
41.02260
51.10683
60.60538
67.29033
71.68564
75.09298
86.68727
92.13939
4.99486
10.62463
16.94371
24.49734
30.96634
42.13435
52.45079
59.78698
65.80190
74.24136
78.65839
85.94912
92.78346
17.07769
22.10597
27.91593
42.24218
47.85878
58.02302
65.56883
71.24261
77.50212
85.33391
94.68371
113.42419
118.65380
10.45199
15.04785
34.11730
35.01771
62.16014
71.51583
72.67778
86.53023
94.14634
98.82538
108.91270
114.36831
117.68564
7.76335
15.71265
25.71835
35.19962
44.25282
53.10296
57.97770
58.93271
64.88653
77.13321
96.74871
102.54653
103.95484
5.09848
13.03254
28.17607
34.64103
46.84059
51.57255
53.63727
58.48747
68.05091
72.03951
76.98973
86.71523
90.76344
14.26399
23.55159
31.03156
38.73473
41.62269
46.53348
53.60811
57.37157
67.96206
77.82221
83.03504
85.76551
88.80465
1.51236
6.95379
14.96646
19.23863
30.73642
47.53906
60.00856
77.09876
85.42885
91.30043
105.72813
110.15275
115.89433
19.84705
23.42791
38.71299
45.27062
52.71125
59.59516
65.76625
72.51627
77.85028
86.09469
90.56682
96.50431
98.09669
