3.57518
10.30162
21.93622
33.57945
52.15412
54.71258
58.32558
58.43365
58.61148
58.93514
58.96898
2.05465
5.61664
12.42161
29.66370
33.38665
45.02802
45.74905
43.38162
43.48877
43.73670
43.90056
5.52609
15.24997
18.12768
22.30507
24.91621
26.28309
47.78151
47.87458
47.92432
47.97295
48.38341
6.90948
10.10600
20.28463
32.12014
36.91518
37.49983
55.13740
55.31884
55.39832
55.45747
55.92736
2.98202
9.07595
32.98725
38.81432
47.54003
49.64845
50.11687
48.23690
48.31118
48.65654
49.11021
11.77377
15.57179
18.98407
20.79486
23.78189
28.09451
28.82477
28.85133
28.98919
29.16184
29.65518
6.41760
5.83210
13.82512
16.98046
24.50162
28.41929
29.52810
26.69014
27.03516
27.72068
27.94846
7.95958
20.39502
22.56801
36.12848
39.86548
41.30583
58.01977
58.11089
58.19127
58.24103
58.46705
0.58523
4.72868
8.17098
11.76679
12.75452
16.59546
22.63690
22.87784
23.01536
23.11304
23.57047
2.22826
5.33182
15.27036
22.24408
24.44814
-1.00000
-1.00000
-1.00000
-1.00000
-1.00000
-1.00000
2.43203
17.72295
20.36901
30.34804
41.73885
54.12820
54.66566
54.76490
54.91913
55.01305
55.28845
2.74677
12.44550
24.36362
35.03069
39.39614
50.05783
52.76075
53.38249
53.60732
53.80671
53.89221
0.50603
5.67295
13.46772
17.13936
21.54840
23.91180
41.33095
41.44057
41.47624
41.94299
42.02019
14.28419
27.50604
32.17783
32.67136
38.85553
53.21465
58.27236
58.57077
58.93178
59.21117
59.36572
7.03437
7.33284
17.65165
23.50468
26.29975
48.85834
63.71477
63.89884
64.68262
64.99044
64.99189
9.65811
9.50600
30.48537
34.97732
55.58133
73.40136
78.23711
78.08731
78.25458
78.46885
78.82472
0.48473
1.21035
8.16689
21.29226
31.02614
32.95560
34.29648
33.73340
33.79068
33.83344
34.05898
3.73802
4.95705
18.90733
28.97837
36.82603
56.04557
67.86198
67.88519
68.37331
67.12533
67.24663
4.92252
6.64377
12.02810
13.92549
20.92819
22.55035
30.00158
30.20126
30.32884
30.54148
30.65992
6.53368
17.00697
18.71780
49.79728
57.66151
58.50132
62.58208
62.64808
62.90816
63.39598
63.41088
8.53152
13.51828
16.86005
19.69911
20.55150
20.16995
25.14573
25.15304
25.15869
25.39212
21.39816
5.27834
22.97134
24.78710
38.72290
48.84039
81.33704
86.29487
86.29784
86.44345
86.48000
86.56352
1.48602
11.59669
16.48703
22.46046
29.58298
51.73251
58.68170
59.38055
60.23755
60.50165
60.51612
5.95864
11.47716
15.18316
36.21670
62.07333
72.10877
78.89107
79.41648
79.74017
79.54064
79.67455
8.31219
19.99167
21.72971
23.58743
30.34254
41.68876
43.09568
43.25600
43.28506
43.44133
-1.00000
5.70809
6.60054
5.08194
12.37351
14.69765
32.14532
32.60543
32.93662
33.08729
33.25712
33.47144
0.80756
5.58850
18.65917
21.32134
22.74775
45.86012
61.84594
62.42166
62.47066
62.49691
62.51183
3.04246
5.42820
7.85340
16.86184
15.33159
16.38234
21.07734
21.21530
21.41228
21.46976
21.60969
1.48470
8.75109
14.58826
27.56643
47.39943
66.54221
69.63499
70.52274
67.38107
67.44744
68.82112
6.40962
18.73599
50.33350
54.23188
57.75330
68.17051
85.82687
86.15351
86.25287
86.72267
86.95905
8.54251
9.61298
19.15269
26.04857
37.42907
44.58382
45.07394
45.45912
45.75439
46.12782
46.59999
2.81523
11.77324
19.91972
36.31619
41.04082
40.89679
40.12285
40.44815
40.54982
40.85552
41.71185
3.64111
9.24782
11.22663
16.38382
23.34492
25.10283
33.37898
33.54789
34.39117
34.60581
34.99650
13.79353
25.71158
30.49449
39.39298
43.51435
65.79862
67.32267
67.38731
67.41027
67.69886
67.89422
2.62092
4.81365
14.14582
22.90873
22.37336
32.84050
39.33394
39.46617
39.58691
39.77905
39.39205
1.73266
11.86771
14.95395
15.69920
33.88352
41.30231
45.98011
46.39136
44.57365
44.85782
44.88918
4.43997
10.26294
17.87294
22.45783
32.20851
40.31525
47.34790
47.43019
47.60664
48.04786
48.29692
10.65244
14.79508
30.00792
33.61830
42.48028
46.53628
54.51134
54.76135
54.78118
54.95125
54.95854
8.38098
25.08032
25.52007
41.61270
57.73436
60.23574
62.41157
60.34367
60.59457
61.07385
61.17201
0.83735
5.12545
11.35227
11.81725
43.96357
50.53907
52.80627
52.97975
53.23673
53.45974
53.53077
1.12893
2.18099
15.69844
17.97754
-1.00000
-1.00000
-1.00000
-1.00000
-1.00000
-1.00000
-1.00000
3.53066
27.07776
27.49748
27.99888
29.25857
52.32234
59.84909
60.00056
60.40880
60.80258
61.02895
4.75815
9.99743
25.44897
31.29835
38.53795
44.84085
49.79073
50.13153
50.13337
50.60656
50.79620
8.28961
19.63966
21.46913
30.56708
37.65604
40.88290
39.69596
38.10728
38.44668
38.84612
38.85217
0.71247
34.47679
34.50496
43.14768
43.80389
46.53823
69.70920
70.41763
70.99515
71.12854
71.24820
1.48635
6.96893
22.22621
27.04702
28.17434
39.14857
40.39869
39.17587
39.42045
39.43042
39.50244
2.59141
35.64971
50.90341
51.84631
55.71730
70.00203
77.68491
77.80748
77.96121
78.17882
78.25252
11.04742
13.39798
27.66585
28.36700
30.26339
35.16563
38.48850
39.01022
39.21191
39.33815
39.88374
22.41982
58.63031
58.54029
58.49191
77.53387
81.07414
94.40285
94.45651
94.68560
94.69886
94.79733
24.90078
33.24265
40.42151
45.53249
49.82827
57.62114
61.81431
62.40423
62.56064
62.82517
63.03658
58.98267
67.88207
73.05837
84.51243
90.55791
95.27558
105.42527
105.56913
105.71334
105.78035
105.93159
2.96331
14.89438
30.18644
30.87241
33.79560
35.92959
46.50670
46.57044
46.94214
47.17505
47.30515
10.27967
16.75283
34.08837
37.00026
41.91201
43.00054
53.97526
54.23523
54.31744
54.46414
54.57050
19.48745
29.31519
32.86721
33.55219
34.65036
35.23017
62.77282
62.77418
62.79481
62.83185
59.35214
4.55394
13.08404
22.49299
24.06756
31.26275
41.32621
50.01364
50.17810
50.34742
50.36726
50.49807
3.43078
9.59786
20.54642
32.01733
34.83739
38.53597
42.07101
42.51276
42.59089
42.82825
40.74274
0.07814
0.68489
15.82869
22.29270
41.07877
47.79250
50.31618
50.49142
50.50848
51.00130
51.47195
0.94713
2.29755
9.64056
28.55138
55.74710
76.19846
83.13462
83.16001
83.30262
83.48415
83.56156
6.89214
8.28753
23.40534
37.60799
38.23367
40.94777
49.70901
47.68779
47.76724
48.11569
48.22343
2.70743
6.56299
16.09347
34.85441
37.44904
42.78664
49.60920
49.69254
49.70974
49.71440
50.11141
12.08995
13.60187
13.88301
14.78030
22.28788
35.73278
45.57390
45.71403
45.98718
46.55244
46.60707
7.96128
12.42587
12.67940
20.95667
30.89125
31.85846
32.62228
32.65217
32.77190
33.00817
33.08927
3.71379
17.20737
24.13633
45.09854
47.50158
52.61530
55.92632
55.97622
56.10268
56.46640
56.54228
24.84149
25.26755
26.02940
26.54234
45.88809
64.30336
66.65459
66.92803
67.37759
68.24042
62.94493
25.65661
28.83988
34.51937
45.40598
49.96235
62.98220
70.04339
70.21221
70.24202
70.26530
70.31952
12.33996
24.40978
23.68185
29.07539
28.97711
29.62019
32.28452
32.31949
32.89634
32.98298
33.26384
14.80320
28.41088
31.60702
37.76222
49.25150
63.27165
59.21843
59.25364
59.26140
59.45707
59.56026
19.50598
28.56544
36.59959
41.86766
51.51529
55.95268
90.27426
90.54611
90.69931
91.00920
91.13587
1.93469
11.67765
21.84179
81.60098
86.89732
95.64389
102.01736
102.14121
100.43848
97.68792
98.03267
6.88530
12.64277
18.59005
29.63621
28.41178
50.96763
74.55533
74.57872
74.59746
74.72905
75.28989
3.99568
8.12741
19.75547
24.67486
28.08628
28.58380
30.13776
30.18622
30.46842
30.47692
30.83869
3.48731
9.10936
33.85366
59.11508
60.70969
65.90846
75.91486
76.13597
76.24863
76.52789
76.81145
14.17762
17.07438
17.52298
20.75741
22.29691
25.23360
38.40762
38.63598
38.78667
38.97076
39.21136
1.04306
8.11088
15.65528
18.35759
32.64262
33.26227
43.78943
44.06766
44.36220
44.58383
44.83477
18.17822
22.77499
26.53175
36.39557
44.33816
56.17041
57.63967
57.74137
57.89554
57.89832
58.03246
6.57754
10.78665
27.25147
27.10396
27.56077
29.16345
49.05098
49.06850
49.15395
49.41145
49.43098
1.10883
2.10759
11.47339
44.45869
45.67755
64.13646
66.58731
66.90467
66.96578
67.13270
67.59539
3.91591
8.32345
18.40073
37.27440
40.82727
41.85421
44.15795
44.47569
44.52316
44.91739
45.62004
6.17616
7.12137
7.22299
28.44693
30.04768
33.11253
35.93706
36.04965
36.31356
36.35256
36.58295
4.30932
15.00509
23.33749
40.13985
40.61950
64.27153
69.03297
69.27228
69.07004
69.38670
69.50683
1.98364
16.90171
23.27779
33.76741
41.11111
43.41704
46.51567
46.93415
47.18182
42.74965
43.43109
7.26006
17.16633
26.98748
31.37455
44.67603
47.69393
49.67788
48.01869
48.02999
45.66906
45.91253
1.20210
6.67035
14.76300
14.45195
49.43658
50.10989
56.73176
56.81623
56.93537
57.38484
57.76263
3.34012
5.45087
9.91281
10.69399
10.73226
21.38696
23.63191
23.76952
-1.00000
-1.00000
-1.00000
4.73630
6.71136
16.10162
19.92507
36.24918
37.08282
47.23569
47.43524
47.59014
47.60297
47.76323
4.05114
6.82292
6.93584
28.17569
34.45617
35.89088
42.02143
42.05309
42.14928
42.47610
43.35421
3.40404
4.23145
9.36304
19.63801
19.88907
43.28646
44.60359
44.66800
44.88706
45.01973
45.07079
20.87268
26.51919
39.64515
55.08763
71.65876
71.70292
80.33883
79.79338
79.84880
80.21812
80.22295
0.04708
2.64987
11.79860
13.97228
15.50736
18.33354
29.04885
29.12504
29.38993
29.65081
29.74895
20.98276
53.65209
53.85635
54.40910
55.36565
66.44088
72.70411
69.35184
69.57757
69.75003
69.84402
10.67565
18.90197
22.33209
26.15799
34.41418
44.72246
47.24587
47.40208
47.54325
47.81913
44.98858
5.34413
8.33887
13.67602
17.48720
22.42534
46.18278
56.39045
56.67437
56.87792
57.20461
57.41606
23.28708
24.90132
38.85572
44.45429
47.11486
50.94333
53.98478
54.03362
54.55140
54.57787
-1.00000
0.88851
9.23006
23.39668
27.50599
34.74940
43.03309
47.71245
47.73119
47.98779
48.32320
48.62999
20.75876
21.45059
26.20090
35.67152
36.29948
45.21313
45.27362
45.33104
45.62401
45.70930
45.75903
4.04149
8.40817
10.47457
12.29837
17.62110
24.23321
26.71535
26.81809
27.00269
27.16653
27.40224
0.45252
3.98022
21.68281
25.23207
27.28542
41.93145
45.54442
46.80016
46.91186
47.09627
47.26725
3.76053
11.98719
21.29522
26.42121
34.32260
34.17737
37.69758
37.69758
38.02274
38.26677
38.61184
0.84141
26.19364
27.65256
28.08093
29.25622
31.98851
42.55795
42.96976
43.11500
43.25326
43.34666
16.52853
14.87010
20.84953
32.16281
33.80671
42.26022
46.87940
47.88887
49.12458
46.88269
46.90021
