2.79894
9.04559
16.09419
24.20046
27.03916
35.26424
45.99153
50.25520
58.57549
64.50804
73.79935
6.23233
11.93796
16.53248
21.28428
26.88054
30.46996
37.24727
44.19978
52.48869
58.31028
64.65843
5.09891
12.27932
20.14075
26.60587
30.91838
35.14140
39.92538
46.75847
52.08455
57.70310
64.60136
6.49484
12.41918
22.32082
26.82436
33.71279
36.52596
43.71796
50.32397
56.87495
66.38291
72.08073
9.40643
14.90389
21.19725
28.12908
36.05387
44.97480
48.39016
53.95930
59.16227
63.84456
69.97429
8.22977
14.73939
21.49956
25.66503
32.74253
35.42188
40.05959
49.06256
56.12386
61.29085
64.44390
6.45246
11.61787
15.70716
20.50591
24.73802
34.27333
38.10632
46.55230
53.99091
57.55798
63.92538
7.13213
9.33753
14.14683
21.23080
24.32572
30.31833
38.90698
45.01533
55.92746
62.40219
68.16395
5.89370
9.45926
15.08212
24.33690
34.39971
39.21637
45.65376
51.73946
54.33802
60.77271
66.54911
4.11509
7.10127
12.16050
18.06856
24.93939
29.80288
34.40778
41.05503
46.68550
53.67304
59.39523
7.61940
17.93948
20.37797
29.35359
32.86682
41.21805
46.80038
52.27594
58.36511
61.97187
65.22775
8.80597
13.76452
20.31503
25.78620
33.10039
39.70857
46.53460
55.88334
65.94603
72.11929
75.77382
3.85135
9.52930
16.39589
20.59906
28.58986
33.14352
38.21449
44.63338
51.76012
56.64723
58.74966
3.31158
6.76100
12.74569
16.93349
23.25047
28.19783
44.38144
49.66905
56.46170
62.18121
66.88447
9.16174
16.06402
23.34921
33.17865
35.72550
40.62568
46.48293
54.04968
60.97380
70.42533
78.22039
7.81751
12.27542
15.92845
25.34118
29.16635
33.16351
35.68375
41.81007
46.43182
56.81497
62.80831
7.01534
14.67143
20.40136
24.74427
30.69679
39.28197
47.25288
52.01858
58.24825
63.02463
67.39862
5.65964
15.15933
23.45269
27.77383
31.36601
41.68035
44.86448
51.29263
58.75381
62.30084
70.37694
8.01287
14.38440
20.96059
29.12110
32.50009
35.89690
41.19230
47.64537
52.91843
57.30811
65.27049
3.72878
16.17677
22.50445
28.36559
38.05404
45.80262
53.70475
59.02952
64.92061
71.88314
77.69315
7.40822
11.98272
18.50235
24.81784
28.24038
36.07594
44.06997
49.83155
54.00894
58.12636
63.13420
7.94757
18.41210
22.52726
28.21085
33.02875
38.24614
43.74782
51.65008
58.21779
61.79040
65.99176
6.01844
14.70051
21.68659
27.06224
36.62053
43.37069
49.42986
55.01688
59.12184
64.69333
68.71999
7.93200
17.36278
27.33455
37.01619
40.06661
50.08910
55.71098
64.00181
71.57359
75.13357
83.98193
8.92252
18.15572
22.80991
28.20505
34.75498
41.55371
47.69763
54.92333
62.74924
69.56360
79.44455
12.86642
17.40781
23.71567
30.04061
42.70809
48.54224
54.44747
57.09478
62.04474
68.75073
74.09117
3.60013
7.91409
18.24288
22.35525
26.66840
29.93185
39.74224
46.64922
50.97128
57.45423
63.28868
6.31388
10.22910
16.04993
21.48208
31.55222
36.24969
38.30455
45.48324
51.14582
55.23653
62.19708
3.03159
11.57409
18.85460
23.98515
30.27017
35.98348
43.90177
48.92901
53.41696
60.19084
64.10432
6.55483
10.08104
13.83767
21.54114
27.01894
33.99311
38.66335
41.53134
44.08162
48.91449
53.97108
7.96847
13.25708
17.24519
24.05203
28.02758
34.43619
43.03574
48.81597
56.57602
63.63005
70.29124
8.10524
13.81806
21.88793
27.64100
32.12957
36.32606
41.32119
47.49733
53.92363
56.77419
61.50174
4.01379
7.75428
18.89425
25.91359
36.51556
44.32216
56.71095
65.90400
72.82312
76.62838
81.70919
5.96543
8.76506
16.12230
20.76478
29.02010
34.19411
42.00977
50.78230
55.14946
62.58721
69.65734
10.40799
14.49812
25.80477
30.75831
38.56100
46.08602
51.76489
55.49730
62.34437
68.46360
74.89955
6.08886
10.23328
16.22268
21.59607
28.98138
39.77813
43.19632
46.89516
50.31198
55.98424
62.41333
7.72757
14.00832
19.26791
23.26828
29.90610
41.44688
47.91600
56.18775
63.63727
69.72698
79.24348
7.40921
15.95805
23.16917
31.39757
38.03143
44.71821
54.45280
65.51696
70.47460
76.85390
81.72639
3.51775
9.28045
16.37970
20.13346
27.63582
35.87082
39.75201
48.69917
55.88316
70.44275
76.03277
8.31416
14.33108
20.09300
26.61402
32.85667
42.28767
49.91921
53.86711
60.82588
65.28587
70.23511
4.61701
12.96877
21.71851
28.85540
34.74056
38.98955
47.15023
50.14850
55.74621
60.93021
68.61505
5.42721
11.52604
15.73305
24.63258
30.28635
37.95549
41.87885
48.33445
56.68703
64.18840
71.86903
5.11834
12.37037
18.10801
22.16497
29.18656
36.11353
41.19445
45.90483
48.93859
60.04580
68.46466
3.30750
11.02970
16.26519
26.63416
34.86005
42.22122
46.43386
52.01337
54.97647
63.79648
68.41277
7.89812
15.44490
23.37683
28.82740
34.81319
41.61746
45.65640
52.49531
55.97005
59.87192
68.85298
3.57146
10.15928
16.10259
18.55840
20.88805
28.60366
34.41692
39.42996
49.60755
58.53619
63.88276
7.38947
12.55026
19.92122
28.36808
37.86765
43.72810
47.36858
54.32109
61.32840
67.63239
71.15917
8.27828
18.79476
25.35617
33.05121
36.64536
48.18028
54.08082
57.96893
66.73482
71.44855
76.44882
6.23428
10.96576
17.33217
26.85817
35.66743
38.29747
48.64008
56.45296
64.41441
71.58065
79.89719
5.88183
10.49622
18.16941
29.27763
32.35372
38.20186
41.39738
51.19896
55.93178
59.14761
64.36985
1.88842
9.19767
16.67797
22.24187
29.87025
37.85343
43.95014
48.81679
53.02658
56.43645
61.69496
7.57393
11.16267
16.46080
23.33342
32.28029
35.09599
44.05263
51.43702
59.72283
64.64274
73.38815
4.34225
11.34596
20.82821
23.99052
30.53048
42.66765
50.89179
57.24224
61.74370
63.54575
68.11465
3.11992
5.51148
11.08968
15.20786
24.51446
30.12384
35.30962
41.91263
47.72660
51.58214
66.45236
4.37313
12.44071
17.82885
25.77226
32.47803
38.75139
42.71674
48.22573
55.28688
60.35790
64.65403
4.45445
7.54822
16.02045
22.22468
27.96020
37.04888
45.06307
50.57700
56.26775
64.39623
69.32935
5.98480
10.85778
15.00956
24.42865
30.13856
37.10725
42.85846
46.67143
56.74668
65.51248
68.80656
5.92254
11.54850
17.82868
25.06639
32.44847
39.32860
44.01800
51.11301
58.96486
69.21183
72.20009
5.13493
11.00331
20.02504
25.78225
30.61016
35.74654
41.92115
50.86597
60.45107
66.58319
77.04230
5.89167
13.35512
17.03837
23.50731
29.49199
35.00905
40.45911
45.41815
54.48066
62.56631
72.93628
3.79368
15.09046
23.43181
26.35054
32.23914
35.80111
41.33411
46.91709
52.42214
60.84160
65.49303
1.46746
6.45428
13.12583
17.66899
24.87985
32.95450
35.12534
44.59197
51.72797
54.43647
62.02320
8.61338
16.60544
27.20939
30.86331
33.51742
37.52096
45.38306
51.70968
53.90191
66.23552
70.73519
4.64634
7.33239
15.70396
19.41170
28.49679
32.17383
38.79630
49.35300
56.97548
59.63040
67.60896
6.48038
12.96677
19.11430
21.34183
27.81654
31.68964
38.72150
45.92985
57.58763
61.35569
67.78521
8.00557
12.25589
19.02959
23.69663
32.69736
40.87135
47.36729
52.29774
58.20272
63.48930
69.02617
8.08923
12.93424
19.33170
23.95377
28.54952
32.19035
38.53594
44.35458
47.58058
50.56497
57.44763
5.16049
12.13756
16.13786
19.55597
24.88341
31.14369
38.30144
51.74949
58.25670
68.38589
71.78940
7.23137
14.77915
18.35641
24.67667
29.99849
35.25116
44.01269
52.28823
55.91058
58.77693
64.89965
4.03021
6.73920
13.35462
17.59932
31.06739
41.67058
46.27345
50.27235
59.88997
64.97962
72.00282
3.25501
8.29981
19.21502
27.65724
34.47786
37.59934
43.69954
49.99885
58.96894
64.09719
70.87289
4.99115
9.59581
12.95509
24.07196
34.53177
37.66963
47.01184
54.88111
61.99947
67.42247
74.42152
5.82978
16.69129
26.36406
33.36653
37.22146
43.30880
49.71363
53.41906
59.35963
64.35846
70.72374
14.26019
20.36699
25.55745
30.92277
37.45567
40.02785
46.00350
53.15572
62.57557
69.61449
78.87874
8.00853
14.35904
17.29550
30.29159
34.27474
38.15527
46.52304
52.00518
57.92469
64.56615
69.36466
7.92321
12.16349
15.38255
19.13713
26.22648
30.68384
35.77698
43.53515
50.02308
55.61033
64.06187
2.72148
12.61257
18.64961
25.61150
33.53574
39.34229
45.02869
54.03732
61.99509
65.98335
73.62975
8.68358
13.70561
17.85600
24.72028
27.97686
41.65506
43.08125
52.53428
58.04495
66.99441
73.19897
9.55159
13.79207
21.33343
24.39834
30.35180
37.77426
45.05853
50.65570
56.25107
64.01255
74.90771
4.47535
11.62165
20.02204
28.68804
34.78871
40.40917
48.09855
55.83220
63.23400
67.01424
73.29726
5.82574
13.83228
17.72826
27.93618
33.02216
41.32345
45.68488
51.83784
59.50375
65.93882
72.62989
6.74501
20.12652
28.74681
33.90646
38.32253
43.41541
51.47180
56.38928
66.94144
72.46383
76.82959
5.25325
11.87514
14.38268
19.76528
28.66784
34.30397
41.45039
46.29947
51.96399
54.88791
57.95806
5.17054
9.35337
18.36277
23.07758
27.61614
34.65378
38.68878
40.76538
51.01069
56.09755
58.60064
7.65092
10.37713
15.66968
22.53230
29.57840
32.72229
37.41195
45.67528
55.82139
59.25968
67.86477
4.05711
11.68432
22.44144
28.36686
35.37954
39.68903
43.97793
48.43384
54.05851
61.69593
73.47549
11.13468
16.67049
22.39096
28.01632
34.23092
37.75562
44.49130
48.89816
55.66998
58.94530
63.57782
4.78534
10.06836
19.55822
27.57303
32.44176
37.66500
43.15495
46.96489
53.17960
59.59071
65.01658
8.69520
12.61123
18.46667
25.50331
29.47164
37.47433
44.21762
49.28125
56.80063
62.14000
68.94709
6.44521
12.47004
14.38575
18.97518
24.41444
35.44979
38.36526
42.89679
49.59655
60.86081
64.71444
8.14322
14.53105
19.09379
23.85111
30.16611
34.77545
39.44353
46.44457
54.69036
62.20597
68.00928
6.19018
9.81436
13.59081
20.18271
28.10738
36.30310
40.00988
49.63986
59.27434
64.58193
70.79959
3.29445
9.00875
13.79872
21.36943
24.90048
32.60400
43.93545
49.80720
52.30291
57.50248
63.07910
4.93927
13.06643
25.81486
31.52555
41.04191
46.60899
53.66231
59.16272
65.33417
72.49386
77.72203
6.05481
10.20441
14.84834
17.63519
24.98989
35.60395
41.84797
46.87150
49.91732
55.91832
64.42034
6.57728
11.04689
16.68533
20.65647
27.24335
33.58373
42.64410
49.52949
52.20310
56.09460
59.16548
4.34120
8.75632
18.36465
24.13815
29.52066
34.11505
36.34673
42.17369
51.75493
55.93416
59.48330
5.85941
9.46137
13.09157
21.25768
24.81576
32.49495
36.12964
41.41327
53.35227
58.32241
63.44383
1.99086
8.15103
17.66637
22.53143
27.72564
33.67780
43.21983
50.34073
57.09907
62.16616
66.38855
2.00706
6.86816
16.03574
20.80137
24.87853
32.59558
35.44174
37.79638
43.65965
46.86950
53.37246
