23.62640
30.24903
41.76311
52.17689
65.37525
78.14470
87.42864
109.18894
119.86308
131.09794
134.01140
148.41768
152.74953
171.54785
185.89573
192.68663
194.83935
195.46270
204.10078
209.43258
11.27579
37.13773
50.47943
58.77153
62.32460
75.75314
86.95312
111.41124
112.90757
119.72913
141.49230
171.81299
188.72578
199.33117
213.49784
217.41384
220.30909
225.27022
235.99266
256.00914
19.04989
26.24586
33.30727
50.79987
55.85703
65.83704
77.12373
102.46688
124.16415
137.94713
149.91581
174.75447
203.31127
222.86251
236.27202
245.78882
255.45703
266.73190
268.66188
283.66773
25.37559
36.64529
48.41723
58.56473
68.71759
108.08315
119.56070
131.66915
133.52187
140.64107
160.74104
170.15400
178.77366
199.93055
212.23373
213.46935
219.80235
240.25867
231.72479
232.57250
6.70657
21.49725
43.21310
58.97007
94.77410
106.31701
113.47919
121.54574
151.01791
167.64845
177.82049
187.15518
197.47403
207.47833
211.06839
219.61539
228.64125
237.79054
282.08533
300.03564
12.59977
29.46020
39.63777
61.88013
76.14075
90.22030
107.12374
142.77756
150.98879
179.04678
184.70570
207.67288
213.11056
227.05707
235.39341
253.06940
260.40196
269.78370
287.57911
296.35582
22.58316
44.93941
57.15659
64.75219
91.34550
109.06362
113.08299
135.75687
153.41950
161.17458
171.13806
171.38682
185.66681
191.95753
197.48636
199.95606
222.04964
229.98780
237.17581
237.38714
16.40408
24.87055
37.07746
68.02260
82.02452
90.11259
112.07019
124.74707
129.61695
153.56214
168.38616
170.86074
182.83825
203.35681
215.40599
217.38187
229.18952
250.00182
273.35702
274.66678
3.28345
23.55999
34.60676
40.52966
54.91202
65.12776
88.07155
112.45949
116.03774
127.61000
144.43152
156.87316
163.73026
164.92704
181.20237
186.67978
195.07934
209.31009
236.21682
246.35085
8.29159
20.99496
24.43449
38.94937
47.10162
67.84526
70.53887
83.32888
83.64274
101.14903
111.86859
118.75275
128.05367
140.65809
152.96872
152.84813
169.26162
178.01372
181.80819
187.11033
14.72712
28.85009
36.73183
38.50987
60.57074
70.43734
97.00633
98.65865
117.92618
146.85969
170.05874
173.82551
196.55841
201.69360
215.96551
229.43914
230.18175
238.68133
247.23725
253.38136
12.97645
26.44059
46.01862
49.62043
60.91492
67.90254
79.22505
97.86547
111.56473
120.37993
140.21615
155.05199
171.00502
179.54184
196.41616
210.23073
231.43911
235.90549
248.16419
263.07479
27.95129
60.22620
70.28277
74.06263
93.79487
106.67872
123.24175
126.35317
133.59636
143.11798
149.62164
149.63121
157.68368
161.55439
170.22492
192.47370
209.73259
214.80290
222.45407
227.99768
22.52163
35.26343
49.42471
63.27279
76.32392
89.59919
106.17380
124.94153
126.05408
139.09418
139.48876
159.64545
172.02913
172.83568
193.11516
201.11804
206.49379
223.97575
238.42688
240.57134
6.67494
22.12903
26.26270
43.35686
56.35581
62.12784
81.75603
91.39736
93.62953
96.58681
108.77465
108.98191
127.27458
133.16316
142.70772
152.58426
165.75940
168.47806
175.12503
201.53786
26.77185
54.45726
70.46868
80.22194
88.37052
103.59196
122.62703
141.86643
157.42872
163.32875
173.05918
177.94565
197.63520
218.34887
235.30931
239.79087
261.45193
271.71009
287.81052
300.16384
30.45346
47.54476
51.23039
58.68244
65.02741
83.19291
86.57509
102.68606
120.96138
128.06674
137.86856
164.84335
178.06793
181.49436
189.85251
205.69052
230.73780
241.69444
251.04351
271.04998
4.07868
15.01317
26.17284
29.83733
48.93285
56.31472
76.35165
91.15553
113.84980
123.06657
132.17502
152.95572
174.34415
181.25310
207.39153
221.59829
231.21953
237.81254
247.61209
259.28261
9.80051
32.95200
39.96968
46.10334
48.09257
56.66989
58.04744
80.48988
89.94311
94.67948
118.59555
120.16191
141.01609
163.44405
172.26801
195.66986
203.36446
213.16873
221.65685
231.15043
9.03215
28.26950
36.19525
45.27652
74.98644
116.83368
124.50083
133.97857
137.46279
145.89123
157.64488
174.04016
194.17643
199.77374
214.42372
217.90609
226.78731
248.70571
259.23577
267.20880
9.71744
22.06557
41.96703
54.69509
60.60180
77.86974
86.50019
100.60660
117.56698
121.83839
141.98208
147.17033
161.09756
174.47219
192.40951
197.41511
200.14123
210.46431
217.99696
234.15889
15.02527
26.40949
37.51353
46.57316
66.04829
71.10333
74.29316
82.23764
94.55972
106.54022
122.10548
136.83964
147.65335
165.19589
174.09339
177.25366
194.47809
229.63887
248.15491
241.92177
11.43705
17.08495
21.24742
46.60985
60.68581
83.77272
87.15979
107.23859
122.69945
148.93931
152.66972
171.77995
184.43017
198.58074
209.18987
223.46009
232.36019
259.77398
263.94441
270.34792
9.25751
21.44884
24.49900
36.61295
50.78313
59.68978
90.80150
100.17358
129.63043
140.93997
149.26036
158.64868
171.48298
168.95136
184.38070
209.06720
212.49533
221.79383
223.17688
225.93564
3.09410
11.78797
29.06820
35.97630
47.86059
70.63280
87.71448
95.04266
107.11748
118.74789
131.11939
134.40040
149.06465
160.58081
178.65747
185.03233
188.44127
201.80027
206.12915
211.65278
17.50375
36.35397
42.94792
61.99719
67.54509
85.52781
87.47566
96.80518
113.72547
127.23239
132.61325
139.93579
161.30736
177.12538
203.76007
208.26178
223.65474
229.47675
243.49421
254.46985
9.40243
16.46312
37.80623
64.26886
85.15431
95.43382
122.31062
133.09916
134.65152
152.90672
153.74899
161.81928
189.68338
192.05455
213.20395
211.54126
219.22752
223.44794
233.24856
239.03208
19.41526
40.02936
47.88153
61.71859
65.68148
74.36038
100.16801
130.43779
141.89852
162.85803
171.99185
180.77293
213.68314
219.87673
227.14774
227.85393
229.69561
234.70848
243.36503
250.64250
32.55806
38.35177
54.99108
74.90519
97.06916
117.78441
144.24873
146.64316
158.14544
161.60459
164.67625
177.62297
190.86719
197.39222
224.21796
224.00979
245.86450
262.88428
279.97607
292.16204
16.13749
24.71011
41.26039
57.26590
70.52191
78.97493
90.06844
110.96390
123.42788
135.34014
157.20193
157.24008
166.95450
169.06754
184.68777
184.84869
201.97779
217.19179
225.23855
242.09202
7.09327
20.38020
56.86309
67.44690
72.53076
84.39655
86.47895
94.31745
96.08138
128.43979
141.19285
164.15353
172.84036
192.83567
211.87570
221.66185
246.71842
253.37305
269.12104
279.53552
5.58026
24.85563
48.64098
59.42853
63.02133
77.28138
94.52715
107.19769
114.06717
124.83156
135.07602
139.88455
147.27174
163.47254
182.21597
184.87325
198.16863
208.06961
214.87453
220.62398
14.90538
16.43004
23.62166
31.86324
38.56717
58.89578
67.81881
94.82214
102.03383
106.59620
132.40016
142.54252
155.28498
165.14117
168.01630
174.81126
180.93509
194.41807
196.93298
223.72038
21.50820
42.27207
58.51181
81.52276
94.67829
100.66454
110.54230
122.91724
140.32034
156.83556
168.14314
175.10156
182.77398
207.70690
209.32456
217.43671
227.93576
241.01784
247.99164
254.09216
13.60434
31.63903
40.96808
49.27466
61.46548
86.32021
101.83556
107.98409
115.15774
132.84315
133.40489
138.81902
149.41124
167.41507
173.69514
183.57020
192.77750
205.42444
207.37563
209.93862
21.08000
65.55108
79.04820
92.07461
95.81063
102.74285
105.78173
111.48377
115.36560
121.95223
139.95729
154.69280
164.32546
173.58938
190.84721
205.21498
213.63596
219.45106
237.59761
243.24257
25.47780
32.11885
49.28209
60.72485
70.61681
86.02880
97.03625
101.94610
107.29896
119.10108
125.75027
151.72567
160.07642
187.62637
204.45941
217.73335
241.41157
260.76993
265.65307
271.91523
21.78211
29.37826
39.18920
47.58094
52.53610
58.50090
68.96790
77.22831
82.17083
89.68757
104.86810
110.50310
123.38460
132.85330
155.96060
163.58200
180.68560
196.66960
220.41561
245.41978
4.83594
24.47244
33.68013
50.28952
57.51402
67.69437
80.01021
94.23170
101.59555
106.51853
108.54786
110.71305
121.67638
129.58447
139.37643
146.89787
155.64384
162.81946
186.57677
206.02123
32.64385
55.17661
69.73347
83.64746
83.58858
99.71105
113.57900
131.17584
148.44537
166.37312
166.73153
168.10654
175.33032
180.32149
185.48186
201.99911
219.02902
226.66217
231.68152
235.73515
6.39819
14.16387
47.17956
52.56848
66.13750
72.59727
93.41761
96.50864
106.26815
133.47311
142.23383
164.64177
173.16848
196.36630
208.75258
220.59464
225.20543
244.99335
252.42316
273.95140
14.82425
34.16303
48.54697
59.92023
84.46698
93.74987
130.27868
143.22430
162.49727
166.42073
176.85276
181.11806
199.74278
205.13632
214.99221
223.67486
229.02634
231.43036
244.01603
250.57208
10.77960
15.92477
22.62430
50.53802
67.91804
79.88718
89.14071
108.76894
118.57208
127.38645
142.97447
154.93057
165.26754
172.16232
202.55823
205.16999
209.21620
223.04020
248.64249
268.09422
12.81036
23.35755
40.24347
57.20378
68.88316
78.81948
92.62350
101.62051
102.62764
108.88062
115.78911
124.81145
135.45486
141.30656
142.67280
158.64026
165.47370
178.66784
191.86584
200.16407
25.93139
41.31682
49.17226
97.41634
106.19245
127.54859
139.64756
169.52636
173.40551
175.46113
176.48056
180.61992
193.10195
201.09890
213.77973
214.31954
214.81141
230.03350
235.64780
241.69745
13.35066
36.83548
54.73415
65.48746
70.92659
95.93528
108.09418
112.28905
117.20558
147.10465
147.11429
153.87900
160.35862
171.78448
179.60454
187.48422
203.64157
223.11630
246.88670
251.24817
22.13910
39.98807
57.56719
68.36291
84.74190
98.46709
113.03012
115.79185
123.25384
129.52802
132.00016
136.40419
142.82348
150.35458
159.39052
170.75564
180.14891
217.22185
222.83120
232.42233
20.51460
28.53475
35.58774
41.94813
57.15920
69.31596
77.42507
107.20525
116.83585
156.21677
157.26994
163.79985
179.88683
191.83275
195.40904
209.76992
219.47680
232.33926
239.67528
250.73483
7.55872
12.38909
15.93025
34.31609
52.81948
68.66445
93.66124
94.09832
99.74109
108.22670
122.59761
146.66427
158.65644
166.41296
185.97353
210.35205
226.70009
233.71987
244.87840
249.26912
21.23254
35.42898
48.82568
62.11259
79.51699
89.37679
91.61644
112.78269
118.60378
132.66147
140.47997
147.85308
169.65122
175.41497
203.18145
215.18868
215.56436
225.55178
233.42633
253.85949
