3.73216
12.74120
18.19897
26.45400
34.17407
36.99105
38.94075
48.28576
55.12783
59.88392
66.77462
2.95425
9.91997
15.05431
20.07373
28.71653
32.85558
41.65697
42.29748
49.40827
56.29158
60.51508
6.60947
9.86717
14.94602
23.47967
28.12718
37.01733
41.43308
43.92094
50.48825
53.04718
59.63247
11.29597
19.88449
23.07502
29.74892
32.87512
45.18159
49.59309
55.44266
60.83009
63.55923
66.32123
7.68996
13.57013
23.73986
27.94676
35.13473
44.50207
49.59388
55.89655
60.66199
61.58775
66.35814
5.39892
10.14449
23.06363
27.13457
32.58885
44.71816
45.66470
45.83524
51.72346
60.96832
65.99635
5.83377
13.45067
18.93468
22.21199
29.32527
34.67290
42.30521
45.22031
50.44859
54.07263
64.37599
3.75611
10.17128
19.93698
24.60455
30.61213
38.53060
42.67587
49.14820
55.46832
61.29818
69.13228
7.76436
12.83146
19.28773
23.51570
34.37667
41.46085
45.35920
57.59094
62.38974
64.55334
70.89155
10.04645
16.39353
18.58906
24.42432
31.52717
38.68534
49.28230
53.37805
58.07943
61.78432
68.74146
3.88825
6.13603
11.56452
17.90631
26.59206
30.47685
34.55525
37.60672
46.69377
51.05576
55.47338
7.00676
16.39193
22.91136
31.45520
36.08410
43.27389
53.04738
63.68262
66.24625
68.53938
79.16070
4.80547
17.87909
23.74825
26.31279
30.70887
34.67093
41.14914
47.80725
55.21561
61.31674
65.73631
6.23715
14.63361
16.93543
22.27051
31.35340
35.58139
40.80222
44.28497
48.74651
56.77449
59.36002
6.35982
9.79560
15.18999
21.08091
31.18203
40.07237
51.80086
59.95492
70.07189
70.36722
77.46606
7.87240
13.57187
20.39942
30.03155
34.98316
43.13811
44.50527
46.64778
56.89754
60.99082
71.02788
7.54816
20.53922
27.39237
32.00077
41.27027
45.78574
49.35567
54.45351
57.54924
62.31991
64.89874
4.41491
10.48939
18.46427
22.10177
29.60066
32.76751
41.42586
47.61194
51.53588
57.29267
60.85376
12.11840
17.10565
22.91388
28.30159
35.51655
39.25457
49.00120
56.69804
61.61168
61.75448
72.35917
14.05922
19.22972
28.15645
33.95065
39.62256
44.40064
51.44411
58.71794
63.25147
69.58417
74.96558
3.67763
14.44332
17.48582
28.51553
37.92858
44.28647
45.65254
53.42140
58.94438
61.72609
68.57378
1.91235
14.17354
18.78074
24.88324
30.49111
36.32582
43.51450
49.53007
54.57705
55.10978
60.58535
3.59167
10.06134
14.22198
18.41138
25.04877
32.35098
40.41360
41.24456
47.56142
52.12652
56.12305
6.10044
10.13034
16.17576
20.17955
27.02463
34.96144
39.57600
45.62415
53.95681
59.94269
64.93517
5.13379
10.67766
19.89142
26.45529
34.59788
36.84112
44.37677
48.37783
52.42427
58.81899
62.84179
7.76091
11.26802
16.15709
27.40248
30.97743
36.82680
40.77935
45.13553
51.08969
57.19538
63.82311
7.94939
14.48591
22.72674
27.22345
31.14704
42.76679
46.76695
47.59343
54.23395
57.02630
61.24167
2.84317
7.69356
14.84876
21.16132
27.24502
32.61039
38.65703
42.03328
49.30857
51.03859
58.29808
3.09584
10.22001
19.25368
28.92170
31.82621
36.50219
44.92613
51.95257
54.49145
59.79119
65.14687
8.68695
17.03876
20.90655
24.28356
32.29092
34.57474
37.61412
41.39062
49.44914
55.00994
64.81998
7.45096
12.08980
16.82246
23.54531
26.45535
30.59862
39.47862
44.28269
48.66287
54.57224
58.90896
3.44342
10.65065
18.19105
27.99667
33.96078
40.30254
49.42636
55.48827
56.81990
63.20913
71.46236
9.42072
15.65278
21.34653
27.19497
31.55342
40.17664
47.29489
48.92883
56.00194
59.62414
69.97682
6.03190
13.35524
17.25349
25.24590
27.20504
35.87409
41.35865
42.93725
51.87889
55.97449
59.20528
4.43037
10.40535
14.80627
22.63392
27.64300
34.91570
41.65984
45.37712
49.37547
51.31911
55.87390
10.77614
17.97772
24.52332
30.92652
36.27518
45.37769
54.20274
54.82738
56.28088
64.54272
68.66398
7.90173
12.90009
20.79280
26.43573
35.73919
43.86888
49.81357
49.89746
52.28934
61.53424
67.42966
7.07897
11.42385
17.84385
24.54046
32.09725
39.65010
46.43391
47.98842
51.38086
56.54617
62.18339
4.88083
8.93007
13.67096
18.76677
25.66821
30.92939
35.97890
40.70673
45.04139
46.87268
52.66478
8.31748
16.12697
26.12381
28.57510
31.53602
36.36359
42.16091
45.23964
51.57002
56.90666
65.86244
2.45726
8.47391
12.29043
19.20890
25.55456
27.79839
35.26766
38.84384
44.09983
55.20041
58.25804
4.44307
10.25683
16.64276
26.69346
33.03684
41.92713
46.60252
52.06272
53.62072
59.11090
66.83203
7.96017
13.02312
19.14756
26.71617
33.04901
40.28764
43.34799
48.09291
56.43055
61.96030
66.49837
6.65152
16.49610
19.62842
25.55884
31.82368
35.91253
39.93029
44.54544
51.96986
55.28656
59.88296
3.02437
7.83282
17.95900
22.33388
32.43775
35.97860
42.22685
45.32700
50.11864
57.32271
64.85543
14.34376
18.88118
24.27731
27.44075
35.59699
40.32325
43.51678
49.21569
56.18841
59.28139
65.98593
6.94122
14.72830
20.18887
25.25961
32.56042
39.04495
43.16039
47.68241
53.01516
54.72168
62.00611
9.15261
14.91839
23.06492
30.21794
38.29206
42.85488
44.73684
48.66834
49.92259
55.94609
59.45158
6.00348
12.68965
17.96363
20.72489
25.67156
29.92802
36.12716
41.13231
46.48882
52.99940
57.09251
9.48342
13.67417
19.05002
25.36485
29.38322
34.46202
37.43572
45.31446
50.61069
56.83451
63.91125
