1.56175
3.36297
9.78018
10.15634
12.75580
20.94844
27.00794
31.61892
43.84914
48.80855
55.11130
72.22156
77.13863
88.42571
98.27049
103.49663
104.45908
8.94225
16.14361
22.83130
29.35680
53.44850
63.78364
91.53186
97.40425
101.30426
106.28805
118.61524
120.33207
120.65776
135.16465
143.76473
149.57969
151.98708
1.63066
3.86539
10.21095
34.81220
37.62028
43.06652
58.30367
70.25667
78.35583
80.30179
86.87995
91.39751
95.41433
95.42082
96.03729
103.27385
107.87166
10.82188
34.14934
36.32191
38.27059
48.28064
51.15065
60.76385
74.53395
77.33336
102.44292
111.09883
112.89297
127.37096
136.87483
144.80299
145.04584
156.86578
7.88480
12.29800
19.26297
23.75204
24.76409
22.97022
73.49583
84.80848
89.11026
90.68210
96.90250
97.42810
104.92237
106.25299
109.12368
113.71242
116.71145
9.40748
30.30617
38.52262
42.53662
51.59960
60.18118
69.71748
76.04535
76.79750
81.10179
83.26184
92.61958
103.89229
110.05874
111.43648
114.38995
119.80994
17.13406
20.78142
22.66681
31.14792
34.37279
52.24371
64.19490
68.12105
72.93728
78.93944
81.74773
86.75056
87.67953
95.06785
104.12112
108.89733
113.12014
5.58453
14.29872
23.43846
27.78035
33.06706
34.11344
39.99333
42.51067
48.30945
52.10170
57.85601
69.92585
73.98229
79.46201
84.21763
83.57086
83.50220
2.50626
3.34186
4.19792
9.58067
19.68127
31.48595
46.41207
57.50014
75.94211
79.77395
95.20677
100.89478
100.98946
103.98481
109.02857
110.91802
111.92767
5.13103
9.30230
35.04641
55.58998
59.95679
62.09415
69.73935
84.27742
86.61838
94.33764
98.68090
97.50494
100.95939
105.26736
108.68400
111.22269
119.32566
9.30424
13.26435
40.01013
44.60655
46.51336
54.29917
57.85123
57.97619
63.87678
72.35709
74.42174
74.54507
81.85476
87.15568
91.02481
91.97316
105.85010
4.07566
8.75627
16.17155
27.57424
35.17193
37.21237
43.05680
44.44938
48.62595
48.36194
61.51321
62.01319
65.79157
77.36216
81.84185
85.23855
89.04386
14.00446
14.81363
18.24521
21.83668
29.88026
43.51846
47.79273
52.20393
62.00784
70.88281
72.09658
91.00962
94.89329
102.57976
106.61952
111.85526
115.83587
10.04713
14.63533
16.84942
24.18216
35.03668
47.06279
58.49498
69.67554
74.71109
88.82616
106.44436
106.99415
107.11754
112.00291
115.36339
128.84795
130.17595
9.16370
11.88317
23.91199
28.60592
34.86939
39.11830
42.42623
51.31946
52.92306
55.53897
64.45545
67.47666
70.77195
86.85922
92.37659
102.24168
103.19263
6.08555
14.52850
16.91649
31.29092
40.66714
42.82072
44.65787
51.49383
54.02065
55.61230
59.29087
59.70093
59.73912
62.11085
66.44088
73.38847
84.64345
4.24820
12.83132
21.52734
28.71531
31.93153
57.07698
59.32448
66.57603
66.86763
77.54393
78.75924
81.51195
84.82969
85.61807
92.82705
96.10696
98.35004
2.88135
5.59003
9.72950
18.86366
22.13365
23.32646
26.60921
31.43714
33.80665
44.25543
59.61684
62.70400
71.49764
76.67544
79.40344
88.59568
92.11094
1.98992
14.71490
23.85074
27.09973
46.60527
48.55887
51.40746
67.20629
71.67278
75.19914
81.44522
84.27062
86.47126
94.65069
93.94469
98.64331
105.00131
5.42648
15.92455
20.50127
33.81132
45.24183
47.61080
48.54856
54.74720
