11.78364
12.37494
13.89212
14.50099
14.72119
15.04928
18.60105
20.10571
20.11154
21.24147
21.68517
22.34146
7.16606
86.26931
86.93640
89.28066
90.46079
91.55437
91.94571
92.19167
92.19330
92.89574
94.08716
94.36063
10.91272
17.60691
19.23773
19.95722
20.24686
20.54656
24.14287
24.36744
24.51222
26.04140
26.48945
26.49377
13.84690
58.28485
59.02017
59.85275
61.88184
63.20799
63.49601
64.30327
66.39558
67.07767
71.27224
71.75842
34.43984
40.70977
41.91486
43.65323
43.83873
46.04419
46.85724
46.85735
47.23887
47.30256
47.66891
47.91185
34.63132
39.19617
39.33421
39.79820
41.07337
45.55687
46.60415
47.35318
49.99463
51.59884
52.43697
52.98681
176.54975
180.60172
181.06601
181.48933
182.37959
183.49159
184.76315
185.55653
185.93231
187.10183
188.03069
188.08795
7.47748
61.56800
62.15777
62.15779
63.53187
63.77583
64.53471
67.20483
67.20515
68.21194
68.36497
69.86896
11.47910
41.49360
42.06108
42.76431
42.80335
43.17544
43.85293
45.13133
45.49897
45.50882
45.50930
46.46649
45.45253
72.87005
74.22806
75.72287
76.60851
76.70074
78.35113
80.06468
80.23608
80.57133
82.02440
82.29776
15.34484
37.76469
38.46916
38.59172
38.69790
40.69031
40.91969
41.01633
43.31255
43.70173
46.23094
49.58558
12.92451
17.63476
18.19210
18.24918
18.79075
19.64359
19.77162
20.90154
22.00046
25.20622
25.22241
25.87569
59.64630
189.62929
189.96198
190.37808
191.93859
192.25264
194.51913
194.62776
194.86196
195.72698
195.96886
197.74113
9.20628
11.03825
11.15477
11.17481
11.44593
11.75060
12.50111
12.63614
15.63144
16.19540
18.12688
18.79440
14.80545
45.67187
48.50641
48.51867
48.85412
49.39723
49.62001
50.09102
52.63895
54.37395
55.39309
56.01191
114.90467
117.30288
117.69464
117.75443
118.85432
120.19234
121.28102
121.35012
122.55983
123.02493
124.55923
125.06995
5.83142
21.63207
21.91654
24.08461
26.30245
29.23504
29.50644
30.70668
31.22624
31.68803
32.70068
33.18999
30.86023
40.63518
40.74623
41.64469
41.64473
43.83549
43.95106
44.39409
47.42169
47.52324
48.24749
48.77633
37.17426
55.33912
57.89715
58.20461
62.32917
64.63092
65.25184
65.84926
67.06829
68.81808
68.85935
69.26008
24.64468
69.34804
70.23393
70.50690
72.40112
76.29174
76.79097
77.08140
77.34273
78.65803
80.69519
80.73710
6.33154
56.33905
56.95599
58.03797
58.03810
58.09906
58.18836
61.50009
62.32289
64.37487
64.43806
64.59326
16.64115
40.43878
40.68356
40.99393
41.14346
42.08803
42.26490
43.18301
44.40453
45.27402
47.06603
48.28312
124.80093
134.53766
134.71239
134.71457
134.71464
135.15832
136.61274
138.01566
139.55369
140.20673
140.23993
140.75767
28.18219
56.86241
61.48767
61.50295
61.51003
61.53768
61.55134
61.69788
62.63364
62.71005
62.71108
64.60398
7.68258
8.43961
10.43137
10.44933
11.82433
11.82507
12.37141
13.37729
14.28329
17.41661
17.42089
18.02377
16.33237
35.19430
35.20470
37.48308
38.81144
40.25243
40.30270
40.30605
40.43863
40.45510
40.50024
41.75648
15.22108
210.49296
210.63252
212.25017
212.79638
213.72342
213.94010
213.94059
214.04476
214.31832
214.83914
215.22368
28.92641
35.70254
36.14537
36.16794
39.70074
41.49842
41.51445
42.06239
43.73891
43.73891
43.84880
43.87282
61.20152
92.22677
93.56734
95.01026
95.84560
96.90107
97.36203
98.06427
99.20448
99.35539
100.27989
100.29310
18.05958
27.72171
29.37412
31.47289
31.74326
32.98059
33.33121
34.37438
35.09822
36.36595
37.76876
38.00156
61.74338
78.30940
79.41496
81.41817
82.20477
82.92403
82.92681
84.05465
84.52849
84.69174
86.35893
87.50207
52.88084
62.65370
62.76303
63.22338
63.26129
63.92587
66.14819
66.38028
66.56408
66.98886
67.68944
67.88382
19.16666
35.19722
35.95815
38.84849
39.41352
40.13643
40.35327
40.68337
40.77123
41.23873
43.25633
43.89919
26.56783
29.45593
29.53152
30.25870
30.76728
31.42495
33.15962
33.58310
33.88060
33.91775
33.91992
34.00367
8.07496
15.20140
15.77618
16.37986
17.58786
17.82912
21.44288
21.96106
23.84566
24.67218
24.85594
26.38966
5.68373
23.31846
24.93667
24.98151
25.48693
25.79447
26.31639
26.86900
27.29009
27.49160
27.49169
27.93826
32.65618
35.80838
36.35087
36.63725
36.98570
37.69481
38.36669
39.10742
39.53776
39.72962
40.18352
40.30733
5.07567
5.43044
5.57109
6.20001
6.42071
8.46251
8.52564
8.65796
9.03612
10.25160
10.40116
11.20618
17.84133
51.03602
52.20061
52.21216
53.33773
53.41289
54.45182
55.24674
55.80772
59.45486
59.45542
59.53815
14.91739
31.34467
31.36718
31.37451
32.22373
32.30257
32.97698
33.01456
33.37100
33.73686
34.18598
36.06208
15.16824
39.29112
39.77514
40.30432
40.72297
42.56181
43.58895
43.80256
44.13293
46.14888
46.44236
47.56270
31.64387
77.45922
77.55223
80.39682
80.44044
82.40995
84.60796
84.92662
86.46068
86.49536
86.67709
87.40231
0.47695
76.30852
76.93628
77.14363
77.21517
79.58195
81.35943
81.65106
81.71951
82.12044
82.76277
82.77779
65.23759
96.85092
97.59401
98.43803
101.27124
101.49626
102.48941
103.56315
103.92186
107.24142
107.31607
109.80837
0.63775
4.22359
4.75808
6.18764
7.25137
7.89285
9.84154
10.64579
10.67707
11.21083
14.39740
14.39837
16.20453
18.58491
19.56963
19.77615
21.08576
21.48014
23.31413
23.89187
24.69326
25.78702
25.91725
26.24614
79.88714
91.19654
92.01677
92.57159
92.57304
93.03729
93.11711
93.12171
93.69265
95.92889
95.93179
96.30658
5.80977
64.86552
64.87036
65.31239
65.33647
65.46387
66.18767
66.40085
66.40194
67.38036
67.53965
70.25781
65.56194
82.36234
82.93802
83.67472
84.13372
84.67837
84.82174
86.03037
86.44783
86.82997
86.88321
88.93744
5.88607
24.11730
24.16850
25.66017
26.21461
26.40142
28.06102
29.04240
29.84271
31.21201
31.75936
33.20325
1.81242
55.78577
56.57410
57.07675
58.56549
61.89750
63.13047
64.26518
64.29676
65.35923
66.59117
67.57514
11.77165
30.21969
30.82334
30.87641
30.87782
32.09955
34.13238
35.63694
35.74648
35.92159
36.61324
38.83411
56.25898
76.29730
78.97066
79.95786
80.52183
81.94640
83.12314
85.16102
85.41173
86.28065
87.27032
88.00589
10.19668
13.03810
14.85820
15.37062
17.08807
18.16999
19.11578
19.94358
20.09526
20.44342
20.52381
21.00961
1.54194
6.45581
6.46668
7.63360
8.62505
9.19181
9.24758
9.44714
9.51394
10.37801
10.37840
10.81270
121.44058
126.41265
126.81196
127.61657
128.26520
128.31837
130.20238
130.20239
130.24874
130.99665
131.21069
132.17814
25.20311
26.31976
26.33277
26.34960
26.45035
27.13978
27.51274
28.94009
29.10530
29.63182
29.91434
30.20667
25.34948
124.72484
124.94590
126.99978
128.35710
129.04633
130.12262
130.39330
131.32035
132.85750
134.42376
134.44396
11.71605
13.22563
14.19791
16.00376
16.00377
19.43707
20.06803
20.36923
20.41939
21.09835
22.40164
22.56361
0.45543
36.38416
36.72318
39.70003
40.98073
41.76257
43.52727
45.03923
45.33457
45.46945
46.30128
46.39637
0.00574
34.91127
35.42273
35.59347
37.12821
37.78796
39.89868
41.97103
42.60067
42.60124
43.04479
43.62183
46.06923
56.08103
56.19983
56.43365
56.44146
57.94430
59.66695
63.28371
63.32350
64.64061
65.17608
65.79204
74.19587
74.93154
75.48432
76.71686
77.34929
77.83905
77.84064
79.30160
79.31374
80.58239
81.05565
82.71470
57.64353
102.50078
102.82598
103.86989
104.57530
104.64781
105.07057
107.39878
109.28766
113.38597
113.63341
115.21635
25.06664
29.79924
30.46395
31.50888
32.37818
32.47867
32.96905
33.03782
35.57787
35.68754
35.75120
35.77754
6.53003
11.89206
12.92532
12.92567
13.20155
14.25856
14.61085
15.77187
17.47131
17.54449
18.34122
19.80701
64.10752
80.06913
80.20785
81.82922
82.03894
82.05053
82.05162
83.53256
85.01346
85.06442
88.21277
89.81418
63.68855
73.37053
74.11405
74.39151
74.76448
75.50333
76.49585
76.72396
77.97828
77.99701
79.14573
79.37529
21.42178
34.96549
35.11038
35.64902
36.19039
36.93631
36.96970
38.01143
41.36298
42.21702
43.96370
44.74718
1.07321
8.17679
8.84966
9.41977
11.86155
11.90127
12.37052
12.41615
12.57178
12.63523
14.64290
14.92433
49.30816
53.95192
54.80337
56.61096
57.13008
60.18604
62.30934
62.54472
64.14622
64.25348
64.58274
65.76393
0.59068
5.99659
6.28470
7.34646
7.83969
8.64141
9.07176
9.95754
10.05011
10.31403
10.47648
11.29666
0.08411
31.81521
31.85664
32.06333
32.81109
33.92176
33.99333
34.97711
35.24815
35.78503
36.96221
37.62275
9.08194
17.14340
17.14517
18.38573
20.35839
20.41484
20.73395
20.91318
21.23869
21.51836
21.52615
23.59943
24.49380
26.71278
26.77315
28.38467
31.35179
31.60767
32.05987
32.59509
32.60044
33.14509
33.83374
34.46699
4.44490
24.35403
24.68540
24.90767
26.05026
26.05409
26.82862
27.08298
27.11502
31.47281
33.06920
34.38212
40.50430
45.43563
45.44469
45.64225
46.44546
46.50817
46.72978
47.01432
48.80322
49.41489
49.59202
49.60659
79.47244
84.66550
84.88681
85.72279
86.67855
86.78758
87.75993
87.79216
88.76719
89.66195
91.28936
91.38268
0.11916
7.40197
7.75322
8.18582
8.47165
9.29680
9.52153
13.05981
14.07443
14.31733
15.25660
15.27373
5.19938
5.89160
7.89238
8.58069
9.77056
10.12131
10.26033
11.66456
11.69443
13.01131
13.13681
13.14720
45.13025
86.30729
86.30969
87.56801
88.02665
88.21786
89.51445
90.32903
91.85408
91.85413
92.28596
93.53927
4.52859
59.44686
59.76479
59.77463
61.87653
61.88366
62.50815
63.39409
63.46456
65.14763
66.00847
66.35967
1.39804
4.66213
5.14798
5.54520
5.90512
6.85143
8.11333
8.28744
8.69261
9.06536
9.48193
9.54039
9.95654
13.98572
16.50848
17.50442
18.13130
18.37200
23.45124
25.60423
25.71489
25.89802
27.23328
28.00359
27.35307
126.23203
127.08464
127.35277
128.58167
130.21465
130.40834
130.55165
130.77242
130.92650
130.99781
131.29341
24.43237
141.76747
142.37437
143.09507
143.86688
144.56429
145.67872
146.13832
147.13668
147.44755
147.62307
148.89556
15.45291
45.84719
48.27961
48.65202
48.66357
51.23426
52.91589
54.44165
54.56006
55.56321
56.39578
56.84950
23.47800
43.46512
43.63241
44.80170
46.92774
47.12498
48.52575
49.04547
50.63959
52.54523
53.03566
53.29977
17.82864
30.62803
30.89771
32.11052
32.43401
32.88061
34.26653
34.27086
34.80779
34.91260
36.40853
36.62363
9.01547
11.07834
13.21969
14.19714
14.26908
15.20031
15.24594
15.66979
15.73090
16.50202
17.93350
17.98395
16.55655
81.45494
82.50771
84.80714
85.37571
87.04882
87.28028
87.71626
89.68721
90.02077
90.80850
90.82755
19.71962
41.64008
42.08784
43.48982
44.98198
45.59404
46.07455
48.00898
49.64439
50.59571
50.88752
50.93571
19.22538
42.35073
44.94297
49.20842
54.38040
54.42548
56.19878
56.25085
56.45036
60.07227
60.70791
60.89379
40.81720
47.63847
47.98426
47.98442
48.63659
48.67624
49.14479
49.41265
50.35973
50.35974
50.97673
51.03247
11.88025
40.70467
41.58522
43.63250
43.79438
46.27440
46.63466
46.69782
47.00551
49.14663
49.18211
49.21206
9.74791
10.12470
11.16293
14.19874
14.32429
14.36397
15.76848
17.03508
17.04803
18.52860
19.18844
20.47156
25.70188
27.40503
27.54104
27.55239
27.57386
27.60125
27.68043
30.69937
31.51791
31.90483
32.64956
33.48219
7.64852
117.51578
118.49691
118.89799
118.89805
119.80536
119.83229
119.86040
120.10453
120.21055
121.02154
123.16134
65.77139
125.17221
126.05489
126.28068
127.34243
128.57563
131.01089
131.48234
131.88923
132.42318
133.14446
134.54712
9.01527
34.26526
34.37955
34.40914
35.73932
35.85120
36.68626
38.68811
38.69584
39.49213
41.21947
41.52704
