4.62628
6.86311
19.78560
31.03868
34.90741
38.65205
42.95706
48.08449
52.80441
67.16199
73.14769
73.61316
80.90523
81.91056
85.36412
89.72031
90.86230
94.50599
95.65178
100.97186
105.14366
106.85789
12.07405
21.80624
37.05974
40.72670
49.03715
58.48118
81.78605
90.07566
92.11723
105.65922
111.83847
119.10309
137.09610
142.86020
152.86335
168.62584
172.44183
196.59733
206.28465
208.65249
211.67558
215.53837
10.17426
20.56107
27.11528
38.92500
46.54967
53.35352
54.51385
56.60351
57.19912
70.23693
75.39638
76.62594
86.30399
86.52087
89.90111
93.04728
114.89232
120.23381
140.83231
141.52263
152.88334
165.95452
3.80077
17.43146
26.31029
33.16067
33.54228
41.11650
47.42771
53.75734
63.77310
73.63730
81.28262
87.05691
90.24499
96.59250
105.31640
110.27013
119.34004
122.84706
135.66395
141.87823
143.90649
149.60693
6.82911
8.71269
10.59722
23.64474
28.26630
38.43234
40.31965
41.90709
45.54468
54.14842
62.70608
68.10513
74.69197
77.44908
90.11282
91.98243
97.14035
99.80516
102.70473
109.80631
112.04393
116.07776
1.35279
10.08454
19.89813
41.62807
47.18746
49.13124
50.64062
74.90701
78.96092
83.48642
87.95838
95.11020
99.67715
111.55501
114.89904
120.44419
124.88753
130.78008
133.52013
140.61497
144.26282
151.36067
1.57131
9.56801
17.66414
20.37322
22.94863
46.61543
48.83567
56.86409
65.84357
68.10807
70.52543
81.99332
100.37380
104.25256
109.67133
110.77540
113.05191
118.62878
128.31996
130.39282
140.07344
144.70764
7.62036
23.61030
29.08505
35.66920
42.40907
61.73793
99.88451
106.45788
110.89641
113.65984
125.95037
132.68124
132.93179
141.14396
147.51833
157.05298
157.98977
166.34486
180.43345
191.19877
196.82452
208.67177
13.93440
22.20453
27.60986
37.73268
49.01108
53.94169
57.21761
63.73532
68.47510
79.01600
91.38121
92.50426
114.16181
124.29661
125.50509
131.40755
132.39559
144.36904
145.26983
150.29716
151.40301
168.35759
2.38314
7.83512
8.02391
22.44243
23.64619
27.63399
44.59158
52.90974
54.87676
66.10644
69.87376
70.76910
74.81151
75.22629
76.56730
77.44187
79.17814
84.22183
86.38002
96.64184
106.05458
111.34384
17.81574
21.48019
24.62520
26.15368
40.51302
46.22943
47.90671
48.77598
60.34244
61.61397
71.25274
72.73876
93.89324
94.76220
97.53524
101.73095
125.27070
143.81891
148.47809
161.44001
166.23667
199.20032
1.15675
5.14116
6.37934
22.96670
26.26684
32.54867
56.42439
58.71592
61.54358
62.05127
73.71770
74.38005
77.78525
81.00989
83.02060
83.54629
84.54042
86.38514
89.61561
99.45301
105.57223
109.69120
12.37401
18.99848
30.72090
37.90369
51.49282
55.27986
64.50588
79.27374
83.35816
87.33072
93.30925
96.05093
97.74709
100.51763
106.28312
107.32752
111.22340
117.26217
117.36943
121.36787
125.61228
131.85418
4.78896
17.45045
20.47588
30.08771
32.24935
33.28645
36.59254
51.04982
59.61989
59.93944
62.32038
65.83476
66.66360
73.61022
87.50537
97.84351
108.86337
113.45388
115.04555
157.56032
158.73602
169.69624
6.69346
16.26546
24.26881
32.95511
34.55800
49.70869
55.41467
66.86281
76.05128
82.79184
87.86099
93.29446
103.45652
104.44201
111.29741
122.66141
129.42540
139.56583
140.95914
143.62681
161.33281
173.10928
17.24808
25.13849
31.18151
54.45773
60.48248
69.40721
72.87835
89.72790
91.78460
104.53905
107.37364
112.74558
116.94396
124.03477
134.27600
142.77206
144.93968
148.43401
153.49897
156.38045
164.57672
168.48677
6.33491
7.56438
16.52551
23.55670
24.57879
25.22409
29.51832
34.96130
45.73385
50.66249
60.82828
66.75136
82.43864
83.19006
94.11257
100.57298
107.64203
114.64454
125.06351
132.53043
137.65479
142.43719
5.48834
23.17099
40.92513
43.37532
50.73889
66.06983
71.83652
73.01374
87.78213
97.48345
104.23053
130.80636
149.11859
164.69041
165.38631
172.27834
180.35251
182.60035
190.14181
196.39553
201.78403
230.03364
4.37108
18.93803
26.31563
38.17012
38.27401
42.61041
47.68699
53.47636
67.07138
77.98622
81.19970
97.01507
99.91500
101.30012
116.23877
123.72119
129.43158
130.83837
140.41895
147.58660
154.74227
155.96593
12.81952
32.00466
35.97640
37.93589
48.82326
52.14200
62.21362
65.76325
66.17857
80.24937
91.09027
92.91301
105.83019
109.19034
112.86004
117.08182
125.05212
147.16691
151.01621
159.72813
163.78975
180.55037
0.65502
6.30438
17.87767
27.39150
30.11059
32.72971
42.72223
52.03168
58.37128
63.27170
67.50891
81.03153
81.62001
87.55699
90.80585
96.01023
99.75502
107.26558
112.68326
122.15082
131.71767
133.02203
2.82243
21.09438
30.11843
37.56044
52.25341
66.91256
80.43733
80.77324
90.12362
93.05694
96.91539
98.70900
102.23828
109.11399
115.58773
129.66665
138.95447
141.86372
142.84188
147.01301
147.25296
158.03106
11.64803
21.31270
26.89667
35.20224
46.09826
50.57155
72.20690
81.34814
84.35606
91.76492
96.63672
106.64952
119.59337
119.95188
135.20082
137.57663
140.01112
142.53045
147.14787
149.62292
154.28285
155.10682
12.58489
18.65906
21.50151
24.73007
35.17393
49.45659
57.62722
66.67384
76.57571
83.26158
91.43863
101.03126
108.32715
109.43815
116.02477
127.51410
129.24861
134.66669
140.17301
144.62477
145.74367
146.96661
7.59051
17.03975
17.82205
19.84177
22.63518
23.08456
24.93578
32.21440
44.37008
45.40292
51.11649
61.62667
62.27884
63.35148
66.08371
71.30357
80.60196
87.20952
91.95815
101.48333
102.14335
109.50981
0.51168
18.72273
27.94037
40.99212
42.95694
46.15525
50.77041
55.75831
58.50139
61.37299
70.02969
72.24063
78.30402
80.50067
84.26293
94.05549
103.01203
105.83153
109.42654
113.63276
120.47240
122.53860
27.20475
36.48829
38.07568
43.80558
44.26290
48.29993
56.08926
66.05122
74.43845
75.94843
89.94416
93.94472
109.09634
115.71615
116.95460
121.86428
125.15924
125.31549
149.63956
156.43568
164.46491
164.74704
8.02134
23.85123
28.07763
34.64908
45.42302
53.84827
57.10949
63.97983
64.43689
70.12246
80.16089
88.07590
93.29124
95.03413
103.69559
111.58196
116.65460
118.09897
127.67853
142.30421
152.45919
171.31184
10.04940
14.14725
21.10744
24.40543
28.67587
39.47604
45.31794
52.87071
60.26890
66.98899
74.70082
85.93589
86.95064
89.97253
91.84855
103.40674
109.57222
123.63692
136.07613
148.48508
154.93941
159.57020
5.86951
12.39718
13.38228
25.34837
35.13760
41.35232
43.91060
45.71513
47.12856
51.15240
52.92697
65.00588
66.22189
69.64791
70.28133
75.06835
94.08559
98.13638
105.16664
105.45440
107.09713
117.11536
3.36806
5.01606
19.66458
23.52278
33.56887
41.69744
57.94446
76.98833
79.55369
83.48293
106.81876
114.50710
120.18368
121.90958
128.03551
129.82728
136.63176
143.67596
150.06190
154.52886
161.84224
164.69803
3.12887
10.00150
11.71701
17.06998
22.58703
33.94474
43.38084
53.59292
55.09367
57.93984
64.00195
68.71044
74.37444
86.34733
90.21002
91.29647
97.35050
116.66572
119.47741
128.31404
145.06931
157.60610
1.66251
4.17429
19.21800
21.83166
36.70501
45.91144
51.82028
53.60003
55.20483
75.67048
79.83460
84.26564
84.88381
101.87731
109.36555
114.78698
133.53853
149.92615
155.96320
157.55453
158.49608
162.95404
1.33373
6.67738
8.33049
25.38120
26.45014
28.81924
36.33439
52.63827
58.77724
76.81484
81.90176
82.34514
102.39372
111.06335
117.63965
124.71436
129.98878
133.11145
135.68817
154.69841
160.31389
167.12545
1.96601
6.24597
14.36330
16.71918
19.31184
33.52541
35.32788
39.98646
45.37520
48.07813
61.89987
69.10690
82.88327
84.42355
85.50502
90.68299
99.49021
110.86646
115.45933
118.89479
122.29084
130.75817
2.23719
9.10422
22.10233
23.48635
30.34702
34.24892
38.56378
43.54799
44.12433
49.80197
62.57014
63.11406
66.20372
67.99758
74.48440
81.17443
90.52837
106.20367
132.92811
136.32081
164.40049
164.41183
5.64240
7.80466
16.71873
25.79351
25.81989
26.13287
28.39049
36.58361
42.04586
48.70549
54.38019
69.70735
82.00087
101.07298
103.11736
103.98426
108.44997
122.64130
126.42924
130.11239
140.21870
148.31951
5.95157
22.81083
23.06752
39.96599
42.63704
65.17584
70.51628
77.85680
82.96985
86.34106
94.06890
94.99321
98.77250
105.90748
108.60462
115.77594
120.13333
122.45900
130.70629
133.70667
138.80086
145.41474
23.90744
26.41474
35.46981
45.94961
47.93124
49.28699
49.95628
57.52770
70.48640
76.25250
94.96462
104.55356
108.05958
120.75096
127.03502
139.05531
152.22782
155.50294
160.16504
166.93828
178.41178
187.94201
1.36985
7.92518
12.60605
20.58645
25.69247
28.00093
30.52037
41.90075
53.58038
53.95859
57.05040
61.33681
64.69376
67.03615
72.94538
82.67998
85.95527
93.61399
97.22825
117.47372
122.41024
123.60804
6.78763
10.79244
22.38117
41.37758
65.42724
91.81644
103.37632
110.86786
118.72867
135.84935
145.33244
146.13680
151.56309
160.28173
166.51774
168.62256
172.34206
175.66174
187.83254
189.83344
197.53276
201.22418
8.22746
12.62068
19.24535
23.96338
28.18922
37.06365
41.46692
41.62074
46.03738
50.02654
53.47041
56.40460
63.54118
79.59903
79.91319
90.19361
93.29327
98.08598
99.56477
100.40564
106.69967
116.44301
7.27321
14.97707
19.52966
23.11848
29.47960
48.09284
51.89229
56.70837
68.78769
83.44335
87.75107
97.75935
113.31181
118.33544
127.49328
143.02563
148.52934
151.62370
153.43182
157.97154
158.22540
181.13536
4.59385
19.93848
23.97199
41.44659
43.88303
47.43589
59.72379
66.68760
69.04319
73.78786
82.80495
86.88650
96.57729
97.01566
103.76467
109.10795
112.99058
114.34857
117.24001
121.74883
124.74872
133.52914
2.40170
20.45851
26.46912
39.63616
51.30479
56.94453
63.67639
72.49508
79.52155
81.45895
88.15954
97.49652
103.69081
106.76532
115.07342
116.75625
121.29551
121.68933
127.57247
134.09577
134.73322
140.00794
5.55146
7.14337
27.15172
29.93951
54.23284
54.63890
66.62302
73.85875
87.58610
94.77549
96.89616
101.85173
112.00702
116.22582
123.67591
148.53582
153.19156
159.41538
161.87825
164.77229
167.62495
175.19589
7.90675
12.36542
30.29387
35.63523
39.50589
41.11147
50.69391
57.52711
62.17919
65.64163
73.11873
74.75771
92.22521
112.23985
115.14044
118.43644
120.33167
125.05884
132.91558
152.00611
153.73884
162.22397
4.58642
9.13574
33.66901
35.56781
38.29439
50.67307
57.20776
59.77103
59.99209
64.49654
77.21956
78.51370
90.73371
95.67614
97.26457
100.48950
100.57096
110.36051
118.22190
123.31866
139.20225
143.15803
5.93712
17.61953
32.91677
34.63362
43.58756
44.68006
49.52708
53.94899
60.45227
64.44683
83.06365
86.58418
91.37441
107.71522
125.35694
131.47220
135.89041
139.94645
142.88833
149.48096
163.86124
170.15038
5.84016
16.37915
28.70667
37.07291
42.22400
55.43887
56.05800
65.18214
80.30245
80.66717
86.04735
86.47255
92.29666
94.48766
95.88784
103.22576
105.77226
107.95773
113.84120
120.16034
120.69867
125.06698
6.10806
19.75145
28.19098
29.43520
35.51715
39.23696
43.86883
64.14690
65.32865
67.06541
81.61220
91.87089
93.48370
101.18133
120.88399
136.80097
147.71026
149.17592
160.13286
168.38471
168.97800
183.85984
8.23701
11.77800
19.14502
22.32196
25.39135
38.37806
45.29523
62.14327
65.84863
69.25472
85.92796
102.76087
109.72101
117.47014
126.06919
141.02963
147.35929
164.78864
166.05393
183.83354
185.08514
195.79799
5.71672
32.20580
34.56879
43.56452
47.61481
56.23071
56.60848
58.42360
66.02758
71.72952
80.78743
89.34921
103.21970
116.92509
132.76946
135.72656
140.80798
156.22159
162.57703
171.21117
179.68983
182.20029
8.03229
16.49602
25.47096
32.31690
33.52918
40.63519
52.72086
53.84423
63.33201
73.20549
73.41429
77.88594
78.59854
80.13021
108.10838
126.92085
131.91734
133.58266
138.69172
155.00721
160.41790
174.39146
10.73460
17.62250
19.25709
25.01785
25.90331
28.15103
28.94723
30.40020
35.96848
46.02145
47.29519
48.85770
59.21457
60.39681
64.12061
73.18766
75.77718
84.93587
85.31228
101.67211
112.25529
119.60498
2.98810
9.80132
14.26139
34.20609
35.70831
36.21127
48.79774
54.56421
54.72446
62.53119
62.69621
70.65550
75.29668
78.34366
82.80284
93.10764
103.59395
114.44052
115.78288
119.30346
122.93887
131.46070
5.55268
8.04643
9.00945
15.28145
47.75893
52.42039
55.70754
77.42644
83.28301
86.95308
99.80806
107.76297
117.62978
126.11713
134.92752
138.11000
146.15655
147.29594
152.95253
155.43990
158.38095
162.21718
3.73102
4.60574
6.84296
13.14777
19.80627
26.13088
34.14063
47.56156
51.69154
79.85162
81.40259
99.47493
102.29424
109.23525
115.82077
129.34799
130.79686
139.47415
144.62246
151.80267
153.60524
158.88654
11.17994
23.08389
38.71782
47.03542
48.96979
61.30676
69.04399
75.94699
78.73977
88.18852
103.77243
113.07693
118.08619
119.23225
119.24182
126.40644
130.86988
131.72526
142.72279
145.20730
152.16090
155.76041
6.72432
8.34548
9.20347
11.01736
27.76952
45.03045
48.44789
57.76221
60.84954
65.12404
67.42294
75.27274
91.78665
98.83126
100.27852
109.88590
110.86578
117.90623
131.65325
136.23797
139.67598
152.07582
13.89322
27.79326
34.19464
36.30159
38.26881
50.70420
56.89033
74.63727
81.69312
82.39562
86.68374
91.56257
94.61270
100.69382
113.71669
122.76337
136.08629
139.20124
158.11579
166.94695
175.67146
177.21042
5.69549
10.95529
20.05146
25.06050
32.65907
59.05840
61.44731
66.15215
71.68698
77.07573
89.46585
91.31440
93.30338
99.35038
114.43666
115.88259
116.31859
116.46523
125.75098
131.51582
134.00613
143.98911
10.37166
18.38465
28.10119
35.09954
39.65242
46.70246
52.62289
57.20736
67.83274
76.85158
85.51440
86.12357
91.57932
97.42337
105.28439
126.62937
142.89467
162.76798
172.11775
172.37687
178.75018
186.30724
3.35018
19.48608
30.98091
33.82244
84.34255
86.16021
101.77857
107.07376
108.76888
117.04764
122.37706
126.18845
129.97883
142.94736
145.66647
150.60786
163.04158
185.39425
187.21913
192.12163
198.46416
201.72277
0.45878
2.24580
12.79570
27.82258
30.60399
34.12651
36.36792
43.23162
50.30674
57.91643
63.87865
65.97465
69.62851
79.10163
80.85689
87.44120
89.56317
91.90540
100.82033
109.83520
117.27912
124.81960
8.92356
11.14803
14.43175
20.42399
28.93854
36.43793
38.98674
46.46974
58.34188
58.50470
67.73136
71.92684
83.47268
92.32773
96.43857
106.17025
109.31451
116.79286
130.37964
134.28846
148.03850
155.51600
8.04602
16.96234
23.46487
31.62364
36.60179
38.51410
46.09006
56.43268
65.18072
72.17612
84.16638
87.78611
92.95157
94.94045
96.98586
100.39709
100.75825
105.98817
123.85165
137.37568
140.34869
149.31688
10.65145
14.56119
21.81930
41.06147
42.82154
45.19807
45.70119
49.55822
57.62331
62.53122
65.45426
66.17193
77.76209
86.33838
96.86856
110.58628
114.87445
116.47441
129.02602
134.13289
135.74554
142.28927
3.96292
9.19172
10.43852
14.60977
24.89048
27.63568
28.03947
40.68627
62.93128
63.66820
69.64960
74.15779
88.06623
96.84478
110.41443
121.63638
123.68395
145.14701
150.94421
155.71399
162.60254
168.43790
3.22622
4.02685
7.50365
13.04753
19.18021
23.69396
39.13747
65.72227
83.73649
89.97711
95.52313
113.62804
124.22111
125.57185
142.89109
150.48577
154.25770
154.36569
164.43064
167.65528
176.83853
177.63654
14.90227
25.12821
36.45384
38.53522
41.46906
58.62112
62.59765
64.06603
81.04130
92.72582
108.38481
122.46441
133.18328
138.59571
144.96567
150.44647
151.12442
151.14168
155.08946
160.39090
164.66110
176.82550
2.96095
23.65391
26.32116
27.34809
34.48018
42.09558
57.10687
66.29463
69.36205
72.61929
78.61163
86.53930
88.70292
90.88096
102.16860
109.18813
112.05006
114.03181
121.94058
123.41906
129.68220
136.90172
13.06833
29.91176
33.20920
40.65800
41.43721
42.08569
49.48527
53.23576
54.20214
58.95583
61.31758
68.54962
72.27371
93.37542
100.01180
101.29705
106.57106
106.95508
107.21900
114.09815
121.58531
127.74344
8.29677
15.72088
30.76176
34.07578
40.93405
43.78456
65.38237
71.44626
74.89006
92.34125
99.89946
102.36072
107.85860
114.12338
125.10634
126.25101
132.08442
142.55242
144.61503
146.07401
146.66766
148.60711
9.01502
18.60030
21.66702
32.38437
47.93763
49.77369
54.15036
72.42966
81.71134
86.90216
91.78081
92.88927
94.73629
107.10909
110.48166
123.95027
128.23758
130.17436
132.91131
143.49417
154.11043
163.10714
2.64079
22.42002
25.02874
33.08664
52.94261
60.57899
66.23618
73.03032
73.51122
74.85712
81.47278
86.92882
97.24928
99.58526
102.25162
102.51136
113.77668
115.18754
115.31537
126.98896
130.96436
138.11439
10.87781
12.24164
24.57457
39.84447
49.22642
54.69288
55.64686
63.50050
71.39121
78.67348
86.84428
87.80534
88.77972
98.20101
98.48027
102.58074
102.96499
115.02464
116.05733
126.75810
143.40342
158.24718
6.40759
61.41389
66.88995
76.50686
85.72720
86.52704
102.50721
124.23752
126.75836
131.82494
137.44505
138.03985
142.79524
144.53581
158.20416
163.59145
172.03693
182.11879
183.46133
192.38655
195.95132
200.49293
29.30551
40.56018
47.74342
50.92632
52.42543
56.71237
65.95901
70.65682
77.18776
88.25856
90.95997
96.54903
102.47217
102.58683
115.89435
117.60394
126.17687
129.20301
138.32867
144.27552
155.97251
157.73483
7.96397
18.97264
26.15534
36.07981
41.20878
43.67296
51.97636
59.43896
60.07735
62.10293
69.18548
76.35789
77.38860
81.49763
83.98155
92.88826
99.08597
99.79454
103.98315
109.80406
112.78464
115.06276
3.76942
30.33227
32.53727
41.26611
46.67250
58.37176
66.13735
71.50651
94.73899
102.77944
106.73845
115.35278
117.97433
130.05481
139.04108
160.00277
160.61483
168.22862
176.62587
177.17040
177.59939
178.01383
8.58550
14.68445
16.39062
23.41566
30.45738
30.68502
33.16451
46.40303
55.64099
59.14649
63.09428
70.01096
77.41554
95.21476
96.42628
98.30337
99.17782
105.55297
114.75191
118.32709
123.59792
126.96454
4.21216
12.25711
20.58777
24.30919
40.58322
44.59625
46.95517
57.58817
60.17072
61.68334
64.11554
70.40381
77.02881
84.64873
102.99547
104.31673
105.81657
115.20729
119.68663
127.54251
129.61058
130.61487
7.69527
22.64467
27.69577
31.59006
35.66136
42.72563
50.14405
63.64270
75.15965
78.78445
82.57001
87.53482
88.76824
89.46454
99.57296
102.15883
113.98878
122.60089
135.19346
140.11658
149.72645
155.67892
8.74904
42.02905
42.59185
44.52708
46.07062
49.32793
51.45495
66.90780
76.40146
102.68215
106.00967
119.81525
131.20385
137.33494
149.44656
162.50616
166.04748
170.05086
185.39680
194.62862
199.13240
205.65469
2.66023
5.61015
8.25763
10.49053
13.18312
29.19695
37.13466
38.02517
51.09745
51.88402
53.41730
72.47354
77.89317
84.07097
86.34037
104.79330
105.85335
108.13485
128.94345
138.89008
156.95348
166.70566
12.16892
16.87054
18.82351
23.68996
25.28996
30.25820
40.88400
42.47347
44.98465
51.12880
56.69460
64.35851
72.11871
75.00754
87.25429
103.04843
109.55704
111.43342
113.89930
115.99601
123.33881
124.53509
1.18563
3.26162
9.09646
12.77804
35.88854
53.14066
57.62212
64.13636
72.59136
76.35944
99.12878
109.54457
113.97199
124.40713
139.09040
140.86632
144.69046
157.93916
180.37609
202.60058
205.43082
208.00955
12.16698
17.18395
21.81714
24.79325
32.67494
42.12016
53.85993
62.74930
66.00939
93.72307
97.89442
100.76793
111.49947
116.60149
121.01519
128.95357
135.00664
138.73311
147.63297
153.73972
164.37985
169.67883
8.13298
8.86630
12.07745
24.13353
34.66467
53.91696
61.60198
71.23323
78.05824
93.56001
100.26804
116.29168
125.79088
127.15326
134.18571
153.82501
159.64371
163.99036
179.16127
186.22494
195.29172
206.82720
19.51299
24.70367
27.82103
29.72356
47.42730
59.76279
60.01350
65.73092
70.01928
72.81416
76.18267
81.31128
89.22367
95.16924
108.45002
109.13704
115.83985
120.10665
132.97242
139.57244
156.95862
160.85350
1.44185
6.28198
17.54561
21.36022
25.28847
33.06890
35.84593
42.68218
47.56658
48.45918
61.34863
62.66674
68.46906
75.66966
75.70294
77.73468
79.94491
83.59805
87.95366
90.01358
105.15039
107.77959
0.57510
11.68839
23.03544
30.83460
36.72124
43.29864
71.45230
82.79305
102.81116
105.31138
110.24518
113.82897
120.27243
123.73368
126.61273
135.19233
147.62556
148.91956
158.73080
167.47099
175.36182
186.86404
7.07270
11.80370
12.96995
24.61436
28.80034
33.58546
36.82266
40.00126
49.14417
53.76180
56.03147
59.53202
66.60588
91.49631
98.24696
107.89539
118.13695
119.18426
140.00827
140.32492
140.41660
152.27198
10.79517
22.93252
48.53017
51.84687
56.81938
65.85394
77.58990
83.10873
89.51958
92.39365
93.51651
95.00620
95.76959
99.99547
100.89582
116.02367
123.97483
124.69168
131.93953
134.60035
147.16329
149.94644
1.18497
3.80609
5.34686
11.08089
11.17495
11.46840
20.89803
44.89444
53.70041
59.55983
65.90076
83.21037
87.43614
103.82368
105.89915
107.25979
110.63938
121.23838
122.85806
143.62756
144.81970
159.18087
5.14496
8.32010
18.91976
24.67788
28.59794
44.15942
52.59480
61.48628
74.52797
82.19628
89.99367
91.94965
105.02952
106.16458
121.43495
124.18061
132.17960
135.38504
141.64215
145.00977
150.64668
154.90609
0.63758
12.64179
13.87213
22.11010
40.57463
43.78551
45.73033
49.08922
55.29713
64.67298
67.08475
97.29751
110.25830
115.76210
122.62479
129.34250
152.86694
165.42715
178.08133
182.45729
193.07958
212.69578
7.48024
13.32265
18.79822
29.23723
40.87904
47.32607
56.62921
60.93370
78.76553
86.66063
95.95160
100.72047
103.97456
112.65451
124.21734
126.08709
134.15165
136.82120
139.05972
153.62836
159.10734
163.42161
5.89852
6.64930
9.48896
11.86873
15.68866
20.60484
26.60103
27.00843
39.35807
45.59720
59.80286
61.65038
70.34146
78.26187
89.23616
101.32867
109.70266
112.95066
127.32367
129.68378
132.91463
148.13289
