12.43824
24.87647
37.31471
49.75295
62.46324
74.90148
87.33971
93.55807
101.02603
113.46427
12.43824
24.87647
37.31471
49.75295
62.19118
74.62942
87.80930
100.24754
110.34481
123.21979
12.43824
24.87647
37.31471
49.75295
62.86143
75.41799
87.85623
100.29447
113.30739
126.31757
12.43824
24.87647
37.31471
50.20960
63.38384
75.82207
88.63186
100.59572
113.31020
125.74844
12.43824
23.47764
35.91588
48.35412
60.79235
73.23059
85.89866
97.20981
109.68555
122.40264
12.43824
24.87647
37.31471
50.27575
63.23821
72.72830
85.16654
97.60477
110.50304
123.01813
12.43824
24.87647
37.31471
49.75295
57.14182
61.92627
74.36450
85.61665
87.68979
97.66063
12.43824
24.87647
37.31471
49.75295
62.19118
74.63588
87.67209
100.11032
113.23017
125.66841
12.43824
24.87647
34.91329
47.35153
60.16445
72.60269
85.28096
98.44259
110.88083
123.99187
12.43824
18.45713
30.89537
43.32784
55.76608
68.20432
80.64255
93.08079
105.51902
113.51596
12.43824
24.87647
37.31471
49.75295
55.32581
67.76404
80.43556
92.87379
103.75451
116.76118
12.43824
24.87647
37.64377
50.08200
62.52024
74.95848
87.39671
99.71403
112.15227
124.90410
12.43824
24.87647
37.31471
49.75295
62.19118
74.62942
87.67244
100.84688
112.00711
124.44535
12.43824
24.87647
30.04062
38.93224
51.37048
63.80871
76.25703
88.69527
100.61597
113.05421
12.43824
25.55538
37.99362
50.43185
62.87009
75.35135
81.04011
93.47834
105.69841
118.13665
12.43824
24.87647
33.77318
46.21142
59.39777
71.83600
84.56219
97.37346
109.81170
114.73929
12.43824
24.87647
37.31471
49.75295
62.19118
74.62942
87.06765
99.50589
112.16248
125.27823
12.43824
24.87647
37.39195
50.07604
63.18307
75.62131
88.05954
100.49778
112.93602
125.82565
12.43824
24.87647
37.31471
49.75295
62.19118
74.21422
86.65245
99.09069
112.11723
125.12121
12.43824
24.87647
37.31471
49.75295
62.19118
75.34271
87.78095
100.75031
113.78067
126.21891
12.43824
24.87647
37.31471
49.75295
62.19118
74.62942
78.82779
91.26603
102.96599
113.32109
12.43824
24.87647
37.31471
48.33381
60.77205
72.88752
85.32576
97.76400
110.20223
123.31675
12.43824
24.87647
37.31471
49.02818
61.46642
73.90465
86.34289
96.31903
108.75727
121.94422
12.43824
24.87647
37.31471
49.75295
59.21455
70.68469
83.71759
96.15583
108.59407
121.03230
12.43824
24.87647
37.31471
49.75295
62.19118
74.81634
87.25457
100.43973
104.54486
116.98310
12.43824
24.87647
37.31471
41.87607
54.31430
66.75254
80.20881
92.64705
105.08529
117.25709
12.43824
24.87647
37.31471
49.75295
62.19118
74.62942
85.00034
94.47971
106.91794
119.35618
12.43824
24.87647
37.31471
49.75295
52.37155
64.80979
78.47497
84.79931
97.23755
104.80620
12.43824
24.87647
37.31471
48.48294
60.92117
69.44603
81.98826
94.42650
104.84562
116.40130
12.43824
24.87647
37.31471
44.84315
56.30066
68.73890
81.17714
93.83611
101.26587
114.35715
12.43824
24.87647
37.31471
49.47707
61.91531
74.35355
86.79178
99.97838
112.41661
120.86344
12.43824
24.87647
37.31471
49.75295
62.19118
74.68143
86.89444
99.33268
111.77092
124.20915
12.43824
24.87647
37.31471
49.75295
62.19118
74.62942
87.06765
100.23206
113.33822
125.82592
12.43824
24.87647
34.22520
42.60488
55.04311
67.48135
78.50841
91.60741
95.94390
104.78208
12.43824
24.87647
37.31471
48.60112
61.03936
73.47759
80.41007
92.84831
105.79160
110.59969
12.43824
24.87647
37.31471
49.75295
62.19118
70.55096
83.68713
95.81533
108.25357
121.47995
12.43824
25.47400
37.91223
50.35047
59.29791
72.37188
84.81011
97.24835
100.88562
113.69035
12.43824
24.87647
37.31471
50.41531
62.85355
75.78812
88.22636
100.00171
113.18751
125.62575
12.43824
24.87647
37.31471
49.75295
62.19118
74.62942
87.33599
94.33985
105.59504
118.03328
12.43824
24.87647
37.31471
49.75295
62.57563
75.01386
81.74888
94.18712
106.62535
119.06359
12.43824
24.87647
37.31471
49.75295
62.89628
75.66860
88.10683
101.28910
108.45681
120.89505
12.43824
20.69102
33.12925
46.09484
58.53308
70.97132
77.46948
80.92471
94.00933
106.49084
12.43824
24.87647
37.31471
49.75295
62.19118
74.62942
87.06765
99.50589
110.04372
122.31650
12.43824
24.87647
37.31471
49.75295
62.19118
74.62942
78.02368
90.46192
100.93861
113.77791
12.43824
24.87647
37.31471
49.75295
62.19118
74.87229
88.75877
99.75385
110.54168
119.21877
12.43824
24.87647
37.31471
49.98486
62.42309
74.86133
79.07704
91.51527
103.95351
116.61947
12.43824
25.13528
37.75263
50.19087
61.74406
74.18230
86.62053
99.05877
103.70810
116.14634
12.43824
24.87647
37.31471
48.62256
61.06080
73.49904
80.00101
87.63272
100.07095
104.91349
12.43824
24.87647
37.83640
50.27464
62.91301
75.35124
79.29354
88.92565
102.08910
109.79980
12.43824
24.87647
37.31471
49.75295
62.93980
75.38258
88.04274
100.48097
103.75934
116.19757
12.43824
24.87647
36.90344
49.34167
61.77991
74.68935
87.12758
99.60361
112.92894
125.81131
12.43824
25.57083
38.00907
51.09268
63.53092
75.96915
88.40739
100.84563
113.99652
126.43475
12.43824
24.87647
37.31471
49.75295
62.70244
75.14068
87.57891
100.01715
102.10270
115.28148
12.43824
24.87647
37.31471
49.75295
62.19118
73.68753
86.82146
89.95773
102.39596
114.83420
12.43824
24.87647
37.31471
49.75295
62.19118
74.62942
84.08369
96.52192
99.72602
112.16426
12.43824
24.87647
37.31471
47.21899
54.73020
67.16843
80.31042
92.80143
102.49810
110.14392
12.43824
24.87734
37.31558
49.75382
62.19205
74.63029
87.06852
91.19783
103.63606
116.07430
12.43824
24.87647
37.31471
49.75295
62.19118
75.18063
87.61887
100.05711
112.49534
124.93358
12.43824
24.87647
34.62928
47.06752
53.41758
65.85582
78.65019
91.08843
95.01050
107.44874
12.43824
24.87647
37.31731
49.75555
62.19378
74.63202
87.07026
98.40817
99.26420
111.70244
12.43824
24.87647
37.31471
50.42762
62.86586
75.30409
87.74233
100.63403
111.19104
123.23527
12.43824
24.87647
37.31471
49.75295
62.93688
75.41608
87.85432
100.98094
113.44380
117.57039
12.43824
24.87647
37.31471
49.75295
62.89763
75.33586
87.77410
100.63344
113.07167
122.00825
12.43824
24.87647
37.31471
49.75295
59.24677
68.01882
81.43194
93.87017
105.97611
118.41435
12.43824
24.87647
37.31471
49.75295
62.19118
74.62942
85.13184
91.26409
104.44493
116.88317
12.43824
24.87647
37.31471
49.75295
62.31266
74.75090
87.18913
100.13094
113.19968
125.88867
12.43824
24.87647
37.31471
48.01450
60.45273
72.89097
85.36079
97.79903
110.64448
123.08272
12.43824
24.87647
37.31471
49.75295
62.19118
74.82840
87.26664
100.25082
113.47139
125.90962
12.43824
24.87647
37.31471
49.75295
62.19118
74.94975
79.80824
92.24648
104.68471
117.72695
12.43824
24.87647
37.31471
49.75295
62.66644
75.10468
87.54291
100.01389
112.45213
123.93697
12.43824
24.87647
37.31471
49.75295
62.19118
67.98146
80.41969
93.40750
105.84574
118.28397
12.43824
24.87647
33.37156
45.80980
58.24804
70.68627
83.12451
95.98422
108.42246
120.86070
12.43824
24.87647
37.31471
47.64029
60.07853
72.51676
84.95500
97.54073
110.76188
123.20012
12.43824
25.55722
37.99546
50.43369
62.87193
75.31017
88.84549
101.28373
104.36393
117.16519
12.43824
24.87647
37.31471
49.75295
62.83373
75.27197
80.74370
93.18193
105.62017
118.65762
12.43824
24.87647
37.31471
49.75295
62.19118
75.20721
87.97047
100.40871
112.84694
125.80861
12.43824
24.87647
37.31471
50.49817
62.93641
72.38571
84.82394
97.26218
109.70041
118.97731
12.43824
24.87647
37.31471
49.75295
61.38646
73.82470
86.26293
98.91954
111.35777
123.79601
12.43824
20.08769
32.52592
44.96416
57.40239
69.84063
82.27887
94.71710
107.63713
120.34124
12.43824
24.87647
37.86057
51.04318
63.48141
75.97954
88.76286
101.20110
112.96662
125.69177
12.43824
24.87647
37.31471
49.75295
62.93861
75.37684
87.81508
100.25331
112.85268
125.74783
12.43824
24.87647
35.94679
48.38503
58.95912
71.39736
83.83559
96.96425
109.40249
121.43509
12.43824
24.87647
37.31471
49.75295
62.19118
73.49135
78.08329
90.56093
102.99917
104.01237
12.43824
25.48078
36.79438
49.23262
61.67086
74.59914
87.70392
100.14215
112.58039
123.93646
12.43824
24.87647
37.34475
49.78299
62.22123
74.65946
87.09770
99.53593
112.52897
125.57229
12.43824
24.87647
37.96394
46.61945
59.05768
71.49592
83.93415
95.93301
108.76127
121.91839
12.43824
24.87647
37.31471
49.75295
54.28663
66.72487
79.82012
92.25836
97.91066
111.06656
12.43824
24.87647
37.31471
49.75295
62.19118
70.55192
83.73894
96.17718
108.61542
122.22850
12.43824
25.54952
37.98776
50.42600
62.86423
75.30247
87.74071
93.26850
98.57997
111.01821
12.43824
24.87647
37.31471
49.75295
58.23583
63.60290
76.04114
88.47937
100.91761
114.12817
12.43824
24.87647
37.31471
49.75295
62.19118
74.62942
86.15468
98.59292
111.03116
122.76886
12.43824
24.87647
37.31471
49.75295
62.19118
75.17148
87.60972
100.04795
109.31014
121.52313
12.43824
24.87647
37.31471
49.75295
62.50197
74.94021
80.69143
93.12967
97.28295
109.72118
12.43824
24.87647
37.31471
50.12929
62.67844
75.11668
87.54855
96.28525
108.72349
121.16173
12.43824
24.87647
37.31471
49.75295
62.19118
74.62942
82.60047
95.77887
108.21711
121.18753
12.43824
24.87647
37.31471
49.75295
62.19118
75.36060
88.12764
98.78625
111.22449
115.11526
12.43824
24.87647
35.05581
47.49404
60.29003
73.43149
85.86973
97.46075
110.43310
123.49159
12.43824
24.87647
37.31471
49.64837
62.08661
74.52484
87.56420
100.00244
113.15362
125.59186
12.43824
24.87647
37.31471
50.36367
62.80190
75.24014
88.40233
101.56883
114.00706
126.44530
12.43824
24.87647
37.31471
49.75295
62.19118
75.28484
87.72308
99.71058
111.49155
124.45093
