12.43824
24.87647
37.31471
49.75295
61.29529
73.73353
86.17176
92.10632
103.15176
115.58999
12.43824
24.87647
37.31471
49.75295
62.19118
74.62942
87.69872
100.25414
111.82692
124.14766
12.43824
24.87647
37.31471
49.75295
61.90721
75.05597
87.49421
99.93244
112.68089
125.66716
12.43824
24.87647
37.31471
50.00209
63.07261
75.51085
88.64960
101.38282
114.07673
126.51496
12.43824
24.02994
36.46818
48.90642
61.34465
73.78289
86.53687
99.71218
112.88609
125.52202
12.43824
24.87647
37.31471
50.09398
62.53222
74.31107
86.74931
99.18754
112.26444
126.09167
12.43824
24.87647
37.31471
49.75295
59.39301
72.54689
84.98513
97.23726
104.35974
116.79798
12.43824
24.87647
37.31471
49.75295
62.19118
74.63657
87.06144
99.49967
111.93791
125.03690
12.43824
24.87647
36.04769
48.48593
61.72670
74.16493
87.35167
99.72688
112.16511
119.19496
12.43824
20.38634
32.82458
45.83221
58.27044
70.70868
83.86020
96.29844
108.73667
117.13650
12.43824
24.87647
37.31471
49.75295
62.19118
74.62942
87.23455
99.67278
105.53251
118.69990
12.43824
24.87647
37.66220
50.10044
62.53868
74.97876
87.41700
99.85524
112.29347
125.44398
12.43824
24.87647
37.31471
49.75295
62.49167
74.92990
88.09029
101.22861
111.88920
124.32744
12.43824
24.87647
37.71791
47.43989
59.87812
72.31636
85.21222
97.65046
110.83130
123.26953
12.43824
25.47579
37.91403
50.35227
62.79050
75.80750
86.81344
99.25168
112.41507
124.85330
12.43824
24.87647
34.35596
46.79420
58.70406
71.14230
84.20716
90.07622
102.51446
110.93611
12.43824
24.87647
37.31471
50.07709
62.51532
74.95356
87.39180
99.83003
110.55333
122.99234
12.43824
24.87647
37.31471
50.40849
63.59008
76.02832
88.81955
101.25779
113.69603
126.19223
12.43824
24.87647
37.31471
49.75295
62.19118
73.81151
86.24975
98.68798
111.86677
124.89678
12.43824
24.87647
37.31471
49.75295
62.19118
74.62942
87.06765
99.99386
112.43210
125.35267
12.43824
24.87647
37.62332
50.06156
62.49979
74.93803
88.28883
100.72707
111.24831
120.80945
12.43824
24.87647
37.98388
50.42212
62.86035
72.73599
85.17423
97.61246
110.05070
121.66985
12.43824
24.87647
37.31471
50.38879
62.82703
75.26526
87.70350
98.97805
111.41629
124.60279
12.43824
24.87647
37.31471
49.75295
57.52759
70.59244
83.03068
95.46892
107.90715
120.34539
12.43824
24.87647
37.31471
49.75295
62.19118
74.84728
87.28552
100.12489
112.59759
125.03582
12.43824
24.87647
37.31471
48.37245
60.81068
73.24892
86.43495
98.87319
111.31143
121.04128
12.43824
24.87647
37.31471
49.75295
62.19118
74.62942
87.64678
95.76052
108.19875
120.63699
12.43824
24.87647
37.31471
49.75295
54.72672
67.16496
79.60320
90.07829
102.51652
115.52889
12.43824
24.87647
37.31471
50.47270
62.91094
74.60519
87.44876
99.88700
111.79367
121.79027
12.43824
24.87647
37.31471
49.70818
62.87455
75.31279
87.75102
100.91388
109.73260
122.39418
12.43824
24.87647
37.31471
48.00737
60.44561
72.88384
85.32208
94.05640
106.59421
119.47720
12.43824
24.87647
37.31471
49.75295
62.19118
75.29718
87.89928
100.33751
112.77627
126.20913
12.43824
24.87647
37.31471
49.75295
62.19118
74.62942
87.06765
100.04588
113.04655
125.48479
12.43824
24.87647
35.99431
48.43254
60.87078
73.30901
85.92719
98.83816
100.31919
112.22481
12.43824
24.87647
37.40946
45.94994
58.58667
71.02490
83.26139
95.69963
108.18598
112.99272
12.43824
24.87647
37.31471
49.75295
62.19118
70.28492
83.42319
95.67743
108.84573
122.20762
12.43824
25.46612
37.90435
50.34259
60.30318
71.21452
83.65276
96.09099
106.81407
119.97825
12.43824
24.87647
37.31471
48.18490
60.62314
73.78887
86.22710
99.39564
112.01764
124.45587
12.43824
24.87647
37.31471
50.20349
62.64172
75.07996
83.12109
95.55933
107.10955
120.07074
12.43824
24.87647
37.31471
49.75295
62.90540
75.34363
77.99688
90.43511
102.87335
115.31158
12.43824
24.87647
37.31471
49.75295
62.69771
73.59897
86.03721
99.18640
101.01942
113.45765
12.43824
23.30131
35.73955
47.65150
60.08973
72.52797
77.40786
90.55318
103.57039
116.00862
12.43824
24.87647
37.31471
49.75295
62.19118
73.52147
85.95970
98.39794
111.53705
120.72124
12.43824
24.87647
37.31471
49.75295
62.19118
74.62942
77.61323
90.05147
103.00740
116.02436
12.43824
24.87647
37.31471
49.75295
62.19118
75.32716
87.42182
96.81180
106.84865
119.28688
12.43824
24.87647
37.31471
49.75295
62.19118
74.62942
87.08820
99.52644
111.96468
124.40291
12.43824
17.95791
28.05921
40.49745
53.71288
66.15112
78.58936
91.02759
103.88336
116.32160
12.43824
24.87647
37.31471
49.97850
62.41673
74.85497
87.66029
100.89709
113.62865
114.87561
12.43824
24.87647
37.56428
50.00251
63.15006
75.58830
79.06192
87.80736
98.01300
104.02707
12.43824
24.87647
37.31471
49.75295
60.80866
73.47587
86.00513
98.44337
111.78447
124.22270
12.43824
24.87647
34.74876
47.18699
59.62523
72.06920
84.50744
97.67396
111.45213
124.57208
12.43824
24.87647
37.31471
48.46049
60.89872
73.33696
85.77520
98.21343
110.74227
123.18050
12.43824
24.87647
37.31471
49.75295
62.19118
74.62942
87.06765
99.50589
109.62526
122.81135
12.43824
24.87647
37.31471
49.75295
62.19118
69.07047
78.90546
91.38222
103.82046
116.25869
12.43824
24.87647
37.31471
49.75295
62.19118
74.62942
86.67196
99.11020
111.54844
123.98667
12.43824
24.87647
37.31471
46.36015
58.03115
70.46939
82.32287
95.05271
102.55073
110.14181
12.43824
24.87647
37.31471
49.75295
62.19118
74.62942
87.06765
92.26702
104.70526
117.55438
12.43824
24.87647
37.31471
49.75295
62.19118
75.22282
87.66106
100.09930
112.53753
124.97577
12.43824
24.87647
37.94110
50.37934
60.97942
73.41765
85.95188
98.39011
102.77703
115.21527
12.43824
24.87647
37.36599
49.80423
62.24247
74.68070
87.11894
96.35197
103.07423
115.51246
12.43824
24.87647
37.31471
50.46356
62.90179
75.34003
87.77826
100.44476
108.94710
118.37787
12.43824
24.87647
37.31471
49.75295
62.19118
74.62942
87.06765
99.56300
112.19038
124.24196
12.43824
24.87647
37.31471
49.75295
62.19118
74.62942
87.79400
100.56597
113.00421
124.61637
12.43824
24.87647
37.31471
49.75295
58.33725
69.84319
82.28143
94.71966
104.94590
117.38413
12.43824
24.87647
37.31471
49.75295
62.19118
74.62942
86.50635
94.16781
106.75232
119.19056
12.43824
24.87647
37.31471
49.75295
62.34058
74.77881
87.21705
99.91619
112.35443
122.27494
12.43824
24.87647
37.31471
50.50084
62.93907
75.37731
88.00201
100.44025
113.25363
125.69187
12.43824
24.87647
37.31471
49.75295
62.19118
74.62942
87.06765
99.50589
113.58705
126.76146
12.43824
24.87647
37.31471
50.39930
62.83753
75.07773
88.27703
100.71527
113.15350
125.80298
12.43824
24.87647
37.31471
49.75295
62.19118
74.62942
87.06765
99.50589
111.94413
125.12388
12.43824
24.87647
37.31471
49.75295
62.90001
75.33825
87.77648
98.09498
110.53322
122.89707
12.43824
24.87647
35.56333
48.00157
60.43980
72.87804
85.31628
98.49443
110.93267
123.37090
12.43824
24.87647
37.31471
47.07661
59.51484
71.95308
84.39132
96.82955
107.67639
120.11463
12.43824
24.61126
37.04950
49.48773
61.92597
74.36421
87.84285
100.28109
112.25118
125.19253
12.43824
24.87647
37.31471
49.75295
61.95520
74.90641
88.24010
100.67834
113.11657
125.55481
12.43824
24.87647
37.31471
49.75295
62.19118
69.75237
82.57418
95.01242
107.45065
119.89074
12.43824
24.87647
37.31471
50.49771
62.93595
72.28968
84.72792
97.16615
109.63628
123.29317
12.43824
24.87647
37.31471
49.75295
58.10487
70.54311
82.98135
95.41958
107.85782
120.84562
12.43824
25.38148
37.81972
50.25795
62.69619
75.13443
87.57266
100.01090
112.44913
117.15920
12.43824
24.87647
37.31471
50.34537
62.78361
75.22184
87.66008
100.09832
111.02094
124.40436
12.43824
24.87647
37.31471
50.19790
61.98656
74.42479
86.86303
99.30126
111.65705
124.78503
12.43824
24.87647
37.56687
50.00511
61.38344
73.82168
86.25991
99.23114
111.66937
120.21277
12.43824
24.87647
37.31471
49.75295
62.19118
75.23052
82.31580
95.70837
108.14660
113.09145
12.43824
25.03227
36.91870
49.35693
61.79517
74.97684
87.70761
100.14584
112.58408
122.22780
12.43824
24.87647
37.43391
49.87215
62.31038
74.74862
87.18685
99.62509
112.06333
125.89225
12.43824
24.87647
36.32495
46.59306
59.03130
71.46954
83.90777
97.06311
110.04678
123.20055
12.43824
24.87647
37.31471
49.75295
57.48742
69.92565
82.36389
94.80213
107.89218
120.44233
12.43824
24.87647
37.31471
49.75295
62.19118
75.29223
88.40121
101.24735
113.68558
126.56969
12.43824
25.45700
37.89523
50.33347
62.79556
75.23379
87.67203
98.60982
104.47330
116.91153
12.43824
24.87647
37.31471
49.75295
58.39578
61.44459
73.88282
86.32106
98.75929
109.46473
12.43824
24.87647
37.31471
49.75295
62.19118
74.62942
86.43749
98.87573
111.31396
123.19959
12.43824
24.87647
37.31471
49.75295
62.19118
75.17493
87.61317
100.05141
102.44100
113.78845
12.43824
24.87647
37.31471
49.75295
62.49605
74.93429
78.24530
90.68354
95.93378
108.37202
12.43824
24.87647
37.31471
50.49636
63.10355
75.54179
88.19351
92.36722
104.80546
117.24370
12.43824
24.87647
37.31471
49.75295
62.19118
74.62942
77.03241
90.07101
102.50924
115.46585
12.43824
24.87647
37.31471
49.75295
62.19118
74.62942
87.11486
100.30171
112.73995
124.29375
12.43824
24.87647
37.31471
49.75295
62.76538
75.68422
88.12246
100.67901
113.94811
126.86140
12.43824
24.87647
37.31471
48.10194
60.54018
72.97841
84.96773
97.40597
110.55552
122.99376
12.43824
24.87647
37.31471
49.75295
62.19118
74.62942
87.06765
99.50589
111.94413
124.38236
12.43824
24.87647
37.31471
49.75295
62.65413
75.82912
88.90494
101.34318
105.97553
113.70596
