12.43824
24.87647
37.31471
49.75295
61.39477
73.83301
86.27125
93.49822
105.32172
117.75996
12.43824
24.87647
37.31471
50.36832
62.80656
75.24479
88.42815
101.16628
111.87123
123.54681
12.43824
24.87647
37.31471
49.75295
58.56095
71.74338
84.18162
96.61985
109.06960
122.21932
12.43824
24.87647
37.31471
47.90430
60.89711
73.33535
86.51317
99.04227
112.01365
124.45189
12.43824
21.15237
33.59061
46.02884
58.46708
70.90532
83.92556
95.84160
106.74200
119.92851
12.43824
24.87647
37.31471
50.47992
62.41248
75.31924
87.75747
100.19571
112.98801
125.16765
12.43824
24.87647
37.31471
49.75295
62.66004
67.89384
80.33207
91.55357
93.63260
100.91779
12.43824
24.87647
37.31471
49.75295
62.19118
75.31508
87.63686
100.07510
113.27022
126.19905
12.43824
24.87647
36.32536
48.76360
60.92046
73.35869
82.04083
94.08088
106.51912
109.74642
12.43824
15.27162
27.70985
38.69589
51.13412
63.57236
76.01060
88.44883
100.88707
107.13706
12.43824
24.87647
37.31471
49.75295
57.30397
69.74221
82.87346
95.31169
101.12460
111.77531
12.43824
24.87647
37.29574
49.73398
62.17221
75.33078
87.76902
88.71439
101.15263
114.21675
12.43824
24.87647
37.31471
49.75295
62.43409
74.87232
88.01634
100.79743
105.72531
118.26581
12.43824
24.87647
29.14070
37.60643
50.04467
62.48291
75.31133
87.74957
99.04732
111.48555
12.43824
24.09428
36.53252
48.97076
61.40899
74.02698
81.12026
93.55850
104.82427
117.26250
12.43824
24.87647
37.67130
50.10953
62.18171
74.61995
88.07413
93.77445
106.21269
111.78744
12.43824
24.87647
37.31471
49.75295
62.19118
74.62942
87.06765
99.50589
107.02430
120.69694
12.43824
24.87647
37.82337
48.83803
61.99568
74.43391
86.87215
99.31039
112.24087
122.90412
12.43824
24.87647
37.31471
49.75295
62.19118
73.31578
85.75401
98.38228
111.47007
124.31535
12.43824
25.20223
37.64047
50.07870
62.51694
75.66998
88.10821
97.21593
109.69761
122.13585
12.43824
24.87647
37.42508
49.86332
62.30163
74.73987
82.50804
94.94628
105.05346
118.17571
12.43824
24.87647
33.63922
37.28507
49.72331
59.43596
71.87420
84.46723
96.90547
109.30646
12.43824
24.87647
37.31471
50.29022
63.22953
75.66777
88.10601
97.23864
109.67687
120.19388
12.43824
24.87647
37.31471
49.75295
55.52699
65.73931
78.94996
91.38819
103.82643
116.26467
12.43824
24.87647
37.31471
49.75295
62.19118
75.25845
87.69669
100.04976
101.27953
113.71777
12.43824
24.87647
37.31471
47.11710
59.55533
71.99357
84.86254
97.30077
109.73901
120.75652
12.43824
24.87647
37.31471
49.75295
62.19118
74.62942
85.33869
92.48222
104.92045
117.35869
12.43824
24.87647
37.31471
49.75295
56.68254
69.12077
81.65957
86.81619
99.60265
105.97135
12.43824
24.87647
37.31471
49.62248
62.06071
64.50540
77.69215
90.13039
99.98069
111.36489
12.43824
24.87647
37.31471
43.84911
53.82367
66.26191
78.70015
91.88546
98.30453
111.27095
12.43824
24.87647
37.31471
49.54365
61.98188
74.42012
86.85835
94.60088
107.60755
111.44130
12.43824
24.87647
37.31471
49.75295
62.19118
74.75442
85.00633
97.44457
110.06890
123.93936
12.43824
24.87647
37.31471
49.75295
62.19118
74.62942
87.06765
100.27773
113.87543
125.32080
12.43824
24.87647
36.03640
45.43657
57.87481
70.31304
82.30227
94.95907
99.00996
104.85088
12.43824
24.87647
37.95584
46.60295
59.70470
72.14293
77.30121
89.73945
103.61313
104.48777
12.43824
24.87647
37.31471
49.75295
62.19118
68.78125
81.92827
95.46737
108.59137
113.58976
12.43824
25.59238
38.03061
50.46885
60.01136
70.60421
83.04244
95.48329
98.38768
111.45163
12.43824
24.87647
37.31471
49.97229
62.41053
74.56966
87.00789
95.28369
108.33535
120.77359
12.43824
24.87647
37.31471
49.92981
62.36805
74.80629
83.39646
89.57364
99.83382
112.27206
12.43824
24.87647
37.31471
49.75295
61.76502
74.20325
83.14641
95.58464
108.02288
120.56448
12.43824
24.87647
37.31471
49.75295
62.34524
73.79470
86.23293
99.39239
101.88668
114.32492
12.43824
18.78889
31.22712
41.29389
53.73212
66.17036
73.05041
77.37222
89.68679
102.85794
12.43824
24.87647
37.31471
49.75295
62.19118
74.79175
87.22998
99.66822
103.53512
114.99882
12.43824
24.87647
37.31471
49.75295
62.39577
74.83400
81.22044
93.65868
100.85542
108.99177
12.43824
24.87647
37.95703
50.39527
62.83351
76.01525
80.88472
91.72495
98.59551
104.14367
12.43824
24.87647
37.83018
50.96694
63.40517
75.84341
86.17319
98.61143
111.04967
120.49209
12.43824
21.88303
32.92696
45.36520
51.48461
63.92284
77.05901
89.49725
91.41068
103.84892
12.43824
24.87647
37.31471
49.12648
61.56471
74.00295
81.21451
90.43441
102.87265
107.97311
12.43824
24.87647
26.62116
39.05940
52.13166
64.56990
67.67456
74.17015
82.06782
83.92049
12.43824
24.87647
37.31471
49.93931
61.51923
73.95747
87.14170
99.67716
103.00371
115.44194
12.43824
24.87647
36.07880
48.51704
60.95528
70.99666
83.43490
96.57662
110.48728
123.32291
12.43824
25.35634
37.79458
50.79410
63.23234
75.67057
88.10881
100.54705
113.25179
125.69002
12.43824
24.87647
37.98019
50.41843
56.67363
69.11186
81.55010
93.98834
99.04744
112.14021
12.43824
24.87647
37.31471
49.75295
62.19118
70.52307
78.99150
85.53840
97.97663
110.41487
12.43824
24.87647
37.31471
49.75295
62.19118
74.62942
81.06129
93.49953
97.36944
109.80768
12.43824
24.87647
37.31471
48.18366
52.41456
64.85280
74.82183
80.64250
85.73294
92.52984
12.43824
24.94748
37.38572
49.82395
62.26219
74.70043
87.13866
92.68351
105.12175
118.08403
12.43824
24.87647
37.31471
49.75295
62.19317
75.99245
88.43069
100.86892
113.30716
125.74539
12.43824
24.87647
33.63157
46.06981
52.51302
64.95126
76.81344
89.30573
94.70733
107.14556
12.43824
24.87647
38.00111
50.51356
62.95180
75.39003
87.82827
95.78194
98.51707
110.95531
12.43824
24.87647
37.31471
49.59051
62.02875
74.46698
86.90522
100.02915
110.11710
117.27600
12.43824
24.87647
37.31471
49.75295
62.93872
75.90425
88.34249
101.17662
112.56322
115.87664
12.43824
24.87647
37.31471
49.75295
62.93388
75.37212
88.16274
99.08541
111.52365
116.75060
12.43824
24.87647
37.31471
49.75295
58.52512
66.04292
78.19580
90.63404
100.24661
113.83776
12.43824
24.87647
37.31471
49.75295
62.19118
74.62942
84.95327
89.30016
101.82983
114.26807
12.43824
24.87647
37.31471
49.75295
62.58069
75.01893
87.45716
100.23744
112.97728
126.27033
12.43824
24.87647
37.31471
49.41347
61.85170
74.47560
87.63709
100.07533
113.22169
125.65992
12.43824
24.87647
37.31471
49.75295
62.19118
74.62942
87.06765
95.22212
107.78566
120.96794
12.43824
24.90134
37.33958
49.77781
62.21605
74.05809
77.06902
89.50725
101.94549
115.74140
12.43824
24.87647
37.31471
49.75295
62.38178
74.82002
87.69991
100.14043
112.57867
123.26372
12.43824
24.87647
37.60625
50.04448
63.02648
68.35143
80.78967
94.04628
107.05322
120.24010
12.43824
24.87647
35.66259
48.10083
60.53907
72.97730
85.41554
97.63563
110.70287
123.14111
12.43824
24.87647
37.31471
48.69384
61.13208
73.57032
86.08931
98.89776
111.16500
123.60817
12.43824
25.34573
37.78396
50.22220
62.66043
75.09867
88.28479
100.72302
108.57344
120.49441
12.43824
24.87647
37.31471
49.75295
62.93962
76.08829
76.82499
89.64535
102.08359
115.02196
12.43824
24.87647
37.31471
49.75295
62.19118
70.79741
83.94116
96.37940
108.90292
122.00571
12.43824
24.87647
37.31471
47.86774
60.30597
68.60902
81.04726
93.48549
105.92373
113.52864
12.43824
24.87647
37.31471
49.75295
60.19762
72.63586
85.07410
98.38837
110.82660
123.77298
12.43824
18.81174
31.24997
43.68821
56.12645
68.56468
81.00292
93.44115
100.78851
101.49595
12.43824
24.87647
38.00816
49.64186
62.08009
74.51833
87.70441
100.14265
110.62263
124.29443
12.43824
24.87647
37.31471
49.76008
62.47562
74.91385
87.35209
99.79032
112.74351
126.28459
12.43824
24.87647
37.32980
49.76804
53.78059
66.21883
78.65706
91.51418
104.00518
117.73392
12.43824
24.87647
37.31471
49.75295
62.19118
71.79296
76.13439
87.35176
99.79000
104.43332
12.43824
20.84970
25.39776
37.83599
50.27423
63.34881
76.18257
88.62080
101.05904
110.91370
12.43824
24.87647
38.02286
50.46109
62.89933
75.33757
87.77580
100.21404
112.87460
126.65726
12.43824
24.87647
36.98466
45.83321
58.27145
70.70969
83.14792
95.89953
108.94878
122.02181
12.43824
24.87647
37.31471
49.75295
60.13045
72.56869
85.32132
97.75955
103.81472
117.00003
12.43824
24.87647
38.06136
50.49959
62.93783
75.72722
88.81362
101.25186
113.69010
124.25101
12.43824
25.48800
37.92623
50.36447
63.54833
75.98656
88.42480
94.09549
102.93501
115.37324
12.43824
24.87647
37.31471
49.75295
59.12963
61.94099
74.37923
86.81747
99.25570
109.01934
12.43824
24.87647
37.31471
49.75295
62.19118
74.62942
82.24621
95.26327
107.70150
119.11957
12.43824
24.87647
37.31471
49.91468
62.35292
75.13804
87.57627
100.01451
106.96621
118.90077
12.43824
24.87647
37.31471
49.75295
62.82337
75.26161
78.78513
91.22396
99.22571
111.66395
12.43824
24.87647
37.31471
49.57363
62.52296
74.96120
86.88170
94.54930
106.98753
119.42577
12.43824
24.87647
37.31471
49.75295
62.19118
74.62942
77.81071
90.91006
103.34829
116.52919
12.43824
24.87647
37.86126
50.29950
62.73773
76.12389
89.30947
96.95349
109.39172
116.23022
12.43824
24.87647
35.21255
47.65078
60.57431
73.21499
85.65323
94.84210
107.93484
120.14168
12.43824
24.87647
37.31471
50.19731
62.63554
75.07378
86.39320
98.83144
112.16702
124.60525
12.43824
24.87647
37.31471
50.14483
62.58307
75.02130
86.83590
99.67282
112.11106
124.54929
12.43824
24.87647
37.31471
49.75295
62.93997
75.67320
88.26852
90.65912
96.72596
106.97970
