12.43824
24.87647
37.31471
49.75295
62.55937
75.04578
87.48401
92.94795
106.08372
118.52196
12.43824
24.87647
37.31471
49.86614
61.32658
73.85008
81.04197
94.03118
104.77743
112.11425
12.43824
25.15976
37.59799
50.03623
63.14620
75.58444
88.46343
100.90167
113.91076
125.08480
12.43824
24.87647
37.31471
45.25909
57.69733
70.13557
82.57380
90.92619
104.11293
117.28791
12.43824
24.87647
37.31471
49.76582
62.20406
74.99434
88.09749
101.28165
109.75635
122.48150
12.43824
24.87647
38.05804
50.49628
59.16277
72.34775
85.20596
97.64419
102.83875
107.08911
12.43824
24.87647
37.56604
50.00428
60.23375
69.45955
83.12315
88.95586
101.89647
106.72996
12.43824
24.87647
37.39078
49.82901
62.26725
73.46597
81.32856
94.51559
108.45077
120.88901
12.43824
24.87647
37.48168
49.91992
61.17230
73.61053
86.65197
97.98619
110.42443
115.53050
12.43824
25.12286
37.01579
43.45291
55.89115
67.22048
80.11361
93.14184
105.58008
111.20569
12.43824
24.87647
38.05180
51.03844
62.72591
75.79110
88.96959
101.40783
115.91422
120.95545
12.43824
24.87647
37.31471
49.75295
62.76659
72.03322
85.36448
97.72750
110.27712
121.22836
12.43824
24.87647
37.31471
49.75295
62.22006
74.65830
88.67768
101.46598
113.90422
124.70402
12.43824
24.87647
32.58181
45.03864
57.82099
70.25923
82.69747
95.44188
108.18278
120.62102
12.43824
24.87647
37.31471
49.75295
62.19118
75.09415
87.53239
99.97063
112.59485
125.68545
12.43824
24.87647
37.86307
50.84971
63.28795
76.40209
85.83751
89.59242
102.73717
110.60477
12.43824
24.87647
37.31471
49.75295
62.19118
74.62942
87.06765
99.50589
111.36633
124.73288
12.43824
24.87647
36.76509
46.88515
58.48360
71.03174
84.09513
96.53336
107.81193
122.36026
12.43824
24.87647
37.31471
49.75295
62.93865
75.37688
86.51928
99.22573
112.22869
124.66692
12.43824
25.50466
38.68286
51.12110
63.55933
74.56764
87.00587
100.18152
113.65691
126.81445
12.43824
24.87647
37.31471
49.75295
62.90858
75.34952
86.85433
99.29257
104.40098
117.44391
12.43824
24.87647
30.56244
41.57046
54.00870
63.69750
76.13574
88.57397
101.01221
110.34160
12.43824
24.87647
38.03506
43.16206
54.37833
66.81657
79.25481
89.95970
102.91692
108.11974
12.43824
24.87647
37.31471
49.75295
52.06540
61.39503
73.83326
87.28540
99.72363
112.16187
12.43824
25.25793
37.92845
50.36669
62.80493
69.30730
81.74553
94.18377
103.74476
113.24174
12.43824
24.87647
37.95188
46.34744
58.52631
71.37084
81.87266
94.31089
107.54155
120.43252
12.43824
24.87647
37.31471
49.75295
62.19118
74.62942
78.83912
91.42100
104.23105
116.66928
12.43824
24.87647
37.31471
49.75295
61.48094
73.91917
86.62078
90.63208
103.81653
113.88583
12.43824
24.87647
37.31471
49.75295
62.19118
71.43214
81.07001
93.50825
101.62431
115.20826
12.43824
24.87647
37.31471
50.42627
63.55146
75.98970
88.42793
102.26741
107.83038
121.21791
12.43824
24.87647
37.31471
50.04779
62.48603
74.97567
88.04928
102.09689
116.62399
125.35880
12.43824
24.87647
37.31471
49.75295
62.19118
74.62942
87.95627
100.39451
112.83275
121.77725
12.43824
24.87647
37.31471
49.75295
62.19118
75.39337
87.87003
100.84037
113.58785
123.65725
12.43824
24.87647
37.31471
40.17937
52.61760
65.05584
78.13717
83.62300
86.45209
94.39874
12.43824
25.62005
38.59718
48.69757
61.48092
73.91915
81.84562
92.29756
101.27849
105.03403
12.43824
24.87647
37.31471
49.86505
62.70621
74.90220
86.05931
94.06773
105.42015
107.36423
12.43824
24.87647
37.31471
49.75295
55.87668
68.66991
81.79421
92.86238
99.32476
112.03129
12.43824
24.87647
37.31471
49.41383
61.85207
73.40894
85.84718
91.57359
104.68526
117.26217
12.43824
24.87647
37.31471
49.75295
62.19118
74.62942
86.41161
99.19796
103.60295
116.68169
12.43824
24.87647
37.31471
49.75295
62.95537
75.39361
86.23813
99.34698
112.99952
126.13404
12.43824
24.87647
37.31471
46.60507
59.23362
69.93439
82.43306
94.87130
105.67025
118.10848
12.43824
20.05480
32.49304
45.70865
58.20422
70.64245
83.79764
96.38390
109.45477
121.79393
12.43824
25.47072
37.90895
50.34719
62.78542
75.22366
87.91356
100.35179
112.81779
124.56740
12.43824
24.87647
37.31471
50.49351
62.93175
75.88066
78.12680
91.07245
103.51069
116.44617
12.43824
24.87647
37.31471
49.75295
62.19118
74.62942
78.85650
91.33855
103.57210
117.02807
12.43824
24.87647
38.02847
50.46670
62.90494
75.34318
88.52645
101.64375
115.19383
115.94802
12.43824
22.89719
27.84410
40.28234
50.15215
62.59039
75.77688
88.21512
101.29917
113.78309
12.43824
24.87647
37.31471
51.14981
63.58804
77.40362
90.43646
98.33803
108.95227
121.50604
12.43824
24.87647
27.39576
39.83399
52.62999
65.06823
69.77636
73.31550
83.13065
84.86456
12.43824
24.87647
37.31471
49.23209
53.96733
66.47633
73.90568
84.96700
95.38968
108.87033
12.43824
24.87647
30.07764
42.51588
55.66961
67.63340
80.82019
93.94052
107.25410
120.23531
12.43824
25.30176
37.73999
49.77938
62.94682
74.75842
87.19665
99.63489
112.79180
125.23004
12.43824
24.87647
37.39649
49.83472
54.77446
67.21270
79.38684
91.82508
103.86333
117.05009
12.43824
24.87647
37.31471
49.75295
62.19118
72.23099
85.25312
96.92803
109.49677
121.93500
12.43824
24.87647
37.31471
50.20423
62.64247
74.73889
79.59315
92.03138
104.84955
118.37331
12.43824
24.87647
37.31471
45.43166
54.81121
67.80978
74.81431
77.06892
87.59198
91.73328
12.43824
25.20226
37.64050
50.07873
62.51870
75.12959
87.56782
100.75480
113.78494
125.30116
12.43824
24.87647
37.94386
50.74221
63.18045
76.62170
89.05994
101.49818
114.15684
126.96925
12.43824
25.40906
38.37979
50.81803
63.65939
76.81769
87.70192
99.77668
109.84462
122.28285
12.43824
24.87647
37.52918
50.67673
63.11496
76.22098
88.65922
101.78164
113.97836
126.41659
12.43824
24.87647
37.31471
49.75295
61.08527
73.52351
85.96174
99.13319
106.48970
120.35540
12.43824
25.57366
38.01190
50.51343
62.76725
73.13487
85.57310
98.68557
108.31205
109.68866
12.43824
24.87647
37.31471
49.75295
62.31509
75.40757
87.84581
100.31734
112.75558
125.20887
12.43824
24.87647
37.31471
49.75295
54.41212
67.39589
76.72500
89.16324
100.60360
113.15527
12.43824
24.87647
37.31471
49.75295
60.56710
74.27310
86.71134
96.96424
108.02707
120.46530
12.43824
24.87647
37.31471
49.75295
62.54001
74.97825
87.81131
100.88716
110.10288
120.11055
12.43824
25.46779
37.90603
44.16618
56.60442
69.04266
82.13912
94.57735
107.21334
120.22285
12.43824
24.87647
37.31471
50.49027
62.82894
75.32581
87.95764
100.95921
105.91533
118.18159
12.43824
25.27871
37.71695
50.53848
62.97671
74.87441
86.37300
99.14585
111.65424
123.80132
12.43824
24.87647
37.31471
50.05908
58.71869
71.15692
82.07062
93.80006
106.23830
113.31155
12.43824
24.87647
37.31471
49.75295
62.75946
69.24247
81.68071
91.82590
104.31040
117.48605
12.43824
25.45375
38.62742
51.06566
63.50389
74.48656
87.36085
98.64718
111.08542
123.52366
12.43824
24.87647
37.77708
47.58571
60.02394
72.70145
83.82037
93.28994
105.86454
118.30277
12.43824
25.56293
38.00116
50.43940
62.87764
75.31587
86.61073
99.04887
109.54718
123.23005
12.43824
24.87647
37.31471
49.75295
60.70378
73.34408
87.40642
100.47386
109.85476
113.95329
12.43824
24.87647
37.88117
50.31941
60.50615
72.94808
84.40035
96.83858
109.90352
119.36351
12.43824
24.87647
37.31471
47.97580
60.79347
73.88781
86.55140
99.28939
111.86283
118.14364
12.43824
24.87647
38.06140
50.49964
57.77534
70.21358
82.65181
95.30754
107.74577
119.61570
12.43824
24.87647
37.31471
49.75295
62.19118
74.62942
87.11265
99.55089
112.75737
118.01173
12.43824
24.87647
37.08286
49.58185
62.02009
74.93091
87.46490
100.63831
109.83490
123.09632
12.43824
24.87647
37.31471
49.76471
60.33580
72.77403
82.70561
95.14385
98.79055
109.83627
12.43824
24.87647
34.79374
47.24959
59.68783
72.12606
84.94293
95.85928
108.29752
115.87754
12.43824
24.87647
37.31471
50.10437
63.25867
67.50293
77.09241
90.16902
102.60726
103.42520
12.43824
18.51278
30.65583
43.09406
55.53230
68.03925
78.44672
91.78290
104.61947
117.12050
12.43824
24.87647
37.78986
50.53237
62.97584
75.41407
87.85231
100.85060
114.85948
127.62351
12.43824
24.87647
36.27462
48.37328
60.81152
73.24976
85.68799
92.93012
105.36836
118.43105
12.43824
24.87647
37.31471
50.42746
64.25409
76.69233
89.03814
101.55470
113.41726
124.95560
12.43824
24.87647
35.98411
48.42235
60.86059
73.29882
86.37826
98.81649
111.82386
73.29882
12.43824
25.42061
37.85885
50.29708
62.68748
75.12571
87.56395
97.94272
100.15756
113.00781
12.43824
24.87647
37.42976
50.38572
63.48329
70.93638
83.37461
96.09224
108.53048
120.11697
12.43824
24.87647
37.31471
49.75295
62.93240
75.37063
87.35834
99.81256
113.56733
127.24672
12.43824
24.87647
37.31471
49.75295
62.19118
75.22368
87.66192
100.10016
102.35855
114.25759
12.43824
24.87647
37.31471
49.75295
62.53757
74.97581
81.04291
93.94367
97.40422
109.84246
12.43824
24.95841
37.39665
49.66268
62.24259
74.68083
87.35786
94.17485
106.61309
119.27559
12.43824
24.87647
38.05481
46.27932
58.71755
71.15579
81.31423
88.42562
100.86385
113.10306
12.43824
24.87647
35.47835
47.91658
60.35833
73.20300
85.64124
91.13574
103.57397
113.33089
12.43824
24.87647
38.05946
50.49770
63.40913
76.51728
89.50526
96.66451
108.32061
117.75630
12.43824
25.17025
37.60849
45.98019
58.41842
70.85666
81.79906
94.56235
108.25284
120.69108
12.43824
24.87647
37.96539
41.94908
54.38731
66.69402
79.13226
91.57049
104.00873
116.44696
12.43824
24.87647
37.31471
49.75295
62.91466
75.99938
88.99216
101.43039
113.13271
126.09103
