12.43824
24.87647
37.89536
49.23987
61.79505
74.68677
83.09485
89.86043
93.71212
107.83115
12.43824
24.87647
37.26091
41.03034
42.96122
56.03201
68.47024
79.47555
91.97886
101.90494
12.43824
25.60379
38.75410
47.65990
60.72978
69.95425
81.21754
85.26079
97.33099
98.22912
12.43824
24.87647
37.31471
50.40761
62.49323
75.22247
86.46915
98.39605
110.83429
124.13326
12.43824
15.89536
28.33359
41.50808
53.94631
66.44969
79.51934
88.47523
92.22044
104.99256
12.43824
24.87647
37.63426
47.25247
59.69070
72.34756
85.41009
99.09168
108.14849
121.11027
12.43824
24.87647
37.31471
50.38519
59.41528
73.46832
80.70649
91.85530
102.04881
106.02414
12.43824
25.61601
30.76623
34.01401
45.03175
57.68488
64.83652
70.50613
81.59741
94.77783
12.43824
24.87647
37.11195
50.52865
57.64103
70.62770
77.59712
83.90837
94.18064
96.98533
12.43824
21.61239
30.84307
44.01578
56.45402
68.89225
82.01670
94.33232
100.35928
112.79751
12.43824
25.36028
38.79001
49.54741
59.12418
68.17663
72.08606
72.92072
75.26725
78.65443
12.43824
24.87647
32.91142
45.41307
57.85130
62.93850
76.31440
87.20988
99.09088
112.56559
12.43824
24.87647
37.31471
51.11623
58.83325
72.07456
77.26537
84.79402
95.24864
107.68688
12.43824
20.79188
32.70996
34.95098
48.10642
60.54466
64.12150
74.60021
79.82498
93.01117
12.43824
25.40321
37.84145
49.69365
62.13189
75.07576
84.73973
87.59332
90.51922
99.98855
12.43824
24.87647
37.93915
51.06748
59.53919
71.97743
76.84581
79.25017
92.07035
105.22678
12.43824
25.49643
37.93467
50.37291
55.63804
55.80990
68.64576
83.01587
95.45411
107.57957
12.43824
25.25320
37.53527
48.24470
54.80391
67.69061
71.78715
85.65577
91.88523
95.76946
12.43824
24.87647
37.31471
49.75295
62.19118
75.45026
87.88850
99.82989
112.39311
124.76587
12.43824
25.47835
37.75027
50.18850
62.62674
75.39753
88.58398
91.84882
104.10226
117.70952
12.43824
16.98673
29.95853
42.39677
52.02985
65.09852
77.32133
89.75956
91.71831
105.97056
12.43824
25.44141
31.30250
33.77657
46.21480
59.21978
71.34503
82.83478
96.63986
99.68103
12.43824
23.23688
27.78908
40.77553
48.21878
60.65701
70.28744
82.72568
94.71028
95.92273
12.43824
24.87647
37.40962
49.84786
54.46571
67.64268
72.15827
85.34351
96.27792
106.67111
12.43824
24.87647
37.31471
40.18342
50.01937
63.37696
76.94851
79.19126
79.94200
93.88291
12.43824
20.43096
33.50077
46.89336
48.31164
60.74988
61.28010
64.83254
77.91056
89.52997
12.43824
25.03169
37.46992
49.90816
63.00740
71.55930
80.86245
89.15980
90.43574
103.56825
12.43824
24.87647
34.50193
46.19017
46.87602
60.56513
67.23531
73.81721
75.96189
76.44360
12.43824
24.87647
37.31471
49.21365
61.08473
74.84335
78.39476
90.83299
100.17392
101.53633
12.43824
25.46984
37.90807
50.98672
55.90410
63.90967
71.85006
85.35695
97.79518
107.11423
12.43824
24.53045
29.60718
42.55268
55.94653
67.85441
81.27141
83.55610
86.99664
90.66542
12.43824
22.51031
34.94855
47.38679
60.67522
68.89669
71.02353
84.34390
97.11920
107.57382
12.43824
18.62102
29.12366
42.04377
42.99730
46.63890
50.50526
51.05446
62.05424
72.32746
12.43824
25.31533
38.50043
40.59869
53.45285
66.38466
70.46350
75.27018
76.08796
85.43721
12.43824
25.62525
38.30826
42.05574
49.02709
61.74619
64.82214
75.33014
76.28113
76.32224
12.43824
24.87647
37.83524
50.34823
61.73055
64.64438
77.78909
80.52483
90.34239
93.95138
12.43824
15.77204
28.95890
40.32281
51.06528
58.67994
61.82022
72.81124
73.30613
86.46348
12.43824
24.87647
37.31471
48.55845
60.46517
63.95908
73.79799
79.99491
82.00775
86.91129
12.43824
24.63238
36.79976
49.35131
58.07515
65.54688
70.15214
72.71532
81.90605
87.16297
12.43824
24.87647
38.05146
50.56753
63.72492
70.40414
71.61448
79.64180
91.59626
101.45864
12.43824
24.87647
37.31471
50.42613
54.27916
67.52573
79.96396
93.95407
100.87875
109.95891
12.43824
16.03772
28.47595
33.74608
44.08594
57.22035
70.24393
75.83290
77.89761
90.33584
12.43824
25.18377
37.62200
45.94604
59.22802
71.83370
84.47350
95.17184
98.83682
100.28355
12.43824
15.24586
27.68410
34.57938
34.88223
47.66586
60.90605
70.26468
74.39515
80.90483
12.43824
23.15049
32.42337
42.54613
53.87163
60.44266
62.60258
67.63762
69.55103
79.16914
12.43824
24.87647
37.31471
50.22653
63.40537
67.91378
80.35202
86.98696
97.70800
110.86374
12.43824
15.09988
16.21281
28.65122
29.22940
37.95952
39.67362
43.64142
56.07966
58.24492
12.43824
24.87647
32.36184
36.78898
49.22722
59.54917
70.82887
71.60190
79.30932
91.79138
12.43824
24.65237
31.13132
43.96437
57.06512
69.69115
69.98291
74.45576
77.68682
81.28992
12.43824
24.87647
37.31471
49.16710
62.04515
70.66854
82.83397
92.79289
97.41976
110.61032
12.43824
25.34886
29.77477
42.38639
54.14832
66.80739
73.21466
86.45969
97.16535
100.63347
12.43824
24.87647
34.26548
34.67865
48.58061
55.78194
56.63428
67.89609
68.21713
80.65537
12.43824
25.62271
30.29568
33.65038
41.38337
41.73754
54.41691
67.54296
70.92569
83.98399
12.43824
24.87647
37.31471
50.35951
60.25921
63.42066
71.34759
78.17466
85.21083
86.34770
12.43824
24.07500
36.51471
43.41249
56.15608
61.83484
70.50523
75.88280
76.41890
89.58822
12.43824
24.87647
38.00807
44.51085
50.87314
63.36230
67.07125
73.58782
82.48805
95.67406
12.43824
23.52146
32.00883
45.14527
57.58350
70.83022
80.78915
81.68462
94.48009
100.26678
12.43824
24.87647
37.10550
50.04470
63.21071
75.68754
80.22985
87.36858
99.45725
103.28154
12.43824
24.38917
34.50534
45.68674
47.97417
54.79065
55.74160
66.47854
75.70893
88.26473
12.43824
25.03424
29.48074
42.32691
55.53501
67.28942
79.72766
80.71941
94.19714
107.01514
12.43824
24.87647
35.92451
41.97205
53.07687
62.35965
65.94049
69.39668
72.51934
84.95757
12.43824
24.87647
37.20678
42.25887
48.09648
53.93793
54.78202
67.87994
75.11471
75.55026
12.43824
25.61714
36.69192
49.33547
60.97444
72.88385
74.39900
87.57771
97.06388
97.79813
12.43824
25.61834
38.05658
51.18533
57.25890
71.05446
77.14858
89.74804
94.88913
99.65567
12.43824
24.89932
35.97433
46.76731
53.00219
66.52653
74.78687
76.05765
81.17358
87.07305
12.43824
24.87647
37.31471
44.80708
55.68471
68.12295
77.43287
90.05403
98.04403
103.92503
12.43824
21.22135
22.38629
34.82453
47.26276
58.69020
72.00637
85.05449
97.84836
110.41301
12.43824
24.87647
37.82286
49.71056
52.39668
54.59257
67.09269
80.30301
90.81669
99.68674
12.43824
24.87647
36.52079
48.95903
58.10467
70.54291
82.30592
92.45253
106.29716
113.69097
12.43824
24.87647
34.58198
47.35008
56.53483
70.60779
72.60108
72.65843
86.29293
89.22612
12.43824
24.87647
36.10113
49.80194
56.81818
59.96384
61.60159
62.16215
74.63542
85.74414
12.43824
24.53695
30.50279
40.51614
53.70239
60.76157
63.24150
63.64278
76.22136
85.62475
12.43824
24.87647
37.31471
49.55442
61.99266
74.43090
82.93465
88.99890
98.40740
109.26040
12.43824
22.20432
31.33948
35.79540
48.98100
62.56843
75.75554
81.63905
82.15834
92.01550
12.43824
25.62255
39.09036
51.64709
54.78269
60.95588
66.38165
78.89706
82.10636
92.79753
12.43824
20.32126
33.32930
42.31562
52.83742
53.58348
61.20898
73.64722
74.47592
87.38135
12.43824
24.87647
37.31471
50.85979
62.98958
76.48894
85.93422
89.74329
102.41990
103.95542
12.43824
22.73737
34.09643
46.55609
59.72566
61.27368
73.71192
76.13202
77.43552
82.45104
12.43824
20.60444
33.04267
46.31152
59.34419
71.84872
84.00635
96.35247
97.77146
98.40295
12.43824
24.87647
37.77523
41.11083
51.98176
61.44601
69.65228
81.88960
89.34957
101.35529
12.43824
24.87647
37.31471
50.79915
56.51002
63.59445
72.98223
84.22507
91.00766
95.26728
12.43824
23.36393
29.65231
42.09054
55.95453
69.13108
76.08360
87.81766
101.19548
105.14551
12.43824
16.36570
28.80394
30.26772
42.07816
43.32094
54.08821
60.94463
63.54683
63.59307
12.43824
15.86526
18.45821
30.89644
42.92170
55.58206
65.56565
78.00389
92.12497
102.42645
12.43824
24.87647
33.28659
45.90883
58.34707
70.78531
84.57906
97.06736
100.87515
109.95015
12.43824
24.73057
33.78114
34.68225
43.83196
49.16332
62.34129
63.19202
75.63026
84.19443
12.43824
24.87647
37.31471
50.25935
63.35247
75.79070
81.17875
93.61699
107.01643
119.45467
12.43824
24.87647
35.09794
42.12186
44.20500
47.54871
56.90455
69.49456
83.45232
86.82972
12.43824
24.87647
37.31471
49.75295
62.22643
74.50962
86.94786
97.12193
102.04604
103.24761
12.43824
24.87647
31.95547
37.74960
48.77264
61.93565
65.04955
73.34833
77.01596
77.48507
12.43824
25.07989
36.90335
50.17157
58.10693
71.08030
74.81403
79.48592
86.58618
95.02833
12.43824
24.87647
37.31471
49.75295
62.73980
74.97441
85.19612
97.66093
99.24968
101.23316
12.43824
24.87647
37.58106
45.87087
58.63582
66.42854
69.84449
82.78706
82.93589
84.56752
12.43824
17.25494
29.69317
42.28528
53.74526
66.18350
75.53489
82.80982
95.24806
109.02162
12.43824
24.87647
38.41432
41.64665
54.28743
56.95572
67.06714
76.12132
88.65062
92.94875
12.43824
24.87647
30.44108
41.27925
51.43402
64.63057
67.39856
76.95376
89.39200
92.87588
12.43824
24.87647
28.82062
41.25886
54.35765
64.48405
76.58356
88.59160
91.57776
100.73731
12.43824
24.87647
37.98847
49.55820
62.06678
74.50501
80.10982
92.01189
95.12915
98.05537
12.43824
25.54171
35.07149
41.08609
54.25020
61.67010
68.99955
81.43779
94.41016
107.58776
12.43824
24.87647
37.93164
45.11484
50.89825
63.25149
64.60582
77.04406
89.62579
97.82042
