12.43824
24.87647
37.31471
49.75295
61.89253
74.33077
86.76900
91.24874
98.06399
110.50222
12.43824
24.87647
37.31471
50.20082
62.63906
75.07730
88.03186
100.79407
111.37599
122.94885
12.43824
24.87647
37.31471
49.75295
57.63787
70.77003
83.20826
95.64650
107.26110
120.88165
12.43824
24.87647
37.31471
46.41189
59.43871
71.87695
84.40426
94.11884
107.28238
119.72062
12.43824
21.52662
33.96486
46.40310
58.84133
71.27957
80.60966
91.80397
102.91052
115.95795
12.43824
24.87647
37.31471
50.49542
62.96769
70.34506
82.78330
95.22154
107.31300
117.16533
12.43824
24.87647
37.31471
49.75295
56.63367
61.27242
73.71066
84.54564
86.31313
93.78640
12.43824
24.87647
37.31471
49.75295
62.19118
74.91470
87.14676
99.58499
112.90116
125.49486
12.43824
24.87647
33.83597
46.27421
58.39787
70.83611
79.03656
90.80866
103.24689
104.48121
12.43824
15.51336
28.27966
37.98063
50.41887
62.85710
75.29534
87.73358
100.17181
105.19537
12.43824
24.87647
37.31471
49.75295
50.05398
62.49221
75.50554
87.94378
91.97142
99.16009
12.43824
24.87647
37.32993
49.76817
62.20641
75.16963
87.60787
87.72537
100.16361
113.31928
12.43824
24.87647
37.31471
49.75295
62.19818
74.63641
87.75873
100.92131
104.68211
117.12034
12.43824
24.87647
28.46036
36.91258
49.35082
61.78906
74.41755
86.85578
98.11521
110.55345
12.43824
24.57944
37.01768
49.45592
61.89415
74.77927
79.87035
92.30859
104.00081
116.45970
12.43824
24.87647
33.95256
46.39080
57.58146
70.01970
83.41380
84.11163
96.54986
101.30991
12.43824
24.87647
37.31471
49.75295
62.19118
74.62942
87.06765
99.50589
107.94220
121.01523
12.43824
24.87647
38.04249
45.60607
58.69646
71.13469
83.57293
96.01117
108.71940
120.29072
12.43824
24.87647
37.31471
49.75295
62.19118
72.81315
85.25139
97.71566
110.90280
123.62927
12.43824
25.00516
37.44339
49.88163
62.31987
75.17712
87.61535
97.46979
109.99567
122.62893
12.43824
24.87647
37.45713
49.89536
62.33360
74.77184
75.53749
87.97572
97.69532
102.37933
12.43824
24.87647
33.01692
36.39260
48.83083
57.88920
70.32744
82.79787
95.23611
107.38795
12.43824
24.87647
37.31471
47.24617
59.68441
72.12264
84.56088
93.73059
106.16882
112.13701
12.43824
24.87647
37.31471
49.75295
55.02728
64.09892
77.27338
89.71161
102.14985
114.58809
12.43824
24.87647
37.31471
49.75295
62.19118
75.34001
87.77825
100.30484
100.64504
113.08327
12.43824
24.87647
37.31471
38.75437
51.19261
63.63085
76.45487
88.89311
101.33135
112.48802
12.43824
24.87647
37.31471
49.75295
62.19118
74.62942
81.96085
83.52992
95.96815
108.40639
12.43824
24.87647
37.31471
49.75295
52.18494
64.62317
77.94612
82.65485
95.11680
101.69657
12.43824
24.87647
37.31471
48.06606
60.50430
61.60359
74.79063
87.22886
96.95470
106.54863
12.43824
24.87647
37.31471
43.27825
53.47761
65.91584
78.35408
91.54017
96.89487
110.03924
12.43824
24.87647
37.31471
48.02995
60.46819
72.90643
85.34466
92.89059
105.87351
109.74661
12.43824
24.87647
37.31471
49.75295
62.19118
74.73538
85.53335
97.97159
110.54955
124.19684
12.43824
24.87647
37.31471
49.75295
62.19118
74.62942
87.06765
100.28235
113.82842
125.48700
12.43824
24.87647
34.03035
43.57640
56.01464
68.45288
80.58282
93.68330
94.26641
99.30056
12.43824
24.87647
37.68142
46.50241
59.30625
71.74449
75.05684
87.49507
100.36948
100.80597
12.43824
24.87647
37.31471
49.75295
62.19118
69.69247
82.76233
94.42574
107.58895
112.80142
12.43824
25.50507
37.94330
50.38154
58.26325
69.30691
81.74514
94.18338
97.30433
110.44308
12.43824
24.87647
37.31471
49.23775
61.67599
73.94136
86.37960
90.99807
104.06911
116.50734
12.43824
24.87647
37.31471
49.75295
62.19118
74.62942
83.46847
88.81695
95.25002
107.68825
12.43824
24.87647
37.31471
49.75295
62.53143
74.96967
77.50590
89.94414
102.38237
114.82061
12.43824
24.87647
37.31471
49.75295
62.38121
74.31197
86.75021
99.47142
100.80200
113.24024
12.43824
19.38028
31.81851
42.61427
55.05251
67.49074
72.13118
74.65500
87.16481
100.09130
12.43824
24.87647
37.31471
49.75295
62.19118
74.58756
87.02580
99.46404
102.58474
110.52558
12.43824
24.87647
37.31471
49.75295
62.56459
75.00283
78.45394
90.89218
98.64227
105.34936
12.43824
24.87647
37.61269
50.05092
62.48916
75.67361
77.22685
86.45853
93.92998
99.87591
12.43824
24.87647
37.45113
50.54219
62.98043
75.41867
76.89385
89.33209
101.77032
101.95443
12.43824
18.20071
26.12539
38.56363
43.97507
56.41331
69.28947
81.72770
82.06435
94.50258
12.43824
24.87647
37.31471
47.19455
59.63279
72.07102
79.64170
86.24800
99.08471
99.45808
12.43824
24.87647
25.64397
38.08221
51.23253
63.67077
66.69368
73.46639
79.15253
80.97733
12.43824
24.87647
37.31471
49.83590
59.54059
72.53315
85.19554
97.63378
100.60226
113.04050
12.43824
24.87647
35.62666
48.06489
60.50313
70.57661
83.01484
95.99650
109.86953
123.04310
12.43824
25.30933
37.74756
48.18290
60.62114
73.05937
85.49761
97.93585
110.57629
123.01452
12.43824
24.87647
37.80592
50.24415
52.58559
65.02382
77.46206
89.90030
91.57745
104.74752
12.43824
24.87647
37.31471
49.75295
62.19118
69.74705
78.92259
80.71298
93.15121
105.58945
12.43824
24.87647
37.31471
49.75295
62.19118
74.62942
76.05782
88.49605
91.32717
103.76541
12.43824
24.87647
37.31471
46.49020
47.41228
59.85052
70.13785
72.87313
78.61796
85.83153
12.43824
24.87647
37.31471
49.75295
62.19118
74.62942
87.06765
91.23939
103.67762
116.59889
12.43824
24.87647
37.31471
49.75295
62.20784
75.73516
88.17340
100.61163
113.04987
125.48811
12.43824
24.87647
34.22037
46.65861
51.44252
63.88075
75.85873
88.30824
90.87289
103.31113
12.43824
24.87647
37.71940
50.15763
62.59587
75.03411
87.47234
96.22950
96.83498
109.27321
12.43824
24.87647
37.31471
48.83878
61.27702
73.71526
86.15349
99.20267
108.09854
115.27830
12.43824
24.87647
37.31471
49.75295
62.90249
75.89909
88.33733
100.93362
112.63715
114.85994
12.43824
24.87647
37.31471
49.75295
62.03842
74.47665
87.54315
99.40243
111.84067
114.55290
12.43824
24.87647
37.31471
49.75295
56.50803
63.08611
75.52038
87.95861
97.10641
110.22611
12.43824
24.87647
37.31471
49.75295
62.19118
74.62942
83.87420
88.83624
101.70558
114.14381
12.43824
24.87647
37.31471
49.75295
62.83301
75.27125
87.70948
100.56338
113.07638
120.99046
12.43824
24.87647
37.31471
46.18984
58.62808
71.06631
84.06301
96.50124
109.53713
121.97536
12.43824
24.87647
37.31471
49.75295
62.19118
74.62942
87.06765
94.39707
105.30597
118.49296
12.43824
24.87647
37.31471
49.75295
62.19118
74.57658
77.11961
89.55784
101.99608
115.68495
12.43824
24.87647
37.31471
49.75295
61.94266
74.38089
87.01907
99.75052
112.18875
122.82286
12.43824
24.87647
37.41603
49.85427
62.97292
65.60348
78.04171
91.11585
103.88586
116.77134
12.43824
24.87647
32.58102
45.01925
57.45749
69.89573
82.33396
95.25277
107.86292
120.30116
12.43824
24.87647
37.31471
47.45472
59.89295
72.33119
84.76943
97.69771
109.29497
121.73320
12.43824
24.98837
37.42661
49.86484
62.30308
74.74132
87.95448
100.39272
102.15942
114.05681
12.43824
24.87647
37.31471
49.75295
61.81663
74.75446
75.08776
87.54940
99.98763
109.21462
12.43824
24.87647
37.31471
49.75295
62.19118
69.66259
82.80781
95.24604
107.68428
120.84590
12.43824
24.87647
37.31471
46.83001
59.26825
61.29220
73.73043
86.16867
98.60691
106.32197
12.43824
24.87647
37.31471
49.75295
58.00084
70.43908
82.87731
95.92739
108.36562
121.43286
12.43824
16.84891
29.28715
41.72539
54.16362
66.60186
79.04009
91.47833
98.31241
-1.00000
12.43824
24.87647
37.94499
50.06063
62.49887
74.98961
87.89512
100.33336
109.96770
123.61328
12.43824
24.87647
37.31471
49.75295
62.71169
75.14992
87.58816
100.02639
112.99905
126.07509
12.43824
24.87647
34.89403
47.33227
51.75925
64.19749
76.63573
89.19937
101.63761
109.11320
12.43824
24.87647
37.31471
49.75295
62.19118
63.32951
68.22281
79.10573
91.54396
91.69087
12.43824
20.54184
22.65517
35.09340
47.53164
60.50662
73.42373
85.86197
98.30020
108.78854
12.43824
24.87647
37.75642
50.19465
62.63289
75.07112
87.50936
99.94760
112.23874
126.15923
12.43824
24.87647
36.85777
44.60095
57.03918
69.47742
81.91565
93.30538
106.49232
119.40300
12.43824
24.87647
37.31471
49.75295
53.57634
66.01458
78.76400
91.20223
96.04587
109.22414
12.43824
24.87647
37.43824
49.87648
62.31471
65.64340
78.82971
91.26795
103.70618
113.76643
12.43824
25.61005
38.04829
50.48652
63.59357
76.03181
88.47005
93.34735
93.57347
106.01171
12.43824
24.87647
37.31471
49.75295
56.66573
59.61819
72.05643
84.49467
96.93290
106.64817
12.43824
24.87647
37.31471
49.75295
62.19118
74.62942
80.14647
93.11913
105.55737
114.12549
12.43824
24.87647
37.31471
49.75295
62.19118
75.30344
87.74167
100.17991
102.07373
112.21571
12.43824
24.87647
37.31471
49.75295
62.61002
75.04826
78.14132
90.57956
94.27847
106.71671
12.43824
24.87647
37.31471
47.14415
59.86769
72.30593
81.33962
82.13114
94.56937
107.00761
12.43824
24.87647
37.31471
49.75295
62.19118
74.62942
77.05898
89.76422
102.20246
115.33812
12.43824
24.87647
37.35905
49.79729
62.23553
75.42168
88.40748
95.77951
108.21774
111.81884
12.43824
24.87647
32.35673
44.79496
57.98198
70.87360
83.31184
92.75297
105.85193
117.95073
12.43824
24.87647
37.31471
47.15492
59.59315
72.03139
84.27419
96.71243
109.58510
122.02334
12.43824
24.87647
37.31471
49.89337
62.33160
74.76984
86.89962
99.56149
111.99972
124.43796
12.43824
24.87647
37.31471
49.75295
62.92187
76.05650
88.98860
91.59301
96.46635
105.11479
