12.43824
24.90890
37.58309
48.38734
53.03152
61.93494
74.28442
75.10340
76.80453
86.85797
12.43824
25.53168
38.35290
42.32896
51.49513
63.81800
69.03629
72.22568
73.65646
77.11869
12.43824
23.56346
36.87097
48.31534
58.48463
62.61715
69.54612
79.45411
82.74918
85.30847
12.43824
24.87647
37.05490
39.41139
44.58146
55.93644
59.15223
61.32843
66.75968
72.15530
12.43824
16.55731
28.99555
42.84815
55.33239
66.37673
69.18586
75.32315
79.37736
85.03557
12.43824
24.87647
37.49895
42.03038
47.95011
50.30142
61.73628
65.48928
68.23945
69.16842
12.43824
25.60627
38.58500
51.40597
58.90670
60.22404
64.28199
67.21617
70.18841
73.35946
12.43824
25.62495
32.63279
45.31134
59.36902
63.98629
66.72973
77.42642
78.90309
84.78232
12.43824
25.41461
34.82311
47.83058
53.91291
64.13797
68.00153
72.91591
80.75720
83.05999
12.43824
13.37879
19.40085
21.74201
34.18025
44.37347
54.19641
62.95579
76.26963
78.16896
12.43824
24.87647
37.24353
49.84576
56.95097
65.07737
67.74090
75.77999
78.75958
86.57637
12.43824
24.79652
28.09046
40.57039
46.71439
50.82695
62.22903
66.68177
75.82078
83.83338
12.43824
25.58978
38.43537
52.19926
58.82597
67.78052
72.66373
78.50949
79.55806
85.10555
12.43824
24.87647
29.68047
32.29440
43.86906
56.99390
63.91751
69.30068
73.66390
84.08406
12.43824
19.16552
31.60375
45.50696
54.91280
60.30103
65.52970
71.38166
72.07386
78.70659
12.43824
24.87647
32.14004
42.81588
51.59747
60.80995
62.23736
65.21218
75.70207
77.91548
12.43824
24.62196
37.06020
45.19786
59.19621
66.84280
74.59654
79.99656
81.86973
83.50035
12.43824
25.47340
29.58450
32.15451
37.94128
50.25305
60.73141
65.21584
71.19517
73.24412
12.43824
24.87647
38.06218
49.86584
61.16190
64.84355
71.68306
79.36915
85.73940
88.81108
12.43824
18.84543
27.34850
39.78674
53.41119
57.51598
71.31286
76.31452
79.77677
85.23647
12.43824
24.87647
31.85765
45.32884
53.36100
64.89656
65.87824
72.85486
77.69011
80.86367
12.43824
22.96887
27.26136
28.09595
40.53418
43.81886
57.13075
65.00147
71.59250
72.66183
12.43824
25.07724
35.09230
39.46616
48.70213
61.58651
73.45797
75.17452
77.65801
80.25754
12.43824
24.87647
38.32925
51.40850
57.68891
60.93347
66.73572
72.09418
80.51583
90.45821
12.43824
22.91048
36.09259
48.98839
57.90124
62.93121
68.83956
70.48066
74.23577
83.81546
12.43824
24.87647
37.13063
37.54333
48.87727
59.08425
60.72519
64.11472
72.38419
79.99695
12.43824
22.76269
35.20093
44.10220
56.98808
68.86605
73.56681
76.17964
80.42055
87.47592
12.43824
24.94275
38.12013
50.99861
57.64549
64.30515
66.61219
67.28689
74.06799
77.43681
12.43824
25.62511
38.96097
41.32815
50.51526
54.38742
56.96269
70.47326
71.88689
74.30622
12.43824
23.65833
36.62502
39.19023
42.22464
54.66288
66.93566
69.82969
72.12693
76.64841
12.43824
24.87647
38.72258
44.70981
57.94564
69.21840
77.30593
78.75499
82.71285
83.06623
12.43824
19.48523
32.16471
45.32718
55.72458
58.83389
61.27673
74.69960
79.57748
82.97313
12.43824
25.23655
33.55083
46.47188
57.07965
66.76693
76.02906
78.57427
80.43189
84.42988
12.43824
25.43726
30.12876
32.49476
45.67249
57.83777
62.07246
65.23440
67.31027
70.27478
12.43824
25.07394
32.62592
37.69791
41.26466
53.94044
56.54183
65.52097
66.28247
66.35567
12.43824
24.87647
37.01263
45.64375
54.96816
57.33145
64.18949
64.97190
71.27583
73.55599
12.43824
17.82037
30.89078
43.69817
46.88265
50.89537
61.43887
66.33913
67.14725
74.57935
12.43824
24.87647
37.31471
41.21100
52.33977
58.56955
71.26525
72.00601
76.75606
81.80745
12.43824
25.60438
37.84680
46.07339
58.58958
71.02635
80.99244
85.39773
88.83613
97.62429
12.43824
24.72516
37.26329
50.29713
55.17903
64.34902
66.78726
76.99576
82.52001
86.57329
12.43824
24.87647
37.03708
49.22746
51.94305
58.23931
71.78554
79.42900
79.51875
87.76899
12.43824
14.41178
26.85002
31.28217
40.87824
54.06500
55.52158
57.45834
63.45671
69.47586
12.43824
24.87647
33.37392
44.50314
57.09105
63.51044
75.03289
83.63660
84.89881
87.86048
12.43824
25.23425
37.97680
49.98920
57.26777
66.96200
74.98286
83.25213
83.66430
89.89218
12.43824
25.51480
32.31226
44.75050
55.08670
58.74938
61.31424
64.02714
68.00334
71.58388
12.43824
24.87647
32.52196
38.38498
51.04288
63.87268
68.41118
77.92647
86.23133
89.19613
12.43824
18.36753
20.81332
33.72966
34.98194
47.42017
54.48158
67.62125
72.74608
85.93790
12.43824
24.87647
35.22784
36.98184
49.55013
56.08637
58.81518
62.46907
68.94531
73.04948
12.43824
25.60653
31.04723
43.38850
47.12869
59.07291
60.47623
61.79064
71.15045
72.14269
12.43824
25.55611
38.26082
45.48402
48.52409
54.80188
59.78586
67.27501
68.53521
76.03419
12.43824
24.87647
28.45291
41.60666
52.34185
58.94359
70.06753
74.85961
76.73731
79.11975
12.43824
17.15513
29.76786
36.45809
44.76481
54.12885
66.11528
77.86437
79.53717
89.40253
12.43824
24.87647
30.48855
43.33931
44.49451
55.94175
66.86258
79.12500
79.95545
87.22361
12.43824
24.30669
37.05245
44.58816
54.52375
56.41256
58.78058
60.94883
69.30240
82.10794
12.43824
25.62524
33.33933
40.95431
53.39254
62.32348
63.30748
76.12438
77.08761
85.26369
12.43824
24.87647
37.39540
40.95316
44.19074
53.77132
56.71846
57.40876
63.23695
64.73598
12.43824
19.61559
29.59414
42.64341
55.38192
65.03489
75.89830
81.68609
89.58727
91.79630
12.43824
24.87647
34.46736
43.52508
51.32512
52.55502
65.44508
74.06633
84.48444
91.09419
12.43824
21.76629
25.79172
38.52409
40.93415
54.07315
57.29941
64.22203
64.71074
77.92224
12.43824
25.20565
33.13473
41.54880
55.13180
64.01489
74.77420
75.76702
75.78738
85.22093
12.43824
25.10584
36.71554
42.71869
54.34406
66.94124
80.22729
84.11333
85.20909
89.31635
12.43824
23.36405
36.53353
47.31775
53.06000
58.62358
69.95279
74.46710
81.56182
82.89929
12.43824
24.87647
38.51473
51.00572
55.71387
66.66463
68.45588
70.84878
82.26195
82.75218
12.43824
22.02371
35.17142
45.62772
48.32115
50.71983
51.07555
64.56495
68.08906
69.68398
12.43824
25.16955
38.35146
49.38487
56.27232
66.86014
72.07016
72.75461
75.23824
87.36295
12.43824
25.23712
38.18811
48.11331
54.28157
67.64852
72.11497
75.27910
77.07725
80.87473
12.43824
22.25187
35.43259
39.50800
52.45272
59.62361
65.49435
78.38433
80.21185
90.36634
12.43824
24.87647
38.12928
49.88779
54.42299
61.76283
75.53569
79.63493
83.34626
92.55077
12.43824
19.24381
32.26012
38.88795
51.19157
57.41771
60.37076
72.84575
81.90588
83.45600
12.43824
25.22769
38.08317
48.43677
49.78525
58.57641
64.44837
68.08010
81.28570
-1.00000
12.43824
24.93933
31.58131
44.13924
50.00552
50.61566
63.85673
69.83604
76.87467
83.61928
12.43824
24.33143
27.31030
40.01711
53.21278
61.06495
68.22975
73.00456
79.18623
89.05175
12.43824
25.16693
34.39243
35.25355
45.53688
58.57391
66.11571
72.57589
74.58997
83.09464
12.43824
18.14127
28.46226
36.40083
47.31894
59.96484
62.30587
68.29527
68.58259
70.86910
12.43824
24.87647
37.56111
49.61151
51.46070
58.73593
61.89927
70.09310
78.32492
81.41138
12.43824
25.59076
37.56418
51.01050
59.42322
60.13710
66.91985
78.52171
87.92943
92.97175
12.43824
23.47979
36.68353
38.99593
51.22474
55.20770
62.17673
65.75793
73.48294
78.06781
12.43824
24.87647
36.09701
48.76658
57.29310
68.97876
76.42310
78.82920
91.71237
100.68058
12.43824
15.11698
27.67708
38.26213
51.30054
63.16779
71.08987
81.95527
82.95261
83.69379
12.43824
24.87647
31.46211
36.33627
48.52085
56.69582
62.31902
74.67571
78.05146
80.29807
12.43824
25.46766
38.40115
45.66747
50.92736
63.24213
74.99436
84.49678
87.16023
89.68131
12.43824
25.60806
29.57613
41.60108
44.12557
57.22188
63.91772
66.95333
75.00139
81.40956
12.43824
24.87647
34.24877
45.16018
52.39660
59.19861
59.96129
62.38669
73.92033
74.10757
12.43824
14.78129
15.35806
27.98546
40.65922
47.52808
51.59388
62.82026
71.86872
80.97778
12.43824
24.87647
33.57030
43.39409
52.75398
65.17962
70.03112
79.21644
82.25216
84.89688
12.43824
25.22870
28.11934
31.10350
43.61200
56.63379
66.48804
67.85547
69.64724
70.43342
12.43824
25.48881
38.54566
43.54072
44.83690
58.75653
66.15489
75.75860
81.08173
87.77621
12.43824
24.87647
32.37054
44.99220
55.97025
56.57796
60.98320
68.54714
77.20685
78.75144
12.43824
17.55435
30.23601
41.93701
47.27484
59.67600
70.36949
71.13282
77.46714
86.50138
12.43824
24.87647
34.25814
42.28350
46.02053
47.79457
55.83083
66.45898
79.10833
79.99863
12.43824
23.55061
35.98884
45.80854
56.12921
68.19327
71.06319
76.71278
84.54472
84.90309
12.43824
25.62512
35.81229
42.80700
51.54614
53.38058
65.07181
78.51376
83.23668
83.90311
12.43824
25.60523
38.04347
46.05842
54.83715
68.73910
72.77171
80.88329
84.18972
92.21056
12.43824
20.80060
32.83134
36.15438
43.24008
56.16333
58.18708
59.73681
68.09997
74.93075
12.43824
24.87647
35.67985
43.90919
53.15837
64.37369
65.43689
70.99260
82.77395
89.16264
12.43824
23.99190
31.16400
43.60224
52.93473
58.60223
65.28638
67.51256
73.25323
73.66215
12.43824
25.49462
27.49714
40.64696
47.02904
50.36720
58.94805
61.37714
62.45521
65.73699
12.43824
25.25255
35.54059
39.86268
48.11256
61.29769
64.23835
75.65916
79.86379
89.84184
12.43824
22.30498
35.21674
36.88246
46.58672
59.14010
62.79989
64.76677
71.82083
84.69643
12.43824
24.87647
38.15800
51.54639
58.45757
65.43626
74.29778
80.43717
85.60785
88.51997
