12.43824
24.87647
37.31471
50.44516
57.53539
69.93940
82.37764
84.50080
87.83554
101.15146
12.43824
24.87647
37.31471
48.26419
61.44808
73.88631
82.17656
92.94029
98.83236
105.35081
12.43824
24.87647
37.31471
49.90327
53.83884
63.63554
76.23982
89.37492
95.93203
101.63177
12.43824
24.87647
37.31471
41.98507
50.45120
63.11485
71.36009
76.30168
85.93038
97.46403
12.43824
17.10302
29.54126
41.97949
54.41773
67.50961
72.32959
78.78331
84.89389
95.45460
12.43824
24.87647
37.83608
46.25943
53.75182
57.39753
70.29760
83.37471
90.49677
93.14096
12.43824
24.87647
37.31471
49.75295
53.12327
55.32569
68.41416
74.30473
74.55353
78.25342
12.43824
24.87647
38.65713
51.09536
63.53360
74.62054
82.13659
94.57482
100.49339
111.88940
12.43824
24.87647
29.45972
41.89796
48.97063
61.98105
66.26433
72.97186
86.11209
86.29549
12.43824
13.87680
24.56064
26.32372
38.76195
51.65195
63.62248
76.27254
88.71078
91.10645
12.43824
24.87647
37.40786
50.25869
50.41374
62.30217
72.67484
85.73447
87.63450
91.17473
12.43824
24.87647
32.34413
44.78236
56.85788
67.58424
80.52191
80.58196
92.73255
102.41043
12.43824
24.87647
37.31471
49.75295
61.04607
74.68620
84.18169
93.16473
94.96071
106.57153
12.43824
24.87647
26.56029
30.83129
43.56522
56.00346
66.92516
79.61076
85.85055
99.07234
12.43824
19.53025
31.96849
44.40673
57.41535
65.55997
67.98982
80.27059
83.10489
94.35503
12.43824
24.87647
29.53353
42.13646
48.31768
61.49205
65.37409
65.46865
78.60780
80.61965
12.43824
24.87647
37.31471
49.53446
61.97269
75.55877
88.47669
102.39466
106.99663
113.73559
12.43824
24.87647
34.48755
38.23848
46.89508
59.72253
71.68814
85.15641
95.94121
101.40021
12.43824
24.87647
37.31471
49.75295
62.88255
68.60793
80.77723
92.01338
101.97481
110.12730
12.43824
23.46720
35.90365
48.34189
60.78012
68.87097
81.30920
86.47991
94.04455
105.08748
12.43824
24.87647
35.88124
48.31947
59.95536
72.69425
72.90656
86.44061
88.29076
90.51589
12.43824
25.30675
29.70574
31.28877
43.72700
48.37278
60.81102
72.03176
85.75263
91.75131
12.43824
24.87647
38.01304
43.23705
54.86877
67.30700
79.91960
84.63618
96.90632
99.35443
12.43824
24.87647
37.46591
49.90414
52.42705
57.59965
67.14267
80.62447
93.21797
105.71988
12.43824
25.37002
37.80826
50.24649
63.06398
71.96472
85.40944
92.83934
92.96737
106.15259
12.43824
24.87647
37.31471
37.98153
50.41977
63.59664
70.18449
83.33383
95.84231
102.14981
12.43824
25.57931
38.01754
50.18032
62.61856
75.05680
78.67677
79.40392
92.04575
105.04445
12.43824
24.87647
37.31471
49.75295
50.88479
64.24258
68.17677
70.43102
81.67305
84.54977
12.43824
24.87647
37.31471
43.13994
55.72411
56.23256
65.86119
78.29943
81.85680
87.23357
12.43824
25.51045
37.94869
40.82820
46.24124
58.67948
71.53751
79.54367
82.10797
92.44978
12.43824
24.87647
37.31471
43.11190
55.55013
68.62702
81.16963
84.99383
95.76763
97.06132
12.43824
24.30255
36.74079
49.17903
62.16002
69.75283
76.16190
88.60014
99.74286
106.70598
12.43824
24.87647
38.04667
50.48491
63.66211
76.62568
89.80946
96.57190
102.77804
109.67419
12.43824
24.87647
29.58292
34.54522
46.98345
59.72504
66.80452
75.59835
75.67751
78.07865
12.43824
24.87647
35.49095
39.98773
51.00142
63.43966
64.99218
77.15527
81.40557
81.46472
12.43824
24.87647
37.43471
49.86433
62.73184
66.44719
75.03699
78.28551
87.27241
88.10862
12.43824
21.01880
33.45703
45.89527
49.82881
55.88767
68.93633
80.54769
81.80365
91.57007
12.43824
24.87647
37.31471
44.17352
57.30126
64.53574
76.98537
78.92095
87.51442
99.98390
12.43824
24.87647
37.31471
48.95777
61.39600
74.43353
79.39341
81.95450
85.08275
97.04168
12.43824
24.87647
37.31471
49.75295
57.70197
70.86429
72.04611
85.17250
97.80995
110.26293
12.43824
24.87647
37.95880
50.72567
57.79854
64.66541
77.10364
84.95754
85.16133
98.57375
12.43824
15.84226
28.28050
34.14034
47.19275
59.63098
61.83420
62.85532
70.39806
80.77569
12.43824
24.87647
37.75058
50.84844
63.28668
70.68111
83.66953
96.73977
98.32364
102.56124
12.43824
24.87647
37.31471
50.29452
59.17029
73.02905
74.64837
87.72448
90.84579
93.94427
12.43824
24.87647
35.65269
48.09092
60.67193
70.45847
71.26272
76.01920
79.71809
82.58809
12.43824
24.87647
35.89183
45.84548
58.28371
70.79922
71.48214
84.40494
96.78610
96.85803
12.43824
15.21280
19.17128
31.60952
34.20276
46.64100
57.12109
69.55933
69.60407
82.04231
12.43824
24.87647
38.00403
42.14832
54.58655
68.20895
71.96402
75.18525
85.74104
85.91322
12.43824
24.87647
25.23081
37.90222
47.61016
60.04839
61.46179
64.77323
65.73437
66.68464
12.43824
24.87647
37.31471
48.42818
53.49679
63.72634
71.48805
82.99305
84.38053
95.90990
12.43824
24.87647
30.70054
43.13877
56.32300
61.64640
74.79595
85.41367
91.32906
100.23044
12.43824
20.55553
32.99377
38.57892
50.63268
63.55247
76.40382
89.45402
96.67033
109.84453
12.43824
24.87647
35.24803
47.68627
48.77594
61.21417
74.39518
87.45407
87.77045
97.40421
12.43824
24.87647
37.31471
49.08983
61.93087
65.67741
67.97252
68.53226
81.27830
93.71654
12.43824
24.87647
37.62188
50.26010
62.69834
74.79592
75.29855
87.73678
88.58579
101.50332
12.43824
24.87647
37.31471
42.03510
42.16010
54.93588
60.41245
61.68881
63.72559
65.64184
12.43824
24.05422
37.18489
49.62312
62.06136
74.83632
87.96354
89.71339
102.10785
107.40430
12.43824
24.87647
38.05120
50.68804
61.94952
68.09822
80.53646
93.52772
106.52700
119.89166
12.43824
25.45244
30.28176
42.71999
45.14910
57.58733
63.65087
75.39098
75.76488
88.20311
12.43824
24.87647
35.42041
47.15854
59.59677
72.19495
85.20723
86.78278
86.87382
99.32684
12.43824
24.87647
37.44993
43.92352
56.95292
69.39115
81.82939
92.54203
97.19967
101.15454
12.43824
25.53064
37.96888
50.98884
60.70111
70.92071
83.46329
91.75241
96.24850
96.56785
12.43824
24.87647
37.31471
49.75295
57.01127
69.83296
78.34255
85.68265
98.85868
99.26047
12.43824
25.45799
37.89622
50.97541
54.27727
56.84926
60.20076
72.63900
77.34195
85.57162
12.43824
24.87647
37.31471
50.33010
62.08085
74.58359
79.34864
81.98939
90.69979
103.44613
12.43824
24.87647
37.31471
50.49590
60.48568
72.92392
85.68416
93.87701
98.52046
99.87094
12.43824
25.38076
37.81900
42.34909
54.78733
66.29837
76.86899
89.30722
98.83325
111.99610
12.43824
24.87647
37.31471
49.89860
62.64302
74.78086
87.21909
90.83796
93.59920
102.89238
12.43824
23.81197
36.25021
48.25143
60.76116
68.14183
68.73520
81.17343
94.35848
100.85869
12.43824
24.87647
37.34343
50.48915
56.86989
69.67864
80.73380
91.22770
103.66594
107.29901
12.43824
24.87647
35.95524
48.60877
57.37010
58.59675
71.03499
79.63809
90.31524
100.77684
12.43824
24.87647
28.70781
41.14604
53.58428
65.43801
78.12635
86.33947
98.02084
110.56995
12.43824
24.87647
37.99424
42.21501
55.30869
67.74693
79.86161
90.23556
92.97631
104.67903
12.43824
20.03645
32.54981
45.31793
58.21637
70.65461
74.82421
87.25741
87.52388
95.02809
12.43824
24.87647
37.31471
50.23729
57.28485
67.63847
67.68765
78.93048
92.24613
96.52436
12.43824
24.87647
38.03835
50.47659
63.19760
65.73705
75.47190
88.01448
100.56475
110.54052
12.43824
24.87647
37.31471
42.25656
55.25530
56.19544
68.62476
82.01200
94.33731
98.35970
12.43824
24.87647
37.48761
50.19101
54.33962
67.07898
79.84926
89.42422
101.86246
112.58364
12.43824
14.52715
26.96539
40.08786
52.52609
65.60068
77.98365
90.96402
94.41093
-1.00000
12.43824
24.87647
34.90221
41.96600
54.40424
65.57904
76.74894
89.67980
94.93567
101.67535
12.43824
24.87647
37.31471
49.14459
57.44415
69.88239
82.91136
95.42215
103.96159
107.62446
12.43824
24.87647
30.16057
42.62278
44.94336
57.38160
68.83612
76.86348
88.55405
90.29448
12.43824
24.87647
38.05502
51.24074
63.64276
64.02014
66.35033
71.25887
84.35169
84.37014
12.43824
16.50145
17.48351
29.92175
42.35999
52.63089
60.84014
73.90591
87.54544
93.17021
12.43824
24.87647
35.34914
48.40816
61.01480
73.45303
87.19149
100.08580
106.94773
112.50532
12.43824
24.87647
31.93346
36.23883
48.67707
61.11530
73.97635
80.57781
88.78029
94.07148
12.43824
24.87647
37.31471
50.44675
52.24690
64.68513
72.58520
85.02344
87.59786
97.10236
12.43824
24.87647
35.91471
48.35294
61.36619
62.05406
71.69081
83.64057
96.46895
99.87020
12.43824
21.49040
33.92864
46.36688
56.26453
68.70276
81.82559
84.20910
84.31332
97.80485
12.43824
24.87647
37.84515
49.76081
53.14875
54.52853
67.17978
80.30160
93.01507
96.68698
12.43824
24.90601
37.34425
50.06851
63.24569
75.68392
78.33148
88.68028
101.11851
102.61600
12.43824
24.87647
37.90570
49.60595
62.67520
71.09663
83.53487
95.97310
96.85216
99.11344
12.43824
24.87647
37.31471
50.21258
60.72958
73.16782
74.61497
87.32547
88.77491
102.51532
12.43824
24.54308
36.98132
42.13519
52.89374
65.33198
70.37020
70.47727
83.32307
96.86902
12.43824
24.87647
37.33371
49.47345
62.61842
75.80233
76.54276
85.09949
97.79354
108.25753
12.43824
25.56105
36.75370
49.19194
62.27611
69.94862
80.19417
83.83708
95.60638
96.20797
12.43824
24.87647
28.58026
41.01849
50.31150
58.46910
71.65595
76.54881
82.93844
89.98352
12.43824
24.87647
37.98366
43.14456
54.74494
67.18318
74.39130
87.53442
95.68481
108.86653
12.43824
25.61170
38.04994
43.80117
56.98605
69.42428
76.50373
84.91962
98.21861
110.65684
12.43824
24.87647
37.31471
49.75295
58.78163
67.61181
77.97765
79.19180
81.51177
85.90204
