12.43824
24.87647
37.31471
49.75295
60.62736
73.26434
85.70257
89.81265
95.36559
107.80382
12.43824
24.87647
37.31471
50.46848
62.90671
75.34495
88.15183
101.65660
111.88520
122.53430
12.43824
24.87647
37.31471
49.75295
61.55920
74.97365
87.51019
99.94842
110.02195
123.71665
12.43824
24.87647
37.31471
48.46206
60.92106
73.35929
84.85668
93.03306
105.88236
118.73441
12.43824
23.65067
36.08891
48.52714
60.96538
73.40362
80.98455
90.34428
99.66776
112.32847
12.43824
24.87647
37.31471
50.14011
62.07262
69.88533
82.32357
94.93403
106.50794
117.05888
12.43824
24.87647
37.31471
49.75295
55.91564
60.32134
72.82416
82.50233
83.65815
89.74759
12.43824
24.87647
37.31471
49.75295
62.19118
75.37779
86.67988
99.11812
111.94090
124.97704
12.43824
24.87647
36.29624
48.73448
59.45593
71.89417
78.33495
91.25975
103.69798
107.85718
12.43824
17.61618
30.87304
37.52563
49.96387
62.40211
75.53438
88.00468
100.44292
104.39604
12.43824
24.87647
37.31471
49.75295
55.07850
68.24227
81.42566
93.86390
98.67177
107.90122
12.43824
24.87647
37.97239
50.41063
63.04461
75.71229
88.15053
93.39392
105.89959
118.93433
12.43824
24.87647
37.31471
49.75295
62.90335
75.34159
87.62898
100.15579
109.53408
122.70160
12.43824
24.87647
32.29288
40.55276
52.99100
65.42924
78.28848
90.72672
99.52209
111.96032
12.43824
24.48634
36.92458
49.36282
61.80105
73.95650
78.01664
90.61278
100.19261
113.36985
12.43824
24.87647
38.05723
50.49546
62.59821
75.03644
87.22012
93.57906
106.01729
110.51449
12.43824
24.87647
37.31471
50.13722
62.57545
75.01369
87.45192
99.89016
107.77735
121.20082
12.43824
24.87647
37.63259
51.00244
64.42795
76.86619
89.30443
101.78127
114.93235
127.41392
12.43824
24.87647
37.31471
49.75295
62.19118
71.29780
84.36802
97.55096
109.88972
122.22126
12.43824
25.61834
38.69854
51.13677
63.57501
75.40849
87.84673
98.64466
110.17004
123.27818
12.43824
24.87647
38.06183
50.50006
63.65408
76.09231
82.43173
94.86997
106.27528
110.58808
12.43824
24.87647
35.20043
39.19115
51.62939
59.70394
72.14218
85.31059
97.74883
110.35860
12.43824
24.87647
37.31471
46.31296
59.18966
71.62790
84.06614
94.72984
107.38771
113.52206
12.43824
24.87647
37.31471
49.75295
58.20946
67.32789
80.19649
92.63472
105.11629
117.55453
12.43824
24.87647
37.31471
49.75295
62.19118
75.33345
87.79644
99.24042
103.41711
115.85534
12.43824
24.87647
37.31471
46.89686
59.33509
71.77333
83.90922
96.34746
108.78570
120.02203
12.43824
24.87647
37.31471
49.77199
62.21023
74.64847
87.72996
95.30330
108.07077
120.50901
12.43824
24.87647
37.31471
49.75295
54.52192
66.96015
80.37568
87.64767
100.46229
106.74004
12.43824
24.87647
37.31471
48.73185
61.17009
63.71450
76.25953
88.69777
97.70350
106.53109
12.43824
24.87647
37.31471
42.39984
50.03674
62.47498
74.91321
87.72900
97.53635
110.66938
12.43824
24.87647
37.31471
47.11602
59.55426
71.99250
84.43073
91.32821
104.33140
113.03017
12.43824
25.61587
38.05411
50.49234
62.93058
73.48743
82.86431
95.30255
108.47526
122.07336
12.43824
24.87647
37.31471
49.75295
62.19118
74.62942
87.06765
100.25389
113.21440
124.71522
12.43824
24.87647
34.47928
42.70966
55.14789
67.58613
80.17524
93.19487
93.97238
104.98430
12.43824
24.87647
37.99170
48.18327
61.36970
73.80794
81.25160
94.33696
106.66388
111.53114
12.43824
24.87647
37.31471
49.78118
62.23917
68.12557
80.88549
91.15836
103.50520
108.52282
12.43824
25.55755
37.99579
50.43402
56.69665
65.69602
78.13425
91.85592
100.10643
112.93629
12.43824
24.87647
37.31471
49.94492
62.38316
73.65423
86.09247
94.67686
108.04007
121.56109
12.43824
24.87647
37.31471
50.49588
62.93412
75.37236
83.06111
90.91913
99.72712
112.76077
12.43824
24.87647
37.31471
49.75295
61.08874
73.52697
77.02479
89.46303
102.22001
114.77770
12.43824
24.87647
37.31471
49.75295
62.44539
72.83749
85.27572
95.99090
99.29437
111.73261
12.43824
18.38530
30.82354
41.77128
54.20951
66.64775
74.17310
82.23668
93.71633
106.61067
12.43824
24.87647
37.31471
49.75295
62.19118
73.77490
86.21314
98.65137
101.39813
108.89609
12.43824
24.87647
37.31471
49.75295
63.61629
76.05453
83.89743
96.33566
103.35640
110.63492
12.43824
24.87647
38.04718
50.48541
62.92365
75.23777
79.45131
91.37962
99.32790
105.47411
12.43824
24.87647
37.96856
51.06270
63.50094
75.93918
85.47909
97.91732
110.35556
115.05037
12.43824
17.37074
24.14214
36.58038
42.08733
54.52557
67.66573
80.10396
80.31092
92.74915
12.43824
24.87647
37.31471
46.90183
59.34007
72.05200
81.04336
88.61925
101.70894
108.05312
12.43824
24.87647
28.53009
40.96832
53.66291
66.10115
68.56012
74.32318
78.54000
80.74637
12.43824
24.87647
37.31471
50.49894
63.65329
76.82523
87.63724
100.82144
103.19653
116.30606
12.43824
24.87647
34.55739
46.99563
59.43386
68.24721
80.68545
93.64795
106.84148
119.75999
12.43824
25.23425
37.67249
47.58505
60.34720
73.06623
85.50447
97.94270
109.78604
122.22428
12.43824
24.87647
37.95258
50.39081
58.65361
71.09185
83.53009
95.96832
97.42795
110.54142
12.43824
24.87647
37.31471
50.30867
62.74690
68.68060
80.62739
82.40106
94.83929
107.27753
12.43824
24.87647
37.31471
49.88043
62.31867
74.75691
76.70486
89.14310
100.64861
113.08685
12.43824
24.87647
37.31471
46.03428
47.93438
60.37262
69.82058
76.41800
83.29362
91.41946
12.43824
25.44760
37.88584
50.32407
62.76231
75.70541
88.14365
93.56973
106.33475
118.50156
12.43824
24.87647
37.31471
50.01222
62.92842
75.85606
88.29430
100.73253
113.17077
125.60901
12.43824
24.87647
35.32232
47.76056
51.53771
63.97595
76.89360
90.06035
93.99664
106.43488
12.43824
24.87647
38.06010
51.02653
63.46476
75.96983
88.40806
94.93989
97.58186
110.03442
12.43824
24.87647
37.31471
47.06812
59.50635
71.94459
84.38282
96.84278
105.40174
110.68303
12.43824
24.87647
37.31471
49.75295
62.42865
75.09726
87.53549
100.55356
112.34736
114.19326
12.43824
24.87647
37.31471
49.75295
61.29522
73.73345
85.57695
96.54694
108.98517
111.68985
12.43824
24.87647
37.31471
49.75295
55.35003
62.94879
72.50642
84.94466
97.56163
110.65011
12.43824
24.87647
37.31471
49.75295
62.67013
75.10836
83.15630
94.99572
106.68266
119.12089
12.43824
24.87647
37.31471
49.75295
62.82109
75.25932
88.08769
99.70750
113.38564
118.47563
12.43824
24.87647
37.31471
45.20484
57.64308
70.79691
83.98045
96.41869
109.50037
121.93861
12.43824
24.87647
37.31471
49.75295
62.84732
75.28797
87.72620
93.74845
103.04714
116.15269
12.43824
25.13641
37.57465
50.42150
62.85973
73.71923
75.96600
88.40423
100.84247
114.15181
12.43824
24.87647
37.31471
49.75295
60.81594
73.25417
85.93789
99.10113
111.53937
121.54129
12.43824
24.87647
38.06354
50.50178
62.16995
66.58270
79.02093
90.71652
103.89093
116.83876
12.43824
24.87647
31.53312
43.97135
56.40959
69.40860
81.84684
94.20262
107.35766
119.79590
12.43824
24.87647
37.31471
51.23606
63.67429
76.11253
88.55077
101.73671
113.82847
126.93635
12.43824
23.24729
35.68552
48.18880
60.62704
73.06528
85.02573
98.12985
99.77500
109.56356
12.43824
24.87647
37.31471
49.75295
59.11092
72.08583
78.13156
90.85762
103.29585
114.39954
12.43824
24.87647
37.31471
49.75295
62.24704
68.94345
82.11675
94.55498
107.41500
119.86226
12.43824
24.87647
37.31471
47.88199
60.32023
66.90271
79.38642
91.82465
104.73561
112.33566
12.43824
24.87647
37.44732
49.88555
59.86153
72.29977
84.73800
97.79076
110.22899
123.26386
12.43824
16.62260
29.06084
41.49907
53.93731
66.37555
78.92496
91.36320
98.24832
110.64337
12.43824
24.87647
37.94309
48.41388
60.85212
73.40488
86.58774
99.02597
109.82466
122.69851
12.43824
24.87647
37.31471
50.04497
62.09143
74.52967
86.96790
99.41647
113.25539
124.26689
12.43824
24.87647
34.10138
46.53962
59.45819
71.89643
84.70636
97.08742
109.61999
120.97729
12.43824
24.87647
37.31471
49.75295
62.31683
66.91283
77.86794
87.80721
100.24544
101.64935
12.43824
19.66948
22.30125
34.73949
47.17773
60.10604
73.29169
85.79622
98.23446
109.68860
12.43824
24.87647
38.06314
50.50138
62.93962
75.37785
87.81609
100.25432
111.78491
125.20648
12.43824
24.87647
35.35219
41.29533
53.73357
66.17180
78.61004
89.13486
102.04707
113.87210
12.43824
24.87647
37.31471
49.75295
53.18868
65.62692
77.37906
89.81730
98.76986
111.64130
12.43824
24.87647
38.04087
50.47911
62.91735
69.03440
81.81599
94.67720
107.11543
118.02221
12.43824
25.17275
37.61099
50.04923
63.22362
75.66186
88.10009
92.21855
104.42019
116.85843
12.43824
24.87647
37.31471
50.41806
58.80391
64.71801
77.15625
89.59448
102.03272
112.69325
12.43824
24.87647
37.31471
50.40681
62.84505
75.28329
80.01657
92.78092
105.21915
112.75672
12.43824
24.87647
37.31471
50.09184
62.53008
76.11856
88.55680
100.99504
103.09321
112.94649
12.43824
24.87647
37.31471
49.75295
62.31993
74.75817
77.19923
89.63746
98.73958
111.17782
12.43824
25.22175
37.65998
46.81741
59.88325
72.32148
85.54951
93.58630
106.33321
118.77145
12.43824
24.87647
37.31471
50.13680
62.57504
75.01327
79.87824
90.57001
103.00825
115.84891
12.43824
24.87647
37.70667
50.14490
62.58314
75.43970
88.59787
95.14313
108.31366
111.71622
12.43824
24.87647
34.99905
47.43729
60.81376
71.88672
84.32496
92.30825
104.75521
115.89515
12.43824
24.87647
37.31471
45.84721
58.89994
71.33817
84.15220
96.59043
108.82712
121.26536
12.43824
24.87647
37.31471
49.03813
61.47636
73.91460
84.88291
96.54031
109.04523
121.48347
12.43824
24.87647
37.31471
49.75295
62.30700
75.48997
88.67673
92.51972
98.69011
111.41975
