12.43824
24.87647
37.31471
49.43305
56.99353
65.29497
76.04561
88.66200
89.42309
94.90929
12.43824
23.46660
32.91974
34.30795
44.21822
52.21814
60.29718
67.55125
68.54713
81.73398
12.43824
24.87915
37.84609
51.61054
54.49452
60.45870
61.23383
74.65307
80.00454
80.07722
12.43824
25.09559
38.13029
44.92827
56.59807
64.92172
67.42332
69.32271
69.99660
70.39566
12.43824
15.52306
28.66161
38.49506
51.21863
62.27207
69.12667
76.67839
89.79098
92.89452
12.43824
25.37222
34.78665
46.00114
56.71326
62.63567
68.80555
80.14106
80.90300
82.53537
12.43824
25.51471
38.09375
50.55022
62.12724
65.65580
68.61448
72.35613
74.28051
82.20556
12.43824
20.74915
33.99594
41.73044
54.85092
58.12715
58.47344
63.56527
69.38147
69.58344
12.43824
24.87647
38.04209
45.92169
52.97705
62.99563
73.20951
77.61517
84.42922
86.35956
12.43824
20.77586
25.08465
25.43896
34.23059
45.51780
55.13318
67.93248
79.85090
80.67771
12.43824
25.60863
32.66041
43.82882
45.03444
54.96668
61.37563
74.92509
79.83864
81.13743
12.43824
25.17999
32.00404
44.98095
57.79072
62.83568
70.81535
75.15235
82.76595
88.53087
12.43824
25.60173
37.73823
51.15025
62.49281
67.33390
75.03010
76.71593
80.26957
81.11747
12.43824
24.87647
38.11792
45.83517
54.33783
67.53354
71.71136
75.46281
77.41543
90.11621
12.43824
23.94603
37.13239
43.72298
49.08432
56.87492
67.21016
68.49257
81.34067
87.07798
12.43824
19.04256
26.97344
30.58804
42.41458
49.91620
59.86437
62.00063
72.99132
77.22105
12.43824
22.64423
29.08260
42.09931
45.82171
53.80890
58.47813
58.53076
61.15448
62.13063
12.43824
24.77830
30.43597
35.14367
48.05960
54.15280
61.11227
75.33683
86.68536
92.88453
12.43824
23.36380
36.50049
45.83757
52.46599
66.01344
70.55503
72.02658
80.04556
83.66893
12.43824
19.29475
31.96281
40.28951
40.82214
47.18842
58.14067
58.59262
58.97890
71.23680
12.43824
21.99553
34.02046
46.92493
52.33438
62.94021
63.85969
65.84083
66.77390
69.02758
12.43824
24.49155
32.76386
36.61671
45.80542
58.50317
69.85779
82.75382
88.29090
99.02661
12.43824
25.57632
36.15285
41.44172
45.50773
58.88043
63.63317
66.35679
66.74917
77.90767
12.43824
24.87647
35.59043
48.35268
50.77005
60.43590
64.72928
74.34146
86.38728
99.37234
12.43824
22.70232
35.87734
48.88441
60.41424
69.11345
74.84078
84.41532
92.58131
103.45321
12.43824
24.87647
36.17521
49.37103
61.02200
63.91584
68.32605
76.88032
86.61342
93.57851
12.43824
25.20041
37.43365
41.85332
53.95833
67.19875
70.20696
83.21296
85.86856
86.24204
12.43824
19.79410
25.50170
34.07771
47.25569
60.01358
65.51111
68.71001
81.89267
83.55641
12.43824
25.28450
38.06710
40.80575
52.87562
56.88313
67.49525
76.64395
78.40990
80.33181
12.43824
24.87900
37.95018
45.91425
55.50608
68.80394
72.98274
75.07835
79.59812
89.45796
12.43824
24.87647
37.31471
44.92945
58.14835
65.23599
69.20672
71.95591
72.82028
76.35851
12.43824
22.07275
34.84059
44.34539
56.67995
60.50251
63.25103
76.98937
89.84957
91.11241
12.43824
20.95321
33.15843
34.84680
45.09115
49.82148
49.88373
55.80391
56.85835
67.85190
12.43824
24.87647
27.93294
36.67838
49.76289
58.45615
66.23630
69.01969
69.05502
73.81010
12.43824
25.08846
33.79141
40.02689
50.71467
62.95080
63.99670
69.59729
70.48763
72.78243
12.43824
24.21024
36.66973
41.74380
48.22211
52.10145
55.63248
61.88693
69.56947
72.04059
12.43824
20.46701
26.40118
36.92829
40.98431
45.76758
52.82573
64.40486
72.90830
77.06446
12.43824
25.43983
37.87807
48.87973
54.36275
58.18704
71.13770
81.18569
81.56506
91.74983
12.43824
24.55624
37.73369
47.54474
57.82156
60.44813
67.69803
78.24120
79.26728
82.30872
12.43824
25.61777
38.05601
51.00833
59.59225
71.97817
72.56608
79.07383
83.93758
86.35401
12.43824
25.42454
38.17028
51.31245
60.60873
65.54769
74.80191
83.68598
84.04459
84.74889
12.43824
23.81839
36.30907
41.68662
51.14602
64.68398
71.06262
72.24980
84.01941
86.15975
12.43824
24.87647
38.44253
42.83708
55.69886
62.10930
67.45666
70.33529
72.70297
73.96791
12.43824
25.00783
37.75687
50.78688
55.53357
61.45159
70.29455
75.50869
76.51123
77.98122
12.43824
24.87647
31.15418
43.73471
51.30652
59.23611
60.09829
65.40479
77.55364
85.69238
12.43824
25.42169
31.21246
44.38559
49.27996
62.20746
67.22800
76.97500
86.25795
98.57866
12.43824
24.87647
28.48291
30.96100
42.39751
55.59769
63.46124
77.27540
84.86439
97.93256
12.43824
24.87647
37.42047
45.65949
56.99056
67.70581
75.26967
82.31314
88.73526
89.93811
12.43824
25.51928
27.84633
41.36828
51.15422
64.27346
67.50296
80.77386
82.46241
83.96623
12.43824
23.72068
34.14902
38.96651
50.45750
52.13675
55.04975
64.77121
77.68535
85.92737
12.43824
25.47593
30.60813
43.56451
51.81761
54.40992
58.15929
60.14300
73.32907
75.42630
12.43824
19.03892
31.47716
45.26140
52.79085
60.55639
69.21741
79.88359
81.39251
89.59415
12.43824
24.87647
36.62054
46.73156
55.74750
64.63094
78.20228
88.39543
91.09519
103.53974
12.43824
25.52533
38.02330
43.42360
56.09272
68.57725
77.56713
82.93177
91.30872
99.96161
12.43824
24.94526
34.39978
44.55921
57.26127
66.19634
78.61180
88.42761
88.56495
95.07842
12.43824
25.55357
37.99181
46.12466
50.82417
59.55602
63.37585
66.79322
71.53858
71.94743
12.43824
20.54072
32.85252
39.11420
48.88369
60.19259
67.70981
78.54782
83.36519
84.44253
12.43824
25.20194
34.70148
44.60699
57.10259
69.80996
74.93793
87.20969
88.98216
102.40137
12.43824
20.59641
28.11124
35.17914
35.76501
49.02778
55.73779
62.51591
65.24330
78.54892
12.43824
24.87647
38.03116
50.63520
62.62106
73.69495
87.66583
92.41904
94.85243
96.60896
12.43824
24.87647
35.06925
44.25378
52.78461
59.25116
65.78312
78.08711
78.70432
84.11479
12.43824
23.91401
36.35225
46.08638
54.47371
67.75781
80.02213
93.60354
96.33319
97.83954
12.43824
25.29093
31.88036
35.52978
43.42673
56.40495
64.57310
67.77507
80.21330
88.24860
12.43824
25.59468
38.03292
50.89646
64.82440
71.53144
77.53815
87.12506
88.57072
94.24325
12.43824
25.04889
38.18301
51.20195
58.66345
72.14999
75.64305
76.99975
83.92459
97.73403
12.43824
24.87647
37.92756
46.30244
59.92426
72.05267
76.44630
88.14224
89.32057
92.49906
12.43824
25.61457
38.27406
43.04021
50.27271
52.81630
61.31281
64.93061
70.41240
82.75506
12.43824
25.49768
37.33495
44.10443
45.14724
54.58360
55.09244
56.05015
56.42130
60.60269
12.43824
19.11708
32.10263
42.53476
53.22486
64.09237
68.27708
77.36171
80.15467
81.73575
12.43824
25.57419
31.27468
37.92638
43.22575
49.86285
60.92219
61.67107
74.19397
84.56023
12.43824
24.77957
37.96640
50.57894
58.27080
61.52910
74.69165
78.08323
86.71131
90.23290
12.43824
25.62484
31.77681
39.41850
49.96026
56.44537
68.17579
68.72904
69.35133
82.26666
12.43824
18.75547
24.79309
35.42097
41.43371
54.17922
55.40641
66.88353
69.37116
69.56667
12.43824
19.29987
31.38935
43.17213
55.09487
68.01986
72.02743
77.00507
87.66834
89.27428
12.43824
24.90142
37.45306
50.17992
56.49105
66.35425
75.15136
78.96527
89.68475
92.39232
12.43824
24.86640
36.74271
45.88022
55.49641
56.68381
65.23508
77.67332
81.01585
91.85461
12.43824
23.51841
34.41152
47.29648
50.88638
62.62288
68.16449
80.60272
86.14167
90.58583
12.43824
23.69710
27.54303
40.43041
45.14673
51.71474
55.43348
67.92472
75.67070
82.40919
12.43824
22.29975
35.24138
48.01200
61.12060
74.08796
82.82074
96.62030
98.94795
99.32843
12.43824
25.50798
31.20104
34.27703
44.62048
51.39703
53.20390
61.40282
62.60799
63.36187
12.43824
19.41811
31.85635
43.74351
50.24365
54.00396
60.60033
73.86107
77.79233
78.88416
12.43824
24.33652
27.77326
39.37209
44.00803
57.06651
68.90254
72.83723
84.81178
97.22915
12.43824
24.87647
35.09427
46.54314
50.04132
61.75213
67.70134
71.63918
84.37493
84.70071
12.43824
19.56445
19.85202
29.94211
35.12244
43.93768
48.22866
61.08536
62.88666
72.12274
12.43824
25.08866
34.74698
47.88075
58.68153
66.47376
70.54673
82.11278
88.85968
96.36201
12.43824
25.59270
29.74436
38.82025
49.20539
62.37182
67.77373
68.26231
70.24553
71.39811
12.43824
23.60167
36.03991
39.04047
42.67812
55.92182
68.71658
82.46987
91.05329
99.07313
12.43824
24.87647
37.55481
49.99262
52.61700
53.12357
53.43776
55.79287
58.10572
61.92707
12.43824
23.14787
33.95739
45.63912
51.56197
62.41031
70.01823
70.70418
75.35393
84.13303
12.43824
25.23885
34.92289
41.06271
43.27754
50.11712
61.84201
68.04553
77.30799
78.03201
12.43824
25.01028
37.44852
44.80925
57.62084
70.59940
80.91548
83.72132
84.67592
85.54894
12.43824
25.48196
35.86205
44.63330
53.12625
55.50281
65.22023
77.78585
79.31343
80.42022
12.43824
25.50430
32.14264
43.71904
51.15347
58.33797
64.47712
64.77894
65.19753
68.88645
12.43824
22.21585
34.70731
37.56156
47.77028
60.91455
66.71313
69.56252
80.31173
88.57395
12.43824
24.87647
36.90371
44.14876
49.61061
62.21762
62.83906
72.72410
77.23333
77.43510
12.43824
24.90642
29.76933
38.94253
40.54486
44.13462
57.14176
59.45367
69.51285
70.45581
12.43824
25.51192
31.22077
44.58159
49.08983
60.55982
65.14152
67.96297
68.49393
70.66504
12.43824
24.87647
33.57789
35.99594
43.00782
55.80071
58.91970
67.20823
79.86049
83.63702
12.43824
25.40037
32.60914
40.74136
50.05407
59.94503
60.79393
64.88511
74.45858
85.17898
12.43824
25.60309
38.04133
50.58345
60.36848
68.66099
75.78561
82.89887
96.29392
97.09199
