12.43824
24.87647
37.31471
49.75295
62.19118
74.62942
87.06765
99.78332
111.00115
123.43939
12.43824
24.87647
37.31471
50.07187
62.51010
74.94834
87.38658
100.04605
109.66690
120.78749
12.43824
24.87647
37.31471
49.75295
57.94327
71.12367
83.56190
96.00014
107.41000
120.66160
12.43824
24.87647
37.31471
49.75295
62.86244
75.30068
87.50336
96.81191
109.94100
122.37924
12.43824
23.43974
35.87797
48.31621
60.75445
73.19268
80.28522
91.15190
103.59014
116.69580
12.43824
24.87647
37.31471
50.21972
62.65796
75.10770
87.54594
99.98418
111.72311
120.24274
12.43824
24.87647
37.31471
49.75295
62.47721
75.02412
88.05501
97.71771
110.70867
123.67629
12.43824
24.87647
37.31471
49.75295
62.19118
75.35456
88.51878
100.95701
114.79134
127.73829
12.43824
24.87647
36.12163
48.55986
60.42809
72.86633
85.06230
97.71832
110.15656
118.06382
12.43824
20.02550
33.17347
44.53970
56.97794
69.41617
81.85441
94.29265
106.73088
114.67484
12.43824
24.87647
37.31471
49.75295
58.62736
71.06560
84.08182
96.52005
109.63179
121.30542
12.43824
24.87647
37.63299
50.07123
62.50946
74.94770
87.38594
97.66916
110.10740
123.21395
12.43824
24.87647
37.31471
49.75295
62.38626
74.82450
87.94596
100.38420
113.55702
125.99526
12.43824
24.87647
28.60150
41.25189
53.69013
66.12836
79.08666
91.52490
103.61042
116.04866
12.43824
25.19795
37.63619
50.07443
62.51266
75.69661
83.24322
96.42348
103.59297
116.64606
12.43824
24.87647
34.29523
46.89878
58.91397
71.35220
85.20239
88.48171
100.91995
109.01286
12.43824
24.87647
37.31471
49.88247
62.32071
74.75894
87.19718
99.63542
107.43524
120.36583
12.43824
24.87647
37.85092
51.63309
64.07133
76.50956
89.35514
101.79337
114.23161
127.91733
12.43824
24.87647
37.31471
49.75295
62.19118
72.92138
85.35962
97.79785
110.92779
123.65431
12.43824
25.60599
38.04422
50.48246
62.92070
75.35893
87.79717
99.06975
111.91393
125.08790
12.43824
24.87647
37.71297
50.15121
62.98284
75.42107
76.19858
88.63682
97.59517
102.15742
12.43824
24.87647
32.41773
44.85596
57.29420
70.18920
82.62743
95.06567
107.50391
120.29157
12.43824
24.87647
37.31471
50.41991
63.57725
76.01548
88.45372
101.50270
113.94094
125.15276
12.43824
24.87647
37.31471
49.75295
61.95736
74.35934
87.31300
99.75124
112.18948
124.62771
12.43824
25.12769
37.56593
50.00417
62.44240
75.61762
88.05585
101.15537
110.90346
123.34170
12.43824
24.87647
37.31471
49.66746
62.10569
74.54393
87.36575
99.80399
112.67120
122.21059
12.43824
24.87647
37.31471
49.75295
62.19118
74.62942
84.41394
88.25975
101.13744
113.57568
12.43824
24.87647
37.31471
49.75295
53.12018
65.94658
77.33671
89.35595
102.66279
115.54785
12.43824
24.87647
37.31471
49.91474
62.35297
68.47916
81.42192
93.86016
106.98570
119.40019
12.43824
24.87647
37.31471
42.94488
54.37358
66.81182
79.25005
92.03072
104.76500
117.43026
12.43824
24.87647
37.31471
50.16407
62.60231
75.04055
87.47878
99.91702
112.83183
125.94022
12.43824
24.87647
37.31471
49.75295
62.19118
75.07967
86.49849
98.93673
111.37496
125.16769
12.43824
24.87647
37.31471
49.75295
62.19118
74.62942
87.06765
100.46605
113.73333
124.99466
12.43824
24.87647
38.05955
50.49779
62.93602
75.37426
88.48142
100.84942
112.66767
122.90374
12.43824
24.87647
37.85476
49.34785
62.47256
74.91080
79.09879
91.56094
103.07461
106.98779
12.43824
24.87647
37.31471
49.98100
62.41923
70.04265
82.11717
91.82906
104.26730
114.89396
12.43824
25.19460
37.63284
50.07108
56.35194
65.65881
78.09705
90.53529
103.75874
116.70652
12.43824
24.87647
37.31471
49.78035
62.21858
74.83854
87.27678
96.89494
109.93015
122.36838
12.43824
24.87647
37.31471
49.75295
62.19118
74.62942
85.22821
97.75483
110.87966
123.31789
12.43824
24.87647
37.31471
49.75295
62.89908
75.33732
88.39871
100.83694
113.34447
125.78611
12.43824
24.87647
37.31471
49.75295
62.42679
75.45266
87.89090
99.93067
101.36955
113.80778
12.43824
22.49796
34.93619
43.34624
55.82887
68.26711
81.45327
94.55586
107.74159
120.82710
12.43824
24.87647
37.31471
49.75295
62.19118
74.08236
86.52059
98.95883
107.38491
115.02097
12.43824
24.87647
37.31471
49.75295
63.67718
76.11541
88.79838
101.95493
106.30006
119.46790
12.43824
24.87647
37.31471
49.75295
62.19118
75.37360
87.82802
97.95225
110.77413
123.93568
12.43824
24.87647
38.05914
50.49738
62.93562
75.37385
76.68646
89.12470
101.72381
110.65120
12.43824
18.61435
29.83914
42.27738
47.27192
59.71016
72.78662
85.22486
87.26849
99.70673
12.43824
24.87647
37.31471
47.50564
59.94388
72.38211
85.56905
92.21458
104.65281
110.11894
12.43824
24.87647
30.75878
43.19702
55.65391
68.09214
70.78621
78.72149
86.69569
99.14953
12.43824
24.87647
37.31471
50.16369
61.34636
73.78460
86.22283
98.66107
103.72205
116.16029
12.43824
24.87647
37.34651
49.78474
62.22298
72.50530
84.94354
97.96962
111.11910
123.53895
12.43824
25.28833
37.72657
50.91323
63.35147
75.78970
88.22794
100.66617
113.58831
126.02654
12.43824
24.87647
37.68337
50.12161
54.18495
66.62319
79.06142
91.49966
98.80904
111.99264
12.43824
24.87647
37.31471
49.86193
62.30016
73.27937
86.20672
99.46535
111.90359
124.34183
12.43824
24.87647
37.31471
49.75295
62.19118
75.01303
87.85244
100.29068
107.05685
119.49509
12.43824
24.87647
37.31471
46.40325
59.21440
71.65264
81.59182
92.97777
100.48035
111.99083
12.43824
24.87647
37.31471
49.75295
62.19118
74.62942
87.06765
93.65881
106.09704
119.12941
12.43824
24.87647
37.31471
49.75295
62.74111
75.89712
88.33536
100.77359
113.21183
125.65007
12.43824
24.87647
33.32391
45.76214
51.90783
64.34607
75.77654
88.21478
95.27402
107.71226
12.43824
24.87647
37.97043
50.40867
62.84691
75.28514
87.72338
95.74011
107.12218
119.56041
12.43824
24.87647
37.31471
47.62943
60.06766
72.50590
84.94414
98.12884
105.81849
115.11358
12.43824
24.87647
37.31471
49.75295
62.90309
75.34547
87.78370
100.95929
114.26612
127.45763
12.43824
24.87647
37.31471
49.75295
62.27050
74.70874
87.89579
100.54689
112.98512
118.04290
12.43824
25.07823
37.51646
49.95470
63.06101
72.77055
84.30580
96.74403
104.62395
117.06218
12.43824
24.87647
37.31471
49.75295
62.19118
74.62942
86.43986
93.66910
106.47886
118.91709
12.43824
24.87647
37.31471
49.75295
62.92371
75.36195
88.17875
101.21274
110.79782
116.51475
12.43824
24.87647
37.31471
49.76962
62.20786
74.77292
87.70091
100.13914
113.11513
125.55336
12.43824
24.87647
37.31471
49.75295
62.74961
75.22486
87.66310
97.07149
107.01175
120.07931
12.43824
24.87867
37.31690
49.75514
62.19338
75.02522
86.34027
98.77850
111.21674
124.09950
12.43824
24.87647
37.31471
49.75295
62.38267
74.82090
87.53998
100.29810
112.73634
123.42484
12.43824
24.87647
38.04679
50.48503
63.19743
75.27295
87.71119
100.29773
113.18288
125.62111
12.43824
24.87647
30.63442
43.07265
55.51089
68.01465
80.45288
93.20633
105.84531
118.28355
12.43824
24.87647
37.31471
50.46609
62.90432
75.34256
87.78080
100.92557
113.85248
126.29071
12.43824
25.00397
37.44221
49.88045
62.31868
74.75692
88.28404
100.96882
107.66653
118.64052
12.43824
24.87647
37.31471
49.75295
60.64899
73.82897
86.20852
99.00690
111.44513
119.99097
12.43824
24.87647
37.31471
49.75295
62.19118
71.51278
84.57216
97.01039
109.79819
122.83042
12.43824
24.87647
37.31471
45.67038
58.10861
70.81579
83.25403
95.69227
108.13050
115.16298
12.43824
24.87647
37.36107
49.79931
61.52344
73.96168
86.39991
98.87549
111.31373
124.01211
12.43824
18.32233
30.76057
43.19880
55.63704
68.07528
80.51351
92.95175
103.41033
105.87445
12.43824
24.87647
37.77723
50.88224
63.32047
76.10943
89.02158
101.45982
114.40901
128.07241
12.43824
24.87647
37.31471
49.75295
62.44022
74.87846
87.31669
99.75493
113.33540
125.31813
12.43824
24.87647
32.97985
45.41809
54.21400
66.65223
79.39886
91.73849
104.17939
117.10396
12.43824
24.87647
37.31471
49.75295
62.25838
70.10450
73.16457
84.39038
96.82862
102.30786
12.43824
20.72466
24.60161
37.03985
49.47808
62.27225
75.41087
87.84910
100.28734
111.25921
12.43824
24.87647
38.02618
50.46442
62.90266
75.34089
87.77913
100.21736
110.91329
124.49838
12.43824
24.87647
37.12516
49.88264
62.32088
74.75912
87.19735
98.56769
111.61848
123.28074
12.43824
24.87647
37.31471
49.75295
59.20675
71.64499
84.45581
96.89404
110.06901
123.25541
12.43824
24.87647
38.03183
50.47007
62.90831
65.53121
77.81410
90.36895
102.80718
115.38288
12.43824
24.87647
37.31471
49.75295
62.73005
75.16829
87.60653
95.97451
99.34800
111.78624
12.43824
24.87647
37.31471
49.75295
62.23570
73.85475
86.29299
98.73122
111.16946
124.87993
12.43824
24.87647
37.31471
49.75295
62.19118
74.62942
83.56817
96.73237
109.17061
120.21125
12.43824
24.87647
37.31471
50.32745
62.76568
76.17392
88.61215
101.05039
113.48863
121.46523
12.43824
24.87647
37.31471
49.75295
62.19118
74.62942
82.84339
95.62977
108.74968
121.18792
12.43824
24.87647
37.31471
46.61984
59.15231
71.59054
81.31845
82.60582
95.04406
107.48230
12.43824
24.87647
37.31471
49.78509
62.22333
74.66157
81.44350
94.51871
106.95694
120.14360
12.43824
24.87647
37.65226
50.09050
62.52873
74.96697
87.50314
100.67421
113.40624
125.32739
12.43824
24.87647
35.70564
48.14388
61.27632
74.11106
86.54930
96.71869
109.31552
122.13472
12.43824
24.87647
37.31471
48.48564
60.92388
73.36212
85.84512
98.28335
110.89096
123.32919
12.43824
24.87647
37.31471
50.39664
62.83488
75.27312
88.46016
97.81570
110.25394
122.69217
12.43824
24.87647
37.31471
49.75295
62.93741
76.12447
88.56271
92.86507
98.83849
107.56237
