12.43824
24.87647
37.31471
49.75295
58.88998
71.82968
84.26792
86.71682
99.15503
111.59327
12.43824
24.87647
37.31471
50.25495
62.69319
75.13142
87.56966
101.21812
114.16689
124.55349
12.43824
24.87647
37.31471
49.75295
56.15890
68.88154
82.06858
94.56847
106.51523
119.53198
12.43824
24.87647
37.80473
48.39954
57.12511
69.56335
82.17743
86.22193
99.02228
111.46052
12.43824
25.60530
38.04353
50.48177
62.92000
75.35824
88.28494
95.89482
103.27180
116.98800
12.43824
24.87647
37.31471
50.13009
62.21514
66.79193
79.23016
92.34155
105.13410
118.28096
12.43824
24.87647
37.31471
49.75295
62.24430
70.12767
83.71302
89.42342
100.28364
112.99684
12.43824
24.87647
38.20624
50.64448
63.08271
75.55587
84.16817
96.60641
109.63294
122.78161
12.43824
24.87647
33.69507
46.13330
58.95956
71.87902
77.55025
89.33055
101.76878
110.53866
12.43824
17.01051
29.00375
34.26446
46.70269
59.14093
72.23240
84.67064
97.10887
110.19550
12.43824
24.87647
37.31471
50.27733
57.14621
69.58444
83.63005
96.56407
107.98130
112.05589
12.43824
24.87647
33.34944
45.78768
58.53595
70.33576
82.77400
83.19454
95.63278
102.70714
12.43824
24.87647
37.31471
49.75295
62.60547
75.45912
88.70985
99.59352
112.74611
125.37428
12.43824
24.87647
37.71239
44.03632
56.47456
68.91280
81.87614
94.51037
108.44808
120.88631
12.43824
19.98884
32.42707
44.86531
57.88585
71.02370
79.49117
92.16009
96.24327
109.63739
12.43824
24.87647
34.98799
48.11173
55.72169
68.15992
75.71587
79.99313
92.43137
96.81433
12.43824
24.87647
37.31471
50.46411
62.90234
76.41327
88.85150
101.72251
114.86471
128.01300
12.43824
24.87647
37.31471
51.19550
61.55719
73.99542
87.15644
99.59468
109.93837
123.24103
12.43824
24.87647
37.31471
49.75295
62.19118
75.35605
88.30583
101.93976
113.46302
124.54804
12.43824
25.53167
38.72377
51.16201
63.60024
72.16257
84.60081
97.03904
109.47728
121.42552
12.43824
24.87647
37.53392
49.97216
62.41862
74.85686
75.57474
88.98031
97.96778
103.50112
12.43824
25.21487
30.09252
43.25605
55.69429
62.97715
75.41539
88.49687
100.93510
112.54924
12.43824
24.87647
38.01727
48.25851
61.50860
73.94683
86.38507
91.68252
105.08312
113.40122
12.43824
24.87647
37.31471
49.75295
62.19118
74.60300
87.86946
100.30770
112.74593
125.18417
12.43824
24.25557
36.69381
49.13204
61.88210
74.66555
87.50853
97.30320
100.26648
112.70472
12.43824
24.87647
37.99289
50.87664
63.31488
76.12973
87.55203
100.28048
112.26165
126.70906
12.43824
25.42847
37.86670
50.95563
63.39386
75.83210
88.98482
89.93091
103.11133
116.08522
12.43824
24.87647
37.31471
49.75295
58.32376
71.76772
84.60504
94.00237
103.30894
116.11404
12.43824
24.87647
37.31471
46.38267
58.82091
62.70451
75.19752
87.63575
101.78421
115.01079
12.43824
24.87647
37.31471
50.43065
59.95969
72.39793
86.04058
99.68118
112.29306
125.52615
12.43824
24.87647
37.31471
50.47469
62.91292
75.58182
88.59687
93.62636
107.37324
112.43841
12.43824
25.38272
37.82095
50.25919
62.69742
71.63961
83.08233
95.52057
108.53339
118.63149
12.43824
24.87647
37.31471
49.75295
62.19118
74.62942
87.06765
100.08567
113.74019
123.32476
12.43824
24.87647
37.92537
45.99219
58.43043
71.06358
78.11768
87.16191
95.03355
108.07713
12.43824
24.87647
38.04239
50.21126
63.86286
76.30109
78.86385
91.96522
102.99341
108.92314
12.43824
24.87647
37.31471
50.49815
63.42862
68.09350
80.53174
93.65281
107.50980
113.35447
12.43824
25.51038
37.94862
50.38685
56.20884
65.75830
78.43219
91.61640
98.05262
111.09757
12.43824
24.87647
37.31471
48.46482
60.90306
73.34130
85.77953
98.86886
109.72806
122.65181
12.43824
24.87647
37.31471
49.46394
61.90218
74.55970
82.58798
92.49157
105.65836
118.31384
12.43824
24.87647
37.31471
49.75295
58.81490
71.25314
74.22800
86.66624
99.69172
111.24547
12.43824
24.87647
37.31471
49.75295
60.75183
73.54445
85.98269
97.68258
111.14990
123.58813
12.43824
24.84825
37.28648
49.89112
62.37900
74.81724
87.02868
97.69172
106.97618
118.99163
12.43824
24.87647
37.31471
49.75295
62.19118
73.46294
85.90117
98.33941
110.92175
118.12962
12.43824
24.87647
37.31471
49.75432
61.00976
74.50562
82.57063
95.36090
103.83217
113.27189
12.43824
24.87647
35.19430
47.81139
60.24963
71.46936
76.48223
89.13169
94.23204
97.05499
12.43824
24.87647
38.06282
50.52355
62.96179
75.40003
88.33768
101.62892
114.81108
119.12660
12.43824
25.53221
35.77457
48.21280
52.84005
65.27829
75.84331
88.28154
95.27176
107.70999
12.43824
24.87647
38.02174
45.42773
57.96141
68.50538
81.69127
86.28809
97.56227
109.16775
12.43824
24.87647
34.05624
46.49448
58.06341
70.50165
83.68834
91.51542
97.55821
103.61645
12.43824
24.87647
37.31471
50.50034
63.27625
72.46497
85.55203
99.30556
100.88916
113.84130
12.43824
24.87647
31.02090
43.45914
56.56589
66.16375
79.33812
92.25252
99.69077
108.34202
12.43824
24.55977
36.99800
45.99100
58.99318
71.96801
84.80235
97.78419
105.77213
118.86232
12.43824
24.87647
37.49494
49.93317
63.08590
75.52414
87.96238
100.68704
113.24668
123.84535
12.43824
24.87647
37.31471
49.75295
62.19118
75.30275
89.00502
90.95363
103.53421
115.97244
12.43824
24.87647
37.31471
49.97341
62.41164
74.84988
79.03530
91.47354
104.81548
117.98680
12.43824
24.87647
37.31471
50.30234
57.55178
70.57877
77.46709
85.06527
95.23390
109.00559
12.43824
24.65062
37.83304
50.27128
62.70952
76.19875
88.70906
100.71369
113.65537
122.08732
12.43824
24.87647
37.31471
49.75295
62.92025
75.37335
87.81159
100.31933
112.75757
125.60888
12.43824
25.39688
37.32760
49.76583
55.62152
68.05976
81.53018
94.68972
105.71915
118.15739
12.43824
24.87647
37.31471
50.21633
62.65457
75.83591
88.27415
101.46100
113.71493
126.44336
12.43824
24.87647
37.31471
49.75295
62.19118
74.62942
87.06765
100.18667
113.33510
123.54842
12.43824
25.58483
38.02307
50.46130
60.58377
73.72265
86.16089
96.78037
106.89713
116.05849
12.43824
24.87647
37.31471
49.75295
62.35956
75.09664
84.62933
95.10432
107.54255
119.18288
12.43824
25.39997
37.83821
50.27644
62.71468
75.84194
81.88001
94.31825
102.05223
115.90958
12.43824
24.87647
37.31471
49.75295
62.82855
75.26678
86.23944
91.87705
105.69160
118.12983
12.43824
24.87647
37.31471
50.27243
61.79518
74.23341
87.86664
100.79375
108.49596
116.05903
12.43824
24.87647
37.31471
47.06235
59.50058
71.93882
84.66470
97.10294
110.96416
123.40240
12.43824
24.87647
37.31471
50.92313
64.41448
77.58143
90.01967
95.48495
103.49835
114.90450
12.43824
24.30639
36.74463
49.39438
61.83262
74.38145
76.19700
88.63524
99.56742
110.73728
12.43824
24.87647
37.31471
49.75295
62.47980
75.49836
88.85375
102.78601
115.22424
125.20518
12.43824
24.87647
35.61028
48.04852
59.97602
72.29635
84.73458
94.97241
108.01260
121.04994
12.43824
24.87647
34.99051
47.42875
59.86699
73.05402
85.71492
96.77240
110.13081
122.56905
12.43824
24.87647
37.31471
45.75852
58.19676
70.63500
83.07323
95.95134
102.36305
115.46415
12.43824
19.81958
32.25782
45.30536
57.74359
70.18183
82.83713
96.38324
106.01026
119.82745
12.43824
24.87647
37.31471
49.75295
59.11111
70.52323
79.97480
93.02403
106.34334
117.50209
12.43824
24.87647
37.36932
49.80756
62.54683
75.57417
85.95228
98.73136
111.16960
120.21973
12.43824
24.87647
37.31471
45.72874
58.93738
68.91177
81.08370
94.81138
107.96639
115.93448
12.43824
24.87647
37.31471
49.75295
62.19118
74.62942
87.06765
99.43696
112.06925
125.66645
12.43824
21.57930
34.01754
46.94090
59.37913
71.87299
84.63721
97.19261
104.03094
117.75383
12.43824
24.87647
37.93282
48.40593
60.84417
74.11454
86.94239
99.64210
111.11934
124.63110
12.43824
24.87647
37.31471
47.23062
60.02539
72.46362
84.90186
98.08890
110.70969
121.10587
12.43824
24.87647
34.67162
47.10985
57.91561
70.35385
82.79209
91.92908
103.60494
117.37316
12.43824
24.87647
37.31471
50.43105
62.95188
66.52762
73.45036
84.06831
96.50655
96.88074
12.43824
23.98233
32.24645
44.68469
57.12293
69.95791
83.16136
96.60644
109.78212
116.90696
12.43824
24.87647
37.31471
50.27498
62.71322
75.15146
88.32899
101.47298
115.13041
125.10098
12.43824
24.87647
34.05702
40.06646
52.50470
64.94293
77.38117
86.76274
99.15798
107.32333
12.43824
24.87647
37.31471
49.78513
57.46318
69.90142
81.54131
94.20720
106.70226
118.50976
12.43824
24.87647
37.96651
50.40475
63.13411
65.15064
78.07602
89.28800
102.41147
107.05113
12.43824
22.61539
35.05362
47.49186
60.10520
72.54344
84.99936
87.94824
93.90977
106.34801
12.43824
24.87647
38.02405
50.38835
60.38032
72.43902
84.94751
97.42174
109.85997
120.02201
12.43824
24.87647
37.31471
50.50171
62.93994
75.37818
86.50425
98.01278
110.45101
122.68273
12.43824
24.87647
37.31471
50.21894
63.09360
75.13476
87.57299
100.01123
108.96804
120.18528
12.43824
24.87647
37.31471
50.47543
63.27917
75.71740
80.22586
93.24834
106.48334
120.33660
12.43824
24.87647
37.31471
49.86319
63.03795
75.47619
83.34225
91.91999
104.67785
117.11609
12.43824
24.87647
37.31471
50.49587
62.93411
75.37235
84.24512
96.60104
109.03928
120.95541
12.43824
25.14047
37.10228
49.54051
62.15822
74.67135
87.68693
101.19659
113.63482
126.17001
12.43824
24.87647
37.76189
50.20012
62.94104
74.28911
86.72735
99.67243
112.50075
123.50841
12.43824
24.87647
38.05570
43.98568
56.52218
68.96042
82.01442
94.45266
106.79171
119.22994
12.43824
24.63342
37.07166
49.37511
61.96392
74.40216
87.58033
99.08496
112.12837
124.56661
12.43824
24.87647
37.31471
49.75295
62.44547
73.69874
86.72462
87.80284
100.92177
113.54544
