12.43824
24.87647
37.31471
49.75295
62.84888
75.28712
87.72536
98.34797
110.59155
123.02979
12.43824
24.87647
37.31471
49.75295
62.19118
74.62942
80.80736
93.24559
106.38673
119.54178
12.43824
24.87647
37.31471
49.75295
62.19118
75.32356
87.76180
100.20004
112.40481
125.02642
12.43824
24.87647
37.31471
49.75295
62.48503
74.92326
87.38930
100.02213
112.22927
124.94036
12.43824
25.46457
37.90281
50.34104
62.77928
75.21751
87.65575
100.09399
109.97732
122.41555
12.43824
24.87647
37.31471
50.43781
62.87605
73.92390
86.36214
98.80037
109.57507
119.79147
12.43824
24.87647
37.31471
49.75295
62.19118
74.09374
86.53198
97.91972
109.84553
122.19789
12.43824
24.87647
37.31471
49.75295
62.19118
75.37375
88.04803
100.48627
112.92451
125.99414
12.43824
24.87647
31.75920
44.19743
56.63567
69.07391
77.72605
90.08915
102.52739
115.02622
12.43824
21.67424
34.40348
43.67566
56.11389
68.55213
81.59415
94.03238
106.47062
118.90885
12.43824
24.87647
37.31471
49.75295
62.60642
75.19119
88.30707
100.74530
105.19830
110.89486
12.43824
24.87647
37.01354
49.45177
61.98357
74.42181
86.86004
99.29828
111.73652
124.87420
12.43824
24.87647
37.31471
49.75295
62.80460
75.24284
87.68107
100.11931
112.86310
125.88979
12.43824
24.87647
36.44226
45.05381
57.49205
69.93029
83.08165
95.51989
108.53146
120.96970
12.43824
24.87979
37.31802
49.75626
62.39364
73.86455
86.99876
99.43699
112.46378
125.72228
12.43824
24.87647
38.06076
50.49899
63.65191
76.09014
88.65335
101.00532
114.10089
126.53912
12.43824
24.87647
37.31471
49.75295
62.19118
75.02483
87.46306
99.90130
112.33953
125.50214
12.43824
24.87647
37.70386
42.05567
53.32267
65.76090
78.19914
91.24291
103.93631
116.37454
12.43824
24.87647
37.31471
49.75295
62.45135
75.63282
88.07106
101.11239
113.97395
127.12074
12.43824
25.60638
38.04461
50.48285
62.92108
75.79928
88.23751
95.27945
106.96805
120.09070
12.43824
24.87647
37.31471
49.75295
62.19118
74.62942
75.40403
88.53835
100.82016
113.25840
12.43824
24.87647
37.34619
50.53277
62.97101
75.21323
87.65147
100.08970
112.61798
125.95989
12.43824
24.87647
37.31471
49.68299
62.12123
74.55946
86.99770
99.56417
112.00241
118.78137
12.43824
24.87647
37.31471
49.75295
62.76732
75.20555
88.34745
100.78569
113.22393
125.66216
12.43824
24.87647
37.31471
49.75295
62.19118
74.68054
87.11878
99.98968
111.81354
124.25178
12.43824
24.87647
37.31471
46.99254
59.43077
71.86901
85.07938
95.52199
108.72834
121.16658
12.43824
24.87647
37.31471
49.75295
62.19118
74.62942
86.85877
88.33816
97.10109
109.53932
12.43824
24.87647
37.31471
49.75295
62.19118
74.62942
87.09757
99.77301
112.21125
126.15637
12.43824
24.87647
37.31471
49.75295
62.19118
74.32974
86.76798
99.20622
111.64445
124.12629
12.43824
24.87647
37.31471
50.48475
62.92299
75.36123
87.79946
100.80272
113.24096
125.68651
12.43824
24.87647
37.31471
49.07968
61.51791
73.95615
86.39439
90.26383
103.90219
116.08889
12.43824
25.60911
38.04735
50.48559
62.92382
76.13811
89.18688
101.62512
114.22988
126.79401
12.43824
24.87647
37.31471
49.75295
62.19118
74.62942
87.06765
97.20248
110.54266
123.05041
12.43824
24.87647
37.31471
45.50436
57.94260
70.38084
81.50551
94.60812
108.14537
118.48155
12.43824
24.87647
37.16263
49.54016
62.43173
74.86997
78.55998
90.99821
103.43645
117.34101
12.43824
24.87647
37.31471
49.75925
62.19748
71.91749
82.77395
93.71383
106.15207
118.51150
12.43824
24.87647
37.31471
49.75295
54.48416
66.92240
80.08942
93.72121
105.49182
118.68306
12.43824
24.87647
37.31471
49.48067
61.91891
74.48375
86.92199
93.22833
104.53013
117.02008
12.43824
24.87647
37.31471
49.75295
62.19118
74.62942
87.37354
91.86769
98.73778
110.56982
12.43824
24.87647
37.31471
49.75295
61.14414
73.58238
86.02061
98.45885
110.89709
123.33532
12.43824
24.87647
37.31471
49.75295
62.56355
75.46103
87.89927
100.33751
110.32239
123.40613
12.43824
24.87647
37.31471
50.06758
62.50581
74.94405
87.82039
98.89784
109.74280
122.21901
12.43824
24.87647
37.86603
50.30427
62.74250
75.18074
87.78217
100.67553
111.29795
123.39928
12.43824
24.87647
37.31471
49.75295
62.85364
75.29188
87.92012
101.09587
111.80787
124.35069
12.43824
24.87647
38.06277
50.50101
62.93925
75.72680
86.45567
98.36247
110.51782
122.96741
12.43824
24.87647
38.05336
51.06473
63.50296
75.94120
83.08435
95.52258
107.96082
120.39905
12.43824
24.46235
32.80476
45.24300
53.68115
66.11939
79.23157
91.66980
96.63922
109.07746
12.43824
24.87647
37.31471
50.23987
62.67811
75.11635
88.28202
100.72025
113.85907
123.21172
12.43824
24.87647
37.31471
49.75295
62.42290
74.86114
78.10121
84.56279
90.75196
103.81109
12.43824
24.87647
37.31471
49.75295
61.03347
73.78265
86.22089
98.63906
109.17249
121.61072
12.43824
24.87647
37.31471
49.75295
62.19118
74.62942
87.06765
100.13592
113.39391
126.78972
12.43824
25.05037
37.48861
49.63276
62.07100
74.50923
86.94747
99.38571
111.82394
124.26218
12.43824
24.87647
38.06341
50.50164
52.34758
64.78581
77.22405
89.66229
98.85134
111.98100
12.43824
24.87647
37.31471
49.75295
62.19118
74.62942
87.59303
96.40775
108.84599
121.28422
12.43824
24.87647
37.31471
49.75295
62.19118
74.62942
87.71960
100.15783
109.80810
122.24634
12.43824
24.87647
37.31471
47.80287
58.52313
70.96137
83.61459
89.51274
95.28200
107.76334
12.43824
24.87647
37.31471
49.75295
62.19118
74.62942
87.19119
96.07932
108.51755
121.69301
12.43824
24.87647
37.31471
49.75295
62.87092
75.30915
87.74739
100.18563
112.62386
125.06210
12.43824
24.87647
37.77697
50.21520
58.79873
71.23696
83.67520
95.68944
98.63457
111.07280
12.43824
24.87647
38.06290
51.21962
63.65786
76.09609
88.53433
94.81215
107.24989
119.68813
12.43824
24.87647
37.31471
50.45841
62.89665
75.33489
87.77312
98.50950
110.09211
122.85571
12.43824
25.61321
38.05144
51.18304
64.18407
76.62231
89.06055
101.00888
114.07310
121.07231
12.43824
24.87647
37.31471
49.75295
61.99309
74.43133
87.38919
98.88996
111.32820
114.71165
12.43824
24.87647
37.31471
49.75295
55.35822
68.29391
77.42913
89.86737
99.91519
112.35343
12.43824
24.87647
37.31471
49.75295
62.53432
74.97256
87.41079
99.11011
112.28434
124.72258
12.43824
24.87647
37.31471
50.00980
63.17572
75.61396
88.05219
100.81485
114.00673
121.48795
12.43824
24.87647
37.31471
48.05849
60.49673
73.68378
85.09562
97.53386
111.08297
123.52120
12.43824
24.87647
37.31471
49.75295
62.19118
74.62942
87.06765
99.83627
110.78842
123.22666
12.43824
25.62398
38.06221
50.50045
62.93869
75.81256
77.44551
89.88375
102.32199
116.22748
12.43824
24.87647
37.31471
49.75295
60.24868
72.68692
84.51597
97.67848
110.11672
122.55496
12.43824
24.87647
37.31471
49.75295
62.17540
75.84511
88.28334
101.11013
114.18891
126.62714
12.43824
24.87647
37.31471
49.75295
62.19118
74.62942
87.18607
98.94835
111.52763
123.96587
12.43824
24.87647
37.31471
48.89183
61.33007
73.76830
86.20654
98.75582
112.39231
124.83055
12.43824
24.87647
37.31471
49.75295
62.19118
74.62942
87.86952
100.30776
105.14987
118.32440
12.43824
24.87647
37.31471
49.75295
62.41795
74.85619
80.92183
93.42137
105.85961
116.58666
12.43824
24.87647
37.31471
49.75295
62.19118
75.41257
88.22374
100.66198
113.10022
126.01167
12.43824
24.87647
37.31471
48.13640
60.57464
63.51688
75.95511
88.39335
100.83158
113.49435
12.43824
24.87647
37.31471
49.75295
62.19118
74.62942
87.06765
100.10572
112.54395
124.59787
12.43824
16.99334
29.43157
41.86981
54.30805
66.74628
79.85278
92.29101
105.35169
105.54556
12.43824
24.87647
37.31471
49.80668
62.24491
74.68315
88.55735
100.99558
112.74981
120.77174
12.43824
24.87647
37.31471
49.75295
62.38515
74.82338
87.26162
99.91197
113.72483
124.53792
12.43824
24.87647
35.02692
47.46516
51.52517
63.96340
76.40164
89.72241
102.53993
115.72312
12.43824
24.87647
37.31471
49.75295
62.19118
75.35827
80.74275
93.73207
106.17031
115.27567
12.43824
24.97725
27.64963
40.08786
52.52610
64.96434
78.14548
90.65644
103.09468
115.58491
12.43824
24.87647
38.02553
50.46376
62.90200
75.34024
87.87921
100.31745
113.89902
126.33726
12.43824
24.87647
38.03850
48.96034
61.39858
73.83682
86.27505
97.06869
110.22515
123.22304
12.43824
24.87647
37.31471
49.75295
62.55203
74.99027
87.42851
99.86674
113.02138
125.34106
12.43824
24.87647
37.44956
49.88780
62.32604
75.48482
88.58874
101.12954
113.56778
126.75894
12.43824
24.87647
37.31471
49.75295
62.19118
74.62942
87.24248
100.09270
112.84081
125.27904
12.43824
24.87647
37.31471
49.75295
58.38841
71.14197
83.58020
96.01844
108.45668
116.31641
12.43824
24.87647
37.31471
49.75295
62.19118
74.62942
86.75107
99.18930
111.62754
124.69666
12.43824
24.87647
37.31471
49.75295
62.19118
74.62942
87.06765
99.50589
110.87027
123.30851
12.43824
24.87647
37.31471
49.75295
62.64162
75.07986
81.40564
94.20231
98.88918
111.32741
12.43824
24.87647
37.31471
50.08529
61.87523
74.31346
82.29437
91.49237
104.15882
116.59705
12.43824
24.87647
37.31471
49.75295
62.19118
74.62942
86.98087
100.04577
112.48401
124.92224
12.43824
24.88110
37.31934
49.75758
62.19581
73.76741
86.20565
93.01448
105.45271
118.23365
12.43824
24.87647
35.66446
48.10270
59.53914
72.57845
85.01668
97.97049
111.29340
124.35813
12.43824
24.87647
37.31471
50.12061
63.20974
75.64797
88.08621
100.52445
113.22287
125.66110
12.43824
24.87647
37.31471
50.92766
63.36590
75.80413
88.92664
99.16298
111.60122
124.03945
12.43824
24.87647
37.31471
49.75295
62.19118
75.10860
87.37262
92.44712
104.88535
117.93578
