12.43824
25.62337
38.83709
46.23504
49.41802
55.79212
61.90433
63.59486
64.45354
68.97224
12.43824
24.92543
35.50358
36.99816
40.57247
49.56721
52.59055
53.70247
56.00386
57.75790
12.43824
22.82742
35.97359
45.00172
51.16171
55.10413
61.47534
67.31055
68.60116
69.11638
12.43824
25.61822
38.27935
40.92204
46.26455
54.19578
58.04631
58.98159
62.42752
69.96348
12.43824
17.73980
27.31940
34.30641
45.59472
50.82788
51.87156
58.77663
64.94214
66.84185
12.43824
25.34355
33.22793
35.62107
36.87158
40.91199
49.12264
50.78305
52.69577
52.93068
12.43824
24.53904
35.73483
47.38724
48.65051
49.69117
51.70798
53.07461
57.04000
64.06805
12.43824
21.61990
23.81167
35.30131
44.67312
48.06959
50.44167
57.02484
61.53678
63.59874
12.43824
24.39376
26.78406
33.59072
36.00835
44.43749
45.05987
49.04266
56.30742
58.85641
12.43824
16.18341
21.12158
25.53498
37.42299
40.44798
49.98907
55.20624
62.57415
70.19210
12.43824
25.50337
33.49788
42.25649
44.50793
48.87479
49.36835
59.67810
61.08402
62.38338
12.43824
21.19740
24.81411
37.17013
41.11754
41.99976
47.84172
52.14562
57.19990
63.63600
12.43824
24.95069
38.33824
48.33964
50.35040
54.24812
58.03125
61.52800
63.64217
65.57249
12.43824
25.55878
31.31837
34.25256
42.84082
56.47387
61.38175
64.79626
67.23565
73.17152
12.43824
16.07744
29.01349
40.62721
48.98724
53.17142
59.01839
61.87792
63.10348
68.50974
12.43824
25.59520
27.60707
33.97864
37.08401
47.68966
47.85270
49.77812
58.57877
59.68253
12.43824
20.82802
33.15519
37.04965
48.04920
51.43113
56.18526
61.15173
62.22991
62.45871
12.43824
25.05292
31.07787
32.95126
34.65508
43.01701
46.46896
48.67924
55.42375
55.73519
12.43824
25.58033
37.31691
48.35312
57.52996
59.04994
65.15730
67.72856
71.09095
74.72028
12.43824
16.33131
21.58662
34.67739
39.96165
40.99266
48.17939
51.04724
54.50250
56.56539
12.43824
25.62488
29.91558
41.55936
43.92981
52.21659
55.03834
61.09643
64.29151
64.86556
12.43824
21.39829
23.31213
25.71465
37.47611
42.69651
50.71278
52.61879
58.47986
59.67394
12.43824
25.53177
34.10155
37.50466
41.54406
53.08275
58.18249
59.45501
67.34729
68.41050
12.43824
25.03851
28.86167
39.28468
40.21251
42.63596
49.04424
50.39446
57.94241
65.57323
12.43824
18.85741
31.40095
43.20529
49.35766
51.73166
58.52069
58.94002
63.77578
70.31950
12.43824
25.61759
36.40532
39.20608
45.72799
54.18721
57.30339
58.57558
66.29263
66.70315
12.43824
19.02510
30.50390
33.86784
43.95709
54.15789
55.84198
57.82752
59.08222
63.52416
12.43824
25.45051
37.69965
49.09637
52.18567
54.81821
55.16592
55.37659
59.93420
60.77930
12.43824
25.58858
38.57248
41.59762
46.95341
47.02210
48.14800
57.17540
57.51385
57.99739
12.43824
20.56945
32.85954
33.65801
34.76117
46.59271
49.54950
50.13402
51.37694
52.91380
12.43824
25.50030
37.32125
40.73815
49.75673
56.55652
62.00493
63.40115
66.00527
66.21615
12.43824
18.48465
29.42506
42.05628
45.03382
47.77975
53.49994
65.71421
69.01022
69.51848
12.43824
25.15630
30.29612
42.83217
49.01684
52.59771
55.52409
57.03628
60.04589
65.45745
12.43824
23.41216
27.77712
32.43383
43.18809
51.49710
57.07625
57.99538
58.13868
58.78915
12.43824
22.32362
27.66133
30.23469
31.09113
44.47806
47.36461
51.80084
54.71554
56.73666
12.43824
25.26715
34.88174
41.09126
44.87626
45.98603
49.70698
50.36171
53.60396
54.77614
12.43824
16.79207
27.87260
40.93288
44.51220
47.39106
55.08517
57.55284
57.91772
62.13006
12.43824
25.62127
37.10897
41.48274
49.84227
53.69313
57.81068
62.01276
64.70605
66.28940
12.43824
25.19333
35.26153
41.71965
53.33614
61.42146
62.29380
62.64479
64.64927
67.30295
12.43824
21.71686
34.89158
44.54811
46.03174
55.46131
56.96995
62.60931
64.50345
65.02345
12.43824
25.55129
32.76963
42.13682
42.69057
47.54501
56.39765
58.29637
58.87575
65.37654
12.43824
15.15580
28.24987
29.86615
34.97997
47.36011
48.53633
51.55314
53.97015
56.55718
12.43824
25.51924
32.64116
38.73212
51.29056
54.84199
60.79540
65.72451
66.02974
66.32935
12.43824
25.09985
37.97157
46.86912
48.72675
55.84325
60.67328
66.11655
66.32200
68.48942
12.43824
22.02739
29.77449
41.27117
51.47200
57.46375
58.98920
60.18835
62.62386
63.78922
12.43824
25.51640
29.19144
32.77367
41.74474
51.43852
52.42135
54.53189
59.11362
63.77044
12.43824
18.34488
19.50877
29.14560
30.56406
42.07274
46.53224
52.52441
52.67889
58.61107
12.43824
25.11632
33.80058
34.72276
44.33939
51.19623
54.76434
56.29716
59.81106
61.96118
12.43824
22.76148
23.91328
32.29275
39.31275
48.17031
51.27671
51.72081
53.27360
56.00324
12.43824
24.95032
38.00097
42.99009
45.05750
48.66507
50.83731
55.97425
58.24543
63.46636
12.43824
25.62412
27.80609
38.62141
45.54229
50.34977
55.71913
57.55840
58.16899
61.00254
12.43824
15.72921
28.94827
32.58439
37.05831
43.24949
52.47013
60.49386
61.30709
69.29753
12.43824
25.17331
28.67123
40.08507
40.32034
47.58749
50.53108
58.06455
58.13568
61.27713
12.43824
21.88472
35.21800
36.30761
43.06432
48.77354
51.17048
51.83277
56.63390
65.44775
12.43824
24.53540
30.33381
33.45001
46.28873
50.64742
54.79568
60.63262
62.08830
69.94324
12.43824
25.59818
36.97150
43.90753
45.37622
51.90547
53.72869
56.48555
56.71388
56.97304
12.43824
17.35658
24.78322
35.86595
47.03638
48.94758
55.51981
55.71587
62.37384
64.44245
12.43824
25.47412
32.61650
39.13082
43.38055
48.46401
55.49668
59.76511
64.84537
68.22355
12.43824
20.06190
21.72587
30.52675
30.92010
42.33444
42.88064
44.84636
46.12659
57.49878
12.43824
24.35076
30.16270
36.08418
48.29158
56.20963
59.40742
59.70791
60.65090
65.30357
12.43824
25.59238
34.06089
39.74856
45.17420
54.86070
58.03016
59.72078
63.25738
65.47053
12.43824
19.42491
30.30982
36.11518
39.63366
43.54352
52.52803
54.97920
55.17314
56.28028
12.43824
25.23141
36.92766
47.02432
52.05830
58.05924
59.12238
61.48356
66.38036
66.47269
12.43824
20.34756
33.23754
40.87898
42.36632
44.33788
44.54110
52.97863
57.87431
58.88441
12.43824
25.19836
37.05685
46.88424
55.08248
60.33398
64.14887
64.58150
65.97840
74.84634
12.43824
24.65142
36.26744
40.76731
45.23333
56.43427
58.40521
60.14906
60.68118
62.25342
12.43824
22.07059
35.44310
37.99729
49.70214
53.62686
56.98492
61.73504
62.55597
68.25220
12.43824
25.33371
38.76244
45.25377
47.92951
54.37439
62.90565
64.54962
64.98409
66.29454
12.43824
23.03825
33.78859
38.68261
47.89343
51.29883
54.19576
63.49164
68.54780
68.85996
12.43824
25.61316
33.04443
41.37645
42.38374
48.59155
53.35007
54.14623
62.87962
63.10653
12.43824
24.90785
31.80566
41.19111
44.30800
45.37117
53.82271
55.57976
58.76611
61.59591
12.43824
23.16949
30.38811
42.23327
55.59013
61.56021
66.17173
69.41835
70.97223
78.85309
12.43824
25.62491
33.34011
33.79151
42.79048
53.05996
58.29087
64.35418
67.08099
71.08993
12.43824
16.25934
24.76252
31.43607
37.97986
48.79851
49.57592
54.68569
54.94837
57.26238
12.43824
24.16842
34.82428
41.04827
42.29894
47.64814
48.93420
53.81045
58.51901
59.31955
12.43824
24.61000
32.34140
43.55186
46.02369
49.35179
51.24064
61.01367
66.86413
68.00275
12.43824
23.22074
35.65320
37.21684
45.89715
47.19497
55.67823
59.16197
62.40036
63.99641
12.43824
25.55256
32.04748
38.93979
42.29757
51.79683
56.46574
57.93901
64.08261
70.91200
12.43824
15.57363
28.56723
36.01524
44.28473
54.96416
58.86813
60.77356
62.62034
62.74290
12.43824
25.47349
28.10857
30.30162
38.38823
45.67530
47.10091
54.87884
55.40448
55.92003
12.43824
24.54272
37.82291
44.48636
47.38511
56.81108
66.15993
70.03202
70.90876
71.81392
12.43824
22.14114
23.11854
32.30377
33.07445
44.86140
49.73266
52.45665
55.95224
61.59423
12.43824
25.52340
32.40601
37.79426
44.61687
45.59749
46.07652
47.92284
50.96290
50.96793
12.43824
14.69296
18.30270
31.47106
42.52607
48.20464
52.74432
58.41839
63.11988
66.86488
12.43824
25.58039
32.67298
39.02661
45.14040
50.97711
52.79435
58.28683
58.71686
61.64483
12.43824
22.79573
24.49810
25.04620
36.33327
49.56919
54.60604
56.20225
58.39599
58.89171
12.43824
25.50899
37.52308
44.39217
49.46808
62.51854
64.46716
72.27277
73.02035
75.33079
12.43824
25.10035
30.87407
41.76632
46.34077
46.74034
54.84771
60.45482
62.05388
62.47837
12.43824
15.60080
28.78667
40.67336
46.07353
56.91310
67.09541
67.32496
68.12637
71.78011
12.43824
25.49353
33.18196
38.92343
42.06630
42.68702
50.12084
56.30996
63.79126
65.53087
12.43824
23.90091
36.81336
44.18080
49.99111
62.25290
63.50600
65.45696
71.16612
71.79288
12.43824
25.37537
34.37687
41.84480
44.68603
45.86849
53.36102
62.99673
64.17469
65.53984
12.43824
25.62525
39.30941
46.07139
50.26796
58.18090
60.34590
61.90806
62.35909
65.30639
12.43824
19.55608
30.56818
34.44936
38.61648
51.94065
54.56128
54.67443
61.86429
66.14083
12.43824
24.98760
33.88589
40.64844
46.01934
55.86405
56.05519
61.60845
66.37042
71.93062
12.43824
20.81496
25.87287
37.95754
43.63599
44.14433
47.40052
49.59367
51.72447
51.76430
12.43824
23.18410
30.72261
42.58911
46.91889
49.39117
52.74240
55.05902
57.93720
58.95869
12.43824
25.25528
30.40863
31.34523
35.21071
48.39268
50.80195
56.84583
58.98607
63.68752
12.43824
19.80552
30.48491
32.71860
40.43455
52.49076
54.07720
56.21146
57.27702
66.36415
12.43824
25.48555
37.83328
48.04614
51.36544
52.69586
55.79830
57.55859
57.98109
58.81220
