12.43824
24.97961
37.80977
43.87636
52.26675
58.13531
70.57354
82.01993
82.25368
87.44674
12.43824
24.87647
37.31471
49.11455
61.03719
74.55872
87.74478
96.91170
105.59540
116.26863
12.43824
25.04927
37.06830
44.42006
45.26593
54.93480
58.47660
67.93487
71.17162
72.04256
12.43824
24.87647
38.03600
43.60142
56.99143
70.63675
75.13491
79.38907
86.09104
92.15210
12.43824
19.38171
31.87061
41.33731
53.77555
66.97764
77.52582
81.88682
92.83841
100.57551
12.43824
24.87647
34.10936
35.88645
39.06375
50.63802
57.85159
59.43667
70.00284
75.81657
12.43824
24.79465
37.23289
47.21741
49.86439
62.76991
64.80223
66.70176
78.97268
87.41152
12.43824
24.87647
38.04501
45.74765
58.95579
66.32662
66.98707
79.42531
90.78876
98.80463
12.43824
24.87647
29.70834
42.23045
54.01838
67.01597
77.97231
88.13703
99.79832
109.14649
12.43824
20.00831
22.85382
24.67181
34.71919
46.11576
57.04246
64.27777
74.55864
83.46787
12.43824
24.87647
37.99426
49.22163
55.91456
67.05485
70.32284
82.23008
88.59232
102.58309
12.43824
25.47132
37.39921
46.08682
46.52789
52.32328
64.39308
76.02071
76.78797
84.78919
12.43824
24.61087
36.68815
49.42516
55.97417
60.62749
67.99703
69.31670
76.61821
84.85978
12.43824
25.62208
33.94754
36.14995
47.11754
59.38177
64.26621
67.65477
79.19826
80.76969
12.43824
16.44655
28.88479
41.65894
51.41721
58.42086
62.41563
63.52063
67.24763
75.40838
12.43824
24.98811
37.80442
43.70998
56.92379
69.92614
71.46786
73.65604
84.11944
86.80566
12.43824
25.35789
37.79612
48.68713
60.27427
71.75364
80.34669
81.10086
82.74325
83.49865
12.43824
25.62049
37.98582
47.62993
57.77555
63.53221
73.97511
75.91194
83.69291
87.42274
12.43824
24.87647
38.06349
51.24336
64.46330
73.01427
83.52786
94.42113
102.48088
107.58906
12.43824
18.87130
23.55409
36.39502
49.46279
55.74333
62.73172
64.48863
66.04885
69.68213
12.43824
24.87647
37.81183
41.84525
54.69440
60.17643
67.03169
72.73713
78.07805
91.08426
12.43824
17.76323
22.02987
23.74803
29.69557
42.31680
42.74484
54.27499
66.93260
68.35704
12.43824
25.09124
37.52948
48.85535
61.73604
69.22088
77.82334
80.13679
85.99058
87.05182
12.43824
24.22727
31.33246
37.46996
47.44305
47.92859
54.20341
66.74666
69.21121
72.03314
12.43824
17.47870
29.91693
40.28923
51.11547
53.17273
66.97573
78.70848
79.04652
85.18409
12.43824
24.87647
38.05913
38.98778
50.64681
57.11161
67.50544
80.23191
91.22684
102.39876
12.43824
24.34152
36.77976
48.49538
61.72147
74.67942
83.55532
86.51150
92.02610
104.71903
12.43824
18.32140
24.88685
37.32508
39.71264
52.31166
61.33167
71.40332
80.92708
94.19999
12.43824
25.62154
38.05978
41.29439
54.92693
65.79502
71.60302
81.27641
83.79876
88.23876
12.43824
19.99623
32.43447
35.56937
38.56351
51.61082
57.57855
58.47314
64.11198
65.51453
12.43824
24.87647
36.45892
39.48504
52.21816
55.91773
60.89757
71.10547
83.98983
85.75060
12.43824
24.85698
33.59999
46.50032
49.40400
50.93518
63.37341
76.52424
86.24793
90.52164
12.43824
24.87647
38.10381
50.54204
65.19574
74.66864
84.89493
88.54185
99.59941
110.90635
12.43824
25.28023
34.83508
40.65675
53.09498
66.57140
79.00964
83.94904
84.62021
98.00567
12.43824
21.80703
28.62226
34.64336
36.06555
49.08345
51.86972
55.34604
55.55081
65.10381
12.43824
24.87647
37.85102
50.95987
62.02865
74.73144
77.63449
77.77983
83.88444
95.06388
12.43824
23.88967
37.18502
41.06882
53.69144
58.46058
70.90647
72.52546
78.78867
91.87550
12.43824
23.99303
37.39534
50.16571
62.15625
72.30613
86.05198
92.25386
93.51277
98.58359
12.43824
25.43769
37.96352
44.84183
55.30090
68.20643
69.12602
69.37033
78.47559
92.07484
12.43824
24.87647
30.82429
40.23055
54.12411
63.82559
64.94102
69.30422
74.82156
86.76435
12.43824
24.87647
38.05356
50.45486
65.00963
73.40566
86.54489
94.85548
97.30992
101.44560
12.43824
21.90358
34.34181
39.82691
50.08041
58.12708
60.20416
60.60416
61.41353
67.50804
12.43824
25.42536
33.89793
47.16323
60.34786
64.52349
74.90690
88.38125
90.07182
98.12898
12.43824
24.87647
37.78795
43.94874
56.58443
70.47765
76.40645
89.06090
102.31885
104.54368
12.43824
25.01657
36.39305
48.41505
61.17133
65.94746
67.05161
80.02990
87.91237
89.58445
12.43824
23.69478
27.59363
39.04075
52.22622
59.60387
69.83697
74.70410
87.21450
90.72280
12.43824
14.12516
20.30172
32.73996
34.96583
48.12509
59.63107
65.30330
75.27705
88.23049
12.43824
25.02672
36.08262
39.28699
51.57169
53.09242
55.63666
61.36782
68.20174
78.53655
12.43824
25.40415
26.01652
38.50766
45.39826
58.29568
71.12174
77.26352
85.33229
94.80557
12.43824
25.60322
38.77789
47.39636
53.42172
66.56543
72.22525
84.94530
89.94029
98.39427
12.43824
24.92789
37.89614
48.92578
57.09759
60.28491
72.79044
74.66187
78.39216
85.56346
12.43824
25.36287
38.40973
43.25586
48.54841
52.58129
61.85342
74.67170
85.02241
86.18638
12.43824
24.87647
37.59969
41.05574
41.07915
47.51519
49.99629
63.16349
63.72758
75.54733
12.43824
24.61619
37.36042
48.36651
58.01295
65.27361
69.28466
69.53652
79.86682
92.83954
12.43824
23.49900
29.39141
42.40731
55.80853
67.59988
69.82889
75.02952
80.72383
90.78442
12.43824
23.06066
35.94106
42.41257
46.15473
47.72518
51.35075
64.45558
71.19461
83.07171
12.43824
24.20735
35.71141
48.89728
62.06918
68.03594
78.95816
86.47194
92.79218
97.92542
12.43824
24.87647
37.31471
49.86085
63.56093
69.22405
82.02655
94.12431
107.05899
121.10627
12.43824
25.57302
38.77505
51.21329
55.81177
69.09837
73.81387
76.49223
84.41035
88.70819
12.43824
25.52498
34.51988
43.46624
49.69448
55.69189
69.43273
80.20167
81.94197
94.62916
12.43824
24.87647
37.55811
43.87251
50.01480
63.01724
75.45548
88.64238
92.49269
94.59233
12.43824
25.52226
38.69976
51.88009
64.72377
75.03030
85.33284
89.03570
100.10695
103.35284
12.43824
24.87647
38.05256
45.62569
58.79490
62.09182
74.33329
80.54936
81.04591
89.09266
12.43824
16.95110
28.61172
36.96467
50.18448
53.32651
53.43421
65.87245
79.54577
91.18801
12.43824
25.58863
38.02686
48.05201
50.51174
64.06507
67.82776
68.05144
78.74725
81.68788
12.43824
25.10632
37.54455
48.12891
55.36546
69.01225
80.76958
87.52900
92.23701
102.97812
12.43824
25.29716
37.73540
42.69001
55.87600
63.78992
67.90763
76.04225
76.91471
81.74601
12.43824
25.19513
37.71276
38.75839
41.70642
49.71014
63.05720
65.21969
67.67149
78.54546
12.43824
16.35983
29.53919
37.68446
48.72251
56.63530
63.79861
70.16405
71.41798
77.48112
12.43824
24.87647
38.75070
51.93747
60.16690
72.81087
85.96803
98.85956
112.24661
117.31011
12.43824
24.89448
35.41105
47.82515
50.86192
54.08388
67.12248
73.35379
74.77309
75.54932
12.43824
17.65557
30.09381
42.80966
53.64213
66.29345
70.80159
82.84299
85.88705
89.90924
12.43824
24.99402
32.91428
40.42940
43.03436
50.02928
55.68878
56.58595
57.55699
64.04451
12.43824
21.59151
32.54467
37.66520
39.08139
48.40433
49.08535
49.74362
62.51880
70.28487
12.43824
23.87324
36.81212
46.86818
57.03907
70.15035
80.29752
86.33730
89.63385
101.58966
12.43824
25.37092
30.68931
43.80279
48.88900
51.94505
64.34641
77.81021
85.69321
88.85758
12.43824
24.65739
37.09563
48.20888
60.64712
65.90523
72.97302
84.99197
87.04221
99.43786
12.43824
25.62373
38.23682
51.23729
56.66334
69.68220
75.57898
88.48992
96.85261
99.68693
12.43824
16.23693
28.69116
38.88710
52.27966
54.07157
66.50981
78.94805
91.91200
95.81051
12.43824
24.87647
36.91498
48.83964
57.96395
63.52774
65.31569
78.40686
85.95974
89.99693
12.43824
25.61215
38.05038
43.18811
56.35762
69.47237
82.58171
95.65611
101.15191
103.24812
12.43824
25.03425
30.31787
35.49686
48.48909
59.13619
59.99807
69.02649
81.28096
92.20707
12.43824
25.15792
35.70815
48.88200
58.41939
66.11094
67.39823
70.65215
73.43575
85.02990
12.43824
19.54842
30.37298
43.55615
56.00484
58.88455
71.91078
79.44186
93.07145
98.54372
12.43824
24.87647
38.02240
47.24101
60.98734
68.34059
79.60164
92.22652
99.35145
100.08005
12.43824
21.50891
28.90726
39.67310
51.33761
59.28265
60.29269
69.27428
69.92941
71.17291
12.43824
25.60738
38.04561
49.03802
52.04996
64.48820
73.25382
87.00221
89.69760
90.57555
12.43824
24.87647
37.83925
50.27749
53.84299
54.10597
58.49122
71.39750
75.27265
82.03683
12.43824
15.56012
25.89507
34.23715
35.77215
47.46947
50.41309
62.15856
62.23657
64.52677
12.43824
19.62093
22.27053
22.47709
32.99622
34.92122
35.08964
42.93067
55.36891
66.80677
12.43824
22.44279
34.88103
40.22700
53.26610
65.70433
78.88968
83.04441
93.88320
95.14959
12.43824
24.87647
37.09851
48.21896
60.46056
67.27172
80.02970
92.49901
94.16822
95.24993
12.43824
24.87647
38.04042
50.41989
63.11417
73.27020
79.90038
81.46228
81.79568
87.06175
12.43824
19.15613
27.47140
40.64285
48.41320
54.05120
54.45390
54.91905
64.80545
71.37168
12.43824
25.50996
37.94819
45.37846
56.77004
68.37775
70.42219
80.58046
90.36789
93.96415
12.43824
22.88277
30.95555
43.88210
51.05363
63.49186
76.04110
87.14892
90.55806
92.25128
12.43824
25.43496
26.70306
27.87415
40.31239
50.51514
63.05381
69.75005
70.64692
76.76786
12.43824
24.87647
38.04767
50.48591
61.62925
73.17980
79.16941
89.32683
102.58166
115.01644
12.43824
24.87647
32.61249
43.86415
48.93374
61.86888
74.30712
78.66120
82.46629
95.95995
12.43824
24.25639
36.80717
43.75389
48.27681
56.36840
59.86749
73.03083
74.26248
87.18983
