12.43824
24.87647
37.31471
50.44196
57.24475
67.38806
80.56996
93.67177
106.80839
112.96552
12.43824
24.87647
36.89347
48.71670
61.15494
73.59318
82.58318
90.57300
103.82848
111.68875
12.43824
24.87647
37.31471
50.19098
62.31185
75.17814
84.02392
96.46216
109.87731
123.50361
12.43824
24.87647
37.31471
47.61833
60.68100
73.15894
85.30624
98.27305
111.96853
121.08556
12.43824
25.25082
37.68906
50.41340
62.85164
76.25080
85.86029
92.04231
102.80293
114.40491
12.43824
24.87647
38.28099
50.71923
56.44138
58.02734
70.46557
82.98750
96.65560
99.63622
12.43824
24.87647
37.31471
47.02804
49.05794
59.00458
72.28577
78.59087
90.62088
103.71156
12.43824
24.87647
38.56111
50.99935
63.43758
76.48414
87.36674
94.08417
104.94299
118.12663
12.43824
24.87647
36.48919
48.92743
60.43628
73.18216
86.23278
98.46327
100.99217
108.69960
12.43824
22.63618
35.32699
43.74781
56.18605
68.44883
79.52832
92.66031
105.09855
115.85368
12.43824
24.87647
38.12353
50.56177
57.96585
70.40409
76.10820
88.54644
99.58199
112.55892
12.43824
25.56913
38.22954
50.66777
57.22272
70.48243
83.92697
93.07994
106.39157
118.82981
12.43824
24.87647
37.31471
49.83508
61.19164
75.15654
84.52591
94.07117
107.25798
115.83689
12.43824
24.87647
37.31471
46.61238
59.05061
71.50169
84.69140
98.56042
109.28757
122.42253
12.43824
24.87647
37.31471
49.75295
63.67250
67.46182
80.64550
93.08373
106.78826
113.99796
12.43824
24.87647
33.41254
46.59688
52.40424
63.31180
74.90184
76.14246
87.20373
88.57400
12.43824
24.87647
37.31471
49.82245
62.26068
73.98794
85.16539
89.12006
101.55830
115.37366
12.43824
24.87647
37.59296
48.71560
60.55664
73.62997
80.15298
90.80604
103.24428
114.41448
12.43824
25.32646
37.76469
50.79583
58.80758
66.28767
78.72591
80.70580
93.14403
95.45892
12.43824
25.54541
36.51170
48.94994
61.38817
72.83956
85.27780
99.18014
110.88279
124.06785
12.43824
24.87647
37.89368
50.33191
62.55139
75.74366
78.63495
91.28593
102.46479
115.17361
12.43824
21.38261
25.79843
38.23667
50.67490
63.72398
76.16222
81.60528
95.52504
95.77336
12.43824
24.87647
31.53699
43.97523
56.41346
68.85170
78.67169
91.15686
104.33727
105.53609
12.43824
24.87647
37.98202
50.42026
64.02720
70.14044
83.32655
93.83087
107.00517
119.49995
12.43824
23.00326
36.07671
48.51494
61.65197
74.83519
83.55400
89.53294
97.81023
108.89602
12.43824
24.87647
37.95220
51.75837
64.19660
76.36903
80.03545
85.28145
97.65287
99.30197
12.43824
25.38695
37.82519
50.51545
62.95369
75.96715
82.77576
92.54331
104.98155
117.51136
12.43824
24.87647
36.67635
49.11459
62.26044
74.48533
77.93432
86.43229
88.25649
93.30751
12.43824
24.87647
37.31471
43.76514
56.20338
67.99484
79.25736
91.69559
104.72485
108.59043
12.43824
18.99250
32.14606
44.97178
57.41001
70.52567
84.01274
88.38214
93.13577
105.57400
12.43824
24.87647
37.31471
50.20779
62.64603
75.08427
88.19860
101.42881
112.41553
120.90380
12.43824
24.87647
37.31471
49.75295
62.19118
74.84126
86.83203
95.58478
108.20063
121.45390
12.43824
24.87647
34.96860
47.40684
55.88135
68.31959
80.75782
93.96561
102.10549
112.22904
12.43824
24.87647
38.04851
49.35311
61.79135
74.36972
86.96889
96.79107
103.89653
116.92604
12.43824
25.57306
35.29827
47.73651
55.35185
67.79009
73.76507
86.32290
98.76420
109.55598
12.43824
24.87647
37.31471
50.50175
61.17549
74.20040
87.06279
100.48117
113.31347
125.17697
12.43824
25.62524
38.06348
50.50172
62.93995
70.36348
82.84735
95.28559
98.64788
107.12623
12.43824
24.87647
37.31471
47.80026
60.23849
73.38315
85.82517
99.23102
110.14192
123.56541
12.43824
24.87647
38.00977
51.16963
64.30086
76.73910
79.85157
84.11735
92.69441
105.78713
12.43824
25.39341
37.83165
50.71075
63.51445
76.57859
83.00747
96.12095
109.72911
123.25540
12.43824
24.87647
35.32025
44.96718
47.43470
52.90992
63.54895
76.70105
89.13928
102.70743
12.43824
18.57594
31.01417
36.90013
49.33837
61.77660
71.12555
75.99893
87.45797
101.22184
12.43824
25.53336
37.97159
50.85219
63.29042
75.65404
88.09228
100.53052
110.90497
123.54600
12.43824
24.87647
37.31471
50.48117
63.68595
74.60632
84.94215
97.38039
101.07600
113.51424
12.43824
24.87647
34.55326
47.91245
60.35069
61.34051
73.77874
80.56637
94.36110
95.93858
12.43824
24.87647
36.28322
48.15954
60.59778
73.22125
85.65843
98.09667
111.18445
123.62585
12.43824
25.52042
37.95865
50.83544
61.64736
74.08560
83.67872
93.86639
105.33528
119.37596
12.43824
24.87647
37.98665
49.53054
62.58032
75.01856
77.41463
88.33678
97.79553
112.26404
12.43824
24.87647
37.68017
50.11841
63.12234
75.56057
84.99714
89.39944
94.93038
102.90863
12.43824
24.87647
37.31471
50.10872
63.11831
73.25732
81.48166
94.16673
104.61072
113.38453
12.43824
24.87647
37.32218
50.44500
62.93633
75.50789
88.98918
97.38980
102.21882
107.18707
12.43824
24.87647
37.31471
49.34286
62.52957
75.18247
87.62071
100.05895
109.31099
117.45293
12.43824
24.87647
36.90640
49.34463
57.72773
69.73203
82.19142
88.86762
89.66340
90.73687
12.43824
22.87188
35.31011
40.79589
53.98245
64.33597
64.83580
66.24567
78.68391
92.02181
12.43824
24.87647
34.16422
47.28159
60.54780
69.94707
83.47930
95.91754
101.24888
113.68712
12.43824
24.87647
37.31859
50.21356
62.65180
75.58971
88.29453
96.69285
103.29595
116.37766
12.43824
25.55999
38.11045
50.54869
63.92325
76.36149
87.94213
88.33474
90.56824
94.08190
12.43824
24.87647
37.31471
50.20499
61.71288
75.12306
87.56129
99.99953
112.63044
125.79767
12.43824
24.87647
37.59366
50.03190
58.40201
67.52646
80.71338
93.15161
103.39619
115.83442
12.43824
24.87647
37.31471
50.50045
62.93869
75.33144
87.76968
93.48130
100.22336
113.17089
12.43824
24.87647
37.79763
46.44043
59.59577
72.55483
84.99306
94.77834
102.46929
114.06328
12.43824
24.87647
37.31471
49.75295
62.19118
66.11703
74.51420
86.95243
100.11196
112.91684
12.43824
24.87647
37.31471
49.75295
53.44908
66.44223
79.34163
91.80378
95.93167
109.59788
12.43824
24.87647
37.31471
49.75295
62.93466
71.77447
80.13244
92.57068
96.34789
106.08850
12.43824
24.87647
37.31471
50.16732
62.60556
75.50830
86.58745
88.66064
101.84754
114.81687
12.43824
24.88011
38.06454
51.32326
61.94726
75.40970
80.75548
93.86257
100.18522
110.31105
12.43824
25.32575
37.76399
49.49802
61.93626
74.57762
86.20614
98.64437
111.91427
123.41262
12.43824
24.87647
38.03224
50.47048
64.36769
77.44266
89.68095
97.39240
102.50171
105.85831
12.43824
23.25122
35.68946
44.46800
56.90624
70.59701
71.09941
79.02777
91.38786
96.53378
12.43824
24.91093
37.34916
46.16548
50.42920
59.03866
73.32138
86.10385
97.19238
109.44644
12.43824
24.96481
37.40305
49.84129
61.05282
69.70937
82.14761
86.65998
99.84008
112.56169
12.43824
24.87647
37.78757
50.94360
63.52251
74.68344
85.36386
98.51312
105.80028
118.23852
12.43824
24.87647
37.95015
45.18862
57.73629
70.17453
82.64674
96.21314
102.84136
115.82964
12.43824
24.77979
38.07494
46.03904
59.22253
71.85503
84.46140
96.89964
109.48396
121.43025
12.43824
24.87647
37.31471
49.75295
60.76082
70.69404
77.98264
86.99095
97.38657
102.64324
12.43824
25.39742
35.25982
48.56616
62.17142
75.05992
87.49816
99.93639
112.61829
116.73960
12.43824
24.87647
37.31471
49.87611
62.35423
75.26885
86.61531
99.89754
112.33578
116.92959
12.43824
24.87647
37.31471
50.23944
63.22751
69.84829
73.77040
85.60125
98.54891
101.73181
12.43824
24.75341
37.19165
44.95533
57.39357
66.71827
79.15650
91.59474
95.34990
96.21806
12.43824
24.87647
37.31471
46.01519
58.45343
71.50328
81.06596
90.39347
102.43831
111.83968
12.43824
25.61839
38.77931
47.75099
60.18923
73.34368
84.07658
93.90969
96.68149
109.11973
12.43824
25.32901
30.64903
43.08727
55.68174
68.80436
76.86453
78.77143
79.46418
92.61514
12.43824
24.87647
37.87826
46.55519
58.50468
70.81719
84.78084
91.80395
100.80321
102.74169
12.43824
24.93405
29.37114
42.31805
54.60658
60.03888
70.82028
84.04396
97.61468
103.79153
12.43824
24.87647
36.03469
45.62776
50.24306
61.66782
68.98405
81.42229
94.43935
98.83231
12.43824
24.87647
37.35265
47.53723
60.11088
72.54911
84.19237
97.37850
111.22302
119.80920
12.43824
24.87647
37.31471
49.75295
59.33805
71.77629
84.10967
97.97936
101.73169
115.51524
12.43824
24.87647
37.31471
49.75295
62.49539
76.42658
86.65308
99.67335
112.69254
119.27249
12.43824
20.67856
33.58512
46.41664
59.38806
71.82630
84.67754
94.94306
108.12895
120.56719
12.43824
24.87647
36.48216
46.62532
54.72337
58.15607
68.85638
79.07973
92.27318
104.77220
12.43824
24.87647
36.87547
49.68439
62.12263
74.90512
85.72067
98.29989
107.70907
118.88543
12.43824
24.87647
37.99586
50.43409
63.97519
77.09835
89.53658
102.51473
105.05889
118.71530
12.43824
24.87647
37.31471
50.51322
62.95146
75.38970
81.20819
94.13588
103.88089
116.96678
12.43824
19.03859
31.47682
44.45881
57.33708
70.42608
81.87865
86.96823
92.68643
97.61493
12.43824
24.87647
37.33838
50.10912
62.54736
74.98560
79.52631
90.07514
102.51337
113.44458
12.43824
19.71062
24.57565
37.01389
49.89049
61.43618
72.20902
85.35516
97.85394
102.69357
12.43824
25.34177
37.78000
50.21824
63.14327
76.25067
89.43081
102.83615
108.50670
120.64493
12.43824
25.40433
35.82306
42.76721
53.45437
65.89260
73.29297
85.73121
89.50771
102.94891
12.43824
25.04430
37.87695
50.10197
60.59107
73.61084
86.04908
94.57843
105.15674
117.76673
12.43824
24.87647
37.31471
49.75295
62.93529
75.92096
82.07494
90.19991
97.97876
110.02240
