12.43824
24.87647
37.31471
49.75295
59.64958
72.49496
84.93319
89.04114
101.78413
114.22236
12.43824
24.87647
37.31471
49.52065
61.95888
74.39712
87.48080
100.10464
111.40859
124.20039
12.43824
24.87647
37.31471
49.75295
62.47719
75.33291
87.77115
100.20938
110.34022
122.65003
12.43824
24.87647
37.31471
44.04158
55.31351
67.75174
78.94806
88.20283
100.89522
113.99897
12.43824
25.54785
37.98609
50.42432
62.86256
75.30080
84.73066
94.85414
103.33436
116.01684
12.43824
24.87647
37.31471
50.33902
63.46400
69.52715
81.96539
95.11913
107.21389
119.24119
12.43824
24.87647
37.31471
49.75295
54.40916
65.26518
77.74067
90.04005
93.87267
99.94199
12.43824
24.87647
37.31471
49.75295
62.19118
75.33706
86.85617
99.29441
112.95247
125.39071
12.43824
24.87647
34.84007
47.27831
59.98907
72.42730
82.81783
94.96759
107.40583
108.84515
12.43824
14.85092
27.90951
33.60711
46.04535
59.02552
71.52305
83.96129
96.39952
105.92590
12.43824
24.87647
37.31471
49.75295
58.78693
71.48128
84.55800
96.99624
108.41532
119.18043
12.43824
24.87647
37.46754
49.90578
62.82844
75.02397
87.46221
100.61567
113.53121
126.40648
12.43824
24.87647
37.31471
49.75295
62.59715
75.03539
86.52501
98.97471
105.53066
118.50253
12.43824
24.87647
33.34172
39.13912
51.57735
64.01559
77.07220
89.51044
99.59755
112.03579
12.43824
24.45994
36.89818
49.33642
61.77465
74.08158
84.69395
97.85849
108.24638
121.05997
12.43824
24.87647
31.63827
44.07650
53.90472
66.34295
78.87392
90.44868
102.88692
115.38461
12.43824
24.87647
37.31471
50.47916
62.91739
75.35563
88.04002
100.47826
113.47559
124.35085
12.43824
24.87647
37.89114
48.67726
59.60865
72.04689
85.06222
97.54991
110.51657
122.13016
12.43824
24.87647
37.31471
49.75295
62.19118
71.50604
84.67863
97.83300
109.78909
120.37776
12.43824
25.60392
38.65549
51.09373
63.53196
74.00621
86.44445
94.33924
106.08138
119.06450
12.43824
24.87647
37.63482
50.07306
62.98808
75.42632
77.13557
89.57381
99.80147
103.75240
12.43824
24.87647
38.13531
45.57839
58.01662
66.86667
79.30491
90.96787
103.40610
116.74163
12.43824
24.87647
37.31471
47.66120
60.84742
73.28566
85.72390
98.52713
112.14411
122.04163
12.43824
24.87647
37.34273
49.78097
61.84613
75.03300
87.48306
99.92130
112.38685
124.82509
12.43824
24.93998
37.37822
49.81646
62.26719
74.94621
88.07773
102.19360
105.51666
117.95489
12.43824
24.87647
37.31471
50.49295
62.93119
75.36943
88.52310
100.96133
114.10530
127.28768
12.43824
24.87647
37.31471
50.23826
62.67649
75.11473
86.40704
99.67598
113.07409
125.51233
12.43824
24.87647
37.31471
49.75295
51.00199
64.08694
73.67357
82.86568
95.77178
102.71617
12.43824
24.87647
37.31471
48.97500
61.41323
69.01943
82.07945
94.51769
103.14275
109.25257
12.43824
24.87647
37.31471
45.49235
58.67565
71.11389
83.55213
96.93563
107.26373
118.76180
12.43824
24.87647
37.31471
49.29888
61.73712
74.17535
87.21877
95.68848
108.72305
119.14013
12.43824
25.44268
37.88091
50.31915
62.75739
72.92079
81.17008
93.60831
106.78570
118.19968
12.43824
24.87647
37.31471
49.75295
62.19118
74.62942
87.06765
99.05431
110.42791
123.61461
12.43824
24.87647
33.15229
42.00387
54.44210
66.88034
78.17253
90.54076
99.52835
104.69787
12.43824
24.87647
37.29675
47.81108
61.07482
73.51305
76.50227
89.46852
98.27363
102.14535
12.43824
24.87647
37.31471
50.23809
62.67632
70.52414
82.07021
92.04384
105.19295
112.75129
12.43824
25.43479
37.87303
50.31127
55.64699
63.72674
76.60006
90.20949
96.08639
108.52463
12.43824
24.87647
37.31471
50.03270
62.67711
72.69221
85.13045
93.01336
104.90291
118.29817
12.43824
24.87647
37.31471
50.37568
62.81392
75.25215
82.66830
92.02875
101.36999
113.80822
12.43824
24.87647
37.31471
49.75295
61.79358
74.23181
79.05057
91.48881
104.36600
117.28603
12.43824
24.87647
37.31471
49.75295
60.97569
70.50637
82.94461
95.81396
102.59072
115.28052
12.43824
25.11642
37.55466
50.17445
62.61268
75.05092
83.35869
90.08938
103.14493
116.07081
12.43824
24.87647
37.55238
49.99061
62.42885
72.66175
85.09998
97.53822
103.64802
109.45742
12.43824
24.87647
37.31471
49.75295
63.24765
75.68589
88.80423
101.47094
110.30385
120.91877
12.43824
24.87647
38.06332
50.50155
62.93979
75.17111
81.97363
94.91870
106.88683
112.08662
12.43824
24.87647
38.00997
51.19058
63.62882
76.06705
88.16758
100.63334
113.70425
124.49790
12.43824
24.09544
29.72661
42.16484
48.16323
60.60146
73.41796
85.85619
91.07879
103.51703
12.43824
24.87647
37.31471
47.86763
60.30587
72.75237
81.69699
90.52494
103.69951
114.94029
12.43824
24.87647
28.24321
40.68145
53.86053
66.29877
69.51621
81.03317
87.25788
94.45018
12.43824
24.87647
37.31471
48.95136
62.07359
75.80739
86.43386
98.83740
111.33014
123.79226
12.43824
24.87647
34.39888
46.83712
59.28391
72.24181
84.68004
96.24304
108.45989
120.72508
12.43824
25.42350
37.86173
50.68129
63.32346
76.50647
88.94471
101.38294
115.13290
127.66374
12.43824
24.87647
37.90344
50.34168
52.40484
64.84308
77.28131
89.71955
97.15285
109.87475
12.43824
24.87647
37.31471
50.36588
63.22478
72.67646
86.22907
87.56705
100.42155
112.85978
12.43824
24.87647
37.69349
50.13173
62.56997
75.19631
81.77630
94.21453
96.43985
108.87809
12.43824
24.87647
37.31471
49.75295
56.17636
68.72425
76.57829
79.45309
87.45991
91.86712
12.43824
25.44397
37.88221
50.32045
62.75868
75.93461
88.37284
99.48777
112.63875
123.90572
12.43824
24.87647
37.35956
50.36624
63.55218
74.25611
86.69434
99.60041
112.03865
124.47688
12.43824
24.87647
32.00532
44.44355
53.91472
66.35296
77.61453
90.79769
92.96106
105.39930
12.43824
24.87647
37.82616
50.79174
63.22998
76.31070
88.74893
93.08498
102.44551
114.88374
12.43824
24.87647
37.31471
46.52618
58.96442
71.40265
83.84089
96.55161
108.55131
118.57644
12.43824
24.87647
37.31471
49.75295
62.64168
75.63967
88.07791
99.60519
112.85575
119.75152
12.43824
24.87647
37.31471
49.75295
61.50761
73.94584
86.12384
96.59014
109.02838
121.52051
12.43824
24.87647
37.31471
49.75295
58.27923
62.38836
74.02416
86.46240
99.21114
112.82473
12.43824
24.87647
37.31471
49.75295
62.26401
74.70225
87.86927
94.71820
106.47839
118.91662
12.43824
24.87647
37.31471
49.75295
62.21915
74.65739
87.84362
100.03072
111.50909
123.21238
12.43824
24.87647
37.31471
44.81410
57.25233
70.40747
83.59367
96.03191
109.36546
121.80370
12.43824
24.87647
37.31471
49.75295
63.24461
75.89434
88.33257
95.43340
104.83113
117.93150
12.43824
25.12118
37.55942
50.51109
62.94932
73.50268
86.04313
98.48137
110.91960
124.20618
12.43824
24.87647
37.31471
49.75295
63.01577
75.95572
89.14269
102.47689
114.91513
127.68246
12.43824
24.87647
36.90631
49.34455
59.63404
72.88747
85.32571
97.70024
110.53657
123.62737
12.43824
24.87647
32.50329
44.94153
57.37976
70.50542
83.45704
95.40941
108.59307
121.03131
12.43824
24.87647
37.31471
47.55367
59.99191
72.43015
85.43369
98.39350
106.75436
119.31736
12.43824
25.61848
38.05672
50.49496
62.93319
75.37143
89.57448
102.01348
108.58003
121.27288
12.43824
24.87647
37.31471
49.75295
61.89307
74.83194
83.52185
96.60483
109.04307
119.28730
12.43824
24.87647
37.31471
49.75295
62.19118
75.32302
87.40684
99.84507
112.84259
125.28082
12.43824
24.87647
37.31471
48.32500
60.76324
70.73647
83.36193
95.80017
108.23840
114.13751
12.43824
24.87647
37.31471
49.75295
58.10189
70.54013
82.97837
96.41735
108.85559
122.57192
12.43824
25.61469
38.05293
50.49116
62.92940
75.36763
88.10912
100.54736
106.36636
111.10023
12.43824
24.87647
37.97336
51.14611
63.58434
76.75546
89.43764
101.87587
110.09375
123.99605
12.43824
24.87647
37.31471
50.41388
62.30662
74.74486
87.18310
99.62133
111.53527
123.69298
12.43824
24.87647
31.26361
43.70185
54.59589
67.03413
79.84241
90.79174
103.97734
107.87164
12.43824
24.87647
37.31471
49.75295
62.60457
75.56727
78.66552
92.08789
104.52613
106.59379
12.43824
18.87282
20.46408
32.90232
45.34056
58.26642
69.78966
82.23533
94.67357
105.87764
12.43824
24.87647
37.68842
50.12665
62.73249
75.17073
87.60896
100.28295
113.46740
126.18542
12.43824
24.87647
37.85686
50.03192
62.47016
74.90839
87.34663
97.18555
109.58590
122.47442
12.43824
24.87647
37.31471
49.88061
52.11259
64.55082
76.27945
88.71769
99.70926
112.70670
12.43824
24.87647
38.06352
50.50175
62.93999
71.98571
84.61290
97.05113
109.48937
123.01292
12.43824
25.29828
37.73651
50.17475
62.81233
75.25056
87.68880
100.18906
106.43140
118.86963
12.43824
24.87647
37.32278
50.50802
61.47729
63.37430
76.00659
88.44482
100.88306
113.26845
12.43824
24.87647
37.31471
49.77213
62.21037
74.64861
80.02053
93.12641
105.56465
112.83763
12.43824
24.87647
37.31471
50.46258
62.90081
75.41958
87.85782
100.29606
101.63903
76.05293
12.43824
24.87647
37.31471
49.75295
62.93828
75.37651
88.31339
100.83188
114.52866
126.96689
12.43824
25.14376
37.58199
44.96463
57.86143
70.29967
76.78354
78.85906
91.57459
104.01283
12.43824
24.87647
37.31471
50.33438
62.77262
75.21086
77.79629
89.26543
101.70366
114.35222
12.43824
24.87647
38.04831
50.48655
62.92479
75.99159
88.99574
94.94181
107.38005
109.96342
12.43824
24.87647
30.93575
43.37399
55.51626
67.74642
80.18466
90.11660
102.84341
115.21974
12.43824
24.87647
38.01520
51.20030
64.30986
76.74809
89.78385
102.35066
115.31324
127.75148
12.43824
24.87647
37.31471
47.91553
60.35377
72.79200
85.66709
94.76722
107.20546
119.64370
12.43824
24.87647
37.31471
49.75295
62.18760
75.37079
88.50890
96.68831
109.12655
118.93296
