12.43824
24.87647
37.31471
49.86962
58.45163
71.29869
83.73692
88.25679
93.43727
106.30242
12.43824
24.87647
37.31471
49.12938
61.76903
74.20726
84.99386
97.88770
105.37215
113.47651
12.43824
24.87647
37.31471
49.75295
53.71118
63.71823
76.85450
89.96563
99.32469
109.00309
12.43824
24.87647
37.31471
44.79962
54.60630
67.04454
75.90748
83.56756
96.39726
108.10401
12.43824
22.95823
35.39647
47.83470
60.27294
72.71118
79.87448
87.52325
98.96793
111.74950
12.43824
24.87647
37.31471
47.71516
57.57039
62.57958
75.01781
88.05924
99.07197
107.22137
12.43824
24.87647
37.31471
49.75295
58.26509
63.15332
77.04281
83.24486
87.56604
92.66283
12.43824
24.87647
37.77096
50.20920
62.64744
74.82124
83.95132
96.38955
106.22592
119.76739
12.43824
24.87647
36.71286
49.15109
58.99798
71.43622
77.77626
89.61038
102.65001
109.19419
12.43824
21.53941
33.76725
36.70175
49.13998
62.32645
75.19582
88.12705
100.56529
108.71387
12.43824
24.87647
37.31471
49.75295
62.53485
75.71712
89.43787
101.89962
104.21662
114.18923
12.43824
24.87647
37.62583
50.06406
63.00654
76.76207
89.20031
97.09636
110.27956
120.76349
12.43824
24.87647
37.31471
49.75295
61.29447
74.11983
84.56652
95.32320
104.06653
116.69381
12.43824
24.87647
27.37795
31.69173
44.12997
56.56821
67.91171
81.09652
91.70047
104.15378
12.43824
23.96416
36.40240
48.84063
61.96830
71.64506
82.83333
96.00253
101.96342
114.31691
12.43824
24.87647
31.10200
44.24379
50.73999
63.17911
68.96824
69.74448
82.37915
94.53040
12.43824
24.87647
37.31471
50.40229
62.84052
75.54484
88.18200
100.90346
108.28339
118.73769
12.43824
24.87647
36.50654
45.01044
55.93584
68.37408
81.40481
94.76761
106.60469
116.55447
12.43824
24.87647
37.31471
49.75295
62.52786
71.37931
84.48554
97.55548
107.77872
119.13664
12.43824
25.31262
38.29177
50.73001
63.16825
76.34886
88.78710
95.11529
104.68791
117.70041
12.43824
24.87647
36.74635
49.18458
62.06814
74.51927
77.03800
89.83602
92.53570
94.93078
12.43824
24.91071
31.84527
43.85406
56.29229
64.02072
76.45896
89.11129
102.30074
111.04155
12.43824
24.87647
37.43398
48.33781
61.10627
73.54450
85.98274
94.13426
106.96932
110.50189
12.43824
24.87647
37.31471
49.75295
53.51376
59.16539
69.40061
83.07132
96.14953
108.58777
12.43824
25.36832
37.80656
50.24480
63.27638
74.72258
87.40263
98.32954
101.88026
114.73074
12.43824
24.87647
37.31471
48.50462
60.94285
73.54078
83.39848
97.31178
109.64122
116.78891
12.43824
25.29462
37.73286
50.86209
63.30033
75.73856
85.60701
89.46012
103.20769
116.15708
12.43824
24.87647
37.31471
49.75295
51.23925
64.42246
74.46375
77.66324
89.20526
94.96153
12.43824
24.87647
37.31471
47.59466
60.03290
62.54728
74.26486
86.70310
94.69103
100.25820
12.43824
24.87647
37.31471
44.14253
50.54796
62.98620
75.42443
85.73964
88.78472
100.81559
12.43824
24.87647
37.31471
45.93091
58.36914
71.76466
84.10968
86.92866
100.07408
106.30868
12.43824
25.39693
37.83517
50.27341
62.71164
74.89075
86.55204
98.99027
112.04548
123.87772
12.43824
24.87647
37.54157
49.97981
62.44969
75.62217
88.39835
98.31869
109.42363
118.19023
12.43824
24.87647
30.20527
37.09901
49.53724
61.97548
71.40964
83.83896
84.60475
88.99994
12.43824
24.87647
35.88888
47.89629
59.32409
71.76232
74.99844
88.17198
95.86327
101.10335
12.43824
24.87647
37.31471
50.32427
63.44620
69.96338
80.43359
90.00027
101.32748
103.49307
12.43824
22.39192
34.83015
47.26839
56.60156
67.50038
80.87474
93.57556
95.69880
106.52267
12.43824
24.87647
37.31471
45.12749
58.19213
67.23101
79.66924
82.83078
91.93968
105.58767
12.43824
24.87647
37.31471
50.17016
62.60840
75.16966
84.42327
90.94220
94.73698
107.53494
12.43824
24.87647
37.31471
49.75295
59.59098
72.75418
75.25694
88.22694
101.58948
114.43553
12.43824
24.87647
37.31471
50.19706
61.02465
68.16414
80.60238
89.00656
93.30275
106.33892
12.43824
17.23303
29.67127
37.70405
50.62501
63.06324
72.66369
75.80774
85.69804
98.16712
12.43824
24.87647
37.54332
50.33912
62.77736
74.22222
86.77830
99.21654
108.34535
114.52456
12.43824
24.87647
37.31471
49.75295
62.23680
75.90025
86.99793
100.42014
104.10195
109.51758
12.43824
24.87647
37.85676
50.29499
62.73323
73.72139
75.76113
86.28459
91.82391
103.03207
12.43824
24.87647
36.51034
48.49450
60.93273
73.37097
83.73204
96.90347
109.95398
113.72171
12.43824
16.35132
21.10130
33.53954
36.36982
48.80806
60.34604
72.78427
77.20460
89.64284
12.43824
24.87647
37.73951
44.84292
57.28116
71.08126
77.66172
89.89348
101.92030
104.04347
12.43824
24.87647
33.30791
45.74614
56.96389
69.40212
70.75204
76.54964
80.80362
85.19972
12.43824
24.87647
37.31471
48.88720
55.40593
68.40214
77.96980
90.86931
99.09274
112.25761
12.43824
24.87647
35.75413
48.19237
61.28178
67.53580
80.67963
90.82089
102.29249
114.59626
12.43824
21.45159
33.88982
44.16826
56.98276
70.16699
82.60523
95.12665
105.53023
117.98377
12.43824
24.87647
36.90099
49.33923
60.81185
73.25009
85.68832
98.20064
102.41842
114.05169
12.43824
24.87647
37.31471
50.71550
63.87306
68.70057
72.56442
73.87050
86.86468
99.30292
12.43824
24.87647
38.06309
50.99581
63.43404
76.17255
80.00278
92.44101
97.01717
109.46052
12.43824
24.87647
37.31471
43.63767
43.96381
57.07754
63.87968
66.43369
71.75979
75.59015
12.43824
24.49722
37.31882
49.75705
62.19529
75.77243
88.91517
91.55617
104.40243
111.44745
12.43824
24.87647
37.90174
51.08695
62.07705
73.69283
86.13106
99.09960
111.53784
124.71065
12.43824
24.87647
36.48584
48.92408
54.35473
66.79296
78.99463
91.72054
96.79696
109.23519
12.43824
24.87647
37.64990
50.54077
62.97901
76.09257
88.53080
96.92556
97.11469
110.29639
12.43824
24.87647
37.31471
45.37878
57.82612
70.26435
82.70259
94.49715
100.61699
105.56393
12.43824
25.62330
38.06154
51.24470
64.31110
77.41442
89.85265
102.01466
112.60110
115.54110
12.43824
24.87647
37.31471
49.75295
61.82065
74.25889
84.75635
94.64823
107.08646
108.93589
12.43824
25.58588
38.02412
50.48050
57.09718
63.74276
67.56213
80.00037
89.91802
102.40714
12.43824
24.87647
37.31471
49.75295
62.44313
74.88137
83.92443
88.31444
97.32495
109.76318
12.43824
24.87647
37.31471
50.43474
63.05475
75.49299
87.61034
98.25355
111.63256
122.69084
12.43824
24.87647
37.31471
46.83927
59.27751
70.91635
82.96153
95.39976
106.75193
119.19017
12.43824
24.87647
37.31471
49.75295
63.39257
76.35877
88.79701
94.64774
103.00924
113.76658
12.43824
25.60512
38.04336
51.20582
63.70771
73.35975
77.93357
90.37181
103.51748
111.25761
12.43824
24.87647
37.31471
49.75295
63.65619
76.48493
90.32972
103.93138
116.36962
127.68023
12.43824
24.87647
37.42320
49.86144
60.38498
72.76886
85.20709
94.53196
107.67561
120.18844
12.43824
24.87647
31.62847
44.06670
56.50494
68.86264
81.95205
92.16451
104.89641
117.33465
12.43824
24.87647
37.93106
48.85526
61.56132
73.99956
87.09576
98.93038
107.83009
120.77992
12.43824
21.99365
34.43189
47.55150
59.98974
72.42798
81.21373
94.99016
101.83240
110.79138
12.43824
24.87647
37.31471
49.75295
61.02939
73.61370
74.99575
87.99830
100.99014
108.07299
12.43824
24.87647
37.31471
49.75295
62.82209
70.21388
81.39076
93.82899
106.90746
119.94369
12.43824
24.87647
37.31471
43.50999
55.94822
59.64721
72.80539
86.64085
99.22158
104.41416
12.43824
24.87647
37.12711
49.56534
56.14406
68.58229
81.02053
93.17043
105.60867
118.92717
12.43824
23.26638
35.70462
48.81146
61.24970
73.87797
87.00919
100.01525
107.82967
109.89724
12.43824
24.87647
36.32563
43.83241
56.31029
68.70307
80.79004
93.22828
101.07138
110.12305
12.43824
24.87647
37.31471
50.31645
61.98134
74.41958
86.85782
100.02230
113.63177
123.72759
12.43824
24.87647
31.80488
44.24312
57.35572
69.79395
82.93529
93.29113
106.33857
115.39130
12.43824
24.87647
37.99532
50.43356
62.31080
73.00545
75.71457
82.45288
95.07943
97.28314
12.43824
16.88181
26.03456
38.47280
50.91103
62.48275
72.28797
85.47399
97.91222
104.24905
12.43824
24.87647
37.07273
49.51096
62.69347
75.13171
88.85684
101.87535
111.97357
120.12715
12.43824
24.87647
33.33460
45.28059
57.71882
70.15706
82.59530
90.78148
103.27759
112.98990
12.43824
24.87647
37.31471
50.48028
54.71581
67.15405
76.13404
88.57228
97.17288
107.91831
12.43824
24.87647
37.98601
50.42425
63.05844
69.99382
80.76665
93.19656
106.36389
110.90361
12.43824
22.43038
34.86861
47.30685
57.50267
69.94091
82.55323
92.94896
101.28114
114.32506
12.43824
24.87647
37.83474
50.94101
57.70714
66.98825
79.78975
92.83083
105.33248
112.89783
12.43824
24.87647
37.31471
50.45442
63.59370
76.03194
87.23715
98.36637
110.80460
114.41981
12.43824
24.87647
37.52292
50.52478
62.96301
73.17410
85.61233
98.05057
109.72649
117.65656
12.43824
24.87647
37.31471
50.49352
63.33562
75.77386
77.57671
90.77265
104.41860
117.04907
12.43824
25.58869
38.02693
44.53267
57.15621
69.59445
75.02175
81.75129
94.93835
108.05073
12.43824
24.87647
37.31471
50.20202
62.64026
75.44892
78.25437
90.49233
103.13914
115.67171
12.43824
24.91607
37.00397
49.44221
62.62204
73.85577
85.67241
94.22654
107.07642
115.75694
12.43824
24.87647
32.63432
45.07255
54.55793
62.79043
75.45949
82.44934
92.52236
104.47574
12.43824
24.87647
38.00555
47.89212
61.01034
73.44857
81.93114
94.36938
104.37107
117.26739
12.43824
25.22053
37.65877
46.78249
59.77716
72.21539
81.99215
93.91007
107.28355
119.72179
12.43824
24.87647
37.31471
49.75295
60.68548
71.27952
83.83030
87.46495
90.37798
96.08839
