12.43824
24.87647
37.31471
50.82101
56.86204
67.95031
82.26855
85.77111
99.24432
102.80571
12.43824
25.45050
37.88874
48.05413
52.84959
58.87565
69.96170
70.37728
72.60758
82.81689
12.43824
24.75436
37.19260
49.76381
60.84605
70.79370
72.56753
83.05088
95.92150
98.15813
12.43824
25.47535
38.39881
44.35871
56.47160
65.98104
74.85103
76.23010
88.73064
95.79587
12.43824
25.60932
38.75169
51.83422
64.99861
72.33299
75.30030
84.71361
98.04628
102.24538
12.43824
24.87647
35.55921
48.08044
59.16172
71.75579
76.76945
82.34806
82.79501
85.15011
12.43824
24.89284
36.36281
48.80105
62.23416
63.69599
76.35244
79.27532
81.35980
91.41209
12.43824
24.80320
32.03468
43.95151
45.97020
53.87099
54.53864
57.38962
68.48234
81.66050
12.43824
24.87647
34.97637
40.19162
42.95022
44.29195
55.92434
66.59146
66.62608
66.91117
12.43824
15.65231
22.15060
27.45102
40.67631
42.66124
47.72722
49.66598
60.48519
73.65733
12.43824
24.87647
37.31471
50.48011
59.09058
72.27738
85.79369
93.76588
106.69328
112.11515
12.43824
23.00093
25.30910
34.66790
44.48448
46.79468
52.89280
53.65567
66.51717
67.82925
12.43824
25.25121
37.68944
50.12768
58.15747
70.90133
79.64940
82.78737
84.78269
85.79238
12.43824
25.59221
31.52192
39.55644
52.53201
53.71237
62.23125
75.04564
78.76516
81.52646
12.43824
25.59736
38.03560
51.79853
63.77327
67.03974
70.00414
76.71889
79.51164
83.08203
12.43824
25.39396
38.53396
47.47506
51.82927
60.54563
61.33777
62.40628
74.84452
-1.00000
12.43824
24.87647
37.31471
47.76138
51.89328
61.16656
61.95339
75.06470
87.86964
88.57997
12.43824
17.88119
30.69980
41.72916
48.71108
61.89704
68.84376
81.28199
90.63148
101.63938
12.43824
24.87647
37.31471
48.69103
61.73252
67.49899
79.08900
88.23147
90.19820
103.35330
12.43824
23.79771
37.10767
43.90888
57.01710
60.57417
67.76070
69.44737
79.59466
92.02267
12.43824
22.84335
24.29579
28.35329
28.60258
41.04082
54.13795
62.23457
62.38554
62.42960
12.43824
21.83541
34.09967
39.58184
52.76654
59.90775
67.35595
75.73255
89.30970
95.47608
12.43824
25.33734
30.47656
42.91479
56.98259
66.20567
79.98344
84.03551
97.62892
97.87989
12.43824
25.26248
35.51652
48.06855
57.16937
59.11077
64.93769
77.21376
90.34481
99.99613
12.43824
19.76253
32.25097
37.77628
50.18025
50.99797
57.56550
58.80516
65.95776
68.73070
12.43824
25.04604
35.54232
37.77713
50.21537
61.97521
65.97607
78.71428
88.52319
97.80488
12.43824
23.56195
36.12105
45.09645
49.19129
61.45854
64.55342
76.44400
88.31224
91.72599
12.43824
25.62470
38.46854
48.38760
60.74429
62.85646
65.21350
65.32947
65.64682
77.48564
12.43824
21.21412
33.65236
40.47225
50.84423
55.11970
60.76699
64.87159
65.56372
78.00196
12.43824
25.26446
37.70270
50.32993
56.35817
66.75664
77.62630
89.24632
90.66157
91.27677
12.43824
24.34367
37.56174
42.17394
45.67470
45.99288
47.58811
60.02634
68.81926
69.15551
12.43824
24.59789
37.02763
49.84240
61.19268
67.34298
70.56727
83.07471
95.51295
100.83600
12.43824
25.42296
34.64195
47.08019
52.60978
59.16761
67.51589
68.84248
69.25916
69.57764
12.43824
25.54007
37.00529
40.19559
52.63383
61.52730
63.06370
75.55530
83.58421
88.81356
12.43824
20.10064
25.01840
25.50587
30.58147
43.72608
44.39219
57.28031
62.33475
62.33791
12.43824
25.48733
38.54278
47.21532
58.64411
65.66254
71.24596
73.81523
79.02874
79.81677
12.43824
24.83390
37.88361
45.28577
56.17704
64.16526
72.11522
75.25156
76.23312
81.39127
12.43824
24.87647
37.36235
41.54050
53.91453
64.32073
78.10964
83.31341
89.75495
100.93417
12.43824
14.63398
21.13850
22.74163
25.53571
37.97395
45.89042
56.64413
56.70607
69.85812
12.43824
24.87647
37.31471
50.50102
63.69771
75.38199
80.46493
92.30573
94.13488
106.69126
12.43824
24.92801
38.11375
50.53206
53.50480
60.95654
71.42114
83.85937
86.52585
92.78132
12.43824
21.51053
34.15702
43.18770
49.50802
60.89490
64.03380
77.17923
79.09151
85.58808
12.43824
24.87647
36.67239
41.64913
53.53857
55.97635
69.10851
81.70342
95.28371
102.46022
12.43824
24.87647
37.31471
49.46987
51.15579
61.06248
65.85195
76.07299
77.11105
78.91079
12.43824
24.87647
38.26421
51.35398
64.60098
71.05519
74.04880
80.32255
91.16391
91.53488
12.43824
25.40538
35.84147
48.86560
49.44397
50.38146
50.43258
60.71418
69.91764
75.01581
12.43824
25.51219
32.53195
41.51358
49.36516
59.08377
60.67380
61.50714
63.86119
72.39431
12.43824
24.87647
37.64432
50.78768
60.31034
63.35638
65.80675
66.65367
77.88750
78.94196
12.43824
24.87647
25.17313
38.27823
49.08832
62.07452
63.68435
72.09396
76.44013
78.80703
12.43824
25.44168
37.87992
48.12954
53.81105
59.34746
59.81432
72.58225
76.86070
83.98777
12.43824
24.87647
32.35813
44.64674
53.58085
61.00467
73.45201
76.17039
82.65927
95.93566
12.43824
17.94654
30.38478
44.17779
50.61873
56.25227
61.84379
74.82605
83.43925
96.47936
12.43824
24.87647
36.85659
45.17503
45.93121
55.10155
68.27119
80.70943
83.03800
95.07988
12.43824
20.62134
33.41355
35.50489
44.31133
57.25715
57.52024
61.82406
68.89582
82.43104
12.43824
25.15672
36.68466
48.27444
58.24008
61.68655
62.78687
64.09589
77.33169
83.61966
12.43824
25.27304
33.23552
46.45216
47.81549
51.98371
54.05340
57.11689
66.92379
67.98974
12.43824
24.92368
35.76209
46.55234
52.29389
55.48736
67.47588
68.75650
72.89424
76.43360
12.43824
25.57204
31.68330
36.61867
39.05092
39.68399
51.77851
59.08947
71.52771
84.95630
12.43824
24.51060
35.13893
45.78927
46.25471
53.21491
61.95370
73.40375
75.63324
80.58149
12.43824
24.89224
33.48087
41.62476
53.52827
64.84154
72.76741
75.29696
75.44075
76.75870
12.43824
25.42147
29.98219
42.49204
56.25782
68.17292
81.28511
84.26844
95.87551
108.31375
12.43824
24.87647
32.72383
36.84901
48.71854
61.62780
74.06604
85.01378
94.97036
95.60489
12.43824
24.87647
37.95442
48.00630
50.94700
63.18491
67.11139
67.30356
79.77309
88.71104
12.43824
25.60130
38.03954
50.94828
54.60826
66.68007
73.77870
87.04594
92.30886
94.56580
12.43824
25.60328
38.04151
48.54405
56.69085
59.10361
59.18197
72.09126
80.00532
82.37590
12.43824
24.87647
37.31471
44.05437
46.70472
60.38944
68.60332
76.59936
81.97823
94.94667
12.43824
21.95371
31.50912
43.94736
52.52897
64.09702
65.20643
77.91829
78.56313
81.10899
12.43824
25.62428
38.80221
47.56333
60.63887
73.42612
86.69134
95.94798
98.19592
99.27052
12.43824
20.64550
33.44180
41.95786
47.99792
53.13500
55.56395
68.83817
79.82477
80.74726
12.43824
24.87647
38.06455
51.60692
56.87834
64.57771
75.16578
77.55605
90.38879
96.93193
12.43824
22.80592
29.34278
41.07004
52.94838
58.71245
65.39944
66.77764
71.76415
73.90231
12.43824
19.92784
28.74478
41.18302
54.47993
59.95149
65.59913
67.31103
81.10986
81.91895
12.43824
24.87647
37.78743
50.27708
63.62350
76.77516
80.43879
84.77365
92.68011
98.65149
12.43824
15.44096
18.92558
31.36381
38.18495
43.76611
46.81110
58.49861
69.85094
80.19951
12.43824
24.87647
37.31471
50.15759
59.50927
67.20656
78.02536
85.42753
98.40606
103.61693
12.43824
24.87647
37.49666
49.93489
61.03321
74.23049
84.77605
98.45876
105.72575
112.38030
12.43824
20.90554
27.18790
33.52558
35.52408
43.16070
45.37451
46.02540
54.68494
54.72747
12.43824
20.88205
24.93999
33.01404
37.88447
38.68510
46.81001
47.41922
50.64198
51.45280
12.43824
23.63359
36.81789
49.04961
61.93272
67.98989
72.53973
83.15399
85.14766
86.87576
12.43824
24.87647
35.59915
43.23722
56.24302
65.68965
79.76445
88.52449
92.89734
97.17794
12.43824
24.87647
37.33153
49.46828
61.08788
67.28704
69.41477
82.51146
95.79056
104.20682
12.43824
22.47353
32.87237
46.14039
51.85961
61.13074
73.08269
81.96303
86.35568
86.92773
12.43824
24.87647
37.89056
50.12523
56.75456
67.64020
68.38599
71.07565
83.98498
84.03203
12.43824
15.80612
27.84538
39.61441
50.20275
60.42425
68.30420
80.44481
82.54907
89.06605
12.43824
25.62267
34.63341
47.73911
53.51657
56.77217
69.92784
79.21518
82.45623
86.05944
12.43824
24.87647
37.98894
51.30738
60.10454
72.07159
80.42641
81.39630
85.74983
93.65087
12.43824
23.65394
36.09218
48.53041
60.30387
73.11238
81.98320
83.13040
90.40978
91.22799
12.43824
21.08736
28.32824
35.00123
46.04687
59.04649
69.67653
79.94579
85.43404
87.98200
12.43824
25.52168
38.20587
48.29234
51.44479
64.92643
75.19053
80.46643
85.51089
88.06404
12.43824
23.56823
30.42873
35.42457
45.77355
48.08184
49.15459
62.21026
73.36337
74.32827
12.43824
22.13349
34.57173
42.07033
55.58209
64.55020
72.83702
76.62014
90.26753
90.79311
12.43824
24.87647
37.64643
49.56654
60.06189
61.56278
71.21357
79.93024
82.33924
83.78601
12.43824
20.22465
31.29627
42.58593
55.02416
56.21181
56.38857
63.38870
76.17768
84.06292
12.43824
17.56772
30.54542
35.98098
48.91166
52.65935
56.38149
56.74582
67.70643
77.64080
12.43824
24.87647
37.99554
45.24965
47.31878
54.58017
55.01686
55.18941
57.01052
58.46677
12.43824
23.93726
36.46542
49.65172
55.60033
59.04211
60.08213
62.48640
75.34549
76.91120
12.43824
25.62521
36.53378
49.72066
56.95337
66.13927
70.03406
72.91224
73.30688
83.50528
12.43824
24.87647
37.34042
50.06542
52.79050
65.22874
68.46164
69.00890
72.46885
85.34394
12.43824
23.04642
35.93684
38.89936
48.13223
61.40988
64.11247
69.77250
74.83376
88.31306
12.43824
25.59082
32.76651
45.20475
57.65989
60.38701
62.23580
73.88519
77.76540
88.53517
