12.43824
24.87647
37.31471
50.50026
56.28316
67.34638
80.46170
87.34599
93.72742
106.44649
12.43824
24.87647
37.31471
49.79525
62.58838
75.02661
82.00407
94.90509
100.43696
109.80482
12.43824
24.87647
37.31471
49.60764
62.29834
74.44001
87.59008
100.76204
108.88706
119.66959
12.43824
24.87647
37.31471
49.47189
59.36785
72.40675
85.40961
94.30931
104.27370
117.45064
12.43824
16.85171
29.28995
42.82532
55.26355
68.43994
74.33546
83.49363
89.72233
101.24053
12.43824
24.87647
38.00852
45.93515
58.44077
71.28820
84.27065
94.30817
103.20159
105.64207
12.43824
24.87647
37.89884
50.90042
54.71571
67.32996
81.18706
86.41889
90.01479
92.34528
12.43824
24.87647
38.75470
51.19294
63.63117
74.51772
84.62498
97.38826
103.05957
113.50624
12.43824
24.87647
30.79648
43.67492
56.21070
68.60952
81.65003
87.48047
100.66367
104.65848
12.43824
18.36991
28.07563
30.83524
43.27348
56.38613
66.77090
79.72007
93.15646
105.87055
12.43824
24.87647
37.47853
48.26489
60.64389
74.07435
84.71780
98.20803
99.79856
106.44744
12.43824
24.87647
35.43467
47.87291
56.94503
69.00065
82.03885
84.46144
96.89968
103.73125
12.43824
24.87647
37.31471
49.75295
61.59340
75.49376
84.71247
94.78628
96.52723
108.89752
12.43824
24.87647
35.79358
40.27256
53.48020
65.91843
77.55216
86.36964
93.65681
106.61665
12.43824
23.61413
36.05236
48.49060
60.95592
70.18410
80.91667
92.06877
95.02911
104.95907
12.43824
24.87647
28.57076
41.68948
54.33185
65.95355
77.22899
81.79007
94.97602
99.98408
12.43824
24.87647
37.31471
49.75295
62.19118
75.48885
88.67375
102.58465
110.92097
118.79725
12.43824
24.87647
33.90071
44.11136
57.05072
70.20551
82.29826
94.10332
106.62217
110.19835
12.43824
24.87647
37.31471
50.08013
63.01019
69.67045
82.15868
92.10177
105.19357
113.55661
12.43824
24.88382
37.47375
49.91198
63.34807
74.25186
86.69010
93.25524
105.16346
117.72692
12.43824
24.87647
37.95532
50.39356
61.85954
75.14392
75.45891
89.80215
98.50441
106.42753
12.43824
25.57154
30.28001
35.80790
48.24614
51.83010
64.26834
74.56339
86.85021
92.50729
12.43824
24.87647
37.83260
49.26982
60.91455
73.35278
85.79102
98.96827
111.63078
114.13597
12.43824
24.87647
38.22539
50.66362
60.42879
70.38593
77.19184
90.74165
103.41747
115.88304
12.43824
25.60143
38.03966
50.47790
63.66480
74.82318
88.42029
97.14310
99.45201
111.51925
12.43824
24.87647
37.46699
41.59887
54.78501
67.97187
75.91734
83.80291
96.76184
108.56159
12.43824
24.98260
37.42084
48.38502
60.82326
73.26150
77.71589
84.32977
98.19336
111.37967
12.43824
24.87647
37.31471
49.75295
53.26136
66.89890
76.38006
89.60079
102.75091
107.21173
12.43824
24.87647
37.31471
44.69920
57.13744
68.90132
75.28873
87.72697
96.76950
106.31492
12.43824
25.48249
37.92073
42.07718
50.34820
62.78643
76.04974
84.82019
93.10466
104.21529
12.43824
24.87647
37.31471
50.35533
62.79356
76.38868
88.54233
94.51767
103.46987
105.43899
12.43824
24.52790
36.96613
49.40437
63.04503
70.72589
82.50240
94.94064
103.92824
111.16350
12.43824
24.87647
36.73170
49.16993
62.31295
75.47119
88.60800
92.69415
100.47844
106.86006
12.43824
24.87647
33.15530
40.30112
52.73936
65.37213
73.48970
77.81350
83.18803
87.29305
12.43824
24.87647
36.18326
46.58181
56.16365
68.60189
73.47120
87.15435
95.18776
96.36846
12.43824
24.87647
37.68091
49.09784
62.21459
72.19425
80.46553
89.61552
102.16703
108.79479
12.43824
22.10829
34.57589
47.01413
60.36612
69.07312
82.12001
88.66277
95.99903
108.57800
12.43824
24.87647
37.31471
49.42156
62.37875
67.87111
80.30935
89.61325
96.96754
110.28434
12.43824
24.87647
37.31471
50.11146
62.55097
75.58916
81.89840
89.55210
98.14756
110.46991
12.43824
24.87647
37.31471
49.75295
57.58523
70.72453
72.19874
85.11650
96.57033
108.53416
12.43824
24.87647
37.31471
50.45006
61.27992
73.44392
85.88216
93.84850
95.36497
108.63320
12.43824
18.63449
31.07273
42.94058
51.57745
64.01569
66.21385
69.43807
79.88596
91.70430
12.43824
24.87647
37.92764
51.39091
63.82914
70.20566
83.49939
97.41084
105.32364
113.06034
12.43824
24.98527
37.42351
50.19070
59.81247
73.49757
78.85802
91.47985
101.05481
113.89831
12.43824
25.43488
33.98740
46.42563
58.87307
65.79424
67.88137
74.55751
81.73525
84.36188
12.43824
24.87647
36.61802
45.63310
58.08976
70.97969
83.28887
96.32691
109.72498
123.09339
12.43824
18.88402
27.43949
39.87773
42.90442
55.34265
69.22566
81.66390
88.69207
101.25809
12.43824
24.87647
37.89612
43.93980
56.37804
68.61232
71.85170
81.35696
90.59394
90.73900
12.43824
24.87647
37.31471
50.16941
56.38773
69.54257
80.28909
83.24119
94.21979
94.75877
12.43824
24.87647
37.31471
48.95531
53.79703
67.77210
80.44358
91.79745
96.13308
109.05476
12.43824
24.87647
36.90669
49.34493
62.33992
72.86594
85.40155
96.49837
100.65698
102.53909
12.43824
24.17781
36.61605
47.95702
59.74130
72.59175
85.93615
99.12307
110.15372
123.46732
12.43824
24.87647
33.88878
46.96883
53.39767
66.09536
79.16909
92.15884
101.31125
114.76510
12.43824
24.87647
37.31471
49.43719
60.33550
73.49205
84.36864
86.72986
100.30384
113.16319
12.43824
24.87647
37.95929
51.09760
63.53583
74.13304
77.18128
89.61952
97.30036
110.23253
12.43824
24.87647
37.92533
50.00970
54.40047
66.71341
74.10515
75.25228
77.39717
89.39208
12.43824
23.01396
35.66953
48.10777
60.54601
72.79309
85.77002
88.97873
101.64587
110.56098
12.43824
24.87647
37.96715
45.77759
58.83399
67.34158
80.32986
93.64298
106.48040
117.53081
12.43824
25.62199
32.90878
45.84895
47.81237
61.63857
74.98860
87.70636
91.04401
103.93781
12.43824
24.87647
34.74473
47.14179
59.58003
72.71767
86.55151
94.68814
107.55972
119.86046
12.43824
24.87647
37.82818
44.18482
57.18735
69.62558
82.06382
91.12281
96.81358
105.25491
12.43824
25.45831
37.89654
50.87411
62.07317
72.06288
84.50112
94.34726
103.57701
112.85591
12.43824
24.87647
37.78541
50.22365
64.01968
76.96758
86.10599
99.23341
112.33736
116.91516
12.43824
21.85261
34.29085
47.42419
51.65855
64.88650
67.96610
80.40434
85.11410
91.39965
12.43824
24.87647
37.31471
49.75295
64.06200
77.79402
87.95049
92.31324
97.70147
110.13971
12.43824
24.87647
37.31471
49.25081
62.43780
74.87603
87.36468
98.43897
101.26970
106.07036
12.43824
24.87647
37.31471
50.52336
63.24028
72.92220
85.36044
98.40014
106.02034
120.03414
12.43824
24.87647
37.31471
49.75295
63.46639
75.25043
88.07564
97.09866
105.83856
114.60212
12.43824
24.54333
36.98157
50.15860
62.59683
69.68026
70.63720
83.07543
94.42703
96.71534
12.43824
24.87647
37.74660
50.18484
62.91702
75.99106
87.21298
99.46983
111.90806
120.08301
12.43824
24.87647
35.27067
47.70891
56.78728
69.09725
82.28394
89.54604
103.74894
114.96007
12.43824
24.87647
38.04615
50.87211
63.31035
76.36650
88.76830
101.77107
114.56689
128.48494
12.43824
24.87647
37.13928
46.85871
60.02174
72.63128
83.80581
95.88941
104.74518
115.37915
12.43824
21.96693
34.48831
46.85788
59.90886
72.34710
77.10255
90.12989
92.38262
102.72365
12.43824
24.87647
37.31471
49.63401
62.07224
70.77665
82.99231
96.05778
109.16327
118.69639
12.43824
24.87647
37.37923
49.81746
62.07953
65.67385
78.40387
91.28187
104.09249
108.97077
12.43824
24.87647
37.31471
41.68961
54.79980
62.36033
73.66194
86.54054
98.57368
108.40894
12.43824
24.87647
37.40179
50.15737
53.40075
66.52744
79.26255
89.47798
102.46754
112.88458
12.43824
14.51564
26.95388
39.86219
52.30042
65.44305
76.63126
89.06950
102.96947
113.97306
12.43824
24.87647
36.49127
43.23991
56.15508
69.47268
82.03278
94.97461
100.13075
105.53528
12.43824
24.87647
37.31471
50.26294
60.37263
72.81087
85.97829
98.53203
108.19902
111.43014
12.43824
24.87647
29.07564
42.26108
46.35624
58.79447
70.38428
75.36490
87.96162
101.50134
12.43824
24.87647
37.14010
49.02606
62.55674
75.29667
82.15716
88.57622
101.01445
103.35041
12.43824
23.36829
24.38328
36.82152
49.91893
59.14297
66.20926
79.30608
92.02887
97.33833
12.43824
24.87647
36.21563
48.71116
61.73657
74.17480
86.06742
99.06796
110.88616
123.59967
12.43824
24.87647
32.27550
40.14297
53.29599
65.73422
79.29067
89.28451
96.17862
101.53158
12.43824
24.87647
37.31471
51.20082
56.08227
68.52051
77.28364
91.28218
97.00819
105.56700
12.43824
24.87647
35.56263
48.00087
61.59145
66.35880
74.89944
86.64610
99.10438
103.78106
12.43824
21.45675
33.89498
46.73898
59.91182
72.60029
85.77957
96.39030
106.29481
120.14058
12.43824
24.87647
37.90561
50.89968
58.68067
66.56219
79.81797
92.57043
105.85470
109.87852
12.43824
25.06084
37.49907
47.29277
59.50423
72.01457
78.85508
87.93804
101.34345
102.13047
12.43824
24.87647
36.73630
48.71169
62.30817
65.50136
77.93960
91.10194
104.28372
107.82546
12.43824
24.87647
37.31471
50.47349
62.89149
75.83312
87.44892
100.26496
102.67363
116.24849
12.43824
24.84065
37.63155
50.80383
61.49058
73.92882
83.69569
85.83084
98.54405
111.57171
12.43824
24.87647
38.05828
50.94847
64.18178
77.36876
91.97960
104.04405
116.48229
130.40658
12.43824
24.94788
37.56756
50.00580
62.50869
75.53585
89.71316
91.73292
99.71530
110.43544
12.43824
24.87647
29.17487
41.61310
50.18364
60.57735
73.23841
80.61467
83.74973
91.33414
12.43824
24.87647
38.05396
49.37184
62.33265
74.77089
87.58420
100.09216
111.81640
124.74421
12.43824
25.57200
38.01024
45.63351
57.21567
69.76261
80.17649
87.76362
101.48821
113.92645
12.43824
24.87647
37.31471
49.85871
58.69216
68.54051
78.08004
88.31237
93.62104
104.06245
