12.43824
24.87647
37.31471
49.75295
59.59738
72.75980
85.19803
88.89546
93.26782
105.70605
12.43824
24.87647
37.31471
49.71888
62.51730
74.95554
85.36238
98.65839
106.56034
114.58604
12.43824
24.87647
37.31471
49.75295
55.20315
66.91260
79.77789
92.50802
101.57354
112.08985
12.43824
24.87647
37.31471
46.50978
58.62599
71.06422
80.58177
88.10328
99.91303
112.97145
12.43824
18.67308
31.11131
43.54955
55.98778
68.42602
75.08068
83.50012
92.86676
104.83337
12.43824
24.87647
37.31471
50.54205
60.38086
65.76817
78.20640
91.30506
100.59732
105.70878
12.43824
24.87647
37.31471
49.75295
54.57876
60.39775
74.12444
82.44620
89.00880
95.35118
12.43824
24.87647
38.09516
50.53340
62.97164
75.66211
85.69320
98.13143
108.18187
121.51622
12.43824
24.87647
30.74811
43.18635
52.22707
64.66531
70.53626
79.67905
92.11729
92.88852
12.43824
14.45793
27.05951
31.78353
44.22177
57.15284
70.19407
83.29079
95.72902
99.46781
12.43824
24.87647
37.31471
49.75295
57.46663
70.50011
83.20578
95.64402
99.43189
105.64210
12.43824
24.87647
34.57758
47.01581
60.14043
72.67020
85.10844
88.95409
102.13042
113.68059
12.43824
24.87647
37.31471
49.75295
62.64339
75.39694
86.42271
96.90025
102.13067
115.31683
12.43824
24.87647
32.52789
38.07202
50.51025
62.94849
75.98905
88.99714
100.83228
113.27052
12.43824
21.32245
33.76069
46.19892
59.24100
69.23584
73.96151
87.04288
95.45070
108.18535
12.43824
24.87647
31.63395
44.72071
53.88857
66.32763
74.19470
75.05254
87.72314
91.23422
12.43824
24.87647
37.31471
50.50089
62.93912
75.54218
88.46413
100.90237
106.21203
117.26775
12.43824
24.87647
36.79034
42.30923
53.04695
65.48519
78.65801
91.83980
104.52630
114.57509
12.43824
24.87647
37.31471
49.75295
62.19118
70.37715
83.49486
96.39540
108.69039
118.15195
12.43824
24.99173
38.08932
50.52756
62.96580
74.32551
86.76374
94.02396
104.98554
118.07769
12.43824
24.87647
37.69433
50.13257
63.27809
75.71632
78.52426
90.96250
94.82868
98.88841
12.43824
24.87647
30.10389
35.58324
48.02148
53.84412
66.28236
78.99331
91.92054
102.31185
12.43824
24.87647
37.66213
45.16190
58.10457
70.54281
82.98105
89.33364
102.54875
108.99165
12.43824
24.87647
37.31471
49.75295
54.59801
60.98483
72.77261
86.16535
99.31825
111.75648
12.43824
25.41354
37.85178
50.29001
63.39422
74.89039
88.00006
98.69787
99.31878
111.75702
12.43824
24.87647
37.31471
41.85699
54.29523
66.73347
77.77601
91.45173
104.71146
113.08295
12.43824
24.87647
37.31471
50.49416
62.93239
75.37063
80.16508
81.31584
95.07742
107.97383
12.43824
24.87647
37.31471
49.75295
54.91843
68.14603
77.26797
86.04374
98.85281
105.39884
12.43824
24.87647
37.31471
44.82658
57.26482
61.19573
72.94615
85.38438
91.74417
97.71063
12.43824
24.87647
37.31471
41.49690
50.68261
63.12085
75.55908
87.39519
91.67844
104.36292
12.43824
24.87647
37.31471
45.64504
58.08328
70.52151
83.70775
92.63174
105.34142
107.68812
12.43824
25.50807
37.94630
50.38454
62.82277
72.63716
80.07136
92.50960
104.89857
115.66941
12.43824
24.87647
37.70226
50.14050
63.11229
76.23940
88.96250
100.66921
109.70397
117.69049
12.43824
24.87647
32.23213
39.91463
52.35287
64.79111
73.77585
85.28815
87.72522
92.52323
12.43824
24.87647
37.01155
46.55442
59.72073
72.15897
74.54443
87.73133
96.17141
96.68898
12.43824
24.87647
37.31471
50.48929
63.59622
69.69848
79.92955
86.08450
97.84443
100.35955
12.43824
24.54540
36.98363
49.42187
57.14863
66.02379
78.67781
92.59887
95.22734
107.14749
12.43824
24.87647
37.31471
45.75955
58.30462
67.43062
79.86886
83.30963
93.50904
107.02628
12.43824
24.87647
37.31471
50.28807
62.72631
75.16455
81.13262
88.35978
95.24068
108.32275
12.43824
24.87647
37.31471
49.75295
60.24744
72.83423
78.99435
91.56195
104.78181
117.86460
12.43824
24.87647
37.31471
49.75295
61.85909
70.84726
83.28549
93.13546
98.09710
111.16010
12.43824
18.03639
30.47463
40.27344
52.91691
65.35514
68.67638
73.32886
84.24430
96.45265
12.43824
24.87647
37.83757
50.27581
62.71405
72.13996
84.57819
97.01643
100.05775
109.14149
12.43824
24.87647
37.31471
49.75295
63.09761
76.10177
79.74459
92.39218
97.54281
102.32206
12.43824
24.87647
37.49054
49.92877
62.36701
74.31655
79.41584
85.75476
93.82275
97.81665
12.43824
24.87647
37.53450
50.13781
62.57605
75.01428
81.27989
94.26368
107.45048
111.34964
12.43824
16.47246
21.70681
34.14504
40.64950
53.08774
65.22073
77.65897
78.42726
90.86549
12.43824
24.87647
37.78909
48.07363
60.51187
74.12684
79.29739
83.59877
95.93808
98.91460
12.43824
24.87647
26.06040
38.49864
50.21109
62.64933
64.78758
70.23271
74.24228
76.43357
12.43824
24.87647
37.31471
50.13901
56.95733
69.08795
78.63274
91.57206
95.06242
108.13260
12.43824
24.87647
33.19566
45.63390
58.07214
64.70269
77.53970
89.92139
99.86221
112.41600
12.43824
23.18459
35.62283
43.91656
57.09971
70.18883
82.62706
95.06530
105.43905
117.92904
12.43824
24.87647
36.84600
49.28424
52.33213
64.77037
77.36555
89.80379
91.26209
102.99298
12.43824
24.87647
37.31471
51.20222
64.25541
73.08772
77.58972
80.96414
94.17101
106.60924
12.43824
24.87647
38.00439
51.07017
63.50841
76.62437
78.60242
91.04065
95.38267
108.45616
12.43824
24.87647
37.31471
43.79743
46.45462
59.60703
66.86502
69.42758
73.74536
80.44896
12.43824
25.54804
37.98628
50.42451
62.86275
76.10925
88.55410
94.50219
107.68916
117.70402
12.43824
24.87647
37.31471
50.40525
63.47498
74.98090
87.41914
100.07831
112.51654
125.26092
12.43824
24.87647
31.83623
44.27447
47.30454
59.74278
70.16248
82.89234
84.36559
96.80383
12.43824
24.87647
37.48936
50.58988
63.02812
76.19311
88.63134
93.47510
96.46928
109.58947
12.43824
24.87647
37.31471
45.67879
58.11703
70.55526
82.99350
95.58342
103.64188
108.45928
12.43824
25.24272
37.68096
50.44798
61.38974
73.53727
85.97551
95.83299
104.81089
105.70871
12.43824
24.87647
37.31471
49.75295
59.07630
71.51454
82.86102
91.65445
104.09269
108.40635
12.43824
25.28993
37.72817
50.16641
54.54299
63.17283
73.22238
85.66062
92.13133
105.16410
12.43824
24.87647
37.31471
49.75295
62.85805
75.29629
82.89847
86.53773
96.39395
108.83218
12.43824
24.87647
37.31471
49.81156
62.73505
75.17329
88.80034
100.14508
109.60340
114.47584
12.43824
24.87647
37.31471
43.86347
56.30170
69.33214
81.39440
93.83263
106.37388
118.81212
12.43824
24.87647
37.31471
49.75295
63.59474
76.77634
89.21458
97.25944
104.04729
116.18636
12.43824
24.99140
37.42964
50.55880
62.99704
72.68352
78.60143
91.03966
103.53523
114.39301
12.43824
24.87647
37.31471
49.75295
59.40969
72.27284
84.80800
98.02620
110.46444
118.85069
12.43824
24.87647
37.71683
50.15507
61.12302
64.17210
76.61034
87.09850
99.98407
111.94569
12.43824
24.87647
32.21826
44.65650
57.09473
70.26516
83.40169
93.06945
105.25148
117.68971
12.43824
24.87647
37.31471
47.04163
59.47987
71.91811
85.02245
97.53654
103.36820
116.52295
12.43824
21.96115
34.39939
47.57066
60.00889
72.44713
79.49219
93.09350
97.60902
107.04416
12.43824
24.87647
37.31471
49.75295
59.91495
72.13820
73.28784
86.24881
98.70134
105.64588
12.43824
24.87647
37.31471
49.75295
62.88997
68.76221
80.96885
93.40709
106.59411
118.88098
12.43824
24.87647
37.31471
44.11694
56.55518
61.61744
74.80446
88.19866
101.37976
108.56446
12.43824
24.87647
37.90481
50.34305
55.51781
67.95605
80.39429
93.21431
105.65255
117.76015
12.43824
15.17794
27.61617
40.05441
52.49264
64.93088
78.08701
90.52525
98.95239
99.95959
12.43824
24.87647
36.51688
46.41553
58.85376
71.98984
84.45926
96.89749
106.63518
117.38485
12.43824
24.87647
37.31471
50.49598
60.58886
73.02710
85.46534
98.51846
111.73814
120.04659
12.43824
24.87647
33.26986
45.70810
50.60878
63.04702
75.91190
86.05468
99.22874
103.40142
12.43824
24.87647
37.33434
49.77257
62.95968
64.73597
67.60351
76.22442
88.84373
89.31980
12.43824
18.53729
21.38816
33.82640
46.26464
58.50814
69.49586
82.03190
94.47014
103.46731
12.43824
24.87647
37.13967
49.57790
62.59352
75.03175
88.16403
101.33607
111.77972
121.53401
12.43824
24.87647
33.44137
38.74406
51.18230
63.62053
76.05877
85.39171
98.20721
109.67801
12.43824
24.87647
37.31471
50.14091
52.72390
65.16214
74.87227
87.31050
93.03485
104.31146
12.43824
24.87647
37.77545
50.21369
62.65192
65.89018
77.55052
90.68344
103.70629
111.17162
12.43824
23.50462
35.94286
48.38109
60.77760
73.21584
85.65407
88.89708
95.49751
107.93574
12.43824
24.87647
37.83662
51.00536
56.58487
58.60889
71.75563
84.36945
96.80769
104.08076
12.43824
24.87647
37.31471
50.48220
63.15927
75.59751
81.64754
93.83607
106.27431
111.01677
12.43824
24.87647
37.31471
50.29085
62.72909
74.80420
87.24244
99.68067
103.58305
108.18541
12.43824
24.87647
37.31471
50.27231
63.06714
75.50538
81.72443
95.26439
99.72115
112.69893
12.43824
25.58134
38.01958
45.35635
57.59045
70.02868
77.11639
79.77469
92.96059
105.59956
12.43824
24.87647
37.31471
50.49999
62.93822
75.42509
79.87419
89.78924
102.22748
113.66804
12.43824
24.87647
37.71152
50.14976
62.90270
74.89069
87.19776
92.11205
105.18141
107.13554
12.43824
24.87647
31.24475
43.68299
55.82776
68.16748
81.06589
90.78167
99.70409
109.85158
12.43824
24.87647
37.49292
44.59066
57.68659
70.12482
79.43970
92.04712
102.57229
115.01053
12.43824
24.97592
37.41416
48.56254
61.06544
73.50368
82.57755
92.70991
106.21347
118.65171
12.43824
24.87647
37.31471
49.75295
60.98171
72.26412
84.73055
87.24918
90.55046
96.68749
