12.43824
24.87647
37.31471
49.75295
62.77665
75.21489
87.65312
100.09136
106.89764
119.33587
12.43824
24.87647
37.31471
50.50074
62.93898
75.37721
87.81545
100.36924
113.54009
126.53489
12.43824
24.87647
37.31471
49.75295
58.23127
71.41259
84.33089
96.76913
108.39371
121.15966
12.43824
24.87647
37.31471
46.11366
58.91373
71.35197
84.47377
96.91201
110.05638
122.74992
12.43824
19.33816
31.77640
44.21463
56.65287
69.09111
77.45210
90.62857
103.65756
116.37510
12.43824
24.87647
37.31471
49.75295
61.71003
68.83970
81.27793
93.71617
104.93447
118.36072
12.43824
24.87647
37.31471
49.75295
56.91861
67.46882
79.90706
93.09400
101.55011
108.28629
12.43824
24.87647
37.31471
49.75295
62.19118
74.62942
87.10453
99.54277
113.43264
126.60888
12.43824
24.87647
35.97782
48.41605
61.60307
74.04131
84.08258
97.17758
109.61581
122.50919
12.43824
15.31039
28.42697
42.16361
54.60185
67.04008
79.47832
91.91656
104.35479
117.49512
12.43824
24.87647
37.31471
49.75295
62.19118
74.66887
87.12797
99.56621
112.75173
125.18997
12.43824
24.87647
35.95723
48.39547
60.83371
73.89997
86.33820
97.71253
110.15076
122.58900
12.43824
24.87647
37.31471
49.75295
62.19118
74.62942
87.53453
100.62665
113.67480
126.11304
12.43824
24.87647
37.64941
48.97065
61.40889
73.84713
86.83784
99.27607
112.44207
124.88031
12.43824
24.87647
37.31471
49.75295
62.19118
75.35450
80.83228
93.27052
104.57255
117.06491
12.43824
24.87647
37.31471
49.75295
62.27287
74.71110
87.69790
90.87837
103.31660
111.96487
12.43824
24.87647
37.31471
49.75295
62.19118
74.62942
87.06765
99.50589
109.73800
122.77261
12.43824
24.87647
37.31471
51.19502
63.84145
76.27968
88.71792
101.15615
114.28526
126.72350
12.43824
24.87647
37.31471
49.75295
62.19118
75.17984
87.61808
100.05631
111.47363
123.99647
12.43824
24.87647
37.31471
49.75295
62.19118
74.62942
87.06765
100.11957
112.71438
125.36951
12.43824
24.87647
37.83608
50.27432
62.71256
75.15079
78.27498
90.71322
98.82084
111.88256
12.43824
24.87647
36.48419
41.30054
53.73877
66.17701
78.61525
91.05348
103.49172
116.16441
12.43824
24.87647
37.31471
50.27143
62.70966
75.14790
87.58614
100.02437
112.46261
122.75043
12.43824
24.87647
37.31471
49.75295
59.72113
72.83500
85.33702
97.77525
110.21349
122.65172
12.43824
24.87647
37.31471
49.75295
62.19118
75.30810
87.74634
101.38479
109.33146
121.76969
12.43824
24.87647
37.31471
49.75300
62.19124
74.62948
87.30574
99.74398
112.18221
125.01113
12.43824
24.87647
37.31471
49.75295
62.19118
74.62942
83.58937
88.68109
101.33538
113.77361
12.43824
24.87647
37.31471
49.75295
62.69225
75.13048
88.31309
100.95209
113.55720
119.54658
12.43824
24.87647
37.31471
49.75295
62.19118
71.54413
84.54913
96.98737
108.64775
116.16610
12.43824
24.87647
37.31471
49.15755
59.06791
71.50615
83.94438
97.60624
109.70751
122.90368
12.43824
24.87647
37.31471
50.39000
62.82823
75.26647
87.70470
100.09204
113.21445
125.99135
12.43824
24.87647
37.31471
49.75295
62.19118
74.89411
88.08030
100.51853
112.95677
125.91244
12.43824
24.87647
37.31471
49.75295
62.19118
74.62942
87.06765
100.38895
113.48984
124.77653
12.43824
24.87647
37.31471
47.98685
60.42508
72.86332
85.30156
98.46247
111.27401
124.54008
12.43824
24.87647
38.05931
49.62764
62.71881
75.15705
78.34309
90.78133
103.79067
104.87208
12.43824
24.87647
37.31471
49.75295
62.19118
73.19984
86.37536
98.81360
111.25184
123.58609
12.43824
24.87647
37.31471
49.75295
62.19118
74.62942
87.09322
99.53146
102.69428
115.45535
12.43824
24.87647
37.31471
49.94025
62.37849
75.28680
87.72504
93.11418
105.59290
118.04251
12.43824
24.87647
37.31471
49.75295
62.19118
74.62942
85.69733
98.17053
110.60877
123.04700
12.43824
24.87647
37.31471
49.75295
62.19118
74.77425
87.99821
100.50445
112.99718
125.43541
12.43824
24.87647
37.31471
49.75295
62.07385
74.19915
86.63738
99.19209
103.09548
115.53372
12.43824
25.38190
37.82014
49.94466
62.38290
74.82113
87.79494
99.76649
112.37918
124.81741
12.43824
24.87647
37.31471
49.75295
62.19118
73.57271
86.01094
98.44918
105.01906
117.32223
12.43824
24.87647
37.31471
49.75295
62.19118
74.62942
83.70026
96.13849
104.61610
115.63802
12.43824
24.87647
37.31471
49.75295
62.19118
74.62942
82.29331
91.20670
102.99749
115.43572
12.43824
24.87647
37.31471
50.47096
62.90920
75.34743
76.90158
89.77934
102.21758
110.32847
12.43824
24.87647
35.23188
47.67012
55.90526
68.34350
80.90949
93.34773
95.43676
107.87500
12.43824
24.87647
37.31471
49.98441
62.42265
74.86088
87.98183
97.87210
110.65867
123.09690
12.43824
24.87647
37.41111
49.84935
62.93289
75.37113
84.47644
92.02133
99.27063
112.68967
12.43824
24.87647
37.31471
49.75295
57.80608
70.24431
81.34521
93.78345
106.87250
119.31074
12.43824
24.87647
36.96961
49.40784
61.84608
74.28473
86.72297
99.16121
112.88890
125.94209
12.43824
25.60666
38.04490
46.29509
58.73333
71.17156
83.60980
96.04803
107.18687
119.62510
12.43824
24.87647
37.96830
50.40654
58.98355
71.42178
83.86002
96.29826
104.12800
117.13623
12.43824
24.87647
37.31471
49.75295
62.19118
69.73040
82.91723
96.09683
108.53507
120.97330
12.43824
24.87647
37.31471
49.75295
62.19118
74.62942
81.26255
93.70079
107.02367
119.46191
12.43824
24.87647
37.31471
46.12313
52.00871
64.44694
77.53312
86.19126
93.37616
100.24858
12.43824
24.87647
37.31471
49.75295
62.19118
74.62942
87.06765
99.72140
112.15964
126.04983
12.43824
24.87647
37.31471
49.75295
62.19118
74.78780
87.22604
99.66428
112.10251
124.54075
12.43824
24.87647
35.70698
48.14522
56.18106
68.61929
81.08008
93.51832
99.63136
112.06960
12.43824
24.87647
37.31471
49.75295
62.19118
74.62942
87.06765
100.17357
112.23452
124.67276
12.43824
24.87647
37.31471
49.75295
62.19118
74.62942
87.06765
100.15429
111.74986
124.24271
12.43824
24.87647
37.31471
49.75295
62.78823
75.22647
87.66470
100.72018
113.28044
125.53372
12.43824
24.87647
37.31471
49.75295
62.93628
75.37452
88.39521
101.46958
113.90782
126.97135
12.43824
24.87647
37.31471
49.75295
62.81490
73.89142
87.15645
99.59468
111.12872
124.35675
12.43824
24.87647
37.31471
49.75295
62.19118
74.62942
87.06765
99.28286
111.72109
124.15933
12.43824
24.87647
37.31471
49.84349
62.49547
74.93371
87.37195
99.81018
112.82968
122.97930
12.43824
24.87647
37.31471
46.55609
58.99432
71.43256
84.43381
96.87205
109.52492
121.96316
12.43824
24.87647
37.31471
49.75295
62.19118
74.62942
87.06765
99.50589
110.64492
123.60293
12.43824
24.87647
37.31471
49.75295
62.19118
74.79057
87.22881
99.66704
112.10528
125.26163
12.43824
24.87647
37.31471
49.75295
62.76257
75.20081
87.63904
100.07728
112.51552
123.97308
12.43824
24.87647
37.66150
50.09973
62.72822
69.64815
82.08638
94.97278
108.15606
120.59430
12.43824
24.87647
37.12069
49.55892
61.99716
74.43540
86.87363
99.31187
111.75010
124.18834
12.43824
24.87647
37.31471
50.49458
62.93282
75.37105
87.80929
100.24752
108.09783
120.53607
12.43824
24.85563
37.29387
49.73211
62.17034
74.60858
87.04681
99.48505
112.06830
124.77368
12.43824
24.87647
37.31471
49.75295
61.80007
74.71319
86.71886
99.15710
111.59533
124.83369
12.43824
24.87647
37.31471
49.75295
62.19118
75.17209
88.35601
100.79425
113.23249
125.67072
12.43824
24.87647
37.31471
49.79178
62.23002
65.77618
78.21442
90.87312
103.31135
114.42165
12.43824
24.87647
37.31471
49.75295
59.53827
71.97651
84.41474
96.85298
109.29122
121.72945
12.43824
24.22100
36.65924
49.09747
61.53571
73.97395
86.41218
98.85042
108.49387
116.40967
12.43824
24.87647
37.82216
51.00875
63.44698
76.11669
88.55493
100.99317
114.16791
127.28539
12.43824
24.87647
37.31471
49.75295
62.19118
74.62942
87.06765
99.50589
112.52734
124.34608
12.43824
24.87647
35.10384
47.54207
59.19377
71.63200
84.07024
97.25356
110.32157
122.49448
12.43824
24.87647
37.31471
49.75295
62.19118
73.42983
82.69819
95.43341
107.87165
110.23679
12.43824
25.40286
31.64389
44.08213
56.52036
69.15677
82.26806
94.70629
107.14453
119.66252
12.43824
24.87647
37.62098
50.05921
62.49745
74.93568
87.76015
100.19838
108.66725
121.63969
12.43824
24.87647
37.31471
46.99187
59.43010
71.86834
84.30658
96.57101
109.31179
122.43707
12.43824
24.87647
37.31471
49.75295
59.19279
71.63103
84.29841
96.73665
109.30834
122.49527
12.43824
24.87647
37.37270
49.81093
62.24917
72.66480
85.83607
98.27431
110.71254
124.21792
12.43824
24.87647
37.31471
49.75295
62.19118
74.62942
87.06765
100.03320
105.76868
118.20692
12.43824
24.87647
37.31471
49.75295
62.19118
75.35440
87.79264
100.23087
112.66911
125.10734
12.43824
24.87647
37.31471
49.75295
62.19118
74.62942
86.53574
99.71765
112.15589
125.17188
12.43824
24.87647
37.31471
49.75295
62.19118
75.35152
87.78976
100.22799
112.48771
122.66176
12.43824
24.87647
37.31471
49.75295
62.68387
75.12211
83.56323
96.00147
103.50433
115.94257
12.43824
24.87647
37.31471
48.33281
61.46414
73.90238
81.62820
89.24631
101.68455
114.12278
12.43824
24.87647
37.31471
49.75295
62.19118
74.62942
87.75512
99.83458
112.27282
124.71105
12.43824
24.87647
37.96899
50.40722
62.84546
76.57771
89.40505
102.41726
114.85550
123.15615
12.43824
24.87647
37.38471
49.82295
62.26118
75.44804
87.88627
101.00147
114.42924
127.49650
12.43824
24.87647
37.31471
49.79564
62.23387
74.67211
87.21057
99.64881
112.18818
124.62641
12.43824
24.87647
37.31471
50.19602
62.63426
75.07250
87.69253
100.74331
113.18154
125.61978
12.43824
24.87647
37.31471
49.75295
62.68992
75.70672
88.75913
94.33619
99.82196
112.26019
