12.43824
24.87647
37.31471
49.75295
61.50232
74.25616
86.69439
99.13263
111.57087
124.00910
12.43824
24.87647
37.31471
50.50090
63.50118
75.93942
88.38419
101.57008
114.65772
126.42205
12.43824
24.87647
37.31471
49.75295
56.00150
68.43974
81.44706
93.88530
105.06588
118.17029
12.43824
24.87647
37.31471
45.85371
58.29195
70.73018
82.60768
93.26255
105.70079
118.13903
12.43824
25.06676
37.50500
49.94323
62.38147
74.81971
87.59548
100.76627
113.20451
125.79967
12.43824
24.87647
37.31471
50.28646
62.72469
68.51849
80.95673
93.86388
106.65972
120.09577
12.43824
24.87647
37.31471
49.75295
62.20594
74.28820
86.72643
99.89554
107.59027
120.62766
12.43824
25.53602
38.79351
51.23175
63.66998
75.45395
87.89219
101.09859
113.53682
125.97506
12.43824
24.87647
36.92614
49.36437
60.61632
73.05456
84.70997
94.67921
107.11745
120.05632
12.43824
20.65050
33.65171
46.08995
58.52818
70.99925
84.08726
96.52549
108.96373
121.79654
12.43824
24.87647
37.31471
49.75295
57.75880
70.19704
82.63527
95.07351
107.51175
120.18623
12.43824
24.87647
36.68054
49.11878
62.27932
73.96745
86.40569
98.93359
112.01970
123.73971
12.43824
24.87647
37.31471
49.75295
62.93487
75.78723
87.47786
97.67648
111.19593
123.63416
12.43824
24.87647
34.34421
41.27103
53.70927
66.14751
78.74825
91.36486
103.13803
116.88841
12.43824
23.24895
35.68718
48.12542
60.56366
73.58263
80.96544
93.44786
106.05479
118.49302
12.43824
24.87647
37.31471
49.91475
62.35298
74.79122
86.63324
99.16038
111.59861
118.00174
12.43824
24.87647
37.31471
50.49994
62.93818
75.37642
88.55683
100.99507
114.86847
127.30671
12.43824
24.87647
37.31471
50.32740
63.45807
75.89630
88.33454
100.77277
111.99670
125.71300
12.43824
24.87647
37.31471
49.75295
62.19118
74.78708
87.22532
100.12231
113.88891
126.75917
12.43824
22.88828
35.02566
47.46390
60.61079
73.04902
85.48726
93.87173
101.43302
114.60056
12.43824
24.87647
38.06341
50.50164
63.59848
76.03671
88.17493
100.61316
113.46708
120.41015
12.43824
24.87647
31.73237
44.17060
56.60884
63.75435
76.19258
89.07464
101.51288
110.62543
12.43824
24.87647
37.31471
50.45315
62.89139
75.32963
87.76786
95.92575
108.36398
117.62730
12.43824
24.87647
37.31471
49.75295
62.19118
72.01156
85.00603
97.44427
109.88251
122.49981
12.43824
24.87647
37.31471
49.75295
62.19118
72.27602
84.71426
97.15249
110.26017
122.69841
12.43824
24.87647
37.31471
49.75295
62.19118
74.62942
87.06765
99.50589
112.62392
125.06216
12.43824
24.87647
37.31471
49.75295
62.19118
74.62942
87.80657
100.64550
113.08379
125.52203
12.43824
24.87647
37.31471
49.75295
61.09072
74.17998
86.61822
97.77387
110.90205
123.34028
12.43824
24.87647
37.31471
49.75295
62.19118
69.56188
82.58015
95.01839
107.60250
119.30588
12.43824
24.87647
37.31471
47.50018
58.93241
71.37064
83.80888
96.57915
109.01739
121.90074
12.43824
24.87647
37.31471
50.23629
62.67453
75.11276
87.55100
100.00366
113.09824
118.35037
12.43824
24.87647
37.31471
49.75295
62.19118
74.62942
87.19014
99.62837
112.81414
125.25238
12.43824
24.87647
37.31471
49.75295
62.19118
75.14573
87.58397
101.47392
114.16440
125.91059
12.43824
24.87647
32.72010
44.11473
56.55297
68.99121
82.16839
95.26330
108.25108
113.93816
12.43824
24.87647
37.94242
51.22135
63.72303
76.16586
85.94579
98.99798
111.40192
119.47394
12.43824
24.87647
37.31471
49.18652
61.62476
74.51716
86.95540
99.39363
110.97127
123.98489
12.43824
24.87647
37.31471
49.75295
62.19118
72.22501
84.66324
97.88665
104.48410
116.99781
12.43824
24.87647
37.31471
47.63429
60.07253
69.91865
82.99535
95.43358
108.42383
120.86207
12.43824
24.87647
37.31471
49.75295
62.19118
74.62942
87.06765
99.88966
112.52859
125.92836
12.43824
24.87647
37.31471
49.75295
62.19118
74.62942
88.49827
100.93650
113.37474
126.00950
12.43824
24.87647
37.31471
49.75295
61.58847
73.26255
85.70079
98.28585
111.47251
123.91075
12.43824
24.87647
37.31471
48.63720
61.29757
73.73580
86.17404
96.58532
107.16774
120.34824
12.43824
24.87647
37.31471
49.75295
62.19118
74.27506
86.71330
99.15153
107.54344
119.77007
12.43824
24.87647
37.31471
49.75295
61.17317
74.08496
87.80976
101.16845
108.87642
119.45611
12.43824
24.87647
37.47456
49.91280
62.35103
75.03350
88.20579
96.79049
109.73035
115.09963
12.43824
24.87647
37.31471
49.99789
62.43613
74.87437
76.94663
89.46228
101.90052
114.38057
12.43824
23.55245
31.36756
43.80580
57.05714
69.49537
81.22388
93.66211
98.86445
111.30269
12.43824
24.87647
37.31471
49.00650
61.44473
74.36578
86.27193
98.80927
111.40802
124.52530
12.43824
24.87647
26.53585
38.97409
51.41232
63.85056
76.50431
89.18898
95.02872
97.41165
12.43824
24.87647
37.31471
50.35093
63.53797
76.63180
89.13417
102.26396
108.03206
120.61397
12.43824
24.87647
36.79522
49.23346
62.34830
68.83996
81.27820
89.77120
98.92909
111.42018
12.43824
23.31567
35.75391
48.87773
61.86564
74.42507
86.86330
99.30154
111.78384
124.22208
12.43824
24.87647
37.79491
50.23315
60.79335
73.23159
85.66982
98.10806
111.58781
124.34881
12.43824
24.87647
37.31471
50.32457
62.76281
75.20105
87.12582
96.39838
108.83662
121.27485
12.43824
24.87647
37.31471
50.06975
62.50799
74.94623
87.38446
99.82270
110.72811
123.05549
12.43824
24.87647
37.31471
50.48627
60.22389
72.66213
85.10036
97.77849
104.11650
118.03028
12.43824
24.87647
37.31471
49.75295
62.19118
74.62942
87.06765
92.12634
104.56458
117.70025
12.43824
24.87647
37.31471
49.75295
62.64878
75.78198
88.22022
100.65845
113.09669
125.53493
12.43824
24.87647
37.35246
49.79070
59.82398
72.26222
84.70045
96.56990
102.71610
115.15433
12.43824
24.87647
37.31471
49.75295
62.19118
74.62942
87.49230
99.68644
111.78662
124.22486
12.43824
24.87647
37.31471
49.75295
62.19118
74.62942
87.06765
100.17611
113.94778
122.23949
12.43824
25.10044
37.53867
50.19623
63.32861
76.49489
85.69627
93.99755
104.17328
117.67289
12.43824
24.87647
37.31471
49.75295
62.19118
74.62942
88.41566
98.04875
110.53556
122.74669
12.43824
24.87647
37.31471
49.75295
56.26277
68.70100
81.06791
94.25272
106.69095
119.12919
12.43824
24.87647
37.31471
49.75295
62.38544
74.82367
88.39263
100.51886
112.95709
125.39533
12.43824
24.87647
37.31471
49.75295
62.71161
75.14985
88.38683
99.67020
112.10844
117.11239
12.43824
24.87647
37.31471
49.89677
62.33501
75.86691
88.30514
100.74338
113.49121
125.92944
12.43824
24.87647
37.31471
49.75295
63.42613
76.20360
88.64184
101.61922
113.06152
125.25135
12.43824
25.41635
37.85459
50.14384
62.58208
75.55889
80.05952
92.49776
105.62860
119.16179
12.43824
24.87647
37.31471
49.87470
58.81503
71.25327
83.69150
96.12974
108.56798
114.21840
12.43824
24.87647
37.31471
49.75295
62.46136
75.22278
87.66102
95.50342
107.92273
120.36097
12.43824
24.87647
37.47942
49.91765
62.35589
74.79413
87.23236
99.85990
112.30155
124.73978
12.43824
24.87647
37.31471
49.63402
62.07225
74.51049
86.94873
99.38696
112.20600
124.64423
12.43824
25.59576
38.03400
50.47223
62.91047
75.34871
89.14524
101.58348
114.52317
127.70900
12.43824
24.87647
37.31471
49.75295
63.24497
75.68320
81.54658
93.98482
106.42305
115.61034
12.43824
24.87647
37.31471
49.75295
62.19118
76.09448
88.29526
100.73350
113.62106
126.24572
12.43824
24.87647
37.31471
49.75295
62.19118
71.06471
83.50295
96.20621
108.64444
120.96078
12.43824
24.87647
37.31471
49.75295
62.47268
74.91091
87.36420
100.02216
112.46039
123.80768
12.43824
24.87647
37.31471
49.75295
62.19118
74.62942
87.06765
99.50589
104.78886
116.99350
12.43824
24.87647
36.01861
48.87664
61.31487
73.75311
86.19135
98.62958
111.79140
124.47390
12.43824
24.87647
37.31471
49.75295
62.19118
74.62942
87.06765
99.50589
112.10038
124.63704
12.43824
24.87647
35.78995
48.22818
58.78158
71.21982
84.15755
94.88307
107.86941
116.56928
12.43824
24.87647
37.58152
50.01976
62.35090
74.78914
78.54780
87.65369
100.09193
109.72797
12.43824
24.87647
28.68429
41.12253
53.56077
66.70451
79.73643
92.79048
105.22871
114.58781
12.43824
24.87647
38.02363
50.46186
63.47028
75.90851
88.34675
100.78498
110.53586
122.98884
12.43824
24.87647
34.98724
47.42548
59.86371
72.30195
84.74019
97.17842
111.00400
124.06052
12.43824
24.87647
37.31471
49.75295
61.28674
73.72497
85.05820
97.49644
109.93467
122.71806
12.43824
24.87647
37.31471
49.75295
62.68102
65.94474
79.13446
91.57269
104.01093
117.44294
12.43824
25.61926
38.05749
50.49573
64.28325
76.72149
90.18557
101.72870
105.35301
117.79125
12.43824
24.87647
37.31471
49.53134
62.47914
75.11599
87.55423
99.99246
112.47065
119.95990
12.43824
25.49246
37.93069
50.99727
63.43550
75.98547
89.14736
99.90260
112.55031
122.57372
12.43824
24.87647
37.31471
50.01558
62.45382
75.69011
88.12834
100.56658
107.27723
120.00670
12.43824
24.87647
37.31471
49.75295
62.29955
74.73779
83.18343
95.62167
102.91520
115.55436
12.43824
24.87647
37.31471
47.59090
60.02913
72.46737
81.90899
95.17118
107.60941
120.04765
12.43824
24.87647
37.31471
49.18763
61.62586
74.06410
86.54402
99.55701
112.68246
125.86833
12.43824
24.87647
37.99818
50.43642
62.87466
75.83966
89.02581
102.76721
115.20544
127.64368
12.43824
24.87647
37.31471
49.75295
62.19118
75.26029
87.69852
98.56474
111.74998
124.93495
12.43824
24.87647
37.31471
50.48376
62.92199
75.36023
87.55834
100.72682
113.78522
126.22346
12.43824
24.87647
37.31471
49.99381
62.43205
74.87028
87.99041
100.42864
112.86688
125.30512
12.43824
24.87647
37.31471
49.75295
62.19118
74.62942
87.41801
100.52866
113.48949
126.53578
