12.43824
24.87647
37.31471
49.75295
62.93041
72.31861
84.75685
96.20020
103.21250
116.30369
12.43824
24.87647
37.31471
50.32319
62.76142
75.19966
88.27302
100.71126
113.14949
126.25277
12.43824
24.87647
37.31471
50.00942
63.18660
76.35610
88.79434
101.23257
113.67081
126.10905
12.43824
24.87647
37.31471
43.46988
54.80538
67.24362
79.68185
92.60805
105.78389
118.22213
12.43824
24.87647
37.31471
49.75295
62.19118
74.62942
87.81137
100.71152
113.14975
126.61712
12.43824
24.87647
37.31471
50.22307
60.08226
72.52049
84.95873
97.39696
110.53241
124.41443
12.43824
24.87647
37.31471
49.75295
62.19118
75.37788
87.81612
97.86431
111.20864
117.38400
12.43824
24.87647
37.31471
49.75295
62.19118
74.62942
87.06765
99.50879
112.07106
124.59771
12.43824
24.87647
37.87968
50.31791
59.30421
71.74244
84.18068
95.81459
108.25283
120.20902
12.43824
24.87975
38.02105
48.35738
60.79562
73.23385
85.67209
98.11033
110.54856
113.40997
12.43824
25.56907
38.00731
50.44554
58.80026
71.27883
83.99797
96.43620
108.87444
121.95716
12.43824
24.87647
37.31471
49.75295
62.25445
74.69269
87.13092
99.65263
112.09087
125.11145
12.43824
24.87647
37.31471
49.75295
61.87737
74.31561
84.98465
97.67635
104.78296
117.22119
12.43824
24.87647
35.25412
43.77771
56.21595
68.65419
81.46881
94.44109
105.85492
118.29315
12.43824
24.87647
37.31471
49.75295
62.19118
75.14551
88.07298
100.51122
111.29761
124.21328
12.43824
24.87647
33.76780
46.20603
58.64427
71.08251
83.92812
86.22956
98.66779
111.10603
12.43824
24.87647
37.31471
49.75295
62.19118
74.62942
87.06765
100.88173
113.42122
126.00735
12.43824
24.87647
37.31471
43.39976
54.81646
67.25470
79.69293
92.13117
105.08114
112.71215
12.43824
24.87647
37.31471
49.75295
62.19118
70.42654
82.86477
96.11067
108.89797
120.31193
12.43824
24.87647
37.31471
49.75295
62.19118
75.07854
87.51678
100.30463
111.94188
124.38011
12.43824
24.87647
38.05590
50.49414
63.59401
76.18869
85.29619
98.80003
107.18906
119.67431
12.43824
24.87647
34.43257
39.47092
51.90916
64.68535
77.12359
89.58885
102.59645
115.03469
12.43824
24.87647
37.31471
47.66986
60.79337
73.23161
85.66984
98.39055
110.83178
115.85223
12.43824
24.87647
37.95685
50.39508
62.83332
69.32558
82.88240
95.32063
107.84902
120.28726
12.43824
24.87647
37.31471
49.75295
62.19118
74.62282
87.38588
99.95336
113.13278
125.57101
12.43824
24.87647
37.31471
41.13507
53.57331
66.01155
78.44978
90.88802
103.32625
114.42047
12.43824
24.87647
37.31471
49.75295
62.19118
74.62942
81.40533
89.15191
101.59015
114.02838
12.43824
24.87647
37.31471
49.75295
56.05195
68.49019
80.85068
93.50512
105.94335
118.13939
12.43824
24.87647
37.31471
49.75295
62.19118
69.20254
82.44390
94.88214
107.95819
120.95228
12.43824
24.87647
37.31471
50.41830
58.12508
70.56331
83.00155
96.18663
106.06927
118.50751
12.43824
24.87647
37.31471
49.75295
62.19118
75.37795
88.39993
100.83817
114.02298
127.09544
12.43824
24.87647
37.31471
49.75295
62.19118
74.62942
86.91721
99.35545
111.79369
124.23192
12.43824
24.87647
37.31471
49.75295
62.19118
74.62942
87.06765
99.09605
111.53428
123.99213
12.43824
24.87647
37.31471
48.53963
60.97786
73.41610
85.89242
98.52679
109.65308
122.22452
12.43824
24.87647
37.71225
47.82693
61.45604
73.89427
82.02711
94.81821
107.25644
115.30478
12.43824
24.87647
37.31471
50.53645
63.16163
69.01631
82.23692
89.49350
98.38724
110.82548
12.43824
24.87647
37.31471
49.75295
62.75678
75.82595
88.54504
100.98653
114.69738
127.62908
12.43824
24.87647
37.31471
45.61869
58.05693
70.49517
82.93340
96.09561
108.53384
120.97208
12.43824
24.87647
37.31471
49.75295
62.19118
74.62942
87.06765
99.50589
111.94413
125.02762
12.43824
24.87647
37.31471
49.75295
62.86262
75.30086
84.61615
97.05439
109.49263
122.36451
12.43824
24.87647
37.31471
49.75295
62.23777
74.43352
86.87175
99.30999
111.74822
124.18646
12.43824
20.53263
32.97087
37.32682
49.76506
62.20329
74.64153
87.90519
100.94314
113.78120
12.43824
24.87647
37.31471
49.75295
62.19118
74.62942
87.81526
100.50514
110.80870
119.16245
12.43824
24.87647
37.31471
49.75295
62.78015
75.21838
88.49161
100.92984
107.91482
120.90713
12.43824
24.87647
37.31471
49.75295
62.19118
73.08082
85.51906
97.95730
110.39553
123.58308
12.43824
24.87647
37.84369
50.28193
62.72016
75.15840
81.61177
94.54867
106.98691
118.27739
12.43824
25.42117
35.49879
47.93702
57.17756
69.61580
82.05404
94.49227
98.00575
110.44399
12.43824
24.87647
37.31471
49.75295
62.19118
75.36904
79.91796
92.72135
105.10803
114.58700
12.43824
24.87647
37.31471
50.13055
63.29646
75.73469
76.83414
88.90799
92.44312
104.88135
12.43824
24.87647
37.31471
49.98301
62.42125
74.85949
85.76641
95.29500
107.73323
120.17147
12.43824
24.87647
37.31471
49.75295
62.51849
70.97384
83.41208
95.92519
107.27171
116.01307
12.43824
24.87647
37.31471
50.36833
63.30974
75.74798
88.18622
101.12098
113.55921
126.33448
12.43824
24.87647
37.56950
50.00774
60.65284
73.09108
85.52931
97.96755
110.67348
123.11172
12.43824
24.87647
37.49941
46.55891
58.99715
71.43538
76.58655
89.34537
101.78360
114.22184
12.43824
24.87647
37.31471
50.48156
62.91980
75.89446
82.53885
94.97709
104.94733
117.52456
12.43824
24.87647
37.31471
50.07381
59.92193
72.36017
83.65270
96.19896
101.58760
114.67909
12.43824
24.87647
37.31471
49.75295
62.19118
74.85179
87.29003
100.36234
112.80057
124.63548
12.43824
24.87647
37.31471
49.75295
62.19118
75.28558
87.72382
100.16206
112.99242
125.43066
12.43824
25.50257
37.94081
50.37905
63.13936
75.57759
87.47356
100.34037
105.87314
118.81477
12.43824
24.87647
38.05545
50.56032
62.99856
75.47061
87.90885
101.51621
111.44301
123.88124
12.43824
24.87647
37.31471
50.14841
62.58664
75.02488
87.46311
99.90135
112.33959
125.46538
12.43824
24.87647
37.31471
49.75295
62.81544
75.94761
88.38585
101.53274
112.74964
125.69870
12.43824
24.87647
37.31471
49.75295
62.72211
75.16034
88.34120
101.45751
113.89575
122.57947
12.43824
25.29001
37.72824
50.16648
62.60472
75.04295
87.84691
100.28514
113.47099
125.90923
12.43824
24.87647
37.31471
49.75295
62.23259
74.67083
85.68605
98.12429
111.29600
123.73424
12.43824
24.87647
37.31471
49.75295
61.89840
74.33663
86.77487
99.54365
109.25885
118.22855
12.43824
24.87647
37.31471
50.33918
62.77741
75.88760
88.59539
101.03362
114.04161
126.47985
12.43824
24.87647
37.31471
49.75295
62.76366
75.20189
87.64013
98.55913
110.46761
122.90585
12.43824
24.87647
37.31471
49.94878
62.38701
72.02985
84.64076
97.07899
109.52123
122.37364
12.43824
24.87647
37.31471
49.75295
62.19118
74.62942
87.47251
100.55595
112.99418
125.43242
12.43824
24.87647
37.56166
49.99990
62.43813
67.37138
79.80962
92.24785
104.68609
117.12432
12.43824
24.87647
32.40543
44.84367
57.28191
69.72014
82.88526
95.48503
107.92327
120.36151
12.43824
24.87647
37.31471
50.58869
63.02692
75.46516
88.62592
101.57527
112.80467
125.24291
12.43824
24.87647
37.31471
49.75295
62.19118
74.62942
84.75412
97.81056
106.51736
117.48815
12.43824
24.87647
37.31471
49.75295
62.19118
74.91772
86.23484
99.38473
111.82297
125.00804
12.43824
24.87647
37.31471
49.75295
62.19118
74.62942
87.06765
99.50589
112.18444
124.62268
12.43824
24.87647
37.31471
44.82987
57.26811
69.84195
82.28018
94.73284
107.17108
118.90256
12.43824
24.87647
37.97958
50.41782
61.07673
73.51496
85.95320
99.13805
111.57628
124.69672
12.43824
16.20466
28.64290
41.08113
53.51937
66.36776
78.86982
91.30806
98.64699
112.39321
12.43824
24.87647
37.31471
50.00749
62.44572
75.57047
88.00870
101.08450
113.52274
127.18663
12.43824
24.87647
37.31471
49.94108
63.10492
75.54316
87.98140
100.44151
112.98113
123.54478
12.43824
24.87647
37.98347
50.42171
62.96776
75.40599
87.84423
100.38245
112.82069
124.25771
12.43824
24.87647
37.31471
49.45920
62.09681
66.86595
72.06601
84.75577
97.19401
104.86414
12.43824
25.62155
34.99071
47.42894
59.86718
73.03654
80.60207
93.04031
106.25250
119.25434
12.43824
24.87647
36.78663
49.22486
61.66310
74.10134
86.53957
98.97781
111.70768
124.74207
12.43824
24.87647
37.96348
43.77123
56.20946
68.64770
81.08594
89.74657
103.00630
113.92569
12.43824
24.87647
37.31471
49.75295
60.25356
72.69180
85.13784
97.57608
106.94959
119.38783
12.43824
24.87647
37.31471
49.75295
62.19118
74.62942
87.63081
100.06905
112.50728
123.97769
12.43824
24.46501
36.90325
49.34149
62.30077
74.73901
87.57226
100.24523
113.38092
125.81916
12.43824
24.87647
37.31471
49.75295
59.36508
64.41963
76.85787
89.29610
101.73434
114.17257
12.43824
24.87647
37.31471
49.75295
62.19118
74.62942
87.06765
99.50589
111.94413
124.35715
12.43824
24.87647
38.03260
50.47083
62.90907
76.43761
88.87584
101.31408
113.75232
124.54107
12.43824
24.87647
37.31471
49.75295
62.19118
74.62942
86.59671
99.03494
112.15631
124.59455
12.43824
24.87647
37.31471
49.75295
63.27580
75.71403
89.16452
99.56777
112.66618
126.02005
12.43824
24.87647
37.31471
49.75295
62.19118
74.62942
85.93346
98.37170
110.80994
123.94394
12.43824
24.87647
37.31471
49.75295
62.19118
74.62942
86.56545
96.12294
108.26580
114.98560
12.43824
24.87647
30.40461
42.84285
54.85770
68.03337
80.47160
93.01817
105.45641
117.91697
12.43824
24.87647
37.33030
49.76854
62.20677
74.64501
87.26579
99.70500
112.81260
125.25083
12.43824
25.62526
38.06350
46.61144
59.79834
72.23658
78.91365
91.64414
104.08238
116.52062
12.43824
24.87647
37.31471
49.75295
62.91971
74.82420
87.26751
100.45390
113.47305
122.50006
