12.43824
24.87647
37.31471
49.05846
60.87826
73.31649
86.37157
98.80981
102.25585
114.69409
12.43824
24.87647
37.31471
50.05293
63.08840
75.52663
87.21689
100.20004
111.93300
121.06312
12.43824
24.87647
37.31471
49.75295
62.78938
75.52861
88.70323
101.86882
113.05381
120.13444
12.43824
24.87647
37.31471
50.46921
61.31762
73.75586
86.19409
98.20373
110.82893
121.92949
12.43824
24.28676
36.72500
49.16324
61.60147
74.03971
87.17180
99.87626
112.31450
126.13240
12.43824
24.87647
37.32604
50.22931
62.50511
68.49979
80.93802
92.06176
105.24588
117.39860
12.43824
24.87647
37.31471
49.75295
62.19118
73.64694
87.51031
100.61941
112.63493
125.80407
12.43824
24.87647
37.31471
48.71474
61.15297
71.60664
84.04488
96.48312
109.48838
122.10119
12.43824
24.87647
36.60857
49.04681
58.08758
70.52581
79.66922
92.63859
105.10472
111.78639
12.43824
25.34969
27.41740
36.01786
48.45609
61.29915
74.14927
88.02820
100.46644
103.50175
12.43824
17.35655
29.79479
41.72289
51.50110
64.09831
76.65880
89.70976
102.14800
114.58624
12.43824
24.87647
38.00075
50.43899
62.22086
74.65910
87.09733
94.21798
107.40410
117.20754
12.43824
24.87647
37.31471
49.75295
62.19118
75.08454
87.78825
99.36900
112.46500
125.64515
12.43824
24.87647
36.53270
48.97094
62.14782
74.58606
87.02429
99.28835
109.90540
122.34364
12.43824
25.60703
36.79918
43.21744
56.36524
69.33371
81.77194
94.21018
100.61491
113.85798
12.43824
24.87647
35.12898
47.56935
60.41668
72.85492
84.44367
97.90135
110.86451
123.71343
12.43824
24.87647
37.31471
49.75295
62.19118
74.62942
87.72230
99.64418
112.75723
122.89282
12.43824
24.87647
38.03829
46.93095
59.37654
71.81477
84.78479
97.22303
109.66127
122.24634
12.43824
24.87647
37.31471
49.75295
62.19118
70.65450
83.09274
95.53098
105.90165
115.88397
12.43824
25.38736
37.82560
50.26384
62.70207
75.82032
88.25855
94.20213
108.06182
121.24887
12.43824
24.87647
37.74776
50.18600
62.62423
75.06247
88.11660
101.13031
106.97845
118.61471
12.43824
25.06883
31.69087
38.35597
50.79421
63.66035
77.21972
86.76859
92.03117
100.79368
12.43824
24.87647
37.86958
50.75876
63.19699
75.63523
88.07347
100.07485
105.62336
114.45225
12.43824
24.87647
37.31471
49.75295
62.43683
76.10638
87.70332
100.75542
113.35903
125.79727
12.43824
25.60785
38.04609
50.48432
63.60429
77.21636
89.65460
97.19042
110.26811
122.70635
12.43824
24.87647
37.31471
38.00204
50.44028
62.87851
75.31675
88.45673
101.28956
110.55449
12.43824
24.87647
37.31471
50.50949
63.43744
75.87568
82.19747
91.58262
104.02085
117.09690
12.43824
24.87647
37.31471
49.75295
60.65529
73.83717
87.16005
93.34070
106.52647
111.95269
12.43824
25.49772
38.50267
41.32820
53.76644
63.77846
76.21670
88.65494
95.46747
105.09263
12.43824
25.62523
38.06347
49.18266
61.58786
74.02610
87.65252
98.01990
110.45814
117.86062
12.43824
24.87647
37.31471
44.14650
56.58474
69.71912
82.27474
87.08980
97.63071
111.07538
12.43824
24.87647
37.31471
49.75295
62.19118
75.36375
87.84174
100.27997
108.10315
119.26632
12.43824
24.87647
36.41948
48.85772
61.29595
73.73419
86.33150
96.03541
106.09113
108.24628
12.43824
24.87647
38.04001
42.29727
54.73550
67.17374
77.52472
89.96296
97.84283
101.58637
12.43824
24.87647
33.85927
46.46536
55.75353
68.19177
71.89510
85.60368
95.66607
106.77097
12.43824
24.87647
37.31471
49.75295
62.75766
74.52472
87.51795
99.76947
110.21755
113.26271
12.43824
24.87647
37.31471
50.28757
61.34241
73.78064
81.30616
93.74440
100.06880
110.05690
12.43824
24.87647
38.02888
46.03472
52.30491
63.26139
75.75959
87.24935
99.72868
112.16692
12.43824
24.87647
37.31471
49.75295
62.19118
75.36443
82.15494
89.16047
101.59871
115.52777
12.43824
24.87647
37.31471
49.75295
58.91271
71.35095
72.48900
84.92723
97.97557
111.30743
12.43824
24.87647
37.31471
49.75295
62.91825
75.35648
87.79472
100.23296
108.41432
121.75173
12.43824
24.87647
37.76281
42.85871
55.29695
68.44399
80.88223
91.82599
104.26423
115.18918
12.43824
24.87647
37.31471
49.75295
62.19118
75.30793
87.74616
100.18440
102.34220
106.67020
12.43824
24.87647
37.31471
50.50108
60.45347
73.69428
86.21729
98.65553
104.73774
113.59517
12.43824
24.87647
37.78843
50.22667
62.66491
75.10314
86.98826
97.79509
109.47962
116.12220
12.43824
24.87647
37.31471
44.16238
54.78460
67.22284
68.58039
79.80055
92.98284
105.42108
12.43824
25.23942
33.15266
45.59090
56.10619
68.54443
81.51998
93.95822
102.39848
114.83672
12.43824
24.87647
37.86461
49.34489
61.78313
75.20895
88.85318
99.35027
112.26248
121.04214
12.43824
25.35369
37.79193
50.23016
62.66840
75.10663
81.76490
86.69733
101.02834
104.64952
12.43824
24.87647
37.31471
49.75295
62.19118
72.24913
84.68737
92.40870
96.29915
109.60766
12.43824
24.87647
38.06204
50.85062
64.03363
77.18345
90.32158
102.75982
110.29038
122.72994
12.43824
24.24643
36.68467
48.59336
61.77996
71.79873
84.76183
97.20007
110.00185
123.17668
12.43824
24.87647
37.31471
49.75295
61.10606
74.47341
86.91164
99.53104
112.28167
122.57124
12.43824
24.87647
37.31471
50.19942
63.25761
75.69584
88.13408
94.10933
107.25793
120.93663
12.43824
24.87647
37.01183
49.58827
62.02650
71.61245
84.05068
96.48892
104.75138
117.18962
12.43824
24.87647
37.31471
47.51850
52.83909
66.14850
78.42482
90.41747
97.87648
110.94174
12.43824
24.87647
37.31471
50.12425
62.56249
75.66076
88.09900
97.02453
109.99567
122.59510
12.43824
24.87647
37.31471
49.75295
62.66289
75.67033
88.10857
100.90046
113.33869
126.28469
12.43824
24.87647
38.04834
50.48658
61.27882
73.71706
85.10206
89.90136
95.38732
108.23923
12.43824
24.87647
37.31471
41.76855
50.54445
63.54086
75.97909
88.86721
100.53966
112.97790
12.43824
24.87647
37.31471
46.80690
59.24513
71.68337
83.53048
96.71093
103.26019
109.59444
12.43824
24.87647
37.31471
50.48952
63.31636
75.75459
88.19283
100.31899
108.67982
115.92968
12.43824
24.87647
37.31471
50.44605
62.88428
75.32252
84.52639
97.49322
109.93145
124.23122
12.43824
24.87647
37.31471
49.75295
63.11218
76.43905
89.76627
102.20451
106.93930
119.54131
12.43824
24.87647
37.31471
49.75295
63.65022
76.08845
84.52503
96.96327
109.40151
121.83974
12.43824
24.87647
37.31471
48.17421
58.70853
71.14677
84.85914
97.27964
101.34356
102.49019
12.43824
25.49641
37.93464
50.37288
63.09514
74.67241
87.11065
99.54888
112.70370
125.14194
12.43824
24.87647
37.31471
51.12127
63.88682
76.97642
89.41466
102.34850
105.00616
118.42214
12.43824
23.77681
36.21505
48.65328
61.92125
71.80663
84.24486
96.68310
109.91218
115.93847
12.43824
24.87647
37.31471
50.36228
57.19212
69.72670
80.12167
90.06256
102.50080
114.71230
12.43824
24.87647
35.26755
47.70579
60.47711
69.36820
81.80644
94.98590
105.61881
118.56892
12.43824
24.87647
37.31471
49.75295
62.19118
75.16534
87.60357
101.09487
113.51988
127.17302
12.43824
24.87647
37.96497
49.04344
62.14484
74.58308
87.61272
98.76442
111.20266
123.64089
12.43824
24.87647
38.06162
51.67898
63.76323
76.62220
90.45430
100.86891
109.10442
119.39409
12.43824
24.87647
37.31471
49.75295
62.28353
74.72177
85.58277
98.59497
111.76943
124.32030
12.43824
24.87647
37.31471
49.75295
62.21920
74.78480
85.81852
98.25676
109.25974
119.11664
12.43824
24.87647
37.31471
49.75295
62.82991
71.81244
84.25068
97.27714
111.07059
122.97212
12.43824
24.87647
37.40132
49.83956
62.66254
75.10078
87.56386
97.47070
109.90893
122.34717
12.43824
19.33224
31.77048
44.20871
56.64695
69.08518
81.91279
94.35103
108.26227
115.87190
12.43824
24.94450
35.95553
48.42103
62.26691
71.07134
73.87778
86.31601
99.88038
103.70507
12.43824
24.87647
37.31471
50.14419
57.60805
70.04628
82.48452
95.10540
106.79698
117.56830
12.43824
24.87647
35.73616
48.17440
60.61264
73.05087
86.04495
99.38382
111.82205
122.73631
12.43824
24.87647
37.31471
50.34582
62.23250
65.76420
78.89052
88.10927
100.54751
112.98575
12.43824
24.87647
36.28703
48.72527
61.16350
73.69389
87.22383
100.39433
113.46294
126.07719
12.43824
25.14473
38.11050
46.37549
56.96731
70.09465
82.49400
91.92617
105.10709
117.54533
12.43824
24.87647
27.33308
33.43872
45.87695
54.58197
67.02021
80.84363
92.90824
97.72524
12.43824
24.87647
37.76280
50.00939
62.98835
75.42659
81.48826
93.92649
106.91723
116.67134
12.43824
24.87647
35.50931
48.56541
61.50676
67.86108
80.04300
92.48124
104.90223
109.18815
12.43824
25.13865
37.57689
50.01512
63.13535
75.57359
88.48439
92.30408
101.70690
114.14514
12.43824
21.97744
34.41568
46.85391
59.29215
71.84659
84.28483
96.72307
109.16130
121.51286
12.43824
24.87647
37.31471
50.44270
62.88093
75.31917
88.09812
102.02421
114.46245
121.09135
12.43824
24.87647
37.31471
48.22572
60.66396
70.41237
83.06012
95.49836
108.33108
116.63342
12.43824
24.87647
37.31471
50.08771
61.46342
73.90166
86.42163
98.85987
108.88618
119.99150
12.43824
25.19216
37.63720
43.98251
54.68373
67.86056
73.59982
80.67368
93.11192
105.55016
12.43824
24.87647
37.93983
49.44212
61.88036
74.73832
88.02024
90.22532
102.66356
114.84207
12.43824
24.87647
37.93244
50.37067
63.54503
76.53969
88.62971
94.37706
107.53892
111.32414
12.43824
25.03388
37.47211
49.91035
62.34858
74.78682
81.41317
93.34980
101.50683
113.35013
12.43824
24.87647
37.31471
50.76166
63.87802
77.03827
90.22238
102.66062
111.59042
124.40131
12.43824
25.43277
37.87101
51.33611
64.52188
76.96012
90.14154
102.57993
115.76298
128.88361
12.43824
24.87647
38.03994
50.47817
62.91641
66.24989
79.30222
86.75071
92.49404
105.12068
