12.43824
24.81710
37.41664
43.28464
46.99304
49.26052
51.97041
52.31380
60.76765
71.57993
12.43824
24.87660
30.82028
32.60470
36.20224
48.73565
59.06677
59.13779
59.22956
60.07255
12.43824
22.53944
29.62092
31.52707
44.35288
48.40243
49.85652
52.45828
65.48740
65.52945
12.43824
24.87647
38.64310
39.60538
51.66442
64.14572
69.14760
75.78947
78.63888
78.81105
12.43824
19.36239
27.51452
37.35728
50.65131
51.84151
56.04541
56.24083
69.87059
69.87940
12.43824
25.34642
30.11974
32.68018
40.67896
53.30512
60.53629
60.66066
70.70039
71.22016
12.43824
19.04759
28.29033
33.09129
40.97802
41.88080
42.09671
42.18734
42.30381
42.39333
12.43824
23.13317
25.76394
32.28246
35.10448
38.91504
39.00368
45.63526
47.02139
54.40756
12.43824
25.51405
32.02747
43.51448
45.06799
55.05488
55.99285
57.69765
66.57822
67.96201
12.43824
16.54081
22.14959
27.38359
40.39154
52.41868
60.80753
66.17773
67.32313
71.78098
12.43824
24.88513
36.91541
39.38753
50.44098
52.82797
56.89662
70.34836
73.42896
86.22638
12.43824
18.47422
28.77791
33.50662
39.80144
44.44628
54.19736
61.25015
71.81899
75.41955
12.43824
24.87647
37.31471
50.28124
53.83195
63.07757
68.33752
72.62798
76.51721
77.67141
12.43824
17.85553
29.30450
40.06644
50.84367
58.31236
61.30939
64.72235
66.33451
68.23858
12.43824
24.14726
36.06627
43.98558
47.63173
48.40146
55.13052
55.50204
55.59464
56.01666
12.43824
24.89384
30.88889
41.31423
43.38817
51.93585
52.46694
54.45041
57.41945
57.84995
12.43824
25.25679
38.12001
47.74192
61.31272
65.10092
65.66916
70.79984
80.50875
81.71292
12.43824
24.70050
34.21448
35.32938
38.61004
47.90601
53.38556
55.43697
60.70685
62.61820
12.43824
25.27934
38.19917
43.69159
46.95197
49.08289
50.45205
50.94335
51.42553
57.10875
12.43824
19.90254
26.37194
29.30880
42.36213
54.54052
54.66477
60.63578
62.16063
72.93912
12.43824
24.87647
32.40272
44.06044
50.78609
51.35728
53.24668
57.59222
58.71288
66.73389
12.43824
16.25374
20.07903
23.44342
31.18867
31.95433
44.91996
45.88831
53.05436
57.40059
12.43824
25.27799
29.25120
30.42598
35.08218
41.35793
46.17797
47.63970
47.92083
50.08330
12.43824
16.77498
29.96064
38.56474
52.07394
53.54658
59.16160
65.13526
65.96012
70.01388
12.43824
15.15605
21.43380
30.76458
31.59191
32.83693
45.34554
58.72313
61.40180
62.95391
12.43824
24.87647
32.85245
33.91565
45.31943
59.21410
64.07191
66.56433
75.39797
76.78266
12.43824
21.88335
32.81361
33.59447
36.27950
49.49875
55.95054
64.65086
66.08506
75.33944
12.43824
24.87647
37.88726
51.51691
60.97921
69.38295
70.07893
71.10447
83.37798
84.95277
12.43824
15.70962
16.12577
21.17047
33.70083
36.15266
37.66807
50.40029
52.65824
52.96738
12.43824
20.81418
32.66554
33.42886
37.62278
50.39109
56.69152
57.04572
63.62130
65.74897
12.43824
23.03020
31.05303
35.19114
47.42389
56.15798
58.15274
58.98584
60.61594
60.90028
12.43824
20.88475
28.03014
38.42433
39.65024
52.64777
57.24531
67.67682
71.38980
71.46660
12.43824
24.87647
35.25983
46.91721
54.63381
56.91148
59.40237
59.88225
63.09619
63.29257
12.43824
23.27750
25.14946
26.29018
33.02687
42.52205
53.49521
55.41250
55.46848
56.80425
12.43824
24.17812
28.68252
30.40236
32.59152
40.69267
41.32978
54.46864
54.73411
54.89942
12.43824
24.91303
35.07155
40.05736
42.60618
50.17733
62.69010
66.63371
73.33197
73.64256
12.43824
24.13325
28.34103
39.97819
41.73033
51.75163
59.83395
61.99974
63.45753
68.48494
12.43824
19.99532
32.43355
38.97988
52.15312
54.89236
67.88491
79.45014
90.81806
97.20231
12.43824
25.26109
38.15148
43.43975
46.09039
53.26362
56.33493
64.46035
77.86721
82.63222
12.43824
21.23887
29.54207
42.16774
43.61711
56.17470
64.81840
71.39996
71.67788
82.22315
12.43824
23.20060
31.98646
45.03299
58.17280
60.66562
73.10386
76.65678
81.34721
82.36562
12.43824
21.74155
29.95784
34.49261
42.65922
55.63371
56.22089
56.74175
65.67214
66.04890
12.43824
24.87647
37.33334
44.67583
57.11406
69.73331
71.98199
82.65200
85.27717
86.48692
12.43824
23.82820
34.28946
40.10575
43.42085
54.44513
58.39329
61.55953
63.12199
75.72459
12.43824
24.88830
33.91399
46.17335
47.52108
50.41799
50.84146
53.74243
61.94178
74.48294
12.43824
25.40859
33.56927
38.51578
42.00199
49.49458
50.37350
51.84460
57.63415
58.51318
12.43824
21.98287
23.60994
34.97022
37.98257
48.30746
53.72211
56.00642
56.37991
62.34019
12.43824
24.87647
36.55659
40.18256
51.39308
56.98377
58.33661
65.78568
74.47218
76.28812
12.43824
24.86549
25.71587
34.99022
41.98992
51.83344
52.36998
54.20024
54.98128
55.16606
12.43824
25.37801
31.62469
38.60476
47.57577
56.18298
57.51377
61.80989
63.38772
68.32224
12.43824
25.62358
31.58546
41.10208
42.74917
43.80366
53.48163
62.25888
63.34487
64.58457
12.43824
25.62396
38.69272
46.79058
51.25627
56.83846
61.71585
65.71724
67.14048
68.26468
12.43824
25.56943
30.07882
34.98292
47.89552
49.16245
57.32875
67.91404
68.02944
79.12604
12.43824
19.46300
25.81568
26.05785
32.04456
44.50557
44.74336
52.58726
63.33809
73.05457
12.43824
25.58761
31.29361
38.55093
44.22413
57.27288
62.46832
68.81967
70.36814
72.70052
12.43824
25.55045
38.59188
45.29580
45.73093
56.33348
59.80235
60.48993
68.89558
69.06290
12.43824
18.88517
31.05823
44.36927
56.05946
58.76591
69.49366
74.90933
82.54961
82.90676
12.43824
20.93932
26.01203
27.39629
29.96498
35.41670
48.59772
61.66070
71.19402
83.01355
12.43824
23.55314
31.95401
40.82525
41.90377
46.21621
46.96410
54.83397
66.49174
79.74721
12.43824
25.09208
34.66649
40.57176
44.39400
49.02232
60.24752
60.65485
60.69837
62.21131
12.43824
21.67884
30.93406
41.29101
47.78715
51.11910
64.53208
65.65152
66.28509
70.04773
12.43824
25.62522
38.65088
47.74154
55.32176
55.98701
68.66473
75.25994
75.76905
79.06841
12.43824
20.76603
22.58942
29.18972
34.60961
44.31745
48.75424
55.48088
68.31425
68.87621
12.43824
22.12706
35.29332
45.57031
50.62822
54.21314
54.58197
66.82300
70.72061
73.50384
12.43824
25.32753
36.04561
43.32949
46.38456
49.52140
50.25889
63.63426
70.58389
77.00692
12.43824
25.09578
37.88983
44.62607
50.32263
63.25108
72.45332
83.43672
88.23736
95.32485
12.43824
25.60081
34.04320
35.26671
42.57826
46.33115
46.43100
52.49600
65.50890
69.14010
12.43824
24.87647
34.16176
47.83193
52.05390
59.83460
67.23263
67.60964
74.84789
75.00908
12.43824
17.12393
26.75750
28.93780
35.43445
47.97429
59.36570
71.80394
80.29130
81.53470
12.43824
24.98374
35.73630
40.82269
44.63970
47.04936
50.74664
51.89473
53.17098
62.50319
12.43824
24.62453
30.03622
42.47446
45.52617
-1.00000
-1.00000
-1.00000
-1.00000
-1.00000
12.43824
23.76550
28.49068
34.56676
46.39382
55.38326
58.50871
64.74162
67.85599
80.32878
12.43824
24.87647
38.34765
45.56527
58.58400
62.60038
69.04978
70.54957
70.83324
74.36859
12.43824
19.01754
28.21796
38.23986
45.34604
58.50801
59.35405
64.11420
64.95781
65.79865
12.43824
25.47575
33.59906
38.97622
39.16350
41.24136
53.53379
56.06484
66.91684
67.51680
12.43824
25.58062
33.82786
44.40309
47.14720
47.44734
48.65838
50.13982
50.82833
50.84575
12.43824
24.87647
37.31471
42.48962
55.99991
65.80331
74.51300
75.57231
79.73582
80.92070
12.43824
25.57194
32.99813
35.79829
45.10769
58.01812
59.67266
65.58945
67.58694
67.62347
12.43824
16.45141
29.18947
34.26238
47.48959
60.61572
73.05087
84.09662
87.37547
87.48949
12.43824
25.58269
33.48713
34.80485
45.90982
47.57024
49.53054
62.43961
62.76489
74.28458
12.43824
24.63832
30.34593
30.56640
43.66929
48.90602
61.92001
63.45341
63.56707
67.91453
12.43824
23.89891
25.65625
38.60432
41.36239
53.92682
65.12034
70.37477
80.06105
-1.00000
12.43824
25.23760
30.38697
42.23975
43.66819
43.78321
44.86286
49.93514
50.14995
54.01327
12.43824
13.64461
18.00679
30.44503
41.40807
42.59944
42.96189
48.01419
49.69971
55.61972
12.43824
23.53085
32.72537
40.88605
48.00170
49.60206
56.41666
69.46658
70.60108
77.01171
12.43824
25.25638
36.87031
42.34253
48.65357
58.53285
65.08016
66.12450
73.78238
74.25748
12.43824
24.91967
38.23784
47.66669
51.79734
57.56764
65.95267
79.63767
81.72893
84.63935
12.43824
24.87647
38.11347
48.25553
58.87949
66.32514
68.61499
81.28922
92.50015
93.62557
12.43824
21.78064
34.21887
46.79892
58.84522
65.60257
74.55657
75.54921
76.26536
84.38159
12.43824
24.87647
38.05412
44.52257
47.39944
50.10028
60.35781
62.80011
70.20651
70.26635
12.43824
20.99351
29.47376
32.64787
35.37051
42.78919
43.02410
43.82501
55.87231
60.63924
12.43824
21.88677
29.42207
32.58284
33.35292
37.78044
50.45251
54.54597
54.75105
56.53408
12.43824
25.33428
38.24758
43.64250
52.44646
61.15847
71.54558
72.75691
86.00634
88.72914
12.43824
18.67081
22.16893
30.77061
43.20885
52.36992
56.69765
57.29287
58.17953
71.73562
12.43824
25.39481
37.60835
50.77742
58.88775
72.00181
75.95508
76.15826
85.57808
86.68526
12.43824
24.18951
37.23948
50.32100
53.69369
57.02821
60.09272
62.03453
71.20632
71.99073
12.43824
24.77594
26.99389
40.01747
44.44737
46.80957
53.65703
56.12123
57.09224
60.79472
12.43824
25.55382
31.42591
32.39267
41.26823
54.33541
67.64348
75.99411
89.52425
94.10719
12.43824
17.69507
23.31840
32.22334
45.51835
58.63434
64.78967
67.20894
67.30135
68.64441
12.43824
20.85833
26.42029
30.93856
33.04292
38.35502
43.22763
49.28824
57.75887
57.98491
