12.43824
25.60026
38.03850
50.81558
63.25381
75.82097
88.87468
100.54816
113.70373
127.10818
12.43824
24.87647
37.31471
50.48432
63.66797
76.10621
84.54398
96.36743
102.91352
115.35176
12.43824
25.57294
38.01117
50.44941
62.00294
72.16819
85.03021
98.00953
105.14763
109.39185
12.43824
24.87647
37.31471
50.31092
59.46351
71.90175
81.24309
86.98047
96.12891
107.12071
12.43824
21.24914
33.68737
46.12561
58.56385
68.03226
80.49829
93.27253
106.22552
117.91849
12.43824
24.87647
30.91073
44.06169
57.10760
69.79763
81.93837
94.20299
107.63156
120.21646
12.43824
25.54772
39.27759
51.71583
59.06734
63.36232
76.12339
86.65463
89.80870
104.06885
12.43824
24.87647
38.16187
50.60011
63.34894
75.78718
87.76276
100.20099
112.83253
125.83298
12.43824
24.87647
36.44131
49.45535
60.34535
72.78359
79.18844
90.08409
103.20004
108.97186
12.43824
20.81747
30.83709
32.67171
45.10995
58.07974
67.84408
81.60299
94.54747
99.36647
12.43824
24.87647
37.45899
50.58698
61.00075
74.11334
86.29164
98.72987
110.24037
112.99413
12.43824
25.35230
36.65734
49.09557
61.57665
74.81736
87.34903
99.78727
106.78224
119.96896
12.43824
24.87647
37.31471
49.75295
62.77590
74.48408
87.49416
94.64441
103.51073
116.66852
12.43824
24.87647
36.41210
48.97137
61.40960
73.84784
85.38371
98.00842
109.39067
122.63095
12.43824
25.54214
37.98038
50.41862
63.37689
73.78510
79.48329
91.21944
104.42208
116.82579
12.43824
24.87647
34.51580
46.97579
60.14671
73.19661
80.67391
84.96644
97.40468
107.08770
12.43824
24.87647
37.31471
49.22330
61.66154
75.19297
88.35854
100.80147
110.38266
116.28279
12.43824
24.87647
37.34929
48.72776
60.39630
72.86910
84.15996
96.60302
109.76023
122.87113
12.43824
24.87647
37.59479
49.38841
62.54681
74.90333
85.94468
97.89579
108.08120
110.12242
12.43824
25.40234
37.93116
50.36940
62.96699
72.03847
85.47820
98.64394
105.30299
113.71143
12.43824
24.87647
37.31471
49.75295
62.89464
75.33287
84.46012
97.22867
101.32462
107.12041
12.43824
25.53650
33.48348
39.85682
52.29506
63.28238
74.04697
83.62236
89.24546
94.94624
12.43824
24.87647
37.94570
45.48083
56.89095
69.32918
81.76742
84.55162
89.35811
102.71977
12.43824
24.87647
38.51386
50.95210
53.14554
59.60934
72.36484
85.70376
99.16922
111.60746
12.43824
25.60414
38.04237
50.48061
62.91885
76.30139
89.24823
94.26788
99.97074
112.40898
12.43824
24.87647
36.50770
40.95668
50.62429
55.73000
68.91000
81.34824
93.79210
106.77982
12.43824
24.87647
37.31471
50.40379
62.84202
73.47201
86.50848
97.01059
110.47248
123.18015
12.43824
24.87647
37.51941
50.77239
57.42980
67.29319
68.94715
82.16834
95.35037
107.49889
12.43824
23.35571
35.79395
48.80319
57.66475
65.84278
78.50071
90.93894
94.15506
105.88232
12.43824
24.14290
37.00350
50.01307
56.87233
69.31057
82.08306
84.54564
96.71889
108.10186
12.43824
24.87647
38.03374
45.19268
57.63092
70.06916
82.98460
90.22925
103.26681
110.52559
12.43824
24.59568
37.77062
50.90713
63.34536
73.24732
85.79413
98.23237
111.40803
121.09365
12.43824
24.87647
38.05379
51.22947
64.25831
77.44330
90.17508
102.15809
113.32046
126.48442
12.43824
24.87647
33.03589
46.21088
59.38743
69.29571
78.36213
91.42800
92.13729
94.17474
12.43824
25.57291
38.93835
51.34348
57.31162
64.42532
75.00729
87.86115
100.68919
101.97041
12.43824
24.92945
37.36769
48.64256
60.11908
65.13225
78.16661
85.21024
97.12479
109.17012
12.43824
25.54361
37.98184
50.42008
63.41247
70.87235
83.78614
97.18161
103.75430
109.89208
12.43824
24.87647
37.31471
50.20163
63.74732
75.04105
87.99236
98.98769
111.04229
121.11156
12.43824
24.87647
37.75646
50.76767
63.20591
76.92586
83.29253
96.05588
99.34593
107.48234
12.43824
24.87647
37.31471
50.04096
60.00481
73.34516
86.12545
99.39067
111.97695
121.22289
12.43824
25.53374
37.97198
51.11675
60.11732
73.97757
86.41580
94.27404
101.45076
114.89652
12.43824
24.11651
36.55474
47.42900
60.97768
73.41592
84.48946
89.23505
101.68860
114.92896
12.43824
24.87647
37.42478
49.86301
62.30125
70.75168
84.08832
97.22618
102.10127
114.60962
12.43824
24.87647
37.31471
49.75295
62.74299
76.41860
90.38088
103.51835
109.22715
116.13925
12.43824
24.87647
36.75686
49.19510
61.63333
75.16289
79.23135
85.87952
99.27333
111.65738
12.43824
24.87647
36.83182
47.92259
60.36082
72.79906
85.57370
98.01193
108.18136
114.84614
12.43824
24.00961
32.00189
44.44013
52.17002
64.60826
72.47883
86.45666
89.07474
101.51297
12.43824
24.87647
37.31471
50.45406
62.89230
73.68448
83.44345
95.14718
107.85865
115.42284
12.43824
24.87647
37.65817
48.92622
54.15757
66.59581
76.69773
82.93745
83.73519
84.33236
12.43824
24.87647
37.31471
50.72359
60.25496
72.69319
85.96526
96.62727
107.47094
120.59624
12.43824
24.87647
30.49070
43.02502
55.82386
69.56358
82.74907
95.18731
107.26323
120.27262
12.43824
25.58522
38.02346
48.57452
61.75917
74.62995
84.89489
97.33313
110.76070
124.24003
12.43824
24.87647
38.03458
50.47281
63.29221
76.07023
88.61037
101.42368
106.65085
119.40404
12.43824
25.10613
37.54437
43.16859
52.20743
61.74872
63.79952
67.44107
79.87931
93.61256
12.43824
24.87647
36.65303
50.42793
62.86616
70.92547
83.45275
95.89098
96.10316
109.26504
12.43824
24.87647
37.31471
47.55119
49.02016
62.02314
65.72899
78.16723
83.49522
87.97295
12.43824
22.02525
35.17854
47.61678
60.59461
74.28010
87.45103
92.83946
102.95500
115.61730
12.43824
24.87647
37.31471
50.28199
63.45051
72.82231
85.26055
97.93797
110.64516
123.50144
12.43824
25.62235
28.35702
40.79526
50.69810
63.13634
70.36457
83.39189
85.40465
97.84288
12.43824
24.87647
37.31471
50.12938
62.56762
75.00585
87.44409
99.99601
111.56000
125.19606
12.43824
24.87647
38.66244
49.18994
62.52702
75.35734
87.31133
100.22456
106.45358
112.48194
12.43824
25.53418
37.97241
49.44664
62.44102
69.77870
82.26890
94.70713
102.81702
104.25446
12.43824
24.87647
37.31471
50.39680
58.31934
67.20617
78.49603
91.93688
105.23589
115.41886
12.43824
25.38953
37.82777
50.26600
62.08816
64.49554
68.15381
80.59205
93.76858
105.14299
12.43824
24.87647
37.31471
50.90421
62.02970
74.89779
80.10812
84.71633
97.95830
110.41598
12.43824
24.87647
37.31471
50.49825
63.12559
75.68813
84.02857
89.58058
97.91265
106.83052
12.43824
25.62527
38.06351
51.06234
63.50058
75.47324
83.94764
96.38588
108.82412
121.90022
12.43824
23.35596
36.39966
47.14824
55.21764
66.63209
79.50906
92.37403
95.99506
107.92755
12.43824
25.61565
38.05389
50.49213
63.41091
68.61370
82.95061
96.98709
104.18595
117.27679
12.43824
24.87647
37.31471
50.44502
54.68559
64.94681
77.51271
91.42565
104.99330
106.35566
12.43824
24.87647
38.05660
50.49483
63.65496
76.91395
89.35219
99.32016
112.66895
120.03540
12.43824
24.87647
37.75980
50.19804
62.63627
76.63354
89.76743
102.06037
115.17899
126.03880
12.43824
24.87647
37.80667
41.76336
54.20159
68.03613
79.83605
91.61841
102.83607
114.53752
12.43824
15.78888
28.71869
38.08043
51.82569
64.89090
66.87005
79.84459
87.64861
95.10351
12.43824
24.87647
37.83928
51.69094
63.68840
75.60048
81.61982
94.06465
102.38477
115.02650
12.43824
24.87647
37.31471
50.58651
63.95042
67.22668
80.37279
93.55599
105.39134
115.16305
12.43824
24.87647
37.31471
43.31598
55.75422
65.61670
76.37876
88.81700
101.70456
113.85497
12.43824
24.87647
38.04585
50.98802
63.42625
75.86449
89.03010
101.66250
114.10074
127.18735
12.43824
22.06024
35.09719
47.91058
61.29778
73.74488
85.18377
96.38479
97.59667
98.74217
12.43824
24.87647
35.03557
45.33502
57.77326
70.87711
81.78049
94.21872
107.42855
120.99143
12.43824
25.53527
37.97350
51.66115
62.97940
75.41763
88.42925
100.86749
106.50703
118.21184
12.43824
24.87647
37.46404
50.64239
62.81773
75.26672
84.77313
97.89567
108.44283
113.59596
12.43824
24.87647
37.73545
50.88126
63.31949
75.00240
87.80175
97.89568
109.56926
121.37232
12.43824
24.87647
38.12193
49.64423
62.08247
73.91432
81.77068
95.11550
109.11885
120.95264
12.43824
24.87647
33.84045
46.27869
57.81607
69.29308
81.73132
94.89443
108.93720
122.41704
12.43824
24.87647
37.31471
49.63208
60.69362
73.88353
87.20692
91.69264
103.97688
112.04165
12.43824
24.87647
37.31471
50.04416
57.11818
69.68485
81.42202
94.79363
101.60465
114.73419
12.43824
24.87647
34.57676
47.01499
60.71796
67.81545
72.27967
85.10436
97.28019
100.11689
12.43824
22.06297
34.50121
46.93944
57.76894
70.74323
83.92703
86.32955
88.30102
99.19142
12.43824
24.87647
37.31471
50.47884
55.72644
67.56976
77.78664
91.12684
104.20939
114.45044
12.43824
24.87647
37.31471
49.75295
62.19118
74.62942
87.45500
99.64060
112.07884
115.32076
12.43824
25.60089
38.75222
50.43829
61.04481
69.74685
82.18509
95.67907
97.15181
110.33267
12.43824
24.87647
37.31471
50.22428
63.27691
75.71514
87.83819
100.35695
108.95935
123.03566
12.43824
25.52416
37.96240
51.43497
64.27131
74.67304
81.27894
86.07214
99.22882
112.70344
12.43824
24.87647
37.97517
48.98269
61.42092
73.85916
76.44146
83.44982
96.44546
109.67197
12.43824
21.86176
35.11679
47.55503
60.26469
72.80225
84.47380
91.63394
105.34020
105.79754
12.43824
24.87647
33.58259
46.02083
55.84269
68.57668
81.76339
94.20163
96.99404
109.11630
12.43824
24.87647
37.31471
43.51321
56.11206
68.55029
81.66361
95.59327
98.84166
107.20501
12.43824
25.14839
37.58663
43.46697
56.53749
68.97814
81.41638
93.85461
106.04272
118.48096
12.43824
24.87647
37.31471
49.75295
62.09652
71.93068
83.59104
85.38494
98.06833
106.06296
