12.43824
24.87647
37.31471
49.75295
59.51772
72.55406
84.99229
88.14649
93.04311
105.48135
12.43824
24.87647
37.31471
50.10030
62.53853
74.97677
86.02815
99.42460
107.50193
116.59665
12.43824
24.87647
37.31471
49.75295
55.48996
67.85060
80.75963
93.19786
102.33887
113.90497
12.43824
24.87647
37.31471
44.05316
55.27714
67.71537
78.01187
85.36973
97.60576
110.77752
12.43824
19.16921
31.60745
44.04568
56.48392
68.92216
75.86101
84.54989
93.14813
105.70896
12.43824
24.87647
37.31471
49.82856
60.04399
65.37768
77.81592
90.71784
100.50085
106.84170
12.43824
24.87647
37.31471
49.75295
54.69980
57.96931
71.04405
79.36870
80.07313
85.48270
12.43824
24.87647
37.32074
49.75898
62.19722
75.13308
85.01746
97.45569
109.07100
122.33726
12.43824
24.87647
31.49801
43.93624
53.68076
66.11899
72.11083
81.43059
93.86883
94.37751
12.43824
14.58558
27.48640
32.05562
44.49385
57.12639
70.29955
83.17221
95.61044
99.16128
12.43824
24.87647
37.31471
49.75295
49.96118
63.14328
76.13003
88.56826
91.39568
96.58175
12.43824
24.87647
35.06477
47.50301
60.65763
73.34984
85.78807
85.86940
99.00549
111.27866
12.43824
24.87647
37.31471
49.75295
62.87904
75.31728
86.83444
98.53802
101.17403
114.35422
12.43824
24.87647
27.38595
33.58397
46.02221
58.46045
71.46592
84.30851
93.06545
105.50368
12.43824
22.20498
34.64322
47.08145
59.57077
70.47578
74.07599
87.23565
94.15819
107.27324
12.43824
24.87647
31.59706
44.50711
53.19217
65.63041
74.71635
74.98892
87.42716
90.98217
12.43824
24.87647
37.31471
50.42952
62.86776
75.30599
87.90526
100.34349
106.52842
118.57329
12.43824
24.87647
37.09932
42.57992
53.98566
66.42389
79.59776
92.40971
105.35746
115.15407
12.43824
24.87647
37.31471
49.75295
62.19118
70.30728
83.43803
96.54939
108.53646
119.14971
12.43824
25.48425
38.50313
50.94137
63.37960
74.22965
86.66788
94.06938
104.36365
117.36586
12.43824
24.87647
37.91370
50.35193
63.53418
75.97242
76.48668
88.92492
93.66283
96.96570
12.43824
24.87647
30.81960
33.18048
45.61872
52.32420
64.76244
77.86952
90.34211
100.83844
12.43824
24.87647
37.31471
44.78578
57.96769
70.40593
82.84416
89.64486
102.82470
107.49718
12.43824
24.87647
37.31471
49.75295
53.48867
60.20555
72.37579
85.06671
97.98380
110.42204
12.43824
25.02069
37.45892
49.89716
62.61132
74.24162
86.81912
97.39751
97.66335
110.10158
12.43824
24.87647
37.31471
38.31366
50.75190
63.19014
74.72560
87.76562
100.74159
109.39139
12.43824
24.87647
37.31471
50.44737
62.88560
75.32384
80.62165
81.71077
95.05476
107.55568
12.43824
24.87647
37.31471
49.75295
51.44627
64.32699
73.49214
76.81299
89.92589
94.89070
12.43824
24.87647
37.31471
45.55665
57.99489
58.75699
70.91839
83.35663
91.17154
98.34114
12.43824
24.87647
37.31471
41.56349
49.27978
61.71802
74.15625
86.93961
90.73476
103.06974
12.43824
24.87647
37.31471
45.52133
57.95957
70.39780
83.35121
88.81804
101.59284
104.52267
12.43824
25.62208
38.06032
50.49855
62.93679
73.25867
81.54641
93.98465
107.02363
119.67804
12.43824
24.87647
37.31471
49.75295
62.19118
74.76600
87.20424
99.40672
111.37604
120.56658
12.43824
24.87647
31.66356
38.79086
51.22909
63.66733
73.41980
85.10649
85.33464
88.89351
12.43824
24.87647
37.74319
44.24790
57.37202
69.81026
72.12608
85.25869
94.86489
95.03520
12.43824
24.87647
37.31471
50.33735
62.99596
68.42750
79.77021
87.47292
99.17996
101.43420
12.43824
23.77198
36.21021
48.64845
54.38275
62.91667
75.36493
89.23380
91.65048
103.98913
12.43824
24.87647
37.31471
46.81218
59.25041
69.17867
81.61690
85.08832
96.43440
109.72769
12.43824
24.87647
37.31471
50.49745
62.93569
75.37393
81.89381
85.68429
90.28815
103.46286
12.43824
24.87647
37.31471
49.75295
60.45679
72.89502
74.66160
87.09984
100.27597
113.46203
12.43824
24.87647
37.31471
49.75295
60.78101
70.28783
82.72607
93.33040
93.88913
106.32737
12.43824
17.43277
29.87101
38.15679
50.60215
63.04038
66.31141
68.24757
78.51808
91.25719
12.43824
24.87647
37.52748
49.96572
62.40395
72.51109
84.94933
97.38756
99.56721
105.34877
12.43824
24.87647
37.31471
49.75295
63.33044
75.76868
78.18330
90.62153
96.87986
101.74480
12.43824
24.87647
37.80220
50.24044
62.67868
74.57504
75.65293
82.50682
87.91496
92.15051
12.43824
24.87647
37.91756
50.38882
62.82706
75.26529
76.28872
88.88203
101.92998
102.07299
12.43824
16.53631
22.30512
34.74336
38.58037
51.01861
63.81495
76.25319
76.38337
88.82161
12.43824
24.87647
37.31471
45.45356
57.89179
70.38441
75.87086
80.60699
93.44365
93.70195
12.43824
24.87647
25.40800
37.84624
50.14195
62.58019
64.69063
69.55434
72.10008
73.36772
12.43824
24.87647
37.31471
50.38946
57.65697
70.30788
80.81457
93.98238
96.05421
109.22537
12.43824
24.87647
33.11737
45.55561
57.99385
65.59414
78.03237
90.69904
102.56671
114.79161
12.43824
23.31536
35.75360
43.69104
56.85024
69.44726
81.88549
94.32373
105.31343
117.75167
12.43824
24.87647
37.61200
50.05023
51.67984
64.11808
76.55632
88.99455
89.80717
101.55898
12.43824
24.87647
37.31471
51.16326
63.85173
69.32624
74.91250
76.21456
89.00151
101.43974
12.43824
24.87647
37.66407
50.54651
62.98474
76.13441
77.23666
89.67490
91.68126
104.28098
12.43824
24.87647
37.31471
44.12017
44.48028
57.23789
65.03606
66.94304
71.43101
76.05612
12.43824
25.61887
38.05711
50.49534
62.93358
76.08185
88.52009
91.62618
104.66743
115.57394
12.43824
24.87647
37.31471
50.19824
63.31633
75.22848
87.66672
100.17652
112.61476
125.21221
12.43824
24.87647
31.82728
44.26551
47.64117
60.07941
70.28296
83.40534
84.45031
96.88855
12.43824
24.87647
37.70702
50.89387
63.33211
76.24578
88.68401
92.77867
93.03125
106.04087
12.43824
24.87647
37.31471
46.35566
58.79389
71.23213
83.67037
96.22782
102.79540
107.97432
12.43824
24.87647
37.31471
49.79123
62.09003
74.73479
87.17303
97.57463
107.21950
108.11687
12.43824
24.87647
37.31471
49.75295
59.70803
72.14627
83.82218
93.24391
105.68215
106.79753
12.43824
24.91500
37.35323
49.79147
54.64162
59.92490
67.92051
80.35874
87.14073
100.46416
12.43824
24.87647
37.31471
49.75295
62.93995
75.37819
82.24333
85.74919
96.62273
109.06097
12.43824
24.87647
37.31471
49.75295
62.24878
74.68701
87.87242
98.71603
108.79996
112.36530
12.43824
24.87647
37.31471
43.86499
56.30323
69.47188
82.11652
94.55475
107.82017
120.25840
12.43824
24.87647
37.31471
49.75295
63.03154
76.17112
88.60936
93.90571
100.59721
112.56664
12.43824
25.58274
38.02097
51.18958
63.62782
73.71964
75.18652
87.62476
100.06299
112.35228
12.43824
24.87647
37.31471
49.75295
60.19247
72.91602
85.91480
99.47466
111.91290
120.09242
12.43824
24.87647
37.93975
50.37799
61.88120
63.71436
76.15260
87.50791
100.40552
113.19176
12.43824
24.87647
30.46895
42.90719
55.34542
68.52991
81.37012
92.34425
105.36208
117.80031
12.43824
24.87647
37.31471
45.71161
58.14984
70.58808
83.73358
96.47046
103.19909
116.38503
12.43824
22.76911
35.20734
47.97263
60.41086
72.84910
82.39086
95.57740
96.31238
105.77898
12.43824
24.87647
37.31471
49.75295
59.52793
72.25305
72.39033
85.50342
97.94165
105.17270
12.43824
24.87647
37.31471
49.75295
62.58973
68.33259
80.64810
93.08634
106.03454
118.48929
12.43824
24.87647
37.31471
44.41491
56.85315
58.26010
71.28297
84.04789
97.12187
102.72294
12.43824
24.87647
37.78026
50.21850
56.24904
68.68728
81.12552
94.34158
106.77982
119.30242
12.43824
15.54239
27.98062
40.41886
52.85710
65.29533
78.34238
90.78061
95.69148
-1.00000
12.43824
24.87647
37.39650
47.13085
59.56908
72.66294
85.42683
97.86507
105.07021
117.53676
12.43824
24.87647
37.31471
50.50037
61.56109
73.99933
86.43757
99.41204
112.80342
121.45417
12.43824
24.87647
32.42559
44.86383
47.97981
60.41805
73.57789
83.92926
97.11469
101.41105
12.43824
24.87647
37.31471
49.75295
62.79026
63.64535
67.10107
76.16877
88.60700
88.66207
12.43824
18.35144
19.82112
32.25936
44.69759
57.37370
68.34414
80.78240
93.22063
101.20868
12.43824
24.87647
37.66878
50.10701
63.01421
75.45245
87.89068
100.51808
110.91058
122.46756
12.43824
24.87647
34.44425
40.06741
52.50564
64.94388
77.38212
86.27745
98.98248
109.87963
12.43824
24.87647
37.31471
49.75326
52.43395
64.87218
75.52497
87.96320
91.38252
103.52266
12.43824
24.87647
37.92579
50.36403
62.80227
64.53312
76.46895
89.64482
102.41174
110.10809
12.43824
24.20261
36.64084
49.07908
61.51149
73.94972
86.38796
89.83182
89.98822
102.42645
12.43824
24.87647
37.41368
50.59332
55.56512
57.62579
70.49757
82.93581
95.37404
103.28926
12.43824
24.87647
37.31471
50.12237
62.56060
74.99884
78.91429
91.59362
104.03186
107.95662
12.43824
24.87647
37.31471
50.50058
62.93882
76.09576
88.53400
100.97223
102.28811
107.90512
12.43824
24.87647
37.31471
49.93794
62.75423
75.19247
77.35251
90.55147
93.46438
105.90262
12.43824
25.58616
38.02440
45.40360
58.33944
70.77767
77.46214
77.77106
90.45427
102.89251
12.43824
24.87647
37.31471
50.45377
62.89201
75.33024
77.06976
87.64703
100.08527
112.43456
12.43824
24.87647
37.97555
50.41379
62.85202
75.60222
88.26290
93.59290
106.78000
108.37992
12.43824
24.87647
30.29142
42.72966
54.69896
65.61706
78.05529
85.09063
96.94123
106.65411
12.43824
24.87647
37.31471
44.70341
57.88263
70.32087
80.21944
92.65767
103.53789
115.97613
12.43824
24.87647
37.31471
48.36759
60.80583
73.24407
82.99633
93.50217
106.36621
118.80445
12.43824
24.87647
37.31471
49.75295
61.49681
73.06311
85.79539
87.61004
91.05092
97.41138
