12.43824
24.87647
37.31471
49.75295
60.01188
72.50717
84.94541
97.38365
102.66245
115.10069
12.43824
24.87647
37.31471
49.75295
62.19118
74.62942
87.71678
100.90229
111.16072
124.23194
12.43824
24.87647
37.31471
49.75295
61.20696
73.64520
86.08343
98.52167
111.67468
125.32171
12.43824
24.87647
37.31471
48.14230
60.14150
72.57974
82.81868
90.80488
103.95489
117.07294
12.43824
25.58219
38.02042
50.45866
62.89690
75.33513
82.69332
94.53234
105.83316
118.72835
12.43824
24.87647
37.31471
49.34279
62.71198
74.37073
86.80896
99.24720
110.58724
119.99620
12.43824
24.87647
37.31471
49.75295
62.37087
75.43338
87.87162
100.98726
108.66885
117.84378
12.43824
24.87647
37.89202
50.33025
62.76849
75.37735
87.81559
100.25383
110.16944
122.86931
12.43824
24.87647
31.04006
43.47829
56.65633
69.09457
77.08023
89.51847
101.95670
109.93926
12.43824
19.84242
32.28066
43.80651
56.24474
68.68298
81.12121
93.55945
105.99769
110.40665
12.43824
24.87647
37.31471
49.75295
53.41806
66.52480
80.09155
92.52978
96.99444
106.55991
12.43824
24.87647
38.04171
50.47995
63.22425
76.38251
88.82075
101.53360
113.97183
127.15706
12.43824
24.87647
37.31471
49.75295
62.19118
74.62942
87.80094
100.41984
113.75737
126.62268
12.43824
24.87647
31.23503
42.25793
54.69617
67.13441
80.45297
92.89121
103.02491
115.46315
12.43824
23.32593
35.76417
48.20240
61.03045
73.99996
85.12938
98.21254
108.81891
121.25715
12.43824
24.87647
37.31471
50.48000
60.24226
73.13378
86.60909
94.42701
107.12855
115.96220
12.43824
24.87647
37.31471
50.05499
62.49322
74.93146
87.36970
99.80793
106.60962
119.85323
12.43824
24.87647
37.71562
44.95070
57.39023
69.82847
82.26670
94.70494
107.14318
120.41891
12.43824
24.87647
37.31471
49.75295
62.33707
75.34999
87.78822
101.39555
114.12393
126.83246
12.43824
25.27048
38.38298
50.82122
63.25946
73.90743
86.34566
94.31014
105.95648
118.37497
12.43824
24.87647
38.05235
50.49059
63.50200
75.94024
77.71668
90.15492
101.83786
106.45687
12.43824
24.87647
32.29867
37.53133
49.96956
60.79330
73.23153
85.77084
98.20908
109.62084
12.43824
24.87647
37.31471
44.49148
57.48316
69.92139
82.35963
88.45945
101.29638
115.18703
12.43824
24.87647
37.31471
49.75295
62.91924
72.86798
84.73940
97.71246
110.67203
123.11027
12.43824
24.87647
37.31471
49.75295
62.19118
74.70042
87.51895
100.62902
112.29169
124.72993
12.43824
24.87647
37.31471
38.55872
50.99695
63.43519
75.92990
88.74250
101.18074
112.21949
12.43824
25.31032
37.74855
50.66828
63.10652
75.54475
79.95829
93.20048
105.63872
118.07695
12.43824
24.87647
37.31471
49.75295
54.43068
66.86891
80.11520
93.15383
106.21923
113.82840
12.43824
24.87647
37.31471
44.95502
57.39326
69.89297
83.07966
95.51790
104.94513
117.04692
12.43824
24.87647
37.31471
46.21903
57.39106
69.82930
82.26754
93.35616
106.13358
119.02933
12.43824
24.87647
37.31471
46.08037
58.51861
70.95685
83.86978
96.30802
109.49408
122.65395
12.43824
25.32210
37.76034
50.19857
62.63681
73.86144
81.59495
94.03319
107.11035
119.12360
12.43824
24.87647
37.31471
49.75295
62.19118
74.62942
87.06765
100.23769
113.86832
126.50604
12.43824
24.87647
37.30038
50.34904
62.78727
75.22551
87.42197
100.54897
102.16459
115.07757
12.43824
24.87647
38.02735
50.83735
64.15142
76.58966
85.16555
97.71862
108.29161
116.04780
12.43824
24.87647
37.31471
49.75295
62.19118
69.58420
82.10762
95.06781
107.06177
111.69521
12.43824
24.81650
37.25474
49.69298
62.33124
74.76948
87.49491
100.56230
110.76325
122.95772
12.43824
24.87647
37.31471
49.75295
62.19118
75.28601
87.72424
91.56573
104.73093
117.39209
12.43824
24.87647
37.31471
50.41152
62.84975
75.28799
82.35105
86.56362
98.77322
111.93539
12.43824
24.87647
37.31471
49.75295
62.12058
74.55882
76.54063
88.97886
102.15843
115.30624
12.43824
24.87647
37.31471
49.75295
60.78292
73.70137
86.13961
98.49499
109.14345
121.80120
12.43824
21.54177
33.98001
47.16349
60.10508
72.54332
81.99435
95.20424
108.32997
121.82561
12.43824
24.87647
37.81727
50.25551
62.69374
75.33443
87.77266
100.21090
102.74243
112.70484
12.43824
24.87647
37.31471
49.75295
62.88403
75.41025
78.48469
91.17290
103.72997
116.90855
12.43824
24.87647
37.87685
50.31509
62.75332
75.33523
79.02676
89.83781
97.84674
110.30412
12.43824
24.87647
37.94649
51.12092
63.55916
75.99740
87.80297
100.24121
113.40059
125.84348
12.43824
20.97075
26.34512
38.78335
47.03460
59.47284
71.91107
84.34931
84.86410
97.30234
12.43824
24.87647
37.31471
51.05780
63.49603
75.93427
87.02802
96.38241
108.12889
111.09592
12.43824
24.87647
26.54487
38.98310
51.42134
63.85958
66.60341
78.25086
85.55043
99.36814
12.43824
24.87647
37.31471
50.04568
59.72398
72.78293
82.95347
95.54578
98.47673
111.57288
12.43824
24.87647
37.04731
49.48555
61.92378
74.67148
87.10972
99.54795
112.27567
125.70681
12.43824
24.23947
36.67771
49.86471
62.92526
75.60336
88.04160
101.13654
111.22908
124.00764
12.43824
24.87647
34.13742
46.57566
59.65639
72.09462
84.53286
96.97110
98.76742
111.85014
12.43824
24.87647
37.31471
50.34153
62.77977
68.36465
74.40473
81.88797
94.39611
106.83435
12.43824
24.87647
37.31471
49.91818
62.35641
74.79465
87.63630
100.07454
108.10143
120.53966
12.43824
24.87647
37.31471
50.22583
55.28978
68.05121
79.67976
82.03468
88.54776
98.72899
12.43824
25.61002
38.04826
50.48650
62.92473
76.00956
88.44779
102.17096
115.24410
126.81783
12.43824
24.87647
37.75716
50.33241
63.21019
72.58511
85.02335
97.84312
110.28136
123.08190
12.43824
24.87647
33.88299
46.32123
58.40796
70.84619
81.44850
94.54442
107.59438
120.03262
12.43824
24.87647
37.31471
50.35803
62.79627
75.23451
87.67274
99.53687
103.27633
115.90225
12.43824
24.87647
37.31471
46.53122
58.96946
71.40770
83.84593
96.80310
103.39020
116.81628
12.43824
24.87647
37.31471
49.75295
62.40531
75.45501
87.89324
100.84127
114.13578
119.34693
12.43824
24.87647
37.31471
49.75295
62.38399
74.82223
87.78876
100.97573
113.41397
116.64126
12.43824
24.87647
37.31471
49.75295
59.49227
65.90956
77.21780
89.65604
102.09427
115.84232
12.43824
24.87647
37.31471
49.75295
62.19118
74.62942
80.70977
93.13578
105.13191
117.57015
12.43824
24.87647
37.31471
49.75295
62.73814
75.17638
87.61462
100.78187
113.74243
119.28534
12.43824
24.87647
37.31471
49.75295
62.19118
75.36417
88.05158
100.48982
113.66666
126.10490
12.43824
24.87647
37.31471
49.75295
62.24030
75.39495
87.83318
93.79737
106.16163
118.23747
12.43824
25.61436
38.05260
50.78448
63.22272
74.71283
76.29120
88.72944
101.16767
114.77911
12.43824
24.87647
37.31471
49.75295
62.63021
75.32145
88.36682
101.89130
114.32953
126.76777
12.43824
24.87647
37.31770
49.75593
62.71153
75.13979
87.57803
98.99701
111.43525
123.89061
12.43824
24.87647
37.31471
49.75295
62.19118
75.15061
87.80161
100.01890
112.65079
125.08902
12.43824
24.87647
37.31471
46.87962
59.31785
71.75609
84.62385
97.35715
105.96944
119.12027
12.43824
24.87647
37.31471
50.46053
63.01140
75.44964
85.99192
99.10279
107.68688
120.84243
12.43824
24.87647
37.31471
49.75295
63.34224
76.42092
78.76652
91.85496
104.29319
111.20454
12.43824
24.87647
37.31471
49.75295
62.26739
75.40758
88.55660
100.99484
113.43307
125.91828
12.43824
24.87647
37.31471
46.10696
58.54520
64.89813
77.98045
90.66918
103.26194
111.44625
12.43824
24.87647
37.83216
50.27039
60.10939
72.54763
84.98586
97.64494
110.08318
123.03491
12.43824
18.01739
30.45563
42.89386
55.33210
67.77034
80.65795
93.09619
106.24928
115.90761
12.43824
24.87647
38.02542
49.22400
61.66224
74.45048
87.75572
100.19396
113.37935
127.03327
12.43824
24.87647
37.31471
50.37346
63.35511
75.79334
88.40421
101.52163
114.13534
123.66272
12.43824
24.87647
34.72653
47.16476
60.34959
72.78783
85.97412
96.80259
109.47954
120.30018
12.43824
24.87647
37.56057
50.05128
63.17602
65.45433
76.37262
89.40868
101.84692
108.91422
12.43824
24.37064
29.30492
41.74316
54.18139
67.54723
80.25262
92.69086
105.12909
118.37885
12.43824
24.87647
37.31471
49.75295
62.59122
75.02946
87.99786
100.43610
113.59561
122.33355
12.43824
24.87647
34.99799
43.33856
55.77679
68.21503
80.67967
93.11791
105.96122
118.51517
12.43824
24.87647
37.31471
49.75295
54.89533
67.33356
78.49722
90.93546
104.10597
115.96584
12.43824
24.87647
37.95445
50.39268
62.83092
69.88264
83.02644
96.14680
108.58504
120.74973
12.43824
25.61981
38.05805
50.49628
61.35802
73.79626
86.23449
90.11079
94.22741
106.66565
12.43824
24.87647
37.31471
50.44808
56.29380
58.42580
70.86404
83.34270
95.78093
108.43000
12.43824
24.87647
37.31471
49.75295
62.19118
74.62942
82.81620
95.71759
108.15582
116.05122
12.43824
24.87647
37.31471
49.75295
62.19118
74.92763
87.36586
99.80410
102.37366
109.67448
12.43824
24.87647
37.31471
49.75295
61.80886
74.24709
79.08471
91.85672
97.60264
110.04087
12.43824
25.59276
38.03100
50.46923
62.62755
75.06578
86.17328
98.26512
110.70336
123.14160
12.43824
24.87647
37.31471
50.47148
62.90971
75.34795
76.98653
89.40202
101.84026
114.27849
12.43824
24.87647
37.82800
50.26623
62.93369
76.73097
89.86634
100.19175
112.84161
115.87180
12.43824
24.87647
38.04909
50.48732
63.33705
76.33949
88.77773
95.83692
108.66716
121.10540
12.43824
24.87647
37.31471
49.91210
62.91800
75.35623
87.62845
100.06668
112.50492
124.94316
12.43824
24.87647
37.31471
49.83733
62.27557
74.71380
85.44952
98.34746
110.78569
123.22393
12.43824
24.87647
37.31471
49.75295
61.43473
73.90965
87.08663
91.80482
99.47072
112.50889
