12.43824
17.44625
28.08168
40.51991
52.95815
63.70891
77.01554
89.83806
98.73594
112.36720
12.43824
24.87647
37.31471
50.01335
61.86035
74.29859
86.73682
100.74274
112.93855
125.95691
12.43824
24.16351
37.14912
50.26040
62.32482
72.26055
84.69878
97.48964
107.54721
120.47928
12.43824
23.52752
35.99230
48.43054
61.18033
73.61856
78.81783
89.03321
101.67189
114.24704
12.43824
24.87647
37.31471
49.84240
62.52883
69.00896
72.64717
85.20128
94.51964
107.46393
12.43824
24.87647
37.68756
50.80292
59.18604
65.47490
77.91313
87.99897
98.83193
106.12518
12.43824
25.11217
37.55040
49.98864
58.22729
64.10544
76.54367
88.98191
97.07331
109.51155
12.43824
24.87647
31.85604
44.29428
57.09972
69.56513
81.00427
93.44251
106.41680
119.14312
12.43824
24.87647
37.31471
49.75295
62.92323
75.56357
86.64738
99.59850
112.50718
125.53201
12.43824
15.96749
27.99491
36.47166
48.90990
61.34813
73.78637
86.61729
99.05553
107.61425
12.43824
24.87647
37.66643
50.10467
59.39513
72.03760
84.35464
97.50900
109.78553
115.14494
12.43824
24.87647
33.37082
45.80906
57.85767
71.43910
83.87733
97.70346
110.61737
123.77100
12.43824
24.87647
37.31471
49.75295
61.41842
73.85666
86.20143
91.23968
94.17761
98.66805
12.43824
24.87647
27.37277
40.55472
53.73930
66.17754
79.29090
91.72913
103.87888
116.31712
12.43824
25.61768
38.05591
50.60716
63.71044
76.60868
89.04692
101.48516
108.03790
121.38338
12.43824
24.87647
37.31471
49.75295
62.69679
75.87569
88.59276
90.57520
103.01344
114.31992
12.43824
24.87647
37.31471
49.75295
62.19118
75.56024
89.00879
102.84637
116.68394
130.07953
12.43824
24.87647
37.31471
40.88826
54.06617
66.36353
79.41130
91.84954
104.61996
116.85010
12.43824
24.87647
37.31471
47.13430
59.57254
72.01077
84.44901
97.05090
105.51423
111.32047
12.43824
25.41556
38.24656
50.68480
63.12303
70.65100
83.70865
96.89446
103.49777
116.34610
12.43824
24.87647
37.06096
49.99762
62.64491
75.08315
77.06006
89.49830
102.64620
115.75637
12.43824
24.88833
38.06325
49.63982
62.81185
75.78734
87.16769
98.86651
111.30474
121.41273
12.43824
24.87647
37.36284
49.12747
61.56600
74.00424
86.65177
99.82000
112.64992
122.76315
12.43824
24.87647
37.31471
49.99710
55.39784
67.00271
79.44095
92.74930
105.74775
118.77417
12.43824
24.87647
37.31471
49.75295
61.88445
69.33125
76.65341
89.73856
95.27692
107.71516
12.43824
24.87647
37.31471
44.82500
57.26324
69.70147
82.69184
96.30255
108.94280
118.31744
12.43824
24.90764
37.34588
49.78411
62.22235
74.66059
86.79848
97.53661
110.50145
113.02221
12.43824
24.87647
37.31471
49.75295
62.88644
75.74942
78.22546
90.91138
103.65161
109.24119
12.43824
24.87647
37.31471
45.29787
57.39492
69.83316
81.43370
95.02615
103.89873
118.52102
12.43824
24.59260
37.03083
39.38256
51.98589
64.42413
76.86237
82.99243
95.96715
109.74038
12.43824
24.87647
38.04100
44.81628
57.25452
69.69276
77.93420
90.51721
102.63226
106.41298
12.43824
25.01281
38.04088
50.47912
63.18183
73.24064
80.13489
93.06396
105.50219
116.99194
12.43824
24.87647
37.31471
49.75295
61.10838
73.56146
86.29466
96.00019
108.61000
121.45517
12.43824
24.87647
37.80992
50.98294
63.42118
75.85942
86.57524
99.60453
106.73048
109.03591
12.43824
24.87647
38.04089
50.63319
63.56832
76.00656
84.99024
97.42848
103.23880
106.24969
12.43824
24.87647
37.31471
49.78859
62.90788
71.82585
83.29623
92.66412
105.50959
112.92608
12.43824
23.90821
36.34645
48.78469
60.95442
73.39266
85.83090
98.03927
110.08404
117.43172
12.43824
25.61414
38.05237
41.02057
53.91068
66.70234
75.38389
82.08672
93.51861
104.18162
12.43824
24.87647
37.31471
49.71156
62.74341
76.45577
89.80294
102.62078
115.47871
128.16944
12.43824
24.87647
37.31471
49.75295
59.37623
71.90136
79.39514
91.87736
105.67473
118.11297
12.43824
24.87647
33.93942
46.37766
58.81590
71.46399
82.08014
94.51838
98.49102
110.92926
12.43824
25.14764
37.58588
47.39144
60.69532
73.13355
85.57179
91.65245
101.88612
115.28176
12.43824
24.87647
37.31471
49.75295
62.19118
74.63256
88.32631
99.05119
102.61865
115.34663
12.43824
24.87647
37.72300
49.45644
62.62195
75.50091
87.51560
96.58915
103.36248
116.52917
12.43824
24.87647
38.35040
50.81740
63.86295
76.83107
87.69536
100.13360
112.75978
116.35382
12.43824
24.87647
38.64764
44.36841
56.80665
69.24489
77.80958
90.24782
103.58115
116.26127
12.43824
24.87647
30.15285
43.32936
50.97799
63.41623
76.45122
88.55059
89.02783
102.68258
12.43824
24.87647
35.82151
44.15992
57.27149
67.78017
74.48916
80.27939
91.26135
104.77279
12.43824
24.87647
37.31471
49.75295
62.21185
74.65009
79.45722
85.62841
98.17777
103.26544
12.43824
24.87647
37.31471
50.33508
54.75388
63.04246
71.29678
83.73502
94.53257
106.38805
12.43824
24.88813
29.14876
41.58699
54.43320
66.87143
79.30967
91.76741
104.41782
110.58554
12.43824
24.47839
36.91662
49.61820
63.02967
76.24096
89.42043
100.41742
110.79525
120.28365
12.43824
24.87647
36.23492
48.67315
61.48064
73.91887
86.46697
98.90520
101.65007
116.03765
12.43824
24.87647
37.31471
50.21803
62.71720
75.21782
85.21782
98.47257
110.19320
122.63144
12.43824
24.87647
36.28043
49.43493
61.87317
74.77322
88.05263
100.32378
113.26812
124.68472
12.43824
24.87647
37.31471
43.80777
56.95077
69.38901
69.77195
75.86142
86.81098
99.66529
12.43824
24.87647
37.31471
49.75295
62.23015
74.20127
86.89461
99.58925
112.62243
114.98839
12.43824
24.87647
37.63103
50.43699
63.41989
73.97482
86.41305
99.92662
109.26447
113.93113
12.43824
24.87647
35.88919
48.82817
50.62127
63.79452
77.68477
87.09122
93.73110
106.16934
12.43824
24.87647
37.31471
49.75295
62.67923
75.11747
87.55570
92.74310
94.36699
103.16097
12.43824
24.87647
33.10572
45.54395
58.72854
71.16677
83.60501
96.04325
109.85070
123.03562
12.43824
24.87647
37.31471
49.75295
56.39783
68.18473
81.41823
88.34509
99.62314
112.04207
12.43824
24.87647
37.31471
49.79029
62.87341
75.53234
86.47572
96.54521
109.45218
120.79623
12.43824
18.13633
31.07983
43.51807
55.95630
68.39454
81.40428
93.84251
103.67758
114.96150
12.43824
24.87647
37.31471
50.49878
61.22622
73.66445
86.81961
95.80338
107.01448
120.32479
12.43824
24.87647
37.31471
49.75295
62.19118
74.62942
79.67643
88.23701
101.44944
113.26740
12.43824
23.57177
33.17606
44.73561
57.17385
70.09081
82.90654
95.34478
101.95435
104.97238
12.43824
24.87647
37.31471
49.75295
63.28206
73.76205
86.20029
88.89924
101.79976
114.23799
12.43824
24.87647
37.94692
50.38516
63.56916
71.07126
74.39646
87.84357
99.85802
108.87392
12.43824
24.87647
37.31471
50.49984
62.93808
75.37632
86.64318
99.08142
111.51966
124.54773
12.43824
24.87647
35.02615
47.46439
60.29031
66.54161
68.13388
80.83003
93.76601
100.20270
12.43824
24.87647
37.67334
50.11158
62.54981
75.15242
88.22721
101.27761
115.92946
128.36769
12.43824
24.87647
36.94969
44.80983
57.24807
69.68630
82.16237
96.02073
100.67325
113.58381
12.43824
24.87647
37.34726
49.78464
62.93241
75.37064
88.09257
100.87908
104.84213
115.87868
12.43824
24.87647
37.31471
49.93169
57.23257
70.04016
79.62484
91.69767
104.57748
107.84169
12.43824
25.62188
38.73854
51.17678
64.81046
70.91894
83.99992
96.43816
103.35487
116.38064
12.43824
16.48571
28.92395
41.22909
48.06869
60.50693
72.34763
86.10322
98.54146
99.85169
12.43824
24.87647
37.31471
50.35628
59.34419
72.53078
84.96902
97.79439
110.46860
119.57764
12.43824
22.06232
34.65597
47.09421
59.56025
66.32518
78.20987
90.64810
94.60480
107.24934
12.43824
24.87647
38.06236
46.79926
60.27710
69.86906
82.54127
95.63864
99.20684
109.50998
12.43824
24.87647
37.31471
50.47189
63.23380
76.95985
89.39808
101.83632
115.01123
126.58752
12.43824
24.87647
30.73617
43.25956
56.43921
68.87744
81.94100
89.95639
102.82354
116.59761
12.43824
24.87647
33.97249
47.12454
59.04003
71.47827
76.23956
81.73938
94.92626
100.50006
12.43824
24.87647
36.73954
49.17777
61.61601
74.03564
86.56725
97.83011
111.01711
117.33256
12.43824
24.87647
38.01652
50.45476
63.08111
76.28584
90.28574
102.93045
115.86536
118.60458
12.43824
24.87647
36.47440
42.63243
56.07276
68.51099
80.94923
89.21036
102.46919
115.59820
12.43824
24.87647
37.31471
49.75295
53.48186
65.92010
78.35833
91.18402
104.03509
113.47180
12.43824
24.87647
37.31471
50.01703
62.45526
67.53757
80.72002
92.14949
104.58772
116.89145
12.43824
24.87647
38.04224
50.48047
63.54079
75.97902
88.59412
98.54427
108.62603
121.06427
12.43824
24.87647
37.31471
46.82294
50.51978
61.30764
74.77949
88.40206
100.84029
113.83287
12.43824
24.87647
37.31471
50.11276
62.55099
74.98923
86.14262
99.01498
111.45322
124.33559
12.43824
24.87647
37.31471
50.47163
63.45482
70.91363
83.35187
95.79010
101.67835
114.79788
12.43824
24.87647
37.31471
50.48797
61.54866
72.14222
82.61142
92.34726
105.70982
119.45961
12.43824
17.79546
30.97139
40.18474
43.55101
55.98924
68.42748
72.26502
84.13348
96.58885
12.43824
24.87647
37.31471
48.17638
60.61462
69.66752
82.65075
91.45006
103.88829
112.77893
12.43824
24.87647
37.70983
50.14807
63.18199
76.47104
85.86605
92.76564
104.26587
110.30697
12.43824
24.87647
38.03327
50.47150
62.62550
75.64777
88.79562
101.90060
108.64340
122.12488
12.43824
24.87647
37.35187
48.30854
60.89235
73.33059
80.86520
94.65089
107.64482
120.59157
12.43824
25.45492
38.42320
44.61982
58.02378
70.46202
81.09062
94.00455
104.21711
117.12879
12.43824
24.87647
37.31471
49.75295
62.70804
75.77712
88.91604
101.74635
114.50582
123.55678
