12.43824
24.87647
37.31471
49.75295
62.93960
75.37783
87.81607
93.85629
103.28103
115.71927
12.43824
24.87647
37.31471
49.75295
62.19118
74.62942
87.52811
99.96635
113.09005
123.07191
12.43824
24.87647
37.31471
49.75295
58.39982
71.58519
84.02342
96.46166
109.25152
121.71696
12.43824
24.87647
37.31471
46.66455
59.85108
72.28931
85.13900
95.51968
108.06472
120.50296
12.43824
25.43323
37.87147
50.30971
62.74794
75.18618
86.49049
99.41481
110.28412
123.84465
12.43824
24.87647
37.31471
49.95605
62.99575
75.43398
87.87222
100.31046
113.47598
126.01734
12.43824
24.87647
37.31471
49.75295
62.71587
69.83497
82.27321
95.26505
101.39350
110.45004
12.43824
24.87647
37.39216
49.83040
62.26864
74.70687
87.88028
100.31851
112.75675
125.19498
12.43824
24.87647
33.87752
46.31576
58.67589
71.11413
84.28405
97.39908
109.83731
121.15692
12.43824
25.40372
38.38004
47.78742
60.22566
72.66389
85.10213
97.54036
109.97860
119.63702
12.43824
24.87647
37.31471
49.75295
62.84512
75.28336
88.15875
100.59698
113.03522
126.07757
12.43824
24.87647
37.42533
49.86357
62.30180
74.74004
87.17828
100.05461
112.49285
125.17397
12.43824
24.87647
37.31471
49.75295
62.19118
74.62942
87.06765
100.11987
111.75490
124.19313
12.43824
24.87647
36.51605
45.13859
57.57682
70.01506
82.50613
95.22327
108.15928
120.59752
12.43824
25.44850
37.88674
50.32498
62.76321
75.66448
80.37884
92.81708
106.32477
119.08571
12.43824
24.87647
37.31471
50.11829
62.55653
75.58903
88.24292
101.01362
113.45185
125.89009
12.43824
24.87647
37.31471
50.06594
62.50418
74.94242
87.38065
99.81889
112.25713
124.69536
12.43824
24.87647
38.06018
51.24623
64.43060
76.86884
89.86429
102.30253
114.74076
127.84223
12.43824
24.87647
37.31471
49.75295
62.19118
75.21399
87.65223
100.09047
112.52870
125.65301
12.43824
25.42515
38.52651
50.96475
63.40298
76.39326
88.83149
99.85308
111.47192
123.91016
12.43824
24.87647
38.05152
50.48975
63.60892
76.04715
87.42082
99.85906
109.76025
122.86146
12.43824
24.87647
37.31471
50.02887
62.46710
74.90534
87.34357
100.44638
112.88461
125.85803
12.43824
24.87647
37.31471
49.75295
62.19118
74.62942
87.06765
99.16033
111.59856
124.76110
12.43824
24.87647
37.31471
49.75295
59.93628
72.37452
85.33968
97.77791
110.36974
122.80798
12.43824
24.87647
37.31471
49.75295
62.19118
75.00658
87.44482
100.63155
112.88208
125.32032
12.43824
24.87647
37.31471
49.58305
62.02129
74.45953
84.49364
96.93188
109.44870
121.35740
12.43824
24.87647
37.31471
49.75295
62.19118
74.62942
87.06765
99.50589
111.94413
124.38236
12.43824
24.87647
37.31471
49.75295
54.63400
67.07224
80.57014
89.33918
101.77742
112.35484
12.43824
24.87647
37.31471
50.02095
62.45918
73.69224
86.87624
99.31448
112.35238
124.79062
12.43824
24.87647
37.31471
49.75295
62.62449
75.06273
87.50097
100.30933
112.74756
125.73037
12.43824
24.87647
37.31471
48.67733
61.11556
73.55380
85.99203
98.43027
110.86851
123.94532
12.43824
25.01848
37.45672
49.89495
62.33319
75.48663
86.34736
98.78559
111.80716
125.17829
12.43824
24.87647
37.31471
49.75295
62.19118
74.62942
87.06765
99.96600
113.53674
125.83866
12.43824
24.87647
31.48374
43.92198
56.36021
68.79845
81.74463
94.18287
107.12047
120.30784
12.43824
24.87647
37.31471
49.75295
62.93403
75.37227
87.75038
100.25730
113.16095
125.59919
12.43824
24.87647
37.31471
49.75295
62.19118
74.64810
87.63586
100.80251
113.46360
121.84666
12.43824
25.61530
38.05354
50.49177
58.29903
71.46304
83.90128
96.33952
101.38939
114.28640
12.43824
24.87647
37.31471
50.35907
62.79730
75.23554
87.67378
99.14118
112.27857
124.71680
12.43824
24.87647
37.31471
49.75779
62.19603
74.63426
82.14651
85.14415
98.23473
110.67296
12.43824
24.87647
37.31471
49.75295
62.19118
74.62942
87.60425
100.04249
112.48072
125.31026
12.43824
24.87647
37.31471
49.75295
60.18604
73.31679
85.75503
98.82489
111.26313
123.70137
12.43824
24.89613
37.33437
50.78280
63.22104
75.65928
88.77066
94.43392
106.31517
119.47424
12.43824
24.87647
37.31471
49.75295
62.19118
74.62942
87.06765
99.50589
112.54372
123.71922
12.43824
24.87647
37.31471
49.75295
62.22097
74.65921
86.62490
99.06313
111.96235
119.12822
12.43824
24.87647
37.58213
50.02037
62.45860
75.63874
83.93537
96.11076
109.00848
114.78783
12.43824
24.87647
37.31471
50.47242
62.91065
75.34889
87.78713
100.22536
112.66360
122.78346
12.43824
21.18811
28.32018
40.75842
45.94174
58.37998
71.56701
84.00525
96.77378
109.21202
12.43824
24.87647
37.31471
46.64224
59.08048
71.61836
84.79164
90.22179
102.73233
115.17056
12.43824
24.87647
36.82079
49.25902
61.69726
74.13549
77.03344
82.87604
92.00141
104.93842
12.43824
24.87647
37.31471
50.48832
63.65379
76.55125
89.66451
102.10275
111.25976
123.69800
12.43824
24.87647
37.32983
49.76807
62.20630
73.23277
85.67100
98.85731
111.27576
123.96551
12.43824
25.60196
38.04020
45.50330
57.94154
70.37977
82.81801
95.25624
107.29624
119.73448
12.43824
24.87647
37.98837
50.42660
62.86484
75.30308
87.74131
100.17955
105.87081
118.30905
12.43824
24.87647
37.31471
49.75295
62.19118
74.62942
87.99600
97.90181
110.34004
122.77828
12.43824
24.87647
37.31471
49.75295
62.19118
74.62942
76.65144
89.08967
101.31503
113.75327
12.43824
24.87647
37.31471
49.75295
58.56793
71.00616
84.98556
98.00345
106.04229
114.37461
12.43824
25.41649
37.85472
50.29296
62.73119
75.16943
87.60767
98.03882
110.47706
123.65782
12.43824
24.87647
37.31471
50.14971
63.19136
75.92800
88.36624
101.02814
113.46638
125.90461
12.43824
24.87647
38.04670
50.48494
60.77767
73.21590
85.65414
98.09248
108.40974
120.84798
12.43824
24.87647
37.54221
49.98044
62.41868
75.48437
87.92260
97.43214
107.99134
120.42958
12.43824
24.87647
37.31471
50.15844
62.59667
75.03491
87.47315
99.92517
110.72047
123.15871
12.43824
24.87647
37.31471
49.75295
62.19118
74.93179
87.37002
100.21960
113.28464
124.07873
12.43824
24.87647
37.31471
49.75295
62.52617
74.96441
87.49592
100.12383
113.08194
123.15380
12.43824
24.87647
37.31471
49.75295
57.63728
70.07551
79.84489
92.28313
104.72137
117.15960
12.43824
24.87647
37.31471
49.75295
62.19118
74.62942
87.49599
99.95186
112.39010
124.82834
12.43824
24.87647
37.31471
49.75295
62.92642
75.36465
87.80289
100.54533
113.03658
121.91618
12.43824
24.87647
37.31471
45.07104
57.50928
69.97995
82.41819
94.85642
107.62377
120.06200
12.43824
24.87647
37.31471
49.75295
62.24521
74.68344
87.12168
96.87718
109.99938
122.46238
12.43824
24.87647
37.31471
49.75295
62.19118
75.23626
87.33177
99.77001
112.20824
126.11921
12.43824
24.87647
37.31471
49.75295
62.19118
74.62942
87.16927
99.69366
112.13189
125.55768
12.43824
24.87647
37.89322
50.33145
63.08038
75.51862
87.95685
101.62938
114.09949
126.53773
12.43824
24.87647
34.80044
47.23868
59.67692
72.82371
86.00743
98.94694
111.38518
123.82341
12.43824
24.87647
37.31471
50.38882
62.82705
75.26529
88.06448
101.16870
114.43920
126.87743
12.43824
24.87647
37.31471
50.43753
62.87577
75.31401
88.77921
101.30437
109.26135
121.69958
12.43824
24.87647
37.31471
49.75295
61.31622
74.38617
86.14860
98.58684
111.02508
123.61036
12.43824
24.87647
37.31471
49.75295
62.19118
74.00072
86.43896
98.87719
111.31543
123.75367
12.43824
24.87647
37.31471
50.38696
62.82520
66.58860
79.02684
91.46508
103.90331
117.08989
12.43824
24.87647
37.31471
49.75295
62.19118
74.62942
87.06765
99.50589
111.94413
125.09542
12.43824
25.61868
38.05692
50.49516
62.93339
75.37163
87.80986
100.24810
112.69821
120.08004
12.43824
24.87647
37.31471
49.75295
62.19118
74.62942
87.06765
99.50589
111.17768
123.61592
12.43824
24.87647
37.31471
49.75295
62.93515
75.37338
87.81162
100.24985
113.15553
125.51013
12.43824
24.87647
37.88406
50.32230
54.35947
66.79770
79.23594
91.91252
104.35076
116.92520
12.43824
24.87647
37.31471
49.75295
62.19118
68.09872
72.16999
82.86866
95.30689
106.49228
12.43824
19.18048
29.70878
42.14701
54.58525
67.93606
81.12228
93.56051
105.99875
118.43699
12.43824
24.87647
38.02919
50.46743
62.90567
75.34390
87.78214
100.22038
113.03112
126.33804
12.43824
24.87647
37.31471
50.27158
62.70982
75.14806
87.58629
97.55662
111.30335
123.62556
12.43824
24.87647
37.31471
49.75295
58.63802
71.07626
82.79339
95.23163
99.35963
112.09178
12.43824
24.87647
37.72892
50.16716
62.60540
75.78109
88.21933
100.65757
113.09580
125.83352
12.43824
25.41483
37.85307
50.29131
62.72954
75.16778
87.60601
100.04425
106.18871
118.62695
12.43824
24.87647
37.31471
49.75295
57.60510
70.04334
82.48158
94.91981
107.35805
119.79629
12.43824
24.87647
37.31471
49.75295
62.19118
74.62942
85.18911
97.62734
110.06558
119.49975
12.43824
24.87647
37.31471
49.75295
62.19118
74.62942
87.06765
99.50589
112.33720
126.06651
12.43824
24.87647
37.31471
49.75295
62.19118
74.62942
82.43828
94.87651
106.93479
119.37302
12.43824
24.87647
37.31471
46.74635
59.47839
71.91663
81.00609
91.62767
104.06591
116.50415
12.43824
24.87647
37.31471
50.47217
62.91040
75.34864
77.42766
89.91665
102.35488
114.79312
12.43824
24.87647
37.31471
49.75295
62.19118
74.62942
87.06765
96.96517
110.06999
114.93898
12.43824
24.87647
36.07368
48.51192
60.95015
74.11210
86.55034
99.33018
111.76842
123.31145
12.43824
24.87647
37.31471
50.22539
63.38566
75.82389
88.26213
100.70037
114.38442
126.82266
12.43824
24.87647
37.31471
49.63215
62.07039
74.50863
87.62607
100.06431
112.50254
124.94078
12.43824
24.87647
37.31471
49.75295
62.84801
75.28624
87.72448
100.25726
113.08162
126.09259
