12.43824
24.87647
37.31471
49.75295
57.97836
70.41660
82.85484
88.97327
101.09059
113.52883
12.43824
24.87647
37.31471
50.37260
63.70610
76.14433
86.70389
99.31264
112.64044
120.75619
12.43824
24.87647
37.31471
49.75295
59.81138
71.38500
84.05667
96.49491
109.63181
123.40274
12.43824
24.87647
37.31471
42.69825
52.92922
65.36746
77.37326
86.52554
98.90406
112.08442
12.43824
25.59449
38.03273
50.47097
62.90920
75.34744
84.30226
93.45428
106.07883
118.77809
12.43824
24.87647
37.31471
49.79808
62.43155
70.88913
83.32737
96.36719
108.35538
117.47234
12.43824
24.87647
37.31471
49.75295
60.53864
72.44347
85.41834
94.97071
97.41533
110.20509
12.43824
24.87647
37.31471
49.75295
62.19118
74.82709
87.23010
99.66833
111.41770
124.89089
12.43824
24.87647
30.90426
43.34250
54.77352
67.21176
75.54049
86.83537
99.27360
100.41286
12.43824
20.43951
32.83179
42.33619
54.77443
67.62243
80.80935
93.24759
105.68582
113.21935
12.43824
24.87647
37.31471
49.93870
54.82373
67.71801
79.43798
92.62386
101.15410
114.25409
12.43824
24.87647
35.32003
47.75826
60.86338
73.50335
85.94159
96.04564
109.22403
119.56518
12.43824
24.87647
37.31471
49.75295
62.77214
75.55568
87.29071
98.68476
111.54098
124.57202
12.43824
24.87647
30.66174
37.62509
50.06333
62.50156
74.72050
87.57484
97.05492
109.49315
12.43824
21.45674
33.89497
46.33321
58.95288
68.79134
72.17216
85.06297
95.71332
108.59818
12.43824
24.87647
31.99201
44.81023
55.08104
67.64945
77.46973
81.87520
94.71136
100.47301
12.43824
24.87647
37.31471
50.18208
62.62031
75.64383
88.80636
102.02263
109.60636
122.79012
12.43824
24.87647
37.59407
43.56764
56.41645
68.85469
81.40368
95.06474
108.06792
117.08830
12.43824
24.87647
37.31471
49.75295
62.34525
70.44202
83.62448
96.68702
109.37106
119.46836
12.43824
25.59626
38.56281
51.00105
63.43928
72.51053
84.94877
92.81266
106.53819
118.75879
12.43824
24.87647
38.04112
50.47936
63.62218
76.06041
85.67480
98.11303
103.66745
107.63184
12.43824
24.87647
36.74251
49.86692
62.30515
68.75559
81.19383
94.04672
106.55083
119.95088
12.43824
24.87647
37.58699
44.28005
57.17621
69.61445
82.24394
95.29574
109.48037
118.83824
12.43824
24.87647
37.31471
49.75295
53.27104
59.43403
71.83047
85.50592
98.49963
110.93787
12.43824
25.48022
37.91846
50.35669
63.54345
76.66600
89.35892
101.27927
114.43642
126.87465
12.43824
24.87647
37.31471
39.12014
51.55838
63.99661
74.32113
87.28174
100.44832
113.21777
12.43824
24.87647
37.31471
50.47911
62.91734
75.35558
80.28194
84.97300
98.80770
111.24593
12.43824
24.87647
37.31471
49.75295
52.68200
66.06927
77.38434
87.52621
100.69934
108.21538
12.43824
24.87647
37.31471
49.77376
62.21199
70.45256
83.66778
96.10601
107.76482
115.21594
12.43824
24.87647
37.31471
41.37653
51.77278
64.21102
76.64926
90.35811
93.98229
107.18683
12.43824
24.87647
37.31471
45.19693
57.63517
70.07340
83.23769
96.33171
109.51032
112.41588
12.43824
25.52285
37.96109
50.39932
63.08095
73.50247
86.23163
98.66987
111.52863
123.42424
12.43824
24.87647
37.31471
49.75295
62.19118
74.79608
87.23432
99.28326
112.74275
121.18880
12.43824
24.87647
32.84732
45.40416
57.84239
70.28063
79.57876
93.21229
99.40496
108.76041
12.43824
24.87647
38.04483
46.28988
59.76210
72.20034
80.22832
92.69532
102.28871
102.89908
12.43824
24.87647
37.31471
50.31424
62.75248
73.72307
85.65039
93.98751
106.03629
110.08162
12.43824
24.53801
36.97624
49.41448
54.76887
65.33740
78.34474
91.86897
100.40096
109.96050
12.43824
24.87647
37.31471
45.87400
58.60121
70.59815
83.03639
94.40653
106.84476
120.48132
12.43824
24.87647
37.31471
50.49007
62.92831
75.36655
81.58439
88.57991
92.75490
105.14399
12.43824
24.87647
37.31471
49.75295
62.63068
75.42179
79.45284
91.89108
104.92455
119.08451
12.43824
24.87647
37.31471
49.75295
63.35163
72.85203
85.29027
94.81568
99.76445
112.94691
12.43824
18.12885
30.56708
43.27805
56.45089
68.88913
76.69054
86.08760
96.93188
109.29229
12.43824
24.87647
37.31471
49.75295
62.19118
73.69365
86.39259
98.93779
104.27968
112.00641
12.43824
24.87647
37.31471
49.75295
61.34001
73.79705
75.68735
88.12559
101.67529
106.47297
12.43824
24.87647
37.54558
49.98382
62.42205
74.40053
79.79334
92.66031
105.10107
109.19969
12.43824
24.87647
38.01799
49.74025
62.17848
74.61672
75.87619
88.31443
101.13450
102.46062
12.43824
21.31468
34.47279
46.91103
54.69192
67.13016
79.77921
92.21745
96.50459
108.94282
12.43824
24.87647
37.49343
45.96352
58.40176
70.83999
81.06013
93.82461
106.95728
108.59185
12.43824
24.87647
35.14422
47.58246
59.87168
72.30991
74.03539
79.15232
81.78425
86.72585
12.43824
24.87647
37.31471
50.49178
56.71657
68.48205
79.49092
91.93504
95.87453
109.05657
12.43824
24.87647
38.06339
50.50163
62.93986
71.80029
84.23853
97.27839
109.79088
122.08458
12.43824
25.61624
38.05447
46.86051
59.99808
72.43673
84.87497
97.31320
110.58036
123.01860
12.43824
24.87647
37.12424
49.56247
53.00923
65.44746
77.88570
90.32394
-1.00000
-1.00000
12.43824
24.87647
37.31471
50.88127
63.31951
71.18840
77.92797
88.79768
101.28307
113.72131
12.43824
24.87647
37.77466
50.92148
63.35972
75.96165
86.82970
99.26794
103.95424
116.81916
12.43824
24.87647
37.31471
43.78237
54.94649
67.97546
74.93025
77.74018
87.91678
96.11734
12.43824
25.62414
38.06237
50.50061
62.93885
76.74112
89.75068
94.18817
107.35391
114.84125
12.43824
24.87647
37.31471
50.43126
63.58549
76.36607
88.80430
101.24444
113.68268
126.12091
12.43824
25.14043
33.57691
46.01515
48.70772
61.14596
74.16669
87.55042
95.32661
107.76485
12.43824
24.87647
37.32950
49.88090
62.31914
75.46603
87.90427
98.92721
101.97300
115.07238
12.43824
24.87647
37.31880
50.09686
62.53510
74.97334
87.41157
100.38650
110.35851
114.82620
12.43824
25.60721
38.04545
51.17263
63.92063
76.47878
88.91702
102.49033
113.10796
120.90051
12.43824
24.87647
37.31471
49.75295
61.46259
73.90083
85.27879
94.13839
106.57663
111.38264
12.43824
24.87647
37.31471
50.42796
60.55446
65.75884
74.66218
87.10042
99.58444
110.16363
12.43824
24.87647
37.31471
49.75295
62.93701
75.37524
81.08014
87.73670
98.66821
111.10645
12.43824
24.87647
37.31471
49.75295
61.91929
74.35752
87.92767
98.48084
110.79216
122.14462
12.43824
24.87647
37.31471
43.45207
55.89030
68.70761
81.89129
94.32953
106.54316
118.98140
12.43824
24.87647
37.31471
49.75295
63.10537
75.94602
88.38426
100.00371
112.46409
125.64782
12.43824
25.41789
37.85613
51.01623
63.45447
71.87069
74.70377
87.14200
99.58024
112.59590
12.43824
24.87647
37.31471
49.75295
62.05714
74.95086
88.06775
101.16333
113.60156
120.67483
12.43824
24.87647
36.37535
48.81359
61.35223
63.76712
76.20535
88.67963
101.71019
114.16298
12.43824
24.87647
30.92080
43.35903
55.79727
68.95647
82.14005
92.44311
104.89854
117.33678
12.43824
24.87647
37.34641
48.64597
61.08421
73.52245
85.21099
95.55824
101.10932
114.07117
12.43824
22.30564
34.74388
47.65564
60.09388
72.53212
85.13525
98.20942
102.81913
114.75503
12.43824
24.87647
37.31471
49.75295
61.11517
71.21156
72.01702
85.12352
97.69635
105.00579
12.43824
24.87647
37.31471
49.75295
62.56593
73.21390
85.14181
97.58005
110.71088
122.39819
12.43824
24.87647
37.31471
44.47636
56.91460
59.49086
72.12978
84.56802
97.12277
103.46735
12.43824
24.87647
37.31471
49.75295
58.72296
71.16120
83.59944
95.63897
108.07720
121.86331
12.43824
15.17136
27.60959
40.04783
52.48607
64.92430
78.10385
90.54209
104.21324
108.88880
12.43824
24.87647
37.48772
49.14488
61.58312
74.60401
87.63948
100.07771
110.39866
121.34916
12.43824
24.87647
37.31471
50.46509
61.23802
73.67626
86.11449
99.29948
113.13388
120.47652
12.43824
24.87647
32.51374
44.95198
47.02766
59.46589
72.64725
83.06611
96.08084
105.15077
12.43824
24.87647
38.06320
50.85055
63.83718
66.82886
77.11744
89.62885
102.06709
103.37028
12.43824
24.63286
30.73139
43.16963
55.60787
67.87398
78.49572
91.49563
103.93387
116.92107
12.43824
24.87647
37.98131
50.41954
62.85778
75.29601
88.39283
101.50253
112.00902
122.42788
12.43824
24.87647
37.73765
48.58067
61.01891
73.45714
85.89538
96.91452
109.41056
121.04137
12.43824
24.87647
37.31471
49.83756
52.83537
65.27360
72.14644
84.58467
97.10143
109.53966
12.43824
24.87647
38.06332
50.50155
62.93979
69.84589
81.62829
94.41855
107.56130
118.62341
12.43824
25.20569
37.64393
50.08217
62.78850
75.22674
87.66497
90.84766
98.71964
111.15787
12.43824
24.87647
37.95650
51.05410
63.17886
68.94244
82.10766
95.29236
107.73059
120.91726
12.43824
24.87647
37.31471
49.75295
62.19118
74.62942
79.99907
90.40861
102.84685
116.01603
12.43824
24.87647
37.31471
50.34656
62.78480
76.18765
88.62589
101.06413
114.75098
123.45335
12.43824
24.87647
37.31471
50.23782
61.53527
73.97351
83.48459
96.58434
108.67043
121.78825
12.43824
25.45846
37.89669
44.95428
57.91027
70.34851
77.25339
81.67147
94.10971
106.54794
12.43824
24.87647
37.31471
49.75295
62.19118
74.87259
83.20734
93.61803
106.05626
119.01829
12.43824
24.87647
38.05990
50.49814
62.93637
74.97889
88.02233
94.35525
107.52262
117.54917
12.43824
24.87647
33.25098
45.68922
57.14900
70.23454
82.67278
93.47099
106.27260
112.91732
12.43824
24.87647
38.04649
50.40973
63.59450
76.03274
88.73681
101.53585
112.51274
124.95097
12.43824
24.87647
37.31471
51.09806
63.53630
75.97454
86.05982
99.24449
112.29687
124.73510
12.43824
24.87647
37.31471
49.75295
60.91273
73.28691
86.22472
99.01356
104.13464
114.78749
