12.43824
24.87647
37.31471
50.46853
57.06168
61.73978
74.65694
83.70729
92.41748
104.85572
12.43824
24.87647
37.31471
51.24542
63.68366
76.87043
89.30866
102.96513
113.23297
117.46137
12.43824
25.19603
37.40634
49.84457
62.28281
67.51130
71.56486
84.35415
91.28787
103.72611
12.43824
21.46929
33.90752
46.34576
59.21593
71.13028
80.89125
94.07837
107.01711
117.59870
12.43824
13.10141
25.53538
39.01895
51.65668
64.09492
73.83306
76.16536
76.98897
89.42721
12.43824
24.87647
29.85449
43.05283
55.49107
63.40032
75.83856
88.27679
101.60736
109.42675
12.43824
24.87647
37.31471
49.75295
61.95718
74.31435
79.62051
92.39013
101.23859
108.52125
12.43824
24.87647
38.06009
44.86045
55.14816
56.69023
60.00824
71.66205
78.26633
85.59221
12.43824
14.72939
27.91307
40.35131
47.86054
60.96176
74.14706
87.69807
100.13630
112.57454
12.43824
18.63405
25.69209
38.44951
50.21718
62.65542
75.81942
88.25765
101.73294
104.28672
12.43824
25.58618
34.88988
47.09563
53.39448
65.22020
72.36205
83.71271
87.28197
93.94017
12.43824
19.73803
32.86286
45.88367
56.18725
68.62549
81.32555
82.55186
92.17984
101.23364
12.43824
25.32248
27.52643
40.00961
44.84574
55.19842
68.04577
80.48400
84.70627
97.14451
12.43824
25.62091
30.55626
33.61982
46.68359
59.12183
72.30104
76.06356
80.57145
93.00969
12.43824
25.41032
37.84856
50.28679
63.29862
73.79962
86.38036
99.55209
103.29355
113.83869
12.43824
24.87647
33.41385
46.57988
57.97491
64.36835
73.51867
85.95691
88.89221
88.99616
12.43824
24.33851
32.80461
45.69971
57.70279
61.25518
66.25562
79.57866
79.94085
80.61730
12.43824
24.87647
37.31471
48.87007
61.33055
71.09695
83.53518
95.97342
102.70484
114.79935
12.43824
24.87647
38.06344
49.14353
61.58177
72.15690
85.02212
93.38329
102.52563
111.34373
12.43824
21.96803
34.40626
46.84450
58.67975
65.97388
78.41212
87.28707
98.57472
112.45889
12.43824
25.61948
38.05772
48.43604
52.19866
53.26824
53.59128
55.75610
67.95194
80.39017
12.43824
25.62525
38.09964
49.33618
61.77441
74.21141
86.64964
94.68532
109.02821
113.04201
12.43824
24.87647
38.78840
47.84569
58.06473
70.38462
83.24894
86.94593
91.42061
91.52747
12.43824
24.87647
35.77193
41.90774
54.34597
66.90523
75.81831
77.60969
78.98214
81.46609
12.43824
25.04664
31.20833
44.09773
56.08332
56.73904
69.17728
81.61551
84.30693
97.46021
12.43824
24.87647
36.64138
38.35417
48.94542
62.02309
74.42687
75.56718
86.92318
88.50599
12.43824
22.00397
34.38526
47.59374
60.03197
73.49756
77.71692
85.06865
89.76952
100.59680
12.43824
25.60153
38.03977
50.47801
53.16724
66.34948
79.37289
84.95308
95.20129
97.93661
12.43824
24.87647
37.31471
50.18514
63.19900
75.23435
83.39050
96.04190
108.57302
114.80483
12.43824
25.02878
38.46874
45.36236
48.90340
61.34164
73.61208
80.53728
90.12574
102.93926
12.43824
24.87647
37.31471
50.46733
62.90557
75.34380
88.23550
98.41344
111.58280
121.63515
12.43824
24.48832
37.19413
49.63236
63.28443
70.74373
78.17751
91.31246
103.75070
107.48922
12.43824
24.87647
37.90763
47.84785
60.28608
73.47292
85.91115
87.11574
94.57378
94.67655
12.43824
24.41902
27.47506
30.26901
42.70725
55.14548
65.91530
78.83074
79.14343
80.97153
12.43824
24.87647
38.18914
42.59752
54.81487
68.25307
75.04502
87.49120
89.44772
89.87897
12.43824
24.87647
37.31471
50.07795
62.51618
67.67854
76.14305
86.23663
97.90598
108.02406
12.43824
25.37389
29.83874
42.86861
47.88628
56.02478
68.46302
80.90125
93.33949
97.41015
12.43824
25.62297
37.22094
42.21009
55.38241
67.82064
71.45690
72.61903
85.05727
85.34377
12.43824
25.47977
38.62731
51.72278
65.38654
72.56857
85.47681
93.03292
105.38571
118.83551
12.43824
25.60400
38.60542
49.85219
61.09546
74.28204
77.46620
87.91538
89.15272
93.11366
12.43824
24.87647
38.05590
50.49414
56.34516
68.87631
82.06024
94.49848
96.76510
103.59327
12.43824
24.87647
37.43887
50.56446
63.00270
75.44093
79.32693
84.64421
93.15881
100.45262
12.43824
25.48280
35.68389
48.97346
61.41169
75.19966
87.63790
100.07613
105.36556
107.48163
12.43824
23.69210
29.08739
42.10064
50.09727
51.52993
64.48355
76.92179
85.56617
88.27181
12.43824
24.87647
32.58030
43.05032
52.05597
61.36557
73.50070
84.23685
96.67509
99.33311
12.43824
24.87647
38.06126
51.05199
63.49023
76.57795
80.96415
94.91996
107.83463
117.03504
12.43824
17.33494
30.43886
42.23391
47.48924
56.12814
65.39532
78.00466
80.59509
93.07051
12.43824
25.62423
38.06246
44.15885
56.59709
61.69474
70.83328
83.52873
83.93040
85.32668
12.43824
24.87647
37.86076
50.29899
61.21539
73.65363
81.54389
91.76915
98.79778
107.23638
12.43824
24.87647
37.31471
49.54917
58.24095
69.57140
82.48350
88.13138
91.60892
103.85292
12.43824
25.56567
36.71079
49.74459
62.34888
70.10427
74.28629
78.32022
89.11879
90.65410
12.43824
25.59934
38.46785
42.81496
55.25320
67.55205
79.67303
92.78439
101.16043
104.15380
12.43824
24.87647
33.16646
46.21386
58.65210
67.86542
80.30365
92.74189
102.92011
109.73601
12.43824
24.87647
37.31471
49.00143
62.06426
74.50250
75.93618
89.73074
103.58350
116.52053
12.43824
25.21244
37.65619
39.70116
52.13939
63.31589
63.95344
76.39111
85.07031
93.67316
12.43824
24.87647
37.31471
50.46793
59.04714
71.60002
84.42086
93.94709
95.65610
104.92718
12.43824
25.34417
38.31177
51.22694
63.38693
75.82517
80.42414
86.79539
99.23363
102.59066
12.43824
24.87647
35.82028
48.97358
60.00060
61.78467
74.22291
86.66114
99.89159
113.07676
12.43824
25.51853
39.08498
51.52321
53.67011
66.82742
73.32221
86.38388
87.75767
100.19591
12.43824
24.87647
36.88866
49.56771
62.00595
70.99396
84.18550
88.87642
96.02302
108.46126
12.43824
16.99391
29.43215
39.89467
52.33290
55.43523
68.64109
81.07933
82.97727
91.69863
12.43824
25.61763
38.05587
50.13429
58.95306
70.55627
82.08500
95.04884
96.65098
101.76172
12.43824
24.87647
38.05419
48.17148
60.60971
69.56091
71.26734
82.64685
95.08509
107.64985
12.43824
23.39811
35.83635
48.52412
56.04723
65.31068
67.55382
79.99205
88.11068
99.74630
12.43824
19.73381
32.17205
44.61029
57.95317
62.57225
75.32678
77.82112
78.59111
91.02934
12.43824
21.02212
33.62997
33.94053
43.61148
56.04972
63.17477
75.37313
76.47049
77.80530
12.43824
21.65466
34.82413
47.59546
60.03369
68.17375
81.34789
92.91806
98.61722
110.01841
12.43824
24.87647
37.31471
50.65012
61.93205
73.50037
86.80512
90.23218
101.05736
109.88776
12.43824
24.87647
37.31471
50.44547
61.56275
65.45697
67.84251
78.32869
91.39769
92.72834
12.43824
25.40403
37.84227
50.28051
53.63473
66.20306
76.49633
86.98619
99.42443
112.04728
12.43824
25.53491
37.97315
50.41139
62.68395
68.19059
80.62883
92.11183
104.55007
117.22056
12.43824
24.87647
37.91559
50.35383
62.79207
74.60991
85.27981
96.95221
110.10805
123.22595
12.43824
24.87647
37.31471
49.28068
59.60730
72.58732
77.24052
87.58815
93.06857
105.17698
12.43824
13.46909
17.40383
29.84206
43.02914
56.43659
66.79417
71.33353
71.65972
84.09795
12.43824
24.87647
37.31471
50.48528
55.09419
67.95301
80.39125
90.88146
104.64423
117.78287
12.43824
24.87647
38.07528
50.51352
62.95175
68.14626
77.59243
90.03066
103.79753
116.46109
12.43824
18.48029
30.91852
44.04431
57.20915
70.30505
73.83447
86.99777
87.40930
98.32169
12.43824
25.10313
37.54137
50.17095
60.40339
68.16862
69.20000
76.30819
77.27897
89.71721
12.43824
22.18391
34.89155
48.15620
58.55391
70.99215
83.43038
86.27198
87.81962
89.67519
12.43824
24.87647
37.31471
48.08356
61.14657
70.30220
75.59358
83.14092
86.76446
99.15243
12.43824
25.45216
37.94700
48.94391
59.18243
71.62066
84.59724
96.51180
107.96728
112.35595
12.43824
24.87647
37.87929
51.06545
63.56784
76.65744
85.50814
89.06952
101.50776
113.96308
12.43824
24.87647
37.15124
49.58947
61.42341
73.86164
87.52959
96.51738
103.23480
114.27083
12.43824
24.87647
31.24543
44.03188
56.83453
70.31489
74.80685
85.45890
86.49403
98.74843
12.43824
24.87647
25.87988
35.87827
48.31651
61.03553
66.00793
78.04616
85.92289
86.28788
12.43824
24.87647
34.63327
47.50974
58.13551
66.19598
78.63422
79.19344
91.43862
91.98005
12.43824
25.57614
38.01438
47.79345
58.49525
70.93349
80.10210
92.83644
98.26337
106.69458
12.43824
24.87647
35.11563
47.55387
58.12279
60.06514
73.13727
84.89537
90.69667
104.13487
12.43824
24.87647
36.20025
49.29444
59.26045
71.69869
83.76808
92.61944
105.69756
119.74211
12.43824
24.88902
29.34783
42.23137
48.99159
56.44688
69.62269
82.06093
94.49917
107.02988
12.43824
24.87647
37.31471
47.63590
59.58947
72.04062
77.75312
89.49624
103.32438
115.74317
12.43824
24.89149
37.32972
46.82994
59.21123
66.89865
79.33689
91.77512
104.55273
105.93704
12.43824
24.87647
38.01347
50.42677
62.41325
73.36068
82.31024
90.46273
100.52493
113.08875
12.43824
25.37796
39.19873
46.13831
48.59538
61.70135
62.85033
63.96003
69.30876
82.40024
12.43824
24.87647
37.31471
49.75295
62.93979
75.38500
85.01017
97.44840
109.48827
117.89324
12.43824
20.22448
23.67010
36.10833
49.21541
61.83464
73.80750
75.57875
85.56490
98.00313
12.43824
25.61758
36.93826
49.48043
52.74696
65.18520
78.51505
84.15059
89.03262
93.83910
12.43824
24.87647
37.31471
47.64651
51.77554
60.52708
74.49589
87.42167
90.78550
91.64654
12.43824
25.16079
38.03658
50.26697
62.19761
75.51824
84.37045
91.29609
103.73084
111.26929
12.43824
25.35205
32.61603
45.16595
56.52441
68.96265
75.33354
78.88095
79.31851
81.35258
