12.43824
24.87647
37.31471
50.50055
62.51262
75.69522
88.34316
92.55827
102.72168
115.33176
12.43824
24.87647
37.31471
48.32750
61.47341
73.91165
86.84097
97.86155
104.26457
110.74968
12.43824
24.87647
37.31471
50.21653
58.28220
68.91010
81.17323
94.35903
101.74894
108.39010
12.43824
24.87647
37.31471
45.62275
55.01573
67.45396
79.38572
84.23885
95.34667
107.64794
12.43824
18.59882
31.03706
43.47529
55.91353
68.76036
73.90325
86.52905
94.42681
107.31517
12.43824
24.87647
37.31471
49.56466
61.97435
69.41862
82.54409
95.42241
105.24405
109.75812
12.43824
24.87647
37.31471
49.75295
56.63972
64.40006
77.62384
88.45211
90.29573
94.62810
12.43824
24.87647
38.57831
51.01654
63.45478
74.94462
83.47451
95.91275
105.17914
117.76503
12.43824
24.87647
29.31297
41.75121
47.92875
60.79243
66.60735
73.59487
86.77971
92.89199
12.43824
23.34179
35.49868
39.28810
51.72634
64.85553
78.01228
90.88262
103.32085
108.71554
12.43824
24.87647
37.46131
50.43121
50.56231
63.37197
73.03595
85.75979
89.53782
99.57140
12.43824
24.87647
33.53453
45.97277
58.67335
71.52493
83.82316
95.54616
107.61931
117.99597
12.43824
24.87647
37.31471
49.75295
62.60447
75.42939
88.54285
97.87460
105.39838
117.78551
12.43824
24.87647
32.61786
40.48891
53.42771
65.86595
75.89530
88.52932
99.63184
112.56661
12.43824
20.05615
32.49438
44.93262
58.11565
71.23497
78.89413
92.33046
97.14478
110.57973
12.43824
24.87647
37.03581
50.21588
55.03426
68.46382
75.15131
80.61655
93.80354
96.82187
12.43824
25.03719
37.47542
49.01792
61.45616
75.03191
87.38283
101.24619
109.02480
115.68089
12.43824
24.87647
36.65012
39.83392
47.84215
60.99760
73.52023
87.19423
97.97536
105.36455
12.43824
24.87647
37.31471
49.75295
62.21366
74.54758
87.47602
100.05277
110.36339
121.61899
12.43824
23.80246
36.33110
48.76934
61.20757
70.69964
83.13788
90.12391
99.13626
110.81899
12.43824
24.87647
36.78122
49.21945
61.86939
74.58775
81.23672
94.12934
96.04880
101.46486
12.43824
25.46235
30.27451
38.67775
51.11599
54.54582
66.98406
78.55529
92.23717
97.83180
12.43824
24.87647
38.05596
49.34268
60.49949
72.93773
85.40379
90.30064
102.66404
105.53317
12.43824
24.87647
37.31471
49.75295
53.34887
58.98832
70.75900
84.40626
97.12750
109.80980
12.43824
25.58832
38.02655
50.46479
63.60105
77.07421
89.88382
103.37839
104.39848
117.53161
12.43824
24.87647
37.39936
38.21216
50.65039
63.83053
71.70653
83.97870
96.19555
104.98821
12.43824
25.29812
37.73636
50.38279
62.82102
75.30171
87.58756
92.59973
105.72954
118.37465
12.43824
24.87647
37.31471
49.75295
57.57660
69.47770
74.45746
86.76496
97.45652
109.75997
12.43824
24.87647
37.31471
45.09521
58.45838
69.71523
78.32680
90.76503
98.83682
106.49385
12.43824
25.60916
38.04739
42.01501
46.98091
59.41914
72.59518
83.51783
95.02095
104.08091
12.43824
24.87647
37.31471
50.26001
62.69825
75.88351
88.31902
95.79301
107.01804
111.10708
12.43824
25.10403
37.54227
49.98050
63.25995
70.98524
83.89871
96.33695
108.59337
119.58392
12.43824
24.87647
38.05859
50.49683
63.67898
76.70877
89.89056
97.12910
103.97402
115.95542
12.43824
24.87647
32.36228
38.19647
50.63471
63.07294
70.90411
81.27782
81.64752
-1.00000
12.43824
24.87647
35.83206
45.71603
57.63260
70.07084
79.38154
90.75553
100.02680
104.07379
12.43824
24.87647
37.31471
50.33385
63.07226
69.52959
78.94363
85.07208
94.07316
96.61793
12.43824
20.59726
33.07031
45.50855
49.89891
57.37039
70.55695
83.66120
89.86761
100.82024
12.43824
24.87647
37.31471
45.10057
58.26512
66.28497
78.76087
81.65272
89.89287
103.37355
12.43824
24.87647
37.34844
49.64542
62.08366
74.97788
79.76861
83.13134
87.67428
99.48831
12.43824
24.87647
37.31471
49.75295
57.97481
71.08798
72.23229
85.41557
96.45990
109.63862
12.43824
24.87647
37.40324
50.29935
61.37719
70.35060
82.78884
92.19818
95.34245
108.76857
12.43824
16.41135
28.84958
39.05850
52.10642
64.54466
71.19741
79.38325
87.90464
99.85744
12.43824
24.87647
37.28039
50.45789
62.89613
72.13039
84.68038
98.07855
99.73436
105.15137
12.43824
24.87647
37.31471
50.42262
58.53748
72.24417
74.99063
88.21524
98.88406
103.16307
12.43824
24.87647
37.27177
49.71001
62.46520
72.13044
76.87265
83.56460
95.36183
99.40861
12.43824
24.87647
35.83258
47.85302
60.29125
72.85649
75.01955
87.95331
100.49544
106.44692
12.43824
16.32310
21.73765
34.17588
42.61845
55.05669
64.66108
77.09932
78.10579
91.06300
12.43824
24.87647
37.86494
41.61602
54.05426
67.41079
71.64214
78.60707
89.92789
91.90769
12.43824
24.87647
31.58992
44.04279
56.35730
68.79554
69.65265
77.02002
79.97880
83.31120
12.43824
24.87647
37.31471
47.34707
54.50458
65.64803
73.53648
86.11721
91.26017
104.34375
12.43824
24.87647
35.54185
47.98009
61.12536
69.95867
82.98708
94.49201
105.14969
116.02410
12.43824
21.06122
33.49946
38.52602
50.72565
63.89991
76.62981
89.18423
98.43657
111.52024
12.43824
24.87647
36.14963
48.58786
55.25946
67.69770
80.88474
93.86356
100.10514
109.04947
12.43824
24.87647
37.31471
49.10942
62.29622
73.88248
85.55286
87.00583
99.38973
111.82797
12.43824
24.87647
37.85355
50.64525
63.08349
75.29529
83.26022
95.69846
103.82789
116.70647
12.43824
24.87647
37.31471
41.50340
47.94956
60.16050
67.72209
78.89863
82.15265
88.31946
12.43824
24.74804
37.63903
50.07726
62.51550
74.91642
87.99071
90.65190
103.30969
109.55418
12.43824
24.87647
38.05601
50.93191
63.67554
72.69039
85.12862
98.25834
110.69657
124.13910
12.43824
25.57588
31.45387
43.95622
47.18350
59.62173
65.38717
77.29038
79.35673
91.79497
12.43824
24.87647
37.51999
50.31256
62.75080
75.39109
87.90075
92.03224
92.33015
104.94847
12.43824
24.87647
37.31471
49.06581
62.25273
74.69096
87.12920
100.17197
105.16791
116.96261
12.43824
25.45276
37.89099
51.07610
61.37945
72.54406
85.06958
93.43188
101.54283
108.56990
12.43824
24.87647
37.31471
49.75295
58.21248
70.65072
80.41602
92.36058
105.42458
115.78074
12.43824
25.25492
37.69316
50.25713
60.13290
62.60132
69.43974
81.87797
86.43382
97.04485
12.43824
24.87647
37.31471
50.33000
62.51123
74.94947
80.90041
84.41860
93.23366
106.37361
12.43824
24.87647
37.31471
49.99935
59.89705
72.33529
85.87055
95.64449
107.70622
110.03409
12.43824
25.33910
37.77734
44.24598
56.68422
68.19030
77.93291
90.37115
99.71992
113.12854
12.43824
24.87647
37.31471
50.09815
61.50625
74.01761
86.45585
96.17770
103.77199
114.43315
12.43824
25.11450
37.55274
47.96496
61.00845
69.33872
70.47700
82.94169
96.00530
104.78790
12.43824
24.87647
37.31471
50.50101
58.77810
71.79806
83.26029
96.76688
109.20512
116.82940
12.43824
24.87647
36.38209
49.53825
58.61021
62.98751
75.43162
85.59797
95.40776
108.63749
12.43824
24.87647
33.82570
46.26393
58.70217
71.32528
84.51235
93.38441
105.27207
117.71031
12.43824
24.87647
38.06094
43.20422
55.74208
68.18032
81.08143
91.13368
94.08100
107.04224
12.43824
21.44380
33.88204
46.87001
59.53841
71.97664
78.37348
91.66494
92.22055
101.48271
12.43824
24.87647
37.31471
50.50175
63.35284
74.05372
80.22412
91.97561
105.08757
113.89329
12.43824
24.87647
37.49643
49.93466
63.07041
74.22351
84.57717
97.02479
109.93382
120.53305
12.43824
24.87647
37.31471
46.98529
59.43533
60.82756
72.49466
85.61659
97.95402
103.21803
12.43824
24.87647
38.05013
50.61960
59.91507
72.44801
85.72284
92.85684
105.29507
116.78219
12.43824
18.73293
31.17116
44.28262
56.72086
69.52921
81.67642
94.85727
100.85676
103.12352
12.43824
24.87647
38.04267
51.06348
63.50171
76.31497
88.40193
100.84016
114.18221
121.48280
12.43824
24.87647
37.31471
50.20816
59.98619
72.73456
85.56608
97.55973
103.93851
114.03871
12.43824
24.87647
35.50616
48.42220
58.22762
70.66585
83.04053
92.84518
104.66180
108.76837
12.43824
24.87647
38.01128
50.63907
63.62103
64.06093
71.33605
81.75408
94.94072
95.69147
12.43824
23.38702
27.04196
39.48020
51.91844
61.87844
70.05485
83.18360
96.58045
107.30966
12.43824
24.87647
36.11653
49.10190
62.16161
74.59985
88.48331
100.97870
107.67953
113.80384
12.43824
24.87647
32.99819
46.04657
58.48481
70.92304
83.95608
91.26822
101.68701
108.13061
12.43824
24.87647
37.31471
50.48367
57.60478
70.04301
78.91355
91.35178
98.57894
111.07695
12.43824
24.87647
35.48814
47.92637
60.52146
61.13915
70.57358
83.30811
96.11139
99.64591
12.43824
23.03806
35.47630
47.91454
59.19702
71.63526
84.07349
97.35646
98.14816
110.83241
12.43824
24.87647
37.72060
49.63677
52.90766
55.90926
67.46627
80.41494
93.41203
97.92586
12.43824
24.87647
37.31471
49.93445
62.74164
75.17987
85.28089
96.88359
109.45382
111.72809
12.43824
24.87647
38.05834
49.03026
61.68901
69.64803
82.34622
94.78446
102.93780
104.68690
12.43824
24.87647
37.31471
50.24233
62.71966
75.15789
79.05441
91.51426
98.40349
112.08263
12.43824
25.03816
37.47640
47.83565
59.18348
71.62172
77.91749
82.28248
95.43823
109.14228
12.43824
24.87647
37.38866
50.38189
63.53195
75.97018
80.72875
90.18825
102.62648
112.22409
12.43824
25.14194
37.46114
49.89937
63.05944
72.30382
84.11056
93.38742
105.64354
107.18784
12.43824
24.87647
29.26254
41.70078
52.22784
62.17248
75.33578
82.50340
89.62089
97.93531
12.43824
24.87647
38.04637
45.06542
57.65717
70.09540
77.86122
90.37510
97.78581
110.96203
12.43824
25.55930
37.99754
46.47400
59.57292
72.38527
82.37850
94.76756
108.04610
120.48434
12.43824
24.87647
37.31471
49.75295
61.57449
74.79958
86.64212
95.06852
103.54542
109.25372
