12.43824
24.87647
37.31471
49.75295
60.80397
73.32176
85.75999
95.03831
101.17229
113.61052
12.43824
24.87647
37.31471
50.50174
62.93997
75.37821
88.19452
101.37932
111.81498
124.32443
12.43824
24.87647
37.31471
49.75295
56.69203
69.69594
82.13417
94.57241
107.69061
120.57779
12.43824
24.87647
37.31471
45.61884
58.44120
70.87944
82.66552
91.93387
105.08198
117.93264
12.43824
22.91734
35.35557
47.79381
60.23205
72.67028
82.37637
92.33433
102.38935
115.57410
12.43824
24.87647
37.31471
50.93976
61.88950
69.17947
81.61771
94.05595
107.05865
116.14882
12.43824
24.87647
37.31471
49.75295
58.97431
69.65843
82.09667
92.14126
98.23063
106.25256
12.43824
24.87647
37.31471
49.75295
62.19118
75.28239
87.93547
100.37371
113.41453
126.35055
12.43824
24.87647
36.00343
48.44167
59.77892
72.21716
82.32474
94.83985
107.27809
108.22534
12.43824
17.88188
30.93190
39.60754
52.04577
64.48401
76.92225
89.36048
101.79872
109.32608
12.43824
24.87647
37.31471
49.75295
50.34407
62.82407
75.64837
88.08660
93.98670
100.27431
12.43824
24.87647
36.91788
49.35611
62.09020
75.18585
87.62408
94.70119
107.59510
120.57169
12.43824
24.87647
37.31471
49.75295
62.87143
75.30966
88.04098
101.22679
105.76775
118.20598
12.43824
24.87647
28.73496
36.01458
48.45281
60.89105
73.98459
86.42282
96.86956
109.30780
12.43824
25.45336
37.89160
50.32983
62.76807
74.55182
82.41371
94.85194
107.47916
120.51641
12.43824
24.87647
32.81670
45.30932
58.49264
70.93088
82.28925
86.81369
99.25193
103.78371
12.43824
24.87647
37.31471
49.75356
62.19179
74.63003
87.06827
99.50650
108.22612
120.92738
12.43824
24.87647
38.00880
44.58098
57.08918
69.52741
81.98422
94.42246
107.48962
118.64460
12.43824
24.87647
37.31471
49.75295
62.19118
72.38477
85.04866
98.15764
111.13271
123.84946
12.43824
25.62304
38.06128
50.49952
62.93775
75.57977
88.01801
96.94381
109.10535
122.11282
12.43824
24.87647
37.73433
50.17257
63.13626
75.57450
86.75268
99.19091
107.93055
120.85052
12.43824
24.87647
34.57581
46.72904
59.16728
67.20683
79.64507
92.80159
105.23983
116.79354
12.43824
24.87647
37.31471
46.29403
59.19361
71.63185
84.07008
92.09354
105.23376
110.98255
12.43824
24.87647
37.31471
49.75295
54.90978
62.96697
76.08537
88.52361
100.96185
113.40008
12.43824
24.87647
37.31471
49.75295
62.19118
75.23517
87.67340
99.56183
102.55386
114.99210
12.43824
24.87647
37.31471
39.56415
52.00238
64.44062
77.29415
89.73239
102.17062
114.61952
12.43824
24.87647
37.31471
49.75295
62.19118
74.62942
81.04356
86.36502
99.15875
111.59699
12.43824
24.87647
37.31471
49.75295
58.47956
70.92808
82.02691
93.04379
106.22295
116.73324
12.43824
24.87647
37.31471
46.86509
59.30333
62.67191
75.64553
88.08377
97.51955
105.68895
12.43824
24.87647
37.31471
42.20465
51.27381
63.71204
76.15028
89.29224
102.02095
114.46027
12.43824
24.87647
37.31471
50.43242
62.87065
75.30889
87.74713
94.77855
107.94346
115.23619
12.43824
24.87647
37.31471
49.75295
62.19118
75.19871
84.87749
97.31573
109.92479
123.75992
12.43824
24.87647
37.31471
49.75295
62.19118
74.62942
87.06765
100.76335
114.50444
125.69144
12.43824
24.87647
33.21946
42.62921
55.06744
67.50568
79.33385
91.90041
101.08048
106.82341
12.43824
24.87647
38.04332
46.02718
59.12376
71.56200
76.19990
88.66531
101.11919
105.28411
12.43824
24.87647
37.31471
49.89608
62.33432
74.71537
87.16240
97.86397
110.92781
118.44808
12.43824
24.83660
37.27483
49.71307
57.55137
66.71465
79.15289
92.40634
97.04273
110.21364
12.43824
24.87647
37.31471
48.35734
60.79558
72.29773
84.73596
94.24634
106.96989
119.40813
12.43824
24.87647
37.31471
49.88761
62.32585
74.76409
85.79129
90.43159
96.26164
108.69988
12.43824
24.87647
37.31471
49.75295
62.39694
74.83518
78.47836
90.91659
103.38948
115.84425
12.43824
24.87647
37.31471
49.75295
61.22982
71.89677
84.33501
96.63346
102.11544
114.55367
12.43824
21.67754
34.11577
45.53983
57.97807
70.41631
76.11859
80.06900
92.74372
105.90174
12.43824
24.87647
37.31471
49.75295
62.19118
73.99150
86.42973
98.86797
103.93236
113.65797
12.43824
24.87647
37.31471
49.75295
63.11333
75.55157
85.65413
98.09237
106.85319
118.59809
12.43824
24.87647
37.98831
50.42654
62.86478
75.67776
81.08455
92.16753
100.50796
107.11598
12.43824
24.87647
37.94210
51.07201
63.51024
75.94848
81.83885
94.27709
106.71533
114.59442
12.43824
24.67161
32.51817
44.95640
49.16602
61.60426
74.77176
87.20999
94.25536
106.69359
12.43824
24.87647
37.31471
46.61108
59.04931
71.48755
79.71871
88.67530
101.80727
104.83794
12.43824
24.87647
31.97116
44.40939
57.32670
69.76493
72.87981
78.02438
81.97378
86.51392
12.43824
24.87647
37.31471
50.33945
58.69415
71.81708
84.49430
97.39337
100.17521
112.63876
12.43824
24.87647
35.08378
47.52202
59.96025
73.05104
85.48927
98.65713
112.49960
125.23483
12.43824
25.26931
37.70755
47.84676
60.28500
72.72323
85.16147
97.59971
110.90849
123.34672
12.43824
24.87647
38.01525
50.45348
60.38511
72.82334
85.26158
97.69981
105.47575
118.59730
12.43824
24.87647
37.31471
49.87598
62.31422
69.91520
78.99942
86.11679
98.55502
110.99326
12.43824
24.87647
37.31471
49.75295
62.19118
74.72098
86.28924
98.72748
107.42696
119.86520
12.43824
24.87647
37.31471
49.02663
51.24781
63.68605
76.32934
86.43112
91.38665
101.84057
12.43824
24.87647
37.31471
49.75295
62.19118
74.62942
87.06765
93.28124
105.71948
119.01854
12.43824
24.87647
37.31471
49.75295
62.77910
76.39711
88.83534
101.27358
113.71181
126.15005
12.43824
24.87647
33.35210
45.79033
57.19079
69.62902
81.68868
94.76754
98.18929
110.62753
12.43824
24.87647
37.75258
50.19082
62.62905
75.06729
87.50553
98.85606
109.02394
121.46218
12.43824
24.87647
37.31471
47.29235
59.73059
72.16882
84.60706
97.72730
110.85744
117.96607
12.43824
24.87647
37.31471
49.75295
62.93455
76.09581
88.53405
101.42291
112.59640
121.23553
12.43824
24.87647
37.31471
49.75295
62.92943
75.36766
88.54545
100.64596
113.08420
118.97499
12.43824
24.87647
37.31471
49.75295
55.79753
67.01594
77.97650
90.41473
98.56077
112.43492
12.43824
24.87647
37.31471
49.75295
62.42649
74.86472
82.89486
90.85466
103.57534
116.01357
12.43824
24.87647
37.31471
49.75295
62.93918
75.37741
87.81565
100.41099
112.46146
122.42843
12.43824
24.87647
37.31471
45.96801
58.40625
70.84448
83.57090
96.00914
109.46830
121.90654
12.43824
24.87647
37.31471
49.75295
62.19118
74.72227
87.16051
95.19745
107.83088
120.99672
12.43824
25.48918
37.92742
50.77959
63.21783
76.03490
85.31204
97.75028
110.18851
124.10964
12.43824
24.87647
37.31471
49.75295
61.95203
74.39026
87.34089
100.31826
112.75650
125.24837
12.43824
24.87647
37.85183
50.29006
63.06223
74.28394
86.72218
99.34646
112.52854
125.71417
12.43824
24.87647
37.45179
49.89003
62.32827
75.02580
87.46403
99.00668
112.07577
124.51400
12.43824
24.87647
37.31471
47.22623
59.66447
72.10270
84.81801
98.00507
110.09386
122.62854
12.43824
24.66699
37.10522
49.54346
61.98170
74.41993
87.08033
99.53998
108.02683
120.34267
12.43824
24.87647
37.31471
49.75295
61.43733
74.61810
79.90025
92.43225
104.87048
113.33412
12.43824
24.87647
37.31471
49.75295
62.19118
71.27229
84.40015
96.83839
109.27662
122.20455
12.43824
24.87647
37.31471
47.04550
59.48373
64.69735
77.13559
89.57382
102.01206
109.53585
12.43824
24.87647
37.31471
49.75295
57.16139
69.59963
82.03786
95.22261
107.66085
120.52364
12.43824
16.35890
28.79714
41.23538
53.67361
66.11185
78.55009
90.98832
100.15913
104.80475
12.43824
24.87647
38.04361
50.53078
62.96901
76.15470
89.33384
101.77208
109.52776
123.37000
12.43824
24.87647
37.31471
49.77399
62.38635
74.82459
87.26282
99.70106
112.95036
126.19369
12.43824
24.87647
33.65388
46.09212
50.01504
62.45327
75.39603
88.16779
100.76274
109.23158
12.43824
24.87647
37.31471
49.75295
62.19118
63.98414
70.42823
80.84017
93.27841
97.11970
12.43824
21.96160
30.92463
43.36286
55.80110
68.95406
82.13818
94.57642
107.01465
120.06236
12.43824
24.87647
38.06174
50.49997
62.93821
75.37645
87.81468
100.25292
112.71185
126.47226
12.43824
24.87647
38.06267
46.26053
58.69877
71.13701
83.57524
94.90160
108.04849
120.48682
12.43824
24.87647
37.31471
49.75295
55.49938
67.93761
79.25823
91.69647
101.94924
114.99580
12.43824
24.87647
38.04752
50.48575
62.92399
70.93232
84.10494
96.54703
108.98527
119.35769
12.43824
25.22152
37.65975
50.09799
63.21222
75.65045
88.08869
92.94130
97.73998
110.17822
12.43824
24.87647
37.31471
49.90470
56.09285
60.08797
72.52621
84.96444
97.40268
107.65548
12.43824
24.87647
37.31471
49.75295
62.19118
74.62942
87.15310
100.28150
112.71973
120.62912
12.43824
24.87647
37.31471
50.29256
62.73079
76.13807
88.57631
101.01454
105.84347
116.36653
12.43824
24.87647
37.31471
49.75295
62.93938
75.37761
80.49200
92.93024
100.70576
113.14399
12.43824
25.08619
37.52443
46.30411
59.34638
71.78461
81.98856
89.40712
101.84535
114.28359
12.43824
24.87647
37.31471
49.85986
62.29809
74.73633
78.76624
90.96203
103.40026
116.37848
12.43824
24.87647
37.68627
50.12450
62.56274
75.84799
89.01416
95.73258
108.23538
111.36454
12.43824
24.87647
31.87919
44.31743
57.42641
70.01225
82.45049
93.02903
106.97516
119.71303
12.43824
24.87647
37.31471
47.30984
59.97776
72.41599
84.39029
96.82853
109.58838
122.02661
12.43824
24.87647
37.31471
49.90545
62.34368
74.78192
87.56187
100.25074
112.68898
125.12722
12.43824
24.87647
37.31471
49.75295
62.93655
75.41661
88.60362
93.44561
99.23643
111.20780
