12.43824
24.87647
37.31471
49.75295
62.19118
74.62942
87.06765
99.48582
108.23365
120.67189
12.43824
24.87647
37.31471
49.75295
62.19118
74.62942
87.15303
99.59127
110.20958
123.39571
12.43824
24.87647
37.31471
49.75295
61.57514
75.02265
87.46089
99.89912
112.34620
124.78443
12.43824
24.87647
37.31471
46.99890
60.12414
72.56237
85.52088
96.36557
108.93588
122.03755
12.43824
24.93144
37.36968
49.80791
62.24615
74.68439
87.12262
99.56086
112.71913
125.20862
12.43824
24.87647
37.31471
50.47040
63.26764
73.29070
85.72894
98.16717
111.26466
119.39614
12.43824
24.87647
37.31471
49.75295
57.23940
65.35802
77.79625
90.29715
98.84624
111.28448
12.43824
24.87647
37.31471
49.75295
62.19118
75.32891
86.77586
99.21410
112.39871
125.58321
12.43824
24.87647
38.03364
50.47188
62.91011
75.34835
85.07708
97.18225
109.62049
123.02971
12.43824
15.94969
28.38792
42.00409
54.44232
66.88056
79.65010
92.08833
104.52657
112.80516
12.43824
24.87647
37.31471
49.75295
62.19118
74.62942
87.06765
99.50589
111.94413
118.07138
12.43824
24.87647
37.58306
50.02129
62.45953
75.57911
88.01735
100.33712
112.81779
125.25602
12.43824
24.87647
37.31471
49.75295
62.19118
74.62942
87.73652
100.20179
107.30431
119.74254
12.43824
24.87647
37.92431
44.32456
56.76280
69.20104
81.63927
94.07751
106.94571
119.38394
12.43824
25.20343
37.64167
50.07990
62.51814
75.31210
88.11019
100.54843
112.89478
125.94591
12.43824
24.87647
36.16083
48.59906
61.05600
73.49423
86.67126
88.89396
101.33220
106.31399
12.43824
24.87647
37.31471
49.75295
62.19118
74.62942
87.06765
99.50589
111.94413
125.12766
12.43824
24.87647
37.83156
45.19522
58.07622
70.51445
82.95269
95.39093
107.82916
120.92976
12.43824
24.87647
37.31471
49.75295
62.19118
75.36641
87.80464
100.24288
113.15119
125.71157
12.43824
24.87647
37.31471
49.75295
62.19118
74.94404
87.38228
99.08128
111.64568
124.08392
12.43824
24.87647
37.31471
49.75295
62.19118
74.62942
88.53673
100.97496
114.31583
120.18771
12.43824
24.87647
33.46170
45.06785
57.50608
69.67138
82.10961
94.54867
106.98691
119.42514
12.43824
24.87647
37.31471
48.42450
60.86273
73.30097
85.73921
98.17744
111.35623
123.30427
12.43824
24.87647
37.31471
49.75295
60.61612
73.05435
86.20739
98.64563
111.08387
123.52210
12.43824
24.87647
37.31471
49.75295
62.19118
74.62942
87.06765
100.21974
105.28131
117.71955
12.43824
24.87647
37.31471
45.92326
58.36150
70.79973
83.97747
96.41571
108.85395
119.20606
12.43824
24.87647
37.31471
50.13576
62.57400
75.01224
85.83000
98.44140
110.87963
123.31787
12.43824
24.87647
37.31471
49.75295
62.82703
75.26527
87.81050
99.52694
111.96518
117.52952
12.43824
24.87647
37.31471
48.74803
61.18627
66.39057
78.82881
91.26705
100.11816
108.84808
12.43824
24.87647
37.31471
45.10058
56.07716
68.51540
80.95363
93.39187
106.24628
118.68451
12.43824
24.87647
37.31471
49.52718
61.96541
74.40365
86.84188
93.81435
106.25259
119.35054
12.43824
24.87647
37.31471
49.75295
62.19118
75.00810
87.32099
99.75923
112.20306
124.92865
12.43824
24.87647
37.31471
49.75295
62.19118
74.62942
87.06765
100.09768
113.78256
126.41443
12.43824
24.87647
35.41037
48.12554
60.56377
73.00201
86.15428
99.00012
108.73670
121.47169
12.43824
24.87647
37.84851
47.55818
60.54657
72.98480
82.38605
94.82429
107.10829
116.68448
12.43824
24.87647
37.31471
49.75295
62.19118
74.41060
86.84884
99.19802
111.63626
122.93811
12.43824
24.87647
37.31471
49.75295
61.85764
74.12813
86.56636
99.00460
111.22404
123.66227
12.43824
24.87647
37.31471
48.86807
61.30630
72.57130
85.00954
91.21181
104.45194
116.89017
12.43824
24.87647
37.31471
49.75295
62.19118
74.62942
87.06765
94.50610
101.63778
114.07601
12.43824
24.87647
37.31471
49.75295
62.91081
75.34905
84.00743
96.44567
109.41244
121.85068
12.43824
24.87647
37.31471
49.75295
61.55900
74.09152
86.52976
98.89790
111.38625
123.82448
12.43824
23.00426
35.44249
48.64465
61.08288
73.52112
78.98995
91.42819
104.44724
117.48323
12.43824
24.87647
37.31471
49.75295
62.19118
74.34787
86.78611
99.22434
102.70838
111.71968
12.43824
24.87647
37.31471
49.75295
62.48418
74.92242
85.37136
97.80959
105.49442
112.53720
12.43824
24.87647
37.45240
49.89063
62.32887
74.76710
80.39733
90.67102
103.82805
116.81506
12.43824
24.87647
38.02137
50.45960
62.89784
75.33608
87.17422
99.61246
112.05070
118.78792
12.43824
24.87647
37.23136
49.66960
59.09868
71.53692
84.64999
97.08823
100.78930
113.22753
12.43824
24.87647
37.31471
50.36480
62.80303
75.24127
87.67951
100.60757
113.42595
124.39829
12.43824
24.87647
35.96427
48.40251
61.47995
73.91819
78.44425
85.44872
97.95684
109.19108
12.43824
24.87647
37.31471
49.80116
62.23939
74.67763
87.86361
100.30184
113.07441
125.55925
12.43824
24.87647
37.68026
50.11850
62.55674
72.08451
84.52275
97.60924
110.04747
123.14466
12.43824
24.89346
37.33170
50.04340
62.48163
74.93977
87.37801
99.81624
112.75955
125.19779
12.43824
24.87647
37.31471
49.75295
56.13369
68.57193
81.01016
93.44840
106.59700
119.03524
12.43824
24.87647
37.31471
49.75295
62.19118
73.48789
87.39254
97.37805
109.81629
122.25453
12.43824
24.87647
37.31471
49.75295
62.19118
74.62942
87.36516
99.80339
112.22554
124.66378
12.43824
24.87647
37.31471
46.94612
49.71816
62.15640
73.31973
85.16118
90.25226
102.71371
12.43824
24.87647
37.31471
49.75295
62.19118
74.62942
87.06765
99.50589
111.94413
125.05661
12.43824
24.87647
37.31471
49.75295
62.19219
74.63043
87.06866
99.50690
111.94514
124.38337
12.43824
24.87647
37.98072
50.41896
62.04673
74.48497
86.92320
99.36144
111.69573
124.13397
12.43824
24.87647
37.31471
49.75295
62.19118
74.62942
87.06765
100.09892
112.86659
125.30482
12.43824
24.87647
37.31471
50.38391
62.82214
75.26038
87.69862
100.81008
112.40335
121.80288
12.43824
24.87647
37.31471
49.75295
62.82297
75.26121
87.69944
100.13768
113.27596
120.07618
12.43824
24.87647
37.31471
49.75295
62.54024
74.97848
88.12869
101.07727
113.51551
126.44351
12.43824
24.87647
37.31471
49.75295
61.54519
69.97414
83.30855
95.74679
108.81472
122.00779
12.43824
24.87647
37.31471
49.75295
62.19118
74.62942
84.95444
98.22619
110.66443
123.10266
12.43824
24.87647
37.31471
49.75295
62.86460
75.30284
87.74107
100.68220
112.42535
123.65892
12.43824
24.87647
37.31471
49.58706
62.02530
74.46354
87.14593
99.58416
112.02240
124.46064
12.43824
24.87647
37.31471
49.75295
62.19118
74.62942
87.06765
99.09664
112.54761
125.39876
12.43824
24.87647
37.31471
49.75295
62.19118
74.96334
79.52965
91.96789
104.40612
117.79927
12.43824
24.87647
37.31471
49.75295
62.00594
74.44418
87.15028
99.58851
112.02675
124.01086
12.43824
24.87647
37.31471
49.75295
62.19118
67.33997
79.77821
93.01370
105.45194
118.28495
12.43824
24.87647
33.93948
46.37772
58.81596
71.34113
83.77936
96.43205
109.46899
121.90723
12.43824
24.87647
37.31471
50.17526
62.61350
75.05173
87.48997
100.34028
112.98344
125.42167
12.43824
25.30501
37.74325
50.18148
62.61972
75.05795
88.13849
100.57673
113.07120
126.10258
12.43824
24.87647
37.31471
49.75295
61.97142
74.40966
83.28381
95.72204
108.16028
118.68381
12.43824
24.87647
37.31471
49.75295
62.19118
74.47239
87.55548
99.99371
112.43195
125.51346
12.43824
24.87647
37.31471
47.75011
60.18834
72.38342
84.82166
97.25989
109.69813
121.06354
12.43824
24.87647
37.88335
50.32159
57.22758
69.66582
82.10406
94.54229
106.98053
119.41877
12.43824
24.87647
37.31471
49.75295
62.19118
74.62942
87.06765
99.50589
111.94413
118.45343
12.43824
24.87647
37.35310
49.79133
62.22957
74.66781
87.10604
99.54428
112.25457
124.53299
12.43824
24.87647
37.31471
49.75295
62.19118
74.62942
87.06765
99.65020
112.45885
126.29960
12.43824
24.87647
36.76868
49.20692
62.39379
74.83203
87.27027
100.44849
113.00245
124.39864
12.43824
24.87647
37.31471
49.75295
62.19118
75.19899
83.50761
94.41021
106.84845
112.05815
12.43824
24.87647
38.46902
50.90726
63.34549
76.28153
89.28072
101.71896
114.15720
126.12317
12.43824
24.87647
37.38101
49.81924
62.25748
74.69572
87.13395
99.57219
112.71557
126.32858
12.43824
24.87647
37.00463
43.94712
56.38536
68.82360
81.26183
93.27246
106.28827
118.96217
12.43824
24.87647
37.31471
49.75295
62.19118
74.62942
87.06765
99.50589
107.94082
119.44097
12.43824
24.87647
38.02562
50.46386
62.90209
74.05851
86.29041
98.72865
111.24220
124.41966
12.43824
24.87647
37.31471
49.75295
62.19118
74.62942
87.06765
100.95429
110.71364
123.15188
12.43824
24.87647
37.31471
49.75295
62.24357
70.47640
82.91463
95.35287
107.79111
120.36317
12.43824
24.87647
37.31471
49.75295
62.19118
74.62942
84.37700
97.35182
109.79006
118.95037
12.43824
24.87647
37.31471
49.75295
62.19118
74.83966
87.27789
99.71613
104.03161
114.97421
12.43824
24.87647
37.31471
49.75295
62.19118
74.62942
85.81402
98.25226
109.08771
121.52595
12.43824
24.87647
37.31471
48.80073
61.24785
73.68609
85.53029
87.74160
100.17984
112.61807
12.43824
24.87647
37.31471
50.10816
62.54639
74.98463
87.42287
99.86110
112.29934
124.88818
12.43824
24.87647
37.31471
49.75295
62.19118
75.28171
88.26874
96.28055
108.71878
119.29597
12.43824
24.87647
37.91143
50.34966
63.04216
76.21696
88.65519
98.75344
112.25512
125.39750
12.43824
24.87647
37.31471
49.63135
62.06959
74.50783
87.47924
99.91748
112.35571
124.79395
12.43824
24.87647
37.31471
50.23688
62.67511
75.11335
88.02855
101.17510
113.61334
126.05157
12.43824
24.87647
37.31471
49.75295
62.49630
74.93454
87.94799
101.13118
108.43605
121.15617
