12.43824
24.08142
36.51965
50.42798
63.08931
64.67398
74.76824
79.19076
84.12636
96.81702
12.43824
25.30417
39.06701
46.33974
52.14941
63.59961
76.73944
81.34529
83.04997
87.40889
12.43824
25.62448
38.06272
51.19952
60.48437
72.34836
80.47953
93.75492
104.76930
109.20430
12.43824
24.87647
37.93092
48.14993
52.94543
66.87147
77.01236
79.58497
84.89490
97.96944
12.43824
24.01611
36.45434
41.66457
54.10280
66.94388
71.94222
85.63461
96.44354
101.10687
12.43824
24.87647
37.79544
44.51969
52.51940
55.79313
69.53264
82.65095
89.26776
94.29793
12.43824
25.53275
37.49387
50.64962
59.25381
65.64889
78.51127
90.08220
91.87119
98.04477
12.43824
25.59879
35.47019
47.92860
60.33261
71.87333
75.27218
78.02545
83.53801
96.29052
12.43824
24.87647
37.50712
50.55880
59.60835
71.14692
73.33729
85.93036
97.65826
100.57990
12.43824
25.62110
27.57557
33.44131
46.16153
58.69471
70.32444
81.05122
89.91332
93.41301
12.43824
24.87647
29.62940
40.49425
42.07330
55.29683
60.90941
72.33858
85.48946
94.22607
12.43824
25.16083
32.32719
44.67006
55.09365
64.03695
71.08293
73.12214
78.31360
88.85362
12.43824
24.87647
37.31471
50.41766
62.98857
75.05384
76.86811
86.02453
88.21485
99.64952
12.43824
24.60053
37.48230
41.84717
54.77876
65.41592
74.63293
85.29729
90.04400
96.55909
12.43824
15.53705
28.48569
40.92392
53.74865
61.04738
75.50734
84.33376
90.54416
99.99716
12.43824
24.87647
27.17776
40.88413
47.70096
60.84754
64.80966
70.97914
77.59280
82.68450
12.43824
24.55857
36.99681
48.30181
60.74005
71.93059
81.52638
88.79326
100.74942
103.52355
12.43824
24.87647
33.92135
43.38273
47.39065
59.81962
73.08901
87.05624
99.85725
106.40180
12.43824
24.87647
37.70803
50.29664
62.91130
69.10371
76.51200
86.95392
95.46838
106.38982
12.43824
23.64271
33.77973
46.21797
58.39019
61.29696
74.17946
80.27977
83.97182
90.17045
12.43824
25.41108
34.14602
47.89213
52.83178
64.14767
65.14172
77.91888
81.07364
84.89335
12.43824
22.76034
33.40170
34.18483
43.80363
56.98925
69.42748
78.25231
86.66365
87.86832
12.43824
24.87647
38.01877
49.04730
62.20242
74.64065
88.43574
98.80281
111.65373
116.32580
12.43824
24.87647
38.03860
50.32933
62.62624
68.33134
76.85897
83.87499
86.68286
99.12110
12.43824
19.80262
31.29672
44.50559
53.58607
55.35924
55.72368
66.11192
67.43084
70.27566
12.43824
25.46317
37.90140
50.82787
63.91657
74.16437
85.95898
97.61143
110.62580
123.25911
12.43824
24.87647
37.61251
50.51630
63.83288
74.01096
77.22254
89.32370
98.61551
102.59552
12.43824
24.87647
37.81615
50.37341
60.15799
67.25911
68.63572
78.36068
89.43273
93.51747
12.43824
24.87647
37.31471
48.46782
61.48719
71.51519
82.50332
95.89202
99.53149
110.95278
12.43824
24.94754
38.36754
42.71748
45.38024
52.90921
66.03510
71.82415
85.59684
92.64586
12.43824
24.87647
37.31471
50.87165
63.30988
74.90232
86.25628
92.29491
102.01146
105.29879
12.43824
24.46592
36.90416
49.34239
63.27050
72.50987
82.82840
95.26664
103.98141
108.24358
12.43824
24.87647
36.98621
50.26069
62.48738
74.22177
85.32720
91.98987
97.57322
102.23165
12.43824
25.31379
36.62309
42.59835
55.81706
68.98023
74.48822
84.68091
86.23640
87.91432
12.43824
25.46390
37.12215
48.94705
58.80262
71.90106
75.78626
87.39668
91.89351
92.31679
12.43824
24.87647
37.74141
40.46266
53.42144
59.18935
64.40803
70.01764
83.28633
84.67743
12.43824
23.95976
36.81545
50.32648
63.20224
67.82264
72.62092
85.86803
92.19855
105.55695
12.43824
24.87647
37.31471
41.92777
54.22438
66.66262
78.14102
89.25108
95.47487
107.79346
12.43824
25.47295
38.64224
48.19633
59.37553
62.37532
74.97188
79.23999
91.90574
98.85499
12.43824
25.61268
38.50169
51.05961
61.36254
71.72214
73.40101
86.42311
95.34951
100.43253
12.43824
24.87647
34.84758
48.80006
51.06952
64.01846
70.40227
83.29740
83.31655
96.83102
12.43824
25.12859
38.25736
43.15593
53.14539
66.30245
69.30896
70.17185
78.88729
84.65960
12.43824
24.87647
35.32466
46.92120
59.35943
68.83613
81.82882
95.51225
99.13566
101.40021
12.43824
25.51987
38.35292
51.99451
57.99218
65.87784
70.18828
74.02114
74.37477
79.60782
12.43824
25.17943
37.69563
50.39287
63.73021
70.78906
76.27716
82.85982
89.34481
89.66938
12.43824
24.87647
32.27028
41.82146
48.71391
54.93097
68.09753
77.27282
85.44168
98.44909
12.43824
24.94844
28.33869
41.30483
43.78226
56.27268
67.83411
72.07122
83.98803
97.83595
12.43824
24.90062
29.64245
30.34446
43.57847
46.34127
50.29561
52.40499
54.97958
55.78442
12.43824
25.18449
26.50841
29.33889
40.78908
43.47877
48.46870
54.88512
61.85973
64.76062
12.43824
25.57880
38.47932
48.34196
51.06202
64.28578
76.72946
83.88063
92.02654
99.92778
12.43824
24.87647
32.06459
45.32372
55.44069
68.00525
74.66559
78.78702
83.04111
85.48792
12.43824
18.40845
31.40339
44.50740
56.90429
69.84291
81.04936
93.91314
102.75653
116.20495
12.43824
23.31234
32.93410
39.09942
40.78696
53.83668
62.91390
63.58631
63.92865
77.06256
12.43824
25.48512
38.67213
44.74532
52.98570
61.54002
62.62449
66.65226
75.25391
85.04344
12.43824
25.53471
35.87979
43.28192
55.72015
67.67527
70.68367
83.12190
88.96648
102.16483
12.43824
25.46583
38.43264
47.71162
51.21981
57.31605
63.82010
71.30240
80.36119
83.45595
12.43824
24.69279
37.71496
50.15319
60.43070
70.35590
82.11783
90.59651
103.03731
112.94629
12.43824
24.87647
37.74178
43.34004
56.52639
64.75585
72.74027
84.58724
89.18736
102.60292
12.43824
25.33923
29.53134
42.66004
48.55781
60.54901
70.97485
83.27083
89.01479
96.48292
12.43824
24.87647
37.95192
50.93812
63.37635
77.03351
91.21708
98.03826
101.95035
113.02547
12.43824
24.87647
37.33046
50.55680
54.03232
58.45082
69.27056
80.51500
90.26909
97.24595
12.43824
25.62162
36.81530
45.58954
57.80445
60.69206
73.96469
79.91869
85.70642
90.66117
12.43824
24.87647
37.84133
51.37167
52.33432
65.41626
71.53875
75.81907
88.25731
100.70060
12.43824
25.14028
37.57852
50.75656
63.07777
72.84606
74.29661
87.32092
89.42945
96.22115
12.43824
24.31627
29.64639
40.39998
53.01943
66.06654
73.57972
77.42523
87.57165
94.53210
12.43824
25.61910
38.05733
42.67279
48.52164
61.68856
67.41970
80.39165
88.41077
100.73743
12.43824
20.20536
32.64360
45.91936
58.35760
69.42359
80.22160
94.17885
101.99513
115.65419
12.43824
24.87647
37.83900
44.49054
46.23315
56.25533
68.69356
74.98962
77.57136
83.47890
12.43824
24.81328
37.96962
47.35484
58.45900
61.44516
73.29685
86.68840
91.88699
100.53736
12.43824
24.87647
34.44249
47.79818
52.83139
61.49311
64.34785
73.28119
84.92634
86.16800
12.43824
24.87647
35.46229
47.90053
61.50513
66.90082
76.92262
87.29833
96.05441
97.73990
12.43824
25.55501
30.99130
44.34621
57.36805
60.43367
63.65761
69.31393
73.70835
75.30319
12.43824
21.77947
32.36023
45.45196
56.32107
69.26645
73.05581
73.82541
80.39025
80.81509
12.43824
20.63417
32.76542
43.95900
53.08330
63.06347
64.81971
75.46963
76.92407
88.79718
12.43824
24.87647
37.31471
49.91428
59.86053
72.97183
76.98048
90.56082
101.95434
105.33933
12.43824
25.32291
37.03638
49.47462
55.18549
63.95225
73.97153
87.64189
97.68366
99.58998
12.43824
23.73788
36.67862
37.96596
47.26397
51.96368
60.66758
73.17585
86.09770
98.31187
12.43824
25.61342
38.76245
46.34424
52.36835
63.73624
70.00727
71.49272
85.02229
97.94222
12.43824
20.47119
33.47676
41.21548
53.65371
66.09195
72.47420
82.15044
85.67709
85.99609
12.43824
24.87647
32.11475
39.90103
52.15878
62.70693
68.09036
81.92572
87.74184
91.15024
12.43824
24.87647
37.89877
50.49494
62.93318
75.99667
81.80809
94.13511
99.90371
101.69871
12.43824
24.87647
29.05234
41.91124
49.20344
61.64168
71.51885
76.67433
88.91991
91.74849
12.43824
20.87725
33.85844
45.25908
56.71231
66.59887
67.07524
74.82528
83.00857
85.42043
12.43824
24.88130
34.85582
45.01020
58.11649
63.10040
74.93458
76.31458
88.83968
93.65610
12.43824
24.87647
35.13460
48.02507
60.40304
73.69938
78.39848
91.31204
102.66420
104.09432
12.43824
25.60879
39.22784
42.31367
55.74168
68.17992
78.60257
91.04081
100.67006
102.75165
12.43824
24.87647
38.01213
48.48162
55.62256
68.22036
73.69997
86.36127
98.52679
104.48363
12.43824
24.87647
32.50219
44.94042
57.24639
60.87055
66.90730
80.08886
90.15083
91.67792
12.43824
25.39739
37.83563
51.12781
62.38366
74.19045
85.10294
88.59154
101.77707
115.43090
12.43824
25.33909
36.72049
47.42782
59.93086
67.02966
77.73027
90.56311
103.45273
110.22707
12.43824
24.74912
37.18736
49.72706
62.81856
75.58109
86.37384
98.60465
111.60323
113.12505
12.43824
25.55876
37.26557
50.06685
58.29603
69.10965
82.55547
96.40621
108.95021
114.91701
12.43824
24.87647
37.56434
50.14148
63.61293
74.81271
76.97355
86.88652
90.12913
95.91585
12.43824
21.70362
31.24718
42.19515
55.30820
67.88324
72.50108
76.16741
88.19131
101.47035
12.43824
25.55853
33.97809
46.92034
58.41093
70.44537
79.29224
84.40868
93.70617
97.68316
12.43824
22.32030
32.34202
45.72052
51.72500
55.15833
68.24571
76.20175
80.61760
81.23146
12.43824
24.87647
34.87727
48.03520
51.64150
63.64324
76.08148
85.49732
92.78910
98.98529
12.43824
24.87647
38.21182
46.47509
52.61062
65.04886
76.73944
85.93364
89.61181
97.62519
12.43824
24.87647
36.41773
49.04875
62.71089
76.34163
85.18719
90.11558
93.33811
105.99766
12.43824
25.61083
30.24614
43.25185
54.20050
66.76957
79.87244
89.01270
91.37885
92.01026
