12.43824
24.87647
37.31471
49.75295
60.64102
73.35498
85.79322
89.49062
97.07429
109.51252
12.43824
24.87647
37.31471
50.48827
62.92651
75.36474
87.15473
100.41186
109.88068
119.56502
12.43824
24.87647
37.31471
49.75295
56.09325
68.89355
81.34922
93.78746
103.84971
117.15033
12.43824
24.87647
37.31471
45.02918
57.25048
69.68871
80.50563
88.36866
100.85116
113.54124
12.43824
20.39114
32.82938
45.26762
57.70585
70.14409
78.58444
88.63488
98.18114
111.10860
12.43824
24.87647
37.31471
50.09631
61.19641
67.40624
79.84448
92.47980
103.17651
112.00604
12.43824
24.87647
37.31471
49.75295
55.49739
62.57243
75.01066
84.66597
86.21185
93.24916
12.43824
24.87647
37.31471
49.75295
62.19118
75.34793
86.06611
98.50435
110.95927
124.14488
12.43824
24.87647
32.48575
44.92398
56.02337
68.46160
78.57642
88.57882
101.01706
105.66523
12.43824
16.24319
29.28455
34.35918
46.79742
59.23566
72.26599
84.74152
97.17975
101.26558
12.43824
24.87647
37.31471
49.75295
54.02501
67.15763
80.18335
92.62159
95.75555
101.72630
12.43824
24.87647
36.75637
49.19461
61.97681
75.04102
87.47926
91.41214
104.23652
117.04296
12.43824
24.87647
37.31471
49.75295
62.93612
75.37436
87.44987
99.58176
103.18650
116.18388
12.43824
24.87647
31.19610
37.51010
49.94834
62.38657
75.56613
88.21423
97.79658
110.23481
12.43824
23.18203
35.62027
48.05850
60.49674
72.36185
76.71052
89.29766
98.67708
111.85941
12.43824
24.87647
32.21594
44.65699
54.97990
67.41813
78.60819
79.96710
92.40533
97.81897
12.43824
24.87647
37.31471
50.26942
62.70766
75.14589
87.58413
100.02237
107.08518
119.86109
12.43824
24.87647
37.57711
43.74787
55.85740
68.29563
81.37280
93.81104
106.99802
117.83367
12.43824
24.87647
37.31471
49.75295
62.19118
71.47150
84.40858
97.55126
110.29403
121.97871
12.43824
25.60846
38.19194
50.63018
63.06842
74.75719
87.19543
96.08315
107.50167
120.68470
12.43824
24.87647
38.05701
50.49525
63.48974
75.92797
76.70353
89.14176
95.50995
99.17941
12.43824
24.87647
32.23855
36.24111
48.67935
56.35158
68.78982
81.94820
94.38643
105.24824
12.43824
24.87647
37.31471
46.52105
59.50798
71.94622
84.38445
91.56166
104.71429
109.71483
12.43824
24.87647
37.31471
49.75295
54.24464
61.81024
74.46239
86.90266
99.48118
111.91941
12.43824
24.87647
37.31471
49.75295
62.19118
74.82659
87.26483
98.57217
102.67099
115.10922
12.43824
24.87647
37.31471
44.14649
56.58472
69.02296
81.13438
93.57386
106.22797
116.54694
12.43824
24.87647
37.31471
50.07512
62.51336
74.95159
80.87971
83.33887
96.10207
108.54030
12.43824
24.87647
37.31471
49.75295
56.07478
68.77692
79.58106
86.35173
99.53879
105.35523
12.43824
24.87647
37.31471
46.13335
58.57158
60.38535
72.97348
85.41172
94.33910
102.42615
12.43824
24.87647
37.31471
42.22237
50.92246
63.36070
75.79893
89.15995
95.17461
108.16833
12.43824
24.87647
37.31471
46.19396
58.63219
71.07043
83.50867
89.65370
102.73076
106.87445
12.43824
25.35988
37.79811
50.23635
62.67459
73.62674
83.95729
96.39552
109.56579
122.90833
12.43824
24.87647
37.31471
49.75295
62.19118
74.62942
87.06765
99.64864
112.69101
122.80502
12.43824
24.87647
33.32851
41.00965
53.44788
65.88612
76.26012
88.44653
90.22825
94.64677
12.43824
24.87647
37.75997
48.19805
61.23005
73.66829
78.73100
91.63383
102.77609
103.79902
12.43824
24.87647
37.31471
49.93163
62.36987
70.37482
82.67748
92.26754
104.88714
108.51832
12.43824
24.74809
37.18632
49.62456
55.94259
65.96212
78.40036
91.42088
96.26881
109.08762
12.43824
24.87647
37.31471
47.95212
60.39036
71.48801
83.92625
88.40329
100.74836
113.71725
12.43824
24.87647
37.31471
50.37833
62.81657
75.25480
82.51097
87.45967
93.21851
106.10735
12.43824
24.87647
37.31471
49.75295
62.12912
74.56735
80.73697
93.17521
106.27139
119.43296
12.43824
24.87647
37.31471
49.75295
61.70951
72.26718
84.70542
96.04340
99.59450
112.03274
12.43824
18.31361
30.75184
40.27939
52.71763
65.15587
69.21827
71.57708
83.10906
96.26792
12.43824
24.87647
37.31471
49.75295
62.19118
73.17355
85.61179
98.05003
102.00489
109.13595
12.43824
24.87647
37.31471
49.75295
63.56079
75.99903
78.70745
91.14569
97.66545
103.15937
12.43824
24.87647
38.02016
50.45839
62.89663
75.84241
83.59456
92.28950
98.47945
104.62511
12.43824
24.87647
38.06346
50.97038
63.40861
75.84685
82.04864
94.48688
107.10325
112.94542
12.43824
18.47478
26.10136
38.53959
43.29196
55.73020
68.84362
81.28186
83.35291
95.79114
12.43824
24.87647
37.31471
46.11499
58.55323
70.99147
77.21020
82.41709
95.59903
100.93133
12.43824
24.87647
25.44815
37.88639
50.49462
62.93286
65.49820
70.78754
74.10150
75.43699
12.43824
24.87647
37.31471
50.49625
59.14892
72.09584
83.32597
96.49846
100.43596
113.57141
12.43824
24.87647
33.87101
46.30925
58.74749
66.98526
79.42350
92.36967
105.64646
118.30629
12.43824
24.27005
36.70829
46.00962
58.86588
71.30411
83.74235
96.18059
107.82499
120.26323
12.43824
24.87647
38.05239
50.49062
53.35067
65.78891
78.22714
90.66538
99.82194
112.32012
12.43824
24.87647
37.31471
50.62622
63.06446
71.31214
78.17192
81.33529
93.77352
106.21176
12.43824
24.87647
37.31471
49.78389
62.22212
75.21880
77.15281
89.59105
92.01031
104.44854
12.43824
24.87647
37.31471
44.56202
47.85186
60.29010
68.31101
73.13707
80.36406
87.41102
12.43824
25.44792
37.88616
50.32439
62.76263
75.32874
87.76697
91.54768
103.98591
115.93170
12.43824
24.87647
37.31471
49.75295
62.83043
75.82777
88.26600
100.70424
113.14247
125.58071
12.43824
24.87647
32.59102
45.02926
49.06595
61.50418
72.15768
85.33146
87.82881
100.26704
12.43824
24.87647
38.02151
51.02898
63.46721
76.03863
88.47687
95.14694
96.90278
109.61763
12.43824
24.87647
37.31471
47.26856
59.70680
72.14504
84.58327
97.66441
105.68927
111.63860
12.43824
24.87647
37.31471
49.75295
62.75638
75.88046
88.31870
100.48117
111.57984
117.86210
12.43824
24.87647
37.31471
49.75295
60.45069
72.88893
84.49447
94.67151
107.10975
108.80795
12.43824
24.87647
37.31471
49.75295
55.45675
61.94562
72.35930
84.79754
92.10714
105.97686
12.43824
24.87647
37.31471
49.75295
62.64977
75.08801
83.68760
88.33518
100.68932
113.12756
12.43824
24.87647
37.31471
49.75295
62.81045
75.24868
88.08293
100.08578
111.29850
116.78649
12.43824
24.87647
37.31471
45.00494
57.44318
70.53912
83.42613
95.86436
109.30285
121.74108
12.43824
24.87647
37.31471
49.75295
62.23169
74.99133
87.42957
95.35905
104.01373
116.75357
12.43824
25.32361
37.76184
50.66946
63.10770
73.91870
75.96774
88.40598
100.84421
113.97360
12.43824
24.87647
37.31471
49.75295
60.87352
73.31176
86.49829
99.96599
112.40423
121.86082
12.43824
24.87647
38.06351
50.50174
62.85707
65.17709
77.61533
90.07518
103.26122
116.43437
12.43824
24.87647
34.82383
47.26206
59.70030
72.59456
85.03332
97.31905
110.50574
122.94398
12.43824
24.87647
37.31471
46.96509
59.40333
71.84157
84.39297
97.57571
107.43060
120.57419
12.43824
23.58896
36.02720
48.46575
60.90399
73.34222
84.22052
97.30719
98.83065
109.12676
12.43824
24.87647
37.31471
49.75295
60.53994
73.66566
76.08207
89.26613
101.70436
109.23649
12.43824
24.87647
37.31471
49.75295
62.19118
68.95703
81.75152
94.18976
106.63123
119.64312
12.43824
24.87647
37.31471
45.17672
57.61496
59.46035
72.01794
84.47671
97.44299
103.71998
12.43824
24.87647
37.31471
49.75295
56.50869
68.94693
81.38516
94.71852
107.15675
120.12882
12.43824
18.42178
30.86002
43.29826
55.73649
68.17473
80.71655
93.15478
98.63603
100.77327
12.43824
24.87647
37.96424
48.36530
60.80353
73.94987
87.12977
99.56801
107.88071
121.22575
12.43824
24.87647
37.31471
49.97436
61.72603
74.16427
86.60250
99.33793
113.14463
123.30415
12.43824
24.87647
33.97125
46.40949
49.89055
62.32879
75.40716
86.60512
99.62412
105.76977
12.43824
24.87647
37.31471
49.75295
62.27160
67.73268
74.51918
84.92696
97.36520
97.82121
12.43824
19.80810
22.59677
35.03501
47.47324
60.38782
72.01951
84.45775
96.89598
105.59181
12.43824
24.87647
37.87289
50.31113
62.90451
75.34274
87.78098
100.21922
111.04743
124.12260
12.43824
24.87647
35.81564
41.94627
54.38451
66.82275
79.26098
89.77415
102.84814
114.93836
12.43824
24.87647
37.31471
49.75295
52.79431
65.23255
76.35827
88.79651
94.40011
107.16471
12.43824
24.87647
38.05270
50.49093
62.92917
65.98138
78.44588
91.52915
103.96738
113.19793
12.43824
25.40805
37.84628
50.28452
63.18338
75.62162
88.05985
95.20123
102.30212
114.74036
12.43824
24.87647
37.31471
50.18619
58.67181
61.90715
74.34539
86.78363
99.22186
108.14499
12.43824
24.87647
37.31471
49.89862
62.33686
74.77510
81.66886
94.63427
107.07251
112.57100
12.43824
24.87647
37.31471
50.24472
62.68296
76.21932
88.65756
101.09580
107.92128
115.97448
12.43824
24.87647
37.31471
49.75295
62.84706
75.28530
77.97986
90.44400
97.15509
109.59332
12.43824
25.30462
37.74285
47.89986
61.08082
73.51905
81.04214
84.93316
97.37139
109.80963
12.43824
24.87647
37.31471
49.94673
62.38497
74.82320
81.88636
93.08558
105.52381
118.54956
12.43824
24.87647
38.05062
50.48886
62.92710
76.21716
89.22190
94.98334
108.08212
111.48823
12.43824
24.87647
32.02643
44.46467
57.15703
68.66063
81.09887
89.35364
102.16122
112.67546
12.43824
24.87647
37.31471
45.70402
58.66844
71.10668
82.70258
95.14082
106.90279
119.34102
12.43824
24.87647
37.31471
48.98304
61.42128
73.85952
85.57636
96.77850
109.21674
121.65498
12.43824
24.87647
37.31471
49.75295
62.34073
74.70398
87.81145
90.21121
94.32716
103.33238
