12.43824
24.87647
37.31471
49.75295
62.46071
75.54984
87.98808
92.28187
103.77538
117.12892
12.43824
24.87647
37.31471
49.75295
57.31213
69.75037
82.37146
95.48202
105.05549
113.77757
12.43824
24.87647
37.31471
49.75295
62.67852
75.16341
88.04003
100.47826
113.36790
125.73710
12.43824
24.87647
37.96864
44.18724
57.24563
70.41274
83.05447
88.60235
101.73876
114.86378
12.43824
22.68641
35.12465
47.56288
60.00112
72.43936
83.76056
96.68589
105.94911
118.38734
12.43824
24.87647
37.31471
49.75295
62.39716
71.85937
84.29761
97.47979
106.73697
119.96883
12.43824
24.87647
37.31471
49.75295
62.19118
71.08233
84.54622
97.90826
102.99925
115.43749
12.43824
24.87647
37.31471
49.75295
62.19118
74.62942
86.16115
98.59938
111.07859
124.87186
12.43824
24.87647
36.68916
49.12740
61.18591
73.62415
80.50121
93.62626
106.06450
118.50273
12.43824
24.87647
37.31471
50.30045
62.73868
75.30549
88.75942
101.19766
113.63590
126.58538
12.43824
24.87647
37.31471
49.75295
53.03836
66.22340
79.40467
91.84291
104.28114
117.46723
12.43824
24.87647
37.96034
50.39858
63.51809
75.92985
88.36808
88.49339
100.93163
111.40015
12.43824
24.87647
37.31471
49.75295
62.19118
75.36146
87.88892
100.90951
113.34775
126.79132
12.43824
24.87647
35.99324
44.06304
56.50127
68.93951
81.95122
94.38946
105.33415
117.77238
12.43824
21.32296
33.76120
46.19943
58.63767
71.69208
84.13031
95.95745
104.05755
117.36021
12.43824
24.87647
37.31471
49.75295
62.19118
75.04121
88.86698
101.46798
114.08702
126.52526
12.43824
24.88199
37.32023
49.66840
62.10664
75.68465
88.79318
101.85471
114.76493
128.75154
12.43824
24.87647
36.62967
49.87173
62.30997
74.80908
87.24732
99.68556
112.80235
125.24059
12.43824
24.87647
37.31471
49.75295
62.19118
74.62942
87.48215
100.53172
113.50434
126.69082
12.43824
24.87647
37.31471
49.75295
61.18700
74.16911
86.60734
99.10470
112.13822
121.83723
12.43824
24.87647
37.31471
49.75295
62.35856
74.79680
87.42629
99.86452
112.33674
125.20231
12.43824
24.87647
30.94651
38.86069
51.29893
58.65122
71.08946
83.52770
96.01707
108.57864
12.43824
24.87647
37.31471
48.91551
61.46072
73.89896
86.12297
99.09619
112.53343
124.97167
12.43824
24.87647
37.31471
49.75295
62.19118
70.25022
83.43576
96.00762
109.12334
121.56157
12.43824
25.18830
37.62653
50.06477
62.89879
75.72580
89.41602
101.85425
102.87110
115.30933
12.43824
24.87647
38.11361
42.23583
54.67406
62.87543
75.31367
84.40174
97.62941
107.82247
12.43824
24.87647
37.31471
50.49992
62.93816
75.37639
88.49744
94.84834
108.03368
120.47191
12.43824
24.87647
37.31471
49.75295
58.77801
71.27083
84.86373
98.32358
111.34810
123.78633
12.43824
24.87647
37.31471
49.11448
61.55272
71.84034
83.88909
96.32732
106.86029
116.55193
12.43824
24.87647
37.31471
49.16934
58.83587
71.27411
84.46033
97.45915
109.89739
118.31834
12.43824
24.87647
37.31471
49.75295
62.19118
74.62942
87.78445
97.32809
110.50679
113.59269
12.43824
24.87647
37.45884
49.89708
62.33531
74.77355
88.56254
101.00078
113.43901
124.07351
12.43824
24.87647
37.31471
49.75295
62.19118
74.72523
87.16346
100.80987
113.39649
125.83473
12.43824
24.87647
37.31471
46.80536
59.24359
71.93350
84.65677
97.09501
110.12841
122.56665
12.43824
24.87647
37.31502
49.75326
63.62255
76.06078
89.16078
102.24712
113.00006
125.68645
12.43824
24.87647
37.31471
48.87817
61.31641
73.93411
78.32994
90.76817
103.20641
109.39778
12.43824
25.60939
38.04762
50.48586
63.37752
76.28610
89.10571
102.81031
112.91416
126.45047
12.43824
24.87647
37.31471
46.03783
58.47606
71.43811
83.87634
88.43523
101.96239
114.40062
12.43824
24.87647
37.31471
49.88305
62.32128
74.75952
83.54918
95.98741
109.60911
122.67416
12.43824
24.87647
37.31471
49.75295
62.53420
74.98876
86.12323
98.56147
110.99970
124.18683
12.43824
24.87647
37.31471
49.75295
62.70343
76.45309
89.06360
101.50184
115.15523
128.38120
12.43824
24.87647
37.31471
50.37942
59.53087
71.96911
84.40734
91.77357
104.84739
118.00873
12.43824
24.87647
37.31471
49.75295
62.19118
74.62942
87.69723
100.44361
113.54174
121.68299
12.43824
24.87647
37.31471
49.75295
63.31331
75.75155
88.40840
100.84663
110.93433
114.91920
12.43824
24.87647
36.77031
49.20855
61.64679
74.78530
83.92471
94.02417
105.62047
117.78204
12.43824
24.87647
33.53710
46.56793
59.00616
71.44440
83.93543
96.37366
109.53723
121.97547
12.43824
16.66730
29.10554
41.54378
54.63562
67.07385
79.51209
91.95033
99.86614
112.30437
12.43824
24.87647
37.31471
48.66866
61.10689
74.28251
87.12528
99.46701
112.28222
124.72045
12.43824
24.87647
37.51009
49.94833
59.31513
71.75337
74.37735
87.31018
99.74842
111.99130
12.43824
24.87647
37.31471
50.47526
59.09272
69.97018
83.00429
93.38383
103.33430
116.39828
12.43824
24.87647
37.31471
49.75295
62.19118
66.92950
79.48973
91.94081
103.10633
115.54457
12.43824
23.08460
35.52284
47.96107
58.60686
71.72087
84.37067
96.80890
108.14331
120.94211
12.43824
24.87647
37.31471
49.45780
62.63014
75.06837
87.50661
99.94485
113.32254
125.76077
12.43824
24.87647
37.31471
50.02196
62.46019
74.89843
82.77848
88.36670
100.70166
113.37753
12.43824
24.87647
37.31471
49.75295
62.19118
75.20964
87.64788
100.82064
114.24327
124.96568
12.43824
24.87647
37.31471
50.44449
56.50727
68.37997
78.93740
80.86942
93.30766
106.40078
12.43824
25.05084
37.48908
49.92731
62.36555
74.80378
87.24202
90.17749
102.61573
115.69143
12.43824
24.87647
37.31471
49.75295
62.19118
76.04888
88.48712
100.92535
113.36359
126.49815
12.43824
24.87647
34.42394
46.86218
59.99412
72.43236
85.61859
98.05683
102.58572
115.02396
12.43824
24.87647
37.32281
49.76104
62.19928
74.63752
87.07575
97.94111
111.47044
122.99593
12.43824
24.87647
37.58400
50.64295
63.08118
75.51942
87.95765
101.12699
108.45779
112.33012
12.43824
24.87647
37.31471
49.75295
62.93699
76.06121
88.49945
101.67021
114.08951
126.52775
12.43824
24.87647
37.31471
49.75295
62.54999
74.98823
88.11957
98.96446
111.40270
120.31809
12.43824
24.87647
37.31471
50.50005
60.62867
66.70599
80.15283
92.59107
103.72592
116.16416
12.43824
24.87647
37.31471
50.10039
62.49440
74.93264
86.49234
94.01061
106.82956
119.26780
12.43824
24.87647
37.31471
49.75295
62.83604
75.27428
87.71251
100.89622
114.31760
127.49638
12.43824
24.87647
37.31471
44.12790
56.56613
68.05563
81.04498
93.48322
107.04158
120.23700
12.43824
24.87647
37.31471
49.75295
62.19118
74.62942
87.06765
100.16814
113.35495
126.52299
12.43824
24.87647
37.31471
49.75295
62.19118
75.35902
79.18763
91.62586
104.60440
118.13529
12.43824
24.87647
37.31471
49.75295
62.34627
74.78451
87.56328
100.89487
113.33311
126.32501
12.43824
24.87647
38.06314
50.50137
63.63229
73.70128
86.13952
98.57895
111.01719
123.66696
12.43824
24.87647
30.92188
43.36012
55.79836
68.23659
81.35996
93.55202
107.17169
119.60992
12.43824
24.87647
37.31471
49.75295
62.19118
74.62942
87.06765
99.64832
110.06945
122.76290
12.43824
20.01467
32.70418
45.14242
57.58065
70.01889
78.61706
91.87865
92.33369
105.11386
12.43824
24.87647
37.31471
49.75295
62.19118
73.70455
86.04417
98.48856
110.92680
124.52421
12.43824
25.45432
37.89256
50.33079
63.77037
74.01948
85.54643
97.98466
110.51135
123.68247
12.43824
24.87647
37.31471
49.75295
62.19118
74.63218
87.07042
100.48917
113.47713
126.65415
12.43824
24.87647
38.04144
50.47968
63.60256
76.04080
88.47904
101.48259
113.92083
127.05869
12.43824
24.87647
37.31471
50.11940
62.55764
74.99588
87.66860
100.10683
113.97179
119.83237
12.43824
24.87647
37.94229
50.38053
62.81876
75.98113
88.99723
101.43547
114.99256
127.64202
12.43824
24.87647
37.31471
50.40052
63.32847
75.76671
88.20495
101.31999
113.75823
127.16803
12.43824
24.87647
37.91625
50.47130
62.90954
75.34778
87.80096
100.23919
111.38490
119.87582
12.43824
24.87647
37.31471
49.75295
62.19118
75.78768
80.02480
86.02947
98.46771
104.13836
12.43824
25.52297
34.35322
46.79145
59.22969
72.37696
86.24112
99.18114
111.52802
125.93970
12.43824
24.87647
36.28514
49.05552
61.49376
73.93199
86.37023
98.80847
108.61793
120.74984
12.43824
24.87647
37.31471
50.36391
62.80214
75.24038
88.68676
101.56440
113.61371
123.94684
12.43824
24.87647
37.31471
49.75295
62.58957
75.02781
88.21207
100.39159
112.82982
126.31838
12.43824
24.87647
37.77694
50.21517
62.65341
76.22918
85.79965
98.23789
110.67613
122.34138
12.43824
25.32284
37.76108
50.19932
63.37977
75.81800
88.40045
102.20823
114.06201
126.50025
12.43824
24.87647
38.01827
49.44561
53.29378
58.10012
70.53836
82.97660
95.41483
99.37628
12.43824
24.87647
32.83333
45.27157
57.70980
70.54918
82.98742
94.51027
106.94850
111.09510
12.43824
24.87647
37.80464
50.24288
62.68111
75.86567
88.30390
100.74214
113.18038
122.64796
12.43824
24.87647
37.31471
49.75295
62.19118
74.62942
87.06765
99.50589
109.82331
123.39158
12.43824
24.95855
37.39679
47.62163
60.98837
73.42661
86.26973
87.14757
99.58580
112.02404
12.43824
24.87647
37.31471
49.85798
62.29621
74.73445
87.82147
100.97598
113.41422
126.52528
12.43824
24.87647
37.94725
50.38548
62.82372
75.32343
88.46895
101.55237
113.72127
123.03741
12.43824
24.87647
32.71926
45.15749
58.19615
60.18872
73.19899
87.75205
100.19029
110.56786
12.43824
24.87647
37.31471
49.90759
62.34582
74.78406
87.22230
99.66053
108.02333
120.51124
12.43824
25.39126
37.82950
49.16952
61.60776
74.04600
85.00578
93.23121
107.78636
120.70595
12.43824
24.87647
37.31471
49.75295
61.66517
74.10582
87.08670
100.04772
111.30641
124.17520
