12.43824
23.97245
31.24408
32.17532
35.14852
36.01311
36.60048
36.69662
41.36349
44.49294
12.43824
22.91499
31.31567
32.02564
32.85162
40.88422
41.92718
42.36926
42.55490
42.82310
12.43824
13.16306
22.65113
27.88563
28.93797
29.94008
34.65145
38.34537
39.43977
39.56252
12.43824
23.59718
26.72527
27.52602
28.84502
35.81455
36.97411
37.05847
38.24155
39.54063
12.43824
15.50943
25.37195
26.60671
32.38139
34.62735
39.89048
39.96089
40.13818
43.30665
12.43824
22.11110
24.37226
25.94749
30.15514
30.43215
32.86131
33.36556
35.14153
35.23038
12.43824
14.79540
23.34900
31.73011
33.82818
34.49472
37.14414
37.20878
37.81372
38.28088
12.43824
21.24607
22.11233
33.62390
39.86749
42.65939
43.47690
45.39644
45.57254
45.80527
12.43824
18.25606
23.21310
24.93971
25.20092
28.61084
32.46728
34.43953
39.52729
42.96187
12.43824
14.21235
16.62676
17.98896
24.28150
25.87169
28.36675
33.42692
43.71685
44.92453
12.43824
15.92146
19.42363
24.70840
24.85689
25.82347
30.44779
36.29946
36.58380
42.11851
12.43824
18.99257
20.89659
29.98952
32.88672
35.09727
36.27596
36.29240
37.67833
38.07364
12.43824
21.38313
25.60878
27.93382
28.24346
29.71184
29.73785
29.91812
29.92656
34.43671
12.43824
21.38285
23.27106
23.44557
29.00373
33.42361
34.77482
38.58732
45.10906
45.70405
12.43824
15.34032
27.03464
33.37083
38.16344
39.42737
44.06542
44.95434
45.12241
45.72053
12.43824
21.71790
22.76201
24.94703
27.18121
28.61092
28.73744
30.08522
30.34018
30.52619
12.43824
23.18866
29.69535
36.07371
39.50828
41.67908
41.83571
45.18509
47.63578
48.12552
12.43824
19.64639
21.22715
24.01293
24.28619
27.30513
28.47304
28.60662
32.69383
32.74267
12.43824
17.19463
27.39881
29.72585
30.09091
32.07788
35.15737
38.27624
38.53985
39.58414
12.43824
15.35119
16.49127
23.59170
29.51810
35.00653
37.21187
38.67106
43.59351
46.26580
12.43824
15.63581
21.91803
24.62638
26.86854
27.38579
27.52607
27.54271
27.72506
33.14647
12.43824
19.61131
20.88071
21.60646
29.52422
32.89696
36.29106
36.99501
40.51190
40.55387
12.43824
17.91774
24.29253
26.32350
30.56747
38.16387
41.71651
43.55911
43.72266
43.76208
12.43824
21.27194
27.61360
34.16929
35.40934
35.77025
37.77828
38.09266
39.37422
41.27457
12.43824
17.06223
27.59611
34.85955
35.50258
36.94650
39.03050
39.65396
39.95542
43.12609
12.43824
22.07082
26.15630
26.66406
33.60872
35.67997
35.83051
36.19378
38.48386
38.67760
12.43824
19.59046
24.66745
28.84378
37.92532
40.45947
42.49542
44.71194
44.84359
47.10711
12.43824
22.49046
29.45346
33.36856
35.54548
41.11956
41.51508
41.73806
42.09859
42.31356
12.43824
19.53680
22.09966
22.34879
22.94895
23.48369
28.17687
34.37053
34.40246
35.77666
12.43824
15.49648
20.64181
25.60832
25.95687
28.89483
36.14131
36.65902
37.36205
37.44340
12.43824
20.24987
28.81368
29.43702
33.50596
36.00935
37.96306
38.07012
39.11358
39.63783
12.43824
16.81372
23.29935
28.59410
29.78156
29.96872
30.47318
33.88303
34.08629
37.11146
12.43824
18.46720
19.25046
26.39391
27.33900
30.92413
36.43010
36.69924
36.73995
37.08202
12.43824
20.92035
26.50769
28.00013
36.50498
38.18579
38.48964
38.56944
40.10801
42.90770
12.43824
17.19149
19.12081
22.27449
22.40773
31.74306
31.91834
34.25628
34.50281
34.53159
12.43824
21.63452
29.62328
31.06023
33.40040
33.59750
36.35338
36.43766
37.81397
38.84105
12.43824
15.44935
23.07981
33.66334
35.99938
36.44992
38.46174
38.93693
39.16215
41.43100
12.43824
22.65025
29.69043
32.19940
34.15995
34.51472
39.49637
39.76311
43.91413
44.12433
12.43824
21.86837
29.63100
33.89203
37.30397
40.45743
40.70968
41.21698
44.63388
44.85579
12.43824
20.00956
31.81437
38.58488
39.36058
42.66906
42.73940
43.65782
44.84549
45.80197
12.43824
23.96256
27.43024
29.99525
30.64128
31.06068
34.72382
35.42076
35.47313
35.61846
12.43824
16.32103
24.91201
26.08515
28.28749
35.25440
35.33968
35.85856
37.22148
37.51419
12.43824
20.33061
21.46364
24.49668
31.83980
34.65327
38.35518
41.47944
41.51236
41.89211
12.43824
22.64392
32.52702
36.69587
37.47883
38.19898
38.97928
40.89558
41.19460
41.35340
12.43824
19.98613
20.54832
28.51185
32.44389
32.54584
32.86675
36.05534
37.69111
37.87603
12.43824
22.46074
26.78195
27.92976
34.05967
38.68477
39.20888
39.62902
40.70034
43.26431
12.43824
16.15531
17.26381
23.65618
24.05099
31.81503
32.86054
37.01606
37.08511
41.35941
12.43824
21.69882
25.42294
25.82966
28.54297
29.36331
31.58534
31.80438
32.98759
33.36226
12.43824
20.60294
22.35823
29.21789
33.16748
40.50553
40.71228
41.17134
41.52277
41.59940
12.43824
17.02369
26.47442
30.56501
31.57643
35.15284
35.44208
37.10269
39.67833
42.47028
12.43824
19.52401
20.43270
25.40056
27.40066
28.31947
34.35772
34.45528
34.75347
36.07053
12.43824
17.96607
22.36566
22.50391
30.23396
31.55602
34.43920
36.17508
36.21481
37.92679
12.43824
17.84106
24.41995
28.18537
28.47859
28.80405
28.98241
35.00959
37.16929
41.80809
12.43824
19.26448
30.48753
31.84102
33.58485
34.19489
34.78807
34.89566
39.04186
40.72410
12.43824
19.54472
22.78821
27.18623
39.15448
41.03932
41.27714
45.14888
45.16139
48.75536
12.43824
19.92120
23.78663
23.83488
24.97304
26.31908
26.66689
30.53094
30.62548
30.63283
12.43824
15.87055
20.82905
29.32716
35.95426
36.28976
39.20306
39.69467
39.97796
40.36241
12.43824
21.15831
22.77043
25.49923
28.94710
32.60598
39.81490
42.46487
45.46069
46.03086
12.43824
17.36326
20.71292
25.88371
25.93198
31.83919
32.03761
35.13764
40.31150
42.82225
12.43824
22.13662
24.69105
26.81791
33.06505
33.53098
34.06405
34.13962
34.23328
39.42712
12.43824
21.37874
22.84834
25.76209
32.38438
38.89994
41.31365
42.17916
42.73384
43.05017
12.43824
17.50330
24.50187
28.17705
30.38755
32.24814
37.17777
37.30467
37.67488
39.57403
12.43824
24.60929
28.90343
32.34509
32.63816
32.84848
32.86787
33.19557
34.57103
39.63519
12.43824
16.12025
22.60181
25.77283
26.50178
30.90908
30.98075
35.56629
36.29457
36.55809
12.43824
23.49612
33.02872
36.48001
39.07856
40.17261
40.30711
41.37887
41.57155
43.50319
12.43824
20.96854
29.49740
30.04513
30.70134
32.88670
33.06822
35.29079
37.01294
37.68305
12.43824
16.83382
20.08639
23.62385
33.46615
40.53050
41.88441
42.45654
42.78510
43.31227
12.43824
22.09418
25.50185
28.43889
32.28491
36.24140
37.31149
37.51713
37.61673
37.64093
12.43824
15.66483
24.56156
27.78111
32.16727
34.08217
34.60105
39.70809
40.90433
41.01420
12.43824
24.19499
26.79904
31.65185
31.84283
37.01238
41.98837
42.24507
49.76216
50.06747
12.43824
21.81218
25.03306
31.54517
31.77518
33.00914
41.07136
41.88928
42.15736
43.86917
12.43824
18.91185
20.02077
24.64752
27.18086
27.29628
33.18551
33.28315
40.47657
47.02780
12.43824
25.42226
30.53376
32.00467
36.48260
43.92676
44.65730
44.81039
45.03305
46.95972
12.43824
20.78827
23.48529
26.13067
28.98538
36.56286
36.63968
37.97350
37.98260
38.96422
12.43824
20.91430
24.53668
27.72232
28.99306
30.63178
30.99184
34.69955
35.35975
35.51598
12.43824
17.19034
21.70600
26.25895
30.83888
31.01882
34.02840
35.25469
36.25296
39.79051
12.43824
21.11044
27.85625
31.68892
34.78360
36.66520
37.88453
38.04542
38.34010
38.42795
12.43824
21.19734
22.43185
24.59576
30.02100
32.47806
38.80693
38.88297
40.40435
41.23823
12.43824
14.38312
23.69436
25.67527
30.33757
30.99380
33.81064
33.98389
34.25455
35.71353
12.43824
20.81630
27.32635
30.04837
30.75201
31.76805
32.82960
35.75211
36.12313
36.85972
12.43824
21.18502
31.04653
33.98975
36.11718
40.91005
42.60005
44.10484
44.25573
44.43801
12.43824
20.26437
21.19473
25.71229
26.15032
32.99195
35.18745
37.85052
39.38935
39.42130
12.43824
22.08821
24.73495
27.54575
28.58151
29.64328
29.86341
29.89519
37.24704
37.25940
12.43824
15.65038
15.73291
22.61700
29.63163
30.59583
32.03602
32.54164
38.49861
38.74164
12.43824
23.38028
26.07756
27.54895
32.00097
36.95741
38.50381
41.79107
41.96415
46.00540
12.43824
19.12378
22.12616
22.50086
28.78547
36.37435
39.26462
39.40256
39.71360
39.84560
12.43824
19.51070
22.28018
23.40186
24.60468
28.31228
32.99214
35.03720
37.03694
41.94246
12.43824
23.16081
24.89708
28.67848
29.06269
29.67771
33.24105
33.30264
35.48353
35.53395
12.43824
19.70854
23.40065
29.31207
30.20863
31.57177
33.25878
33.44563
-1.00000
-1.00000
12.43824
22.76861
26.60539
29.78884
34.15252
35.56016
39.27175
42.01143
44.89298
47.31441
12.43824
18.78251
26.69031
32.03832
32.64827
37.10621
37.83421
38.05604
39.59027
39.79020
12.43824
22.01596
27.54363
30.98046
34.11258
34.44995
39.49906
42.21394
44.73536
45.19355
12.43824
22.22599
26.55754
29.22353
31.54675
32.76123
32.92518
35.14580
35.75942
37.85290
12.43824
15.69306
17.13514
20.96653
22.65432
29.20570
31.48402
31.50992
36.49618
36.67142
12.43824
20.60519
24.30511
32.05798
35.40919
36.74834
37.22144
37.42853
37.82062
42.85669
12.43824
17.60849
20.56989
28.92236
30.94749
31.00638
31.50859
31.56653
32.34197
32.34415
12.43824
17.12844
23.29042
27.01425
28.24786
28.36233
28.65320
32.08590
32.33588
33.59749
12.43824
22.68604
23.97327
27.27617
30.02839
38.14979
38.36898
42.27842
42.50881
43.91928
12.43824
19.79513
22.80197
24.37254
26.94138
29.18136
32.12025
35.59753
39.38665
47.67616
12.43824
22.57361
26.76240
34.33990
35.36481
35.66335
36.18371
36.47933
40.08254
40.17454
