12.43824
24.87647
37.31471
49.75295
59.89902
72.33726
84.77549
97.94386
110.38210
123.69217
12.43824
24.87647
37.31471
50.30945
63.41294
75.93057
85.19027
99.54513
107.18762
113.48127
12.43824
24.87647
37.31471
50.26833
61.42777
74.61359
86.94862
100.10467
106.14833
114.80230
12.43824
24.87647
37.31471
49.69236
59.32946
71.76769
77.45173
87.39120
97.06321
108.73555
12.43824
18.90170
31.33994
43.77818
56.21641
69.30098
81.19839
94.78068
107.96752
120.04511
12.43824
24.87647
37.62628
47.31646
57.82216
66.09372
79.10048
91.53872
104.32491
109.11481
12.43824
24.87647
37.31471
49.75295
62.69713
67.34108
81.11876
94.98058
102.86253
108.77324
12.43824
24.87647
36.60844
49.04668
62.06192
74.50015
84.66831
97.12919
104.68021
115.71076
12.43824
24.87647
33.70707
46.32139
57.03269
69.47092
81.30585
92.26774
105.51562
117.03470
12.43824
25.12728
36.50849
38.88325
51.32148
64.49936
77.39902
89.92267
102.36091
115.35970
12.43824
24.87647
37.31471
49.75295
62.19118
75.32574
87.76398
100.95094
112.42733
119.55426
12.43824
24.94995
33.82454
46.26277
58.70101
71.13925
84.15790
88.31795
101.44191
114.62933
12.43824
24.87647
37.31471
49.75295
62.93877
75.37700
88.88505
100.81973
113.86026
126.53643
12.43824
24.87647
37.31471
43.99253
56.79756
69.23580
82.47386
94.89488
104.11032
116.54855
12.43824
18.96137
31.39961
44.36395
55.03284
67.63267
74.99032
87.42856
99.55410
107.91121
12.43824
25.55798
28.59610
41.60222
54.78067
64.02598
70.62942
83.53857
95.97681
109.22536
12.43824
24.87647
37.31471
50.31528
62.75352
76.38261
89.53872
102.90550
116.04851
123.99520
12.43824
24.87647
37.77237
50.21061
63.83040
76.58745
90.08116
102.51940
115.01329
122.70258
12.43824
24.87647
37.31471
49.75295
62.19118
70.14938
82.09636
94.15138
106.97087
120.70068
12.43824
25.58139
34.57728
47.01552
59.45376
64.66821
77.42911
81.95290
92.93473
105.39432
12.43824
24.87647
37.56215
50.00039
63.17979
71.35491
82.37822
94.81645
104.58615
107.62860
12.43824
24.87647
37.31471
49.75295
62.19118
69.14873
81.58697
94.93778
107.03853
119.71056
12.43824
24.87647
37.97502
42.58285
53.34514
66.12547
78.56371
86.20327
99.37808
108.44776
12.43824
24.87647
37.31471
49.75295
52.42282
58.40413
69.00869
81.71034
94.16718
106.60541
12.43824
24.43492
36.87316
49.31140
62.66059
74.11236
88.12575
98.69831
108.64570
121.41714
12.43824
24.87647
37.31471
50.50078
62.93902
75.37726
89.05889
102.26842
113.97663
128.21536
12.43824
25.15411
37.59235
50.67315
63.11139
75.54963
88.47276
102.52599
115.50174
128.44822
12.43824
24.87647
37.31471
49.75295
54.38416
67.08147
80.34040
91.14656
104.18455
116.92324
12.43824
24.87647
37.31471
49.80246
62.24069
76.09206
88.10782
100.54606
110.43246
120.44493
12.43824
25.32376
37.76200
50.45862
59.55908
71.99732
85.14716
92.30585
102.08643
114.52466
12.43824
24.87647
37.71719
46.26883
58.70707
71.51958
83.85579
90.08874
102.52698
110.17989
12.43824
24.64194
37.08018
49.51841
60.06632
68.15686
81.32128
93.75951
105.93302
114.71385
12.43824
24.87647
37.31471
49.75295
62.19118
74.63208
87.07032
100.24037
108.20789
118.19075
12.43824
24.87647
37.98972
50.04709
62.48532
75.45240
88.25130
95.78753
100.76341
105.13244
12.43824
24.87647
37.79596
49.15206
62.27510
74.71334
86.44285
98.66199
110.55456
112.99872
12.43824
24.87647
37.31471
50.49080
63.67284
75.86843
86.44882
92.38991
102.22434
108.36706
12.43824
23.73553
36.17377
48.61200
61.49375
74.97623
88.12620
97.45611
106.04126
119.61990
12.43824
24.87647
37.31471
48.03899
60.47722
73.20340
86.03542
89.86996
99.35546
111.36429
12.43824
24.87647
37.65089
50.08912
62.52736
74.96560
87.40383
100.64018
113.21307
126.31587
12.43824
24.87647
37.31471
50.42017
62.88215
75.84092
78.96624
92.07264
105.74337
118.18160
12.43824
24.87647
37.31471
49.75295
63.13634
74.57073
87.00896
95.78351
104.81132
118.13130
12.43824
24.82020
37.25843
47.42058
60.36804
73.33783
81.93273
85.88573
92.05618
104.55671
12.43824
24.87647
38.02193
51.01274
63.45098
76.04507
89.15359
103.19311
114.64426
122.07038
12.43824
24.87647
37.31471
49.75295
63.25817
76.34785
89.50508
102.22079
116.70902
120.06441
12.43824
24.87647
37.45686
49.89509
62.95545
75.83948
88.03630
98.11785
107.90836
120.28218
12.43824
24.87647
37.41653
50.15487
62.59311
75.44444
87.19519
98.85389
112.36215
124.80038
12.43824
25.59707
34.80608
47.24431
53.60717
66.04541
78.95453
91.39277
99.98157
112.42694
12.43824
24.87647
37.31471
50.03445
62.47268
75.00930
84.62151
88.88121
100.19426
112.85755
12.43824
24.87647
28.92409
41.61314
54.05138
66.48961
78.92785
92.58602
102.55141
104.71585
12.43824
24.87647
37.31471
49.45847
61.86295
74.62703
87.79159
99.62745
112.83644
125.45986
12.43824
24.87647
37.32187
50.49781
63.06448
71.09156
83.80743
94.46573
99.76263
104.33854
12.43824
24.87647
37.31471
49.85571
62.64019
75.26457
87.70280
100.65892
109.67985
122.11808
12.43824
24.87647
37.98516
50.42339
60.82840
73.26664
85.89429
98.33253
102.34553
115.30966
12.43824
24.87647
37.31471
50.70568
63.70659
76.18037
89.63721
97.42027
110.44405
122.88229
12.43824
24.87647
37.33441
50.07715
62.51538
75.39196
87.65291
101.00005
114.86576
128.26663
12.43824
24.87647
37.31471
46.79117
50.77068
63.66145
75.25882
83.81916
87.00853
99.94843
12.43824
25.35575
37.80815
50.24639
62.68462
75.12286
87.86401
91.00451
103.85820
117.18849
12.43824
24.87647
38.04166
51.14229
63.86765
69.30704
82.08274
94.52098
107.67950
120.72826
12.43824
24.87647
37.83201
50.27025
57.74075
70.17899
82.61722
95.71885
109.43175
121.86999
12.43824
24.87647
38.01022
51.03009
63.46832
75.93806
88.37630
98.59374
110.63884
123.07708
12.43824
24.87647
38.02738
51.14019
64.28567
77.66373
90.10197
103.34945
111.17006
112.64116
12.43824
25.57617
38.61331
51.49206
64.23151
73.41474
85.85298
96.42362
100.28939
101.22656
12.43824
24.87647
37.56763
50.00587
56.82936
70.00373
83.47707
95.49764
107.93587
111.20151
12.43824
25.15164
37.58988
50.02811
56.50184
68.07636
72.93632
85.37456
89.46119
103.34227
12.43824
24.87647
37.31471
50.34949
61.82506
74.26330
86.26301
99.43487
109.28209
122.00063
12.43824
24.87647
37.31471
49.75295
60.21889
72.65713
83.22151
96.98204
104.93607
108.40383
12.43824
24.87647
37.31471
50.49749
62.93572
76.11944
86.63720
98.17311
109.17641
122.36085
12.43824
24.87647
37.31471
49.75295
63.04992
75.91808
88.44385
93.87731
99.35520
111.26739
12.43824
25.27989
37.71812
50.15636
62.59460
69.60137
82.85952
95.29776
107.73599
117.74973
12.43824
24.87647
37.31471
50.50063
63.80262
76.71122
88.20159
101.89875
114.33698
126.82385
12.43824
24.87647
38.06290
50.99590
58.48446
67.84772
80.10934
91.15208
104.25187
116.31653
12.43824
24.87647
34.09310
46.53134
58.96957
72.10692
85.94727
99.79956
112.76744
121.91323
12.43824
24.87647
37.42564
48.60719
61.04543
73.48367
86.65259
99.31801
109.44884
123.10170
12.43824
25.47875
37.94515
51.05222
63.49045
75.92869
88.73459
100.63847
112.90921
125.95387
12.43824
24.87647
37.31471
50.44513
57.48914
70.52830
79.74486
92.82481
105.26304
114.17049
12.43824
24.87647
38.06349
50.50172
63.54734
67.40432
77.83331
90.27155
103.42752
117.25669
12.43824
24.87647
37.31471
42.74207
55.54596
68.72778
81.87473
94.52152
107.64837
119.43260
12.43824
24.87647
37.31471
49.75295
62.19118
74.62942
87.17607
98.56385
111.00208
124.65767
12.43824
14.36181
26.80005
39.71381
52.15204
64.59028
76.41235
89.83750
95.70007
108.95342
12.43824
24.87647
31.00283
43.28510
55.72334
68.57523
75.77913
88.21737
95.42947
104.76625
12.43824
24.87647
37.31471
50.05911
63.13217
75.57041
88.28580
100.46190
112.61746
116.86375
12.43824
25.49970
29.39568
42.32351
52.61929
65.05752
78.01176
91.33688
104.52083
116.60747
12.43824
24.87647
37.49539
49.93363
59.69257
62.13284
69.86704
80.22645
92.66468
97.11430
12.43824
15.59392
16.89611
29.33435
41.77258
50.40311
57.37998
69.81822
82.25645
89.20512
12.43824
24.87647
37.31471
50.43130
58.63068
71.06892
84.16211
97.25362
105.89276
111.28467
12.43824
24.87647
37.31471
41.26456
53.70280
66.14103
78.57927
90.64073
101.69722
115.20402
12.43824
24.87647
37.31471
50.21177
63.39511
75.83335
86.67486
99.11310
111.98757
122.73667
12.43824
24.87647
37.67381
50.11205
62.55028
72.97771
85.89229
99.27974
110.86568
120.25960
12.43824
25.46761
37.90584
50.34408
62.78385
75.50310
87.94134
93.02399
104.16594
116.68007
12.43824
24.87647
37.74773
50.87216
63.90372
77.01847
90.19976
102.61867
115.05691
128.36919
12.43824
25.35563
37.79386
50.70351
63.14174
76.18395
88.19262
100.68561
113.12385
122.28547
12.43824
24.87647
37.07264
47.01267
59.92305
70.92770
83.36594
96.28280
109.03077
121.75871
12.43824
24.87647
37.31471
50.35985
62.48753
74.92577
78.20549
91.12743
104.98697
117.42520
12.43824
25.59269
38.52259
51.68673
65.19349
77.63173
82.08523
86.14447
98.33258
108.42191
12.43824
24.87647
37.60213
50.59306
63.70234
76.85966
86.60431
100.26430
112.70254
126.48011
12.43824
25.03954
38.25828
50.69651
63.80921
73.35065
85.41593
97.42713
109.86537
110.64640
12.43824
24.87647
37.92289
50.36113
63.27566
76.14261
88.83120
101.89251
110.15000
123.32170
12.43824
24.87647
37.61829
44.94678
56.80257
69.24081
82.28685
95.35608
108.75432
121.28875
12.43824
24.87647
37.31471
49.88347
62.32170
74.75994
87.19818
94.33229
108.01836
120.88457
12.43824
24.87647
37.31471
49.75295
62.84278
74.18297
82.43995
94.07935
106.51758
113.33504
