12.43824
24.87647
37.31471
49.75295
62.19118
74.62942
87.06765
96.42244
102.58453
115.46545
12.43824
24.87647
37.31471
47.97507
60.41355
72.85178
85.29002
97.95017
111.09294
123.53117
12.43824
24.87647
37.87797
50.97881
63.41705
76.21626
88.65450
101.09274
113.13115
126.77483
12.43824
24.87647
37.31471
50.42228
63.44345
75.88169
83.98491
97.00743
110.01859
122.45682
12.43824
25.11823
37.55647
49.99471
62.43294
74.87118
85.77310
98.94104
112.12341
125.78278
12.43824
24.87647
37.31471
50.09413
62.53237
73.64223
86.08047
98.51870
111.59281
124.74737
12.43824
24.87647
37.31471
49.75295
57.88601
70.32425
82.76248
91.84250
104.73515
112.13228
12.43824
24.87647
37.31471
49.75295
62.19118
75.34770
84.99274
97.43097
108.89390
121.33214
12.43824
24.87647
31.12754
43.56578
53.87653
66.31477
75.28049
87.71873
100.16566
112.66648
12.43824
25.34185
38.51361
49.36370
61.80194
74.24018
86.67841
99.86542
112.30366
117.71894
12.43824
24.87647
37.31471
49.75319
54.97758
67.41582
80.83763
93.27586
102.71600
115.65674
12.43824
24.87647
37.31471
49.76998
62.20822
73.33701
85.48339
98.36150
106.29750
118.89861
12.43824
24.87647
37.31471
49.75295
62.19118
74.62942
87.23638
99.67462
107.85530
116.94965
12.43824
24.87647
33.87639
40.62538
53.06362
65.50186
77.94009
90.37833
103.56283
116.00106
12.43824
24.87647
37.31471
49.75295
62.19118
74.62942
87.62803
100.75853
113.35731
126.50875
12.43824
24.87647
37.31471
49.69087
62.40289
74.89744
85.72308
92.75305
105.19128
108.33669
12.43824
24.87647
37.31471
50.20508
62.64331
75.65423
88.09246
100.53070
112.96894
124.89352
12.43824
24.87647
37.96975
50.40799
64.23685
76.67509
89.11333
102.26004
115.42041
125.95524
12.43824
24.87647
37.31471
49.75295
62.19118
74.96718
88.05518
101.04750
113.73339
122.25193
12.43824
24.87647
37.31471
49.75295
62.19118
74.93711
87.37534
98.22478
110.90843
123.93908
12.43824
24.87647
37.31471
49.75295
62.19118
74.62942
82.49706
94.93530
105.34879
117.86693
12.43824
24.87647
37.31471
46.49208
58.93031
70.16084
82.59908
95.67501
109.40197
118.58942
12.43824
24.87647
37.31471
49.95860
62.39683
74.83507
87.27331
99.04403
111.48227
125.34676
12.43824
24.87647
37.31471
49.75295
58.01290
66.99926
78.51591
86.74804
99.60043
112.03867
12.43824
25.50250
37.94074
50.37898
62.81721
75.40973
87.84797
100.60914
113.04737
125.79035
12.43824
24.87647
37.31471
50.49268
62.93092
75.36915
87.62874
100.06698
113.10727
126.53259
12.43824
25.14846
37.58669
50.02493
62.46317
74.90140
85.36380
97.80203
110.58133
123.01957
12.43824
24.87647
37.31471
49.75295
62.89919
75.33742
88.13531
101.24692
114.51748
126.95572
12.43824
24.87647
37.31471
50.39749
62.83573
74.74820
87.74705
100.18528
108.70138
120.46596
12.43824
24.87647
37.31471
50.35312
61.38194
73.82018
86.25841
98.98364
106.45071
119.64447
12.43824
24.87647
37.31471
49.82258
62.26081
74.69905
87.88313
96.50726
109.78786
121.37727
12.43824
24.87647
37.31471
49.75295
62.19118
74.70501
87.74468
100.18292
112.62116
125.68977
12.43824
24.87647
37.31471
49.75295
62.26825
75.02403
87.46226
101.29800
114.38869
126.82693
12.43824
24.87647
37.31471
50.29469
62.73292
75.17116
87.60940
100.44610
111.93797
115.02461
12.43824
24.87647
37.53062
49.96886
62.40709
74.84533
84.52183
97.70821
101.11271
115.03676
12.43824
24.87647
37.31471
49.75295
62.72525
68.00860
80.44684
93.33397
105.77221
113.33747
12.43824
24.87647
37.86782
50.30606
61.80598
74.24422
86.68245
99.65262
112.09085
125.19721
12.43824
24.87647
37.31471
49.85509
63.04030
76.22457
88.66280
96.57058
109.12010
121.79915
12.43824
24.87647
37.31471
44.58366
57.02190
69.46013
82.01569
94.45393
107.64045
120.07868
12.43824
24.87647
37.31471
49.75295
62.77494
75.21318
87.65141
100.08965
107.53570
119.97393
12.43824
24.87647
37.31471
49.75295
62.28754
75.14196
87.58020
100.27746
111.76072
124.19895
12.43824
22.94127
35.37950
45.16252
57.60076
70.03900
78.18669
82.20054
93.20472
105.64296
12.43824
24.87647
37.31471
49.75295
62.19118
75.32894
87.76718
100.53075
105.72755
119.12877
12.43824
24.87647
37.31471
49.75295
63.15507
76.32239
89.40432
101.84255
107.83083
114.49494
12.43824
24.87647
37.34200
49.78024
62.21847
74.65671
86.76319
99.94739
105.62978
118.39310
12.43824
24.87647
37.31471
49.75295
62.19118
74.62942
87.73507
100.17330
112.71195
119.59854
12.43824
19.52407
32.68247
45.12070
55.39608
67.83432
80.27255
92.71079
98.02108
110.45931
12.43824
24.87647
37.31471
42.39733
54.83557
67.87697
80.95650
93.39474
105.93809
108.10699
12.43824
22.50792
24.53585
36.97408
49.63602
62.07426
74.51249
82.69819
88.44867
102.15778
12.43824
24.87647
37.31471
49.75295
62.89910
74.65603
87.09427
99.53250
112.06942
124.50766
12.43824
24.87647
33.01759
45.45583
57.89406
67.72223
80.16047
92.78130
106.28443
117.93371
12.43824
25.44293
37.88116
49.69516
62.73979
75.17802
87.61626
100.05449
112.97985
126.11369
12.43824
24.87647
37.31471
49.75295
62.78335
75.22159
87.65983
100.17153
104.05357
116.51612
12.43824
24.87647
37.31471
50.10611
62.54435
70.92413
79.42444
91.86267
104.31070
116.74893
12.43824
24.87647
37.31471
47.75712
60.19536
72.19817
84.63640
97.07464
103.95948
116.39771
12.43824
24.87647
37.31471
49.75295
62.72233
75.16056
86.61370
95.19517
108.16287
121.97162
12.43824
25.62527
38.06351
50.50174
62.93998
76.39260
88.83084
92.48369
104.92193
118.10214
12.43824
24.87647
38.02507
50.46331
62.90155
71.81112
84.24935
96.68759
109.12583
121.56406
12.43824
24.87647
37.66764
50.10588
55.40141
67.83964
79.79316
92.23140
105.14286
117.58109
12.43824
24.87647
37.63953
50.13565
62.57389
75.01213
87.45036
100.40071
111.14374
123.64664
12.43824
24.87647
37.32824
44.33651
56.77474
69.21298
81.65121
94.08945
106.52769
119.59999
12.43824
24.87647
37.31471
49.75295
62.19118
75.25002
87.68826
98.59742
110.17911
123.27226
12.43824
24.87647
37.31471
49.75295
61.64090
74.07913
87.06521
99.67217
112.11041
125.55329
12.43824
24.87647
37.31471
49.75295
62.19118
74.62942
87.34609
99.78433
102.85513
115.37834
12.43824
24.87647
37.31471
49.75295
62.19118
74.62942
87.74197
92.17848
105.12462
117.56286
12.43824
24.87647
37.31471
49.75295
62.65695
75.09519
87.53342
100.18175
112.77382
118.88687
12.43824
25.59675
38.03499
43.81404
56.25228
68.69051
81.57742
94.77252
107.95955
120.39779
12.43824
24.87647
37.31471
49.75295
62.32417
74.76241
87.20064
100.12168
111.13451
124.29725
12.43824
24.87647
37.31471
49.75295
62.19118
75.37544
79.79424
92.23248
103.57800
116.01624
12.43824
24.87647
37.53280
49.97103
62.40927
74.84751
87.28574
100.33137
112.76961
121.77245
12.43824
24.87647
36.14223
48.58046
61.46562
66.02048
78.45872
90.89695
103.53499
116.85454
12.43824
24.87647
33.81954
46.25778
58.69601
71.13425
83.98010
92.40717
105.31552
117.75376
12.43824
24.87647
37.31471
50.13216
62.57039
75.00863
87.83689
100.60091
114.32573
126.76397
12.43824
24.89589
37.33412
50.38513
62.82337
75.26160
88.53054
100.96878
113.16361
126.20420
12.43824
24.87647
37.31471
49.75295
62.19118
74.62942
79.24264
92.05001
105.48532
118.42707
12.43824
24.87647
37.31471
49.75295
62.20655
74.64479
87.08302
99.52126
111.95949
124.96295
12.43824
24.87647
37.31471
45.98902
58.42726
70.18844
75.73103
88.90249
101.34073
114.56052
12.43824
24.87647
37.98857
50.42681
61.67527
74.11351
86.55174
98.93100
111.36924
124.93943
12.43824
25.42570
37.86394
50.66643
63.10467
75.54291
88.71211
101.53779
114.07485
119.98933
12.43824
24.87647
37.89017
50.32841
62.76665
75.66089
88.61571
101.05394
113.75485
126.94170
12.43824
24.87647
37.31471
49.91255
63.01050
76.05920
89.17285
101.61109
114.81057
126.28145
12.43824
24.87647
34.97109
47.40933
58.16059
70.59883
83.24556
95.50822
108.35051
118.24458
12.43824
24.87647
37.31471
49.75529
62.19977
67.41327
71.80157
84.23980
97.41921
99.41249
12.43824
18.00350
29.35430
41.79254
54.23078
63.23412
74.87713
87.31537
99.75360
112.19184
12.43824
24.87647
34.37594
46.81417
59.99593
72.45138
84.88962
97.32786
108.53440
120.21915
12.43824
24.87647
38.06020
50.49844
62.93667
75.37491
87.81315
100.51590
113.39668
121.46966
12.43824
24.87647
37.31471
50.49784
63.85657
76.29481
89.07800
101.51623
114.18904
126.62728
12.43824
24.87647
38.06346
50.50170
62.93994
67.15301
79.59125
92.73923
105.17747
117.98464
12.43824
24.87647
37.31471
49.75295
62.19118
74.62942
87.06765
96.61953
109.05777
121.49600
12.43824
24.87647
37.31471
49.75295
62.19118
69.99146
82.47760
95.69682
108.13505
121.67628
12.43824
24.87647
37.31471
49.89634
62.33458
74.77282
87.21105
99.84750
112.28574
123.50082
12.43824
24.87647
37.99537
50.43361
63.72358
72.08689
84.52512
97.65022
108.04771
120.48594
12.43824
24.87647
37.31471
49.75295
62.19118
74.62942
87.62912
100.06735
112.57906
125.44911
12.43824
25.02138
37.45962
49.89785
63.12579
75.56403
82.79906
89.87990
102.31813
114.75637
12.43824
24.87647
37.31471
49.75295
62.19118
74.62942
87.06765
99.83218
112.27042
124.84815
12.43824
25.51442
37.95266
50.39090
62.82913
75.26737
87.70561
100.15409
112.59232
125.74220
12.43824
24.87647
37.31471
49.75295
62.41347
74.35551
86.79374
95.58895
108.63004
121.06827
12.43824
24.87647
38.04211
43.86032
56.29855
68.73679
75.95805
87.82880
100.84617
113.28441
12.43824
24.87647
37.31471
48.38121
60.81945
73.25768
86.69760
99.13583
112.26174
124.69997
12.43824
24.87647
37.31471
49.75295
62.88812
75.32636
88.18740
101.26688
113.70512
124.23936
