12.43824
24.87647
37.31471
49.75295
58.70714
71.89419
84.33243
87.14604
91.53247
103.99623
12.43824
24.87647
37.31471
49.56603
62.30151
74.73975
84.99573
98.15292
105.76571
114.06590
12.43824
24.87647
37.31471
49.75295
54.90572
66.61167
79.77895
92.47520
100.82024
110.77026
12.43824
24.87647
37.31471
43.38979
53.82708
66.26532
75.74878
82.83729
94.39456
107.33466
12.43824
18.50640
30.94463
43.38287
55.82110
68.25934
74.52031
82.42988
90.25278
102.20640
12.43824
24.87647
37.31471
49.16000
58.56206
63.34634
75.78458
88.94979
98.35494
103.35326
12.43824
24.87647
37.31471
49.75295
54.18496
57.10235
70.85721
78.41916
78.94112
83.79456
12.43824
24.87647
37.89777
50.33601
62.77425
75.24499
84.68156
97.11980
107.30108
120.54982
12.43824
24.87647
30.84329
43.28153
52.21581
64.65405
70.16579
78.68452
91.12276
91.50223
12.43824
14.35039
26.76780
30.25962
42.69785
55.73570
68.85103
82.00711
94.44534
97.61533
12.43824
24.87647
37.31471
49.75295
49.93805
63.02691
75.74751
88.18575
90.70630
95.35610
12.43824
24.87647
34.25123
46.68947
59.83328
71.95763
84.39586
84.46814
97.62847
109.22972
12.43824
24.87647
37.31471
49.75295
62.56567
75.24300
85.99314
96.94630
99.36141
112.33818
12.43824
24.87647
27.11237
32.68845
45.12669
57.56492
70.14753
83.29284
91.26774
103.70598
12.43824
21.39452
33.83275
46.27099
59.19228
69.29605
72.51098
85.64887
91.06377
103.85179
12.43824
24.87647
30.93500
44.10257
52.00858
64.56820
71.80613
72.00656
84.69190
88.04284
12.43824
24.87647
37.31471
50.48702
62.92526
75.36350
88.37870
100.83100
106.39503
117.35716
12.43824
24.87647
36.41827
41.33674
51.96709
64.40533
77.51909
90.67370
103.16294
112.15751
12.43824
24.87647
37.31471
49.75295
62.19118
69.55553
82.71939
95.49927
106.76879
116.57273
12.43824
25.09105
38.27770
50.71593
63.15417
73.20123
85.63947
92.33166
101.81299
114.39011
12.43824
24.87647
37.51366
49.95189
62.94011
75.37834
75.78229
88.22052
91.85780
94.80490
12.43824
24.87647
30.21832
32.32130
44.75953
50.80409
63.24233
76.01314
88.91522
98.59090
12.43824
24.87647
37.56882
44.32592
57.31222
69.75046
82.18870
88.32141
101.63358
105.81206
12.43824
24.87647
37.31471
49.75295
53.08935
59.14439
70.62458
84.07281
97.24231
109.68055
12.43824
25.44121
37.87944
50.31768
63.40401
74.27692
87.27619
97.41054
97.63562
110.07386
12.43824
24.87647
37.31471
38.20307
50.64131
63.07955
73.65451
87.41498
100.59713
108.46940
12.43824
25.11815
37.55639
50.71903
63.15727
75.59551
80.34710
81.31573
95.10967
108.04304
12.43824
24.87647
37.31471
49.75295
51.25941
64.41811
71.73459
74.82839
87.61170
92.33649
12.43824
24.87647
37.31471
44.79853
57.23677
57.91439
69.76831
82.20655
88.62346
95.09885
12.43824
24.87647
37.31471
41.11413
48.10144
60.53967
72.97791
84.88269
88.27269
100.36719
12.43824
24.87647
37.31471
44.76500
57.20324
69.64147
82.81959
87.90637
100.53247
102.90265
12.43824
25.51873
37.95696
50.39520
62.83343
72.34249
79.86960
92.30784
104.94806
116.38746
12.43824
24.87647
37.45562
49.89386
62.43872
75.43594
87.87418
98.94629
109.53002
117.92289
12.43824
24.87647
30.99658
37.43277
49.87101
62.30924
71.25141
82.54969
82.71784
85.89513
12.43824
24.87647
37.24329
43.10212
56.10789
68.54613
70.60884
83.77162
91.54874
91.67421
12.43824
24.87647
37.31471
50.50154
63.55587
68.42950
78.99259
85.09381
96.05090
97.74908
12.43824
22.99186
35.43010
47.86833
53.01882
60.78033
73.64679
87.45359
89.59846
101.27790
12.43824
24.87647
37.31471
46.00637
58.72163
67.83762
80.27586
83.51666
94.08348
107.73838
12.43824
24.87647
37.31471
50.30613
62.74436
75.18260
81.05549
84.44126
88.56218
101.67392
12.43824
24.87647
37.31471
49.75295
59.64975
72.26097
73.83305
86.55161
99.93591
113.00966
12.43824
24.87647
37.31471
49.75295
60.14129
68.84221
81.28044
91.07549
91.49403
104.29581
12.43824
16.91363
29.35187
36.87706
49.73786
62.17610
65.09464
66.83038
76.28772
88.47516
12.43824
24.87647
37.92616
50.36440
62.80264
72.09642
84.53466
96.97289
98.91390
104.10880
12.43824
24.87647
37.31471
49.75295
62.48803
75.24098
77.39202
90.21407
95.63111
100.42551
12.43824
24.87647
37.33154
49.76978
62.20801
73.78268
74.74120
80.92330
85.77543
89.56289
12.43824
24.87647
37.52049
49.36184
61.80008
74.23831
75.14837
88.15927
101.34601
101.47027
12.43824
16.10160
21.28366
33.72189
37.14965
49.58788
61.85426
74.29250
74.38799
86.82622
12.43824
24.87647
37.59216
44.73577
57.17400
70.52152
75.44528
79.68605
92.00945
92.23905
12.43824
24.87647
-1.00000
-1.00000
-1.00000
-1.00000
-1.00000
-1.00000
-1.00000
-1.00000
12.43824
24.87647
37.31471
50.02072
56.58770
68.65761
78.35333
91.27931
93.12400
106.06203
12.43824
24.87647
32.35895
44.79718
57.29456
64.17295
76.82767
88.91829
99.19377
110.95120
12.43824
22.51317
34.95140
42.14680
55.28522
68.29882
80.73705
93.17529
103.57562
116.01385
12.43824
24.87647
37.05909
49.49732
50.94746
63.38570
75.90768
88.34591
88.96916
99.97547
12.43824
24.87647
37.31471
51.17247
64.24451
69.15746
73.53353
74.57404
87.69635
100.13459
12.43824
24.87647
37.99905
51.15830
63.59654
76.74557
77.65210
90.09033
91.68236
104.69786
12.43824
24.87647
37.31471
43.45193
43.71717
56.82577
63.89007
65.58757
69.26720
72.90347
12.43824
25.41736
37.85559
50.29383
62.73207
76.20096
88.91747
91.83933
105.02627
114.32738
12.43824
24.87647
37.43432
50.59394
63.38858
73.89851
86.33675
99.27888
111.71712
124.73100
12.43824
24.87647
31.14836
43.58660
46.59916
59.03740
68.53923
81.34342
82.12111
94.55935
12.43824
24.87647
37.19113
50.22336
62.66159
75.83016
88.26840
91.39409
91.58290
104.76899
12.43824
24.87647
37.31471
45.56282
58.00106
70.43929
82.87753
94.82698
100.97796
105.62114
12.43824
25.23047
37.66871
50.57554
62.20734
74.26921
86.70744
96.44722
104.46826
105.13494
12.43824
24.87647
37.31471
49.75295
58.89528
71.33352
82.56769
91.18550
103.62373
104.45555
12.43824
25.34530
37.78354
50.22177
54.56607
59.06698
65.38310
77.82134
83.93669
96.28325
12.43824
24.87647
37.31471
49.75295
62.79036
75.22859
81.42114
84.55081
94.62218
107.06041
12.43824
24.87647
37.31471
49.83533
61.70725
74.14549
87.81185
97.85222
106.18340
108.88967
12.43824
24.87647
37.31471
43.21569
55.65393
68.58290
80.64455
93.08278
105.79285
118.23108
12.43824
24.87647
37.31471
49.75295
63.53006
76.68783
89.12607
93.87635
99.12788
110.37736
12.43824
25.29574
37.73397
50.85821
63.29645
72.57489
73.71691
86.15514
98.64463
109.61023
12.43824
24.87647
37.31471
49.75295
59.51908
72.61040
85.18186
98.38956
110.82780
117.46261
12.43824
24.87647
37.56089
49.99912
60.73421
62.36529
74.80353
85.38010
97.79265
110.04498
12.43824
24.87647
29.89696
42.33520
54.77343
67.85012
80.99454
91.17001
103.77355
116.21179
12.43824
24.87647
37.61552
44.92676
57.36499
69.80323
82.95609
95.14060
100.39259
113.41006
12.43824
21.95627
34.39451
47.50679
59.94503
72.38327
80.06303
93.52319
94.07247
102.73438
12.43824
24.87647
37.31471
49.75295
59.14751
71.31603
71.41854
84.20234
96.64836
103.51691
12.43824
24.87647
37.31471
49.75295
62.89603
67.54465
79.19636
91.63460
104.81163
116.98954
12.43824
24.87647
37.31471
43.72575
56.16399
57.41567
70.60250
84.15779
97.34185
102.43418
12.43824
24.87647
38.04226
50.48050
55.90257
68.34080
80.77904
93.46656
105.90480
118.08219
12.43824
15.20695
27.64518
40.08342
52.52166
64.95989
78.14665
90.58489
95.09431
95.22799
12.43824
24.87647
36.77866
45.70291
58.14115
70.88463
83.11536
95.55359
102.22301
113.44273
12.43824
24.87647
37.31471
50.38278
60.64839
73.08663
85.52486
98.70678
111.20386
118.06765
12.43824
24.87647
31.70694
44.14518
46.92449
59.36273
72.26303
82.14857
95.16084
98.50711
12.43824
24.87647
37.41376
49.89592
63.08296
63.77460
66.85907
75.09075
87.88216
87.92235
12.43824
17.75264
19.06023
31.49847
43.93671
56.03979
66.21158
79.05116
91.48939
98.73245
12.43824
24.87647
37.13719
49.57542
62.74216
75.18040
88.33884
101.37328
111.23937
121.03846
12.43824
24.87647
33.63731
38.68639
51.12463
63.56287
76.00110
84.42816
96.34217
105.63434
12.43824
24.87647
37.31471
50.15616
52.54527
64.98351
74.82785
87.26608
90.31776
101.76289
12.43824
24.87647
37.53525
49.97348
62.41172
63.74952
74.96118
88.07011
101.18320
107.41136
12.43824
23.45847
35.89670
48.33494
60.12828
72.56652
85.00476
88.13408
88.27311
100.71135
12.43824
24.87647
37.84353
50.94154
55.39607
57.23070
70.38645
83.11608
95.55431
102.11818
12.43824
24.87647
37.31471
50.44604
62.99101
75.42924
78.92767
91.03503
103.47327
106.46003
12.43824
24.87647
37.31471
50.33113
62.76937
75.06664
87.50488
99.94312
101.11364
105.47748
12.43824
24.87647
37.31471
50.34636
62.64075
75.07899
77.00246
90.65790
93.17125
105.94224
12.43824
25.58890
38.02714
44.69839
57.16906
69.60730
75.63227
75.85975
88.92876
101.49219
12.43824
24.87647
37.31471
50.47285
62.91108
75.34932
76.73315
86.54664
98.98488
110.67721
12.43824
24.87647
37.63063
50.06886
62.87656
74.64548
86.72827
91.50921
104.55410
105.76531
12.43824
24.87647
29.73494
42.17318
53.42259
63.53992
76.00365
82.35433
93.02637
101.92935
12.43824
24.87647
37.63885
44.31906
57.29098
69.72922
78.81551
91.48954
101.56775
114.00599
12.43824
25.00234
37.44058
47.24218
59.68042
72.11865
81.06057
90.75543
104.39678
116.83502
12.43824
24.87647
37.31471
49.75295
60.75047
71.55382
83.73200
85.34715
88.41828
94.14380
