12.43824
24.87647
37.31471
49.75295
62.26647
74.70471
87.14294
91.94366
99.20513
111.64337
12.43824
24.87647
37.31471
49.92102
62.35926
74.79749
87.92232
100.40932
111.48703
123.49879
12.43824
24.87647
37.31471
49.75295
58.12374
71.08250
83.52073
95.95897
108.00861
121.47780
12.43824
24.87647
37.31471
46.92213
60.08225
72.52049
85.35160
95.57784
108.60570
121.04394
12.43824
22.03679
34.47502
46.91326
59.35149
71.78973
81.63165
93.29301
104.87195
117.68739
12.43824
24.87647
37.31471
50.47418
63.26216
71.10798
83.54622
95.98445
108.45680
118.58425
12.43824
24.87647
37.31471
49.75295
57.08241
62.05210
74.49034
85.81145
87.92885
95.87428
12.43824
24.87647
37.31471
49.75295
62.19118
74.65095
87.24275
99.68099
112.87295
125.31119
12.43824
24.87647
34.34488
46.78311
59.28315
71.72139
80.41625
92.60800
105.04624
106.51086
12.43824
15.74164
28.23185
39.13423
51.57247
64.01070
76.44894
88.88718
101.32541
106.70297
12.43824
24.87647
37.31471
49.75295
50.07712
62.51536
75.28138
87.71962
92.03963
99.68981
12.43824
24.87647
37.64951
50.08775
62.52598
75.22478
87.66302
87.78956
100.22780
113.23656
12.43824
24.87647
37.31471
49.75295
62.19118
74.62942
87.81628
100.99565
105.03136
117.46959
12.43824
24.87647
28.72346
37.67597
50.11420
62.55244
74.99067
87.42891
99.15123
111.58946
12.43824
24.95315
37.39139
49.82963
62.26786
75.35257
80.80157
93.23980
105.45304
117.89127
12.43824
24.87647
34.46267
46.90091
58.55888
70.99711
84.74681
85.58730
98.02554
103.12392
12.43824
24.87647
37.31471
49.75295
62.19118
74.62942
87.06765
99.50589
108.44216
121.61915
12.43824
24.87647
37.91080
45.94940
59.13133
71.56957
84.00781
96.44604
108.89709
120.90735
12.43824
24.87647
37.31471
49.75295
62.19118
73.30752
85.74576
98.18399
111.30928
124.28875
12.43824
24.87647
37.31471
49.75295
62.19118
75.25859
87.69683
98.06193
110.89194
123.33018
12.43824
24.87647
37.31471
49.75295
62.19118
74.62942
75.45384
87.89208
98.51554
103.53334
12.43824
24.87647
33.50980
37.13439
49.57262
59.14099
71.57923
84.01746
96.45570
108.97968
12.43824
24.87647
37.31471
47.75611
60.19435
72.63258
85.07082
94.75141
107.18964
113.56388
12.43824
24.87647
37.31471
49.75295
55.39590
64.97757
78.03622
90.47446
102.91270
115.35093
12.43824
24.87647
37.31471
49.75295
62.19118
75.37597
87.81421
100.64481
101.01117
113.44941
12.43824
24.87647
37.31471
38.86411
51.30235
63.74059
76.78662
89.22485
101.66309
113.28911
12.43824
24.87647
37.31471
49.75295
62.19118
74.62942
82.42781
84.11626
96.55450
108.99274
12.43824
24.87647
37.31471
49.75295
52.36775
64.80599
78.45208
83.49608
95.93431
102.94987
12.43824
24.87647
37.31471
48.55567
60.99391
62.17729
75.30378
87.74202
97.97943
108.08557
12.43824
24.87647
37.31471
43.68406
54.38917
66.82741
79.26565
92.37592
98.10370
111.08733
12.43824
24.87647
37.31471
48.52096
60.95919
73.39743
85.83567
93.85636
106.58081
110.73620
12.43824
24.87647
37.31471
49.75295
62.19118
75.03539
86.32101
98.75924
111.19748
124.39408
12.43824
24.87647
37.31471
49.75295
62.19118
74.62942
87.06765
100.25455
113.56674
125.65636
12.43824
24.87647
34.54106
44.59927
57.03750
69.47574
81.98105
95.16516
95.86721
101.25595
12.43824
24.87647
37.39994
46.72800
59.25043
71.68866
75.24568
87.68392
100.72295
101.24877
12.43824
24.87647
37.31471
49.75295
62.19118
70.16560
83.34184
95.33487
108.51392
114.60297
12.43824
25.61352
38.05176
50.48999
58.85727
70.37679
82.81502
95.25326
98.60570
111.57770
12.43824
24.87647
37.31471
49.64052
62.07875
74.69838
87.13662
92.08480
105.26142
117.69965
12.43824
24.87647
37.31471
49.75295
62.19118
74.62942
83.97579
89.69702
96.55903
108.99727
12.43824
24.87647
37.31471
49.75295
62.76854
75.20678
77.93326
90.37150
102.80974
115.24797
12.43824
24.87647
37.31471
49.75295
62.66100
74.99363
87.43186
100.40760
101.97724
114.41547
12.43824
19.83187
32.27011
43.55357
55.99180
68.43004
73.40148
76.11466
88.93214
101.58525
12.43824
24.87647
37.31471
49.75295
62.19118
74.91844
87.35667
99.79491
103.14705
111.57525
12.43824
24.87647
37.31471
49.75295
62.19118
74.62942
78.33464
90.77287
99.00449
106.15302
12.43824
24.87647
37.34444
49.78268
62.22091
75.36999
77.04161
86.78466
94.72820
101.07904
12.43824
24.87647
37.31471
50.19932
62.63755
75.07579
76.66335
89.10158
101.53982
101.73811
12.43824
18.59592
27.00744
39.44567
45.23320
57.67143
70.26677
82.70501
83.11171
95.54994
12.43824
24.87647
37.31471
47.70483
60.14306
72.58130
80.62753
87.67080
100.22476
100.62684
12.43824
24.87647
25.70289
38.14113
51.13768
63.57591
66.82360
74.04064
80.59404
82.55723
12.43824
24.87647
37.31471
49.75295
59.96933
72.70667
85.63996
98.07820
101.26760
113.70584
12.43824
24.87647
36.11621
48.55445
60.99269
71.57408
84.01232
96.73508
110.38450
123.55498
12.43824
25.51431
37.95255
48.88814
61.32638
73.76461
86.20285
98.64109
111.55815
123.99639
12.43824
24.87647
37.53313
49.97137
52.48900
64.92723
77.36547
89.80370
91.65763
104.83162
12.43824
24.87647
37.31471
49.75295
62.19118
70.22214
79.68750
81.61375
94.05199
106.49022
12.43824
24.87647
37.31471
49.75295
62.19118
74.62942
76.16663
88.60487
91.64724
104.08548
12.43824
24.87647
37.31471
47.00110
48.11190
60.55014
71.34141
74.28108
80.42038
87.79990
12.43824
24.87647
37.31471
49.75295
62.19118
74.62942
87.06765
91.54060
103.97884
116.91239
12.43824
24.87647
37.31471
49.75295
62.19118
75.49978
87.93801
100.37625
112.81449
125.25272
12.43824
24.87647
34.73225
47.17048
52.29413
64.73236
77.10634
89.54458
92.59828
105.03651
12.43824
24.87647
37.43671
49.87495
62.31318
74.75142
87.18966
97.07593
97.79152
110.22976
12.43824
24.87647
37.31471
49.28185
61.72009
74.15833
86.59656
99.41468
108.81844
116.45911
12.43824
24.87647
37.31471
49.75295
62.74782
75.49070
87.92894
100.81297
112.81529
115.46878
12.43824
24.87647
37.31471
49.75295
62.38933
74.82756
88.00274
100.27218
112.71042
115.93140
12.43824
24.87647
37.31471
49.75295
56.95159
63.96537
76.81547
89.25370
98.91225
111.51541
12.43824
24.87647
37.31471
49.75295
62.19118
74.62942
84.38563
89.69802
102.77300
115.21124
12.43824
24.87647
37.31471
49.75295
62.61947
75.05771
87.49594
100.56122
113.16794
122.26600
12.43824
24.87647
37.31471
46.69762
59.13585
71.57409
84.31708
96.75532
109.55368
121.99192
12.43824
24.87647
37.31471
49.75295
62.19118
74.62942
87.06765
94.86402
106.17180
119.30211
12.43824
24.87647
37.31471
49.75295
62.19118
74.90954
77.41508
89.85332
102.29155
115.64290
12.43824
24.87647
37.31471
49.75295
62.30905
74.74728
87.18552
99.65031
112.08855
123.00397
12.43824
24.87647
37.31471
49.75295
62.93958
65.76719
78.20543
91.38297
103.87619
116.48177
12.43824
24.87647
33.06106
45.49930
57.93754
70.37577
82.81401
95.91877
108.35701
120.79525
12.43824
24.87647
37.31471
47.96165
60.39989
72.83812
85.27636
97.93164
110.08132
122.51956
12.43824
25.28702
37.72526
50.16349
62.60173
75.03997
88.47559
100.91383
103.00429
115.30744
12.43824
24.87647
37.31471
49.75295
62.20139
74.86830
75.26333
87.70156
100.13980
109.87809
12.43824
24.87647
37.31471
49.75295
62.19118
70.13466
83.12008
95.55831
107.99655
121.01958
12.43824
24.87647
37.31471
47.34218
59.78042
61.95747
74.39570
86.83394
99.27217
107.46761
12.43824
24.87647
37.31471
49.75295
58.49645
70.93468
83.37292
96.19245
108.63069
121.47665
12.43824
17.16566
29.60390
42.04213
54.48037
66.91861
79.35684
91.79508
99.07632
99.31200
12.43824
24.87647
37.72448
50.21757
62.65581
75.09405
87.72240
100.16064
110.30696
123.56837
12.43824
24.87647
37.31471
49.75295
62.87999
75.31823
87.75646
100.19470
112.86333
126.33342
12.43824
24.87647
35.40281
47.84104
52.58582
65.02406
77.46229
90.32149
102.75973
110.45443
12.43824
24.87647
37.31471
49.75295
62.19118
63.41654
68.65617
80.02298
92.46122
92.63983
12.43824
21.03373
23.30681
35.74504
48.18328
60.89731
74.00108
86.43931
98.87755
109.86451
12.43824
24.87647
37.47592
49.91415
62.35239
74.79063
87.22886
99.66710
112.30815
126.09734
12.43824
24.87647
37.25338
45.47783
57.91607
70.35431
82.79254
94.63599
107.76713
120.69278
12.43824
24.87647
37.31471
49.75295
53.85536
66.29360
79.28919
91.72742
96.91439
109.98587
12.43824
24.87647
37.31471
49.75295
62.19118
65.59275
78.73196
91.17020
103.60843
114.01539
12.43824
25.61060
38.04883
50.48707
63.39917
75.83741
88.27565
93.49827
93.74178
106.18002
12.43824
24.87647
37.31471
49.75295
57.11607
60.28849
72.72673
85.16496
97.60320
107.83011
12.43824
24.87647
37.31471
49.75295
62.19118
74.62942
80.52855
93.23954
105.67778
115.45389
12.43824
24.87647
37.31471
49.75295
62.19118
75.11256
87.55080
99.98904
102.02638
112.67115
12.43824
24.87647
37.31471
49.75295
62.32781
74.76605
78.08870
90.52693
94.49665
106.93489
12.43824
24.87647
37.31471
47.65514
60.11492
72.55315
82.09657
83.05035
95.48858
107.92682
12.43824
24.87647
37.31471
49.75295
62.19118
74.62942
77.24157
90.20593
102.64417
115.60976
12.43824
24.87647
37.31471
49.75295
62.19118
75.30184
88.03014
95.87085
108.30908
112.47232
12.43824
24.87647
32.82911
45.26735
58.39768
71.48635
83.92459
93.87785
107.03571
119.51439
12.43824
24.87647
37.31471
47.66570
60.10393
72.54217
85.14299
97.58122
110.65826
123.09650
12.43824
24.87647
37.31471
50.18045
62.61868
75.05692
87.56211
100.49503
112.93326
125.37150
12.43824
24.87647
37.31471
49.75295
62.92792
76.11476
88.77463
91.57418
96.79246
105.94505
