12.43824
24.87647
37.31471
49.75295
59.43016
72.52722
84.96546
90.75633
98.27752
110.71575
12.43824
24.87647
37.31471
50.35143
62.78967
75.22790
86.20647
99.57216
108.11120
117.46699
12.43824
24.87647
37.31471
49.75295
58.44066
71.22134
84.26796
96.70620
106.06699
118.16292
12.43824
24.87647
37.31471
44.22925
56.10057
68.53880
79.27734
87.08591
99.51916
112.70617
12.43824
19.26907
31.70731
44.14555
56.58378
69.02202
76.14658
86.30392
94.80111
107.63135
12.43824
24.87647
37.31471
49.61500
60.01779
68.17347
80.61171
93.14189
103.34162
109.25618
12.43824
24.87647
37.31471
49.75295
54.58436
59.07893
71.83001
82.03749
83.71392
89.70723
12.43824
24.87647
37.40055
49.83879
62.27702
75.25554
85.11708
97.55532
109.43497
122.74075
12.43824
24.87647
31.69252
44.13076
54.12378
66.56202
73.85365
82.72954
95.16778
97.32656
12.43824
20.51201
33.30785
37.47044
49.90868
62.82389
76.00797
88.87861
101.31685
108.45505
12.43824
24.87647
37.31471
49.75295
52.66442
65.84225
78.96777
91.40601
94.20053
99.19038
12.43824
24.87647
34.94613
47.38437
60.57134
73.56100
85.99924
95.68679
108.85985
120.55937
12.43824
24.87647
37.31471
49.75295
62.92088
75.39397
87.77210
99.31950
102.28818
115.47324
12.43824
24.87647
29.76478
35.79113
48.22936
60.66760
73.68154
86.44953
95.35536
107.79359
12.43824
22.64844
35.08667
47.52491
59.96876
71.14895
74.68239
87.76365
96.09614
109.27689
12.43824
24.87647
31.77628
44.62410
53.12792
65.56616
76.20994
76.81976
89.25800
101.04243
12.43824
24.87647
37.31471
50.33653
62.77477
75.21301
87.70883
100.14707
107.37403
119.63448
12.43824
24.87647
37.21376
43.64410
54.64270
67.08094
80.23280
93.12825
106.06086
116.14105
12.43824
24.87647
37.31471
49.75295
62.19118
70.07704
83.10806
96.08696
108.12391
119.14368
12.43824
25.50159
38.45641
50.89464
63.33288
74.32262
86.76086
97.41298
107.59618
120.35663
12.43824
24.87647
38.02051
50.45875
63.62810
76.06634
82.62389
95.06212
100.22267
104.82626
12.43824
24.87647
33.82328
38.03264
50.47088
59.92792
72.36616
85.66389
98.18759
109.21155
12.43824
24.87647
37.31471
46.19261
59.36447
71.80271
84.24094
93.93815
107.08194
111.61817
12.43824
24.87647
37.31471
49.75295
53.46730
60.48746
72.59450
85.14447
97.94593
110.38416
12.43824
25.12564
37.56388
50.00211
62.69522
74.29780
86.73951
96.56021
100.38883
112.82707
12.43824
24.87647
37.31471
39.66382
52.10206
64.54029
75.43924
88.76178
101.49878
110.34566
12.43824
24.87647
37.31471
50.46379
62.90203
75.34026
83.90939
87.21353
100.39473
113.06257
12.43824
24.87647
37.31471
49.75295
55.30581
68.18058
77.13844
81.59791
94.74894
99.85291
12.43824
24.87647
37.31471
45.31176
57.75000
61.79955
74.18069
86.61893
94.91578
103.70418
12.43824
24.87647
37.31471
41.76271
49.39681
61.83504
74.27328
86.68812
93.51765
106.32635
12.43824
24.87647
37.31471
45.84000
58.27823
70.71647
83.66004
89.15494
102.10387
109.44692
12.43824
25.59883
38.03707
50.47530
62.91354
73.39764
82.38184
94.82007
107.89342
120.46037
12.43824
24.87647
37.31471
49.75295
62.19118
74.69333
87.13156
100.22070
112.03677
121.81351
12.43824
24.87647
31.98421
40.43807
52.87631
65.31454
74.49782
86.50666
88.74455
93.57611
12.43824
24.87647
37.74694
44.45743
57.55007
69.98831
73.28622
86.36499
97.22305
97.39865
12.43824
24.87647
37.31471
50.24222
62.79291
69.81397
81.34168
89.62362
101.53757
103.98457
12.43824
24.16683
36.60506
49.04330
54.88292
64.77236
77.27223
91.07517
96.61651
109.18099
12.43824
24.87647
37.31471
47.52062
59.95886
70.13273
82.57096
87.42112
98.92896
112.24602
12.43824
24.87647
37.31471
50.47953
62.91776
75.35600
82.12061
86.72910
91.84576
104.96153
12.43824
24.87647
37.31471
49.75295
60.78370
73.22194
77.69702
90.17532
103.25812
116.42953
12.43824
24.87647
37.31471
49.75295
61.19694
71.17831
83.61654
94.92193
95.64148
108.13140
12.43824
17.51583
29.95407
39.48536
51.92360
64.36183
68.03600
76.89480
86.74259
99.74855
12.43824
24.87647
37.46948
49.90771
62.34595
72.61975
85.05799
97.49623
100.96974
108.74559
12.43824
24.87647
37.31471
49.75295
63.16357
75.60181
79.46459
91.90283
98.16627
104.50830
12.43824
24.87647
37.75901
50.19724
62.63548
75.03784
76.62689
83.76782
90.20040
94.48656
12.43824
24.87647
37.80774
50.24382
62.68206
75.12030
78.32313
90.79098
103.77645
109.81898
12.43824
16.52101
22.52901
34.96725
38.92601
51.36425
64.23765
76.67589
77.82037
90.25861
12.43824
24.87647
37.31471
46.27057
58.70880
71.27129
78.14730
82.71699
95.47356
98.98549
12.43824
24.87647
28.53995
40.97819
53.48472
65.92296
67.88384
72.54078
75.41999
78.88360
12.43824
24.87647
37.31471
50.41501
58.02636
70.84522
83.35200
96.51883
99.79872
112.98517
12.43824
24.87647
34.57786
47.01609
59.45433
67.50423
79.94247
92.33904
104.48134
117.90208
12.43824
23.30592
35.74415
43.42115
56.53797
69.18242
81.62066
94.05890
105.21883
117.65707
12.43824
24.87647
37.57336
50.01160
52.51829
64.95653
77.39477
89.83300
91.92176
103.87818
12.43824
24.87647
37.31471
51.21667
63.86384
69.73127
75.67663
83.08335
95.74593
108.18417
12.43824
24.87647
37.67935
50.66123
63.09947
76.20760
79.76819
92.20643
95.76661
108.51872
12.43824
24.87647
37.31471
44.88748
51.25513
63.93098
71.90849
74.00507
79.83429
84.40229
12.43824
25.57168
38.00991
50.44815
62.88639
76.08940
88.52764
92.66483
105.73944
116.72370
12.43824
24.87647
37.31471
50.06248
63.19593
75.36334
87.80158
100.35926
112.79750
125.31697
12.43824
24.87647
33.34114
45.77938
50.53824
62.97647
73.46563
86.61273
87.84623
100.28447
12.43824
24.87647
37.86933
51.04257
63.48081
76.59686
89.03509
95.60621
97.20896
110.25131
12.43824
24.87647
37.31471
47.53574
59.97397
72.41221
84.85045
97.79733
105.01964
110.40241
12.43824
24.91045
37.34869
49.78693
61.97812
74.59848
87.03672
97.48751
107.92803
114.54899
12.43824
24.87647
37.31471
49.75295
60.09507
72.53330
84.11023
93.55110
105.98934
107.75146
12.43824
24.89714
37.33538
49.77361
54.52259
60.16403
70.14640
82.58464
89.53402
103.12532
12.43824
24.87647
37.31471
49.75295
62.93454
75.37277
86.51822
92.81230
103.64053
116.07876
12.43824
24.87647
37.31471
49.75295
61.85036
74.28860
87.47746
98.23549
108.40093
116.91898
12.43824
24.87647
37.31471
43.80520
56.24344
69.42105
82.26200
94.70024
108.12829
120.56652
12.43824
24.87647
37.31471
49.75295
63.09680
76.26759
88.70583
97.38975
104.02137
115.89334
12.43824
25.60214
38.04038
51.20143
63.63967
73.93434
78.31567
90.75390
103.19214
116.05854
12.43824
24.87647
37.31471
49.75295
60.74675
73.23106
86.30531
99.83867
112.27691
121.84467
12.43824
24.87647
38.05550
50.49374
61.84757
66.82725
79.26549
90.67808
103.56859
116.28275
12.43824
24.87647
30.72352
43.16176
55.60000
68.75535
81.82550
93.42682
106.57226
119.01049
12.43824
24.87647
37.31471
47.81145
60.24969
72.68792
85.87495
98.75174
106.73710
119.87582
12.43824
23.08637
35.52461
48.31850
60.75673
73.19497
83.31850
96.51126
97.40524
107.75254
12.43824
24.87647
37.31471
49.75295
61.31074
74.05412
74.31023
87.47046
99.90870
108.44723
12.43824
24.87647
37.31471
49.75295
62.38054
69.25539
81.66671
94.10495
107.00272
119.59843
12.43824
24.87647
37.31471
47.69449
60.13272
64.94898
77.76596
90.66575
103.69969
109.00563
12.43824
24.87647
37.79421
50.23245
57.27709
69.71532
82.15356
95.48210
107.92034
120.45278
12.43824
15.67521
28.11345
40.55168
52.98992
65.42816
78.45406
90.89230
96.13920
97.27026
12.43824
24.87647
37.49987
47.07422
59.51246
72.60746
85.50791
97.94615
104.92695
117.98468
12.43824
24.87647
37.31471
50.45100
61.77357
74.21180
86.65004
99.68009
113.25851
121.55458
12.43824
24.87647
34.09462
46.53286
49.99371
62.43195
75.54306
85.64983
98.81892
102.78165
12.43824
24.87647
37.31471
49.75295
62.84883
63.71090
67.18180
76.77055
89.20879
95.76429
12.43824
18.50661
22.80090
35.23914
47.67737
60.28480
71.50585
83.99442
96.43266
104.75828
12.43824
24.87647
37.59754
50.03578
63.11054
75.54877
88.14702
100.85279
111.30855
121.64204
12.43824
24.87647
34.79252
40.77800
53.21623
65.65447
78.09270
86.87272
99.82966
110.31606
12.43824
24.87647
37.31471
49.75295
52.68401
65.12225
76.40287
88.84111
92.77343
105.27021
12.43824
24.87647
37.97814
50.41638
62.85462
65.03691
77.13723
90.26790
102.85540
112.58831
12.43824
25.50882
37.94705
50.38529
63.00274
75.44098
87.87921
97.83584
99.44619
111.88442
12.43824
24.87647
37.32272
50.47833
61.50271
66.85603
79.55131
91.98955
104.42779
112.35826
12.43824
24.87647
37.31471
50.12923
62.56746
75.00570
78.75067
91.40276
103.84099
107.89484
12.43824
24.87647
37.31471
50.45739
62.89563
75.79866
88.23690
100.67514
108.73202
115.92529
12.43824
24.87647
37.31471
49.75295
62.69298
75.13122
77.56795
90.94757
94.27263
107.09883
12.43824
25.60926
38.04750
46.21951
59.40325
71.84149
78.80888
80.22836
92.90282
105.34106
12.43824
24.87647
37.31471
50.36801
62.80625
75.24449
77.52086
88.74210
101.18033
113.56305
12.43824
24.87647
38.04244
50.48068
62.91892
75.75912
88.77991
94.34680
107.53352
109.50167
12.43824
24.87647
31.93449
44.37273
57.24872
68.44230
80.88054
88.02759
99.85972
109.80696
12.43824
24.87647
37.31471
44.74890
57.93004
70.36828
80.46013
92.89837
103.80532
116.24355
12.43824
24.90030
37.33854
48.66893
61.10716
73.54540
83.42057
94.24887
107.00092
119.43915
12.43824
24.87647
37.31471
49.75295
61.79149
73.28727
85.97647
92.98733
99.33959
105.57920
