12.43824
23.22029
33.66861
42.38315
51.02466
52.85838
53.93948
55.03378
56.18814
58.26985
12.43824
19.05886
22.15826
29.09677
36.70982
39.66110
48.07033
48.14003
48.78099
52.00470
12.43824
16.85161
29.32342
31.08753
33.90565
36.76892
44.60401
46.38017
47.36747
55.03495
12.43824
25.30231
31.01785
38.63559
46.14248
49.02477
52.57345
53.45549
65.98037
66.86128
12.43824
14.50238
27.68705
34.72957
47.98360
56.77974
61.45817
62.44425
64.27447
69.76687
12.43824
18.27345
20.48883
25.68462
31.61949
42.92582
49.02731
51.37463
51.63655
51.80875
12.43824
23.46611
23.90877
29.55982
39.99331
43.79778
45.39528
46.36185
54.61043
61.71687
12.43824
24.79474
27.66332
40.34155
52.17540
54.16606
55.39785
57.43601
57.55328
59.13332
12.43824
24.60149
26.10989
35.09807
37.06288
46.66250
49.83196
51.50046
57.93355
58.36754
12.43824
16.11183
20.60175
22.47261
30.53865
43.00944
47.68562
57.88060
65.55140
66.53745
12.43824
25.62185
34.23888
39.29607
45.30752
55.82411
56.97050
58.83543
60.71937
61.87272
12.43824
23.17975
26.49884
38.30468
46.16685
48.83536
49.70268
50.02147
61.23673
62.77060
12.43824
25.60181
37.13552
41.69636
42.76133
43.76995
46.85170
48.18363
54.20588
57.14200
12.43824
22.96555
25.01761
25.94369
31.07615
35.18277
42.69080
42.99109
46.10537
55.30525
12.43824
13.74729
25.31190
36.19933
45.13871
48.56097
50.06330
55.74135
56.15455
57.67620
12.43824
25.62463
28.70715
37.77900
42.47574
44.26481
45.92846
48.68400
49.01890
57.19801
12.43824
16.09586
18.00730
18.16857
29.52235
37.07300
37.07633
43.80505
44.94180
44.95246
12.43824
25.62457
33.28047
36.36833
39.17927
51.50345
62.00048
63.03297
67.54712
68.89118
12.43824
24.87647
38.72465
46.39999
55.10952
59.08682
60.52191
66.02777
67.44170
67.60929
12.43824
16.73178
22.21831
30.60770
33.97476
34.39785
34.91694
44.72383
50.34946
56.58100
12.43824
24.87647
31.14842
39.73514
44.86209
53.94263
53.99740
54.12965
55.12737
66.83653
12.43824
20.40052
26.93721
31.93475
43.96469
46.67419
49.07800
50.38127
57.63103
57.98362
12.43824
25.13686
31.86390
33.47895
34.42531
47.61708
54.92528
61.13673
63.82956
66.35954
12.43824
25.60481
33.48443
40.33704
50.40297
52.48358
52.78065
56.80162
69.67024
77.37746
12.43824
17.00456
23.45511
32.95069
34.85365
37.51765
43.99125
44.30828
44.74913
54.19190
12.43824
25.37173
35.20572
40.53468
41.50746
45.12641
45.62227
47.79024
56.62818
57.03551
12.43824
23.95594
35.25569
40.61397
46.50204
53.20391
62.25413
62.80509
62.92480
63.62798
12.43824
25.49257
36.37307
43.28731
46.79039
52.36718
52.57007
53.10094
56.61729
57.56621
12.43824
24.87647
37.34894
45.96350
57.33025
57.56762
62.38592
69.68130
71.12780
71.75239
12.43824
18.88910
31.17347
43.58494
44.50870
57.63062
60.39723
60.46411
63.62745
66.30367
12.43824
24.45830
32.31248
45.28783
48.07449
56.59196
57.09950
61.80769
67.78028
74.46104
12.43824
25.29253
30.71451
41.94784
44.05000
48.14157
54.82749
58.52831
63.38780
63.47925
12.43824
25.60181
33.55879
45.39274
51.04890
52.38039
55.12355
55.88154
56.26754
60.86961
12.43824
23.19391
25.35877
25.63941
35.50254
44.28023
49.51965
50.53563
50.81036
52.65498
12.43824
19.75445
26.98342
31.61052
31.85426
44.66833
46.73310
54.84133
62.72670
64.84738
12.43824
24.11889
30.31107
32.45594
33.09793
41.65982
47.47244
47.55809
48.07204
49.98386
12.43824
17.40001
22.44421
28.25031
32.19256
32.48187
40.53846
47.92886
48.36578
54.04895
12.43824
24.87647
38.31354
42.38123
52.62380
55.74833
57.64897
61.34174
65.29689
67.14582
12.43824
25.62468
38.12306
43.31372
55.51304
62.14348
62.63361
64.42364
74.64302
76.26810
12.43824
19.87554
30.84953
34.18789
36.63536
39.13603
42.41522
44.75366
46.95286
48.95807
12.43824
16.83744
26.12712
37.93765
41.51092
51.25601
54.50058
58.37304
58.65655
68.78968
12.43824
16.53230
26.98141
27.30846
28.36422
37.54327
38.21294
42.32329
48.85189
49.36940
12.43824
22.74826
34.05573
35.03415
42.52534
47.72462
55.46910
55.74281
56.91716
56.96999
12.43824
13.76424
14.07433
20.64362
21.42033
26.59129
26.84852
34.35382
34.73255
47.14543
12.43824
18.01383
21.60955
25.62456
37.98278
38.61955
40.10748
53.27359
56.12798
58.98522
12.43824
25.58617
33.90004
43.92679
51.11032
59.23339
60.33346
61.64095
68.19487
75.91770
12.43824
17.76486
18.46171
30.12287
35.14687
39.98399
41.23744
41.73832
41.87427
46.29554
12.43824
14.73843
16.33354
16.54897
22.68463
31.05708
31.08199
33.14651
33.90904
35.07542
12.43824
23.09315
25.18804
34.74339
38.39598
44.61107
44.74271
46.08582
46.67627
46.72505
12.43824
24.29494
37.47720
43.35267
46.57157
46.68523
48.54724
51.33750
52.46979
57.22784
12.43824
25.02650
30.27575
42.22313
46.69246
48.71730
58.86258
64.22806
65.34159
68.79938
12.43824
24.89208
31.50815
38.91733
49.77863
56.30121
65.16772
73.23379
74.31240
79.29037
12.43824
24.71236
29.85790
37.14770
37.51667
39.15271
43.14455
45.67743
45.73410
49.90774
12.43824
13.09456
15.11143
22.72681
32.20277
32.42666
34.07625
34.65616
43.07721
45.62435
12.43824
24.01440
33.71626
36.20680
45.61542
53.20291
56.32539
65.15312
66.40949
68.73868
12.43824
24.87647
38.12656
46.74430
47.46618
56.11172
58.17356
62.44876
62.98092
63.66367
12.43824
25.62511
30.09741
40.69065
47.22906
50.87203
52.83559
55.05727
59.47876
63.64813
12.43824
24.95279
35.08705
36.36031
47.78981
50.99984
51.49601
59.87230
62.68772
67.72166
12.43824
22.26330
28.78707
31.78156
32.18607
42.92002
43.29148
47.05486
47.22264
53.64618
12.43824
17.20098
22.27944
27.18637
33.45015
39.74552
46.19382
50.75472
53.69552
56.77398
12.43824
17.65250
26.32350
27.64420
32.63829
36.89756
37.67928
37.95470
38.02766
38.63266
12.43824
18.50543
25.85696
28.28592
37.05784
39.84439
45.08364
45.35707
45.52393
45.59461
12.43824
18.47514
28.60800
32.73627
44.19619
47.73104
48.12080
58.52245
68.44493
69.39056
12.43824
18.04957
27.97007
30.85781
31.53092
31.68964
31.76039
35.07431
40.05204
41.71207
12.43824
23.76160
32.25430
43.70375
45.70572
53.49179
54.63153
55.12332
55.49293
64.60061
12.43824
23.76848
30.24618
30.51617
42.60554
48.31565
48.48501
52.13912
52.15749
52.65722
12.43824
17.88562
23.98396
24.65158
35.77428
38.26658
39.38043
39.91839
43.85021
47.78710
12.43824
23.41065
27.62965
40.39624
41.17840
41.61381
41.77082
52.80954
55.47455
61.97750
12.43824
21.52225
34.36594
38.84705
44.19156
46.26149
47.20169
51.62601
57.19751
66.29556
12.43824
25.14974
35.15937
41.91402
53.06868
60.01899
62.52953
68.94689
77.49645
78.51983
12.43824
23.25376
25.52251
31.45480
36.61633
37.33291
38.10780
48.33760
49.45913
54.83607
12.43824
23.82024
28.76270
36.75083
39.15251
42.77470
47.01163
57.09580
67.01279
68.67735
12.43824
24.03419
30.86874
32.45296
38.97183
42.08183
43.02026
55.95321
56.69748
57.55018
12.43824
23.59168
32.33264
39.82269
51.53082
63.96652
64.43315
66.98903
67.72947
71.08557
12.43824
24.08680
34.05264
46.89715
49.05482
50.92082
51.32703
51.50831
62.72552
64.68797
12.43824
24.63394
31.99228
45.15427
47.61470
48.34731
53.71448
54.77256
67.19660
67.81382
12.43824
23.87875
34.08863
46.54566
47.90605
48.27509
48.62749
49.05312
53.62932
55.99257
12.43824
25.22256
27.97244
31.11371
32.65709
45.75367
47.86918
47.90419
48.41999
48.49242
12.43824
13.83191
23.51434
27.81645
35.13612
39.99261
43.13759
50.93606
51.17741
51.46109
12.43824
24.87647
30.93624
35.42420
45.80161
52.56391
58.52743
61.42357
61.78058
64.38708
12.43824
25.00391
38.15151
39.82315
45.36092
47.64989
51.65502
51.75444
55.60180
61.14491
12.43824
24.67899
30.08063
37.37227
38.96332
51.77191
53.20774
53.50650
56.44066
64.38288
12.43824
25.57977
34.38506
37.62002
42.99013
43.73216
48.07985
56.39789
59.10495
59.22037
12.43824
24.04027
25.78314
33.81959
45.86825
48.60458
50.32737
58.75166
61.62630
67.66353
12.43824
20.50573
22.46772
33.53205
33.85090
36.12032
48.11620
52.87283
53.45657
57.88702
12.43824
25.61486
33.92290
38.45608
43.05841
45.08857
46.69322
46.71286
49.22076
57.75413
12.43824
25.27644
31.77165
34.51772
36.28066
42.98054
43.88162
52.46638
54.11007
62.75918
12.43824
20.22960
29.77014
39.46797
40.37094
41.24811
49.08593
51.11560
55.04730
55.24032
12.43824
16.98882
30.16138
40.88792
43.20584
56.48879
58.03620
58.41970
59.47332
59.58837
12.43824
25.46475
31.86331
35.65866
41.64117
44.89899
55.91469
57.11673
64.21502
67.61367
12.43824
20.93851
32.75918
45.82167
58.43171
67.94794
72.03380
75.39947
76.75436
77.02761
12.43824
19.29761
25.89436
34.43989
40.84561
41.67443
48.97454
57.04582
57.52536
65.34268
12.43824
25.38670
31.96291
37.14826
39.23903
42.66976
44.65674
44.72789
47.62038
49.16318
12.43824
16.12912
25.73981
28.17861
30.59567
39.83178
40.71176
43.20818
55.58751
59.71987
12.43824
25.58532
34.54592
38.49371
44.70732
47.00358
50.33675
51.08447
57.87248
59.45724
12.43824
16.45435
23.86322
28.77016
31.97590
38.48414
38.61860
51.58175
59.79140
61.66704
12.43824
25.51029
27.52776
36.69363
38.47571
41.32946
49.38253
49.76293
49.93603
50.36605
12.43824
22.24003
34.96932
37.91845
45.12025
49.17846
49.33407
55.18619
55.26140
62.64262
12.43824
21.57043
30.03723
30.89760
42.35044
48.04255
52.77594
54.01773
60.13904
70.90597
12.43824
16.91519
25.22533
33.50296
34.88921
34.91910
46.58032
50.54804
52.59821
58.84919
