12.43824
24.87647
37.31471
50.08884
59.79873
70.30935
83.87314
85.08411
87.86767
100.34770
12.43824
24.87647
38.04959
44.41422
57.41739
70.90720
83.83404
87.82571
94.84676
106.64423
12.43824
25.62251
38.06075
51.24399
63.65652
71.43490
79.31886
92.50103
102.65300
105.75285
12.43824
24.87647
37.42292
51.03380
61.90670
73.83743
87.25869
91.21189
96.83268
109.96810
12.43824
19.01798
31.45622
44.72669
57.18432
70.21721
78.55989
87.87554
95.49673
106.31538
12.43824
25.60355
37.51516
43.28220
55.73643
58.81249
71.98173
80.15374
87.29336
87.68999
12.43824
24.89835
37.82260
50.68463
53.64968
65.05285
74.62324
80.04611
82.83368
95.34639
12.43824
25.62500
34.50025
46.93849
59.37673
72.26093
74.82529
88.60582
92.36767
99.81462
12.43824
24.87647
34.00157
46.86131
55.26376
68.44910
81.24642
89.83818
102.29763
109.65111
12.43824
24.83627
33.60571
39.90487
53.05467
65.45379
75.78693
84.96612
98.28447
103.36983
12.43824
24.87647
37.84099
50.52334
58.58032
71.32066
80.85550
94.28584
105.65127
114.33337
12.43824
24.87647
34.07025
46.57597
60.25424
71.81437
85.50378
95.73352
105.69064
111.06914
12.43824
25.00817
37.90078
51.05609
61.76567
75.25867
82.98479
87.81744
92.74834
100.65520
12.43824
25.49866
27.75212
33.56443
46.65612
59.36430
67.06064
79.78627
85.67101
98.27722
12.43824
25.54340
37.98164
50.41987
61.57858
72.45821
77.34749
87.83367
89.50470
102.58065
12.43824
24.87647
34.36552
46.31355
54.95211
67.90868
79.65583
91.62689
104.33609
108.39968
12.43824
25.20324
37.64147
48.57318
61.01141
75.59484
87.08434
99.20669
105.59243
111.36526
12.43824
25.59660
30.81553
44.04202
49.33668
62.11376
73.91370
77.15635
87.53066
91.15656
12.43824
24.87647
37.31471
49.75295
62.70918
69.44496
80.01896
90.40791
98.85251
108.59006
12.43824
24.72397
35.39663
47.94059
60.82562
68.33073
80.97046
88.46831
90.36895
103.39636
12.43824
24.87647
37.95041
50.93926
61.76212
72.24879
73.16774
80.75329
85.55080
98.16104
12.43824
25.61992
37.61561
42.68301
55.45001
58.55773
68.57825
76.80501
81.71338
86.57251
12.43824
24.87647
38.05537
45.73562
56.58193
69.75122
83.52878
92.19658
98.02892
100.71531
12.43824
24.87647
37.31471
50.14874
63.63590
74.73086
84.14936
88.53851
101.67296
114.34049
12.43824
25.40930
37.84753
50.65261
59.17626
67.02230
79.46408
84.30092
96.12805
109.25420
12.43824
25.23429
38.40384
49.08291
60.22460
69.55450
82.77680
91.80655
104.98424
117.50735
12.43824
22.24444
34.68268
43.67699
56.34537
69.34722
72.14494
73.09569
78.08448
86.86244
12.43824
24.87647
37.31471
49.82580
52.87876
65.85066
74.76795
83.40036
92.53242
98.94351
12.43824
25.07542
37.51366
49.11863
62.76271
70.91107
82.59997
96.71868
103.77328
107.96459
12.43824
25.40417
37.84241
50.08653
59.70697
73.00655
86.36188
91.25342
101.13339
106.84206
12.43824
24.87647
37.31471
44.38480
57.55555
69.09261
79.17373
91.42650
101.20898
103.93016
12.43824
24.42471
37.69045
51.05019
56.38005
61.13437
66.27004
79.67578
87.90801
96.92963
12.43824
24.87647
36.34903
48.78727
57.30023
68.44322
80.90876
89.71060
95.44374
99.76472
12.43824
24.87647
33.71460
47.41708
60.53270
73.65833
76.99487
84.23801
89.13183
99.51069
12.43824
25.56716
35.92377
43.36407
57.01155
69.67511
73.89333
83.08164
87.69648
91.40838
12.43824
24.87647
38.05280
50.08320
61.24010
73.08043
85.82044
88.20914
97.08246
97.67111
12.43824
25.04630
38.23196
50.67020
60.45882
70.54188
81.26269
92.54823
97.00040
106.46752
12.43824
24.87647
37.31471
45.03653
55.44052
67.44257
80.70196
94.09038
105.63021
112.01324
12.43824
24.87647
36.25102
48.59390
62.01560
75.32433
85.62335
90.34192
98.19487
107.60411
12.43824
24.87647
37.31471
49.76947
62.45489
76.28184
80.00307
91.56251
102.28096
114.73859
12.43824
24.87647
35.84863
49.02147
59.25648
66.06125
79.87858
85.86130
86.70927
100.40410
12.43824
23.53694
35.97517
40.26650
50.58837
63.95044
67.48732
77.94413
87.76662
100.95466
12.43824
24.87647
35.16184
47.62691
61.23433
70.67124
83.88202
95.68849
100.39286
101.93207
12.43824
24.87647
37.31471
50.43725
55.91678
68.67981
72.03496
83.75750
88.88462
94.62182
12.43824
24.96318
33.68874
46.12698
59.25661
65.80617
68.40142
71.52230
75.29311
78.07016
12.43824
24.87647
34.86362
46.18520
59.54336
72.67253
82.43479
95.57739
107.59248
110.56903
12.43824
18.77221
29.60874
41.41749
42.92174
56.05265
63.75453
77.27634
77.62284
90.73004
12.43824
24.87647
37.30874
43.29802
56.39021
69.30629
78.91227
89.38905
95.13901
99.50596
12.43824
24.34523
27.52072
40.18374
49.06661
61.88485
74.95612
85.25199
89.18587
90.80711
12.43824
24.87647
37.95012
49.23017
58.40636
65.62998
74.00863
87.19177
93.26333
106.41039
12.43824
24.87647
35.85605
48.24880
61.42852
75.03929
88.37681
101.18581
106.66117
116.28779
12.43824
17.52820
29.96643
40.31677
47.24282
58.66262
71.55754
85.79668
96.94351
106.64374
12.43824
24.87647
35.05942
47.92553
62.19991
75.42825
88.64263
101.41897
107.61479
112.49468
12.43824
25.20410
37.64234
47.36074
60.04719
66.45440
76.33556
81.13178
92.90616
106.41441
12.43824
24.87647
37.57629
48.57122
61.00946
70.10408
73.34658
87.06373
99.18417
112.29150
12.43824
25.49739
37.93562
50.93931
55.55860
68.74521
75.98007
78.42772
86.77859
91.58819
12.43824
20.15003
31.32742
44.25804
56.69628
66.31689
79.69851
86.43928
94.36332
98.58000
12.43824
24.87647
37.90929
50.34753
61.18072
66.03238
79.53010
90.93088
104.24334
118.00345
12.43824
23.94332
37.10254
49.54077
57.54197
70.57304
72.85777
81.21912
91.16773
101.28179
12.43824
24.87647
36.73916
47.60902
60.04726
74.52156
84.64485
87.16544
90.99081
101.26575
12.43824
24.87647
37.66428
49.61591
62.45061
75.22911
87.99588
92.76351
96.94486
105.84571
12.43824
24.06881
36.90462
49.54007
59.27537
67.72895
81.03182
85.78131
92.31921
99.75701
12.43824
24.87647
37.62985
51.43740
60.41328
73.04009
76.82808
87.90760
99.90923
102.96904
12.43824
25.29577
38.18857
50.85902
62.21525
66.54774
72.05461
84.49284
88.26913
98.87936
12.43824
24.87647
37.89230
51.02057
63.09119
73.99434
79.46313
80.49212
88.72373
102.12272
12.43824
24.87647
37.31471
50.44982
60.69320
73.70137
80.45156
92.50310
96.58092
102.82369
12.43824
25.37044
37.80868
42.82235
55.26058
68.44753
80.03395
92.52252
102.76186
114.40167
12.43824
24.87647
37.74015
51.61522
60.72472
68.97541
81.41365
84.09224
93.68833
104.23715
12.43824
23.76610
36.80356
47.96242
61.14385
68.73721
79.44454
91.61001
105.87982
110.13609
12.43824
24.87647
38.04762
50.30227
61.70228
75.01146
86.80317
91.94650
103.01050
106.52130
12.43824
25.38008
35.96388
49.14507
55.10003
62.18931
71.11480
74.94542
86.69463
96.07439
12.43824
24.87647
28.52697
41.39809
53.87754
66.67513
79.07816
85.10950
92.94289
106.45622
12.43824
24.87647
38.01387
43.43782
56.62467
69.06290
81.51369
93.03864
101.50166
113.57091
12.43824
25.33957
38.52157
50.76195
63.20019
75.63843
78.62035
86.78512
87.11686
94.18574
12.43824
24.87647
37.76346
50.65299
62.77411
70.65002
73.85657
86.58709
94.54343
103.34356
12.43824
24.87647
37.86579
50.30403
62.29360
72.70317
83.06116
96.33913
107.94858
113.76449
12.43824
25.58844
38.02668
51.23827
63.74594
72.47618
82.40553
92.23712
105.18652
109.62356
12.43824
24.87647
32.32676
43.87292
49.53216
62.05487
73.57437
80.06233
93.72291
97.02280
12.43824
14.14711
26.58535
39.59569
52.03393
65.11075
78.86899
91.95036
97.45305
98.13322
12.43824
24.87647
33.95469
47.11371
60.63184
72.63214
77.28886
90.50864
95.12130
99.81610
12.43824
24.87647
37.31471
49.34533
58.48899
71.19726
84.30838
97.49308
105.17048
114.07220
12.43824
24.87647
36.19656
48.53713
54.36791
67.49988
80.68371
86.07055
97.34567
100.97265
12.43824
24.87647
37.70814
50.63657
62.09166
67.01647
68.52183
71.77126
82.54843
91.03031
12.43824
19.23905
23.00345
35.46557
48.68597
53.33803
65.00052
77.45896
89.12922
95.37218
12.43824
24.87647
33.80812
46.77810
57.64270
72.01251
85.04111
98.22110
109.83874
113.67961
12.43824
25.52627
31.90658
33.88315
46.32139
58.75962
72.01360
82.22307
85.13175
89.95418
12.43824
25.57943
38.31332
45.77302
55.09721
68.49803
81.16094
92.99641
99.62001
112.79626
12.43824
24.87647
38.03368
50.47192
63.68266
69.74172
81.36311
94.48616
106.35398
107.71526
12.43824
20.45977
32.89801
46.02606
56.55429
65.80849
78.53412
85.27654
91.13955
104.39669
12.43824
25.59720
37.92907
45.78400
58.36192
62.34906
73.75595
84.72120
93.06958
99.76729
12.43824
25.06688
37.50511
47.29339
58.24374
70.68198
80.56005
89.49019
102.91460
109.48466
12.43824
24.87647
38.23935
51.35850
64.32764
73.44794
87.10707
99.68824
108.35327
111.64479
12.43824
24.87647
37.31471
49.67973
56.84952
69.95522
83.51946
96.34296
98.97410
112.70535
12.43824
22.14675
35.19964
46.79996
57.48153
69.91977
74.30281
77.73170
91.55588
99.94558
12.43824
24.87647
38.05472
44.86891
57.22224
69.68407
70.37928
79.83867
87.15303
98.58416
12.43824
23.84996
31.36577
44.49476
57.15714
62.11046
73.77568
86.21392
95.70135
100.49310
12.43824
24.87647
33.16458
45.60282
52.86989
66.07778
79.43209
88.16116
90.61839
98.77617
12.43824
25.58089
32.33374
43.79333
52.36133
65.16347
76.73778
88.03578
93.68788
106.69080
12.43824
24.65298
37.56648
44.53185
55.96127
68.72080
77.85461
90.97635
100.48351
113.30503
12.43824
24.87647
37.37479
49.98780
55.98006
68.81428
79.85440
86.04756
87.86332
96.95213
