12.43824
24.87647
37.31471
49.75295
61.46464
73.90287
86.34111
98.77934
111.21758
123.65582
12.43824
24.87647
37.31471
50.49850
62.93673
75.37497
88.41524
101.00338
113.93483
126.37522
12.43824
24.87647
37.31471
49.75295
62.19118
74.62942
87.50685
99.94509
109.34590
123.06383
12.43824
24.87647
37.31471
49.46914
61.87609
74.31433
87.39970
99.36524
112.37439
125.42658
12.43824
18.84780
31.28604
43.72428
56.16251
68.60075
80.66775
90.03829
102.47653
114.71808
12.43824
24.87647
37.31471
49.75295
62.86422
68.84792
81.28616
93.72439
106.16263
119.34596
12.43824
24.87647
37.43891
49.87715
53.24538
65.68362
78.12186
91.20426
97.01625
107.27749
12.43824
24.87647
37.31471
49.75295
62.19118
75.31785
88.47790
100.91614
114.41591
127.39661
12.43824
24.87647
36.42677
48.86501
57.86897
70.30721
80.91190
92.45433
104.89256
118.22926
12.43824
25.14883
38.33762
43.44304
55.88127
68.31951
80.75775
93.19598
105.63422
118.81271
12.43824
24.87647
37.31471
49.77873
62.21697
74.65521
87.52788
99.96612
112.40436
118.48445
12.43824
24.87647
36.97251
49.41074
62.52122
75.59785
88.03609
100.07823
113.19487
125.39239
12.43824
24.87647
37.31471
49.75295
62.88097
75.31921
88.49753
100.93576
104.73516
117.91684
12.43824
24.87647
37.31471
49.34888
61.78712
74.22535
86.95114
99.38938
109.93672
122.37496
12.43824
24.90329
37.34152
49.77976
62.21800
74.60814
85.74365
98.18188
110.62012
123.41789
12.43824
24.87647
36.20699
48.64522
60.08468
72.52291
85.31791
98.19174
110.62998
121.59738
12.43824
24.87647
37.31471
49.75295
62.19118
75.37400
87.81224
100.25048
112.68871
126.29136
12.43824
24.87647
37.31471
49.75295
62.36814
74.80637
87.24461
99.68285
108.08124
120.69457
12.43824
24.87647
37.31471
49.75295
62.19118
71.61941
84.05765
96.75930
109.20808
119.51610
12.43824
25.61762
38.05585
50.49409
62.93233
74.45524
86.89348
94.29661
104.30679
117.49258
12.43824
24.87647
38.02673
50.46496
63.44812
75.88635
86.05210
98.49033
110.92857
123.36681
12.43824
24.87647
32.68454
34.38540
46.82363
59.99552
72.43376
84.87199
97.31023
110.05729
12.43824
24.87647
37.31471
49.75912
62.19736
74.63559
87.07383
99.51207
112.08579
126.32922
12.43824
24.87647
37.66795
50.10619
61.02016
73.45840
85.86496
99.00678
111.44502
123.88326
12.43824
25.60439
38.45870
50.89694
63.33517
75.77341
88.39669
102.61194
111.66914
124.10737
12.43824
24.87647
37.31471
45.93691
58.37514
71.25092
77.26048
91.16656
103.60480
116.38268
12.43824
24.87647
37.31471
50.42421
62.86244
75.30068
80.35936
90.64114
104.22191
116.92971
12.43824
24.87647
37.31471
49.75295
62.05849
75.24475
85.60971
99.06678
112.25328
125.70089
12.43824
24.87647
37.31471
50.34196
62.78020
70.48419
82.92243
95.36067
108.12062
122.05279
12.43824
24.87647
37.31471
49.75295
63.28030
75.71854
88.70090
101.47928
114.48802
127.67172
12.43824
24.87647
37.31471
49.15665
61.59488
74.03312
87.21432
100.36528
113.55178
125.18594
12.43824
24.87647
37.31471
49.75295
62.19118
74.62942
87.72498
100.16321
113.18784
125.90000
12.43824
24.87647
37.31471
49.75295
62.19118
74.62942
87.06765
100.25262
113.82030
125.71206
12.43824
24.87647
32.94260
44.13271
56.57095
69.00918
80.23917
91.96763
98.76392
110.64440
12.43824
24.87647
37.97461
48.64915
61.72143
74.15967
77.99530
89.06394
102.88001
103.62545
12.43824
24.87647
37.31471
49.75295
62.19118
74.62942
87.06765
100.90316
109.65480
122.75655
12.43824
24.87647
37.31471
49.75295
57.73036
66.55058
78.98882
91.42705
105.24951
117.55769
12.43824
24.87647
37.31471
46.32308
58.76132
71.65277
84.09100
96.13764
108.84272
121.56218
12.43824
24.87647
37.31471
49.75295
62.19118
74.62942
87.73887
100.64394
113.08218
125.52041
12.43824
24.87647
37.31471
49.75295
60.25679
72.69503
77.25312
90.36528
103.47317
116.61933
12.43824
24.87647
37.31471
49.75295
61.49409
74.13494
86.57317
99.54915
103.99884
116.43708
12.43824
17.96088
30.39912
43.55865
55.99689
68.43512
81.39912
90.55628
103.56592
115.02099
12.43824
24.87647
38.06246
50.50070
62.93893
75.79235
88.23058
100.66882
111.65382
122.77239
12.43824
24.87647
37.31471
49.75295
62.86185
75.30009
88.28914
101.50635
113.33834
126.40928
12.43824
24.87647
37.95424
50.39248
62.83071
73.51701
83.65401
96.09225
109.21780
120.93587
12.43824
24.87647
37.99508
51.00741
63.44564
75.88388
88.32212
100.76035
113.90469
123.30713
12.43824
25.55045
34.38872
46.82695
50.37663
62.81486
75.86457
88.48608
101.71613
114.15437
12.43824
24.87647
37.33691
50.61999
63.05822
75.68386
88.86662
101.30486
114.11828
126.89632
12.43824
24.87647
37.90844
50.34668
62.78492
75.22315
85.68749
95.93901
100.31250
113.05208
12.43824
24.87647
37.31471
49.97621
55.68830
68.39314
81.41635
93.23054
106.15221
118.59045
12.43824
24.87647
32.59636
45.03459
57.47283
70.55068
83.57615
96.57056
110.16508
122.60332
12.43824
25.57010
38.00834
51.14456
63.58280
76.02104
88.45927
100.89751
112.12017
124.55841
12.43824
24.87647
37.31471
49.75295
62.72750
75.16574
88.26280
100.70104
114.21538
126.66841
12.43824
24.87647
37.31471
49.75295
62.19118
73.46930
86.65630
98.84916
111.28739
123.72563
12.43824
24.87647
37.31471
49.75295
62.19118
74.62942
80.70279
93.14102
106.79680
119.26622
12.43824
24.87647
37.31471
49.75295
62.07350
74.51173
83.93505
96.94390
111.27395
124.84172
12.43824
24.87647
37.94069
50.37892
62.81716
75.90276
88.34100
100.77923
113.21747
126.67216
12.43824
24.87647
37.27510
49.71334
62.25467
74.69340
87.13164
99.56988
112.00811
124.44635
12.43824
24.87647
33.49854
45.93678
52.04649
64.48472
74.35211
87.53577
98.22179
110.66003
12.43824
24.87647
37.31471
49.87987
62.31811
74.75634
87.19458
99.77747
105.75821
118.19645
12.43824
24.87647
37.31471
48.53969
60.97792
73.41616
85.85440
99.04046
112.78525
120.89819
12.43824
24.87647
37.31471
49.75295
62.92440
76.04141
88.47965
100.91789
113.98823
127.29498
12.43824
24.87647
37.31471
49.75295
62.92816
75.36639
87.80463
97.83049
110.26872
123.10205
12.43824
25.61445
38.05268
50.49092
54.52968
62.70037
75.89249
88.33072
99.92875
109.96473
12.43824
24.87647
37.31471
49.75295
62.19118
74.62942
87.06765
95.60424
108.57888
121.19269
12.43824
24.87647
37.31471
50.07176
62.51000
74.94823
88.05924
101.07338
114.72770
126.89855
12.43824
24.87647
37.31471
48.01226
60.45050
72.83781
85.80731
98.24555
110.68475
123.12299
12.43824
24.87647
37.31471
49.75295
62.85073
75.82716
88.26540
100.70523
109.53194
121.97018
12.43824
24.87647
37.31471
49.77280
62.21103
75.33342
85.13669
97.57492
110.01316
123.89615
12.43824
24.87647
37.31471
49.75295
62.19118
74.87261
87.31085
100.09331
112.53155
123.88087
12.43824
24.87647
37.31471
49.75295
62.19118
74.62942
87.06765
96.01629
108.13209
120.57032
12.43824
24.87647
33.81480
46.25304
58.69128
71.17179
83.61003
96.78349
109.93969
122.37792
12.43824
24.87647
37.31471
49.86381
62.30205
74.74029
87.17852
98.85829
112.17493
124.61317
12.43824
24.88802
37.32625
50.51016
62.94840
75.38664
87.29595
99.73419
112.86232
126.79786
12.43824
24.87647
37.31471
49.75295
62.19118
75.33358
88.19258
101.18235
113.62058
122.99117
12.43824
24.87647
37.31471
49.75295
62.19118
69.01655
82.08604
94.52427
106.96251
119.70106
12.43824
24.87647
37.31471
50.49955
62.93778
66.34994
79.52776
91.96599
104.40423
115.28216
12.43824
24.87647
37.31471
49.75295
62.19118
74.62942
87.06765
99.60926
112.04750
124.39108
12.43824
24.37063
36.80887
49.24711
61.68534
74.12358
86.80312
99.24135
112.42251
115.36730
12.43824
24.87647
37.31471
45.38678
57.82501
70.26325
82.70149
95.13972
107.39110
119.66106
12.43824
24.87647
37.31471
49.75295
62.19118
74.62942
87.06765
99.94075
113.85444
120.93272
12.43824
24.87647
35.98757
48.42580
60.86404
73.30228
86.44904
98.72832
111.16656
121.08650
12.43824
24.87647
38.04759
50.48583
62.92406
75.57456
82.97035
95.40859
107.84682
113.06686
12.43824
21.38687
33.99953
46.43777
58.87600
71.89028
84.66928
97.10751
109.54575
122.42502
12.43824
24.87647
37.35947
49.79771
62.23595
74.67418
87.11242
99.55066
110.16303
123.32633
12.43824
24.87647
37.31471
48.58666
61.02490
73.46314
85.90137
98.79244
112.12589
121.21202
12.43824
24.87647
37.31471
49.75295
62.19118
74.62942
87.78280
100.22103
112.65927
122.76802
12.43824
24.87647
37.31471
49.75295
62.19118
74.92124
87.71873
100.89270
113.33094
122.79929
12.43824
24.87647
37.31471
49.75295
62.76502
75.20325
87.64149
90.88510
103.77804
116.21627
12.43824
24.87647
37.31471
50.48334
62.92158
75.59654
88.03478
100.84465
113.28289
123.32657
12.43824
24.87647
37.31471
50.37957
62.92224
75.36048
81.25662
94.02700
106.46524
112.53114
12.43824
24.87647
37.31471
49.51107
61.94931
75.10641
87.54464
99.98288
112.42112
125.04047
12.43824
24.87647
37.31471
49.75295
62.93877
75.37701
82.55024
95.30510
108.40390
121.47561
12.43824
25.15375
37.59199
50.65013
63.08836
75.52660
88.98334
102.05298
114.54113
126.97936
12.43824
24.87647
37.31471
49.75295
62.19118
74.62942
87.13487
100.13635
112.57459
125.01283
12.43824
24.87647
37.76685
50.20509
62.64332
75.76616
88.73777
101.17601
113.61425
119.80804
12.43824
24.87647
37.31471
49.75295
62.89474
76.40950
88.84774
97.40464
111.09910
120.93791
12.43824
24.87647
37.31471
50.45065
62.88889
75.32713
87.76536
100.20360
113.24427
125.68251
12.43824
24.87647
37.31471
49.91872
62.35696
74.79519
87.83184
100.50820
112.94644
125.38467
12.43824
24.87647
37.31471
49.75295
62.93454
75.84656
88.57569
101.09494
113.53318
120.70150
