12.43824
24.87647
37.31471
50.20449
59.65736
72.09559
84.53383
97.34482
110.00715
123.74295
12.43824
24.87647
37.31471
49.75295
62.19118
74.62942
87.06765
100.46051
113.27711
126.03293
12.43824
24.87647
37.31471
49.75295
59.41693
72.50459
84.01074
96.44898
110.55092
123.00277
12.43824
24.87647
34.84752
46.08135
59.24377
70.36406
82.80230
95.74739
108.18562
120.90013
12.43824
25.19245
37.63069
50.66374
63.10198
75.82022
89.59114
102.70741
111.09284
121.37119
12.43824
24.87647
37.31471
50.39766
60.73707
73.90718
86.34610
99.37324
107.42244
121.85491
12.43824
24.87647
37.31471
49.75295
62.74138
69.69005
83.32366
95.03778
97.09089
109.28838
12.43824
25.16167
38.15131
50.89220
63.33044
77.59264
90.08338
102.52162
115.09445
127.79197
12.43824
24.87647
33.65199
46.09023
59.36825
70.29252
82.73076
89.69301
102.13125
109.30361
12.43824
24.96489
37.49277
46.51814
58.95638
71.40798
84.39116
97.56127
109.99951
114.66947
12.43824
24.87647
37.31471
49.75295
55.52351
68.70605
81.14428
93.58252
106.02075
118.03036
12.43824
25.62248
35.70034
48.13857
60.03928
72.47752
84.91575
97.62607
110.80501
121.36332
12.43824
24.87647
37.31471
49.75295
62.15330
75.33962
85.26977
97.82551
110.65988
122.56252
12.43824
25.40947
31.34944
32.89350
41.83702
54.27526
63.96369
76.40192
81.36548
93.80371
12.43824
19.36970
31.80793
44.24617
56.98120
64.05965
75.81091
84.48317
94.64688
107.08511
12.43824
24.87647
37.64172
50.44076
62.63435
75.71021
84.31818
86.12818
99.11049
111.54873
12.43824
24.87647
37.31471
49.75295
62.19118
75.37638
88.15855
100.59679
113.55603
124.11577
12.43824
24.87647
35.52787
46.18622
56.24678
69.36366
82.52141
95.06338
108.69378
114.95409
12.43824
24.87647
37.31471
49.75295
62.61943
76.28376
88.66965
99.68914
110.63312
124.24261
12.43824
24.92227
37.36051
49.79875
62.23698
75.09308
87.53132
93.78581
104.42389
117.44891
12.43824
24.87647
38.06238
50.50062
63.64941
76.08765
89.69659
102.13482
110.54812
118.14620
12.43824
25.54344
37.81317
42.16958
54.60782
63.00895
75.44719
85.76668
99.52227
111.57484
12.43824
24.87647
37.86425
50.67098
63.43187
75.87011
88.30834
101.49001
115.66958
128.58800
12.43824
24.87647
37.31471
49.75295
62.52303
65.62202
77.99073
91.66161
104.84866
113.70354
12.43824
25.58199
38.02022
50.45846
62.89669
75.31206
88.00622
95.81011
109.19469
121.63292
12.43824
24.87647
37.31471
50.40076
62.83899
75.46553
87.01854
99.45677
112.34916
125.38607
12.43824
24.87647
37.31471
48.70919
61.14742
73.58566
86.31971
96.80734
110.57250
124.21284
12.43824
24.87647
37.31471
49.75295
62.91460
74.50136
84.22303
87.00916
99.44921
112.82801
12.43824
24.87647
37.31471
49.75295
62.19118
68.36016
80.25789
92.69613
101.49541
108.23042
12.43824
24.87647
37.31471
50.41795
60.67303
73.11127
85.72264
96.83334
106.27999
115.05833
12.43824
24.87647
37.31471
43.72565
56.16389
68.60213
81.04036
92.44452
104.17868
107.21951
12.43824
24.96174
37.39998
49.83822
62.66236
72.79920
84.82001
97.25825
110.43120
121.79242
12.43824
24.87647
37.61302
50.05125
62.48949
73.15366
85.59190
95.07247
104.72699
117.85155
12.43824
24.87647
28.79883
37.87893
50.33350
63.18112
72.95293
80.52943
82.48943
96.16375
12.43824
24.87647
36.81780
49.85882
63.08033
75.51856
88.09719
100.63709
113.97354
121.17659
12.43824
24.87647
37.63558
50.08933
63.15220
76.00708
86.68553
99.84939
104.17173
117.44686
12.43824
21.37150
33.80974
46.24798
55.42814
64.75981
77.74994
90.19629
102.85428
115.29252
12.43824
24.87647
37.31471
48.26473
62.13081
69.89121
82.32944
86.34194
96.99726
109.43550
12.43824
24.87647
37.48577
50.63267
64.16730
77.00491
88.82661
92.92344
105.36168
119.26461
12.43824
24.87647
37.31471
50.28730
56.76688
69.20511
72.96733
85.63047
99.81877
112.25701
12.43824
24.87647
37.46362
50.65048
59.20699
71.37548
84.43076
90.37327
104.67998
117.11822
12.43824
24.87647
37.76685
41.74442
53.53836
66.53363
78.97187
87.54256
100.04308
112.91453
12.43824
24.87647
37.61898
50.69105
63.12929
73.57291
83.09175
92.56187
104.08558
115.40894
12.43824
24.87647
37.31471
49.75295
62.58222
75.02083
86.02741
98.98260
102.03124
110.84113
12.43824
24.87647
37.48935
49.92758
62.83796
74.41387
86.32397
91.58497
94.89259
104.71015
12.43824
24.87647
38.06351
48.63681
61.07505
73.51329
86.67893
97.78817
110.29711
114.91496
12.43824
25.55061
34.56394
47.87984
55.15290
67.59113
80.42849
94.00950
97.41060
109.86826
12.43824
24.87647
37.32948
49.76772
62.20595
75.64955
83.50294
92.15166
105.17676
107.52238
12.43824
24.87647
37.31471
50.47663
63.62465
76.77839
85.16648
98.15492
104.26435
113.06580
12.43824
24.87647
37.31471
49.75295
53.69431
63.08058
76.26556
89.31285
103.17315
115.61139
12.43824
24.87647
35.52352
48.27559
60.66408
73.79481
86.80712
99.24535
102.58477
110.88826
12.43824
24.87647
37.31471
47.29779
60.35071
68.01423
80.45247
91.99012
104.99605
117.44762
12.43824
24.87647
35.00461
47.44285
59.94444
72.56285
85.00108
97.64324
110.77097
120.19914
12.43824
24.87647
37.31471
49.94747
63.12814
69.75839
80.72281
83.26844
96.44305
108.95623
12.43824
24.87647
37.31471
50.25670
62.69494
75.13318
87.85518
100.29342
106.55083
118.49916
12.43824
24.87647
37.31471
49.75295
59.75142
72.77950
81.34308
88.92307
91.03109
101.54005
12.43824
24.68655
37.86490
46.73624
59.86905
72.79116
85.22940
97.83062
110.78986
119.49510
12.43824
24.87647
37.31471
50.49979
63.68455
75.64379
88.08203
98.06561
111.78358
124.24077
12.43824
24.87647
33.15120
45.58944
58.72841
71.86570
85.65681
98.09505
108.81629
121.25452
12.43824
24.87647
37.69657
44.68537
57.12361
69.56184
82.03669
90.39395
102.83219
115.74975
12.43824
24.87647
38.45173
50.88997
63.32820
76.80267
89.27172
101.70995
115.27893
125.63364
12.43824
25.07222
37.51046
49.96935
62.87719
75.35137
87.80012
101.53397
109.30309
122.13904
12.43824
24.87647
37.31471
49.75295
60.83880
73.27704
86.34925
99.28872
111.72695
125.16646
12.43824
25.62310
38.06134
50.49958
61.88942
69.87964
72.72360
85.16184
95.70432
108.46105
12.43824
24.87647
37.31471
50.19276
62.85780
76.06107
84.29527
97.34899
106.24031
118.67855
12.43824
24.87647
37.31471
48.85859
58.61205
71.41239
83.18034
96.35778
103.88938
105.30721
12.43824
24.87647
37.31471
50.88811
63.32635
76.32485
89.05118
101.50283
114.11179
126.61098
12.43824
24.87647
37.31471
50.72395
63.27710
76.27863
89.01206
102.81412
112.46210
125.37906
12.43824
24.99301
38.14903
48.30428
61.48463
73.92287
86.53206
99.71108
112.14932
125.50428
12.43824
24.87647
38.01371
50.45194
61.16640
71.95489
83.12445
95.65490
108.09314
109.94853
12.43824
24.87647
38.04478
50.48301
62.92125
76.27378
88.27090
96.85128
109.92751
119.86104
12.43824
24.87647
37.51959
49.95783
63.14158
75.57982
88.73294
92.71390
105.63459
118.66208
12.43824
24.87647
37.31471
43.38727
55.82551
68.86258
81.42716
95.11060
104.52847
115.85495
12.43824
20.51456
32.95279
45.39103
57.82927
70.26750
82.76267
95.07564
107.51388
121.05463
12.43824
24.87647
37.31471
50.47599
62.81699
76.57907
79.54391
91.54978
103.98801
116.97868
12.43824
25.40873
35.76311
48.20135
61.46727
74.10889
85.64845
98.08669
111.22568
122.17215
12.43824
24.87647
37.31471
48.54341
60.98165
68.35976
81.78495
94.22318
106.63809
114.38337
12.43824
24.87647
35.73737
48.83144
61.99185
74.43009
87.73066
94.47624
106.91448
116.67261
12.43824
24.87647
37.31471
49.25661
61.69484
74.13308
86.57132
99.18288
111.99585
125.59593
12.43824
24.87647
37.36239
50.41569
62.85393
75.03788
88.53354
101.00290
113.44114
126.51835
12.43824
24.87647
37.31471
50.07435
58.05411
70.62110
83.05934
95.65571
106.55653
116.89623
12.43824
24.87647
38.05625
50.80459
63.58730
76.02559
85.44915
90.87480
104.05065
110.96170
12.43824
22.91219
29.93176
38.27679
50.71503
62.14208
65.41063
77.84887
90.67199
92.30330
12.43824
22.65703
25.36249
37.80073
50.40910
64.21680
77.26124
88.76415
101.34893
109.63776
12.43824
24.87647
37.67451
50.11274
61.85213
74.29037
87.46239
99.98228
105.50444
114.85236
12.43824
24.87647
36.76937
45.83581
58.27405
70.71228
83.21229
97.04374
106.61988
113.71074
12.43824
24.87647
37.31471
51.01485
59.86180
72.30004
85.44175
98.36611
104.99267
117.89261
12.43824
24.87647
37.31471
49.75295
62.19118
75.24615
88.19403
100.68768
113.78795
125.15829
12.43824
24.87647
37.31471
49.75295
61.11421
73.55244
85.99068
98.68965
111.02168
124.96890
12.43824
24.87647
37.31471
49.75295
59.96163
61.07706
73.71354
86.15849
98.95447
106.14356
12.43824
25.19882
37.63706
50.26756
63.43972
76.60436
89.19464
101.63288
114.07111
118.74312
12.43824
24.87647
37.68563
50.69844
63.13668
68.64876
81.08700
93.52523
105.96347
117.04270
12.43824
24.87647
37.31471
50.30553
62.87540
75.31363
88.37910
100.89391
114.03566
127.61126
12.43824
25.62448
35.48829
47.92653
59.96102
72.39926
82.48698
95.57236
108.75937
121.19760
12.43824
24.87647
37.31471
50.11133
62.54957
74.98781
87.72443
100.02636
112.46459
122.66853
12.43824
24.91873
37.95408
50.39231
63.00442
74.18603
85.02500
90.91213
103.35037
110.03026
12.43824
24.87647
34.83731
47.27554
59.60518
72.85948
85.29772
92.43782
105.53607
119.27995
12.43824
24.87647
37.67735
50.44921
63.41182
76.55162
84.88306
97.74772
109.88637
120.48439
12.43824
24.87647
37.31471
50.27851
62.71675
75.15498
87.47889
100.09737
112.53561
124.97384
12.43824
24.87647
37.31471
49.75295
61.13730
74.06721
86.80203
99.24026
104.82345
111.68405
