12.43824
25.54900
38.54667
51.68637
56.38825
69.43454
77.49910
81.62535
82.79389
96.79133
12.43824
24.87647
37.31471
48.27143
57.85853
70.98452
77.23440
83.26118
96.26895
107.81544
12.43824
24.87647
37.41712
50.38904
54.38718
59.36705
71.80528
83.58283
89.29272
90.88927
12.43824
25.23895
37.00907
46.90477
55.37853
65.01790
66.83976
76.54002
88.08594
89.01250
12.43824
18.57172
31.00996
41.86588
53.74130
66.78906
68.99173
81.42997
91.45282
101.35035
12.43824
22.72410
31.85164
33.51607
35.16880
47.70438
50.92239
56.78937
67.52157
67.74336
12.43824
24.87647
37.90322
46.76240
54.20351
66.64174
77.31696
90.90455
96.56285
109.33339
12.43824
24.87647
38.33166
50.79747
59.59765
72.52106
82.66958
95.54617
102.14469
106.73666
12.43824
24.87647
33.88880
46.43170
53.25528
64.50829
73.59732
75.36286
88.18302
90.65995
12.43824
25.61025
32.47329
38.74435
49.18103
51.38814
61.84079
64.10569
68.34771
75.91469
12.43824
25.61485
33.18473
43.31204
56.49344
65.55962
69.59439
73.66796
87.19768
88.42184
12.43824
15.44295
25.48672
29.17225
36.84408
50.14048
53.90359
66.34182
71.26223
72.34098
12.43824
24.92758
38.05157
42.44415
43.47876
55.54173
59.98494
73.16367
82.70412
86.68038
12.43824
24.87647
34.47242
35.98900
43.88914
56.32738
58.05673
67.25378
76.26012
90.04190
12.43824
24.06544
36.50368
48.94191
61.45634
73.46981
85.97787
99.93633
105.95000
116.12790
12.43824
24.87647
37.86728
48.24357
61.12285
73.58051
83.78757
94.78290
108.18267
111.95794
12.43824
24.87647
37.99173
45.14162
58.35458
68.54709
81.42320
88.56641
89.89376
100.52764
12.43824
24.87647
33.54935
46.69829
52.67848
62.07874
75.04024
75.85617
87.44904
99.19082
12.43824
25.38026
38.27715
47.13678
57.23891
60.03091
64.62773
77.51798
88.15776
100.30066
12.43824
23.30103
32.52011
32.97891
36.64306
49.71849
60.28471
72.53009
83.27615
96.38904
12.43824
25.20921
37.53862
45.72823
58.18039
63.04051
65.77780
73.76381
74.52067
87.11547
12.43824
24.87647
32.87656
45.75140
58.38660
60.23223
72.13181
83.47856
96.02824
99.06124
12.43824
25.48624
35.35931
40.14308
50.10774
62.68477
73.54826
76.26642
79.13423
92.34805
12.43824
24.87647
37.96867
51.60227
56.70705
65.70350
71.76335
84.44351
93.04103
94.53159
12.43824
25.60828
37.01058
46.66381
59.91371
62.20878
75.36575
84.16853
86.58361
98.74645
12.43824
25.34633
39.17920
45.93937
58.46517
70.96875
82.95880
92.80376
101.46109
108.22816
12.43824
17.59150
30.71728
40.71439
53.90084
66.85042
71.93933
77.44901
82.20583
93.53791
12.43824
25.31342
32.47314
40.60219
41.66011
47.59513
53.78962
59.41209
65.87207
78.91633
12.43824
25.16577
38.35270
41.18543
49.52534
62.70826
64.29024
71.24443
74.28090
75.15172
12.43824
25.47620
36.03102
43.50065
56.56055
69.53048
83.18428
86.34663
94.75810
99.59076
12.43824
24.87647
37.31471
49.95528
63.05218
76.57733
83.28104
87.52200
95.29938
98.61169
12.43824
20.07583
32.51406
36.82534
49.78974
50.67771
54.41217
63.76461
65.56010
71.51652
12.43824
25.05350
29.48342
41.04020
44.05964
57.08330
70.17849
71.57887
76.01345
81.50680
12.43824
17.83505
30.87574
43.71680
56.23043
69.81586
80.25358
89.75375
96.56302
98.33873
12.43824
25.17322
37.56450
44.14146
52.01668
64.45491
65.45060
70.12736
82.98771
84.24751
12.43824
24.87647
37.31471
50.46095
59.46766
69.20997
78.25121
89.87861
96.42192
102.25514
12.43824
22.05011
34.48834
46.92658
49.84013
60.13959
62.86745
65.07684
78.12208
91.22884
12.43824
24.87647
35.37554
46.50493
50.26334
62.70158
66.22883
78.96267
80.80961
82.29782
12.43824
23.60342
31.05863
33.66677
42.46068
54.35341
66.54095
66.85168
79.46460
87.60815
12.43824
24.87647
37.93518
51.04556
54.40665
63.65856
66.07324
73.61518
74.74113
76.46259
12.43824
24.87647
29.43311
41.91009
43.16954
52.71241
65.15064
76.21874
82.20520
92.04114
12.43824
24.87647
37.76813
44.70187
55.33659
67.77482
79.89009
81.76106
95.46049
106.34535
12.43824
24.87647
35.95931
47.53776
60.08253
70.41873
74.82623
84.29851
90.80378
91.21561
12.43824
24.66077
37.23423
49.67247
61.38982
62.85211
74.46105
80.40784
81.50845
89.87193
12.43824
24.87647
25.81187
36.98819
50.32669
58.55447
64.91721
72.33599
78.49198
79.35903
12.43824
24.87647
28.55193
39.29656
47.34406
55.85122
68.93389
76.67483
78.07701
90.51525
12.43824
14.22408
27.02177
40.00270
45.32871
54.39763
66.87474
79.39172
80.77987
90.85054
12.43824
25.52792
36.93547
50.36429
63.44923
73.48039
75.91644
80.65902
85.52310
90.79174
12.43824
24.87647
-1.00000
-1.00000
-1.00000
-1.00000
-1.00000
-1.00000
-1.00000
-1.00000
12.43824
25.29819
39.11084
51.59505
64.14442
69.82387
81.65685
86.55324
88.30194
99.11657
12.43824
24.87647
37.97845
49.55500
58.44814
71.37585
72.83429
85.87272
94.48458
108.26817
12.43824
25.18467
33.86127
42.41795
50.74921
61.17431
71.35582
82.67472
84.79054
97.23206
12.43824
24.87647
34.34469
41.53156
52.54725
65.08118
70.98122
78.72671
83.77907
93.64327
12.43824
25.05651
37.80134
41.13910
50.60081
58.75600
64.19030
69.99658
79.58501
89.46730
12.43824
25.32828
35.30942
48.24861
60.68684
73.12508
82.62881
93.91858
103.41233
115.75489
12.43824
24.87647
37.31471
50.41930
52.51781
65.29493
72.21146
74.54169
76.76762
80.92885
12.43824
25.10262
37.54753
44.42293
55.13088
67.72281
80.16104
91.10733
92.43940
100.36777
12.43824
25.62407
31.46493
39.70859
48.31094
60.52029
70.09314
78.18394
91.34867
92.64586
12.43824
23.49153
27.73356
39.83358
40.23951
52.67079
62.70171
73.09123
75.67516
88.11339
12.43824
24.87647
37.09267
49.67598
62.11421
75.63418
89.08206
95.56910
98.32984
107.87344
12.43824
24.97673
37.08152
46.56846
56.65882
67.41511
76.95732
86.82209
92.28534
93.39300
12.43824
25.60751
37.07079
49.50902
59.94432
72.83395
85.33927
92.94141
94.62519
106.31924
12.43824
24.87647
37.31471
49.30979
52.46633
66.29607
77.50616
78.77083
79.64472
90.29749
12.43824
24.26302
36.37561
37.23513
46.54698
49.40126
51.16015
62.94950
63.88518
74.64495
12.43824
24.87647
37.31471
48.88183
61.32006
74.70104
80.05192
92.49452
106.20515
116.44438
12.43824
24.87647
37.31471
50.28222
60.44357
68.92504
75.94913
83.64847
86.57054
98.57504
12.43824
25.32760
38.48470
48.88485
62.00746
74.44570
82.30965
96.00745
106.13451
111.31994
12.43824
24.87647
35.45450
41.35278
52.13374
58.39637
71.14771
84.15348
88.73238
94.95895
12.43824
24.87647
37.64487
43.86063
55.16986
68.04930
78.92629
90.49101
99.73468
107.05711
12.43824
24.87647
38.14962
48.46577
55.15891
66.14611
78.70956
90.08474
102.52298
104.20162
12.43824
24.87647
36.82157
49.25981
62.14026
73.91906
86.35730
96.83049
108.86396
117.51832
12.43824
25.44984
28.99424
42.24720
55.20999
64.65587
76.99348
81.16517
82.12399
94.90958
12.43824
24.87647
31.06054
43.49877
51.01289
62.16995
75.48974
86.35996
97.77134
111.01893
12.43824
21.36107
30.00437
37.85775
50.97157
60.67374
62.24048
72.06686
72.74383
83.53065
12.43824
24.87647
32.43977
45.36438
56.33031
69.50576
77.85159
90.86094
104.51546
105.59968
12.43824
24.87647
37.84110
50.51523
63.64646
66.61371
75.05877
88.27789
101.31036
102.54685
12.43824
25.36058
37.79881
49.00965
61.29240
71.86743
84.69583
97.40604
106.24565
110.60712
12.43824
24.87647
35.77293
49.46078
51.45062
61.77649
74.21472
82.44667
91.77653
104.68495
12.43824
22.38521
35.25888
47.69712
55.14646
67.95184
68.86289
81.87547
92.38600
105.56312
12.43824
24.87647
33.94393
43.89006
53.25627
61.98229
70.00819
81.38451
94.25248
98.83771
12.43824
24.87647
37.31471
49.84494
62.89568
75.64195
88.75594
101.42183
113.04496
120.41782
12.43824
24.47209
27.30067
39.73891
47.36364
60.54914
69.78765
70.55774
74.63717
80.78081
12.43824
24.87647
37.69940
50.13764
63.34965
73.42577
75.59704
76.71886
81.20173
93.37828
12.43824
24.87647
37.73860
50.69606
63.44255
77.30809
87.21365
99.47996
103.15445
107.76578
12.43824
23.20968
26.59073
33.82101
39.13324
52.07448
62.38561
65.00789
65.10820
70.22087
12.43824
23.76935
33.53257
35.06032
47.49856
51.31597
60.81382
74.53679
75.76360
82.15893
12.43824
25.61860
38.05683
51.19197
63.09898
75.53721
85.59218
99.04089
112.33679
124.73382
12.43824
25.49737
32.36749
45.48168
53.57244
54.23572
55.99499
65.19477
76.96454
79.18102
12.43824
15.17169
27.60993
40.77769
48.08436
60.92153
73.35977
86.21863
90.07623
91.01886
12.43824
25.06760
35.63324
40.93126
43.45482
45.81775
53.41695
58.67260
63.70856
65.01467
12.43824
21.48616
30.57250
43.71065
56.79366
57.66718
60.12113
63.83774
66.07965
66.30403
12.43824
24.87647
37.37079
50.55506
63.39187
74.77825
84.28039
95.69789
106.04410
116.29523
12.43824
24.97156
36.22055
38.73071
48.88037
50.55443
52.91984
59.06187
69.90534
70.85596
12.43824
25.47739
28.09449
40.53273
43.72052
50.49282
62.51218
63.98942
76.97074
90.07115
12.43824
24.87647
36.99177
49.97564
59.32701
72.20201
83.26707
89.69318
103.81010
107.20172
12.43824
25.49581
37.93405
50.90285
59.82977
64.93928
77.53615
82.86603
93.67711
94.53910
12.43824
24.87647
32.82536
45.26359
52.60966
58.57002
70.71629
81.08175
91.54928
102.30702
12.43824
24.87647
37.83424
51.74897
62.05197
75.51610
82.27032
94.70855
98.37030
111.54891
12.43824
25.61171
36.39443
43.33149
56.50346
68.94170
81.30262
91.77445
99.70756
112.14579
12.43824
24.87647
38.09759
50.53582
63.44317
67.00423
69.54381
82.62115
91.86959
101.24347
