12.43824
24.87647
37.31471
49.75295
62.19118
74.87652
87.31475
98.10331
106.13751
118.57575
12.43824
24.87647
37.31471
50.49435
62.93259
75.37082
87.80906
100.24729
112.68553
124.61461
12.43824
24.87647
37.31471
49.75295
62.89309
75.73502
88.42549
100.86373
111.48113
123.91937
12.43824
24.87647
37.31471
49.75295
62.86254
75.30078
88.33816
100.76053
113.19877
125.63700
12.43824
23.32306
35.76130
48.19953
60.63777
73.07600
85.51424
97.98017
109.03797
121.47620
12.43824
24.87647
37.31471
50.41820
63.23791
71.82174
84.25997
96.69821
109.57651
123.11420
12.43824
24.87647
37.31471
49.75295
62.19118
75.34057
87.77880
100.21704
108.56784
121.57281
12.43824
24.87647
37.31471
49.75295
62.19118
74.62942
87.06765
99.50589
112.29446
124.73270
12.43824
24.87647
37.31471
49.75295
62.53958
74.97782
87.41605
100.08628
112.52452
126.34181
12.43824
15.24208
28.39523
36.59787
49.03611
61.47434
73.91258
86.35082
98.78905
111.24756
12.43824
24.87647
37.31471
49.75295
62.17365
74.61189
87.05012
99.48836
109.46649
117.56275
12.43824
24.87647
37.90499
50.34322
62.78146
75.21970
87.65793
93.24471
105.68295
118.12118
12.43824
24.87647
37.31471
49.75295
62.19118
74.62942
87.06765
100.22521
106.77335
119.21159
12.43824
24.87647
37.61780
50.05604
62.49428
74.93251
87.37075
99.80898
112.74766
125.18590
12.43824
25.08180
37.52004
49.95827
62.39651
74.83475
81.21135
93.64959
107.46843
119.90667
12.43824
24.87647
34.63857
47.07680
59.51504
71.95328
85.11913
94.42267
106.86091
119.89166
12.43824
24.87647
37.31471
49.75295
62.19118
74.62942
87.06765
99.50589
112.60390
125.77165
12.43824
24.87647
37.95651
51.09716
63.25113
75.68936
88.12760
100.56584
113.07008
125.44227
12.43824
24.87647
37.31471
49.75295
62.19118
75.24261
87.68085
100.11908
112.86364
126.01288
12.43824
24.87647
37.31471
49.75295
62.19118
75.21226
87.65049
96.50335
108.94158
121.37982
12.43824
24.87647
37.31471
49.75295
62.19118
74.62942
85.41494
97.85317
109.61399
114.85550
12.43824
24.87647
37.63369
50.54719
62.98543
75.91828
88.35652
100.79475
113.23299
126.65384
12.43824
24.87647
37.31471
49.45518
61.89342
74.33166
86.76989
98.34161
110.77985
117.30830
12.43824
24.87647
37.31471
49.75295
62.46985
75.51076
88.57067
101.00891
113.44714
125.88538
12.43824
24.87647
37.31471
49.75295
62.19118
75.36871
87.80695
99.53801
100.76449
113.20272
12.43824
24.87647
37.31471
49.47489
61.91312
74.35136
87.53625
99.97448
112.41272
125.40128
12.43824
25.37235
37.81059
50.24882
62.68706
75.12530
84.37521
90.99472
103.43296
116.20991
12.43824
24.87647
37.31471
49.75295
62.37118
74.80941
88.21094
101.35813
113.79637
121.30640
12.43824
24.87647
37.31471
48.66603
61.10426
74.29105
86.72929
99.16753
112.31214
122.38977
12.43824
24.87647
37.31471
49.88824
63.05241
75.49064
87.92888
101.08282
107.48623
119.92446
12.43824
24.87647
37.31471
49.75295
62.19118
74.62942
87.06765
94.91613
108.04071
112.93413
12.43824
24.87647
37.31471
49.75295
62.19118
75.31214
87.36616
99.80440
112.24263
124.71118
12.43824
24.87647
37.31471
49.75295
62.19118
74.62942
87.06765
99.82564
113.29479
125.64427
12.43824
24.87647
33.59018
46.02890
58.46714
70.90537
83.88034
96.89273
100.60379
108.88939
12.43824
24.87647
37.31471
50.50074
63.02830
75.46654
83.73840
96.17664
108.61488
110.45165
12.43824
24.87647
37.31471
49.75295
62.19118
75.04301
88.16187
99.31590
111.75414
119.78786
12.43824
24.87647
37.31471
49.75295
57.47520
70.65630
83.09454
95.53277
107.91089
120.34913
12.43824
24.87647
37.31471
49.75295
62.19118
75.21372
87.65196
100.69743
113.67870
126.11693
12.43824
24.87647
37.31471
49.75295
62.19118
74.62942
87.43558
93.86009
106.29833
118.73657
12.43824
24.87647
37.31471
49.75295
62.19118
74.62942
87.18478
99.62302
112.06126
124.49949
12.43824
24.87647
37.31471
49.75295
62.19118
75.15199
87.59023
100.52494
114.21431
126.65254
12.43824
24.87647
37.31471
50.30013
62.73836
75.17660
82.14703
89.83019
101.71134
114.88777
12.43824
24.87647
37.31471
49.75295
62.19118
75.29001
87.72824
100.16648
110.82194
124.36739
12.43824
24.87647
37.31471
49.75295
62.89630
75.33454
86.26783
98.70607
107.12852
118.90994
12.43824
24.87647
38.03693
50.47516
62.91340
75.49551
88.54072
101.57151
112.61018
125.42992
12.43824
24.87647
37.31471
49.87515
62.31339
74.75162
87.31940
99.75764
112.19587
121.07172
12.43824
25.47927
37.92185
50.36009
58.80191
71.24015
83.85754
96.29578
102.05584
114.49407
12.43824
24.87647
37.31471
50.49585
62.93408
75.37232
88.39353
101.40159
114.37073
116.15484
12.43824
24.87647
25.64671
38.08495
51.21745
63.65569
72.03756
84.60258
98.26941
106.74740
12.43824
24.87647
37.31471
49.75295
59.44644
72.63273
85.80082
98.35936
103.65589
116.09412
12.43824
24.87647
37.40284
49.84108
62.27931
75.09430
87.53253
99.97077
113.14444
125.64437
12.43824
25.52007
37.95830
50.59724
63.03548
75.47371
87.91195
100.35018
112.78842
125.22666
12.43824
24.87647
37.41568
49.85391
57.06250
69.50074
81.93898
94.37721
100.15225
113.33604
12.43824
24.87647
37.31471
49.75295
62.19118
75.22862
86.60786
89.29426
101.73250
114.17074
12.43824
24.87647
37.31471
49.75295
62.19118
74.73796
87.17619
99.61443
113.00563
125.45785
12.43824
24.87647
37.31471
49.96356
61.95327
74.39151
83.80851
92.96767
105.40590
116.27289
12.43824
24.87647
37.31471
49.75295
62.19118
74.62942
87.06765
99.50680
111.94504
125.19115
12.43824
24.87647
37.31471
49.75295
62.36993
75.41705
87.85529
100.29353
112.73176
125.17000
12.43824
24.87647
34.88417
47.32240
59.82179
72.26003
83.99414
96.43237
109.74862
122.18685
12.43824
24.87647
37.66786
50.10610
62.54433
74.98257
87.42081
97.22576
109.94864
122.38687
12.43824
24.87647
37.31471
49.75295
62.19118
74.62942
87.06765
99.74748
112.62005
121.66272
12.43824
24.87647
37.31471
49.75295
62.19118
74.76548
87.20372
99.64196
111.71126
124.14950
12.43824
24.87647
37.31471
49.75295
62.19118
74.62942
87.06765
99.50589
111.94413
125.58089
12.43824
24.87647
37.31471
49.75295
57.66952
70.61295
83.55474
95.99298
104.11879
116.63635
12.43824
24.87647
37.31471
49.75295
62.19118
74.62942
86.64228
99.46097
111.89921
124.33745
12.43824
24.87647
37.31471
49.75295
62.41804
74.85628
87.29452
99.73275
112.71918
123.10152
12.43824
24.87647
37.31471
49.67697
62.11521
74.55345
87.14383
99.58207
112.02031
124.45854
12.43824
24.87647
37.31471
49.75295
62.19118
74.62942
87.06765
94.31630
105.03387
118.03576
12.43824
24.87647
37.31471
49.75295
62.19118
74.71266
87.15089
99.58913
112.02737
125.48221
12.43824
24.87647
37.31471
49.75295
62.31199
74.75022
87.18846
99.62669
112.06493
123.69886
12.43824
24.87647
37.31471
49.75295
62.19118
74.13095
86.56919
99.55324
111.99147
124.42971
12.43824
24.87647
33.73787
46.17611
58.61435
71.05258
83.49082
96.58707
109.02530
121.46354
12.43824
24.87647
37.31471
50.44533
62.88356
75.32180
87.81105
100.99755
114.42909
126.86732
12.43824
23.97143
36.40967
48.84790
61.28614
73.72438
86.16261
98.60085
111.03908
123.47732
12.43824
24.87647
37.31471
49.75295
62.12247
74.56071
87.25879
100.44121
112.87945
123.71699
12.43824
24.87647
37.31471
49.75295
62.19118
74.62942
87.64151
100.07975
112.51798
124.95622
12.43824
24.87647
37.31471
50.21528
62.65352
73.21643
85.70019
98.13843
110.57667
119.39969
12.43824
24.87647
37.31471
49.75295
58.65423
71.09247
83.53070
96.62301
109.06124
121.79836
12.43824
25.58965
38.02789
50.46613
62.90436
75.34260
87.78084
100.21907
108.73600
112.58773
12.43824
24.87647
37.31471
49.90111
62.33934
75.39527
87.83351
100.27174
112.70998
126.55883
12.43824
24.87647
37.31471
49.75295
62.19118
74.62942
87.06765
99.50589
112.45438
125.79137
12.43824
24.87647
37.17959
49.61783
62.05606
74.49430
87.06969
99.64189
112.08013
125.08180
12.43824
24.87647
37.31471
49.75295
62.19118
69.02928
80.00376
91.73318
104.17141
108.69798
12.43824
21.80450
24.92029
37.35853
49.79676
62.23500
74.54899
86.98722
99.42546
111.86369
12.43824
24.87647
37.31471
49.75295
62.19118
74.62942
87.06765
99.50589
111.94413
125.47879
12.43824
24.87647
37.81891
44.51698
56.95522
69.39345
81.83169
94.23915
107.09336
120.08396
12.43824
24.87647
37.31471
49.75295
56.24806
68.68630
81.75366
94.19190
106.64151
119.07974
12.43824
24.87647
37.31471
49.75295
62.19118
69.55157
82.68254
95.12077
107.55901
119.99725
12.43824
25.41161
37.84984
50.28808
62.91801
75.35625
87.79448
100.89419
109.95691
122.39514
12.43824
24.87647
37.31471
49.75295
57.80784
69.14460
81.70158
94.13982
106.57805
119.81812
12.43824
24.87647
37.31471
49.75295
62.19118
74.62942
87.13523
99.57347
112.01171
124.44639
12.43824
24.87647
37.31471
49.75295
62.19118
74.79794
87.23617
99.67441
102.91074
112.81111
12.43824
24.87647
37.31471
49.75295
62.19118
74.62942
83.16281
95.60105
106.06124
118.49948
12.43824
24.87647
37.31471
50.49896
62.93720
75.37543
86.83600
90.73484
103.17308
115.61132
12.43824
24.87647
37.31471
49.75295
62.19118
74.62942
87.06765
99.50589
111.94413
124.61788
12.43824
24.87647
37.31471
49.75295
62.19118
75.36528
87.80352
100.76618
113.20442
120.75478
12.43824
24.87647
37.31471
49.75295
62.19118
75.23419
87.67242
100.73199
113.88721
126.12643
12.43824
24.87647
37.31471
49.75295
62.19118
74.62942
87.10932
99.54756
112.67538
125.11362
12.43824
24.87647
37.31471
50.39053
62.82876
75.26700
87.70524
100.86945
113.30769
125.74592
12.43824
24.87647
37.31471
49.75295
62.19118
75.37261
87.81085
93.88258
107.05412
116.29385
