12.43824
24.87647
37.67916
50.11739
63.25389
75.69213
88.13036
99.16994
109.30831
121.74654
12.43824
24.92288
37.36112
44.86879
58.34165
70.77989
83.54686
95.98510
109.12066
120.60434
12.43824
24.87647
37.31471
49.75295
58.28354
70.72177
83.16001
95.59825
108.03648
120.51800
12.43824
24.87647
37.31471
45.23351
58.00857
70.44680
82.88504
93.88125
106.93766
120.06055
12.43824
24.87647
37.31471
49.75295
62.19118
74.62942
84.59401
97.56530
110.00354
123.18897
12.43824
24.87647
37.34390
49.78214
61.35542
69.23934
81.67758
93.52603
105.62798
112.39442
12.43824
24.87647
37.31471
49.75295
62.32534
66.36039
78.28753
89.10142
92.90181
102.98143
12.43824
24.87647
37.95495
50.39319
62.83142
75.26966
88.22252
100.66076
114.12242
127.09703
12.43824
24.87647
37.31471
49.75295
62.91288
76.09245
84.60703
90.94676
103.95907
115.65220
12.43824
24.62928
37.34749
49.64181
62.08005
74.51828
82.41749
94.85572
107.29396
110.81775
12.43824
24.87647
37.31471
49.75295
62.61405
75.05229
86.92560
99.36384
107.94478
120.38302
12.43824
24.87647
33.42109
45.85932
58.87221
71.48227
83.92051
96.35105
109.49426
122.75571
12.43824
24.87647
37.31471
49.75295
62.93710
75.37534
88.34984
99.85281
111.41335
124.51252
12.43824
24.87647
31.19890
38.41924
50.85748
63.29572
75.73395
88.17219
100.61042
113.11677
12.43824
22.17210
34.61034
47.04858
59.48681
71.92505
84.61605
97.05429
107.21182
119.65005
12.43824
24.87647
32.05988
44.84729
56.96300
69.40124
80.83686
90.63850
103.07673
115.51497
12.43824
24.87647
37.31471
50.48928
62.92751
75.36575
87.91219
101.09214
104.86490
117.08093
12.43824
24.87647
37.56670
44.01048
57.15094
69.58918
82.01219
94.45043
106.88866
116.69276
12.43824
24.87647
37.31471
49.75295
62.19118
75.09178
88.10526
101.29230
112.96209
125.40033
12.43824
25.40600
37.84424
50.28248
62.72071
75.15895
87.59719
93.58902
106.42350
118.86173
12.43824
24.87647
37.75853
50.19676
63.10944
75.54767
83.57066
96.16860
104.10493
115.48219
12.43824
24.87647
37.30651
43.36651
55.80475
64.77743
77.21566
89.65390
102.09213
115.15701
12.43824
24.87647
36.92750
42.83260
52.46668
64.90491
77.34315
91.19820
104.00382
109.15984
12.43824
24.87647
37.57392
50.01216
62.98652
76.16149
88.92795
102.04990
114.48813
126.92637
12.43824
24.87647
37.31471
49.75295
62.21388
74.65212
87.09035
100.03501
108.05284
120.49107
12.43824
24.87647
37.31471
50.42359
62.86182
75.30006
87.06765
100.85772
114.23489
121.68747
12.43824
25.60166
38.03990
50.49456
62.93280
75.37104
82.28314
95.13421
107.57727
120.27938
12.43824
24.87647
37.31471
49.75295
62.85109
75.28933
87.91441
98.19286
111.13258
123.90081
12.43824
24.87647
37.31471
49.75295
62.19118
63.06256
73.61833
86.05657
96.25085
104.22758
12.43824
24.87647
37.31471
49.75295
62.19118
74.62942
87.06765
101.20114
112.31510
125.10858
12.43824
24.87647
37.31471
49.90121
62.33944
74.77768
87.21591
100.12657
110.30451
122.76046
12.43824
23.81476
36.25299
48.69123
61.12947
73.56770
86.68440
99.12264
111.92041
125.85453
12.43824
24.87647
38.06138
50.49962
63.15953
76.29690
88.73514
101.80798
114.07660
125.95648
12.43824
24.87647
36.31434
48.80997
61.24820
73.68644
84.08010
96.96920
103.86104
113.65137
12.43824
24.87647
36.76287
49.36682
62.45322
74.89146
85.16462
97.45521
109.49064
118.98406
12.43824
24.87647
37.31471
50.28278
63.44995
68.09358
80.53181
92.97005
106.12701
119.30717
12.43824
25.42762
37.86586
50.30409
56.69646
66.59027
79.02851
91.84275
104.50018
116.57510
12.43824
24.87647
37.31471
50.06044
62.49867
75.24616
87.68440
100.44786
112.26237
126.17770
12.43824
24.87647
37.31471
50.43049
62.86873
75.30696
87.95713
97.98680
111.12598
123.56421
12.43824
24.87647
37.31471
49.75295
62.23302
74.67125
82.39002
95.04271
109.19151
121.97302
12.43824
24.87647
37.31471
49.75295
62.42472
76.05793
88.49616
101.68266
114.62639
127.06462
12.43824
24.87647
37.31471
50.58439
63.02263
75.46086
79.72577
90.37997
103.12622
116.03095
12.43824
24.87647
37.31471
49.75295
62.19118
72.69850
85.13674
97.57497
102.20194
114.43292
12.43824
24.87647
37.31471
49.75295
62.72738
75.69765
88.13589
100.57412
113.32949
126.66560
12.43824
24.87647
37.37710
49.81534
62.25358
75.40970
76.25226
86.74812
94.10538
98.56611
12.43824
24.87647
37.31471
49.27937
61.71761
74.15584
87.32879
100.32719
112.76543
119.03109
12.43824
25.58291
32.13986
44.57810
57.10565
69.54389
81.98213
94.42036
105.10421
117.54245
12.43824
24.87647
37.35345
45.10655
57.54479
70.47733
83.48500
94.84741
107.75817
108.79806
12.43824
24.87647
37.86580
50.30404
61.43107
73.86931
82.38919
86.73213
95.76364
106.01593
12.43824
24.87647
37.31471
47.05784
58.77274
70.21092
83.38563
96.02829
109.30863
121.04631
12.43824
24.87647
36.23879
48.67702
61.63618
69.41227
82.25909
95.29684
100.05802
112.49625
12.43824
25.37755
37.81578
49.10781
61.84642
74.28466
86.72290
99.16113
112.94024
125.37847
12.43824
24.87647
37.71592
50.15416
52.77395
65.21219
77.65042
90.08866
91.75999
104.93968
12.43824
24.87647
37.31471
49.84745
62.28569
75.44476
88.61526
96.28179
109.04696
121.48520
12.43824
24.87647
37.31471
50.43193
62.87016
76.02093
87.60508
100.04332
112.52022
125.35528
12.43824
24.87647
37.31471
48.88411
51.21782
63.65606
76.84067
78.51325
90.95148
103.80979
12.43824
24.87647
37.31471
49.75295
62.19118
74.62942
87.70887
91.77230
104.21054
116.68506
12.43824
24.87647
36.95902
49.39726
62.24859
74.68682
87.12506
99.56330
112.50866
124.94690
12.43824
24.87647
33.91870
46.35694
58.57176
71.00999
81.58911
94.77361
96.04876
108.48699
12.43824
24.87647
37.61365
50.77934
63.21758
75.65582
88.09405
93.48148
95.11536
108.19777
12.43824
24.87647
37.31471
50.27011
63.40692
75.84515
88.28339
101.16222
114.34052
120.61194
12.43824
25.43658
37.87482
50.31306
63.49758
76.58317
89.02140
101.77934
114.83233
121.58493
12.43824
24.87647
37.31471
49.75295
59.33201
71.77024
82.20166
94.63989
107.07813
119.28319
12.43824
24.87647
37.31471
50.26330
56.91361
66.67253
79.71911
92.15734
100.41782
113.29373
12.43824
24.87647
37.31471
50.11831
61.48911
73.92735
86.38461
98.52501
111.61392
124.05216
12.43824
24.87647
37.31471
49.75295
62.27760
74.71583
86.23361
96.58849
109.37682
112.63536
12.43824
24.87647
37.31471
47.53311
59.97134
69.81341
83.29639
96.73931
110.40405
122.84228
12.43824
24.87647
37.31471
49.75295
63.37227
75.84507
88.28330
98.32599
112.00429
125.58953
12.43824
25.14590
37.58413
50.02237
62.46061
75.63430
85.47663
97.91487
110.80752
120.04604
12.43824
24.87647
38.06072
50.49896
60.12778
72.92739
85.36563
98.93379
111.37202
118.10962
12.43824
24.87647
33.67228
46.11052
58.54875
70.98962
83.42786
95.98223
109.16507
122.47281
12.43824
24.87647
37.31471
49.75295
62.19118
75.36798
87.80621
99.74962
111.65267
124.09090
12.43824
24.87647
37.31471
50.38706
62.82530
75.26353
88.33234
101.46969
114.71599
127.15423
12.43824
25.27981
37.71805
50.15629
62.59452
75.03276
88.61573
99.48058
111.10032
122.63922
12.43824
24.87647
37.31471
49.75295
59.48766
72.59539
85.26235
97.96459
110.40283
118.16808
12.43824
24.87647
37.45571
49.89395
62.33218
74.22359
87.34180
99.78004
110.83844
121.77072
12.43824
24.87647
37.31471
48.72969
61.16793
73.12142
85.85336
98.89244
111.33067
117.00184
12.43824
24.87647
37.49264
49.93087
55.00095
67.43918
79.90669
90.85424
103.29247
115.75872
12.43824
16.84511
29.28334
41.72158
54.15981
66.59805
79.78146
92.21970
99.61326
112.77589
12.43824
24.87647
37.99195
49.25637
61.69461
75.11831
87.55654
100.68342
112.26510
125.44963
12.43824
24.87647
37.31471
49.78854
61.97952
74.48745
87.16626
99.60449
112.91575
125.42585
12.43824
24.87647
37.82153
50.94889
64.05882
76.49706
88.93529
100.90006
113.48921
127.06748
12.43824
24.87647
37.31471
49.75295
62.21854
73.30536
76.88037
90.55743
102.99567
105.33428
12.43824
24.97224
38.06925
50.50748
62.94572
76.68840
88.22625
100.66449
113.10272
125.06281
12.43824
24.87647
38.03531
50.47355
63.59377
76.03200
88.47024
100.90848
113.09357
126.50487
12.43824
24.87647
38.03661
50.16418
62.60242
75.04065
87.47889
97.54116
109.53087
122.03444
12.43824
24.87647
37.31471
49.75295
52.30995
64.74818
77.89425
90.33248
92.47626
103.30113
12.43824
24.87647
37.31471
49.75295
62.19118
73.12376
80.95799
93.39623
105.09577
107.09441
12.43824
23.86666
36.30490
48.74314
61.18137
73.61961
86.05784
97.90683
106.85572
119.29396
12.43824
24.87647
37.96011
51.14514
57.14207
59.11362
67.87677
80.31500
92.75324
105.19147
12.43824
25.60144
38.03968
50.47791
62.91615
75.35439
88.03160
101.04852
113.48675
126.39562
12.43824
24.87647
37.31471
49.75295
62.19118
74.94977
87.38801
99.82624
112.26448
123.97438
12.43824
24.87647
37.31471
47.86250
60.30074
72.73898
82.58218
95.21285
107.71248
120.15072
12.43824
25.61808
38.05631
47.33361
60.44603
72.88426
83.69303
85.19661
97.65691
110.09854
12.43824
24.87647
37.49804
50.07090
62.77694
75.27913
79.18638
91.06539
104.04998
115.01810
12.43824
24.87647
38.05672
50.49496
62.93319
75.37143
87.80967
93.77841
106.35406
111.25299
12.43824
24.87647
36.22373
48.66196
59.44523
69.34362
82.20704
87.82130
97.72346
110.85712
12.43824
24.87647
37.31471
50.48667
63.61669
76.05492
89.23942
101.67766
114.86042
127.29866
12.43824
24.87647
37.31471
50.50724
63.64754
76.08578
85.70279
97.44348
110.41289
122.85113
12.43824
24.87647
37.31471
49.75295
62.63936
75.27549
83.05380
95.49203
108.13659
119.93349
