12.43824
24.87647
37.31471
49.75295
62.55467
74.99291
87.43114
92.54831
100.24157
112.67980
12.43824
24.87647
37.31471
49.75295
62.19118
74.62942
87.81586
100.25410
111.77398
124.15215
12.43824
24.87647
37.31471
49.75295
58.58753
71.30049
83.73873
96.17697
108.58843
121.79951
12.43824
24.87647
37.31471
47.39892
60.58202
73.02025
86.05877
96.75561
109.56144
121.99967
12.43824
22.51358
34.95182
47.39006
59.82829
72.26653
82.58421
94.64798
106.63633
119.18778
12.43824
24.87647
37.31471
50.34601
63.35485
71.65137
84.08961
96.52784
109.29648
119.63667
12.43824
24.87647
37.31471
49.75295
57.51668
62.81235
75.25059
86.99980
89.50041
97.89925
12.43824
24.87647
37.31471
49.75295
62.19118
74.62942
87.49273
99.93096
113.11748
125.55571
12.43824
24.87647
34.82166
47.25990
60.05081
72.48905
81.65373
94.18837
106.62661
108.33855
12.43824
15.96833
28.40657
40.15504
52.59327
65.03151
77.46975
89.90798
102.34622
108.07160
12.43824
24.87647
37.31471
49.75295
50.10027
62.53851
75.04460
87.48283
92.09156
100.18646
12.43824
24.87647
37.87480
50.31304
62.75128
75.20814
87.64637
87.78195
100.22019
112.99931
12.43824
24.87647
37.31471
49.75295
62.19118
74.62942
87.76974
100.85626
105.16409
117.60233
12.43824
24.87647
28.98417
38.41016
50.84840
63.28664
75.72487
88.16311
100.28244
112.72068
12.43824
25.24105
37.67928
50.11752
62.55576
75.73329
81.53381
93.97205
106.53506
118.97329
12.43824
24.87647
34.93949
47.37773
59.43853
71.87676
85.76747
86.76570
99.20394
104.63531
12.43824
24.87647
37.31471
49.75295
62.19118
74.62942
87.06765
99.50589
108.91551
122.08623
12.43824
24.87647
37.69162
46.18624
59.34860
71.78683
84.22507
96.66331
109.10154
121.47843
12.43824
24.87647
37.31471
49.75295
62.19118
73.74773
86.18597
98.62421
111.58550
124.71581
12.43824
24.87647
37.31471
49.75295
62.19118
75.36277
87.80101
98.63387
111.67168
124.10992
12.43824
24.87647
37.31471
49.75295
62.19118
74.62942
75.51259
87.95083
99.19436
104.54084
12.43824
24.87647
33.97869
37.85033
50.28856
60.33376
72.77200
85.21023
97.64847
110.45849
12.43824
24.87647
37.31471
48.22216
60.66040
73.09863
85.53687
95.69387
108.13210
114.90244
12.43824
24.87647
37.31471
49.75295
55.75734
65.81581
78.66684
91.10508
103.54331
115.98155
12.43824
24.87647
37.31471
49.75295
62.19118
75.30148
87.73972
100.77791
101.17044
113.60867
12.43824
24.87647
37.31471
38.97365
51.41189
63.85012
77.01313
89.45137
101.88961
113.92116
12.43824
24.87647
37.31471
49.75295
62.19118
74.62942
82.87704
84.68457
97.12281
109.56104
12.43824
24.87647
37.31471
49.75295
52.54970
64.98793
78.74767
84.12174
96.55997
103.99821
12.43824
24.87647
37.31471
48.98876
61.42699
62.69434
75.65788
88.09611
98.80401
109.38275
12.43824
24.87647
37.31471
44.07993
55.24319
67.68143
80.11966
93.05402
99.14748
111.89271
12.43824
24.87647
37.31471
48.95615
61.39439
73.83262
86.27086
94.74693
107.22048
111.65483
12.43824
24.87647
37.31471
49.75295
62.19118
75.23853
86.95450
99.39274
111.83098
124.52912
12.43824
24.87647
37.31471
49.75295
62.19118
74.62942
87.06765
100.19637
113.32088
125.76722
12.43824
24.87647
35.01763
45.54913
57.98736
70.42560
83.22073
96.37730
97.21071
102.94784
12.43824
24.87647
37.31471
47.11920
59.55744
71.99567
75.79538
88.23361
101.29056
101.91524
12.43824
24.87647
37.31471
49.75295
62.19118
70.61977
83.79143
95.97283
109.05815
116.04750
12.43824
25.61102
38.04926
50.48750
59.31820
71.25191
83.69015
96.12838
99.71062
112.44060
12.43824
24.87647
37.31471
49.96288
62.40111
75.28595
87.72419
92.99715
106.16834
118.60658
12.43824
24.87647
37.31471
49.75295
62.19118
74.62942
84.45230
90.53866
97.81740
110.25564
12.43824
24.87647
37.31471
49.75295
62.90196
75.34019
78.25596
90.69420
103.13243
115.57067
12.43824
24.87647
37.31471
49.75295
62.84149
75.49534
87.93358
101.06185
102.88447
115.32270
12.43824
20.26827
32.70651
44.42054
56.85878
69.29701
74.59450
77.49613
90.52542
102.96370
12.43824
24.87647
37.31471
49.75295
62.19118
75.15661
87.59485
100.03308
103.61501
112.50797
12.43824
24.87647
37.31471
49.75295
62.19118
74.62942
78.58653
91.02477
99.71719
107.29335
12.43824
24.87647
37.31471
49.75295
62.19118
75.19933
76.98894
87.20831
95.60520
102.35109
12.43824
24.87647
37.31471
49.93902
62.37726
74.81549
76.51521
88.95345
101.39168
101.60413
12.43824
18.98223
27.85811
40.29635
46.45246
58.89070
71.32894
83.76717
84.25194
96.69018
12.43824
24.87647
37.31471
48.17220
60.61044
73.04867
81.55098
89.01804
101.45627
101.88706
12.43824
24.87647
25.76178
38.20002
50.96248
63.40071
66.87158
74.51875
81.91133
84.01248
12.43824
24.87647
37.31471
49.75295
60.44026
72.92324
86.02715
98.46539
101.87424
114.31247
12.43824
24.87647
36.54940
48.98764
61.42587
72.46944
84.90768
97.38006
110.63197
123.69093
12.43824
25.61293
38.05117
49.43572
61.87396
74.31220
86.75043
99.18867
112.28276
124.72100
12.43824
24.87647
37.31527
49.75350
52.44660
64.88484
77.32308
89.76131
91.68708
104.75608
12.43824
24.87647
37.31471
49.75295
62.19118
70.67761
80.35553
82.41729
94.85552
107.29376
12.43824
24.87647
37.31471
49.75295
62.19118
74.62942
76.27537
88.71361
91.96592
104.40415
12.43824
24.87647
37.31471
47.47767
48.79704
61.23527
72.48152
75.62446
82.14889
89.87496
12.43824
24.87647
37.31471
49.75295
62.19118
74.62942
87.06765
91.83880
104.27704
117.35837
12.43824
24.87647
37.31471
49.75295
62.19118
75.33096
87.76920
100.20743
112.64567
125.08391
12.43824
24.87647
35.20769
47.64593
53.10403
65.54227
78.23050
90.66874
94.25148
106.68971
12.43824
24.87647
37.31471
49.75295
62.19118
74.62942
87.06765
97.79508
98.62796
111.06619
12.43824
24.87647
37.31471
49.65353
62.09176
74.53000
86.96823
99.52234
109.40280
117.48804
12.43824
24.87647
37.31471
49.75295
62.51316
75.00042
87.43866
100.51206
112.88193
116.00359
12.43824
24.87647
37.31471
49.75295
62.65057
75.08881
88.26170
100.86249
113.30073
117.06882
12.43824
24.87647
37.31471
49.75295
57.38105
64.81746
77.90054
90.33878
100.47408
112.91232
12.43824
24.87647
37.31471
49.75295
62.19118
74.62942
84.86187
90.51865
103.69298
116.13122
12.43824
24.87647
37.31471
49.75295
62.35724
74.79548
87.23371
100.40451
113.19431
123.41782
12.43824
24.87647
37.31471
47.17426
59.61250
72.05073
84.53807
96.97631
109.51139
121.94962
12.43824
24.87647
37.31471
49.75295
62.19118
74.62942
87.06765
95.31314
106.87876
119.84943
12.43824
24.87647
37.31471
49.75295
62.19118
75.15013
77.83032
90.26856
102.70680
115.66252
12.43824
24.87647
37.31471
49.75295
62.58836
75.02659
87.46483
99.90307
112.34130
123.70663
12.43824
24.87647
37.31471
49.75295
62.89643
65.92005
78.35829
91.52825
103.96649
116.40472
12.43824
24.87647
33.52042
45.95866
58.39690
70.83513
83.27337
96.45640
108.89464
121.33288
12.43824
24.87647
37.31471
48.42171
60.85994
73.29818
85.73642
98.17497
110.70671
123.14495
12.43824
25.48864
37.92687
50.36511
62.80335
75.24158
88.70837
101.14661
103.58215
116.21135
12.43824
24.87647
37.31471
49.75295
62.50226
74.94388
75.40500
87.84324
100.28147
110.49599
12.43824
24.87647
37.31471
49.75295
62.19118
70.58798
83.33557
95.77381
108.21205
121.01103
12.43824
24.87647
37.31471
47.81593
60.25417
62.58378
75.02202
87.46025
99.89849
108.55372
12.43824
24.87647
37.31471
49.75295
58.96705
71.40529
83.84352
96.39899
108.83722
121.41960
12.43824
17.47813
29.91636
42.35460
54.79283
67.23107
79.66931
92.10754
99.82094
100.07349
12.43824
24.87647
37.46099
50.24640
62.68463
75.12287
87.56111
99.99934
110.61779
123.48785
12.43824
24.87647
37.31471
49.75295
62.93959
75.37783
87.81606
100.25430
112.69653
126.35713
12.43824
24.87647
35.86657
48.30481
53.36303
65.80126
78.23950
91.29678
103.73502
111.59894
12.43824
24.87647
37.31471
49.75295
62.19118
63.50347
69.08373
80.87566
93.31390
93.52803
12.43824
21.50188
23.93404
36.37228
48.81051
61.27689
74.45967
86.89791
99.33615
110.76977
12.43824
24.87647
37.31471
49.75295
62.19118
74.62942
87.06765
99.50589
112.40706
125.86465
12.43824
24.87647
37.56714
46.25205
58.69029
71.12852
83.56676
95.79541
108.76772
121.84543
12.43824
24.87647
37.31471
49.75295
54.13130
66.56954
79.70843
92.14667
97.67126
110.54201
12.43824
24.87647
37.31471
49.75295
62.19118
65.58331
78.57123
91.00947
103.44771
114.32160
12.43824
25.50241
37.94065
50.37888
63.03483
75.47307
87.91130
93.47355
93.73446
106.17269
12.43824
24.87647
37.31471
49.75295
57.55136
60.94218
73.38041
85.81865
98.25689
108.95452
12.43824
24.87647
37.31471
49.75295
62.19118
74.62942
80.90266
93.36704
105.80528
116.65725
12.43824
24.87647
37.31471
49.75295
62.19118
74.85813
87.29637
99.73460
101.91505
112.91785
12.43824
24.87647
37.31471
49.75295
62.19118
74.62942
78.17996
90.61820
94.85605
107.29428
12.43824
24.87647
37.31471
48.12354
60.56177
73.00001
83.02028
84.15354
96.59177
109.03001
12.43824
24.87647
37.31471
49.75295
62.19118
74.62942
77.42330
90.54526
102.98350
115.70525
12.43824
24.87647
37.31471
49.75295
62.19118
75.12629
87.60260
95.89379
108.33203
113.04774
12.43824
24.87647
33.28269
45.72093
58.69165
71.87043
84.30866
94.73660
107.92054
120.69426
12.43824
24.87647
37.31471
48.13378
60.57201
73.01025
85.88056
98.31880
111.49381
123.93205
12.43824
24.87647
37.31471
50.37628
62.81451
75.25275
88.04781
101.15149
113.58973
126.02797
12.43824
24.87647
37.31471
49.75295
62.82498
75.95320
88.39271
91.38632
96.94404
106.57206
