12.43824
24.87647
37.31471
50.37344
56.41934
67.77898
80.41319
82.39222
85.19775
98.73126
12.43824
24.87647
37.31471
47.25893
60.45171
72.88994
80.02048
87.94465
92.12686
97.66581
12.43824
25.01906
37.45729
50.60001
53.90483
62.45359
74.08276
86.65699
92.22991
96.05061
12.43824
24.87647
37.78704
41.71993
49.01234
62.17814
68.81670
72.24956
80.63595
90.97993
12.43824
16.36633
28.80457
41.50271
53.94095
67.04338
71.10498
76.82718
82.15136
91.72741
12.43824
24.87647
38.04795
43.95110
50.35703
53.41548
66.59839
78.98482
84.03221
85.75884
12.43824
24.87647
37.31471
49.75295
52.57788
54.48085
65.71993
70.85123
71.00614
74.11063
12.43824
24.87647
37.48876
49.92700
62.36523
72.61766
78.01946
90.98233
94.96526
103.74080
12.43824
24.87647
28.73474
41.17298
47.62339
60.77740
63.80627
69.51234
82.55610
82.67111
12.43824
13.63858
23.06887
24.19845
36.63669
48.69945
59.52560
71.21960
83.65784
85.66051
12.43824
24.87647
37.99452
51.18123
51.29613
62.02627
69.63497
82.93291
84.70425
87.67309
12.43824
24.87647
31.26012
43.69836
54.64895
64.43765
77.88387
77.92776
88.96904
97.40288
12.43824
24.87647
37.31471
49.75295
60.20365
73.53817
81.30810
89.08121
90.33404
100.74883
12.43824
24.87647
26.28204
29.87295
43.05264
55.49088
65.16606
77.30655
82.60036
96.37338
12.43824
18.48565
30.92389
43.36213
55.63948
62.63650
64.66787
76.31831
78.16188
88.18332
12.43824
24.87647
28.79790
40.42506
45.66752
58.39215
60.94035
60.99874
73.58540
74.94946
12.43824
25.29548
37.73372
48.85984
61.29807
74.95800
87.06879
100.46489
103.78596
108.37419
12.43824
24.87647
33.24618
36.39401
43.86273
57.04975
67.86993
80.07004
89.60392
93.31349
12.43824
24.87647
37.31471
49.83265
62.89259
67.73712
78.80123
88.99580
97.56373
104.96469
12.43824
22.22549
33.62745
46.06568
58.50392
65.54049
77.97873
82.34241
88.85682
99.21985
12.43824
24.87647
34.63825
47.07649
57.51938
70.69978
70.83795
84.59441
85.78347
87.64292
12.43824
25.62412
28.79020
30.11141
42.54965
46.46144
58.89968
68.88965
81.80984
85.90080
12.43824
24.87647
37.45524
41.86477
52.30284
64.74107
77.89220
82.06864
92.31801
93.96816
12.43824
24.87647
38.01952
50.45775
52.56770
56.43035
64.73450
76.70721
88.32119
101.42294
12.43824
24.57290
37.01113
49.44937
61.61683
69.31302
82.19120
87.42286
-1.00000
-1.00000
12.43824
24.87647
37.47642
38.09527
50.75400
63.70480
68.20071
79.52925
91.02742
96.77900
12.43824
25.03111
37.46935
48.52547
61.11466
74.05450
77.09114
77.76560
88.24754
100.89668
12.43824
24.87647
37.31471
49.75295
50.69687
62.95305
65.53788
67.10787
77.12057
79.07677
12.43824
24.87647
37.31471
42.24577
55.82071
56.28976
63.31528
75.75352
78.11476
82.59505
12.43824
25.55684
37.99507
40.40524
44.97840
57.41663
71.20465
76.74850
78.89312
86.69044
12.43824
24.87647
37.31471
42.22135
54.65958
68.35832
79.90229
82.58650
90.74538
91.59939
12.43824
23.14047
35.57871
48.01694
61.92239
69.02566
73.73860
86.17684
96.64144
101.37385
12.43824
24.87647
37.57991
50.01815
62.75892
75.54072
88.68400
93.28304
97.46854
103.58675
12.43824
24.87647
28.84019
33.02395
45.46219
58.64299
64.67925
70.98599
71.03537
73.04272
12.43824
25.46761
34.82710
38.61119
46.91651
59.35475
60.65042
71.70692
74.51521
74.55165
12.43824
24.87647
38.00703
49.40023
61.42557
64.54351
71.95024
74.07647
81.85330
82.38270
12.43824
19.83630
32.28952
44.72776
48.03105
53.72851
66.08797
74.85914
75.70555
84.22495
12.43824
24.87647
37.31471
43.15461
55.70704
62.07070
75.37114
76.68184
84.09198
94.39361
12.43824
24.87647
37.88889
48.33969
60.81836
73.95919
77.92461
80.29286
83.20502
94.32353
12.43824
24.91118
37.34942
49.88754
56.70639
69.37507
70.36085
82.99838
93.82372
104.67228
12.43824
24.87647
37.98712
51.17089
56.07540
61.92232
74.56933
81.30178
81.43006
94.62207
12.43824
15.29178
27.73001
32.69169
45.05923
57.49747
59.33856
60.02746
66.47869
76.19536
12.43824
24.87647
36.91274
50.00954
62.44778
68.76556
81.92815
95.81447
96.95275
99.98620
12.43824
24.87647
37.31471
50.48021
56.67790
69.64063
70.99212
83.41260
85.50763
87.63567
12.43824
24.87647
35.00808
47.44632
60.58616
67.86725
68.49330
72.50025
75.60388
78.00626
12.43824
24.87647
34.64923
43.35103
56.01910
69.12879
69.69797
82.35106
93.68097
93.72926
12.43824
14.75990
18.08441
30.73444
32.90340
45.34164
54.56530
67.35215
67.37983
80.40907
12.43824
24.87647
37.42838
40.21550
52.65373
64.85745
68.00883
70.70764
80.00768
80.15116
12.43824
24.87919
25.17443
38.34210
46.80513
59.62067
60.88699
63.97952
64.59157
65.31436
12.43824
24.87647
37.31471
47.19079
51.46629
60.43953
67.08841
77.38606
78.54378
88.86837
12.43824
24.87647
29.80695
42.24518
55.03973
59.53530
72.15620
81.90302
85.87414
92.21199
12.43824
19.41027
31.84851
36.57088
47.49531
59.60904
72.79576
85.92928
90.95219
103.91404
12.43824
24.87647
33.99123
46.42947
47.33825
60.04878
73.19384
86.49290
86.69594
95.05371
12.43824
25.41617
37.85440
46.85513
58.83729
61.98139
63.47501
63.84274
75.67714
88.67643
12.43824
24.87647
36.71001
48.40668
60.84492
71.82200
72.15537
84.96066
85.51647
97.88177
12.43824
24.87647
37.31471
41.29055
41.36792
53.24758
57.87582
58.94055
60.29157
61.54106
12.43824
22.85883
35.91728
48.35551
60.86569
71.84263
84.39357
85.57858
96.92579
100.47040
12.43824
24.87647
37.60309
49.27805
59.31171
63.45611
76.45025
88.69392
101.87623
114.73588
12.43824
25.59059
29.66001
42.28835
44.01974
56.45798
60.61290
71.40881
71.64298
84.08122
12.43824
24.87647
34.16481
44.72265
57.16089
68.78146
82.14780
83.15605
83.21316
94.63688
12.43824
24.87647
38.07243
43.57180
56.71697
69.27000
81.70824
91.16012
94.44038
97.42908
12.43824
24.89726
37.33550
49.63546
58.10247
67.06587
80.18936
86.31912
89.31405
89.51347
12.43824
24.87647
37.31471
50.17178
56.36762
69.66370
75.71692
81.80646
94.76065
95.01252
12.43824
24.73772
37.17596
50.28918
53.05622
54.77855
56.96964
69.40787
73.36864
79.05814
12.43824
24.87647
37.31471
50.46656
61.34112
74.49236
78.95907
81.01816
88.38900
101.57043
12.43824
24.87647
37.31471
50.08242
58.81941
71.39581
82.17787
89.80723
92.89507
93.75541
12.43824
25.61384
38.05208
41.86504
54.30327
64.60762
74.31809
87.13440
93.91049
107.84397
12.43824
24.87647
37.31471
50.63315
61.29919
72.32498
84.76322
87.96152
89.76072
97.82650
12.43824
22.59275
35.03099
45.89311
58.99955
65.30493
65.68968
78.52924
91.33320
95.72822
12.43824
24.87647
37.95363
50.98795
55.37802
67.30880
77.67120
85.29509
97.73332
100.13506
12.43824
24.87647
34.71598
47.87920
55.44507
56.46827
68.90650
76.32548
86.24964
95.45476
12.43824
25.34560
28.56176
40.99999
53.43823
64.12814
76.39830
83.51271
93.71554
106.86010
12.43824
24.87647
37.40089
40.23582
53.33654
65.77478
76.77267
85.88979
87.67042
98.77164
12.43824
18.93945
32.04797
43.91591
57.09896
69.72786
72.47649
82.87916
83.04704
88.65414
12.43824
24.87647
37.31471
50.49426
55.47731
64.57406
64.60476
74.61847
88.18039
91.10214
12.43824
24.87647
37.87643
50.31466
62.70826
64.38558
72.87450
85.99800
97.55246
104.86911
12.43824
24.87647
37.31471
41.48095
54.63972
55.42364
66.81619
78.60737
89.86582
92.71748
12.43824
24.87647
36.51518
49.68972
53.17609
66.35656
80.02106
86.84554
99.36827
107.78419
12.43824
14.18334
26.62158
39.69105
52.13056
65.24737
76.57968
90.16954
92.59352
92.64174
12.43824
24.87647
33.64876
39.67073
52.93547
62.87661
72.22739
85.40538
89.14424
93.71395
12.43824
24.87647
37.31471
47.97721
55.11631
68.13959
81.28492
93.26766
99.20309
101.60284
12.43824
24.87647
29.33797
42.41095
44.26057
56.69881
66.94123
72.75655
83.26059
84.38944
12.43824
24.87647
37.62561
50.43863
61.79586
62.04391
63.99160
67.31473
79.77484
79.78612
12.43824
15.85188
16.67074
29.10897
41.73914
50.75347
57.80991
70.20673
84.04392
88.80071
12.43824
24.87647
34.09275
47.22064
58.85303
71.79129
84.25385
96.32396
101.10013
104.81535
12.43824
24.95337
31.46988
34.71280
47.30409
59.74232
73.47609
78.18554
83.89314
87.43381
12.43824
24.87647
37.31471
50.37493
51.87790
64.31613
71.09054
84.56733
86.57441
94.98235
12.43824
24.87647
34.67338
47.11161
60.26796
60.71187
69.48455
80.28613
92.81413
95.06103
12.43824
20.27641
32.71464
45.31786
53.96446
66.94327
80.01232
81.68299
81.76984
95.56836
12.43824
24.87647
37.07773
47.83953
50.67931
51.83036
63.52593
76.06149
89.23786
91.68188
12.43824
25.51610
37.95434
49.75620
62.49689
75.22033
77.43510
87.12364
100.54252
101.49879
12.43824
24.87647
38.02169
48.53677
62.24834
68.10364
81.13372
93.77387
94.59202
96.05642
12.43824
24.87647
37.31471
49.39081
58.65176
71.24200
72.44953
83.15784
84.13069
97.29423
12.43824
23.42407
36.39563
40.74458
50.25117
62.68940
66.80307
66.86942
78.85933
92.32841
12.43824
24.87647
37.94481
48.97284
62.00849
74.91739
75.40282
81.85434
95.19123
104.19353
12.43824
25.50727
35.46733
47.90557
60.34487
65.62489
74.61404
77.67017
88.26340
88.64570
12.43824
24.87647
27.98424
40.42248
48.48822
55.49713
68.71203
72.83615
77.16586
83.29488
12.43824
24.87647
37.37274
41.72797
52.13119
64.56943
70.72033
83.31980
90.93461
103.85978
12.43824
25.15801
37.59710
41.47624
54.37584
66.81408
73.26725
80.16114
91.79158
104.22981
12.43824
24.87647
37.31471
49.75295
57.56886
65.19909
74.30814
75.32088
77.26000
80.95279
