12.43824
24.87647
37.31471
49.75295
62.46657
75.78675
88.22498
98.23365
102.89702
115.33526
12.43824
24.87647
37.31471
49.76405
62.20239
74.64063
86.31620
97.57973
110.01797
118.13205
12.43824
24.87647
37.31471
49.75295
62.84348
76.05474
89.18408
102.01671
114.05712
127.82459
12.43824
24.87647
37.31471
46.65241
59.09065
71.52888
82.18080
88.50063
101.65802
114.83400
12.43824
24.98930
37.42754
49.86577
62.30401
74.74225
81.84799
94.22656
107.96223
119.04592
12.43824
24.87647
37.31471
49.65197
61.37815
66.48254
78.92078
91.95171
101.96498
115.18758
12.43824
24.87647
37.31471
49.75295
55.16277
60.43898
73.64313
86.47268
91.57496
104.74666
12.43824
24.87647
37.31471
49.75295
62.19118
74.93889
87.16680
99.60504
112.70371
125.13417
12.43824
24.87647
37.31471
49.75295
63.28518
75.72342
86.88049
96.53063
108.96887
110.87521
12.43824
16.99514
30.24325
43.33876
55.77700
68.66880
81.85339
95.03923
107.47746
117.84676
12.43824
24.87647
37.31471
49.75295
53.71699
66.58098
79.02823
91.46646
101.80596
114.96927
12.43824
24.87647
37.31471
49.75295
62.21730
74.08117
86.51941
97.74830
110.63485
122.95860
12.43824
24.87647
37.31471
49.75295
62.19118
74.62942
83.35650
96.01580
106.73388
118.61245
12.43824
24.87647
32.35805
38.27931
50.71754
63.15578
76.44849
88.88673
101.03089
113.46913
12.43824
25.07807
37.51631
49.95454
62.76723
75.16897
81.28493
94.46797
101.53187
113.97011
12.43824
24.87647
35.62521
48.80782
58.85215
71.35627
80.18013
83.24818
96.10565
103.25361
12.43824
24.87647
37.31471
50.26052
62.69876
75.13699
87.82821
101.01508
114.20188
126.56957
12.43824
24.87647
37.31471
51.15647
62.23090
74.66913
87.58180
100.02004
113.16992
124.13751
12.43824
24.87647
37.31471
49.75295
62.51599
75.70092
88.51656
100.82829
111.35351
123.87169
12.43824
25.10477
37.77580
50.21403
62.65227
75.05134
87.48957
100.45351
110.25147
123.31964
12.43824
24.87647
37.31471
49.75295
62.19118
74.62942
88.71728
101.15552
110.43374
115.96525
12.43824
24.87647
38.05242
42.28855
54.72679
63.18160
75.61983
88.05807
101.60752
109.83446
12.43824
24.87647
37.31471
48.90020
62.08539
74.52362
86.96186
99.40010
112.26335
124.71041
12.43824
24.87647
37.31471
49.75295
58.71120
65.86802
76.34897
88.78721
101.22544
113.66368
12.43824
25.16960
37.60784
50.04608
62.59114
74.74057
87.40070
99.09397
110.81844
123.25667
12.43824
24.87647
37.31471
42.45665
54.89488
67.33312
80.35906
94.26973
107.44676
118.78310
12.43824
24.87647
37.31471
50.49358
62.93182
75.37005
84.98897
88.61001
101.24036
113.83783
12.43824
24.87647
37.31471
49.75295
53.54758
65.98582
78.12886
90.48425
103.66625
117.07213
12.43824
24.87647
37.31471
50.49178
62.93001
75.36825
87.89150
100.32973
111.72975
120.03710
12.43824
24.87647
37.31471
50.27202
58.09147
70.52970
82.96794
93.03604
102.62752
115.44907
12.43824
24.87647
37.31471
50.46028
62.89851
75.33675
88.52086
99.21577
112.00591
120.45640
12.43824
25.50779
37.94603
50.38427
62.82250
75.56446
87.88014
100.31838
113.31326
127.00073
12.43824
24.87647
37.31471
49.75295
62.19118
74.62942
87.06765
100.89834
114.01019
121.96112
12.43824
24.87647
34.59652
39.78076
52.21899
64.65723
77.09781
89.75814
98.02597
102.55789
12.43824
24.87647
37.64764
50.08588
63.19662
75.63485
84.43301
97.51983
111.27739
122.08708
12.43824
24.87647
37.31471
50.49878
62.93702
76.16016
85.92374
93.53822
106.36160
119.25513
12.43824
25.60344
38.04168
50.47991
63.51745
76.36045
89.40742
103.66763
106.15820
117.71023
12.43824
24.87647
37.31471
47.25452
59.69276
69.60756
82.04580
91.98729
103.99672
116.98259
12.43824
24.87647
37.31471
49.75295
62.19118
75.22798
87.22003
98.42344
102.33712
115.46024
12.43824
24.87647
37.31471
49.75295
61.39080
74.13439
81.07615
93.51438
105.95262
119.15734
12.43824
24.87647
37.31471
49.75295
62.35001
71.35586
83.79409
96.23233
106.28708
119.54932
12.43824
24.26287
36.70110
46.62804
59.06628
71.50451
82.94255
94.16252
105.61681
118.74555
12.43824
24.87647
37.96973
50.40797
62.84620
71.17751
84.23355
96.67179
98.77023
103.30673
12.43824
24.87647
37.31471
49.75295
62.61770
75.49501
80.73329
93.36353
100.68966
113.79953
12.43824
24.87647
37.81840
50.25664
62.69488
76.14678
87.56083
100.69166
113.84560
119.15368
12.43824
24.87647
38.05535
50.49359
62.93182
75.37006
87.56688
100.07944
112.59113
126.18963
12.43824
24.28855
29.89506
42.33329
50.90549
63.34373
76.02579
88.46403
98.62605
111.06429
12.43824
24.87647
37.60515
50.04338
62.48162
74.91986
83.96304
96.01431
109.08721
120.39873
12.43824
24.87647
36.09666
48.53490
61.29046
73.72870
86.79498
92.38560
105.02430
116.21551
12.43824
24.87647
37.31471
50.07735
56.65863
69.83994
82.75155
95.68905
98.80023
111.23957
12.43824
24.87647
36.00146
48.43969
60.87793
72.92813
85.43631
98.29380
110.25636
122.59767
12.43824
25.32957
37.76780
50.20604
63.35802
75.79625
88.23449
100.67273
111.98871
124.42695
12.43824
24.87647
37.31471
49.75295
51.57410
64.01234
76.45058
88.88881
98.04608
109.29376
12.43824
24.87647
37.31471
50.94752
63.86485
76.30309
90.03007
95.02040
108.20682
120.64506
12.43824
24.87647
37.62704
50.81407
63.25230
76.36712
78.64036
91.07860
96.09532
109.28953
12.43824
24.87647
37.31471
50.50176
55.60864
68.04688
77.29267
87.02976
91.40715
104.55955
12.43824
25.61816
38.05640
50.49464
62.93287
75.37111
87.80935
98.98043
111.41867
123.39657
12.43824
24.87647
37.44305
50.32654
63.44414
74.86291
87.30115
100.02028
113.14035
126.26741
12.43824
24.87647
38.05825
50.49648
59.63238
72.07061
83.84423
96.35552
102.80827
115.24651
12.43824
24.87647
36.99811
50.24578
62.68401
75.56698
88.34737
100.78561
106.61885
119.79834
12.43824
24.87647
37.31471
49.08482
61.52306
73.96130
86.39953
99.53965
106.65174
116.92181
12.43824
25.03939
37.47763
49.91586
62.39808
75.51037
87.94860
100.45271
109.48331
122.13014
12.43824
24.87647
37.31471
49.75295
62.86866
75.30690
88.01581
97.53788
109.97612
116.65510
12.43824
24.95114
37.38937
49.82761
62.74557
67.67344
77.92614
90.36437
99.39008
112.32439
12.43824
24.87647
37.31471
49.75295
62.89252
75.33076
87.41822
98.06619
109.19929
121.63752
12.43824
24.87647
37.31471
49.75295
61.73387
74.17211
87.41065
98.11405
109.10432
121.38914
12.43824
24.87647
37.31471
48.48494
60.92318
73.51268
86.60724
99.04548
110.71474
123.15298
12.43824
24.87647
37.31471
49.75295
63.07512
76.23984
88.67807
94.27036
102.05157
114.28717
12.43824
24.05596
36.49419
49.63346
62.07169
70.67532
83.11356
95.55180
108.54311
120.98134
12.43824
24.87647
37.31471
49.75295
61.87977
75.06366
88.20743
101.78432
114.22256
121.66787
12.43824
24.87647
37.42661
49.86485
63.00571
64.76634
77.20458
90.14904
103.03690
116.29383
12.43824
24.87647
38.02732
50.46555
62.90379
75.34203
87.46779
100.60613
113.71775
126.15599
12.43824
24.87647
37.31471
45.95235
58.39058
70.82882
83.72808
96.18880
107.32157
120.35778
12.43824
25.45574
37.89397
50.33221
62.77045
75.20868
87.80872
100.27528
110.23545
123.28040
12.43824
24.87647
37.31471
49.95998
57.40957
69.84781
74.90764
88.29295
100.74558
111.02062
12.43824
24.87647
37.31471
49.75295
62.78707
73.35728
84.54938
96.98761
110.07304
123.15349
12.43824
24.87647
37.31471
48.94823
61.38646
63.45626
76.22035
88.65858
101.36136
114.93171
12.43824
24.87647
37.90758
50.34581
55.26897
67.70721
80.14544
93.84303
106.28127
118.25408
12.43824
15.41260
27.85084
41.01161
53.44985
65.88809
78.08141
90.51964
103.69820
106.48253
12.43824
24.87647
37.35614
50.27748
63.34744
76.33663
90.05193
102.51140
115.39847
128.07968
12.43824
24.87647
37.31471
50.49977
61.20575
73.64399
86.32700
99.35131
109.73152
118.44827
12.43824
24.87647
35.86942
49.12520
60.42581
72.86405
86.01096
98.46024
111.63556
125.16523
12.43824
24.87647
37.31471
49.75295
62.37213
75.24354
85.05423
94.60554
107.04378
108.94211
12.43824
21.73309
25.50069
37.93893
50.37716
63.60545
75.32529
87.76415
100.20238
112.66261
12.43824
24.87647
37.41138
49.84962
62.95932
75.39756
87.83580
100.50584
114.50386
127.54074
12.43824
24.87647
34.30647
41.83776
54.27599
66.71423
79.15247
88.40977
102.15194
112.18941
12.43824
24.87647
37.31471
50.00455
59.89288
72.33112
83.20044
95.63867
106.47206
119.86987
12.43824
24.87647
37.68527
50.12350
62.56174
73.95231
86.84798
99.84710
112.28534
123.62905
12.43824
22.68084
35.11907
47.55731
60.03618
72.47442
85.29725
93.62642
106.81355
119.36122
12.43824
24.87647
37.84555
50.98587
64.15759
71.68094
84.40146
97.58645
110.02469
120.35762
12.43824
24.87647
37.31471
49.75295
62.19118
74.62942
80.17991
93.31653
105.75476
115.00463
12.43824
24.87647
37.31471
50.37370
63.56073
77.48500
89.92323
102.36147
112.46522
121.53394
12.43824
24.87647
37.31471
49.75295
61.10523
73.54347
86.25820
99.87315
112.52538
125.29893
12.43824
25.45117
37.88941
50.94357
63.98425
76.42248
89.34593
94.12051
107.30700
120.34508
12.43824
24.87647
38.04487
51.09558
63.66303
76.10127
83.19963
96.32492
108.76316
121.91014
12.43824
24.87647
37.39328
49.83152
63.00468
76.98969
89.81506
99.41758
112.58995
116.11397
12.43824
24.87647
31.95414
44.39238
57.15579
68.82330
81.26154
91.13129
102.44749
113.37720
12.43824
24.87647
37.31471
50.47185
63.62073
76.05896
88.49648
100.94293
114.01361
126.50140
12.43824
24.87647
37.31471
49.60701
62.04524
74.48348
86.19126
98.27803
110.78467
123.22291
12.43824
24.87647
37.31471
49.75295
62.57636
72.48073
84.41094
93.63377
106.02316
112.75102
