12.43824
24.87647
37.31471
46.94101
57.17150
64.19151
76.62975
81.97611
95.07083
107.57487
12.43824
24.87647
37.31471
49.75295
62.64772
75.79331
88.90790
101.51072
109.62238
114.48036
12.43824
24.87647
37.31471
49.75295
62.19118
74.66642
87.75768
101.07341
109.12372
118.82610
12.43824
24.87647
37.82961
47.83951
55.36730
68.45666
81.35708
85.68147
98.67379
111.50131
12.43824
17.11393
29.55217
41.99041
54.42864
67.61379
76.28699
89.35099
101.33247
115.22859
12.43824
24.87647
37.57136
47.74391
60.79249
72.47089
85.58782
98.74072
111.40110
114.43155
12.43824
25.29654
37.73477
50.17301
61.30304
74.40349
87.59146
95.93214
108.86471
117.71712
12.43824
24.87647
38.77004
51.20828
63.64651
76.83321
86.11886
98.55710
111.87090
124.46973
12.43824
24.87647
29.69250
42.57216
56.70873
69.87943
78.02584
82.04790
94.48614
100.50333
12.43824
17.57148
30.57516
36.77574
49.21398
62.17816
75.22390
87.64544
100.08367
113.91578
12.43824
24.87647
37.83281
50.99571
54.78758
65.37122
78.24402
90.68226
104.98285
116.76764
12.43824
25.47726
30.94619
44.00296
57.18494
66.99935
79.43759
93.34761
105.44837
115.85175
12.43824
25.12793
38.75068
51.25129
60.01716
71.23026
78.63445
90.64682
92.20128
104.47148
12.43824
24.87647
36.66853
42.08060
55.26748
68.35237
79.94504
92.53847
102.28481
114.72304
12.43824
24.02052
36.45875
49.64503
62.08327
72.37984
81.69088
95.39946
103.84361
116.55859
12.43824
24.87647
32.74434
45.92310
56.06055
68.53356
81.11887
94.15045
106.58869
120.01534
12.43824
24.87647
37.31471
50.48362
62.92185
76.10147
87.28928
100.63748
109.21076
122.81074
12.43824
24.87647
34.35041
38.28403
50.61974
63.15303
74.21047
82.84202
95.48144
107.24806
12.43824
24.87647
37.31471
49.75295
62.67956
69.65181
82.51431
94.92020
105.41565
118.69645
12.43824
25.36900
37.16485
49.60308
62.63196
69.73063
82.16887
90.60952
104.17831
115.59224
12.43824
24.87647
36.35623
48.79446
59.97571
72.70251
73.59138
86.61845
90.37117
100.98330
12.43824
25.15572
27.45282
33.10090
45.53913
57.02562
69.83839
83.04442
95.48266
105.35474
12.43824
24.87647
37.53811
49.14719
59.38039
71.81863
84.44208
93.46592
106.56232
114.91114
12.43824
24.87647
37.33958
49.77782
52.95366
65.83837
78.07257
90.51080
103.51221
116.34304
12.43824
25.62097
38.05921
50.49745
62.18758
75.30630
87.14982
98.88696
104.45006
117.63707
12.43824
24.87647
37.31471
41.51725
54.49903
66.95879
77.90695
88.16540
101.34703
113.23152
12.43824
25.53957
38.69565
43.83740
52.14960
64.83223
77.37099
90.49769
100.90359
114.41184
12.43824
24.87647
37.31471
49.75295
57.47743
70.17637
81.03053
89.85936
101.23955
112.61967
12.43824
24.87647
37.31471
41.82599
54.76340
64.01447
77.42204
90.36146
99.20399
102.31175
12.43824
25.20368
37.64192
41.25678
48.57464
61.01288
74.55331
87.02945
-1.00000
-1.00000
12.43824
24.87647
37.58303
50.74430
63.84297
77.25712
90.98704
102.67164
111.01131
114.43165
12.43824
24.22722
36.66546
49.10369
62.36784
71.31183
85.28221
97.83227
110.93752
116.25180
12.43824
24.87647
37.76379
50.20203
62.80705
75.84528
89.00910
100.01025
105.77433
114.10550
12.43824
24.87647
29.27530
42.16475
54.62552
67.06376
72.46645
85.78597
86.30736
96.44758
12.43824
25.60232
37.24183
49.96037
60.59374
73.03197
83.03418
94.33987
102.51209
108.07433
12.43824
24.87647
37.03457
50.11928
63.28175
74.31024
86.06046
92.55480
105.56961
116.96716
12.43824
20.30875
32.74698
45.18522
55.30686
68.59677
81.59746
86.51613
98.57725
107.94971
12.43824
24.87647
37.31471
47.33973
57.71225
70.02372
83.57851
89.63912
98.43552
111.50430
12.43824
24.87647
37.31471
50.49577
62.93401
75.37463
80.99696
84.85626
98.00610
111.13103
12.43824
24.87647
37.31471
49.75295
61.41508
73.94333
80.22294
92.66118
103.71958
115.98043
12.43824
24.87647
37.50479
50.34921
63.28636
76.69258
89.13082
101.28628
105.14651
117.16794
12.43824
25.62523
38.06347
44.96046
57.39870
70.63389
79.74957
80.43253
87.19715
91.49204
12.43824
24.87647
37.20449
49.87533
62.31357
68.25254
81.28935
93.87024
97.60591
104.72987
12.43824
25.44355
38.36872
50.80695
63.30374
77.01381
79.83092
92.26916
106.04257
117.86884
12.43824
25.39227
37.64916
50.79822
63.23645
77.31250
84.11459
96.55283
101.59906
104.79941
12.43824
24.87647
37.60774
50.04598
62.48421
75.67079
85.59337
99.02987
112.40324
123.99775
12.43824
18.89525
22.75265
35.48032
43.37312
55.81136
66.48326
79.44985
82.24762
94.82771
12.43824
24.87647
36.43426
38.70976
51.14800
63.94311
68.68633
78.20239
88.54541
101.44604
12.43824
24.87647
32.93893
45.59215
56.40429
69.36911
79.44164
90.16205
93.26176
106.18800
12.43824
24.87647
37.31471
50.09290
59.80672
70.36645
76.12820
85.61222
99.63569
114.06975
12.43824
24.87647
35.30185
47.74009
60.91557
74.01675
86.62618
99.69204
110.65075
121.28957
12.43824
23.45958
35.89782
48.44182
61.43088
73.70589
86.86333
100.04408
110.12594
123.29668
12.43824
24.87647
36.90759
49.34647
62.27523
74.89515
87.33339
100.65451
103.60180
111.42137
12.43824
24.87647
37.31471
50.91082
62.81188
74.19578
87.92257
101.59776
113.97020
126.40844
12.43824
24.87697
37.91379
48.18606
60.62430
73.77741
86.79723
99.50963
105.82349
117.42916
12.43824
25.62357
38.06181
51.17222
63.15878
75.59702
81.19020
94.13323
104.45107
110.70425
12.43824
17.01851
23.67618
36.64377
49.68942
62.87332
75.71334
79.46603
91.90427
104.17613
12.43824
24.87647
38.00246
48.02473
56.68286
64.82637
77.82305
90.25249
104.31016
117.75253
12.43824
25.13587
29.30051
41.73875
44.30025
56.73849
65.05224
76.65874
83.25777
95.69600
12.43824
24.87647
35.24474
46.88937
59.32760
72.48054
85.91597
87.95661
97.51849
110.11903
12.43824
24.87647
37.86920
49.05520
61.86796
74.30620
87.11820
100.04450
105.97082
108.31372
12.43824
25.46842
37.90665
50.67955
63.58608
75.80155
88.64517
92.59896
100.77951
104.64685
12.43824
24.87647
37.31471
49.75295
57.80397
70.24221
78.59259
87.97263
101.03165
115.02637
12.43824
24.83514
37.81925
50.92333
64.08241
65.53276
68.65348
81.10631
92.53203
98.29702
12.43824
24.87647
37.31471
50.47916
63.12020
75.55844
89.04290
96.05727
108.49550
120.93374
12.43824
24.87647
37.70559
50.14383
62.67601
75.11425
81.60128
90.35459
95.91612
98.70074
12.43824
25.36955
37.80779
46.78090
59.21914
71.86618
84.99133
97.42957
104.16389
117.30588
12.43824
24.87647
37.31471
49.75295
63.62260
76.48777
88.94415
98.69976
106.94725
112.09517
12.43824
23.65336
36.80439
47.60598
60.79679
67.66168
73.14871
80.82207
94.00577
102.50300
12.43824
24.87647
38.27903
50.51435
56.33839
69.13487
82.01393
91.45384
103.89208
111.79351
12.43824
24.87647
33.20590
45.64707
57.68058
66.24177
78.68000
89.45679
100.52830
110.60249
12.43824
24.87647
35.72428
48.20603
61.39246
75.10865
85.11026
98.29355
111.25606
124.22592
12.43824
24.87647
38.08026
42.20376
49.72560
62.16383
72.15606
81.74697
85.37354
85.69401
12.43824
23.33602
36.49744
49.75104
62.66437
75.43448
83.83838
93.40135
96.28482
105.68151
12.43824
24.87647
37.31471
50.38756
62.15874
75.24456
78.70358
88.19515
101.23809
106.15040
12.43824
24.87647
37.31471
50.33738
63.15629
76.19725
88.00975
101.11321
114.09896
122.68151
12.43824
24.87647
37.31471
48.14071
60.40612
74.32536
86.18958
99.07328
109.97108
114.66191
12.43824
24.87647
38.04239
46.33919
53.20968
65.67127
76.16051
89.41056
101.84879
114.58289
12.43824
25.61981
38.05804
50.94334
63.47325
76.19407
87.55904
100.48124
106.95314
110.62307
12.43824
24.87647
37.13208
40.22154
53.57615
66.56073
80.50243
92.94067
97.05219
102.02167
12.43824
24.87647
37.31471
49.75295
59.71890
72.73600
83.49074
95.92898
108.10806
112.25684
12.43824
24.87647
36.17351
48.89399
57.63909
70.81813
83.27483
90.39834
102.61530
107.26729
12.43824
24.87647
37.82049
50.76587
59.75263
61.43667
74.47798
82.07694
94.91825
96.43502
12.43824
19.58382
20.21320
32.65144
45.74655
55.31344
63.93090
76.92651
91.21567
104.32196
12.43824
24.87647
38.06091
51.64514
57.17960
70.63352
83.32093
95.91465
100.04389
104.59567
12.43824
24.87647
32.70994
41.82788
54.26612
66.70436
79.14259
93.03101
104.85924
116.11728
12.43824
24.87647
37.31471
50.63135
60.31369
72.75193
86.31803
98.75626
102.43151
115.21934
12.43824
24.87647
38.03603
50.47426
63.55193
73.83834
86.33751
99.31158
112.48514
125.85347
12.43824
22.72825
35.16649
47.60472
59.29767
72.48433
85.67124
97.23611
107.17388
120.77047
12.43824
24.87647
37.47708
50.28822
62.96113
72.73449
85.60047
98.71577
111.64942
119.32961
12.43824
25.60880
38.04704
51.22053
63.65949
76.52338
88.72109
99.76473
112.96699
118.05931
12.43824
25.01359
37.45183
48.48941
62.16185
76.06838
88.74645
99.10936
109.51445
114.83642
12.43824
24.87647
37.31471
50.22089
59.24085
71.67909
84.22928
97.75821
97.44597
110.46321
12.43824
25.16864
37.60688
42.14464
51.01112
63.44936
67.38010
67.45039
80.26962
93.54888
12.43824
24.87647
37.74778
50.14937
63.09809
75.79010
88.21771
95.09921
107.92168
118.19590
12.43824
25.38342
36.52165
48.95989
61.84913
72.28871
83.12342
89.34987
99.27414
104.62569
12.43824
24.87647
37.66918
50.10742
58.94693
66.68054
79.84450
85.85061
94.44926
106.99438
12.43824
24.87647
38.05532
48.66631
61.80289
74.24113
82.54436
95.01656
104.27590
116.71414
12.43824
25.34947
37.78771
44.61573
56.01550
69.30478
73.70807
86.73085
99.88756
112.46051
12.43824
24.87647
37.31471
49.75295
62.65869
74.61064
86.73063
99.75550
110.34106
122.84475
