12.43824
25.58255
38.02079
49.13918
56.16914
60.29315
73.46002
83.99670
96.43494
97.32092
12.43824
24.87647
38.06341
48.75849
61.23907
74.42474
87.48858
100.51537
105.00292
110.31500
12.43824
25.22154
37.65978
50.09802
54.57359
68.50701
80.99971
88.85745
101.29568
115.55586
12.43824
24.87647
37.39127
42.98213
56.14898
69.13926
82.47307
93.01266
104.21640
116.80961
12.43824
25.45760
37.89584
50.33408
63.16592
76.32224
89.38487
101.94940
108.52515
120.25101
12.43824
24.87647
37.31471
43.71219
51.14464
54.67347
61.31410
73.18793
86.10370
90.04774
12.43824
24.87647
37.31471
49.75295
62.19118
71.40276
84.85437
97.90577
102.86248
116.11139
12.43824
24.87647
37.31471
49.75295
62.19118
75.20871
85.90899
98.34723
109.92449
123.51561
12.43824
24.87647
29.76513
42.20337
46.73327
59.91417
69.31200
75.84416
88.41506
92.90963
12.43824
22.42934
34.34618
39.28167
51.71991
64.25927
76.90090
89.96617
101.14023
114.24359
12.43824
24.87647
37.32082
49.75906
62.93799
76.67017
87.11389
99.55213
103.66384
108.79597
12.43824
24.87647
30.67519
43.11342
55.02049
67.89668
80.33492
81.34125
94.40159
107.33654
12.43824
24.87647
37.31471
49.75295
62.75732
74.22161
86.81806
99.25629
101.07219
112.56442
12.43824
24.87647
34.16205
43.82907
57.27080
69.82687
81.05401
93.57748
100.70152
113.13976
12.43824
24.87647
37.57569
49.89461
59.69179
72.63538
82.82475
89.98538
99.55846
111.99670
12.43824
24.87647
37.55175
50.73463
63.90441
76.34264
82.83589
91.69237
104.87756
111.58460
12.43824
24.89653
37.33477
49.73333
62.19512
75.32551
87.87200
100.81480
113.85613
127.67875
12.43824
24.87647
34.32057
44.23756
51.60132
60.21358
73.39797
86.00175
98.43999
111.22650
12.43824
24.87647
37.31471
49.75295
62.19118
75.11204
85.41469
98.47121
107.19191
120.71318
12.43824
24.87647
37.18644
49.62468
62.06291
69.14772
81.58595
89.08065
102.50957
114.69950
12.43824
24.87647
38.06329
50.92131
63.35955
76.11218
86.54771
98.98594
103.77019
116.86978
12.43824
24.87647
38.04758
44.27950
56.71773
69.80159
82.23982
91.85156
105.27899
112.19656
12.43824
24.87647
37.31471
40.47829
48.56798
61.00622
73.44445
86.20236
99.02937
102.72949
12.43824
24.87647
37.44017
49.87840
51.53211
61.68028
67.84473
77.34123
78.92414
82.77003
12.43824
25.52986
37.96810
50.36693
63.49543
71.66622
84.26054
90.83316
104.06446
116.50270
12.43824
24.87647
37.31471
41.16336
53.60160
66.78734
74.25657
87.37796
97.83308
108.89817
12.43824
25.49732
37.93556
45.43741
58.00451
70.11899
78.78446
85.31666
98.86450
112.73576
12.43824
24.87647
37.31471
49.75295
62.90826
76.82833
88.96499
101.40323
112.17943
113.67324
12.43824
24.87647
37.31471
49.23684
61.80274
66.66588
79.10412
91.90979
102.39462
111.02859
12.43824
24.88627
37.32451
50.41189
57.17686
69.61510
82.80106
94.64110
107.08641
119.86327
12.43824
24.87647
37.31471
45.55416
57.99240
70.52069
83.49018
96.40478
107.73080
114.01569
12.43824
25.00212
37.44035
49.87859
63.40821
77.16776
86.10098
98.84664
110.39704
117.74530
12.43824
24.87647
37.70649
50.14473
62.40676
75.58452
88.02275
101.19370
108.67224
119.11318
12.43824
24.87647
29.97666
42.41490
51.81407
60.52592
74.28800
85.80176
96.45218
100.81637
12.43824
24.87647
36.56913
42.13212
50.44203
63.00346
72.29388
81.54028
94.28229
106.72053
12.43824
25.62516
38.06339
50.53600
63.45123
72.01298
80.86524
87.74485
98.80674
106.97901
12.43824
25.02724
37.46548
49.90372
63.33718
76.47503
89.38425
99.63498
104.42458
118.58590
12.43824
24.87647
37.31471
42.54302
55.62802
67.59247
80.03071
92.11464
100.41924
114.05496
12.43824
24.87647
37.43348
48.18951
61.05566
73.49389
85.35997
96.79315
108.32668
120.26543
12.43824
24.97655
37.41478
50.02274
62.92048
75.35872
83.95324
96.39148
109.52810
121.48929
12.43824
24.87647
37.32973
49.95876
61.82146
72.64439
85.77384
93.88911
101.26971
114.51029
12.43824
24.87647
37.31471
46.57629
59.01452
71.70029
82.15233
93.52277
106.44051
111.13420
12.43824
24.87647
33.82419
47.00457
59.44281
70.38843
82.82666
95.77538
105.59187
118.76924
12.43824
24.87647
37.92521
50.36345
58.06122
69.71892
80.90257
93.80828
98.17123
111.35508
12.43824
24.87647
37.85309
50.29133
63.44214
70.23475
71.58978
76.80783
86.29741
90.22916
12.43824
24.87647
37.56108
50.62755
61.35603
73.79427
86.47534
98.91358
110.77356
124.06455
12.43824
15.90510
26.21680
37.85031
46.06120
58.75747
69.84779
82.28602
95.55547
107.99371
12.43824
24.87647
37.91467
50.35291
62.79114
75.94663
88.38487
100.82311
113.57370
115.10771
12.43824
25.01312
37.45136
48.50958
55.40791
68.56376
70.49381
81.89802
90.64813
103.83519
12.43824
24.87647
37.31471
50.02210
56.81213
70.38235
74.62411
87.78848
97.73854
108.61347
12.43824
24.87647
38.00375
50.77329
63.86274
73.07331
86.21880
98.65704
101.73562
113.26886
12.43824
23.48623
35.92446
44.83015
57.89679
71.07844
83.51668
95.95492
108.74902
121.28483
12.43824
24.87647
34.89370
47.33194
52.36683
64.91722
77.35546
90.01151
99.74721
112.94765
12.43824
25.47974
37.91797
51.07782
64.26087
69.12184
79.44062
80.26797
93.37047
105.80871
12.43824
24.87647
38.00669
49.03204
61.47028
74.04161
84.72209
97.16032
110.26251
121.55246
12.43824
24.87647
37.31471
50.05334
61.90417
75.49991
85.76752
95.70721
106.40372
109.16571
12.43824
24.87647
37.66173
50.09997
62.53820
74.97467
86.69144
93.63174
106.03451
117.72346
12.43824
24.87647
38.06328
50.50151
62.63853
69.19565
78.93927
87.80415
100.86118
113.29941
12.43824
23.91413
25.69319
38.13142
39.32276
51.80004
64.23828
75.54537
84.67404
97.84564
12.43824
25.49399
34.97691
45.48160
54.97886
67.41710
79.23077
82.87828
90.33464
103.51220
12.43824
24.87647
37.31471
48.13257
60.57080
73.00904
85.79693
99.19875
110.09109
118.32552
12.43824
23.44647
36.56860
49.21921
55.67776
60.55304
73.59758
86.83598
98.26108
104.85611
12.43824
24.87647
37.31471
49.75295
62.22226
75.21066
85.67812
99.04051
112.22261
122.29706
12.43824
24.87647
37.34347
49.78170
62.45123
73.33594
82.88713
95.54060
108.59307
120.38314
12.43824
24.87647
37.31471
49.76972
62.56578
69.02654
81.49501
91.83693
103.75108
116.85673
12.43824
24.87647
37.31471
50.19260
63.01502
75.72090
88.19915
101.38519
108.53178
114.21034
12.43824
25.60315
38.04138
44.97005
57.82626
70.02402
82.27505
95.05135
105.38967
117.82791
12.43824
24.87647
29.31773
41.75597
49.26621
62.43424
74.87248
78.34245
83.07077
96.13574
12.43824
25.19093
37.73683
49.15734
61.59950
72.65343
84.52257
97.38607
109.31944
122.71670
12.43824
24.87647
37.40215
50.52516
64.14709
76.58533
85.32261
98.95272
111.39096
125.32308
12.43824
24.87647
36.65723
49.33539
58.72689
71.18915
83.62738
94.15207
105.13315
117.76410
12.43824
25.47684
31.11172
43.54995
56.37366
65.36228
78.45416
85.11877
97.55700
109.99524
12.43824
24.87647
36.62795
49.22805
61.66629
74.81352
83.98344
91.98125
100.99151
114.13936
12.43824
21.23213
34.30995
46.44319
59.18201
71.62024
74.01492
83.53499
95.97323
108.39390
12.43824
24.87647
37.31471
50.56214
60.87396
73.97518
75.26500
88.11640
98.50134
107.10722
12.43824
24.90139
37.98057
50.41880
60.56781
73.75318
85.91877
98.59086
111.02910
119.71162
12.43824
22.45535
35.27427
41.12669
54.27440
65.05566
76.66800
87.88351
95.40091
107.83915
12.43824
24.87647
37.88298
51.02636
63.93941
77.00535
90.56221
103.44937
117.14852
127.49313
12.43824
23.35538
35.79361
48.84479
61.28303
74.28048
85.41262
99.00790
107.75904
116.23127
12.43824
24.87647
37.77884
50.76700
61.66128
73.21626
83.72872
96.21465
101.51398
106.56243
12.43824
24.87647
37.31471
50.30236
62.32251
74.76075
87.19898
97.74830
110.36168
113.46117
12.43824
24.87647
34.55522
46.99346
57.74102
70.23934
82.49440
91.97274
98.81824
100.01459
12.43824
24.87647
37.31471
49.75295
62.57983
76.05872
79.12057
92.54468
105.84154
108.92396
12.43824
24.87647
26.89979
39.33803
51.77626
61.71967
73.29136
85.99763
99.25019
112.09901
12.43824
24.87647
33.61224
46.68035
59.59863
72.03686
85.71537
98.91503
109.78790
118.21338
12.43824
24.87647
30.87312
44.67769
57.11593
69.55416
82.91182
92.90777
106.41298
119.30819
12.43824
25.25758
37.69582
50.13406
62.73813
75.85419
88.97504
102.58240
114.27183
125.85396
12.43824
24.89536
28.18955
40.62779
53.06603
57.31015
64.86114
75.42307
88.65305
100.01057
12.43824
24.87647
37.87647
50.85365
56.66963
69.10787
81.35479
84.90173
88.56062
101.41866
12.43824
24.87647
35.60792
46.62252
59.06076
65.41071
78.17006
91.41900
103.90694
106.65877
12.43824
24.87647
37.31471
50.30198
61.18290
74.26020
86.79140
99.22964
111.66788
121.54264
12.43824
24.87647
37.31471
49.84881
61.68508
67.63617
79.57257
92.01081
100.94881
106.27422
12.43824
24.87647
37.31471
48.23991
61.46110
73.89933
78.94332
91.75545
101.13877
114.18204
12.43824
24.87647
37.31471
49.15287
58.41676
70.85500
81.37514
89.71954
102.74957
115.89542
12.43824
24.87647
37.31471
48.52493
61.02873
74.15433
87.15643
98.77795
111.21619
123.70779
12.43824
24.87647
36.67426
49.11250
61.44063
74.50728
87.47426
99.11151
107.73634
117.81355
12.43824
25.29105
37.72928
49.79326
62.96877
73.49589
78.17256
83.31092
95.79848
108.87596
12.43824
24.87647
37.46435
50.86261
63.86577
76.30400
83.82796
96.98247
104.65114
118.38814
12.43824
24.87647
37.31471
49.66836
62.10659
74.54483
86.25910
95.45979
101.43185
114.17812
12.43824
24.87647
37.31471
49.31842
62.45841
71.35648
81.19891
93.63715
106.71532
116.36643
