12.43824
24.87647
37.31471
50.43134
56.54013
68.14126
80.65260
83.33581
87.80566
101.07887
12.43824
24.87647
37.31471
47.57073
60.25759
72.69582
79.91503
88.53333
92.95140
99.18617
12.43824
25.13790
37.57613
50.75146
56.36187
65.03545
77.04156
89.74724
96.08648
100.18772
12.43824
24.87647
37.98190
42.88264
50.37784
63.54809
72.14015
77.00351
86.95163
97.53967
12.43824
15.85173
28.28996
41.29420
53.73243
66.91889
71.19202
77.59949
84.92648
94.81461
12.43824
24.87647
37.94821
43.87038
50.33282
54.05746
67.26127
79.60195
89.14746
95.64409
12.43824
24.87647
37.42175
49.85999
54.32939
56.73507
68.03371
72.86380
77.33728
80.67415
12.43824
24.87647
37.00878
49.44702
61.88525
72.15601
77.29277
90.24021
95.66378
104.24730
12.43824
24.87647
29.71464
42.15287
50.18409
63.33273
66.17044
72.23993
85.42734
88.56822
12.43824
14.72593
24.60830
26.84016
39.27840
51.76962
61.76236
73.97782
86.41606
88.71483
12.43824
24.87647
38.02834
51.13459
51.76188
62.89828
69.28614
82.56672
85.36226
89.87830
12.43824
24.87647
33.12247
45.56071
55.30005
66.09185
79.45258
81.91297
93.42421
100.73696
12.43824
24.87647
37.31471
49.75295
59.63507
72.73688
81.57116
89.73382
96.18095
106.62217
12.43824
24.87647
27.41072
30.60589
43.77473
56.21297
66.39514
78.72210
87.41908
101.11636
12.43824
20.86191
33.30015
45.73838
57.32842
63.97659
66.78655
78.18255
81.55759
91.07909
12.43824
24.87647
32.09613
43.88715
49.05370
61.90803
64.91533
66.94474
79.26197
80.46577
12.43824
25.40003
37.83827
48.62784
61.06608
74.44644
87.21185
100.51980
105.76672
-1.00000
12.43824
24.87647
33.76396
37.73782
45.23196
58.39329
69.89308
82.35194
91.40276
95.07290
12.43824
24.87647
37.31471
49.76231
62.67701
69.40005
79.96614
90.86175
98.71205
106.63381
12.43824
22.13644
33.36067
45.79891
58.23715
65.95010
78.38833
83.37865
90.14620
101.38993
12.43824
24.87647
35.22555
47.66379
58.60165
71.78056
72.20694
86.08252
89.42277
91.88160
12.43824
25.43848
31.34579
32.90019
45.33843
49.48394
61.92217
72.77754
85.78635
92.56416
12.43824
24.87647
37.61874
42.79809
53.18218
65.62042
78.63355
83.07775
93.10166
94.54945
12.43824
24.87647
38.12550
50.56374
52.80401
60.45141
68.94919
81.07030
93.08821
106.23237
12.43824
24.38769
36.82593
49.26417
61.81276
69.61862
82.52528
88.93984
93.37115
106.30388
12.43824
24.87647
37.76729
38.38494
51.74835
64.44976
71.05823
80.42834
91.77647
97.60917
12.43824
25.32181
37.76005
49.03126
61.71156
74.64191
78.15499
85.48038
96.24630
108.80164
12.43824
24.87647
37.31471
49.89125
54.85129
66.22393
70.84862
73.83083
83.25296
89.59373
12.43824
24.87647
37.31471
42.46878
55.77474
56.86504
65.42844
77.86668
80.32923
84.94194
12.43824
25.25158
37.68981
39.93598
44.97509
57.41332
71.15247
75.58212
78.41179
85.89690
12.43824
24.87647
37.31471
43.18224
55.62048
69.02911
80.34710
86.59128
95.19983
102.92083
12.43824
23.47445
36.02719
48.46543
62.36284
69.81095
76.13456
88.57280
99.22472
104.70455
12.43824
24.87647
37.39873
49.83697
62.79030
75.95222
89.47075
94.44405
99.72811
105.06345
12.43824
24.87647
31.68631
37.52728
49.96552
63.12528
70.70439
77.25528
77.85336
82.72034
12.43824
25.47393
35.92100
43.60823
51.87034
64.30857
67.74011
78.68892
84.46159
85.76222
12.43824
24.87647
37.99505
49.81335
62.30342
67.50810
74.82128
77.38260
84.96022
89.03204
12.43824
20.01459
32.45282
44.89106
48.21928
55.60659
68.24743
78.32391
80.91090
90.06618
12.43824
24.87647
37.31471
47.72409
60.74536
69.07852
82.24215
86.19837
94.20683
104.34249
12.43824
24.87647
37.99088
47.75548
60.50192
73.57045
79.68068
81.91525
87.51378
98.87915
12.43824
25.37137
37.80960
50.24784
57.69921
70.79598
72.05185
85.17282
95.68858
105.19290
12.43824
24.87647
38.06348
51.24438
57.02987
64.36515
77.17497
83.43392
86.44308
99.34941
12.43824
16.51809
28.95632
34.13827
46.56054
58.99877
66.34406
70.00551
77.05479
87.24855
12.43824
24.87647
37.11357
50.28641
62.72464
72.07702
85.22298
99.27254
101.96865
105.76573
12.43824
24.87647
37.31471
50.42120
57.16595
69.57480
77.86831
90.59008
92.38569
97.19976
12.43824
24.87647
35.27387
47.71210
60.89401
66.79415
68.15207
72.00095
75.12438
78.09514
12.43824
24.87647
34.50750
43.00987
55.77113
68.92104
69.46864
82.20180
93.63738
94.89592
12.43824
15.46660
20.31678
32.83009
36.02526
48.46350
58.86738
72.50019
72.74845
85.40921
12.43824
24.87647
37.57597
41.46778
53.90601
66.54704
73.82753
77.03587
85.96221
88.98900
12.43824
24.89822
30.94311
44.10972
52.18772
65.09823
66.03218
70.31897
71.06397
74.53382
12.43824
24.87647
37.31471
47.99130
58.40804
68.27073
75.11922
85.76260
90.47439
101.68932
12.43824
24.87647
30.05768
42.59444
54.74119
60.66783
73.28423
82.68929
86.59178
93.34487
12.43824
19.51442
31.95266
36.93712
48.07438
59.52144
72.65080
85.94181
93.54291
106.60693
12.43824
24.87647
34.52763
46.96587
49.83098
62.95129
76.14884
89.58771
96.01248
104.76004
12.43824
25.38714
37.82537
46.89933
59.28811
62.84917
69.88938
70.33366
82.69411
95.75056
12.43824
24.87647
36.87675
48.84127
61.27951
72.66245
75.77665
88.55454
89.18194
101.84241
12.43824
24.87647
37.31471
42.66057
43.11163
55.27672
60.05520
62.21356
65.03037
67.60596
12.43824
22.90397
36.00735
48.44559
61.14738
71.50505
83.89427
86.12103
98.31106
101.93353
12.43824
24.87647
37.80783
49.86006
60.27341
64.99684
78.15816
90.62723
103.91973
117.18087
12.43824
25.60890
29.86398
42.41074
44.78928
57.22752
62.91727
73.70080
74.07800
86.51624
12.43824
24.87647
34.22110
45.11274
57.55098
69.12524
82.52043
86.80550
87.27541
98.53331
12.43824
24.87647
37.79174
43.56301
56.44956
68.92403
81.36226
91.87915
97.60332
104.75387
12.43824
24.93353
37.37177
49.48036
58.11535
67.29139
80.37618
86.87906
89.70541
89.95771
12.43824
24.87647
37.31471
50.41151
56.26446
69.70543
75.43048
82.36685
95.40966
97.04375
12.43824
24.09934
36.53757
49.65589
54.31490
56.05890
60.44078
72.87902
77.15653
82.66039
12.43824
24.87647
37.31471
50.48072
62.72097
75.44835
80.40400
86.21254
94.56212
107.74840
12.43824
24.87647
37.31471
50.48921
59.43149
71.96081
82.50781
91.15211
94.57839
97.40848
12.43824
25.62024
38.05847
42.00137
54.43960
65.45445
74.67575
87.82738
94.01898
107.86655
12.43824
24.87647
37.31471
50.39894
61.79218
72.97595
85.41419
88.75706
90.55999
97.70439
12.43824
22.37652
34.81475
46.32644
59.51337
65.49447
65.85107
78.37191
90.87218
95.42829
12.43824
24.87647
38.01392
51.08446
55.57597
67.48647
78.31609
86.80646
99.24469
101.68007
12.43824
24.87647
35.71133
48.72764
55.96889
58.58114
71.01938
78.20171
88.71602
99.31264
12.43824
24.87647
35.34126
47.78651
60.22475
72.02363
84.21563
91.87161
101.84245
115.08394
12.43824
24.87647
37.50726
40.60247
53.73810
66.33060
77.25028
86.14925
88.89231
100.41292
12.43824
19.52128
32.57908
43.87946
57.06311
69.72759
76.22865
86.23214
86.55791
92.41630
12.43824
24.87647
37.31471
50.46525
57.28927
66.68213
72.42171
81.93783
95.57984
98.58110
12.43824
24.87647
37.95442
50.39266
62.83352
64.61805
72.46308
85.61749
97.31039
104.34603
12.43824
24.87647
37.31471
44.68939
58.00388
59.22334
70.24510
82.14682
93.61535
96.72893
12.43824
24.87647
36.38881
49.56084
54.79617
67.89338
81.44738
88.51625
100.96401
109.71397
12.43824
14.05657
26.49481
39.53461
51.97284
65.05313
75.59600
88.99707
91.32837
91.63663
12.43824
24.87647
34.58068
41.52680
54.25824
64.88141
75.63670
88.77550
92.99828
99.32493
12.43824
24.87647
37.31471
47.74679
55.04977
68.08235
81.25618
93.98314
101.33273
104.28362
12.43824
24.87647
29.19664
42.38367
46.34231
58.78055
69.47397
75.89206
86.75260
88.06363
12.43824
24.87647
37.60520
50.42658
61.83906
66.74583
68.64853
71.72132
84.08390
84.18493
12.43824
21.33955
22.03821
34.47645
47.21018
57.72821
66.16669
79.36887
93.02521
97.89851
12.43824
24.87647
34.37525
47.52394
58.81180
71.95908
84.40255
96.14915
101.41462
106.49069
12.43824
24.91357
33.05398
37.91761
50.45135
62.88958
76.46645
83.48709
88.24465
91.60866
12.43824
24.87647
37.31471
50.21945
54.73338
67.17161
74.93474
88.53091
90.36576
99.60851
12.43824
24.87647
34.52370
46.96193
60.26695
60.73005
68.98107
79.85878
92.16674
96.74648
12.43824
21.80778
34.24602
46.74779
55.84618
68.97580
82.16409
84.24903
86.16721
99.56703
12.43824
24.87647
36.89150
47.32755
50.16472
54.56420
66.14733
79.28864
92.47289
96.75193
12.43824
25.45760
37.89584
50.07457
62.05465
74.71200
80.42659
90.83283
104.40981
106.55702
12.43824
24.87647
38.02028
48.71054
62.50103
68.24198
81.07374
94.06934
100.84374
102.52998
12.43824
24.87647
37.31471
49.77372
60.24419
72.75623
76.17347
86.74846
91.37768
104.30047
12.43824
22.56756
35.59850
42.12827
52.01145
64.44968
69.18830
71.08032
84.17349
98.07797
12.43824
24.87647
37.93028
48.81901
61.81194
74.75500
76.23317
82.73722
96.14074
105.58691
12.43824
25.62504
36.06830
48.50654
61.16702
68.76973
78.18248
82.19837
93.56004
94.44850
12.43824
24.87647
27.88554
40.32378
48.13890
55.28969
68.80914
75.07618
80.49469
86.39982
12.43824
24.87647
36.96614
42.70611
53.54211
65.98035
71.74509
84.60095
92.76184
105.94797
12.43824
24.68695
37.12519
40.55980
53.35207
65.81047
73.06293
83.78165
95.43701
107.87525
12.43824
24.87647
37.31471
49.75295
57.81547
66.12380
75.84142
81.96080
86.25241
90.80676
