12.43824
25.54903
38.51858
44.12526
46.54521
-1.00000
-1.00000
-1.00000
-1.00000
-1.00000
12.43824
24.43948
35.04700
36.82079
40.45903
51.21503
54.23227
55.33478
-1.00000
-1.00000
12.43824
22.47069
35.64162
44.47306
-1.00000
-1.00000
-1.00000
-1.00000
-1.00000
-1.00000
12.43824
25.62496
35.21463
36.83281
39.93118
48.21026
49.20181
49.64042
52.66695
55.73535
12.43824
14.04509
27.11739
34.36337
47.30096
53.63165
54.71049
55.62673
56.82015
58.49858
12.43824
25.60153
32.96206
33.72869
35.77915
36.62203
-1.00000
-1.00000
-1.00000
-1.00000
12.43824
23.81771
34.40965
47.15622
-1.00000
-1.00000
-1.00000
-1.00000
-1.00000
-1.00000
12.43824
23.40164
25.85720
39.12157
49.33159
-1.00000
-1.00000
-1.00000
-1.00000
-1.00000
12.43824
25.61541
27.20904
36.24460
37.54781
45.65889
46.05720
-1.00000
-1.00000
-1.00000
12.43824
12.91927
17.19286
17.31090
30.54332
36.46617
40.69347
46.63623
57.03061
57.52890
12.43824
25.62180
34.64653
42.50843
42.52435
47.65002
-1.00000
-1.00000
-1.00000
-1.00000
12.43824
23.00119
25.70490
38.54560
-1.00000
-1.00000
-1.00000
-1.00000
-1.00000
-1.00000
12.43824
24.12582
37.10859
48.02722
50.65421
53.90073
55.07910
57.91625
58.07739
-1.00000
12.43824
25.58251
26.15146
27.62905
35.07213
47.47765
51.53501
-1.00000
-1.00000
-1.00000
12.43824
14.98127
28.20629
38.76516
45.27146
48.25607
48.80326
-1.00000
-1.00000
-1.00000
12.43824
25.62520
27.25143
33.13590
35.33656
42.30705
42.59389
42.59864
48.61191
-1.00000
