12.43824
24.87647
37.31471
49.75295
62.61510
75.05334
87.49157
100.61449
113.51059
125.94883
12.43824
24.87647
37.31471
49.75295
62.19118
74.62942
87.74257
100.18081
112.61904
125.75636
12.43824
24.87647
37.31471
49.75295
61.79216
74.63490
87.07314
99.51137
111.36666
123.80489
12.43824
24.87647
37.31471
45.58126
58.69078
71.12901
82.90646
95.94700
108.86576
121.30400
12.43824
24.47800
36.91624
49.35448
61.79271
74.23095
86.79538
99.68728
112.37339
125.30439
12.43824
24.87647
37.31471
49.75295
62.91633
75.38912
87.82736
100.26559
112.70383
125.80946
12.43824
24.87647
37.31471
49.75295
62.69124
69.80547
82.24371
93.37643
104.52257
114.10476
12.43824
24.87647
37.31471
49.75295
62.19118
74.62942
87.46641
99.90465
113.03893
125.47716
12.43824
24.87647
33.56125
45.99949
57.34663
69.78486
82.42260
94.62287
107.06110
110.47689
12.43824
17.83346
30.27170
43.06476
55.50300
67.94124
80.37947
92.81771
105.25595
115.72289
12.43824
24.87647
37.31471
49.75295
51.26682
63.70505
76.14329
88.58153
99.62062
112.30119
12.43824
24.87647
37.92893
50.36716
62.80540
75.24363
87.68187
100.57617
113.01441
126.01403
12.43824
24.87647
37.31471
49.75295
62.19118
74.62942
87.58952
100.02775
104.56936
117.00760
12.43824
24.87647
37.31471
46.43350
58.87174
71.30997
83.74821
96.18644
109.35576
121.79399
12.43824
25.41111
37.84935
50.28758
62.72582
75.88977
86.18666
98.62489
111.53951
123.97775
12.43824
24.87647
35.87415
48.31239
61.31314
73.75138
86.69856
93.42920
105.86744
119.04382
12.43824
24.87647
37.31471
49.75295
62.19118
74.62942
87.06765
99.50589
110.31244
123.15139
12.43824
24.87647
37.31471
50.06655
63.13831
75.57655
88.01478
100.45302
112.89216
125.45384
12.43824
24.87647
37.31471
49.75295
62.19118
74.39841
86.83664
99.27488
112.22624
125.08691
12.43824
24.87647
37.31471
49.75295
62.19118
74.90654
87.34477
100.52243
113.35854
125.84845
12.43824
24.87647
37.31471
49.75295
62.19118
74.62942
81.91846
94.35669
108.05752
120.41461
12.43824
24.87647
37.50843
41.71168
54.14992
65.58175
78.01999
90.46866
102.90690
116.09427
12.43824
24.87647
37.31471
48.47770
60.91593
73.35417
85.79240
98.93717
111.47067
116.26472
12.43824
24.87647
37.31471
49.75295
62.55099
71.16754
83.60578
96.04401
108.48225
120.92049
12.43824
24.87647
37.31471
49.75295
62.19118
74.87828
87.31651
100.25375
113.46702
125.90526
12.43824
24.87647
37.31471
48.60404
61.04228
73.48051
85.91875
98.35698
110.79522
121.60893
12.43824
24.87647
37.31471
49.75295
62.19118
74.62942
82.56123
95.54926
107.98749
120.42573
12.43824
24.87647
37.31471
49.75295
62.78811
75.22634
89.04840
93.86567
106.30391
119.44325
12.43824
24.87647
37.31471
48.31790
60.75614
62.69076
75.71394
88.15217
100.59041
111.31126
12.43824
24.87647
37.31471
45.14678
57.74763
70.18586
82.62410
96.35773
108.94900
121.44952
12.43824
24.87647
37.31471
50.10605
62.54428
74.98252
87.42076
98.63064
111.65528
122.07177
12.43824
24.87647
37.31471
49.75295
62.19118
74.81599
87.53947
99.97771
112.51543
125.57715
12.43824
24.87647
37.31471
49.75295
62.19118
74.62942
87.06765
100.24915
113.29144
125.44248
12.43824
24.87647
35.57101
48.71016
61.14840
73.58663
86.69208
99.16534
101.22910
110.72332
12.43824
24.87647
37.31596
47.52266
60.13368
72.57191
80.38647
92.82471
106.27869
116.20744
12.43824
24.87647
37.31471
49.75295
62.19118
72.32008
85.47738
98.05474
111.20020
122.21885
12.43824
25.51684
37.95508
50.39331
59.01523
71.70970
84.14794
96.58618
104.71803
117.15626
12.43824
24.87647
37.31471
50.48948
62.92772
75.36595
87.80419
93.12699
106.29715
118.73539
12.43824
24.87647
37.31471
49.75295
62.19118
74.62942
84.64026
90.97978
100.57687
113.01511
12.43824
24.87647
37.31471
49.75295
62.66678
75.10502
86.61977
99.05801
111.49624
123.93448
12.43824
24.87647
37.31471
49.75295
62.02854
74.46678
86.90501
99.59825
101.13005
113.56829
12.43824
24.74779
37.18603
50.09763
62.53586
74.97410
88.02147
96.13719
108.53685
121.61311
12.43824
24.87647
37.31471
49.75295
62.19118
75.11772
87.55595
99.99419
113.03594
123.23981
12.43824
24.87647
37.31471
49.75295
62.19118
74.68970
87.40256
99.84079
110.29718
118.03926
12.43824
24.87647
37.31471
49.75295
62.19118
75.34871
88.40463
100.75108
110.56538
117.31785
12.43824
24.87647
37.31471
49.75295
62.19118
74.62942
84.55524
96.99348
109.43171
109.95952
12.43824
24.42499
33.89066
46.32890
53.06983
65.50807
77.94630
90.38454
92.50504
104.94328
12.43824
24.87647
37.31471
49.99085
62.42908
74.86732
87.15116
100.33805
112.77628
113.48670
12.43824
24.87647
25.95070
38.38893
51.23445
63.67269
76.11092
89.11371
97.15520
100.74082
12.43824
24.87647
37.31471
49.75295
61.89074
74.32897
87.35500
99.81392
111.03504
123.47328
12.43824
24.87647
37.31471
49.75295
62.19118
74.77569
87.21392
100.40096
113.93443
126.37267
12.43824
24.87647
37.31471
50.46507
62.90330
75.34154
87.77977
100.21801
112.69822
125.13645
12.43824
24.87647
37.89707
50.33530
57.22828
69.66652
82.10475
94.54299
107.26082
120.22991
12.43824
24.87647
37.31471
49.75295
62.19118
70.20496
79.63706
82.40377
94.84200
107.28024
12.43824
24.87647
37.31471
49.75295
62.19118
74.62942
76.36364
88.80188
101.53205
113.97029
12.43824
24.87647
37.31471
50.40274
63.26987
75.70810
89.08288
93.12479
99.96782
107.10754
12.43824
24.87647
37.31471
49.75295
62.19118
74.62942
87.06765
92.82181
105.26005
118.44654
12.43824
24.87647
37.31471
49.75295
62.19118
75.30737
87.74560
100.18384
112.62208
125.06031
12.43824
24.87647
37.31471
49.75295
62.61266
75.05089
87.92436
100.36260
111.45925
123.89749
12.43824
24.87647
37.31471
49.75295
62.19118
74.62942
87.06765
97.31696
110.02107
122.45930
12.43824
24.87647
37.31471
49.75295
62.19118
74.62942
87.06765
99.98279
112.31602
120.90055
12.43824
24.87647
37.31471
49.75295
62.19118
74.84050
87.27874
100.30101
113.35089
126.43696
12.43824
24.87647
37.31471
49.75295
62.66853
75.10677
88.24400
100.46077
112.89900
118.12705
12.43824
24.87647
37.31471
49.75295
62.92965
74.45039
87.81831
100.25654
113.41582
125.97421
12.43824
24.87647
37.31471
49.75295
62.19118
74.62942
85.23797
95.07385
106.08839
118.52663
12.43824
24.87647
37.31471
49.75295
62.54030
74.97853
87.87830
100.97844
114.03373
125.31336
12.43824
24.87647
37.31471
50.40678
62.84502
75.28325
88.10291
100.54114
113.02031
125.45855
12.43824
24.87647
37.31471
49.75295
62.19118
74.62942
87.06765
95.66661
107.13404
120.28962
12.43824
24.87647
37.31471
49.75295
62.19118
74.62942
78.66343
91.10167
103.53990
116.45276
12.43824
24.87647
37.31471
49.75295
62.46525
74.90349
87.92100
100.35923
112.79747
125.95862
12.43824
24.87647
37.31471
49.75295
62.70875
75.10277
87.54101
100.60558
113.28619
125.72442
12.43824
24.87647
36.51308
48.95132
61.38955
73.82779
86.26602
99.33984
111.79500
124.23324
12.43824
24.87647
37.31471
50.16069
62.59892
75.03716
87.47540
100.64650
114.27277
126.71101
12.43824
25.37174
37.80998
50.24821
62.68645
75.12468
88.00914
100.44738
111.05774
123.49597
12.43824
24.87647
37.31471
49.75295
62.89191
75.33014
83.89829
96.33652
108.77476
118.91819
12.43824
24.87647
37.31471
49.75295
62.19118
75.13231
87.57564
100.01387
112.45211
125.55195
12.43824
24.87647
37.31471
50.38742
62.82565
69.07152
81.50976
93.94799
106.38623
118.54986
12.43824
24.87647
37.31471
49.75295
59.34639
71.78463
84.22286
96.88986
109.32810
121.91393
12.43824
22.75964
35.19788
47.63611
60.07435
72.51259
84.95082
97.38906
110.30510
110.94077
12.43824
24.87647
37.52700
49.96524
62.40347
74.84171
87.27995
99.71818
108.77664
122.23880
12.43824
24.87647
37.31471
49.75295
62.90436
75.34260
87.78084
100.21907
113.34418
126.92015
12.43824
24.87647
38.06193
50.50017
55.30332
67.74155
80.17979
93.01185
105.45009
118.67657
12.43824
24.87647
37.31471
49.75295
62.19118
65.47230
72.45169
83.74702
96.18526
104.48862
12.43824
23.70414
26.33756
38.77580
51.21403
63.71728
76.36068
88.79892
101.23716
114.06735
12.43824
24.87647
38.05311
50.49134
62.92958
75.36781
87.80605
100.24429
113.34943
127.09578
12.43824
24.87647
38.04207
46.66694
59.10517
71.54341
83.98165
96.38446
109.53014
122.65149
12.43824
24.87647
37.31471
49.75295
62.87451
75.31275
88.33439
100.77262
110.98869
124.11038
12.43824
24.87647
37.31471
49.75295
62.19118
74.75892
87.19716
99.63539
112.07363
124.66621
12.43824
25.62297
38.06120
50.49944
62.93768
75.37591
87.81415
100.38734
104.47637
116.91461
12.43824
24.87647
37.31471
49.75295
60.09928
72.69441
85.13265
97.57089
110.00912
120.52876
12.43824
24.87647
37.31471
49.75295
62.19118
74.62942
81.98521
94.51056
106.94879
119.38703
12.43824
24.87647
37.31471
49.75295
62.19118
75.37716
87.81540
100.25363
102.89690
116.79448
12.43824
24.87647
37.31471
49.75295
62.93497
75.37321
86.78559
99.22382
111.85234
124.29058
12.43824
24.87647
37.31471
48.22423
61.24062
73.67885
84.75564
87.33796
99.77620
112.21444
12.43824
24.87647
37.31471
49.75295
62.19118
74.62942
86.17120
99.18882
111.62706
124.24655
12.43824
24.87647
37.31471
49.75295
62.19118
75.38905
88.34413
99.88737
112.32560
122.78095
12.43824
24.87647
37.16602
49.60426
62.74458
75.85245
88.29069
100.77827
113.95669
126.49227
12.43824
24.87647
37.31471
50.47054
62.90877
75.34701
88.24920
100.68743
113.86051
126.29875
12.43824
24.87647
37.31471
50.35263
62.79087
75.22910
87.35416
100.49736
112.93560
125.37383
12.43824
24.87647
37.31471
49.75295
62.89080
76.04933
88.90936
97.09214
102.64374
112.59929
