12.43824
24.87647
37.31471
49.75295
61.87603
74.31426
86.75250
99.19073
112.23291
124.67114
12.43824
24.87647
37.31471
50.49212
62.93035
75.36859
87.80683
100.44123
113.55509
126.52185
12.43824
24.87647
37.31471
49.75295
62.84896
76.02992
88.46815
100.90639
113.85789
126.48685
12.43824
24.87647
37.31471
49.75295
62.19118
74.62942
87.77983
98.04826
110.48650
122.92473
12.43824
21.13471
33.57294
46.01118
58.44942
70.88765
83.39624
93.89429
106.33253
118.77077
12.43824
24.87647
37.31471
50.22284
62.66108
75.73951
88.17774
100.61598
113.63662
125.20523
12.43824
24.87647
37.31471
49.75295
62.85991
67.94732
80.38556
92.82379
106.16352
116.05884
12.43824
24.87647
37.31471
49.75295
62.19118
74.62942
87.08586
99.52410
112.70751
125.14575
12.43824
24.87647
37.31471
49.75295
62.62451
75.26121
87.69945
100.13769
112.63040
126.14596
12.43824
20.16970
32.60793
42.75744
55.19568
67.63391
80.07215
92.51038
104.94862
112.86931
12.43824
24.87647
37.31471
49.75295
61.67876
74.11700
87.07914
99.51738
112.14383
119.99649
12.43824
24.87647
37.11539
49.55363
61.99187
74.43010
86.86834
95.87374
108.31197
120.75021
12.43824
24.87647
37.31471
49.75295
62.19118
74.62942
83.79705
96.75801
108.94864
121.38688
12.43824
24.87647
37.31471
44.02837
56.46661
68.90484
81.34308
93.78132
106.91270
119.78308
12.43824
24.87647
37.31471
49.75295
62.19118
75.04389
88.09634
100.53458
114.39319
127.36758
12.43824
24.87647
37.31471
49.75295
62.36233
74.80057
87.85440
98.53394
110.97218
114.90795
12.43824
24.87647
37.31471
49.75295
62.19118
74.62942
87.06765
99.50589
111.38282
123.02426
12.43824
24.87647
37.57086
45.90007
58.98998
71.42821
83.86645
96.30468
109.28213
121.91695
12.43824
24.87647
37.31471
49.75295
62.19118
75.19055
87.63021
99.77210
108.28062
120.71885
12.43824
25.56716
38.00540
50.44363
62.88187
75.32011
87.75834
100.94208
113.61223
126.13080
12.43824
24.87647
37.31471
49.75295
62.57569
75.01393
88.19028
100.62852
113.64112
126.76932
12.43824
24.87647
34.88320
46.26310
58.70134
71.13957
83.57781
96.01605
108.47281
122.37791
12.43824
24.87647
37.31471
49.75295
62.19118
74.62942
87.06765
99.73835
112.17659
125.27079
12.43824
24.87647
37.31471
49.75295
62.71592
75.15416
88.24637
100.68461
113.12284
125.56108
12.43824
24.87647
37.31471
49.75295
62.19118
75.37745
87.81569
99.37334
111.81157
124.24981
12.43824
24.87647
37.31471
48.95347
61.39170
73.82994
86.85773
99.29597
111.73420
124.17244
12.43824
24.87647
37.31471
49.75295
62.19118
74.62942
79.07424
91.51248
103.95072
116.38895
12.43824
24.87647
37.31471
49.75295
62.19118
74.75918
87.19742
100.28503
112.72326
119.83841
12.43824
24.87647
37.31471
49.75295
62.19118
71.96579
84.40403
96.84226
107.19810
117.21653
12.43824
24.87647
37.31471
50.60894
63.04717
75.48541
88.64490
99.18421
109.32176
122.70442
12.43824
24.87647
37.31471
50.48216
62.92040
75.35863
87.79687
97.75449
110.46288
115.25783
12.43824
24.87647
37.31471
49.75295
62.19118
74.43352
86.87176
99.30999
111.74823
125.40493
12.43824
24.87647
37.31471
49.75295
62.19118
74.62942
87.06765
99.50589
112.75090
123.09162
12.43824
24.87647
37.99804
50.43627
62.87451
75.31275
88.65674
100.91149
107.70579
119.17694
12.43824
24.87647
37.31471
49.17366
61.61189
74.05013
86.48836
98.92660
111.66583
116.33654
12.43824
24.87647
37.31471
49.75295
62.27357
67.34688
80.49279
93.97576
107.10000
114.94183
12.43824
24.87647
38.00480
50.44304
62.07801
74.51625
86.95448
100.56543
106.40613
119.49430
12.43824
24.87647
37.31471
49.75295
62.19118
74.62942
87.07291
99.51114
112.55748
124.99572
12.43824
24.87647
37.31471
49.75295
62.19118
74.62942
84.43615
88.96768
101.56762
114.00586
12.43824
24.87647
37.31471
49.75295
62.19118
74.62942
87.76086
100.19910
112.63733
125.07557
12.43824
24.87647
37.31471
49.75295
61.46242
73.90066
86.33889
98.77713
109.94114
122.37938
12.43824
25.61208
38.05031
47.46107
60.10984
72.54808
85.66777
98.90085
111.36068
124.53136
12.43824
24.87647
37.31471
49.75295
62.19118
75.32922
87.76746
100.20569
112.64393
122.86684
12.43824
24.87647
37.31471
49.75295
62.19118
74.62942
87.06765
99.50589
111.95156
124.87382
12.43824
24.87647
37.31471
49.75295
62.19118
75.28139
87.28651
96.52052
109.66775
122.10599
12.43824
24.87647
38.03018
50.77083
63.20907
75.64731
82.84084
95.27907
108.16931
118.57337
12.43824
24.81137
34.73902
47.17726
57.76490
70.20314
82.64137
95.07961
103.43603
115.87427
12.43824
24.87647
37.31471
50.02013
62.45837
74.89660
87.75372
101.40001
113.84823
126.28647
12.43824
24.87647
37.91279
50.35103
62.78927
75.22750
82.87783
95.32867
104.61456
118.37262
12.43824
24.87647
37.31471
49.75295
59.32204
71.76027
82.78520
95.22343
108.01240
120.45064
12.43824
24.87647
36.11974
48.55797
60.99621
73.16999
85.60822
98.04646
111.04201
124.22239
12.43824
24.87647
37.31471
50.37755
63.09661
75.53485
87.97309
100.41132
112.65406
125.09230
12.43824
24.87647
37.83591
50.27415
59.59691
72.03515
84.47338
96.91162
103.59793
116.03617
12.43824
25.37820
37.81644
50.32888
58.84209
71.28033
84.31257
96.90778
109.34602
121.78425
12.43824
24.87647
37.31471
49.75295
62.19118
75.17986
82.70020
95.13844
102.44915
115.07885
12.43824
24.87647
37.31471
49.75295
62.13098
74.56922
86.32811
90.24808
98.58485
111.02309
12.43824
24.87647
37.31471
49.75295
62.19118
74.62942
87.06765
100.08588
112.52412
125.34341
12.43824
24.87647
37.31471
50.47782
62.91605
75.57608
88.01432
100.45256
112.89079
125.32903
12.43824
24.87647
37.33800
49.77624
62.45888
74.89712
87.86650
100.64038
109.49782
121.93606
12.43824
24.87647
37.31471
50.35923
62.79746
75.23570
87.67394
99.63738
111.09472
123.53296
12.43824
24.87647
37.31471
46.48217
58.92040
71.35864
83.79687
96.33256
105.77617
118.45289
12.43824
24.87647
37.31471
49.75295
62.59018
75.02842
87.46666
99.90489
112.90563
119.92213
12.43824
24.87647
37.31471
49.75295
61.50930
73.94754
86.38578
98.82401
111.26225
124.16864
12.43824
24.87647
37.31471
49.75295
62.19118
75.30018
89.14804
101.58627
114.33087
126.78741
12.43824
24.87647
37.31471
49.75295
62.71654
75.15477
87.59038
100.02862
112.46686
124.90509
12.43824
24.87647
37.31471
49.75295
62.19118
74.62942
87.06765
99.50589
113.33846
120.12304
12.43824
24.87647
37.31471
50.37339
62.81163
75.24987
87.82588
100.26411
112.70235
125.14059
12.43824
24.87647
37.31471
49.75295
62.19118
74.62942
87.06765
99.50589
112.74949
125.88127
12.43824
24.87647
37.31471
49.75295
62.19118
74.21565
86.65388
99.09212
111.53036
124.71128
12.43824
24.87647
37.31471
49.75295
62.19118
74.62942
87.78645
101.09085
113.52908
126.66688
12.43824
24.87647
37.31471
49.75295
62.19118
74.84162
87.27986
100.36470
112.80293
125.94425
12.43824
24.87647
37.31471
49.75295
62.19118
74.62942
87.06765
99.73997
112.17821
124.61645
12.43824
24.87647
37.31471
50.91855
63.35678
75.91012
88.59267
101.03090
111.37788
123.81612
12.43824
25.60835
38.04659
50.48482
62.92306
75.36129
88.43987
100.87811
107.28462
120.19135
12.43824
24.87647
37.31471
49.75295
62.24491
75.02416
86.14021
98.57845
111.01668
123.45492
12.43824
24.87647
37.31471
49.75295
62.19118
69.53955
82.62973
95.06797
107.50620
120.53456
12.43824
24.87647
37.31471
47.93731
60.37554
73.51949
85.95773
98.39597
110.83420
123.57311
12.43824
24.87647
37.31471
49.75295
62.19118
74.62942
87.06765
100.25113
112.68936
125.87069
12.43824
24.87647
37.31471
49.75295
62.19118
74.62942
87.70602
100.14425
113.32459
119.49277
12.43824
24.87647
37.85655
51.01416
63.45239
76.16292
89.29074
101.72898
111.53549
124.86210
12.43824
24.87647
37.31471
49.75295
61.49722
73.93546
86.37370
98.81193
111.89107
124.96909
12.43824
24.87647
36.05253
48.49077
61.62788
74.06612
86.50436
98.43878
110.87701
118.91670
12.43824
24.87647
37.31471
49.75295
62.19118
75.14370
83.28608
96.04522
108.48345
113.75586
12.43824
21.92319
34.51852
46.95675
59.39499
72.58188
84.61435
97.05258
109.49082
119.59463
12.43824
24.87647
37.34293
49.78117
62.30547
74.74370
87.18194
99.62018
112.80488
126.07485
12.43824
24.87647
37.32108
46.57999
59.01823
71.45646
83.89470
96.33294
109.51574
122.66063
12.43824
24.87647
37.31471
49.75295
55.23573
67.67397
80.11221
92.55044
104.34588
116.78412
12.43824
24.87647
37.60394
50.04218
62.75399
75.89319
88.34783
100.78607
113.22431
125.97635
12.43824
24.87647
37.31471
49.75295
62.19118
74.62942
87.06765
99.50589
102.97561
115.41384
12.43824
24.87647
37.31471
49.75295
62.81191
75.25014
87.68838
100.84296
113.28119
125.71943
12.43824
24.87647
37.31471
49.75295
62.19118
74.62942
87.53006
99.96829
112.40919
124.70358
12.43824
24.87647
37.31471
49.87165
62.30989
75.06390
87.50214
99.94038
110.73757
123.87184
12.43824
24.87647
37.31471
49.75295
62.19118
74.62942
86.79666
99.23489
112.28876
124.72700
12.43824
25.30369
37.74192
50.18016
62.61839
75.05663
88.95895
102.17635
114.61458
127.05282
12.43824
24.87647
37.31471
49.75295
62.19118
74.62942
87.06765
99.54791
111.98615
124.98272
12.43824
24.87647
37.31471
49.75295
62.19118
74.62942
87.77058
95.14026
107.57849
119.37243
12.43824
24.87647
36.56796
49.00619
60.17896
73.02563
85.46387
96.22011
108.71234
119.50354
12.43824
24.87647
37.31471
45.49599
57.93422
70.37246
82.24094
95.15680
107.59504
120.03328
12.43824
24.87647
37.31471
49.89070
62.32893
74.76717
87.20540
100.14768
112.58592
125.02416
12.43824
24.87647
37.31471
49.75295
62.19118
73.93518
86.99429
99.85097
112.09727
119.89300
