12.43824
24.87647
37.31471
49.75295
62.19118
74.62942
87.06765
99.34150
105.69536
118.13359
12.43824
24.87647
37.31471
49.75295
62.19118
74.62942
87.56129
100.36028
112.53882
124.87700
12.43824
24.87647
37.31471
49.75295
62.19118
74.62942
87.06765
99.50589
112.04418
125.95775
12.43824
24.87647
37.31471
50.48411
63.66558
76.10382
88.54205
99.31229
112.35840
125.48435
12.43824
22.41699
34.85522
47.29346
59.73170
72.16993
83.76042
96.80241
109.79003
122.45014
12.43824
24.87647
37.31471
49.75295
62.83023
75.26847
87.70670
100.14494
113.31710
126.70559
12.43824
24.87647
37.31471
49.75295
62.19118
66.72902
79.16726
92.19615
97.43236
109.87060
12.43824
24.87647
37.31471
49.75295
62.19118
74.62942
87.75300
100.19124
113.51761
126.70062
12.43824
24.87647
37.31471
49.75295
62.18291
74.62115
87.80816
99.53308
111.97131
125.02306
12.43824
25.46948
37.96121
50.85408
63.29232
75.73056
88.16879
100.60703
113.04527
119.56503
12.43824
24.87647
37.31471
49.75295
62.82938
75.26762
88.20042
100.63866
113.07690
126.20843
12.43824
24.87647
35.40561
47.84384
60.85243
73.99893
86.43717
89.47445
101.91268
114.53210
12.43824
24.87647
37.31471
49.75295
62.19118
74.62942
87.06765
100.20896
111.37524
123.81347
12.43824
24.87647
37.31471
50.43682
62.87505
75.31329
87.75152
100.18976
112.76464
125.20287
12.43824
23.38793
35.82617
48.26440
60.70264
73.71357
86.67740
99.11563
111.82062
124.27742
12.43824
24.87647
38.06337
50.50160
63.60241
76.04065
88.47889
95.30169
107.73993
120.44698
12.43824
24.87647
37.31471
49.75295
62.19118
74.62942
87.06765
99.50589
109.49658
122.16438
12.43824
24.87647
37.76102
50.19925
63.16819
75.60643
88.04466
100.48290
113.14421
126.32689
12.43824
24.87647
37.31471
49.75295
62.19118
75.37618
87.81442
100.25266
113.41231
126.03509
12.43824
25.08862
37.52685
49.96509
62.40333
75.21608
87.65431
100.09255
112.12288
124.56111
12.43824
24.87647
37.31471
49.75295
62.19270
74.63094
87.06991
99.50815
110.47716
122.91539
12.43824
24.87647
31.41146
35.73283
48.17106
60.60930
73.04754
85.48577
97.92401
110.36225
12.43824
24.87647
37.31471
50.26071
62.69894
75.13718
87.57542
99.15979
111.59802
124.03626
12.43824
24.87647
37.31471
49.75295
57.96117
70.39941
83.58802
96.02625
108.46449
120.90273
12.43824
24.87647
37.31471
49.75295
62.19118
74.82072
87.60961
100.44548
111.75108
124.18931
12.43824
24.87647
37.31471
48.95935
61.39759
73.83582
86.27406
98.71230
111.15053
123.58877
12.43824
24.87647
37.31471
50.14948
62.58772
75.02595
86.67581
99.17454
111.61278
124.05101
12.43824
24.87647
37.31471
49.75295
62.19118
74.62942
87.82166
101.44944
113.96252
125.87165
12.43824
24.87647
37.31471
50.23940
62.67763
74.83510
87.63607
100.07431
112.22353
120.30053
12.43824
24.87647
37.31471
50.41032
63.43447
75.87271
88.31094
101.15182
113.31193
125.81203
12.43824
24.87647
37.31471
49.75295
62.19118
74.62942
87.06765
97.36098
109.79921
122.23745
12.43824
24.87647
37.31471
49.75295
62.19118
73.53233
86.60660
99.04484
111.48307
125.23089
12.43824
24.87647
37.31471
49.75295
62.19118
74.62942
87.06765
99.50589
113.07443
125.52931
12.43824
24.87647
37.31471
47.48950
59.92774
72.36597
85.29830
98.13605
105.24224
118.43954
12.43824
24.87647
37.82572
51.00925
63.85394
76.29218
89.35568
101.79392
115.67008
123.35602
12.43824
24.87647
37.31471
49.75295
62.19118
74.62942
87.73133
98.00530
110.84969
116.31770
12.43824
24.87647
37.31471
49.75295
57.51931
69.95755
82.39579
95.47558
106.22054
119.38932
12.43824
24.87647
37.31471
50.04048
62.47872
74.91696
87.35519
90.73101
103.87666
116.31489
12.43824
24.87647
37.31471
49.81547
62.25371
74.69194
82.35160
87.96067
94.49070
106.92894
12.43824
24.87647
37.31471
49.75295
62.19118
74.62942
87.18384
99.62208
112.06032
124.49855
12.43824
24.87647
37.31471
49.75295
62.19118
75.37298
87.81122
100.53387
109.13100
121.56924
12.43824
24.16424
36.60248
48.93945
61.37769
73.81592
86.30993
99.83901
112.26486
125.45082
12.43824
24.87647
37.31471
49.75295
62.19118
74.62942
87.06765
99.50589
111.94413
125.42838
12.43824
24.87647
37.31471
49.75295
62.28226
75.00304
87.08183
99.52007
113.15814
125.75331
12.43824
24.87647
37.31471
49.75295
62.19118
74.62942
87.41705
97.81135
105.80534
113.50842
12.43824
24.87647
37.31471
49.75295
62.19118
74.62942
82.06011
94.49835
106.93658
119.41331
12.43824
25.58443
37.09925
49.53749
56.22339
68.66162
81.09986
93.53810
106.33866
118.77690
12.43824
24.87647
37.31471
44.11071
56.54895
68.98718
79.62738
92.82765
106.60102
117.12798
12.43824
24.87647
34.29144
46.72968
59.16792
71.60615
78.75483
88.56059
95.83101
98.34880
12.43824
24.87647
37.31471
49.75295
60.79786
73.46603
86.56808
99.00631
111.42373
124.13614
12.43824
24.87647
36.51227
48.95051
61.38875
71.39621
83.83445
96.87263
110.04590
123.08553
12.43824
24.87647
37.31471
49.75295
62.19118
74.62942
87.06765
99.50589
112.22207
124.68229
12.43824
24.87647
38.04335
50.48159
62.91983
75.35806
87.79630
100.23454
112.44733
124.81226
12.43824
24.87647
37.31471
49.75295
62.19118
74.84127
87.27951
100.43080
112.86903
125.30727
12.43824
24.87647
37.31471
49.75295
62.19118
74.62942
79.00503
91.44326
105.08161
117.51985
12.43824
24.87647
37.31471
48.19350
60.66446
73.10269
85.22033
87.84160
100.27983
113.09668
12.43824
24.87647
37.31471
49.75295
62.19118
74.62942
87.06765
94.97877
107.41700
120.36617
12.43824
24.87647
37.31471
49.75295
62.19118
75.32706
87.76529
100.20353
112.64177
125.08000
12.43824
24.87647
36.84841
49.28665
62.27591
74.71414
87.31451
99.75274
111.88707
124.32531
12.43824
24.87647
38.02802
50.46626
62.90450
75.34273
87.78097
94.89877
107.67897
120.11721
12.43824
24.87647
37.31471
49.90323
62.34147
74.77970
87.21794
99.65617
109.69184
121.78987
12.43824
24.87647
37.31471
49.75295
62.89810
75.88878
88.32701
101.41306
114.04828
127.46834
12.43824
24.87647
37.31471
49.75295
62.73814
75.17637
88.15079
100.58903
113.02727
124.41254
12.43824
24.87647
37.31471
49.75295
62.81216
74.26498
87.40604
99.84427
109.38653
121.82476
12.43824
24.87647
37.31471
49.75295
62.19118
74.62942
85.65737
97.82451
110.26275
122.70099
12.43824
24.87647
37.31471
49.75295
62.93277
75.37101
87.80924
100.24748
113.38997
124.80422
12.43824
24.87647
37.31471
50.43233
62.87056
75.30880
87.74703
100.18527
111.93968
124.37792
12.43824
24.87647
37.31471
49.75295
62.19118
74.62942
87.06765
99.50589
111.06124
124.23863
12.43824
25.07374
37.51198
49.95021
62.38845
75.47285
82.87103
95.30926
107.74750
120.73174
12.43824
24.87647
37.31471
49.75295
61.58135
74.01959
86.45783
98.98877
111.42701
125.30224
12.43824
24.87647
37.31471
49.75295
62.19118
69.92012
82.35836
95.49848
107.93672
120.84367
12.43824
24.87647
34.17335
46.61159
59.04982
72.12602
84.56425
97.32933
110.35101
122.78924
12.43824
24.87647
37.31471
50.17666
62.61490
75.05313
88.21189
101.38015
115.55194
127.99018
12.43824
24.87647
37.31471
49.75295
62.19118
74.62942
88.43462
100.87285
103.78885
116.49840
12.43824
24.87647
37.31471
49.75295
62.90001
75.33824
77.43481
89.87305
102.31128
112.67692
12.43824
24.87647
37.31471
49.75295
62.19118
74.62942
87.06765
99.50589
112.69217
125.13967
12.43824
24.87647
37.31471
49.75295
62.19118
74.57035
87.00859
99.44683
112.59803
125.53416
12.43824
24.87647
37.31471
49.75295
60.10663
72.54487
84.98311
97.79242
110.23065
123.01053
12.43824
24.87647
37.31471
49.75295
62.19118
74.62942
87.65744
100.09567
112.69558
120.53926
12.43824
24.87647
37.31471
50.47369
62.91193
75.35017
87.78840
100.22664
112.66487
125.94817
12.43824
24.87647
37.31471
49.75295
62.93137
75.36961
87.80784
100.24608
113.32839
124.29777
12.43824
24.87647
36.88310
49.32134
61.75957
74.19781
87.30900
100.48926
113.48636
126.04052
12.43824
24.87647
37.31471
49.75295
62.19118
66.51743
79.36771
92.11061
104.54885
114.87645
12.43824
22.53732
35.69039
48.12863
60.56686
73.59346
86.77941
99.21765
111.65588
-1.00000
12.43824
24.87647
37.31471
49.75295
62.19118
74.62942
87.06765
99.50589
111.94413
125.35085
12.43824
24.87647
38.02564
50.46388
62.90211
75.34035
87.77859
100.68717
113.81502
126.61677
12.43824
24.87647
37.31471
49.75295
53.24433
65.68257
78.12080
90.55904
102.99727
115.43551
12.43824
24.87647
37.31471
49.75295
62.19118
66.02813
78.46637
90.90460
103.34284
116.00077
12.43824
25.33194
37.77018
50.20841
63.31654
75.75478
88.19302
94.76891
104.94877
117.38700
12.43824
24.87647
37.31471
50.44941
63.34914
73.60607
86.04430
98.48254
110.92078
121.16086
12.43824
24.87647
37.31471
49.75295
62.19118
74.62942
82.16881
95.31778
107.75602
115.32318
12.43824
24.87647
37.31471
49.75295
62.19118
75.23992
87.67816
100.11639
111.43939
122.33938
12.43824
24.87647
37.31471
49.75295
62.19118
74.62942
87.20361
99.64185
112.29593
124.73416
12.43824
24.87647
37.31471
49.75295
62.41822
74.85646
84.11566
93.69537
106.13360
118.57184
12.43824
24.87647
37.31471
49.75295
62.19118
74.62942
79.56947
92.75502
105.19326
117.63149
12.43824
24.87647
38.04099
50.47923
62.91747
76.77644
89.21468
98.81184
111.25008
114.57340
12.43824
24.87647
36.31469
48.75293
61.73927
74.70958
87.14782
99.58606
112.62354
124.38849
12.43824
24.87647
37.31471
49.75295
62.19118
74.62942
86.73860
99.17683
112.33958
124.77782
12.43824
24.87647
37.31471
50.40656
62.84479
75.28303
88.46927
101.65425
114.09249
126.53073
12.43824
24.87647
37.31471
49.75295
62.19118
74.62942
87.06765
98.06522
107.73324
113.03482
