12.43824
19.59473
28.11122
35.72015
38.91903
39.16963
46.01034
49.81085
50.37003
50.89202
12.43824
16.11258
19.75557
19.79718
24.84536
28.39686
31.22968
31.33490
43.42559
47.75194
12.43824
20.65871
22.16132
23.52210
25.89263
25.95363
34.40185
43.12479
43.83455
50.01337
12.43824
24.18822
27.72498
29.79152
32.27182
35.65771
45.02106
45.94765
46.53275
46.82574
12.43824
23.52341
29.07964
31.43749
32.28791
36.33617
45.70241
45.76092
46.66591
47.69128
12.43824
24.87647
36.37567
39.19030
46.30019
50.02514
53.53960
53.69404
54.06763
54.28111
12.43824
23.31569
31.01275
42.90746
43.44156
46.20659
47.12406
48.57973
49.00302
50.63086
12.43824
23.07431
24.89934
28.59419
34.81097
34.94772
34.95292
43.94686
44.05752
44.39650
12.43824
21.19661
27.36643
37.00557
38.17751
47.40248
47.70646
51.09763
53.00104
53.76845
12.43824
16.35626
19.02700
19.06161
27.76035
28.64252
40.67284
43.42070
51.51220
57.01035
12.43824
23.56921
27.22504
34.43764
34.81022
39.66025
39.80004
43.21606
43.71534
44.03364
12.43824
17.89153
19.55388
26.72206
31.93607
34.65990
40.55370
40.89840
42.51319
50.98939
12.43824
20.05408
28.61823
39.76506
40.76447
46.06453
48.20919
48.39494
48.73265
49.41020
12.43824
21.93409
22.76053
23.71005
28.74169
31.49360
31.98937
37.51739
41.84314
45.75149
12.43824
21.21913
25.15216
31.67796
38.72967
40.78513
40.85569
53.02528
53.06062
55.11502
12.43824
21.06907
24.24011
25.68237
26.56725
37.11276
37.25527
38.53781
42.44425
42.98553
12.43824
21.47043
30.89761
34.63803
41.08961
41.53998
43.35626
43.78042
43.86542
48.34015
12.43824
25.25407
32.82741
33.43004
33.99454
37.16887
42.58058
43.68022
45.99130
46.75567
12.43824
20.22240
21.72044
26.01026
30.42986
36.66115
44.13388
44.40165
44.52597
51.45741
12.43824
16.46291
21.92495
25.35124
32.45839
32.65248
37.06669
38.11028
38.22283
39.99899
12.43824
24.75443
29.15261
32.99612
33.54349
40.19209
45.80108
46.04550
46.16524
47.68849
12.43824
15.14118
17.27805
17.62795
27.87732
29.12322
39.11472
39.98685
40.68137
41.43353
12.43824
22.11483
26.90895
27.91213
28.60475
37.15885
40.61719
45.99891
50.74088
51.23485
12.43824
25.29824
30.64474
35.67060
38.72475
38.93121
40.67995
41.43152
50.03268
50.51303
12.43824
22.10360
34.58376
41.98648
48.44119
54.25805
56.43993
56.84217
57.34663
66.01668
12.43824
19.65415
20.54977
29.18273
36.14927
39.65604
44.98167
47.39730
49.30999
49.68611
12.43824
18.51210
30.96534
40.80968
50.68623
54.74058
66.18595
67.05118
71.69324
75.62191
12.43824
23.28238
25.66898
25.93381
27.02662
28.87166
28.87369
30.80503
31.48578
33.44620
12.43824
23.40056
34.67269
38.96525
41.05966
41.34852
45.81759
54.47878
58.48992
63.37225
12.43824
20.35884
25.83523
28.62796
29.84023
38.35553
39.00271
39.03687
41.10156
42.10269
12.43824
21.87359
24.33852
28.88407
31.63369
32.73976
39.90573
40.02339
48.62446
50.90845
12.43824
19.28342
20.87009
27.07231
31.73969
42.00189
42.38207
46.41466
46.68104
46.81571
12.43824
23.94056
26.39749
35.04025
36.47229
37.09993
37.38340
43.40836
52.96822
53.53941
12.43824
21.35586
22.16171
23.50340
28.05485
34.83729
37.50944
37.74593
40.80380
40.91586
12.43824
18.59656
24.39000
26.83850
32.31289
40.17206
40.69356
40.93813
43.34497
43.45115
12.43824
25.17142
35.00562
39.02846
39.88655
40.12596
48.86240
50.42478
52.72288
53.33707
12.43824
13.94033
20.62541
26.80061
27.45409
29.15313
31.53736
31.87483
38.82669
44.55531
12.43824
20.62181
23.40886
24.16240
29.82463
34.68788
47.24939
48.15233
49.22048
53.09738
12.43824
24.66458
33.29106
36.62494
45.33133
49.28718
56.35780
56.47376
56.89768
58.51128
12.43824
20.68641
31.96031
33.88827
34.84950
43.45784
44.24656
46.24340
48.75536
49.24171
12.43824
23.48074
24.05619
30.78291
33.02493
35.66812
35.75405
41.54175
41.63072
46.39502
12.43824
20.00230
28.11866
29.26399
31.18718
42.89676
43.39393
49.36224
51.51412
51.59389
12.43824
23.09819
32.35404
34.51052
41.25938
42.51005
50.88226
51.47715
51.71994
63.63823
12.43824
20.74829
30.22080
33.41502
37.97559
47.56903
52.29203
53.13987
53.40503
53.51520
12.43824
20.05188
20.53546
26.25090
30.13947
30.61601
30.84041
43.17734
45.08846
50.00606
12.43824
21.08145
22.41527
23.00048
31.61811
36.14948
38.18088
38.81408
40.36414
40.67809
12.43824
13.47032
17.23188
27.60692
31.28214
39.48845
40.07738
40.22550
40.26445
45.20470
12.43824
22.73949
31.87195
32.53844
41.53316
45.06594
45.43172
45.95472
49.11546
49.74402
12.43824
21.25713
26.50721
29.92974
39.80516
47.21641
47.38659
47.44189
48.52942
49.17675
12.43824
21.84200
23.80422
29.13221
33.88428
38.68054
42.88027
50.14443
50.81163
57.61791
12.43824
22.32246
29.92566
36.80021
42.16727
42.61390
48.23229
48.84138
49.22441
50.29454
12.43824
24.70141
32.99086
33.78170
35.44076
46.56255
48.65581
49.12020
53.63416
57.99872
12.43824
25.22178
29.64818
35.84237
38.74661
40.21237
48.97157
58.25872
59.22507
66.27176
12.43824
22.55323
31.48012
33.48994
38.76884
39.89719
40.52353
40.94888
43.21817
49.48096
12.43824
24.66244
27.89843
30.48944
41.44843
43.94231
44.07518
52.07348
52.32054
54.25426
12.43824
24.75293
36.69426
39.18243
40.56375
43.61121
45.36333
46.36771
46.64919
51.46016
12.43824
13.34303
19.72724
24.97265
32.32215
36.35636
41.62733
41.87669
51.22912
56.75960
12.43824
23.21576
36.38758
39.87147
44.91202
46.40236
49.28767
53.44945
56.82095
63.83157
12.43824
15.95063
17.16862
21.42651
28.10551
35.87567
36.69263
37.24271
43.83512
45.82908
12.43824
25.41916
32.67921
35.05324
43.53179
44.95844
51.74736
52.01583
57.49444
65.17366
12.43824
16.99634
23.43188
24.69613
25.37553
31.22310
38.09172
40.60062
40.62122
40.89527
12.43824
17.84235
28.39013
33.60386
39.68822
44.55176
52.79963
54.63257
54.87784
55.45663
12.43824
23.44573
25.78517
30.57623
30.61077
31.92170
40.72296
43.49669
45.19922
49.18911
12.43824
21.48042
26.01211
32.60755
32.92044
34.42333
34.45490
39.56659
39.77925
39.97337
12.43824
18.77798
31.32046
32.94392
37.21939
38.46900
38.58012
43.64970
44.19517
47.38288
12.43824
21.81041
32.82466
34.04310
39.57547
44.16070
44.79508
49.02339
55.74453
55.87599
12.43824
20.41964
30.28017
32.64754
39.34152
39.88045
40.29047
40.35480
47.00875
49.53858
12.43824
20.21154
24.55345
34.48413
36.01532
37.32174
37.42575
37.46925
39.58571
39.65508
12.43824
16.16282
23.99966
35.26173
42.83843
44.77695
45.03467
53.91389
55.75471
55.84173
12.43824
24.22963
31.39685
35.79200
36.08940
36.60294
37.74672
38.16211
49.11868
55.20660
12.43824
17.02456
20.54138
22.00174
29.17161
33.09701
44.43453
45.65314
53.71635
54.29388
12.43824
20.69169
29.26456
36.57874
40.21781
43.08786
47.13037
47.27686
47.45624
52.88456
12.43824
18.06266
19.64935
30.80990
31.55649
34.08708
40.00720
41.57729
50.69355
55.49792
12.43824
14.32677
20.40873
23.92832
28.81287
32.21104
32.56988
44.32110
44.32700
46.43736
12.43824
24.69363
30.22434
36.32676
36.90970
45.50730
46.03837
48.57772
48.99479
54.76374
12.43824
17.70674
23.50571
27.16747
34.85516
34.94973
41.73044
45.41006
51.54164
56.47517
12.43824
15.16882
23.83785
24.51601
28.37671
31.87884
35.49097
38.20801
39.28186
39.57394
12.43824
24.94721
35.04124
43.91938
44.78152
47.51423
47.53816
48.46384
48.66752
49.60878
12.43824
17.44700
29.00109
29.74807
33.50691
36.15291
36.29405
37.37774
37.52100
37.55375
12.43824
25.59494
29.68809
33.24612
37.59848
42.22873
43.45604
50.40955
50.95511
52.04419
12.43824
17.52339
27.64369
29.06046
30.34555
35.25826
39.72620
45.65419
45.83030
46.47773
12.43824
22.76291
26.52211
35.49913
38.65150
40.14302
41.97779
42.13596
49.70162
50.41876
12.43824
25.40151
31.41418
40.35089
43.71534
44.49196
55.62575
55.95671
61.79430
63.15134
12.43824
15.44309
18.29133
25.34165
32.10998
35.38107
36.61413
41.68808
41.95378
43.99871
12.43824
17.77012
18.60663
20.05457
20.29177
24.31078
31.58653
34.54104
34.56551
35.40509
12.43824
19.75223
29.26957
31.12111
33.78023
44.66619
47.87097
52.82562
57.89103
57.96736
12.43824
24.06652
32.60928
34.89600
36.85096
45.27503
48.14052
52.44058
59.71308
60.31713
12.43824
21.25912
27.35630
37.93958
42.93482
46.37652
53.92269
57.03216
57.65907
57.73536
12.43824
16.78518
29.97109
41.92997
45.72309
55.73395
57.90998
63.02395
66.29474
67.73115
12.43824
20.26514
27.96544
33.28019
33.61064
36.60117
42.16631
42.67431
46.60342
49.64640
12.43824
20.55917
30.08978
41.03725
46.89293
54.78878
55.48977
56.57040
58.69025
58.81928
12.43824
20.31339
23.17516
31.50120
31.57383
32.60223
36.88955
42.48695
42.73104
42.88343
12.43824
18.69784
21.59818
21.67045
27.20020
35.90264
41.38062
42.13882
42.73241
55.28319
12.43824
13.72758
18.68145
20.14786
28.51477
40.43479
40.53892
40.74824
41.35250
44.11891
12.43824
25.42285
30.65243
32.70257
38.73732
43.18234
43.81773
44.06277
-1.00000
-1.00000
12.43824
16.78854
22.35260
33.51178
39.79017
41.51300
42.63971
46.50928
48.79191
53.79427
12.43824
21.66924
23.00241
25.18249
28.29698
28.89341
30.49378
36.32670
36.43443
36.90504
12.43824
24.56927
27.80573
29.56729
32.60709
40.70001
43.61013
50.59924
53.05788
54.47618
12.43824
18.23285
25.97473
31.07107
35.85837
38.87629
41.92479
45.80262
47.66416
53.34992
12.43824
25.28727
38.53565
45.52027
48.04150
50.63176
51.20029
57.61462
59.37540
59.38892
