12.43824
24.87647
37.31471
49.82490
55.89517
65.16233
78.78033
80.86078
84.64590
97.05473
12.43824
24.87768
37.97471
46.39632
56.85500
69.43406
79.30825
85.00594
94.25601
105.72177
12.43824
25.01802
37.45626
50.51766
53.23483
60.48646
71.45377
83.43316
89.96172
92.58441
12.43824
24.87647
37.97182
43.63612
50.00689
62.95355
68.15208
77.52907
85.80178
98.29141
12.43824
16.57390
29.01214
42.44693
54.88517
67.92974
77.67353
82.55966
85.67505
94.45831
12.43824
24.87647
37.84053
49.54284
58.00091
59.75968
71.11209
83.76158
86.66059
93.52661
12.43824
25.62491
38.50261
50.97780
62.23901
67.50157
73.97482
78.13859
84.62917
90.37968
12.43824
25.44109
36.01050
48.47059
61.04738
71.74306
81.69028
95.27734
101.89086
107.35161
12.43824
24.87647
28.74772
41.89357
47.11822
60.17576
68.61591
77.30969
89.87847
93.45592
12.43824
16.13766
26.88706
30.26507
42.70330
54.08963
64.40152
74.87873
87.69576
90.53142
12.43824
24.87647
37.94995
51.61784
62.65688
71.05644
81.47761
92.82418
96.38671
105.17596
12.43824
25.29229
31.14789
43.58613
53.65440
61.33781
73.20160
73.53939
80.79402
88.67523
12.43824
24.87647
37.31471
49.76548
60.52153
72.82089
78.15752
87.73795
88.94141
102.25010
12.43824
24.87647
26.64539
32.30123
44.80859
57.92337
67.22584
79.68064
85.48018
93.37075
12.43824
19.49716
31.93540
44.37363
56.02434
62.18483
67.54034
77.63489
81.78903
90.92303
12.43824
24.87647
27.35661
39.67686
50.28701
63.28608
66.18633
77.15053
90.01769
93.74117
12.43824
25.12481
37.56304
49.91760
62.35584
76.11445
87.63735
100.57095
109.81654
114.23270
12.43824
25.41721
32.58838
36.25282
41.62052
54.31833
63.77658
76.52837
84.87306
97.07375
12.43824
24.87647
37.99601
50.89001
63.39006
67.60808
78.82642
90.42840
98.35758
107.52671
12.43824
18.57258
28.42547
40.86371
54.39836
62.86191
76.13602
84.74649
94.87370
103.71454
12.43824
24.87647
30.68208
43.92503
51.33118
64.46771
73.82365
86.98908
91.21216
101.39441
12.43824
25.54788
31.88697
40.84233
53.28056
60.42276
73.66095
84.23586
96.26366
99.77732
12.43824
24.87647
31.82503
42.22784
49.83839
62.54716
76.45516
86.85282
94.80459
104.97379
12.43824
24.87647
38.54592
51.73008
55.27149
62.43352
69.66402
78.70905
89.07773
102.60556
12.43824
22.43442
34.87266
47.65950
61.01042
65.28356
77.63545
82.71595
92.38527
105.63161
12.43824
24.87647
37.93174
42.81197
56.06986
68.00489
70.84193
81.14281
89.80385
96.03852
12.43824
24.36927
36.80750
49.19551
62.24796
75.41612
78.08092
82.96660
91.19198
102.67387
12.43824
25.07908
38.16226
51.20284
58.31477
65.79650
71.11550
71.74595
84.16087
94.85104
12.43824
25.40418
37.84242
44.70921
57.40812
63.02993
70.66691
83.35943
84.68372
87.96474
12.43824
25.23847
37.67671
40.97766
45.05794
57.90531
70.04521
73.91880
79.67743
91.90575
12.43824
24.87647
37.31471
43.85449
56.78932
70.56450
80.17500
83.26125
92.08666
93.81052
12.43824
25.13421
38.30650
50.74474
63.78819
69.63044
72.43319
85.23128
95.95416
98.77649
12.43824
24.87647
37.20598
49.64421
61.34566
71.34248
84.76420
91.70206
94.82633
100.44754
12.43824
24.87647
34.98890
42.32443
54.76267
66.79562
72.32648
80.42242
81.79934
86.10311
12.43824
25.54817
34.78712
38.45954
44.30198
56.74021
64.81603
72.36275
80.98169
81.49693
12.43824
24.87647
37.85502
51.13022
62.19719
70.60826
79.23605
85.01862
92.80748
95.73820
12.43824
19.35202
32.59959
45.77131
47.74395
60.01608
72.06379
79.36197
87.51756
95.56033
12.43824
25.34717
37.78540
42.84802
55.65930
65.04318
78.37818
80.04147
93.24769
102.02236
12.43824
24.87647
38.05831
47.74826
60.37843
72.98134
76.30186
83.08973
92.58715
103.21782
12.43824
25.51386
37.95209
51.03128
61.11177
73.73410
82.32189
95.61108
105.96399
112.71061
12.43824
24.87647
37.93239
49.78978
53.74458
64.02290
77.37876
83.25201
92.85181
104.70348
12.43824
16.83894
29.27718
35.19888
46.62544
59.17065
61.01553
65.12278
70.54041
79.15555
12.43824
24.87647
36.22341
49.74405
62.34948
75.39647
88.58149
100.74847
108.08756
112.52892
12.43824
25.16657
37.69994
50.28942
57.79840
69.66518
71.31334
83.14173
84.61119
90.15097
12.43824
24.87647
35.89785
48.33609
61.67442
69.54493
73.98418
84.06998
86.05239
91.29487
12.43824
24.87647
34.97886
46.23823
58.77998
71.70545
73.89281
86.94675
98.31595
111.30517
12.43824
20.86617
22.90591
35.06152
37.27093
49.70916
60.60531
73.89490
74.10677
85.97027
12.43824
24.87647
35.73377
37.07262
49.14041
60.52260
70.21524
72.22388
80.27649
87.82256
12.43824
25.55061
35.85265
48.98245
56.79432
69.87851
71.31179
72.82354
73.29445
80.85538
12.43824
25.43766
37.87590
49.79166
57.42684
69.33295
80.86778
90.25415
97.19026
106.59311
12.43824
24.87647
30.40966
42.84790
55.50352
59.12616
70.58879
80.39761
83.47144
91.88409
12.43824
22.43190
34.87014
45.66950
56.69396
69.78195
82.73760
95.95493
101.64609
114.10522
12.43824
24.87647
35.01572
47.56234
49.11072
61.97440
74.21764
86.53482
94.02698
106.47565
12.43824
25.56894
38.00718
48.05515
58.30983
62.04625
69.01669
71.51619
84.17922
97.51356
12.43824
24.87647
35.45053
47.98802
60.42626
73.61322
81.93173
95.83359
97.77587
107.44535
12.43824
24.88781
37.35739
41.36959
41.97371
55.15506
59.46888
67.14617
68.23395
71.78581
12.43824
25.57233
38.56970
51.91018
65.19937
71.31792
84.08781
86.10067
96.57471
101.53826
12.43824
24.87647
37.65357
46.61681
54.14712
62.56366
74.64324
84.68028
98.07391
105.88294
12.43824
25.62207
30.65379
42.83769
45.29172
57.72995
61.10567
73.24159
78.66627
91.69105
12.43824
25.61340
36.11241
46.89599
59.85985
70.85991
83.45120
86.73649
87.27168
96.01914
12.43824
24.87647
38.01662
49.86883
61.00577
74.09994
87.12108
98.71114
101.16618
106.44549
12.43824
23.27080
35.70904
47.65613
57.81750
71.19480
82.08999
84.64910
87.21659
92.37530
12.43824
24.87647
37.31471
50.02887
56.52132
69.70698
75.48605
83.28523
96.19919
103.17589
12.43824
20.54489
33.65683
44.01083
52.18357
58.99833
59.49934
72.71014
76.79959
83.03910
12.43824
24.87647
37.31471
50.04968
61.16084
74.28154
82.94623
91.44061
102.78487
115.49300
12.43824
25.37107
38.14361
48.48740
54.16372
67.33052
74.79460
77.45908
84.92906
87.74601
12.43824
25.51824
37.95648
46.49696
58.93520
68.73424
75.37857
88.50962
95.72409
108.04186
12.43824
24.87647
38.03499
51.14451
61.17333
73.76201
86.00420
91.45955
93.67642
102.37571
12.43824
25.47262
37.92218
49.01641
60.38262
66.08514
73.31901
86.54648
98.36235
100.70199
12.43824
24.87647
38.13626
50.81553
54.70353
68.46959
81.28258
90.15077
102.20661
109.12396
12.43824
24.88944
32.84044
45.58198
55.19818
58.63361
71.28058
75.88162
84.28449
91.71151
12.43824
25.50165
28.62441
41.06265
53.50088
63.44723
75.83262
86.04973
96.21087
110.03319
12.43824
24.87647
37.95548
45.63746
56.87280
69.52110
81.55371
93.67963
94.39436
104.04903
12.43824
24.21905
37.27999
50.07109
63.23065
76.00271
79.66675
89.99300
90.31628
101.97243
12.43824
24.87647
37.31471
50.48060
55.86800
61.58255
63.34729
71.18640
84.30126
97.35392
12.43824
25.57202
38.54868
50.98692
62.14515
64.65164
71.83603
84.66025
95.74123
100.38057
12.43824
22.77390
35.21214
39.58724
52.76864
64.60656
75.77251
85.98204
92.09692
98.51651
12.43824
24.87647
35.45882
48.71006
58.68147
72.02213
81.06868
84.36863
97.82201
109.87922
12.43824
16.14448
28.58271
40.86389
53.47900
64.64254
74.18232
87.43342
92.18670
92.20494
12.43824
24.87647
34.04443
39.60669
52.67507
61.18429
71.72452
84.09414
86.30660
92.84182
12.43824
25.41697
38.41786
47.10823
55.18538
68.69846
79.92901
89.92921
94.17894
102.44031
12.43824
25.61099
30.69427
43.70019
53.44388
66.17048
74.51433
78.80392
87.41510
91.51058
12.43824
24.87647
37.77468
50.95192
61.61624
69.77769
71.44058
82.53924
92.27502
94.35119
12.43824
21.36721
22.10546
34.54370
47.57972
56.28955
64.26369
76.64830
90.06096
92.81207
12.43824
24.87647
35.88858
48.86423
56.64371
69.56914
79.62512
90.65435
93.77089
97.33055
12.43824
25.11745
30.83283
34.22993
47.36578
59.80402
73.44912
84.89294
89.88432
91.84972
12.43824
24.87647
37.31471
51.03918
60.51867
74.33099
78.73808
91.32511
101.79724
114.06494
12.43824
24.87647
37.98232
51.61026
65.56028
70.11612
76.65853
89.80360
101.53723
104.68961
12.43824
18.69032
31.12856
44.29074
51.05186
64.18975
76.76102
79.75909
83.94442
96.97431
12.43824
24.87647
35.15855
45.20911
48.75023
58.61376
69.73854
79.39302
92.59711
102.48622
12.43824
25.47769
37.91592
49.30063
61.81008
74.84896
88.25227
95.24910
108.58427
109.36271
12.43824
25.36143
36.60392
47.54254
60.00604
65.51368
78.55670
91.89734
97.25271
101.33318
12.43824
24.87647
37.31471
50.17947
57.32477
71.05106
73.32474
82.81726
90.67421
100.64626
12.43824
23.90612
36.86120
46.98734
58.55049
70.98872
76.85333
78.08250
88.70363
100.94116
12.43824
24.87647
37.96689
47.95961
60.48246
72.40918
78.21895
84.00203
97.75460
106.48926
12.43824
24.53037
33.54615
45.98439
57.83692
60.69546
68.49957
74.63527
85.31785
85.51637
12.43824
25.07568
31.60030
44.03853
50.45197
59.82334
73.06237
80.17672
84.45272
90.12631
12.43824
24.87647
36.76791
42.83814
52.52165
65.05843
74.91330
86.49060
93.39571
104.88631
12.43824
23.42840
36.43767
38.27370
49.78575
61.58078
64.13980
66.60531
72.49778
85.44273
12.43824
24.87647
37.31865
49.75689
56.29419
63.10339
70.59991
80.19987
86.41417
89.86607
