12.43824
24.87647
37.31471
49.75295
60.24290
72.92164
85.35988
88.85118
94.24634
106.68457
12.43824
24.87647
37.31471
50.40572
62.84395
75.28219
87.00040
100.24848
109.02796
118.84902
12.43824
24.87647
37.31471
49.75295
56.05601
68.87464
81.39184
93.83007
103.69778
116.26269
12.43824
24.87647
37.31471
44.68832
56.56337
69.00160
80.00994
87.95227
100.67848
113.81489
12.43824
19.80392
32.24216
44.68040
57.11863
69.55687
77.14301
86.55180
95.86755
108.82465
12.43824
24.87647
37.31471
50.09406
61.02422
66.89276
79.33100
91.84117
102.27110
109.95009
12.43824
24.87647
37.31471
49.75295
55.20272
58.82084
71.31990
80.35476
81.27468
87.22499
12.43824
24.87647
37.31471
49.75295
62.19118
75.34976
85.95746
98.39570
110.90999
124.09347
12.43824
24.87647
32.12587
44.56410
55.03427
67.47251
74.04946
84.09722
96.53545
97.19449
12.43824
14.81955
27.96474
33.72934
46.16757
58.60581
71.57581
84.05929
96.49752
100.42450
12.43824
24.87647
37.31471
49.75295
49.98432
62.99531
75.99273
88.43097
91.56271
97.27163
12.43824
24.87647
35.78039
48.21863
61.12959
74.16855
86.60679
86.69715
99.56110
112.31536
12.43824
24.87647
37.31471
49.75295
62.93032
75.36856
87.50360
99.79926
102.72006
115.83603
12.43824
24.87647
27.65771
34.45540
46.89364
59.33187
72.51096
84.97160
94.44983
106.88806
12.43824
22.93029
35.36853
47.80676
60.24500
71.82837
75.80977
88.73481
97.21275
110.39403
12.43824
24.87647
32.23111
44.74936
54.15435
66.59259
77.40662
77.76430
90.20254
93.91817
12.43824
24.87647
37.31471
50.13199
62.57023
75.00847
87.44670
99.88494
106.66863
119.39204
12.43824
24.87647
37.59262
43.61973
55.65691
68.09514
81.06777
93.51137
106.67410
116.93335
12.43824
24.87647
37.31471
49.75295
62.19118
71.01048
83.86212
97.04443
109.57538
120.88594
12.43824
25.62400
38.27662
50.71486
63.15309
74.68563
87.12386
95.19778
106.20413
119.38247
12.43824
24.87647
38.06119
50.49943
63.60800
76.04623
76.67209
89.11033
95.05546
98.71020
12.43824
24.87647
31.40112
34.01833
46.45656
53.79519
66.23343
79.41676
91.85500
102.83205
12.43824
24.87647
37.31471
45.46158
58.57144
71.00968
83.44792
90.88739
104.00448
108.73247
12.43824
24.87647
37.31471
49.75295
53.88249
61.23306
73.90890
86.34713
98.87260
111.31084
12.43824
24.87647
37.31471
49.75295
62.19118
74.42417
86.86240
97.86975
98.13140
110.56963
12.43824
24.87647
37.31471
38.42410
50.86234
63.30057
75.41110
87.84934
100.44332
109.81218
12.43824
24.87647
37.31471
50.17068
62.60892
75.04715
80.87687
82.08628
94.90310
107.34134
12.43824
24.87647
37.31471
49.75295
51.63177
64.12220
74.98888
78.66334
91.84518
97.04404
12.43824
24.87647
37.31471
46.26450
58.70274
59.54925
72.07687
84.51511
93.19643
101.02614
12.43824
24.87647
37.31471
42.00502
50.40866
62.84690
75.28514
88.50301
92.69758
105.48553
12.43824
24.87647
37.31471
46.22796
58.66620
71.10443
83.67052
89.68275
102.70540
106.09635
12.43824
25.46040
37.89864
50.33687
62.77511
73.80789
82.80488
95.24312
108.42806
121.87712
12.43824
24.87647
37.31471
49.75295
62.19118
74.62942
87.06765
99.99257
112.85630
122.77393
12.43824
24.87647
32.30160
40.08682
52.52505
64.96329
75.44121
87.50772
87.80712
91.74280
12.43824
24.87647
38.00705
45.13211
58.26319
70.70143
73.26887
86.12466
97.14485
97.36800
12.43824
24.87647
37.31471
49.97280
62.41103
68.38514
80.36646
89.62495
101.92363
104.81328
12.43824
24.41161
36.84984
49.28808
55.58825
64.83852
77.27676
90.69914
93.11638
105.91897
12.43824
24.87647
37.31471
47.53979
59.97803
70.62884
83.06707
86.66938
98.65367
111.63209
12.43824
24.87647
37.31471
50.42108
62.85931
75.29755
82.43877
86.62796
91.70522
104.68135
12.43824
24.87647
37.31471
49.75295
61.14883
73.58707
75.54728
87.98552
100.96753
114.05315
12.43824
24.87647
37.31471
49.75295
61.11803
71.35226
83.79050
95.09246
95.81354
108.25178
12.43824
17.93952
30.37775
39.37244
51.81068
64.24891
67.86860
69.81920
80.80255
93.86840
12.43824
24.87647
37.31471
49.75295
62.19118
73.01645
85.45469
97.89292
100.30994
106.66123
12.43824
24.87647
37.31471
49.75295
63.67386
76.11210
78.78839
91.22663
97.70453
103.00935
12.43824
24.87647
38.03139
50.46962
62.90786
75.36336
76.56041
84.05648
90.00524
94.68114
12.43824
24.87647
38.06169
50.95864
63.39688
75.83511
76.97172
89.40995
102.10683
102.24841
12.43824
16.96424
23.30152
35.73975
39.98010
52.41833
65.51494
77.95317
78.12448
90.56272
12.43824
24.87647
37.31471
45.88045
58.31868
70.75692
76.79029
82.01103
95.12767
95.41489
12.43824
24.87647
25.46704
37.90528
50.67624
63.11448
65.45501
70.81458
74.05602
75.46341
12.43824
24.87647
37.31471
50.50172
58.43475
71.44892
82.65840
95.80147
98.09906
111.23650
12.43824
24.87647
33.82481
46.26305
58.70128
66.98366
79.42189
92.44564
105.32118
117.73594
12.43824
23.99589
36.43413
45.06811
57.99198
70.43022
82.86845
95.30669
106.61406
119.05230
12.43824
24.87647
37.94033
50.37856
52.18709
64.62532
77.06356
89.50180
90.52258
102.85909
12.43824
24.87647
37.31471
50.65330
63.09154
69.11206
75.93890
77.48134
89.91957
102.35781
12.43824
24.87647
37.31471
49.80663
62.24486
75.14238
76.36844
88.80668
91.21159
103.64983
12.43824
24.87647
37.31471
44.75943
45.23203
57.67026
66.15933
68.27486
73.27558
78.89869
12.43824
25.55275
37.99099
50.42922
62.86746
75.76136
88.19960
91.44565
104.13198
115.97951
12.43824
24.87647
37.31471
49.80761
62.98796
75.80068
88.23891
100.67715
113.11538
125.55362
12.43824
24.87647
32.47505
44.91328
48.64794
61.08618
71.68616
84.86500
86.22246
98.66070
12.43824
24.87647
37.99017
51.06430
63.50253
76.02444
88.46268
93.63519
93.96137
106.60059
12.43824
24.87647
37.31471
47.08137
59.51961
71.95784
84.39608
97.35102
104.54303
110.24420
12.43824
24.87647
37.31471
49.75295
62.52622
75.53663
87.97487
99.08417
109.64022
110.80851
12.43824
24.87647
37.31471
49.75295
60.43010
72.86833
84.84086
94.99039
107.42863
108.87438
12.43824
24.87647
37.31471
49.75295
55.09778
60.55000
70.20093
82.63916
90.05904
103.88422
12.43824
24.87647
37.31471
49.75295
62.82232
75.26055
82.76855
86.64618
98.20054
110.63877
12.43824
24.87647
37.31471
49.75295
62.66666
75.10490
87.93495
99.46147
110.61148
115.14592
12.43824
24.87647
37.31471
44.48829
56.92652
70.06824
83.07859
95.51683
108.88232
121.32056
12.43824
24.87647
37.31471
49.75295
62.52090
75.39310
87.83134
93.65919
101.81608
114.33280
12.43824
25.60558
38.04381
50.99739
63.43562
74.24592
76.05360
88.49184
100.93007
114.09386
12.43824
24.87647
37.31471
49.75295
60.56598
73.00422
86.18178
99.63064
112.06888
121.41853
12.43824
24.87647
38.06340
50.50164
62.62453
64.65840
77.09664
89.08918
102.23305
115.32444
12.43824
24.87647
31.02428
43.46251
55.90075
68.92770
81.38676
93.03403
106.21565
118.65389
12.43824
24.87647
37.31471
46.19446
58.63269
71.07093
83.95774
97.02234
105.28655
118.37341
12.43824
23.47966
35.91790
48.35614
60.79437
73.23261
84.33818
97.38590
98.33615
108.53061
12.43824
24.87647
37.31471
49.75295
60.14844
73.20642
73.38435
86.56618
99.00441
106.50493
12.43824
24.87647
37.31471
49.75295
62.20983
68.83828
81.62389
94.06213
106.62205
119.35555
12.43824
24.87647
37.31471
45.07133
57.50957
59.07141
71.72982
84.16805
96.90825
103.06523
12.43824
24.87647
37.38843
49.82667
56.44504
68.88327
81.32151
94.62183
107.06007
119.99191
12.43824
15.87452
28.31276
40.75099
53.18923
65.62747
78.32286
90.76109
96.17188
96.36210
12.43824
24.87647
37.80655
48.26668
60.70492
73.89057
86.97001
99.40825
107.27555
120.56985
12.43824
24.87647
37.31471
50.35213
62.07888
74.51712
86.95535
99.54739
113.34965
123.71758
12.43824
24.87647
33.10544
45.54368
48.99297
61.43121
74.58482
85.64597
98.73696
104.02934
12.43824
24.87647
37.31471
49.75295
62.43319
63.42340
67.24595
76.75038
89.18862
89.26162
12.43824
18.93082
20.56216
33.00040
45.43863
58.46804
70.11196
82.55019
94.98843
103.67466
12.43824
24.87647
37.97099
50.40923
62.92459
75.36282
87.80106
100.23929
110.96532
123.60219
12.43824
24.87647
35.17153
41.35258
53.79082
66.22905
78.66729
88.28620
101.34763
113.18467
12.43824
24.87647
37.31471
49.75295
52.72302
65.16125
76.50909
88.94733
92.72986
105.38236
12.43824
24.87647
38.06252
50.50076
62.93899
65.09216
77.58157
90.56241
103.00064
111.85916
12.43824
24.78537
37.22360
49.66184
62.53169
74.96993
87.40816
91.21773
91.39151
103.82974
12.43824
24.87647
37.31471
50.31270
55.78953
58.07504
70.55778
82.99601
95.43425
104.06762
12.43824
24.87647
37.31471
49.75662
62.19486
74.63309
78.95936
91.99070
104.42894
109.40461
12.43824
24.87647
37.31471
50.40236
62.84059
76.38910
88.82734
101.26557
102.72647
109.66974
12.43824
24.87647
37.31471
49.75295
62.85964
75.29788
77.69324
90.55747
93.43963
105.87787
12.43824
25.33126
37.76950
45.82008
58.97865
71.41689
78.73307
79.13862
91.57685
104.01509
12.43824
24.87647
37.31471
50.18568
62.62392
75.06215
77.13840
88.41491
100.85315
113.66354
12.43824
24.87647
38.06133
50.49957
62.93780
76.22796
89.24810
95.11256
108.17480
110.21497
12.43824
24.87647
30.83271
43.27095
55.78754
67.38314
79.82138
87.50949
100.12109
110.56015
12.43824
24.87647
37.31471
45.37518
58.49421
70.93245
81.55387
93.99211
105.55256
117.99079
12.43824
24.87647
37.31471
49.12728
61.56551
74.00375
84.48152
95.69020
108.12844
120.56668
12.43824
24.87647
37.31471
49.75295
62.08270
74.26050
87.32252
89.33589
93.14215
100.11343
